2.6979e-03
1.1361e-03
0.0000e+00
5.1975e-05
1.9073e-06
0.0000e+00
2.5988e-05
2.2888e-05
0.0000e+00
2.3127e-05
2.4080e-05
8.8215e-06
9.5367e-07
7.8678e-06
0.0000e+00
2.4796e-05
2.6941e-05
0.0000e+00
2.2888e-05
2.5034e-05
1.0760e-03
9.5367e-07
2.8610e-06
0.0000e+00
2.6226e-05
0.0000e+00
0.0000e+00
3.5048e-05
9.5367e-07
2.3127e-05
0.0000e+00
9.5367e-07
0.0000e+00
3.0041e-05
9.5367e-07
0.0000e+00
2.2173e-05
9.5367e-07
0.0000e+00
2.2173e-05
9.5367e-07
0.0000e+00
2.1935e-05
3.0994e-06
0.0000e+00
2.1935e-05
9.5367e-07
0.0000e+00
2.5034e-05
1.5974e-05
0.0000e+00
3.0994e-05
1.4400e-04
2.8610e-06
0.0000e+00
5.5790e-05
9.6083e-05
0.0000e+00
0.0000e+00
0.0000e+00
2.2888e-05
0.0000e+00
0.0000e+00
2.1935e-05
9.5367e-07
0.0000e+00
2.1935e-05
0.0000e+00
0.0000e+00
2.1935e-05
1.4067e-05
0.0000e+00
2.1935e-05
2.3127e-05
0.0000e+00
2.1935e-05
9.5367e-07
0.0000e+00
2.3127e-05
4.0531e-06
1.9073e-06
0.0000e+00
9.1076e-05
2.3127e-05
0.0000e+00
1.0014e-05
1.1921e-05
0.0000e+00
1.0014e-05
8.1062e-05
0.0000e+00
0.0000e+00
1.9073e-06
0.0000e+00
0.0000e+00
0.0000e+00
2.2888e-05
9.5367e-07
0.0000e+00
2.1935e-05
5.0068e-06
0.0000e+00
2.3127e-05
1.9073e-06
0.0000e+00
2.2888e-05
9.5367e-07
0.0000e+00
3.0994e-05
6.1989e-05
0.0000e+00
2.2888e-05
1.0514e-04
1.9073e-06
0.0000e+00
1.8835e-05
0.0000e+00
2.1935e-05
4.6968e-05
0.0000e+00
2.2173e-05
9.5367e-07
0.0000e+00
2.1935e-05
9.5367e-07
9.5367e-07
0.0000e+00
9.5367e-07
0.0000e+00
2.0981e-05
9.5367e-07
0.0000e+00
2.0981e-05
2.1458e-06
0.0000e+00
2.2888e-05
1.1921e-06
0.0000e+00
2.0981e-05
9.5367e-07
0.0000e+00
2.1935e-05
9.5367e-07
0.0000e+00
2.1935e-05
9.5367e-07
0.0000e+00
2.1219e-05
9.5367e-07
0.0000e+00
2.1935e-05
9.5367e-07
2.3079e-04
9.5367e-07
9.5367e-07
0.0000e+00
2.1935e-05
9.5367e-07
0.0000e+00
2.3127e-05
9.5367e-07
0.0000e+00
2.5034e-05
9.5367e-07
0.0000e+00
2.2173e-05
9.5367e-07
0.0000e+00
2.1935e-05
1.1921e-06
0.0000e+00
2.0981e-05
4.0531e-06
0.0000e+00
2.1935e-05
2.8610e-06
0.0000e+00
2.0981e-05
1.9073e-06
0.0000e+00
3.8147e-05
2.1458e-06
0.0000e+00
2.2888e-05
4.7684e-06
0.0000e+00
2.2173e-05
1.9073e-06
2.7990e-04
9.5367e-07
9.5367e-07
0.0000e+00
2.2173e-05
0.0000e+00
0.0000e+00
2.0981e-05
1.1921e-06
0.0000e+00
2.0981e-05
0.0000e+00
0.0000e+00
2.1935e-05
0.0000e+00
0.0000e+00
2.1935e-05
1.1921e-06
0.0000e+00
2.1935e-05
9.5367e-07
0.0000e+00
2.2173e-05
9.5367e-07
0.0000e+00
2.3127e-05
0.0000e+00
0.0000e+00
2.0981e-05
9.5367e-07
0.0000e+00
2.2888e-05
1.1921e-06
0.0000e+00
2.0981e-05
0.0000e+00
0.0000e+00
2.3127e-05
9.5367e-07
0.0000e+00
3.0041e-05
3.0994e-06
9.1195e-04
0.0000e+00
9.5367e-07
0.0000e+00
2.2888e-05
0.0000e+00
0.0000e+00
2.2173e-05
2.7895e-05
0.0000e+00
2.1219e-05
1.9073e-06
0.0000e+00
2.5988e-05
9.5367e-07
1.9073e-06
0.0000e+00
8.8215e-06
5.9605e-06
9.5367e-07
2.0981e-05
0.0000e+00
2.2173e-05
9.5367e-07
0.0000e+00
3.0994e-05
9.5367e-07
0.0000e+00
2.1935e-05
9.5367e-07
0.0000e+00
2.0981e-05
1.1921e-06
0.0000e+00
2.1935e-05
2.1410e-04
1.9073e-06
0.0000e+00
1.8120e-05
0.0000e+00
2.1935e-05
1.1921e-06
5.0068e-06
9.5367e-07
9.5367e-07
0.0000e+00
2.1935e-05
5.0068e-06
2.1935e-05
0.0000e+00
0.0000e+00
0.0000e+00
2.8133e-05
1.0610e-04
0.0000e+00
2.2888e-05
1.1921e-06
0.0000e+00
2.1935e-05
9.5367e-07
4.0531e-06
0.0000e+00
2.3127e-05
0.0000e+00
3.4094e-05
9.5367e-07
0.0000e+00
2.1935e-05
9.5367e-07
0.0000e+00
2.0981e-05
1.2898e-04
0.0000e+00
2.0981e-05
9.0599e-06
2.1458e-06
0.0000e+00
3.0041e-05
0.0000e+00
3.0041e-05
9.5367e-07
0.0000e+00
2.2173e-05
2.8610e-06
0.0000e+00
2.2173e-05
9.5367e-07
0.0000e+00
2.1935e-05
1.9073e-06
0.0000e+00
2.0981e-05
1.1921e-06
0.0000e+00
2.0981e-05
3.0994e-06
0.0000e+00
2.0981e-05
9.5367e-07
7.7009e-05
0.0000e+00
9.5367e-07
0.0000e+00
3.2902e-05
1.1921e-06
1.5497e-04
0.0000e+00
9.5367e-07
2.1458e-06
9.5367e-07
9.5367e-07
0.0000e+00
2.3127e-05
9.5367e-07
0.0000e+00
2.0981e-05
9.5367e-07
1.6117e-04
0.0000e+00
0.0000e+00
0.0000e+00
2.3127e-05
9.5367e-07
1.9073e-06
0.0000e+00
1.1921e-06
0.0000e+00
2.1935e-05
9.5367e-07
0.0000e+00
2.2173e-05
1.1921e-06
0.0000e+00
2.2888e-05
9.5367e-07
0.0000e+00
2.0981e-05
9.5367e-07
0.0000e+00
2.1935e-05
0.0000e+00
0.0000e+00
2.0981e-05
1.3113e-04
0.0000e+00
2.2888e-05
1.1206e-05
0.0000e+00
2.1935e-05
9.5367e-07
0.0000e+00
2.0981e-05
9.5367e-07
0.0000e+00
2.7895e-05
9.5367e-07
0.0000e+00
2.1935e-05
1.1921e-06
2.5988e-05
0.0000e+00
0.0000e+00
0.0000e+00
2.2173e-05
9.5367e-07
0.0000e+00
2.1935e-05
9.5367e-07
0.0000e+00
2.2173e-05
9.5367e-07
2.6488e-04
0.0000e+00
0.0000e+00
1.9073e-06
0.0000e+00
1.1921e-06
1.0586e-04
0.0000e+00
1.1921e-06
0.0000e+00
2.1935e-05
0.0000e+00
0.0000e+00
3.0041e-05
9.5367e-07
0.0000e+00
2.1935e-05
9.5367e-07
0.0000e+00
2.1935e-05
1.1921e-06
0.0000e+00
2.0981e-05
9.5367e-07
0.0000e+00
2.0981e-05
1.1921e-06
0.0000e+00
2.0981e-05
9.5367e-07
0.0000e+00
2.2173e-05
9.5367e-07
0.0000e+00
2.1935e-05
9.5367e-07
0.0000e+00
2.2888e-05
4.0531e-06
1.3089e-04
0.0000e+00
0.0000e+00
0.0000e+00
2.1935e-05
9.5367e-07
0.0000e+00
2.2173e-05
0.0000e+00
0.0000e+00
2.1935e-05
1.1921e-06
0.0000e+00
2.0981e-05
0.0000e+00
0.0000e+00
2.1935e-05
1.0705e-04
1.6212e-05
9.5367e-07
5.0068e-06
0.0000e+00
2.8849e-05
9.5367e-07
0.0000e+00
2.1935e-05
1.8096e-04
0.0000e+00
2.1935e-05
9.5367e-07
0.0000e+00
2.1219e-05
9.5367e-07
7.3910e-05
0.0000e+00
0.0000e+00
9.5367e-07
0.0000e+00
9.5367e-07
0.0000e+00
2.3127e-05
9.5367e-07
0.0000e+00
2.0981e-05
9.1076e-05
0.0000e+00
2.0981e-05
9.5367e-07
0.0000e+00
2.3127e-05
9.5367e-07
8.2970e-05
0.0000e+00
1.1921e-06
0.0000e+00
2.1935e-05
0.0000e+00
0.0000e+00
2.0981e-05
0.0000e+00
5.1975e-05
0.0000e+00
0.0000e+00
0.0000e+00
2.2173e-05
9.5367e-07
0.0000e+00
2.0981e-05
0.0000e+00
0.0000e+00
2.1219e-05
0.0000e+00
0.0000e+00
2.7895e-05
1.1921e-06
0.0000e+00
2.2888e-05
9.5367e-07
0.0000e+00
2.1935e-05
9.5367e-07
0.0000e+00
2.1935e-05
1.1921e-06
1.1992e-04
0.0000e+00
0.0000e+00
1.1921e-06
0.0000e+00
0.0000e+00
0.0000e+00
2.2173e-05
1.1921e-06
0.0000e+00
2.4080e-05
9.5367e-07
0.0000e+00
2.0981e-05
1.1921e-06
0.0000e+00
2.9802e-05
3.8147e-06
4.0531e-06
0.0000e+00
1.1921e-06
0.0000e+00
2.1935e-05
9.5367e-07
0.0000e+00
2.1935e-05
5.9605e-06
0.0000e+00
2.1935e-05
9.5367e-07
0.0000e+00
2.1935e-05
0.0000e+00
1.1921e-06
0.0000e+00
1.6928e-05
0.0000e+00
2.3127e-05
9.5367e-07
0.0000e+00
2.1935e-05
3.8147e-06
0.0000e+00
2.2888e-05
9.5367e-07
0.0000e+00
2.2173e-05
9.5367e-07
0.0000e+00
2.0981e-05
1.1921e-06
0.0000e+00
2.1935e-05
9.5367e-07
0.0000e+00
2.1935e-05
3.5787e-04
0.0000e+00
2.1935e-05
3.8147e-06
0.0000e+00
2.1935e-05
9.5367e-07
0.0000e+00
2.6941e-05
1.1921e-06
2.4605e-04
0.0000e+00
0.0000e+00
0.0000e+00
2.3127e-05
0.0000e+00
0.0000e+00
2.0981e-05
9.5367e-07
3.8147e-05
0.0000e+00
0.0000e+00
0.0000e+00
2.2173e-05
0.0000e+00
0.0000e+00
2.0981e-05
0.0000e+00
0.0000e+00
2.2173e-05
9.5367e-07
0.0000e+00
2.4080e-05
9.5367e-07
2.8610e-06
0.0000e+00
9.5367e-07
0.0000e+00
2.3127e-05
2.0027e-05
1.9073e-06
0.0000e+00
9.5367e-07
1.7309e-04
0.0000e+00
0.0000e+00
0.0000e+00
2.3127e-05
9.5367e-07
0.0000e+00
2.1935e-05
0.0000e+00
1.0705e-04
0.0000e+00
0.0000e+00
0.0000e+00
2.2888e-05
9.5367e-07
0.0000e+00
2.2173e-05
0.0000e+00
2.1935e-05
1.1921e-06
9.5367e-07
0.0000e+00
3.0041e-05
9.5367e-07
0.0000e+00
2.1935e-05
1.1921e-06
1.9073e-06
9.5367e-07
2.1935e-05
0.0000e+00
2.2888e-05
9.5367e-07
1.2517e-04
9.5367e-07
9.5367e-07
0.0000e+00
2.0981e-05
0.0000e+00
0.0000e+00
2.0981e-05
0.0000e+00
0.0000e+00
2.0981e-05
0.0000e+00
0.0000e+00
2.1935e-05
9.5367e-07
0.0000e+00
2.2888e-05
3.0994e-06
1.9073e-06
0.0000e+00
0.0000e+00
0.0000e+00
2.1219e-05
2.8610e-06
0.0000e+00
2.0981e-05
2.3985e-04
0.0000e+00
2.0981e-05
4.6015e-05
1.9073e-06
1.1921e-06
1.8835e-05
0.0000e+00
2.2173e-05
9.5367e-07
0.0000e+00
2.1935e-05
9.5367e-07
0.0000e+00
2.9802e-05
9.5367e-07
6.3896e-05
0.0000e+00
0.0000e+00
0.0000e+00
2.3127e-05
1.1921e-06
5.8889e-05
9.5367e-07
9.5367e-07
0.0000e+00
2.3127e-05
9.5367e-07
6.2943e-05
9.5367e-07
9.5367e-07
0.0000e+00
2.2173e-05
0.0000e+00
0.0000e+00
2.0981e-05
9.5367e-07
0.0000e+00
2.2173e-05
9.5367e-07
7.1049e-05
0.0000e+00
0.0000e+00
0.0000e+00
3.0041e-05
1.1921e-06
0.0000e+00
2.1935e-05
9.5367e-07
2.1458e-06
9.5367e-07
9.5367e-07
0.0000e+00
2.2888e-05
1.4710e-04
0.0000e+00
2.1935e-05
1.1921e-06
2.1935e-05
9.5367e-07
9.5367e-07
0.0000e+00
2.2173e-05
9.5367e-07
8.7976e-05
0.0000e+00
0.0000e+00
0.0000e+00
2.3127e-05
9.5367e-07
0.0000e+00
2.9087e-05
9.5367e-07
0.0000e+00
2.1935e-05
1.9073e-06
0.0000e+00
2.0981e-05
2.1458e-06
0.0000e+00
2.0981e-05
9.5367e-07
0.0000e+00
2.2173e-05
6.3896e-05
0.0000e+00
2.1219e-05
1.1921e-05
0.0000e+00
2.5034e-05
9.5367e-07
0.0000e+00
2.1219e-05
1.9073e-06
6.4135e-05
0.0000e+00
9.5367e-07
1.0967e-05
0.0000e+00
0.0000e+00
0.0000e+00
2.2888e-05
9.5367e-07
2.1458e-06
9.5367e-07
9.5367e-07
2.8396e-04
0.0000e+00
9.5367e-07
0.0000e+00
2.2173e-05
3.1948e-05
0.0000e+00
2.0981e-05
9.5367e-07
2.7895e-05
0.0000e+00
1.1921e-06
0.0000e+00
2.1935e-05
9.5367e-07
0.0000e+00
2.0981e-05
1.1921e-06
0.0000e+00
2.7895e-05
1.1921e-06
0.0000e+00
2.0981e-05
9.5367e-07
0.0000e+00
2.2173e-05
9.5367e-07
0.0000e+00
2.0981e-05
9.5367e-07
1.4615e-04
9.5367e-07
9.5367e-07
0.0000e+00
2.1935e-05
4.9114e-05
0.0000e+00
2.1935e-05
5.9605e-06
0.0000e+00
2.0981e-05
3.0041e-05
3.6001e-05
9.5367e-07
1.1921e-06
0.0000e+00
2.2888e-05
9.5367e-07
0.0000e+00
2.0981e-05
2.8610e-06
9.5367e-07
0.0000e+00
0.0000e+00
0.0000e+00
2.2173e-05
1.9073e-06
0.0000e+00
2.1935e-05
9.5367e-07
9.0837e-05
0.0000e+00
9.5367e-07
1.9073e-06
0.0000e+00
1.1921e-06
0.0000e+00
2.1935e-05
0.0000e+00
0.0000e+00
2.2173e-05
9.5367e-07
0.0000e+00
2.3127e-05
9.5367e-07
0.0000e+00
2.1935e-05
2.1458e-06
0.0000e+00
2.1935e-05
9.5367e-07
0.0000e+00
2.0981e-05
6.0010e-04
0.0000e+00
2.1935e-05
1.1921e-06
0.0000e+00
2.1935e-05
8.1062e-06
0.0000e+00
2.0981e-05
9.5367e-07
0.0000e+00
3.6001e-05
9.5367e-07
1.9073e-06
0.0000e+00
1.3828e-05
9.5367e-07
0.0000e+00
1.9073e-05
0.0000e+00
2.1935e-05
9.5367e-07
0.0000e+00
2.0981e-05
9.5367e-07
0.0000e+00
2.1935e-05
0.0000e+00
0.0000e+00
2.1935e-05
9.5367e-07
0.0000e+00
2.0981e-05
9.5367e-07
0.0000e+00
2.1935e-05
9.5367e-07
0.0000e+00
2.2888e-05
9.5367e-07
0.0000e+00
2.0981e-05
1.1921e-06
0.0000e+00
2.1935e-05
9.5367e-07
0.0000e+00
2.1219e-05
2.1982e-04
0.0000e+00
2.0981e-05
9.5367e-07
0.0000e+00
2.1935e-05
1.1921e-06
0.0000e+00
2.0981e-05
9.5367e-07
0.0000e+00
2.8133e-05
9.5367e-07
0.0000e+00
2.4080e-05
9.5367e-07
0.0000e+00
2.0981e-05
9.5367e-07
0.0000e+00
2.1935e-05
9.5367e-07
3.5787e-04
0.0000e+00
0.0000e+00
0.0000e+00
2.1935e-05
0.0000e+00
0.0000e+00
2.2173e-05
9.5367e-07
0.0000e+00
2.1935e-05
3.5048e-05
0.0000e+00
2.9087e-05
9.5367e-07
0.0000e+00
2.2173e-05
9.5367e-07
0.0000e+00
2.2888e-05
1.1921e-06
0.0000e+00
2.0981e-05
7.0095e-05
0.0000e+00
2.1935e-05
9.5367e-07
6.5088e-05
0.0000e+00
0.0000e+00
0.0000e+00
2.2173e-05
9.5367e-07
0.0000e+00
2.0981e-05
9.5367e-07
0.0000e+00
2.2173e-05
9.5367e-07
0.0000e+00
2.3127e-05
9.5367e-07
0.0000e+00
2.5034e-05
1.9073e-06
0.0000e+00
2.1935e-05
9.5367e-07
0.0000e+00
2.0981e-05
2.8610e-06
0.0000e+00
2.2173e-05
9.5367e-07
0.0000e+00
2.1935e-05
3.0994e-06
1.9073e-06
0.0000e+00
1.1921e-06
0.0000e+00
2.1935e-05
3.0994e-06
0.0000e+00
2.3127e-05
9.5367e-07
1.9073e-06
0.0000e+00
0.0000e+00
0.0000e+00
2.1935e-05
1.1921e-06
0.0000e+00
2.1935e-05
1.1921e-05
0.0000e+00
2.2173e-05
3.0684e-04
0.0000e+00
2.0981e-05
5.9605e-06
0.0000e+00
2.0981e-05
8.2970e-05
0.0000e+00
2.1935e-05
1.1921e-06
0.0000e+00
2.2888e-05
1.0967e-05
0.0000e+00
2.1935e-05
9.5367e-07
1.9073e-06
0.0000e+00
1.6928e-05
0.0000e+00
2.1935e-05
5.0068e-05
0.0000e+00
2.5034e-05
9.5367e-07
0.0000e+00
2.1935e-05
7.8678e-06
0.0000e+00
2.0981e-05
7.8678e-06
0.0000e+00
2.0981e-05
2.1458e-06
0.0000e+00
2.2888e-05
9.5367e-07
0.0000e+00
2.3127e-05
9.5367e-07
2.1458e-06
0.0000e+00
9.5367e-07
0.0000e+00
2.1935e-05
1.1921e-06
0.0000e+00
2.0981e-05
9.5367e-07
3.1304e-04
9.5367e-07
9.5367e-07
0.0000e+00
2.1935e-05
9.5367e-07
0.0000e+00
2.0981e-05
0.0000e+00
0.0000e+00
3.2902e-05
1.9073e-06
0.0000e+00
2.2173e-05
0.0000e+00
0.0000e+00
2.1935e-05
0.0000e+00
0.0000e+00
2.0981e-05
9.5367e-07
0.0000e+00
2.1935e-05
0.0000e+00
0.0000e+00
2.0981e-05
0.0000e+00
0.0000e+00
2.2173e-05
9.5367e-07
3.9816e-05
1.1921e-06
9.5367e-07
0.0000e+00
3.0041e-05
9.5367e-07
0.0000e+00
2.1935e-05
2.3699e-04
0.0000e+00
3.8862e-05
1.9073e-06
0.0000e+00
3.7909e-05
1.9073e-06
0.0000e+00
3.6955e-05
5.0068e-06
0.0000e+00
3.6955e-05
1.9073e-06
0.0000e+00
3.8862e-05
2.1458e-06
0.0000e+00
3.9101e-05
3.0994e-06
3.0994e-06
9.5367e-07
9.5367e-07
0.0000e+00
3.8862e-05
1.9073e-06
0.0000e+00
3.6955e-05
4.0531e-06
0.0000e+00
3.7909e-05
1.1921e-06
0.0000e+00
3.6001e-05
3.0994e-05
0.0000e+00
3.6001e-05
2.1458e-06
0.0000e+00
3.7909e-05
4.0531e-06
3.0994e-06
0.0000e+00
2.1458e-06
0.0000e+00
4.6015e-05
1.9073e-06
0.0000e+00
4.2200e-05
9.5367e-07
4.1962e-05
0.0000e+00
2.1458e-06
4.0531e-06
9.5367e-07
9.5367e-07
0.0000e+00
3.8147e-05
1.9073e-06
0.0000e+00
3.7193e-05
2.1458e-06
0.0000e+00
3.6001e-05
2.1458e-06
0.0000e+00
3.6001e-05
1.9073e-06
3.0994e-06
0.0000e+00
2.1458e-06
0.0000e+00
3.6955e-05
1.9073e-06
0.0000e+00
3.8147e-05
2.0981e-05
0.0000e+00
3.7909e-05
1.9073e-06
0.0000e+00
3.8147e-05
1.1921e-06
0.0000e+00
3.6955e-05
2.1458e-06
3.6001e-05
9.5367e-07
9.5367e-07
0.0000e+00
3.7909e-05
1.9073e-06
4.1008e-05
9.5367e-07
9.5367e-07
0.0000e+00
3.8147e-05
9.5367e-07
0.0000e+00
4.6015e-05
9.5367e-07
0.0000e+00
3.7193e-05
9.5367e-07
0.0000e+00
3.6955e-05
1.1921e-06
0.0000e+00
3.7909e-05
1.9073e-06
0.0000e+00
3.6955e-05
3.8147e-06
0.0000e+00
3.7909e-05
1.9073e-06
0.0000e+00
3.6001e-05
2.8610e-06
0.0000e+00
3.6955e-05
2.8610e-06
0.0000e+00
3.7909e-05
1.9073e-06
2.8610e-06
0.0000e+00
9.5367e-07
0.0000e+00
3.7909e-05
2.1458e-06
0.0000e+00
3.6955e-05
3.0994e-06
0.0000e+00
3.6955e-05
2.1458e-06
1.9073e-06
1.1921e-06
9.5367e-07
0.0000e+00
3.6001e-05
1.9073e-06
0.0000e+00
3.8147e-05
9.5367e-07
0.0000e+00
4.7207e-05
2.1458e-06
0.0000e+00
3.6955e-05
9.5367e-07
0.0000e+00
3.6955e-05
1.9073e-06
0.0000e+00
3.7193e-05
2.8610e-06
3.0994e-06
0.0000e+00
2.1458e-06
0.0000e+00
3.7909e-05
1.9073e-06
1.9073e-06
0.0000e+00
2.1458e-06
0.0000e+00
3.6955e-05
1.9073e-06
0.0000e+00
3.6955e-05
1.9073e-06
0.0000e+00
4.0054e-05
1.9073e-06
0.0000e+00
3.6001e-05
1.9073e-06
0.0000e+00
3.6955e-05
1.9073e-06
0.0000e+00
3.6955e-05
2.1458e-06
0.0000e+00
3.6955e-05
2.1458e-06
0.0000e+00
3.7909e-05
1.1921e-06
0.0000e+00
3.6955e-05
2.0027e-05
0.0000e+00
4.9114e-05
1.9073e-06
0.0000e+00
3.8147e-05
1.9073e-06
0.0000e+00
3.6955e-05
1.9073e-06
0.0000e+00
3.6955e-05
1.9073e-06
0.0000e+00
3.6955e-05
2.1458e-06
0.0000e+00
3.6955e-05
1.1921e-06
0.0000e+00
3.6001e-05
1.9073e-06
1.9073e-06
0.0000e+00
1.1921e-06
0.0000e+00
4.6015e-05
1.9073e-06
3.0994e-06
0.0000e+00
9.5367e-07
0.0000e+00
3.6001e-05
9.5367e-07
0.0000e+00
3.7909e-05
2.1458e-06
0.0000e+00
3.6955e-05
1.9073e-06
0.0000e+00
3.6955e-05
9.5367e-07
0.0000e+00
3.6001e-05
2.1458e-06
0.0000e+00
3.6955e-05
1.9073e-06
0.0000e+00
5.0068e-05
1.9073e-06
0.0000e+00
3.8147e-05
9.5367e-07
3.0994e-06
0.0000e+00
9.5367e-07
3.7193e-05
0.0000e+00
1.9073e-06
0.0000e+00
3.7193e-05
9.5367e-07
0.0000e+00
3.5048e-05
9.5367e-07
0.0000e+00
3.8147e-05
9.5367e-07
0.0000e+00
3.7193e-05
9.5367e-07
0.0000e+00
3.6955e-05
2.1458e-06
3.0994e-06
9.7752e-06
3.8147e-06
0.0000e+00
3.8862e-05
2.1458e-06
0.0000e+00
3.7909e-05
1.1921e-06
0.0000e+00
3.6955e-05
2.1458e-06
0.0000e+00
3.6955e-05
1.9073e-06
2.7180e-05
0.0000e+00
9.5367e-07
2.1458e-06
0.0000e+00
9.5367e-07
7.5102e-05
0.0000e+00
9.5367e-07
0.0000e+00
3.6955e-05
9.5367e-07
0.0000e+00
4.6968e-05
9.5367e-07
0.0000e+00
3.9101e-05
9.5367e-07
0.0000e+00
3.6955e-05
1.9073e-06
0.0000e+00
3.9101e-05
1.9073e-06
0.0000e+00
3.8147e-05
1.9073e-06
0.0000e+00
3.8147e-05
2.1458e-06
2.8610e-06
0.0000e+00
9.5367e-07
0.0000e+00
3.6955e-05
1.1921e-06
0.0000e+00
3.6001e-05
1.9073e-06
0.0000e+00
3.8147e-05
1.9073e-06
0.0000e+00
3.6001e-05
2.1458e-06
0.0000e+00
3.6955e-05
1.9073e-06
0.0000e+00
3.7193e-05
1.9073e-06
0.0000e+00
3.6955e-05
2.1458e-06
1.0800e-04
9.5367e-07
9.5367e-07
0.0000e+00
3.6955e-05
9.5367e-07
0.0000e+00
3.7193e-05
2.1458e-06
0.0000e+00
3.7909e-05
1.1921e-06
0.0000e+00
3.6955e-05
9.5367e-07
3.0994e-06
0.0000e+00
9.5367e-07
2.5034e-05
1.1921e-06
1.1921e-06
0.0000e+00
3.6955e-05
9.5367e-07
0.0000e+00
3.8147e-05
9.5367e-07
0.0000e+00
3.6955e-05
9.5367e-07
0.0000e+00
3.9101e-05
1.9073e-06
0.0000e+00
4.8161e-05
9.5367e-07
0.0000e+00
3.6955e-05
2.1458e-06
0.0000e+00
3.7909e-05
1.1921e-06
0.0000e+00
3.6955e-05
2.1458e-06
0.0000e+00
3.7909e-05
1.9073e-06
0.0000e+00
3.8147e-05
1.9073e-06
0.0000e+00
3.6955e-05
2.1458e-06
0.0000e+00
3.7909e-05
2.1458e-06
0.0000e+00
4.5061e-05
1.9073e-06
0.0000e+00
3.6001e-05
1.9073e-06
0.0000e+00
3.6001e-05
9.5367e-07
0.0000e+00
3.7909e-05
1.9073e-06
0.0000e+00
3.6001e-05
2.1458e-06
0.0000e+00
3.9101e-05
2.1458e-06
0.0000e+00
3.7909e-05
2.1458e-06
0.0000e+00
3.6955e-05
9.5367e-07
3.0994e-06
9.5367e-07
9.5367e-07
0.0000e+00
3.9101e-05
2.8610e-06
0.0000e+00
3.6955e-05
2.1458e-06
0.0000e+00
3.6955e-05
2.1458e-06
0.0000e+00
3.6001e-05
9.5367e-07
0.0000e+00
3.6001e-05
2.1458e-06
0.0000e+00
3.6955e-05
9.5367e-07
0.0000e+00
3.6955e-05
1.9073e-06
0.0000e+00
3.7909e-05
1.9073e-06
0.0000e+00
3.6955e-05
2.1458e-06
0.0000e+00
3.6955e-05
1.9073e-06
0.0000e+00
3.7909e-05
1.9073e-06
0.0000e+00
3.6955e-05
1.9073e-06
3.0994e-06
0.0000e+00
9.5367e-07
4.0531e-06
9.5367e-07
2.1458e-06
1.9073e-06
9.5367e-07
1.7166e-05
0.0000e+00
3.6001e-05
1.9073e-06
0.0000e+00
3.9101e-05
1.9073e-06
0.0000e+00
3.7193e-05
1.9073e-06
0.0000e+00
4.0054e-05
2.1458e-06
2.1935e-05
9.5367e-07
9.5367e-07
0.0000e+00
3.6955e-05
9.5367e-07
0.0000e+00
3.6001e-05
1.1921e-06
0.0000e+00
3.6955e-05
9.5367e-07
0.0000e+00
3.6001e-05
9.5367e-07
4.0531e-06
1.0014e-05
2.1458e-06
0.0000e+00
3.6955e-05
1.9073e-06
0.0000e+00
3.8147e-05
1.9073e-06
0.0000e+00
3.6001e-05
2.1458e-06
5.7936e-05
0.0000e+00
1.1921e-06
0.0000e+00
3.6955e-05
9.5367e-07
0.0000e+00
3.6001e-05
2.1458e-06
0.0000e+00
3.6001e-05
9.5367e-07
0.0000e+00
3.6955e-05
4.0531e-06
0.0000e+00
3.8147e-05
2.1458e-06
0.0000e+00
3.6955e-05
2.1458e-06
1.9073e-06
0.0000e+00
2.1458e-06
0.0000e+00
3.6955e-05
2.1458e-06
0.0000e+00
3.7909e-05
9.5367e-07
0.0000e+00
3.6001e-05
9.5367e-07
0.0000e+00
3.6001e-05
9.5367e-07
2.1458e-06
9.5367e-07
9.5367e-07
0.0000e+00
3.3140e-05
1.9073e-06
0.0000e+00
2.2173e-05
9.5367e-07
0.0000e+00
2.0981e-05
9.5367e-07
0.0000e+00
2.0981e-05
9.5367e-07
0.0000e+00
2.1935e-05
9.5367e-07
0.0000e+00
2.2173e-05
0.0000e+00
0.0000e+00
2.1935e-05
9.5367e-07
0.0000e+00
2.0981e-05
9.5367e-07
0.0000e+00
2.4080e-05
9.5367e-07
0.0000e+00
2.1935e-05
2.9802e-04
0.0000e+00
2.2173e-05
9.5367e-07
0.0000e+00
2.0981e-05
9.5367e-07
0.0000e+00
2.0981e-05
9.5367e-07
1.9073e-06
0.0000e+00
0.0000e+00
0.0000e+00
2.0981e-05
5.9605e-06
0.0000e+00
2.0981e-05
9.5367e-07
0.0000e+00
2.9087e-05
9.5367e-07
0.0000e+00
2.1935e-05
0.0000e+00
9.5844e-05
0.0000e+00
0.0000e+00
1.9073e-06
0.0000e+00
4.0531e-06
0.0000e+00
2.5988e-05
9.5367e-07
0.0000e+00
2.1935e-05
9.5367e-07
2.1696e-04
9.5367e-07
9.5367e-07
0.0000e+00
2.2173e-05
0.0000e+00
0.0000e+00
2.1935e-05
1.4067e-05
0.0000e+00
3.0041e-05
1.9073e-06
0.0000e+00
2.2173e-05
0.0000e+00
0.0000e+00
2.0981e-05
3.0994e-05
0.0000e+00
2.1935e-05
9.5367e-07
2.1458e-06
0.0000e+00
1.6928e-05
0.0000e+00
2.1935e-05
0.0000e+00
0.0000e+00
2.0981e-05
3.9101e-05
1.8501e-04
0.0000e+00
0.0000e+00
1.9073e-06
0.0000e+00
9.5367e-07
0.0000e+00
3.0041e-05
9.5367e-07
0.0000e+00
2.2888e-05
1.1921e-06
0.0000e+00
2.0981e-05
0.0000e+00
5.9605e-06
9.5367e-07
1.1921e-06
0.0000e+00
2.1935e-05
0.0000e+00
0.0000e+00
2.1935e-05
9.5367e-07
0.0000e+00
2.5988e-05
9.5367e-07
0.0000e+00
2.2173e-05
1.1921e-06
0.0000e+00
3.0041e-05
9.5367e-07
0.0000e+00
2.1935e-05
2.1458e-06
8.3184e-04
0.0000e+00
9.5367e-07
0.0000e+00
2.2888e-05
9.5367e-07
5.4121e-05
0.0000e+00
0.0000e+00
1.1921e-06
0.0000e+00
9.5367e-07
0.0000e+00
2.1935e-05
1.1921e-06
0.0000e+00
2.0981e-05
4.0531e-06
0.0000e+00
2.1935e-05
2.5988e-05
3.0994e-06
9.5367e-07
9.5367e-07
0.0000e+00
3.3140e-05
9.5367e-07
0.0000e+00
2.2173e-05
9.5367e-07
0.0000e+00
2.1935e-05
9.5367e-07
0.0000e+00
2.1935e-05
9.5367e-07
2.1458e-06
0.0000e+00
5.0068e-06
0.0000e+00
2.1935e-05
9.5367e-07
0.0000e+00
2.1935e-05
9.5367e-07
0.0000e+00
2.2173e-05
9.5367e-07
0.0000e+00
2.9087e-05
1.9073e-06
0.0000e+00
2.1935e-05
1.1921e-06
0.0000e+00
2.1935e-05
3.4595e-04
0.0000e+00
2.1219e-05
9.5367e-07
0.0000e+00
2.1935e-05
5.0068e-06
2.1458e-06
0.0000e+00
1.9073e-05
0.0000e+00
2.1935e-05
9.5367e-07
2.1458e-06
9.5367e-07
9.5367e-07
0.0000e+00
2.5034e-05
9.5367e-07
1.9073e-06
0.0000e+00
9.5367e-07
0.0000e+00
2.2888e-05
1.0967e-05
0.0000e+00
2.2888e-05
1.9073e-06
0.0000e+00
2.1935e-05
2.5105e-04
0.0000e+00
2.1935e-05
9.5367e-07
0.0000e+00
2.0981e-05
5.9605e-06
0.0000e+00
2.1935e-05
9.5367e-07
0.0000e+00
2.0981e-05
9.5367e-07
0.0000e+00
2.1935e-05
9.5367e-07
0.0000e+00
2.2173e-05
9.5367e-07
5.8889e-05
9.5367e-07
1.1921e-06
1.0490e-04
0.0000e+00
0.0000e+00
0.0000e+00
2.1935e-05
9.5367e-07
0.0000e+00
2.0981e-05
0.0000e+00
0.0000e+00
2.0981e-05
1.0395e-04
0.0000e+00
2.3127e-05
1.1921e-06
3.9816e-05
0.0000e+00
9.5367e-07
0.0000e+00
2.2888e-05
9.5367e-07
0.0000e+00
2.2173e-05
9.5367e-07
0.0000e+00
2.1935e-05
9.5367e-07
0.0000e+00
2.2173e-05
9.5367e-07
0.0000e+00
2.0981e-05
0.0000e+00
0.0000e+00
2.0981e-05
9.5367e-07
0.0000e+00
2.0981e-05
0.0000e+00
0.0000e+00
2.8133e-05
9.5367e-07
0.0000e+00
2.2173e-05
1.9073e-06
0.0000e+00
2.1935e-05
9.5367e-07
0.0000e+00
2.0981e-05
9.5367e-07
0.0000e+00
2.1935e-05
1.1921e-06
0.0000e+00
2.0981e-05
9.5367e-07
0.0000e+00
2.1935e-05
0.0000e+00
0.0000e+00
2.0981e-05
9.5367e-07
0.0000e+00
2.9087e-05
1.9073e-06
0.0000e+00
2.1219e-05
9.5367e-07
0.0000e+00
2.1935e-05
9.5367e-07
0.0000e+00
2.1935e-05
9.5367e-07
0.0000e+00
2.1935e-05
1.1921e-06
0.0000e+00
2.0981e-05
0.0000e+00
1.9312e-04
9.5367e-07
9.5367e-07
0.0000e+00
2.2173e-05
0.0000e+00
0.0000e+00
2.7895e-05
1.1921e-06
0.0000e+00
2.1935e-05
0.0000e+00
0.0000e+00
2.2173e-05
9.5367e-07
0.0000e+00
2.0981e-05
9.5367e-07
0.0000e+00
2.4080e-05
1.3304e-04
0.0000e+00
2.2173e-05
1.2875e-05
0.0000e+00
2.0981e-05
9.5367e-07
1.3828e-05
0.0000e+00
5.0068e-06
0.0000e+00
2.1935e-05
1.9073e-06
1.2898e-04
0.0000e+00
1.1921e-06
0.0000e+00
2.2888e-05
9.5367e-07
0.0000e+00
2.0981e-05
0.0000e+00
0.0000e+00
2.0981e-05
0.0000e+00
8.9169e-05
0.0000e+00
9.5367e-07
0.0000e+00
2.2173e-05
9.5367e-07
0.0000e+00
2.1935e-05
0.0000e+00
0.0000e+00
2.0981e-05
9.5367e-07
0.0000e+00
2.8849e-05
9.5367e-07
0.0000e+00
2.1935e-05
0.0000e+00
1.1921e-06
0.0000e+00
0.0000e+00
0.0000e+00
2.1935e-05
2.1601e-04
0.0000e+00
2.2888e-05
1.0014e-05
0.0000e+00
2.2173e-05
9.5367e-07
0.0000e+00
2.1935e-05
9.5367e-07
9.5367e-07
0.0000e+00
9.5367e-07
2.1935e-05
0.0000e+00
9.5367e-07
0.0000e+00
3.0041e-05
1.9073e-06
0.0000e+00
2.2173e-05
0.0000e+00
0.0000e+00
2.1935e-05
1.1921e-06
2.7800e-04
0.0000e+00
0.0000e+00
0.0000e+00
2.1935e-05
1.1921e-06
0.0000e+00
2.2888e-05
9.5367e-07
0.0000e+00
2.1935e-05
1.1921e-06
0.0000e+00
2.0981e-05
9.5367e-07
4.0531e-06
0.0000e+00
9.5367e-07
0.0000e+00
2.2888e-05
1.4400e-04
3.0994e-06
0.0000e+00
9.5367e-07
0.0000e+00
2.2888e-05
2.1458e-06
0.0000e+00
2.1935e-05
5.0068e-06
0.0000e+00
2.2173e-05
9.5367e-07
0.0000e+00
2.0981e-05
9.5367e-07
2.2173e-05
0.0000e+00
0.0000e+00
0.0000e+00
2.5034e-05
9.5367e-07
1.8120e-05
9.5367e-07
0.0000e+00
0.0000e+00
2.9802e-05
9.5367e-07
0.0000e+00
2.1935e-05
9.5367e-07
2.1458e-06
0.0000e+00
1.9073e-06
0.0000e+00
2.2173e-05
9.5367e-07
0.0000e+00
2.0981e-05
9.5367e-07
0.0000e+00
2.0981e-05
0.0000e+00
0.0000e+00
2.1935e-05
9.5367e-07
0.0000e+00
2.1219e-05
1.1921e-06
0.0000e+00
2.9087e-05
1.1921e-06
3.4189e-04
0.0000e+00
0.0000e+00
9.5367e-07
9.5367e-07
9.5367e-07
0.0000e+00
2.3127e-05
9.5367e-07
0.0000e+00
2.2173e-05
1.9073e-06
0.0000e+00
2.1935e-05
9.5367e-07
0.0000e+00
2.1935e-05
7.8678e-06
2.5034e-05
9.5367e-07
0.0000e+00
0.0000e+00
2.1935e-05
9.5367e-07
0.0000e+00
2.8133e-05
9.5367e-07
0.0000e+00
2.0981e-05
9.5367e-07
0.0000e+00
2.1935e-05
0.0000e+00
0.0000e+00
2.1219e-05
9.5367e-07
0.0000e+00
2.1935e-05
3.0398e-04
0.0000e+00
3.7909e-05
1.9073e-06
0.0000e+00
3.7193e-05
9.5367e-07
0.0000e+00
3.6955e-05
1.9073e-06
8.8215e-06
0.0000e+00
9.5367e-07
1.4305e-04
0.0000e+00
1.9073e-06
0.0000e+00
3.9101e-05
9.5367e-07
0.0000e+00
3.8147e-05
9.5367e-07
9.0599e-06
0.0000e+00
9.5367e-07
2.1458e-06
9.5367e-07
9.5367e-07
0.0000e+00
3.7193e-05
9.5367e-07
0.0000e+00
3.7909e-05
1.1921e-06
5.9605e-06
0.0000e+00
1.9073e-06
0.0000e+00
3.8862e-05
1.9073e-06
0.0000e+00
3.8147e-05
9.5367e-07
0.0000e+00
3.6001e-05
9.5367e-07
5.3883e-05
1.1921e-06
1.1921e-06
0.0000e+00
3.6955e-05
9.5367e-07
0.0000e+00
3.8147e-05
9.5367e-07
0.0000e+00
3.8147e-05
1.9073e-06
6.4135e-05
0.0000e+00
9.5367e-07
0.0000e+00
3.9101e-05
2.1458e-06
2.8610e-06
0.0000e+00
9.5367e-07
2.8610e-06
0.0000e+00
9.5367e-07
4.0531e-06
9.5367e-07
9.5367e-07
0.0000e+00
3.9101e-05
1.9073e-06
0.0000e+00
3.8147e-05
9.5367e-07
0.0000e+00
3.6955e-05
2.1458e-06
0.0000e+00
3.8147e-05
1.9073e-06
0.0000e+00
3.7909e-05
2.1458e-06
0.0000e+00
3.7909e-05
2.1458e-06
0.0000e+00
4.6015e-05
1.9073e-06
0.0000e+00
3.7909e-05
1.9073e-06
0.0000e+00
3.6001e-05
9.5367e-07
0.0000e+00
3.6955e-05
1.9073e-06
0.0000e+00
3.6955e-05
1.9073e-06
1.1206e-05
0.0000e+00
9.5367e-07
0.0000e+00
3.7193e-05
9.5367e-07
0.0000e+00
3.6955e-05
2.1458e-06
0.0000e+00
3.6955e-05
1.9073e-06
0.0000e+00
3.7193e-05
1.1921e-06
0.0000e+00
3.5048e-05
9.5367e-07
0.0000e+00
3.6001e-05
1.9073e-06
0.0000e+00
3.6001e-05
9.5367e-07
0.0000e+00
3.5048e-05
1.9073e-06
0.0000e+00
3.8147e-05
1.9073e-06
0.0000e+00
3.6955e-05
1.9073e-06
0.0000e+00
4.6968e-05
2.1458e-06
0.0000e+00
3.7909e-05
2.1458e-06
0.0000e+00
3.6955e-05
1.9073e-06
0.0000e+00
3.7193e-05
9.5367e-07
0.0000e+00
3.6955e-05
1.9073e-06
0.0000e+00
3.6955e-05
1.9073e-06
0.0000e+00
3.6001e-05
2.1458e-06
0.0000e+00
3.6955e-05
1.9073e-06
1.2875e-05
9.5367e-07
9.5367e-07
0.0000e+00
3.9101e-05
9.5367e-07
1.9073e-06
9.5367e-07
9.5367e-07
0.0000e+00
3.6955e-05
1.1921e-06
0.0000e+00
3.6955e-05
9.5367e-07
4.9114e-05
9.5367e-07
9.5367e-07
0.0000e+00
3.8147e-05
9.5367e-07
0.0000e+00
3.8147e-05
9.5367e-07
0.0000e+00
3.6001e-05
2.1458e-06
0.0000e+00
4.0054e-05
2.1458e-06
0.0000e+00
3.6955e-05
2.1458e-06
0.0000e+00
3.6955e-05
9.5367e-07
0.0000e+00
3.8147e-05
9.5367e-07
0.0000e+00
3.7193e-05
1.9073e-06
0.0000e+00
3.6001e-05
2.1458e-06
2.8610e-06
1.1921e-06
9.5367e-07
2.1458e-06
0.0000e+00
9.5367e-07
0.0000e+00
4.5061e-05
1.9073e-06
0.0000e+00
3.6955e-05
1.9073e-06
1.9002e-04
0.0000e+00
1.1921e-06
0.0000e+00
3.8862e-05
9.5367e-07
0.0000e+00
3.6955e-05
9.5367e-07
0.0000e+00
3.6001e-05
1.9073e-06
9.0599e-06
0.0000e+00
9.5367e-07
0.0000e+00
3.8147e-05
9.5367e-07
6.1989e-05
0.0000e+00
9.5367e-07
0.0000e+00
3.6955e-05
9.5367e-07
0.0000e+00
3.6955e-05
1.9073e-06
0.0000e+00
3.6001e-05
9.5367e-07
0.0000e+00
3.6955e-05
1.9073e-06
0.0000e+00
3.7193e-05
9.5367e-07
5.9605e-06
9.5367e-07
9.5367e-07
0.0000e+00
3.6001e-05
9.5367e-07
4.0531e-06
0.0000e+00
2.1458e-06
0.0000e+00
3.7909e-05
2.1458e-06
0.0000e+00
4.6968e-05
1.9073e-06
0.0000e+00
3.6955e-05
9.5367e-07
0.0000e+00
3.6955e-05
1.1921e-06
0.0000e+00
3.6001e-05
3.0994e-06
0.0000e+00
4.1008e-05
1.9073e-06
1.1706e-04
1.1921e-06
1.1921e-06
0.0000e+00
4.0054e-05
5.0068e-06
0.0000e+00
3.7909e-05
8.1062e-06
0.0000e+00
4.8161e-05
9.5367e-07
0.0000e+00
3.6955e-05
2.1458e-06
0.0000e+00
3.6001e-05
1.9073e-06
0.0000e+00
3.9101e-05
1.9073e-06
2.8610e-06
0.0000e+00
2.1458e-06
0.0000e+00
3.7909e-05
2.1458e-06
0.0000e+00
3.7909e-05
9.5367e-07
0.0000e+00
3.6955e-05
1.9073e-06
0.0000e+00
3.6955e-05
1.9073e-06
1.0014e-05
9.5367e-07
9.5367e-07
0.0000e+00
3.9101e-05
9.5367e-07
0.0000e+00
3.8147e-05
1.9073e-06
0.0000e+00
3.9101e-05
1.9073e-06
0.0000e+00
3.6001e-05
2.1458e-06
0.0000e+00
3.6955e-05
9.5367e-07
0.0000e+00
3.8147e-05
1.9073e-06
0.0000e+00
3.7193e-05
1.9073e-06
0.0000e+00
3.8147e-05
1.9073e-06
0.0000e+00
3.6955e-05
2.1458e-06
0.0000e+00
3.6001e-05
1.9073e-06
0.0000e+00
3.6001e-05
1.9073e-06
0.0000e+00
3.7909e-05
2.1458e-06
0.0000e+00
3.7909e-05
9.5367e-07
0.0000e+00
3.7909e-05
1.1921e-06
0.0000e+00
5.2929e-05
1.9073e-06
0.0000e+00
3.7909e-05
1.9073e-06
0.0000e+00
3.6955e-05
1.9073e-06
0.0000e+00
3.6001e-05
2.1458e-06
0.0000e+00
3.6001e-05
1.9073e-06
0.0000e+00
3.6955e-05
1.9073e-06
0.0000e+00
3.6001e-05
1.9073e-06
5.9605e-06
0.0000e+00
1.9073e-06
2.4080e-05
0.0000e+00
9.5367e-07
0.0000e+00
3.8147e-05
1.1921e-06
0.0000e+00
3.6955e-05
1.9073e-06
0.0000e+00
2.5034e-05
9.5367e-07
3.0994e-06
0.0000e+00
0.0000e+00
4.5061e-05
0.0000e+00
9.5367e-07
0.0000e+00
2.1935e-05
9.5367e-07
0.0000e+00
2.1935e-05
9.5367e-07
6.8188e-05
0.0000e+00
9.5367e-07
0.0000e+00
2.2173e-05
1.1921e-06
0.0000e+00
3.0994e-05
9.5367e-07
0.0000e+00
2.2173e-05
9.5367e-07
1.5402e-04
9.5367e-07
0.0000e+00
4.6015e-05
0.0000e+00
0.0000e+00
0.0000e+00
2.3127e-05
0.0000e+00
0.0000e+00
2.2888e-05
0.0000e+00
1.9073e-06
9.5367e-07
9.5367e-07
0.0000e+00
2.2173e-05
0.0000e+00
0.0000e+00
2.0981e-05
0.0000e+00
0.0000e+00
2.9087e-05
9.5367e-07
0.0000e+00
2.2173e-05
9.5367e-07
1.3494e-04
0.0000e+00
1.1921e-06
0.0000e+00
2.2888e-05
9.5367e-07
0.0000e+00
2.3127e-05
9.5367e-07
0.0000e+00
2.1935e-05
1.1921e-06
0.0000e+00
2.5034e-05
9.5367e-07
0.0000e+00
2.1935e-05
9.5367e-07
0.0000e+00
3.0994e-05
1.9073e-06
0.0000e+00
2.1935e-05
9.5367e-07
1.9073e-06
0.0000e+00
0.0000e+00
0.0000e+00
2.1935e-05
9.5367e-07
0.0000e+00
2.1219e-05
0.0000e+00
0.0000e+00
2.0981e-05
9.5367e-07
0.0000e+00
2.2173e-05
9.5367e-07
0.0000e+00
2.0981e-05
9.5367e-07
0.0000e+00
3.0041e-05
9.5367e-07
3.7789e-04
0.0000e+00
0.0000e+00
9.0837e-05
0.0000e+00
0.0000e+00
0.0000e+00
2.1935e-05
1.1921e-06
0.0000e+00
2.1935e-05
0.0000e+00
0.0000e+00
2.1935e-05
1.1921e-06
5.0068e-06
0.0000e+00
0.0000e+00
0.0000e+00
2.1935e-05
1.4520e-04
1.9073e-06
9.5367e-07
1.9073e-05
0.0000e+00
2.1935e-05
9.5367e-07
1.9073e-06
7.1526e-06
1.0014e-05
8.2016e-05
0.0000e+00
9.5367e-07
3.0994e-06
0.0000e+00
0.0000e+00
5.0068e-06
9.5367e-07
1.1921e-06
0.0000e+00
2.3842e-05
9.5367e-07
1.9073e-06
0.0000e+00
9.0599e-06
0.0000e+00
2.1935e-05
9.5367e-07
1.9073e-06
0.0000e+00
1.7881e-05
0.0000e+00
2.1935e-05
9.5367e-07
0.0000e+00
2.0981e-05
9.5367e-07
0.0000e+00
2.0981e-05
9.5367e-07
0.0000e+00
2.3127e-05
9.5367e-07
0.0000e+00
2.0981e-05
9.5367e-07
2.9588e-04
9.5367e-07
1.1921e-06
0.0000e+00
2.1935e-05
2.3127e-05
0.0000e+00
2.0981e-05
9.5367e-07
0.0000e+00
2.1935e-05
1.1921e-06
0.0000e+00
2.0981e-05
0.0000e+00
0.0000e+00
2.2173e-05
9.5367e-07
0.0000e+00
2.5988e-05
9.5367e-07
0.0000e+00
2.2173e-05
9.5367e-07
0.0000e+00
2.1935e-05
1.1921e-06
0.0000e+00
2.1935e-05
1.5020e-05
0.0000e+00
2.0981e-05
9.5367e-07
0.0000e+00
2.2173e-05
9.5367e-07
0.0000e+00
2.0981e-05
9.5367e-07
3.0994e-06
9.5367e-07
6.9141e-06
0.0000e+00
2.3127e-05
9.5367e-07
0.0000e+00
2.1935e-05
1.1921e-06
0.0000e+00
2.0981e-05
8.7976e-05
0.0000e+00
2.2173e-05
2.1458e-06
0.0000e+00
2.1935e-05
1.1921e-06
0.0000e+00
2.0981e-05
9.5367e-07
0.0000e+00
2.1935e-05
1.1921e-06
0.0000e+00
2.6941e-05
9.5367e-07
0.0000e+00
2.1935e-05
1.5306e-04
0.0000e+00
2.1935e-05
1.1921e-06
0.0000e+00
2.1935e-05
1.7500e-04
0.0000e+00
2.0981e-05
8.1062e-06
0.0000e+00
2.1935e-05
1.1921e-06
0.0000e+00
2.0981e-05
9.5367e-07
0.0000e+00
2.2173e-05
9.5367e-07
0.0000e+00
2.9087e-05
9.5367e-07
0.0000e+00
2.1935e-05
1.1921e-06
0.0000e+00
2.1935e-05
8.0109e-05
0.0000e+00
2.1935e-05
0.0000e+00
0.0000e+00
2.1935e-05
1.1921e-06
6.3896e-05
9.5367e-07
9.5367e-07
0.0000e+00
2.3127e-05
9.5367e-07
0.0000e+00
2.1935e-05
9.5367e-07
1.2183e-04
1.1921e-06
9.5367e-07
0.0000e+00
2.3127e-05
9.5367e-07
0.0000e+00
2.0981e-05
0.0000e+00
0.0000e+00
2.2173e-05
9.5367e-07
0.0000e+00
2.1935e-05
9.5367e-07
0.0000e+00
2.0981e-05
9.5367e-07
0.0000e+00
2.0981e-05
9.5367e-07
0.0000e+00
2.1935e-05
9.5367e-07
2.1458e-06
0.0000e+00
9.5367e-07
4.3154e-05
0.0000e+00
0.0000e+00
2.1005e-04
0.0000e+00
9.5367e-07
0.0000e+00
2.2888e-05
9.5367e-07
0.0000e+00
2.1935e-05
1.1921e-06
0.0000e+00
2.0981e-05
2.7895e-05
0.0000e+00
2.1935e-05
9.5367e-07
0.0000e+00
2.2173e-05
9.5367e-07
0.0000e+00
2.0981e-05
0.0000e+00
0.0000e+00
2.9087e-05
9.5367e-07
0.0000e+00
2.3127e-05
9.5367e-07
9.5367e-07
0.0000e+00
0.0000e+00
0.0000e+00
2.1935e-05
1.1921e-06
0.0000e+00
2.1935e-05
5.5075e-05
0.0000e+00
2.1935e-05
9.5367e-07
0.0000e+00
2.2173e-05
9.5367e-07
0.0000e+00
2.0981e-05
5.9605e-06
0.0000e+00
2.0981e-05
3.0994e-06
0.0000e+00
2.1935e-05
0.0000e+00
0.0000e+00
2.2173e-05
9.5367e-07
0.0000e+00
2.1935e-05
1.1921e-06
0.0000e+00
2.0981e-05
9.5367e-07
0.0000e+00
2.1935e-05
3.2711e-04
0.0000e+00
2.1935e-05
9.5367e-07
0.0000e+00
2.1935e-05
5.2929e-05
0.0000e+00
2.9802e-05
9.5367e-07
1.9073e-06
0.0000e+00
1.9073e-05
0.0000e+00
2.2173e-05
9.5367e-07
0.0000e+00
2.1935e-05
1.1921e-06
1.9073e-06
0.0000e+00
2.1458e-06
0.0000e+00
2.1935e-05
9.5367e-07
1.1802e-04
9.5367e-07
0.0000e+00
1.8120e-05
0.0000e+00
0.0000e+00
0.0000e+00
2.2888e-05
9.5367e-07
0.0000e+00
2.0981e-05
7.2002e-05
1.9073e-06
0.0000e+00
1.9073e-05
0.0000e+00
2.2888e-05
2.1458e-06
2.8610e-06
0.0000e+00
1.7881e-05
0.0000e+00
2.1935e-05
9.5367e-07
0.0000e+00
2.1935e-05
9.5367e-07
0.0000e+00
2.2173e-05
9.5367e-07
1.9073e-06
0.0000e+00
9.5367e-07
0.0000e+00
2.1935e-05
5.9605e-06
2.9802e-05
0.0000e+00
5.6235e-02
