3.7289e-03
2.4080e-05
0.0000e+00
6.1035e-05
1.0014e-05
0.0000e+00
4.1008e-05
5.0068e-06
0.0000e+00
4.6968e-05
3.0994e-06
0.0000e+00
4.0054e-05
1.9073e-06
0.0000e+00
4.2915e-05
4.0531e-06
0.0000e+00
3.7909e-05
2.8610e-06
0.0000e+00
3.7193e-05
1.9073e-06
0.0000e+00
5.4121e-05
5.0068e-06
0.0000e+00
3.8147e-05
1.9073e-06
0.0000e+00
3.7193e-05
3.0994e-06
0.0000e+00
3.9101e-05
4.0531e-06
0.0000e+00
3.5048e-05
6.1989e-06
0.0000e+00
3.5048e-05
2.8610e-06
0.0000e+00
3.6001e-05
6.5899e-04
0.0000e+00
3.9816e-05
2.8610e-06
0.0000e+00
3.7909e-05
2.1458e-06
0.0000e+00
4.6015e-05
8.1062e-05
0.0000e+00
3.6955e-05
1.9073e-05
0.0000e+00
3.7909e-05
4.0531e-06
0.0000e+00
3.6955e-05
2.1458e-06
0.0000e+00
3.7909e-05
2.1458e-06
1.6928e-05
0.0000e+00
2.1458e-06
0.0000e+00
3.6955e-05
2.1458e-06
2.7895e-05
0.0000e+00
9.5367e-07
0.0000e+00
3.7909e-05
9.5367e-07
0.0000e+00
3.6955e-05
1.1921e-06
0.0000e+00
3.6955e-05
1.6928e-05
0.0000e+00
3.7193e-05
2.1458e-06
0.0000e+00
3.7909e-05
9.5367e-07
0.0000e+00
3.6001e-05
5.0068e-06
0.0000e+00
3.8147e-05
1.9073e-06
0.0000e+00
3.8862e-05
5.0068e-06
0.0000e+00
3.7909e-05
3.0994e-06
1.0014e-05
9.5367e-07
3.0994e-06
9.0599e-06
9.5367e-07
9.5367e-07
0.0000e+00
3.8862e-05
2.1458e-06
0.0000e+00
3.7909e-05
4.4107e-05
0.0000e+00
3.7909e-05
1.9073e-06
0.0000e+00
3.8147e-05
2.8610e-06
0.0000e+00
4.7207e-05
1.9073e-06
0.0000e+00
3.8147e-05
3.8147e-06
0.0000e+00
3.7909e-05
2.1458e-06
0.0000e+00
3.6955e-05
4.0531e-06
0.0000e+00
3.6955e-05
4.0531e-06
3.0994e-06
0.0000e+00
3.8147e-06
0.0000e+00
3.7909e-05
1.9073e-06
0.0000e+00
3.7909e-05
4.0531e-06
0.0000e+00
4.1008e-05
4.0531e-06
0.0000e+00
3.8862e-05
3.8147e-06
0.0000e+00
3.7909e-05
4.0531e-06
0.0000e+00
3.8147e-05
5.9605e-06
0.0000e+00
3.7909e-05
1.9073e-06
0.0000e+00
3.6001e-05
1.4067e-05
0.0000e+00
3.8147e-05
4.0531e-06
0.0000e+00
3.6955e-05
3.0994e-06
0.0000e+00
4.7922e-05
4.0531e-06
0.0000e+00
3.7909e-05
3.0994e-06
0.0000e+00
3.6001e-05
3.0994e-06
0.0000e+00
3.6955e-05
2.1458e-06
0.0000e+00
3.7909e-05
4.0531e-06
0.0000e+00
3.9101e-05
5.0068e-06
0.0000e+00
3.8862e-05
4.0531e-06
0.0000e+00
3.7909e-05
3.8147e-06
0.0000e+00
3.9101e-05
3.0994e-06
0.0000e+00
3.6955e-05
3.0994e-06
0.0000e+00
4.1008e-05
3.0994e-06
5.5003e-04
1.1921e-06
1.9073e-06
0.0000e+00
4.0054e-05
9.5367e-07
0.0000e+00
3.7909e-05
9.5367e-07
0.0000e+00
3.7909e-05
1.9073e-06
0.0000e+00
3.8147e-05
2.1458e-06
0.0000e+00
3.8862e-05
1.9073e-06
0.0000e+00
3.8147e-05
1.9073e-06
1.0967e-05
1.1921e-06
9.5367e-07
0.0000e+00
4.1962e-05
1.1921e-06
0.0000e+00
3.7909e-05
2.1458e-06
0.0000e+00
3.6001e-05
9.5367e-07
0.0000e+00
3.7193e-05
9.5367e-07
0.0000e+00
3.6955e-05
3.0994e-06
0.0000e+00
3.9101e-05
1.9073e-06
0.0000e+00
3.7909e-05
9.5367e-07
0.0000e+00
3.6955e-05
1.9073e-06
0.0000e+00
3.7909e-05
2.1458e-06
0.0000e+00
3.6955e-05
1.1921e-06
3.8147e-06
9.5367e-07
9.5367e-07
0.0000e+00
3.6955e-05
2.1458e-06
1.9073e-06
1.1921e-06
1.9073e-06
0.0000e+00
4.6015e-05
3.4094e-05
0.0000e+00
3.8862e-05
9.5367e-07
0.0000e+00
3.8147e-05
1.9073e-06
0.0000e+00
3.6955e-05
2.1458e-06
0.0000e+00
3.7909e-05
4.0531e-06
0.0000e+00
3.9101e-05
1.9073e-06
3.0994e-06
9.5367e-07
2.1458e-06
0.0000e+00
3.7909e-05
2.1458e-06
0.0000e+00
6.1035e-05
3.0994e-06
0.0000e+00
3.6955e-05
1.9073e-06
0.0000e+00
3.6001e-05
3.8147e-06
0.0000e+00
3.6955e-05
9.5367e-07
0.0000e+00
3.6001e-05
1.9073e-06
0.0000e+00
3.6955e-05
1.9073e-06
0.0000e+00
3.8147e-05
9.5367e-07
0.0000e+00
3.6955e-05
2.1458e-06
0.0000e+00
4.6015e-05
4.0531e-06
0.0000e+00
3.8147e-05
9.5367e-07
1.3113e-05
9.5367e-07
1.1921e-06
0.0000e+00
3.6955e-05
9.5367e-07
0.0000e+00
3.8147e-05
9.5367e-07
0.0000e+00
3.8147e-05
9.5367e-07
0.0000e+00
3.8147e-05
1.9073e-06
0.0000e+00
3.6955e-05
1.9073e-06
0.0000e+00
4.9114e-05
2.8610e-06
0.0000e+00
3.8147e-05
9.5367e-07
0.0000e+00
3.7193e-05
1.9073e-06
0.0000e+00
4.1008e-05
2.1458e-06
0.0000e+00
3.6955e-05
2.1458e-06
0.0000e+00
3.9101e-05
2.8610e-06
0.0000e+00
3.7909e-05
2.1458e-06
1.1921e-05
9.5367e-07
2.1458e-06
0.0000e+00
5.3883e-05
9.5367e-07
3.0994e-06
0.0000e+00
1.9073e-06
0.0000e+00
3.8147e-05
1.9073e-06
0.0000e+00
3.6955e-05
2.1458e-06
3.0994e-06
0.0000e+00
2.1458e-06
0.0000e+00
3.8862e-05
2.1458e-06
0.0000e+00
3.6955e-05
1.9073e-06
0.0000e+00
3.6001e-05
2.8610e-06
0.0000e+00
3.6955e-05
2.1458e-06
2.8610e-06
0.0000e+00
2.1458e-06
0.0000e+00
3.9101e-05
2.8610e-06
0.0000e+00
3.7909e-05
2.8610e-06
1.3781e-04
0.0000e+00
9.5367e-07
0.0000e+00
3.8147e-05
9.5367e-07
1.9073e-06
9.5367e-07
1.9073e-06
0.0000e+00
3.8147e-05
9.5367e-07
0.0000e+00
3.6955e-05
2.1458e-06
0.0000e+00
3.6955e-05
1.9073e-06
0.0000e+00
3.6955e-05
1.9073e-06
0.0000e+00
3.7193e-05
1.9073e-06
0.0000e+00
3.8147e-05
8.8215e-06
0.0000e+00
3.6955e-05
1.9073e-06
0.0000e+00
3.7909e-05
1.9073e-06
0.0000e+00
3.7909e-05
9.5367e-07
0.0000e+00
3.6955e-05
2.8610e-06
0.0000e+00
4.4823e-05
2.1458e-06
0.0000e+00
3.7909e-05
1.9073e-06
0.0000e+00
3.6955e-05
2.1458e-06
0.0000e+00
3.7909e-05
9.5367e-07
0.0000e+00
3.6955e-05
2.1458e-06
0.0000e+00
3.7909e-05
2.1458e-06
0.0000e+00
3.7909e-05
2.1458e-06
0.0000e+00
3.7909e-05
1.9073e-06
0.0000e+00
4.1962e-05
1.9073e-06
3.1948e-05
9.5367e-07
1.9073e-06
0.0000e+00
3.7193e-05
1.9073e-06
0.0000e+00
3.6001e-05
2.1458e-06
0.0000e+00
3.7909e-05
2.1458e-06
1.9073e-06
1.1921e-06
1.9073e-06
0.0000e+00
3.7193e-05
9.5367e-07
0.0000e+00
3.6001e-05
1.1921e-06
0.0000e+00
4.6015e-05
1.9073e-06
0.0000e+00
3.6955e-05
1.9073e-06
0.0000e+00
3.7193e-05
2.1458e-06
0.0000e+00
3.7909e-05
2.1458e-06
0.0000e+00
3.6001e-05
4.0531e-06
0.0000e+00
3.6955e-05
1.9073e-06
2.1458e-06
9.5367e-07
9.5367e-07
0.0000e+00
3.6001e-05
9.5367e-07
0.0000e+00
3.6001e-05
1.9073e-06
0.0000e+00
3.6001e-05
2.1458e-06
0.0000e+00
3.6955e-05
1.9073e-06
0.0000e+00
3.6001e-05
2.1458e-06
0.0000e+00
3.5048e-05
3.0994e-06
0.0000e+00
4.5061e-05
6.9141e-06
0.0000e+00
3.7909e-05
9.5367e-07
0.0000e+00
3.6955e-05
1.1921e-06
0.0000e+00
4.9114e-05
2.8610e-06
0.0000e+00
3.8147e-05
1.9073e-06
0.0000e+00
3.6955e-05
1.9073e-06
3.3140e-05
9.5367e-07
9.5367e-07
0.0000e+00
3.9101e-05
9.5367e-07
0.0000e+00
3.6955e-05
9.5367e-07
0.0000e+00
3.8147e-05
9.5367e-07
0.0000e+00
3.7193e-05
1.9073e-06
5.0068e-06
0.0000e+00
1.9073e-06
0.0000e+00
3.8147e-05
2.1458e-06
0.0000e+00
3.7909e-05
9.5367e-07
0.0000e+00
3.7909e-05
1.1921e-06
0.0000e+00
3.6001e-05
9.5367e-07
1.6928e-05
9.5367e-07
1.1921e-06
1.9073e-06
0.0000e+00
2.1458e-06
1.9073e-06
0.0000e+00
1.1921e-06
2.8610e-06
9.5367e-07
1.9073e-06
2.1458e-06
9.5367e-07
1.8120e-05
0.0000e+00
3.6001e-05
2.8610e-06
0.0000e+00
3.8147e-05
2.8610e-06
0.0000e+00
3.6955e-05
2.1458e-06
0.0000e+00
3.6955e-05
1.9073e-06
0.0000e+00
3.6955e-05
1.9073e-06
0.0000e+00
3.6955e-05
2.1458e-06
0.0000e+00
3.6955e-05
2.1458e-06
0.0000e+00
3.6955e-05
2.1458e-06
1.2994e-04
9.5367e-07
2.1458e-06
0.0000e+00
4.7922e-05
2.1458e-06
0.0000e+00
3.6955e-05
1.9073e-06
0.0000e+00
3.7909e-05
1.9073e-06
0.0000e+00
3.6955e-05
1.9073e-06
0.0000e+00
3.7909e-05
1.9073e-06
0.0000e+00
3.7193e-05
1.9073e-06
2.1458e-06
0.0000e+00
1.9073e-06
0.0000e+00
3.7909e-05
1.9073e-06
0.0000e+00
4.7922e-05
1.9073e-06
0.0000e+00
3.8147e-05
1.9073e-06
0.0000e+00
3.8147e-05
2.1458e-06
0.0000e+00
3.6955e-05
2.1458e-06
0.0000e+00
3.6955e-05
9.5367e-07
0.0000e+00
3.6955e-05
2.1458e-06
2.3842e-05
9.5367e-07
9.5367e-07
0.0000e+00
3.7193e-05
1.1921e-06
7.8678e-06
9.5367e-07
9.5367e-07
0.0000e+00
3.6955e-05
9.5367e-07
0.0000e+00
3.8147e-05
9.5367e-07
1.1301e-04
1.1921e-06
9.5367e-07
0.0000e+00
3.7909e-05
1.1921e-06
0.0000e+00
3.7909e-05
9.5367e-07
0.0000e+00
3.7909e-05
9.5367e-07
4.0531e-06
0.0000e+00
1.1921e-06
0.0000e+00
3.6955e-05
2.5988e-05
0.0000e+00
4.5061e-05
2.8610e-06
3.0994e-06
0.0000e+00
2.1458e-06
0.0000e+00
3.6955e-05
1.9073e-06
0.0000e+00
3.7193e-05
1.9073e-06
0.0000e+00
3.6955e-05
1.1921e-06
0.0000e+00
4.1962e-05
3.0994e-06
0.0000e+00
3.6955e-05
9.5367e-07
0.0000e+00
3.8147e-05
9.5367e-07
3.0994e-06
9.5367e-07
2.1458e-06
0.0000e+00
3.7909e-05
2.1458e-06
0.0000e+00
3.6955e-05
2.1458e-06
0.0000e+00
3.6955e-05
9.5367e-07
0.0000e+00
3.6955e-05
1.9073e-06
0.0000e+00
3.7193e-05
1.9073e-06
0.0000e+00
3.7193e-05
2.1458e-06
0.0000e+00
3.7909e-05
2.1458e-06
0.0000e+00
4.6968e-05
2.1458e-06
0.0000e+00
3.6955e-05
9.5367e-07
0.0000e+00
3.6955e-05
1.9073e-06
0.0000e+00
3.6955e-05
1.1921e-06
0.0000e+00
3.9101e-05
4.0531e-06
0.0000e+00
3.8147e-05
1.9073e-06
0.0000e+00
3.7909e-05
9.5367e-07
0.0000e+00
3.7193e-05
2.1458e-06
2.8610e-06
0.0000e+00
1.9073e-06
2.1458e-06
0.0000e+00
1.9073e-06
3.0994e-06
9.5367e-07
9.5367e-07
0.0000e+00
3.8147e-05
5.0068e-06
0.0000e+00
4.6968e-05
1.9073e-06
0.0000e+00
4.3869e-05
1.9073e-06
0.0000e+00
3.9101e-05
1.9073e-06
0.0000e+00
3.7193e-05
9.5367e-07
0.0000e+00
3.7193e-05
2.1458e-06
0.0000e+00
3.8147e-05
2.1458e-06
0.0000e+00
3.6001e-05
1.9073e-06
0.0000e+00
3.6001e-05
6.9857e-05
0.0000e+00
3.6955e-05
9.5367e-07
1.0014e-05
9.5367e-07
1.9073e-06
0.0000e+00
3.6955e-05
2.1458e-06
0.0000e+00
3.6955e-05
3.0994e-06
0.0000e+00
3.7909e-05
2.1458e-06
0.0000e+00
4.7922e-05
1.9073e-06
0.0000e+00
3.8862e-05
2.1458e-06
0.0000e+00
3.6955e-05
1.9073e-06
0.0000e+00
3.7193e-05
9.5367e-07
0.0000e+00
3.6955e-05
2.1458e-06
0.0000e+00
3.6001e-05
1.9073e-06
0.0000e+00
4.2200e-05
1.9073e-06
0.0000e+00
3.6955e-05
2.8610e-06
0.0000e+00
3.8147e-05
1.9073e-06
0.0000e+00
3.6955e-05
2.1458e-06
0.0000e+00
3.6955e-05
2.1458e-06
9.0599e-06
0.0000e+00
1.9073e-06
0.0000e+00
3.7909e-05
1.9073e-06
0.0000e+00
3.8147e-05
1.9073e-06
0.0000e+00
3.8147e-05
9.5367e-07
0.0000e+00
3.7193e-05
2.1458e-06
8.8215e-06
1.1921e-06
1.9073e-06
6.9141e-06
0.0000e+00
9.5367e-07
0.0000e+00
3.7909e-05
9.5367e-07
7.2002e-05
0.0000e+00
9.5367e-07
0.0000e+00
3.7193e-05
3.5787e-04
0.0000e+00
2.4796e-05
2.1458e-06
1.9073e-06
0.0000e+00
2.1935e-05
7.6056e-05
0.0000e+00
9.5367e-07
6.6042e-05
9.5367e-07
1.1921e-06
0.0000e+00
2.1935e-05
9.5367e-07
0.0000e+00
3.2902e-05
9.5367e-07
0.0000e+00
2.3127e-05
9.5367e-07
9.5367e-07
0.0000e+00
9.5367e-07
1.9073e-06
0.0000e+00
0.0000e+00
0.0000e+00
2.2888e-05
2.1458e-06
0.0000e+00
2.1935e-05
9.5367e-07
0.0000e+00
2.1935e-05
9.5367e-07
1.7309e-04
0.0000e+00
0.0000e+00
0.0000e+00
2.2173e-05
9.5367e-07
0.0000e+00
2.7895e-05
9.5367e-07
0.0000e+00
2.2888e-05
1.1921e-06
0.0000e+00
2.0981e-05
9.5367e-07
0.0000e+00
2.2173e-05
1.1921e-06
1.5593e-04
9.5367e-07
4.0531e-06
3.4094e-05
9.5367e-07
9.5367e-07
0.0000e+00
2.3127e-05
9.5367e-07
1.6308e-04
9.5367e-07
9.5367e-07
0.0000e+00
2.1935e-05
0.0000e+00
0.0000e+00
2.1935e-05
9.5367e-07
0.0000e+00
2.3127e-05
0.0000e+00
0.0000e+00
2.0981e-05
9.5367e-07
0.0000e+00
2.2173e-05
7.3910e-05
3.0994e-06
0.0000e+00
1.8835e-05
0.0000e+00
2.3127e-05
9.5367e-07
0.0000e+00
2.2173e-05
9.5367e-07
0.0000e+00
2.0981e-05
7.9155e-05
0.0000e+00
2.1935e-05
2.1458e-06
0.0000e+00
2.2888e-05
9.5367e-07
0.0000e+00
2.2173e-05
9.5367e-07
0.0000e+00
2.1935e-05
9.5367e-07
0.0000e+00
2.1935e-05
9.5367e-07
0.0000e+00
2.2173e-05
9.5367e-07
0.0000e+00
2.1935e-05
1.0967e-05
0.0000e+00
2.3127e-05
9.5367e-07
0.0000e+00
3.3140e-05
9.5367e-07
0.0000e+00
2.2173e-05
9.5367e-07
0.0000e+00
2.5034e-05
9.5367e-07
0.0000e+00
2.1935e-05
9.5367e-07
0.0000e+00
2.1935e-05
9.5367e-07
0.0000e+00
2.0981e-05
9.5367e-07
0.0000e+00
2.0981e-05
1.1921e-06
0.0000e+00
2.0981e-05
9.5367e-07
0.0000e+00
2.1935e-05
9.5367e-07
0.0000e+00
2.2173e-05
3.0589e-04
8.3208e-05
0.0000e+00
9.5367e-07
0.0000e+00
2.0981e-05
2.7180e-05
0.0000e+00
2.1935e-05
9.5367e-07
0.0000e+00
2.2173e-05
1.8835e-05
0.0000e+00
2.1935e-05
9.5367e-07
9.5367e-07
0.0000e+00
1.6928e-05
0.0000e+00
2.8133e-05
4.3869e-05
7.1526e-06
0.0000e+00
1.3113e-05
0.0000e+00
2.2888e-05
1.2159e-05
0.0000e+00
2.1935e-05
6.9141e-06
0.0000e+00
2.4796e-05
9.5367e-07
2.8610e-06
0.0000e+00
1.1921e-05
0.0000e+00
2.1935e-05
9.5367e-07
0.0000e+00
2.1935e-05
9.5367e-07
0.0000e+00
2.2173e-05
9.5367e-07
0.0000e+00
2.9087e-05
9.5367e-07
0.0000e+00
2.1935e-05
2.1458e-06
1.9073e-06
0.0000e+00
1.1921e-06
0.0000e+00
2.1935e-05
9.5367e-07
3.5119e-04
0.0000e+00
9.5367e-07
2.1458e-06
0.0000e+00
0.0000e+00
2.1935e-05
9.5367e-07
1.1921e-06
0.0000e+00
2.1935e-05
9.5367e-07
6.0081e-05
9.5367e-07
9.5367e-07
1.1206e-05
9.5367e-07
9.5367e-07
0.0000e+00
2.2888e-05
9.5367e-07
0.0000e+00
2.3127e-05
9.5367e-07
0.0000e+00
2.0981e-05
9.5367e-07
0.0000e+00
2.2173e-05
2.1887e-04
1.9073e-06
0.0000e+00
2.0027e-05
0.0000e+00
2.2888e-05
9.5367e-07
0.0000e+00
2.0981e-05
1.0014e-05
0.0000e+00
2.2173e-05
9.5367e-07
0.0000e+00
2.1935e-05
9.5367e-07
0.0000e+00
2.3127e-05
9.5367e-07
1.3208e-04
0.0000e+00
0.0000e+00
0.0000e+00
2.1935e-05
9.5367e-07
1.9073e-06
9.5367e-07
1.1921e-06
0.0000e+00
2.1935e-05
9.5367e-07
0.0000e+00
2.3127e-05
1.4591e-04
0.0000e+00
2.2173e-05
9.5367e-07
5.5075e-05
0.0000e+00
9.5367e-07
1.3113e-05
0.0000e+00
0.0000e+00
0.0000e+00
3.0041e-05
9.5367e-07
0.0000e+00
2.2888e-05
9.5367e-07
0.0000e+00
2.2173e-05
1.9073e-06
0.0000e+00
2.2888e-05
6.2943e-05
0.0000e+00
2.4080e-05
9.5367e-07
0.0000e+00
2.2173e-05
9.5367e-07
0.0000e+00
2.0981e-05
9.5367e-07
0.0000e+00
2.0981e-05
9.5367e-07
0.0000e+00
3.1948e-05
1.1921e-06
0.0000e+00
2.1935e-05
9.5367e-07
0.0000e+00
2.2173e-05
1.3900e-04
0.0000e+00
2.1935e-05
9.5367e-07
0.0000e+00
2.0981e-05
9.5367e-07
0.0000e+00
2.2173e-05
9.5367e-07
0.0000e+00
2.1935e-05
9.5367e-07
0.0000e+00
2.0981e-05
9.5367e-07
0.0000e+00
2.3127e-05
9.5367e-07
0.0000e+00
2.0981e-05
1.1921e-06
1.6093e-04
9.5367e-07
9.5367e-07
0.0000e+00
2.1935e-05
9.5367e-07
0.0000e+00
2.0981e-05
9.5367e-07
0.0000e+00
2.1935e-05
9.5367e-07
4.6015e-05
1.1921e-06
1.1921e-06
2.0981e-05
0.0000e+00
9.5367e-07
0.0000e+00
2.2173e-05
9.5367e-07
0.0000e+00
2.2888e-05
9.5367e-07
0.0000e+00
2.0981e-05
9.5367e-07
0.0000e+00
2.1935e-05
9.5367e-07
0.0000e+00
2.1935e-05
9.5367e-07
2.1219e-04
0.0000e+00
9.5367e-07
0.0000e+00
2.3127e-05
9.5367e-07
6.2943e-05
0.0000e+00
0.0000e+00
0.0000e+00
2.1935e-05
0.0000e+00
0.0000e+00
3.0041e-05
1.1921e-06
1.3828e-05
1.1921e-06
9.5367e-07
0.0000e+00
2.2888e-05
1.1921e-06
0.0000e+00
2.1935e-05
9.5367e-07
0.0000e+00
2.1935e-05
9.5367e-07
0.0000e+00
2.0981e-05
9.5367e-07
1.6689e-04
0.0000e+00
1.1921e-06
0.0000e+00
2.1935e-05
0.0000e+00
3.2902e-05
0.0000e+00
9.5367e-07
2.1458e-06
0.0000e+00
1.9073e-06
0.0000e+00
3.0041e-05
1.1921e-06
0.0000e+00
2.1935e-05
5.6028e-05
0.0000e+00
2.0981e-05
9.5367e-07
1.9073e-06
9.5367e-07
1.7166e-05
0.0000e+00
2.5034e-05
1.9073e-06
0.0000e+00
2.2173e-05
6.7949e-05
0.0000e+00
2.1935e-05
9.6083e-05
0.0000e+00
2.1935e-05
1.1921e-06
3.1948e-05
0.0000e+00
9.5367e-07
0.0000e+00
2.1935e-05
9.5367e-07
0.0000e+00
2.0981e-05
5.5075e-05
0.0000e+00
2.1935e-05
1.1921e-06
0.0000e+00
2.1935e-05
9.5367e-07
0.0000e+00
2.2173e-05
9.5367e-07
0.0000e+00
2.0981e-05
0.0000e+00
0.0000e+00
2.2173e-05
9.5367e-07
0.0000e+00
2.7895e-05
9.5367e-07
9.2030e-05
0.0000e+00
9.5367e-07
0.0000e+00
2.3127e-05
9.5367e-07
0.0000e+00
2.1935e-05
1.1921e-06
0.0000e+00
2.1935e-05
9.5367e-07
2.1458e-06
9.5367e-07
3.0994e-06
0.0000e+00
2.1935e-05
5.0068e-06
0.0000e+00
2.2173e-05
1.4400e-04
0.0000e+00
2.1935e-05
9.5367e-07
0.0000e+00
2.3127e-05
9.5367e-07
0.0000e+00
2.1935e-05
1.1921e-06
0.0000e+00
2.1935e-05
9.5367e-07
0.0000e+00
2.2173e-05
1.1921e-06
5.2929e-05
0.0000e+00
1.1921e-06
0.0000e+00
2.1935e-05
9.5367e-07
1.2493e-04
0.0000e+00
9.5367e-07
0.0000e+00
2.2888e-05
9.5367e-07
3.0994e-06
0.0000e+00
1.1921e-06
0.0000e+00
2.3842e-05
1.1921e-06
2.0885e-04
0.0000e+00
9.5367e-07
0.0000e+00
2.2888e-05
9.5367e-07
0.0000e+00
2.0981e-05
9.5367e-07
0.0000e+00
2.1935e-05
0.0000e+00
0.0000e+00
2.0981e-05
0.0000e+00
0.0000e+00
2.0981e-05
9.5367e-07
0.0000e+00
2.1935e-05
9.5367e-07
0.0000e+00
3.6955e-05
1.1921e-06
0.0000e+00
2.1935e-05
9.5367e-07
0.0000e+00
2.1935e-05
4.1962e-05
0.0000e+00
2.2173e-05
1.2875e-05
2.1458e-06
0.0000e+00
2.7895e-05
0.0000e+00
2.2173e-05
1.9073e-06
0.0000e+00
2.2173e-05
9.5367e-07
0.0000e+00
2.1935e-05
1.0014e-05
2.0885e-04
0.0000e+00
9.5367e-07
0.0000e+00
2.2173e-05
9.5367e-07
0.0000e+00
2.0981e-05
4.0531e-06
0.0000e+00
2.1935e-05
9.5367e-07
0.0000e+00
2.1935e-05
9.5367e-07
0.0000e+00
2.0981e-05
9.5367e-07
0.0000e+00
2.0981e-05
9.5367e-07
0.0000e+00
2.1219e-05
9.5367e-07
1.3208e-04
9.5367e-07
9.5367e-07
0.0000e+00
2.4080e-05
9.5367e-07
0.0000e+00
2.1219e-05
0.0000e+00
0.0000e+00
2.1935e-05
9.5367e-07
0.0000e+00
2.2173e-05
1.9073e-06
0.0000e+00
2.1935e-05
1.2398e-04
0.0000e+00
2.1935e-05
6.9141e-06
0.0000e+00
2.1935e-05
9.5367e-07
0.0000e+00
3.0041e-05
1.9073e-06
6.9141e-05
0.0000e+00
0.0000e+00
0.0000e+00
2.3127e-05
9.5367e-07
1.9073e-06
0.0000e+00
0.0000e+00
0.0000e+00
2.1935e-05
1.1921e-06
0.0000e+00
2.2888e-05
9.5367e-07
0.0000e+00
2.1935e-05
8.1062e-06
0.0000e+00
2.1935e-05
1.1921e-06
0.0000e+00
2.1935e-05
1.1921e-06
0.0000e+00
2.1935e-05
9.5367e-07
4.1008e-05
0.0000e+00
9.5367e-07
1.5998e-04
9.5367e-07
9.5367e-07
0.0000e+00
2.1935e-05
0.0000e+00
0.0000e+00
2.1935e-05
1.1921e-06
0.0000e+00
2.0981e-05
9.5367e-07
0.0000e+00
2.0981e-05
1.2493e-04
0.0000e+00
2.0981e-05
2.1458e-06
0.0000e+00
3.0041e-05
1.9073e-06
0.0000e+00
2.2888e-05
1.1921e-06
1.0300e-04
0.0000e+00
0.0000e+00
0.0000e+00
2.3127e-05
0.0000e+00
2.1458e-06
0.0000e+00
4.0531e-06
0.0000e+00
2.1935e-05
2.0027e-05
0.0000e+00
2.2173e-05
9.5367e-07
0.0000e+00
2.0981e-05
1.1921e-06
0.0000e+00
2.1935e-05
9.5367e-07
0.0000e+00
2.9087e-05
1.7214e-04
1.9073e-06
0.0000e+00
1.9073e-05
0.0000e+00
2.2888e-05
9.5367e-07
0.0000e+00
2.2888e-05
9.5367e-07
0.0000e+00
2.1935e-05
6.7949e-05
4.0531e-06
0.0000e+00
2.3127e-05
0.0000e+00
2.2888e-05
1.1921e-06
1.2684e-04
1.1921e-06
9.5367e-07
0.0000e+00
2.1935e-05
9.5367e-07
2.1458e-06
0.0000e+00
1.1921e-06
0.0000e+00
2.3842e-05
9.5367e-07
0.0000e+00
2.0981e-05
0.0000e+00
0.0000e+00
2.4080e-05
9.5367e-07
0.0000e+00
2.3127e-05
5.1022e-05
0.0000e+00
2.0981e-05
5.0068e-06
0.0000e+00
2.0981e-05
2.0027e-05
0.0000e+00
2.1219e-05
9.5367e-07
1.3089e-04
1.1921e-06
9.5367e-07
3.0041e-05
0.0000e+00
9.5367e-07
0.0000e+00
2.2888e-05
0.0000e+00
1.9073e-06
0.0000e+00
9.5367e-07
0.0000e+00
2.3127e-05
9.5367e-07
0.0000e+00
2.1935e-05
0.0000e+00
0.0000e+00
2.1935e-05
1.0610e-04
0.0000e+00
2.1935e-05
1.1921e-06
0.0000e+00
2.0981e-05
9.5367e-07
0.0000e+00
2.9087e-05
9.5367e-07
0.0000e+00
2.2888e-05
1.9073e-06
0.0000e+00
2.2173e-05
9.5367e-07
9.2030e-05
0.0000e+00
0.0000e+00
0.0000e+00
2.1935e-05
0.0000e+00
0.0000e+00
2.1935e-05
1.1921e-06
0.0000e+00
2.0981e-05
9.5367e-07
2.8133e-05
0.0000e+00
9.5367e-07
1.9073e-06
1.1921e-06
9.5367e-07
0.0000e+00
2.1935e-05
9.5367e-07
0.0000e+00
2.2888e-05
0.0000e+00
0.0000e+00
2.1935e-05
1.9073e-06
0.0000e+00
2.1935e-05
1.1921e-06
0.0000e+00
2.0981e-05
9.5367e-07
0.0000e+00
2.1219e-05
9.5367e-07
0.0000e+00
2.1935e-05
3.3498e-04
0.0000e+00
2.2173e-05
9.5367e-07
0.0000e+00
2.9087e-05
1.9073e-06
0.0000e+00
2.3127e-05
9.5367e-07
0.0000e+00
2.1935e-05
9.5367e-07
0.0000e+00
2.0981e-05
9.5367e-07
1.0610e-04
0.0000e+00
9.5367e-07
0.0000e+00
2.1935e-05
1.1921e-06
7.2002e-05
0.0000e+00
9.5367e-07
0.0000e+00
2.2173e-05
0.0000e+00
0.0000e+00
2.1935e-05
9.5367e-07
0.0000e+00
2.5988e-05
9.5367e-07
0.0000e+00
2.0981e-05
9.5367e-07
0.0000e+00
2.0981e-05
9.5367e-07
3.0994e-06
9.5367e-07
1.0014e-05
0.0000e+00
2.2173e-05
1.1683e-04
2.1458e-06
0.0000e+00
2.0027e-05
0.0000e+00
2.1935e-05
1.1921e-06
0.0000e+00
2.1935e-05
3.9101e-05
0.0000e+00
3.3855e-05
1.1921e-06
0.0000e+00
2.1935e-05
9.5367e-07
0.0000e+00
2.2173e-05
9.5367e-07
0.0000e+00
2.0981e-05
2.3127e-05
0.0000e+00
2.0981e-05
5.9605e-06
1.6212e-04
0.0000e+00
9.5367e-07
1.9073e-05
9.5367e-07
9.5367e-07
2.1458e-06
9.5367e-07
9.5367e-07
0.0000e+00
2.2173e-05
0.0000e+00
0.0000e+00
2.0981e-05
9.5367e-07
0.0000e+00
2.1935e-05
1.1921e-06
0.0000e+00
2.1935e-05
0.0000e+00
0.0000e+00
2.2173e-05
1.1921e-06
0.0000e+00
2.1935e-05
1.1921e-06
0.0000e+00
2.1935e-05
9.5367e-07
0.0000e+00
2.2173e-05
2.1458e-06
0.0000e+00
2.0981e-05
9.5367e-07
0.0000e+00
3.0994e-05
2.8610e-06
0.0000e+00
2.2173e-05
9.5367e-07
0.0000e+00
2.1935e-05
1.1921e-06
0.0000e+00
2.1935e-05
9.5367e-07
0.0000e+00
2.2173e-05
8.2397e-04
0.0000e+00
2.1935e-05
2.5034e-05
0.0000e+00
2.1935e-05
9.5367e-07
0.0000e+00
2.1935e-05
9.5367e-07
5.6028e-05
9.5367e-07
1.1921e-06
0.0000e+00
2.2888e-05
0.0000e+00
0.0000e+00
2.1935e-05
9.5367e-07
0.0000e+00
2.1935e-05
9.5367e-07
0.0000e+00
2.1935e-05
9.5367e-07
0.0000e+00
2.2173e-05
9.5367e-07
0.0000e+00
2.1935e-05
1.1921e-06
2.5487e-04
0.0000e+00
0.0000e+00
7.9870e-05
0.0000e+00
9.5367e-07
3.0994e-06
9.5367e-07
5.9605e-06
0.0000e+00
2.3127e-05
9.5367e-07
0.0000e+00
2.2173e-05
2.8610e-06
0.0000e+00
2.1219e-05
9.5367e-07
0.0000e+00
2.1935e-05
1.1921e-06
0.0000e+00
2.1935e-05
9.5367e-07
0.0000e+00
2.2173e-05
9.5367e-07
0.0000e+00
2.1935e-05
1.1921e-06
0.0000e+00
3.1948e-05
9.5367e-07
0.0000e+00
2.1935e-05
1.9073e-06
0.0000e+00
2.2173e-05
2.2006e-04
0.0000e+00
2.1935e-05
9.5367e-07
0.0000e+00
2.2173e-05
5.9605e-06
5.1975e-05
9.5367e-07
0.0000e+00
0.0000e+00
2.1935e-05
9.5367e-07
3.8147e-05
0.0000e+00
9.5367e-07
1.9073e-06
1.1921e-06
9.5367e-07
0.0000e+00
3.0041e-05
9.5367e-07
0.0000e+00
2.1935e-05
9.5367e-07
2.8610e-06
0.0000e+00
9.5367e-07
0.0000e+00
2.1935e-05
5.0068e-06
0.0000e+00
2.2173e-05
2.0695e-04
0.0000e+00
2.2173e-05
1.1921e-06
0.0000e+00
2.1935e-05
1.0967e-05
5.6028e-05
1.1921e-06
1.1921e-06
1.9073e-06
0.0000e+00
1.1921e-06
0.0000e+00
3.2902e-05
2.1458e-06
7.5817e-05
0.0000e+00
9.5367e-07
4.6015e-05
0.0000e+00
0.0000e+00
0.0000e+00
2.2173e-05
9.5367e-07
3.4094e-05
0.0000e+00
0.0000e+00
0.0000e+00
2.2888e-05
0.0000e+00
0.0000e+00
2.1935e-05
9.5367e-07
0.0000e+00
2.2173e-05
9.5367e-07
0.0000e+00
2.0981e-05
1.1921e-06
0.0000e+00
2.8849e-05
2.1458e-06
0.0000e+00
2.2888e-05
1.1921e-06
0.0000e+00
2.1935e-05
9.5367e-07
1.0014e-04
0.0000e+00
0.0000e+00
0.0000e+00
2.2173e-05
9.5367e-07
0.0000e+00
2.1935e-05
0.0000e+00
0.0000e+00
2.1935e-05
9.5367e-07
0.0000e+00
2.0981e-05
1.1921e-06
0.0000e+00
2.0981e-05
9.5367e-07
0.0000e+00
2.2888e-05
9.5367e-07
2.1458e-06
0.0000e+00
9.5367e-07
0.0000e+00
2.2173e-05
9.5367e-07
0.0000e+00
2.0981e-05
1.1921e-06
1.1802e-04
0.0000e+00
9.5367e-07
0.0000e+00
2.2173e-05
9.5367e-07
0.0000e+00
2.1935e-05
0.0000e+00
0.0000e+00
2.4796e-05
4.1008e-05
0.0000e+00
3.5048e-05
9.5367e-07
0.0000e+00
2.2173e-05
9.5367e-07
0.0000e+00
2.1935e-05
1.1921e-06
0.0000e+00
2.1935e-05
9.5367e-07
0.0000e+00
2.0981e-05
9.5367e-07
0.0000e+00
2.0981e-05
9.5367e-07
0.0000e+00
2.2173e-05
9.5367e-07
0.0000e+00
2.0981e-05
1.1921e-06
0.0000e+00
2.2888e-05
1.1921e-06
0.0000e+00
2.1935e-05
9.5367e-07
1.7500e-04
0.0000e+00
9.5367e-07
0.0000e+00
2.2888e-05
1.1921e-06
0.0000e+00
2.0981e-05
9.5367e-07
0.0000e+00
2.1935e-05
1.1921e-06
0.0000e+00
2.0981e-05
9.5367e-07
0.0000e+00
2.2173e-05
2.1601e-04
0.0000e+00
2.2888e-05
1.0014e-05
0.0000e+00
2.1935e-05
9.5367e-07
2.1458e-06
0.0000e+00
1.9073e-06
0.0000e+00
2.5034e-05
9.5367e-07
0.0000e+00
2.0981e-05
9.5367e-07
1.9073e-06
1.1921e-06
1.3828e-05
0.0000e+00
2.2173e-05
9.5367e-07
2.5511e-04
0.0000e+00
0.0000e+00
0.0000e+00
2.2173e-05
0.0000e+00
9.5367e-07
8.1062e-06
9.5367e-07
8.6784e-05
1.1921e-06
9.5367e-07
9.5367e-07
0.0000e+00
1.1921e-06
3.8147e-06
0.0000e+00
9.5367e-07
0.0000e+00
2.2888e-05
1.1921e-06
0.0000e+00
2.1935e-05
1.4400e-04
0.0000e+00
2.0981e-05
1.1921e-06
0.0000e+00
2.1935e-05
9.5367e-07
0.0000e+00
2.1219e-05
9.5367e-07
0.0000e+00
2.1935e-05
2.1458e-06
0.0000e+00
2.1935e-05
9.5367e-07
1.1921e-06
0.0000e+00
0.0000e+00
0.0000e+00
2.2173e-05
0.0000e+00
0.0000e+00
2.1935e-05
0.0000e+00
0.0000e+00
2.1935e-05
9.5367e-07
0.0000e+00
2.1935e-05
9.5367e-07
0.0000e+00
2.0981e-05
9.5367e-07
0.0000e+00
2.0981e-05
9.5367e-07
2.1911e-04
0.0000e+00
9.5367e-07
0.0000e+00
2.3127e-05
0.0000e+00
1.4114e-04
9.5367e-07
0.0000e+00
0.0000e+00
2.1935e-05
1.1921e-06
0.0000e+00
2.0981e-05
0.0000e+00
9.5367e-07
0.0000e+00
0.0000e+00
5.9605e-06
9.5367e-07
9.5367e-07
3.0994e-06
9.5367e-07
4.0531e-06
2.1458e-06
0.0000e+00
9.5367e-07
7.8917e-05
0.0000e+00
0.0000e+00
0.0000e+00
2.2888e-05
9.5367e-07
1.9073e-06
9.5367e-07
1.1921e-06
0.0000e+00
2.3842e-05
1.1921e-06
3.3593e-04
0.0000e+00
1.1921e-06
0.0000e+00
2.1935e-05
9.5367e-07
0.0000e+00
2.2173e-05
9.5367e-07
0.0000e+00
2.1935e-05
0.0000e+00
8.8215e-06
9.5367e-07
3.0994e-06
0.0000e+00
2.1935e-05
9.5367e-07
0.0000e+00
2.1935e-05
9.5367e-07
0.0000e+00
2.9802e-05
2.0027e-05
0.0000e+00
2.0981e-05
9.5367e-07
0.0000e+00
2.2173e-05
1.9073e-06
0.0000e+00
2.1935e-05
0.0000e+00
2.2888e-04
9.5367e-07
9.5367e-07
5.0068e-06
9.5367e-07
9.5367e-07
0.0000e+00
2.1935e-05
1.1921e-06
0.0000e+00
2.0981e-05
9.5367e-07
0.0000e+00
2.2173e-05
1.9073e-06
0.0000e+00
2.3127e-05
1.8835e-05
0.0000e+00
2.2173e-05
9.5367e-07
0.0000e+00
2.0981e-05
1.1921e-06
0.0000e+00
2.1935e-05
9.5367e-07
0.0000e+00
2.2173e-05
9.5367e-07
0.0000e+00
2.0981e-05
3.0041e-05
0.0000e+00
2.1935e-05
1.1921e-06
0.0000e+00
3.2902e-05
9.5367e-07
0.0000e+00
2.1935e-05
9.5367e-07
0.0000e+00
2.2888e-05
1.9073e-06
0.0000e+00
2.2173e-05
9.5367e-07
0.0000e+00
2.0981e-05
1.1921e-06
0.0000e+00
2.0981e-05
9.5367e-07
0.0000e+00
2.0981e-05
1.1921e-06
0.0000e+00
2.6941e-05
9.5367e-07
0.0000e+00
2.1935e-05
2.2006e-04
0.0000e+00
2.1935e-05
9.5367e-07
0.0000e+00
2.2173e-05
9.5367e-07
0.0000e+00
2.0981e-05
7.1049e-05
0.0000e+00
2.2173e-05
9.5367e-07
0.0000e+00
2.1935e-05
5.9605e-06
0.0000e+00
2.0981e-05
1.9073e-06
0.0000e+00
2.9087e-05
1.9073e-06
8.0109e-05
0.0000e+00
0.0000e+00
0.0000e+00
2.2173e-05
0.0000e+00
0.0000e+00
2.1935e-05
9.5367e-07
0.0000e+00
2.0981e-05
9.5367e-07
0.0000e+00
2.0981e-05
1.1921e-06
0.0000e+00
2.3842e-05
1.1921e-06
0.0000e+00
2.0981e-05
9.5367e-07
2.1911e-04
0.0000e+00
9.5367e-07
0.0000e+00
2.2888e-05
9.5367e-07
2.8849e-05
1.1921e-06
9.5367e-07
6.6996e-05
0.0000e+00
0.0000e+00
2.1458e-06
0.0000e+00
9.5367e-07
0.0000e+00
2.3127e-05
7.2002e-05
0.0000e+00
2.1935e-05
6.9141e-06
0.0000e+00
2.2173e-05
9.5367e-07
0.0000e+00
2.0981e-05
9.5367e-07
0.0000e+00
2.5988e-05
3.0994e-06
0.0000e+00
2.5988e-05
1.9073e-06
0.0000e+00
2.2173e-05
9.5367e-07
0.0000e+00
2.1935e-05
2.1458e-06
0.0000e+00
2.1935e-05
9.5367e-07
0.0000e+00
2.1935e-05
1.1921e-06
0.0000e+00
2.1935e-05
9.5367e-07
3.0994e-06
0.0000e+00
9.5367e-07
0.0000e+00
2.2173e-05
9.5367e-07
0.0000e+00
2.2888e-05
9.5367e-07
3.0994e-06
9.5367e-07
9.5367e-07
0.0000e+00
2.1935e-05
2.3699e-04
0.0000e+00
2.2173e-05
9.5367e-07
0.0000e+00
2.1935e-05
1.1897e-04
0.0000e+00
2.2173e-05
9.5367e-07
0.0000e+00
2.1935e-05
7.8678e-06
0.0000e+00
2.1935e-05
1.9073e-06
5.4121e-05
0.0000e+00
0.0000e+00
0.0000e+00
2.3127e-05
0.0000e+00
0.0000e+00
2.1935e-05
9.5367e-07
0.0000e+00
2.0981e-05
9.5367e-07
5.2214e-05
0.0000e+00
9.5367e-07
0.0000e+00
2.3127e-05
9.5367e-07
0.0000e+00
2.0981e-05
9.5367e-07
0.0000e+00
2.2173e-05
9.5367e-07
0.0000e+00
2.7895e-05
2.1458e-06
9.5367e-07
0.0000e+00
9.5367e-07
0.0000e+00
2.2888e-05
1.1921e-06
2.8610e-06
9.5367e-07
1.1921e-06
0.0000e+00
2.1935e-05
9.5367e-07
3.9101e-05
0.0000e+00
9.5367e-07
1.9073e-06
1.1921e-06
9.5367e-07
0.0000e+00
2.1935e-05
9.5367e-07
4.9806e-04
9.5367e-07
1.1921e-06
1.9073e-06
0.0000e+00
0.0000e+00
4.4823e-05
0.0000e+00
0.0000e+00
0.0000e+00
2.1935e-05
9.5367e-07
0.0000e+00
2.1935e-05
5.0068e-06
0.0000e+00
2.0981e-05
9.5367e-07
9.0599e-06
9.5367e-07
1.6928e-05
0.0000e+00
2.2173e-05
9.5367e-07
0.0000e+00
2.1935e-05
1.1921e-06
9.9897e-05
0.0000e+00
1.1921e-06
9.5367e-07
0.0000e+00
0.0000e+00
0.0000e+00
2.2173e-05
9.5367e-07
0.0000e+00
2.1935e-05
2.1005e-04
0.0000e+00
2.4080e-05
9.5367e-07
0.0000e+00
2.0981e-05
1.6928e-05
0.0000e+00
2.1935e-05
1.1921e-06
0.0000e+00
2.1935e-05
9.5367e-07
0.0000e+00
2.0981e-05
1.1921e-06
0.0000e+00
2.0981e-05
9.5367e-07
0.0000e+00
2.0981e-05
1.1921e-06
0.0000e+00
2.0981e-05
9.5367e-07
0.0000e+00
2.3127e-05
9.5367e-07
0.0000e+00
2.2173e-05
9.5367e-07
0.0000e+00
2.1935e-05
9.5367e-07
1.8382e-04
0.0000e+00
1.1921e-06
0.0000e+00
2.1935e-05
0.0000e+00
0.0000e+00
2.0981e-05
9.5367e-07
0.0000e+00
2.1935e-05
0.0000e+00
0.0000e+00
2.0981e-05
9.5367e-07
0.0000e+00
2.1935e-05
2.7895e-05
0.0000e+00
2.2173e-05
6.1989e-06
0.0000e+00
2.1935e-05
1.2708e-04
0.0000e+00
2.1935e-05
9.5367e-07
0.0000e+00
2.0981e-05
9.5367e-07
3.0994e-06
0.0000e+00
9.5367e-07
0.0000e+00
2.1935e-05
9.5367e-07
0.0000e+00
2.1935e-05
1.9073e-06
0.0000e+00
2.2888e-05
9.5367e-07
0.0000e+00
2.1935e-05
9.5367e-07
2.4915e-04
0.0000e+00
9.5367e-07
0.0000e+00
2.3127e-05
9.5367e-07
0.0000e+00
2.0981e-05
1.1921e-06
1.9073e-06
9.5367e-07
9.5367e-07
1.3900e-04
1.1921e-06
9.5367e-07
0.0000e+00
2.1935e-05
9.5367e-07
0.0000e+00
2.1935e-05
9.5367e-07
0.0000e+00
2.9087e-05
9.5367e-07
0.0000e+00
2.2173e-05
7.1526e-06
0.0000e+00
2.1935e-05
9.5367e-07
5.9843e-05
0.0000e+00
9.5367e-07
0.0000e+00
2.1935e-05
5.0068e-06
0.0000e+00
2.2173e-05
9.5367e-07
0.0000e+00
2.4080e-05
9.5367e-07
0.0000e+00
2.1935e-05
1.1921e-06
0.0000e+00
3.0994e-05
1.9073e-06
0.0000e+00
2.3127e-05
9.5367e-07
0.0000e+00
2.1935e-05
9.5367e-07
0.0000e+00
2.0981e-05
9.5367e-07
0.0000e+00
2.2173e-05
9.5367e-07
0.0000e+00
2.0981e-05
9.5367e-07
2.1458e-06
9.5367e-07
9.5367e-07
2.4509e-04
0.0000e+00
1.1921e-06
2.0981e-05
9.5367e-07
9.5367e-07
0.0000e+00
3.0994e-05
9.5367e-07
0.0000e+00
2.1935e-05
9.5367e-07
0.0000e+00
2.1935e-05
9.5367e-07
0.0000e+00
2.0981e-05
0.0000e+00
0.0000e+00
2.1935e-05
9.5367e-07
0.0000e+00
2.0981e-05
1.0586e-04
2.5034e-05
9.5367e-07
1.1921e-06
0.0000e+00
2.1935e-05
9.5367e-07
0.0000e+00
2.7895e-05
1.9073e-06
2.1458e-06
9.5367e-07
1.0014e-05
3.0994e-06
0.0000e+00
9.5367e-07
1.9073e-05
9.5367e-07
2.1458e-06
3.7909e-05
0.0000e+00
1.1921e-06
2.8610e-06
9.5367e-07
1.1921e-06
0.0000e+00
2.2888e-05
1.1921e-06
0.0000e+00
2.0981e-05
9.5367e-07
0.0000e+00
2.2173e-05
9.5367e-07
0.0000e+00
2.1935e-05
1.1921e-06
0.0000e+00
2.1935e-05
1.1921e-06
0.0000e+00
2.2888e-05
9.5367e-07
0.0000e+00
2.1935e-05
9.5367e-07
0.0000e+00
2.1935e-05
9.5367e-07
0.0000e+00
2.0981e-05
9.5367e-07
0.0000e+00
2.2173e-05
9.5367e-07
0.0000e+00
2.1935e-05
0.0000e+00
0.0000e+00
2.1935e-05
5.6815e-04
0.0000e+00
2.8849e-05
9.5367e-07
0.0000e+00
2.4080e-05
9.5367e-07
0.0000e+00
2.0981e-05
1.1921e-06
0.0000e+00
2.1935e-05
9.5367e-07
0.0000e+00
2.0981e-05
9.5367e-07
0.0000e+00
2.1935e-05
9.5367e-07
0.0000e+00
2.1935e-05
9.5367e-07
0.0000e+00
2.2173e-05
1.9073e-06
0.0000e+00
2.4080e-05
9.5367e-07
0.0000e+00
2.0981e-05
1.1921e-06
0.0000e+00
2.1935e-05
9.5367e-07
0.0000e+00
2.1935e-05
1.1921e-06
0.0000e+00
2.0981e-05
9.5367e-07
0.0000e+00
2.2173e-05
9.5367e-07
0.0000e+00
2.1935e-05
1.1921e-06
0.0000e+00
2.0981e-05
9.5367e-07
0.0000e+00
2.1935e-05
2.9111e-04
0.0000e+00
2.1935e-05
9.5367e-07
0.0000e+00
2.2173e-05
9.5367e-07
3.9101e-05
0.0000e+00
0.0000e+00
0.0000e+00
2.1935e-05
9.5367e-07
0.0000e+00
2.0981e-05
9.5367e-07
0.0000e+00
2.0981e-05
9.5367e-07
0.0000e+00
2.1935e-05
9.5367e-07
0.0000e+00
2.5034e-05
9.5367e-07
1.1921e-06
0.0000e+00
1.2875e-05
0.0000e+00
2.3127e-05
9.5367e-07
1.8120e-05
0.0000e+00
9.5367e-07
0.0000e+00
2.1935e-05
9.5367e-07
1.0014e-05
0.0000e+00
6.9141e-06
1.8096e-04
0.0000e+00
0.0000e+00
0.0000e+00
2.2173e-05
0.0000e+00
0.0000e+00
2.1935e-05
9.5367e-07
0.0000e+00
3.0994e-05
9.5367e-07
0.0000e+00
2.2173e-05
9.5367e-07
1.9073e-06
0.0000e+00
9.5367e-07
1.2994e-04
0.0000e+00
0.0000e+00
0.0000e+00
2.1935e-05
9.5367e-07
0.0000e+00
2.2173e-05
9.5367e-07
0.0000e+00
2.1935e-05
1.6308e-04
6.9141e-06
1.1921e-06
2.2888e-05
0.0000e+00
2.2888e-05
1.1921e-06
0.0000e+00
2.8849e-05
2.1458e-06
0.0000e+00
2.2888e-05
1.1921e-06
7.8678e-06
9.5367e-07
1.1921e-06
0.0000e+00
2.1935e-05
9.5367e-07
0.0000e+00
2.2173e-05
9.1076e-05
7.8917e-05
0.0000e+00
9.5367e-07
0.0000e+00
2.1935e-05
9.5367e-07
9.5367e-07
0.0000e+00
9.5367e-07
1.9073e-06
0.0000e+00
0.0000e+00
1.9073e-06
9.5367e-07
9.5367e-07
0.0000e+00
2.1935e-05
9.5367e-07
0.0000e+00
2.2888e-05
1.1921e-06
0.0000e+00
2.1935e-05
9.5367e-07
1.8215e-04
0.0000e+00
0.0000e+00
0.0000e+00
2.2173e-05
9.5367e-07
0.0000e+00
2.1935e-05
9.5367e-07
0.0000e+00
2.2173e-05
0.0000e+00
0.0000e+00
2.1935e-05
9.5367e-07
0.0000e+00
2.0981e-05
9.5367e-07
2.1458e-06
0.0000e+00
9.5367e-07
0.0000e+00
2.3127e-05
9.5367e-07
0.0000e+00
2.0981e-05
1.1921e-06
0.0000e+00
2.0981e-05
9.5367e-07
0.0000e+00
2.2173e-05
2.1601e-04
0.0000e+00
2.2888e-05
1.1921e-06
0.0000e+00
2.0981e-05
9.5367e-07
0.0000e+00
2.1935e-05
9.5367e-07
0.0000e+00
2.2173e-05
9.5367e-07
0.0000e+00
2.1935e-05
9.5367e-07
0.0000e+00
2.0981e-05
9.5367e-07
0.0000e+00
2.1935e-05
1.1921e-06
0.0000e+00
2.1935e-05
3.5048e-05
0.0000e+00
2.1935e-05
9.5367e-07
4.9114e-05
0.0000e+00
9.5367e-07
0.0000e+00
2.3127e-05
9.5367e-07
0.0000e+00
2.9087e-05
1.9073e-06
0.0000e+00
2.1935e-05
2.1458e-06
1.9073e-06
0.0000e+00
9.5367e-07
0.0000e+00
2.2173e-05
9.5367e-07
0.0000e+00
2.0981e-05
9.5367e-07
0.0000e+00
2.1935e-05
3.2306e-04
3.0994e-06
9.5367e-07
1.6928e-05
0.0000e+00
2.3842e-05
5.1022e-05
4.0770e-05
0.0000e+00
0.0000e+00
0.0000e+00
3.0994e-05
1.9073e-06
0.0000e+00
2.3127e-05
9.5367e-07
0.0000e+00
2.0981e-05
1.1921e-06
0.0000e+00
2.1935e-05
1.9073e-06
9.2983e-05
1.1921e-06
9.5367e-07
0.0000e+00
2.1935e-05
9.5367e-07
0.0000e+00
2.0981e-05
9.5367e-07
0.0000e+00
2.0981e-05
0.0000e+00
0.0000e+00
2.7180e-05
5.5075e-05
0.0000e+00
2.1935e-05
9.5367e-07
2.1458e-06
9.5367e-07
1.9073e-05
0.0000e+00
2.1935e-05
1.1921e-06
0.0000e+00
2.0981e-05
9.5367e-07
0.0000e+00
2.1935e-05
1.1921e-06
0.0000e+00
2.1935e-05
9.5367e-07
0.0000e+00
2.1219e-05
9.5367e-07
0.0000e+00
2.6941e-05
9.5367e-07
0.0000e+00
2.1935e-05
5.6003e-02
