3.7289e-03
1.7166e-05
0.0000e+00
6.0081e-05
2.1458e-06
0.0000e+00
4.0054e-05
4.0531e-06
4.0054e-05
0.0000e+00
1.0967e-05
0.0000e+00
4.0054e-05
1.9073e-06
9.2387e-04
1.1921e-06
2.8610e-06
0.0000e+00
4.6015e-05
1.1921e-06
0.0000e+00
4.0054e-05
9.5367e-07
0.0000e+00
3.8147e-05
9.5367e-07
0.0000e+00
5.1975e-05
1.1921e-06
0.0000e+00
4.1962e-05
9.5367e-07
0.0000e+00
3.9101e-05
9.5367e-07
0.0000e+00
3.6955e-05
0.0000e+00
0.0000e+00
4.0054e-05
9.5367e-07
0.0000e+00
3.7909e-05
9.5367e-07
0.0000e+00
3.6955e-05
5.0068e-06
3.8147e-06
0.0000e+00
2.8610e-06
0.0000e+00
4.8161e-05
1.9073e-06
0.0000e+00
3.8147e-05
4.0531e-06
2.8610e-06
1.1921e-06
1.1921e-06
0.0000e+00
3.6955e-05
4.0531e-06
5.9605e-06
0.0000e+00
9.5367e-07
0.0000e+00
3.8147e-05
1.9073e-06
0.0000e+00
3.8147e-05
1.9073e-06
0.0000e+00
3.7193e-05
9.5367e-07
0.0000e+00
3.8147e-05
9.5367e-07
0.0000e+00
4.8161e-05
1.9073e-06
0.0000e+00
3.7909e-05
9.5367e-07
0.0000e+00
3.6955e-05
1.1921e-06
0.0000e+00
3.6955e-05
9.5367e-07
2.8610e-06
0.0000e+00
1.1921e-06
0.0000e+00
3.6955e-05
1.2875e-05
0.0000e+00
3.8862e-05
5.0068e-06
0.0000e+00
3.7909e-05
3.0994e-06
5.9605e-06
1.1921e-06
2.1458e-06
5.0068e-06
9.5367e-07
2.1458e-06
3.8147e-06
0.0000e+00
3.7193e-05
0.0000e+00
3.6955e-05
4.4107e-05
0.0000e+00
3.7909e-05
1.9073e-06
0.0000e+00
3.8147e-05
2.8610e-06
0.0000e+00
3.8147e-05
1.0967e-05
0.0000e+00
3.7193e-05
3.8147e-06
0.0000e+00
3.7909e-05
2.1458e-06
4.9829e-05
0.0000e+00
9.5367e-07
0.0000e+00
3.6955e-05
1.1921e-06
0.0000e+00
3.6001e-05
4.0531e-06
0.0000e+00
3.6955e-05
9.5367e-07
1.9073e-06
9.5367e-07
3.0994e-06
0.0000e+00
4.0054e-05
1.9073e-06
0.0000e+00
3.7193e-05
3.8147e-06
0.0000e+00
3.7909e-05
5.0068e-06
0.0000e+00
4.1008e-05
2.1458e-06
0.0000e+00
3.6955e-05
9.5367e-07
0.0000e+00
3.7193e-05
9.0599e-06
3.0994e-06
9.5367e-07
3.8147e-05
1.0014e-05
0.0000e+00
3.0041e-05
0.0000e+00
3.7909e-05
1.3828e-05
0.0000e+00
3.8862e-05
3.0994e-06
3.0994e-06
9.5367e-07
3.6001e-05
1.9073e-06
9.5367e-07
3.5048e-05
0.0000e+00
3.7909e-05
3.0994e-06
0.0000e+00
3.9101e-05
2.1458e-06
0.0000e+00
3.6955e-05
1.9073e-06
0.0000e+00
3.6001e-05
1.3828e-05
3.0994e-06
9.5367e-07
3.8147e-05
4.0531e-06
0.0000e+00
3.6001e-05
3.0994e-06
0.0000e+00
4.1962e-05
0.0000e+00
3.8147e-05
5.1904e-04
3.0994e-06
9.5367e-07
3.6955e-05
2.0027e-05
9.5367e-07
1.7881e-05
0.0000e+00
3.7909e-05
9.5367e-07
0.0000e+00
3.6955e-05
2.1458e-06
0.0000e+00
3.7909e-05
1.9073e-06
0.0000e+00
3.8147e-05
1.9073e-06
0.0000e+00
3.8147e-05
9.5367e-07
0.0000e+00
3.8147e-05
9.5367e-07
0.0000e+00
3.6955e-05
1.1921e-06
0.0000e+00
3.7909e-05
2.1458e-06
2.8610e-06
9.5367e-07
1.2159e-05
0.0000e+00
3.6955e-05
4.0531e-06
0.0000e+00
3.9101e-05
2.8610e-06
0.0000e+00
3.7909e-05
2.1458e-06
0.0000e+00
3.6955e-05
3.0994e-06
0.0000e+00
3.7909e-05
3.0994e-06
0.0000e+00
3.6955e-05
1.1921e-06
0.0000e+00
3.6955e-05
9.5367e-07
0.0000e+00
3.7909e-05
9.5367e-07
0.0000e+00
4.5061e-05
5.0068e-06
3.0994e-06
9.5367e-07
9.5367e-07
0.0000e+00
3.6955e-05
9.5367e-07
0.0000e+00
3.6955e-05
1.9073e-06
0.0000e+00
3.6955e-05
2.1458e-06
0.0000e+00
3.7909e-05
4.0531e-06
0.0000e+00
3.9101e-05
1.9073e-06
0.0000e+00
3.7193e-05
9.5367e-07
0.0000e+00
3.5048e-05
2.1458e-06
0.0000e+00
3.7909e-05
1.9073e-06
0.0000e+00
3.6955e-05
1.9073e-06
0.0000e+00
4.1008e-05
2.1458e-06
0.0000e+00
3.7909e-05
9.5367e-07
3.8147e-06
0.0000e+00
1.2875e-05
1.0967e-05
9.5367e-07
2.6941e-05
0.0000e+00
3.8147e-05
9.5367e-07
0.0000e+00
3.6955e-05
2.1458e-06
0.0000e+00
4.6015e-05
4.0531e-06
0.0000e+00
3.8147e-05
9.5367e-07
0.0000e+00
3.8147e-05
1.9073e-06
0.0000e+00
3.6955e-05
9.5367e-07
1.0967e-05
9.5367e-07
5.0068e-06
0.0000e+00
3.8147e-05
9.5367e-07
0.0000e+00
3.8147e-05
9.5367e-07
0.0000e+00
3.6955e-05
1.9073e-06
0.0000e+00
4.5061e-05
5.9605e-06
0.0000e+00
3.8147e-05
9.5367e-07
0.0000e+00
3.7193e-05
1.9073e-06
0.0000e+00
3.8147e-05
5.0068e-06
0.0000e+00
3.7909e-05
2.1458e-06
0.0000e+00
3.7909e-05
4.0531e-06
0.0000e+00
4.1008e-05
1.9073e-06
0.0000e+00
3.8147e-05
2.1458e-06
0.0000e+00
3.7909e-05
9.5367e-07
0.0000e+00
3.7909e-05
5.0068e-06
0.0000e+00
3.6955e-05
1.9073e-06
0.0000e+00
3.6955e-05
5.0068e-06
0.0000e+00
3.6001e-05
2.1458e-06
0.0000e+00
3.7909e-05
4.0531e-06
0.0000e+00
3.8147e-05
1.9073e-06
0.0000e+00
4.6968e-05
5.0068e-06
0.0000e+00
3.6001e-05
9.5367e-07
0.0000e+00
3.6001e-05
4.7684e-06
0.0000e+00
3.6001e-05
4.0531e-06
0.0000e+00
3.6955e-05
9.5367e-07
4.0531e-06
1.1921e-06
1.9073e-06
3.0994e-06
0.0000e+00
3.6001e-05
0.0000e+00
3.9101e-05
1.9073e-06
0.0000e+00
3.6955e-05
2.1458e-06
0.0000e+00
5.1022e-05
1.9073e-06
0.0000e+00
4.2200e-05
1.9073e-06
3.0994e-06
0.0000e+00
9.5367e-07
0.0000e+00
3.7193e-05
1.1921e-06
0.0000e+00
3.6001e-05
8.1062e-06
0.0000e+00
3.6955e-05
1.9073e-06
0.0000e+00
3.7909e-05
9.5367e-07
0.0000e+00
3.7909e-05
1.9073e-06
0.0000e+00
4.6015e-05
1.9073e-06
0.0000e+00
3.6955e-05
3.0994e-06
0.0000e+00
3.7909e-05
1.9073e-06
0.0000e+00
3.6955e-05
2.1458e-06
0.0000e+00
3.7909e-05
9.5367e-07
3.0994e-06
0.0000e+00
3.5048e-05
0.0000e+00
3.7909e-05
1.1921e-06
0.0000e+00
3.7909e-05
2.1458e-06
0.0000e+00
4.6968e-05
1.9073e-06
0.0000e+00
3.7909e-05
6.9141e-06
0.0000e+00
3.7193e-05
9.5367e-07
0.0000e+00
3.6955e-05
9.5367e-07
0.0000e+00
3.6955e-05
9.5367e-07
8.1062e-06
9.5367e-07
2.3127e-05
0.0000e+00
3.7909e-05
2.1458e-06
0.0000e+00
3.6955e-05
1.1921e-06
0.0000e+00
4.7922e-05
2.1458e-06
0.0000e+00
3.7909e-05
2.1458e-06
0.0000e+00
3.6955e-05
1.9073e-06
8.1062e-06
9.5367e-07
0.0000e+00
0.0000e+00
3.6955e-05
9.5367e-07
0.0000e+00
3.6955e-05
1.1921e-06
0.0000e+00
3.6001e-05
1.9073e-06
0.0000e+00
3.7193e-05
1.9073e-06
0.0000e+00
4.6015e-05
1.9073e-06
0.0000e+00
3.8862e-05
9.5367e-07
0.0000e+00
3.6955e-05
9.5367e-07
0.0000e+00
3.7193e-05
1.9073e-06
0.0000e+00
3.6955e-05
1.1921e-06
2.8610e-06
9.5367e-07
9.5367e-07
6.9141e-06
0.0000e+00
3.1948e-05
0.0000e+00
3.7909e-05
1.9073e-06
0.0000e+00
3.8147e-05
9.5367e-07
0.0000e+00
5.4121e-05
9.5367e-07
0.0000e+00
3.6955e-05
1.1921e-06
0.0000e+00
3.6955e-05
9.5367e-07
0.0000e+00
3.6955e-05
9.5367e-07
0.0000e+00
3.6955e-05
1.1921e-06
0.0000e+00
3.6001e-05
9.5367e-07
0.0000e+00
3.7193e-05
2.8610e-06
0.0000e+00
3.6001e-05
1.1921e-06
0.0000e+00
3.7909e-05
1.9073e-06
0.0000e+00
3.6955e-05
1.1921e-06
2.8610e-06
1.1921e-06
9.5367e-07
1.9073e-06
0.0000e+00
3.6001e-05
1.9073e-06
1.1921e-06
3.5048e-05
0.0000e+00
3.7909e-05
1.1921e-06
0.0000e+00
3.7909e-05
4.0531e-06
0.0000e+00
3.6955e-05
1.9073e-06
0.0000e+00
3.7193e-05
5.0068e-06
0.0000e+00
3.8147e-05
2.8610e-06
0.0000e+00
3.7909e-05
9.5367e-07
0.0000e+00
3.6955e-05
4.0531e-06
0.0000e+00
4.1008e-05
4.0531e-06
0.0000e+00
3.6001e-05
9.5367e-07
0.0000e+00
3.6001e-05
4.0531e-06
0.0000e+00
3.6955e-05
4.0531e-06
0.0000e+00
5.8174e-05
5.0068e-06
0.0000e+00
3.8862e-05
2.1458e-06
0.0000e+00
3.6001e-05
4.0531e-06
0.0000e+00
3.6955e-05
2.1458e-06
0.0000e+00
3.6001e-05
2.8610e-06
0.0000e+00
3.6001e-05
9.5367e-07
0.0000e+00
3.6001e-05
3.0994e-06
0.0000e+00
3.6001e-05
9.5367e-07
2.8610e-06
0.0000e+00
3.0994e-06
0.0000e+00
3.9101e-05
4.0531e-06
0.0000e+00
3.6001e-05
9.5367e-07
0.0000e+00
3.7193e-05
1.9073e-06
0.0000e+00
3.6001e-05
9.5367e-07
0.0000e+00
3.6955e-05
9.5367e-07
0.0000e+00
3.7193e-05
1.9073e-06
0.0000e+00
4.1008e-05
9.5367e-07
0.0000e+00
4.7922e-05
2.1458e-06
0.0000e+00
3.6955e-05
1.9073e-06
0.0000e+00
3.6955e-05
9.5367e-07
0.0000e+00
3.6955e-05
9.5367e-07
0.0000e+00
3.6955e-05
9.5367e-07
0.0000e+00
3.6001e-05
1.1921e-06
1.9073e-06
0.0000e+00
9.5367e-07
1.9073e-06
9.5367e-07
3.6001e-05
0.0000e+00
3.6955e-05
2.1458e-06
0.0000e+00
3.6955e-05
9.5367e-07
0.0000e+00
3.7909e-05
1.9073e-06
0.0000e+00
3.6955e-05
9.5367e-07
0.0000e+00
3.7909e-05
1.1921e-06
0.0000e+00
3.7909e-05
1.9073e-06
3.0994e-06
0.0000e+00
0.0000e+00
0.0000e+00
3.6955e-05
9.5367e-07
1.9073e-06
9.5367e-07
2.5034e-05
1.9073e-06
1.1921e-06
3.2187e-05
1.9073e-06
1.1921e-06
3.5048e-05
0.0000e+00
3.6955e-05
9.5367e-07
0.0000e+00
4.1962e-05
1.9073e-06
0.0000e+00
3.6001e-05
9.5367e-07
0.0000e+00
3.6955e-05
9.5367e-07
1.9073e-06
9.5367e-07
1.0014e-05
0.0000e+00
3.6955e-05
1.9073e-06
0.0000e+00
3.8147e-05
1.9073e-06
2.1458e-06
9.5367e-07
3.5048e-05
0.0000e+00
4.7922e-05
9.5367e-07
0.0000e+00
3.6955e-05
2.1458e-06
0.0000e+00
3.6955e-05
2.1458e-06
0.0000e+00
3.6955e-05
1.9073e-06
2.5988e-05
9.5367e-07
1.0014e-05
0.0000e+00
3.9101e-05
4.0531e-06
0.0000e+00
3.8147e-05
1.9073e-06
1.8835e-05
9.5367e-07
1.9073e-05
0.0000e+00
3.7193e-05
9.5367e-07
0.0000e+00
4.0054e-05
9.5367e-07
0.0000e+00
3.8147e-05
4.0531e-06
0.0000e+00
2.4080e-05
9.5367e-07
0.0000e+00
2.1935e-05
9.5367e-07
0.0000e+00
2.0981e-05
0.0000e+00
0.0000e+00
2.4796e-05
1.8120e-05
0.0000e+00
2.1935e-05
2.3842e-05
0.0000e+00
3.1948e-05
1.4067e-05
0.0000e+00
2.0981e-05
3.7909e-05
0.0000e+00
2.0981e-05
2.3127e-05
0.0000e+00
2.1935e-05
2.3127e-05
0.0000e+00
2.1935e-05
8.9884e-05
4.1962e-05
0.0000e+00
1.9073e-06
0.0000e+00
2.3127e-05
9.5367e-07
9.5367e-07
0.0000e+00
3.6955e-05
0.0000e+00
2.1935e-05
1.7166e-05
0.0000e+00
2.1935e-05
2.2173e-05
0.0000e+00
2.1935e-05
3.4094e-05
4.3869e-05
0.0000e+00
1.1921e-06
0.0000e+00
2.1935e-05
2.1935e-05
0.0000e+00
2.2173e-05
2.1935e-05
0.0000e+00
2.1935e-05
2.2173e-05
0.0000e+00
2.0981e-05
2.0981e-05
2.5988e-05
0.0000e+00
2.4080e-05
2.1458e-06
9.5367e-07
4.6015e-05
0.0000e+00
2.3127e-05
2.0981e-05
0.0000e+00
2.0981e-05
2.2888e-05
0.0000e+00
2.1935e-05
2.3127e-05
0.0000e+00
2.1935e-05
9.5367e-07
0.0000e+00
2.2173e-05
1.8835e-05
0.0000e+00
2.1219e-05
2.2888e-05
0.0000e+00
2.0981e-05
2.3842e-05
0.0000e+00
3.2187e-05
2.2173e-05
0.0000e+00
2.1935e-05
9.5367e-07
0.0000e+00
2.1935e-05
9.5367e-07
0.0000e+00
2.1935e-05
5.9605e-06
0.0000e+00
2.1935e-05
5.6982e-05
0.0000e+00
2.2173e-05
3.7789e-04
1.4019e-04
0.0000e+00
0.0000e+00
0.0000e+00
2.1935e-05
0.0000e+00
0.0000e+00
2.0981e-05
1.1921e-06
1.9073e-06
9.5367e-07
1.1921e-06
0.0000e+00
2.2888e-05
1.1921e-06
0.0000e+00
2.1935e-05
1.1921e-05
0.0000e+00
2.1935e-05
9.5367e-07
2.1458e-06
0.0000e+00
9.5367e-07
0.0000e+00
2.0981e-05
1.1921e-06
0.0000e+00
2.1935e-05
9.5367e-07
0.0000e+00
2.1935e-05
9.5367e-07
0.0000e+00
2.7895e-05
9.5367e-07
0.0000e+00
2.2173e-05
1.3185e-04
0.0000e+00
2.2173e-05
1.9073e-06
1.7309e-04
9.5367e-07
9.5367e-07
0.0000e+00
2.1935e-05
0.0000e+00
0.0000e+00
2.0981e-05
0.0000e+00
0.0000e+00
2.1935e-05
9.5367e-07
0.0000e+00
2.2173e-05
9.5367e-07
0.0000e+00
3.1948e-05
1.1921e-06
0.0000e+00
2.1935e-05
9.5367e-07
0.0000e+00
2.1219e-05
1.4186e-04
0.0000e+00
2.1935e-05
1.9073e-06
0.0000e+00
2.1935e-05
7.8678e-06
0.0000e+00
2.0981e-05
1.9073e-06
0.0000e+00
2.1935e-05
9.5367e-07
0.0000e+00
2.0981e-05
6.7949e-05
0.0000e+00
2.3127e-05
9.5367e-07
0.0000e+00
2.1935e-05
1.1921e-06
0.0000e+00
2.0981e-05
0.0000e+00
0.0000e+00
2.0981e-05
7.8201e-05
0.0000e+00
2.0981e-05
8.1062e-06
0.0000e+00
2.0981e-05
1.9073e-06
0.0000e+00
2.0981e-05
1.9073e-06
0.0000e+00
2.6941e-05
9.5367e-07
0.0000e+00
2.1935e-05
1.1921e-06
0.0000e+00
2.0981e-05
9.5367e-07
0.0000e+00
2.0981e-05
4.7684e-06
4.2200e-05
0.0000e+00
0.0000e+00
0.0000e+00
2.1935e-05
9.5367e-07
0.0000e+00
2.1935e-05
9.5367e-07
0.0000e+00
2.1219e-05
0.0000e+00
0.0000e+00
2.9802e-05
1.1921e-06
0.0000e+00
2.2888e-05
1.1921e-06
1.9073e-06
0.0000e+00
5.0068e-06
0.0000e+00
2.2173e-05
1.1921e-06
0.0000e+00
2.0981e-05
6.9141e-06
0.0000e+00
2.1935e-05
1.9073e-06
0.0000e+00
2.1935e-05
3.0684e-04
0.0000e+00
2.2173e-05
6.3896e-05
0.0000e+00
2.1935e-05
2.0981e-05
0.0000e+00
2.2888e-05
9.5367e-07
0.0000e+00
2.0981e-05
1.8835e-05
0.0000e+00
2.1935e-05
1.9073e-06
0.0000e+00
2.1935e-05
1.1921e-06
0.0000e+00
2.1935e-05
4.8876e-05
0.0000e+00
2.0981e-05
9.5367e-07
0.0000e+00
2.0981e-05
1.2159e-05
0.0000e+00
2.8849e-05
1.1921e-06
0.0000e+00
2.1935e-05
4.0531e-06
1.9073e-06
0.0000e+00
1.1921e-05
2.0313e-04
0.0000e+00
0.0000e+00
0.0000e+00
2.1935e-05
0.0000e+00
0.0000e+00
2.0981e-05
0.0000e+00
0.0000e+00
2.0981e-05
0.0000e+00
0.0000e+00
1.9789e-05
0.0000e+00
0.0000e+00
2.0981e-05
0.0000e+00
0.0000e+00
2.2173e-05
0.0000e+00
0.0000e+00
2.0981e-05
1.3804e-04
0.0000e+00
2.0981e-05
9.5367e-07
1.9073e-06
9.5367e-07
1.1921e-06
3.8147e-06
0.0000e+00
1.7881e-05
0.0000e+00
2.0981e-05
3.8862e-05
0.0000e+00
2.1935e-05
9.5367e-07
9.5367e-07
0.0000e+00
1.7881e-05
0.0000e+00
2.1935e-05
9.5367e-07
0.0000e+00
2.2888e-05
0.0000e+00
0.0000e+00
2.1935e-05
2.1291e-04
1.9073e-06
0.0000e+00
2.0027e-05
0.0000e+00
2.1935e-05
9.5367e-07
0.0000e+00
2.1935e-05
1.0014e-05
0.0000e+00
2.2173e-05
9.5367e-07
0.0000e+00
2.2888e-05
9.0599e-06
0.0000e+00
2.2173e-05
1.9073e-06
0.0000e+00
2.9087e-05
1.0490e-04
2.1458e-06
0.0000e+00
2.0027e-05
9.5367e-07
0.0000e+00
1.1921e-06
0.0000e+00
2.1935e-05
9.5367e-07
0.0000e+00
2.0981e-05
1.4687e-04
0.0000e+00
2.2173e-05
1.9073e-06
0.0000e+00
2.0981e-05
3.5048e-05
0.0000e+00
2.2173e-05
9.5367e-07
0.0000e+00
2.0981e-05
9.5367e-07
0.0000e+00
2.2888e-05
9.5367e-07
0.0000e+00
2.0981e-05
0.0000e+00
0.0000e+00
2.1935e-05
5.9128e-05
9.5367e-07
0.0000e+00
2.2888e-05
0.0000e+00
2.5034e-05
9.5367e-07
4.6015e-05
0.0000e+00
9.5367e-07
0.0000e+00
2.2888e-05
9.5367e-07
0.0000e+00
2.2173e-05
9.5367e-07
0.0000e+00
2.9087e-05
9.5367e-07
0.0000e+00
2.0981e-05
1.1611e-04
0.0000e+00
2.1935e-05
2.1458e-06
0.0000e+00
2.1935e-05
9.5367e-07
0.0000e+00
2.2173e-05
1.9073e-06
0.0000e+00
2.0981e-05
2.1458e-06
0.0000e+00
2.1935e-05
7.8678e-06
0.0000e+00
2.0981e-05
9.5367e-07
1.2302e-04
0.0000e+00
0.0000e+00
0.0000e+00
2.2888e-05
3.4094e-05
1.0014e-05
0.0000e+00
1.2875e-05
0.0000e+00
2.1935e-05
0.0000e+00
4.6015e-05
9.5367e-07
9.5367e-07
0.0000e+00
2.2173e-05
0.0000e+00
0.0000e+00
2.1935e-05
1.1921e-06
2.7895e-05
0.0000e+00
2.1458e-06
0.0000e+00
2.1935e-05
9.5367e-07
0.0000e+00
2.8133e-05
9.5367e-07
0.0000e+00
2.2173e-05
9.5367e-07
0.0000e+00
2.5034e-05
9.5367e-07
0.0000e+00
2.1935e-05
1.8287e-04
0.0000e+00
2.2173e-05
1.9073e-06
0.0000e+00
2.1935e-05
4.3154e-05
0.0000e+00
2.1935e-05
1.9073e-06
0.0000e+00
2.2173e-05
4.0531e-06
0.0000e+00
2.1935e-05
9.5367e-07
0.0000e+00
2.0981e-05
9.5367e-07
5.9128e-05
0.0000e+00
9.5367e-07
0.0000e+00
2.1935e-05
0.0000e+00
0.0000e+00
2.0981e-05
9.5367e-07
0.0000e+00
2.1935e-05
9.9182e-05
0.0000e+00
2.1935e-05
1.1921e-06
0.0000e+00
2.0981e-05
1.2875e-05
0.0000e+00
2.8133e-05
9.5367e-07
2.5988e-05
1.1921e-06
1.1921e-06
0.0000e+00
2.2888e-05
3.6001e-05
0.0000e+00
2.2173e-05
9.5367e-07
0.0000e+00
2.1935e-05
9.5367e-07
2.1458e-06
9.5367e-07
2.2888e-05
0.0000e+00
2.1935e-05
6.6996e-05
0.0000e+00
2.1935e-05
9.4891e-05
0.0000e+00
2.1935e-05
9.5367e-07
0.0000e+00
2.2173e-05
1.0967e-05
0.0000e+00
2.1935e-05
9.5367e-07
0.0000e+00
2.1935e-05
5.4121e-05
1.9073e-06
0.0000e+00
1.9073e-05
1.9073e-06
0.0000e+00
2.0981e-05
0.0000e+00
2.2173e-05
9.5367e-07
0.0000e+00
2.1935e-05
9.5367e-07
0.0000e+00
2.0981e-05
0.0000e+00
0.0000e+00
3.0041e-05
9.5367e-07
0.0000e+00
2.2173e-05
7.1049e-05
0.0000e+00
2.2173e-05
9.5367e-07
3.0994e-06
0.0000e+00
2.0027e-05
0.0000e+00
2.2888e-05
0.0000e+00
0.0000e+00
2.0981e-05
9.5367e-07
1.9073e-06
0.0000e+00
8.8215e-06
0.0000e+00
2.2173e-05
1.4687e-04
0.0000e+00
2.1935e-05
1.1921e-06
0.0000e+00
2.2888e-05
9.5367e-07
0.0000e+00
2.0981e-05
9.5367e-07
1.9073e-06
1.1921e-06
1.8835e-05
0.0000e+00
2.3127e-05
9.5367e-07
0.0000e+00
2.0981e-05
3.3140e-05
0.0000e+00
2.0981e-05
9.5367e-07
0.0000e+00
2.2173e-05
1.0300e-04
0.0000e+00
2.1935e-05
9.5367e-07
0.0000e+00
2.1935e-05
1.1921e-06
1.6594e-04
9.5367e-07
9.5367e-07
0.0000e+00
2.1219e-05
2.7180e-05
0.0000e+00
2.1935e-05
2.1458e-06
0.0000e+00
2.1935e-05
9.5367e-07
0.0000e+00
2.0981e-05
2.1458e-06
0.0000e+00
2.1935e-05
9.5367e-07
1.1897e-04
9.5367e-07
1.1921e-06
1.9073e-06
9.5367e-07
9.5367e-07
0.0000e+00
3.0041e-05
0.0000e+00
0.0000e+00
2.2173e-05
9.5367e-07
0.0000e+00
2.5034e-05
9.5367e-07
2.1458e-06
0.0000e+00
1.9073e-06
1.1921e-06
9.5367e-07
2.7895e-05
0.0000e+00
2.2173e-05
1.9073e-06
0.0000e+00
2.2173e-05
1.9073e-06
0.0000e+00
2.1935e-05
1.2159e-05
0.0000e+00
2.1935e-05
1.9097e-04
2.1458e-06
0.0000e+00
2.0027e-05
0.0000e+00
2.3127e-05
1.9073e-06
1.9073e-06
0.0000e+00
2.0027e-05
0.0000e+00
2.0981e-05
9.5367e-07
0.0000e+00
2.0981e-05
0.0000e+00
0.0000e+00
2.1935e-05
9.5367e-07
1.9813e-04
9.5367e-07
9.5367e-07
0.0000e+00
2.1219e-05
0.0000e+00
0.0000e+00
2.0981e-05
2.1458e-06
0.0000e+00
2.1935e-05
9.5367e-07
0.0000e+00
2.2173e-05
9.5367e-07
0.0000e+00
2.1935e-05
9.5367e-07
0.0000e+00
2.0981e-05
6.0081e-05
0.0000e+00
2.1935e-05
8.1062e-06
0.0000e+00
2.0981e-05
0.0000e+00
5.1975e-05
0.0000e+00
1.1921e-06
0.0000e+00
2.1935e-05
2.0027e-05
0.0000e+00
2.3127e-05
9.5367e-07
0.0000e+00
2.1935e-05
1.1921e-06
0.0000e+00
2.1935e-05
9.5367e-07
0.0000e+00
2.2173e-05
9.5367e-07
0.0000e+00
2.0981e-05
0.0000e+00
1.2016e-04
0.0000e+00
9.5367e-07
0.0000e+00
2.1935e-05
0.0000e+00
0.0000e+00
2.0981e-05
0.0000e+00
0.0000e+00
2.8133e-05
9.5367e-07
0.0000e+00
2.1935e-05
5.6028e-05
0.0000e+00
2.1935e-05
9.5367e-07
0.0000e+00
2.1935e-05
1.1921e-06
1.4305e-04
0.0000e+00
0.0000e+00
0.0000e+00
2.1935e-05
4.0531e-06
0.0000e+00
2.0981e-05
2.1458e-06
0.0000e+00
2.0981e-05
9.0599e-06
0.0000e+00
3.0041e-05
9.5367e-07
0.0000e+00
2.4796e-05
7.0810e-05
9.5367e-07
0.0000e+00
2.1935e-05
0.0000e+00
2.1935e-05
9.5367e-07
0.0000e+00
2.1935e-05
4.0531e-06
0.0000e+00
2.2173e-05
2.1458e-06
1.8501e-04
0.0000e+00
0.0000e+00
0.0000e+00
2.2173e-05
0.0000e+00
0.0000e+00
2.1935e-05
1.2159e-05
0.0000e+00
2.2888e-05
1.1921e-06
0.0000e+00
2.0981e-05
9.5367e-07
0.0000e+00
2.1935e-05
1.1921e-06
0.0000e+00
2.0981e-05
6.7949e-05
0.0000e+00
2.2173e-05
6.9141e-06
0.0000e+00
2.1935e-05
3.0994e-06
0.0000e+00
2.1935e-05
1.0800e-04
0.0000e+00
3.4094e-05
9.5367e-07
0.0000e+00
2.1935e-05
0.0000e+00
1.9073e-06
0.0000e+00
9.5367e-07
7.5102e-05
0.0000e+00
0.0000e+00
0.0000e+00
2.2173e-05
9.5367e-07
0.0000e+00
2.1935e-05
0.0000e+00
0.0000e+00
2.0981e-05
9.5367e-07
0.0000e+00
2.1935e-05
2.0027e-05
1.1921e-06
0.0000e+00
2.0027e-05
0.0000e+00
3.0041e-05
1.1086e-04
0.0000e+00
2.2173e-05
1.0014e-05
0.0000e+00
2.1935e-05
9.5367e-07
0.0000e+00
2.1935e-05
0.0000e+00
0.0000e+00
2.0981e-05
9.5367e-07
0.0000e+00
2.1935e-05
9.5367e-07
0.0000e+00
2.0981e-05
8.8930e-05
4.0531e-06
0.0000e+00
1.9073e-05
0.0000e+00
2.7895e-05
1.1921e-06
0.0000e+00
2.1935e-05
2.1458e-06
0.0000e+00
2.1935e-05
1.9073e-06
0.0000e+00
2.0981e-05
9.5367e-07
0.0000e+00
2.2173e-05
7.2002e-05
0.0000e+00
2.0981e-05
9.5367e-07
0.0000e+00
2.1935e-05
9.5367e-07
0.0000e+00
2.1935e-05
9.5367e-07
0.0000e+00
2.3127e-05
9.5367e-07
0.0000e+00
2.0981e-05
9.5367e-07
0.0000e+00
2.1935e-05
1.1921e-06
1.9073e-06
9.5367e-07
7.1526e-06
0.0000e+00
2.1935e-05
1.9073e-06
2.7704e-04
0.0000e+00
0.0000e+00
0.0000e+00
2.1935e-05
9.5367e-07
0.0000e+00
2.1935e-05
9.5367e-07
0.0000e+00
3.0994e-05
6.9857e-05
0.0000e+00
2.1935e-05
9.5367e-07
8.4162e-05
0.0000e+00
0.0000e+00
9.5367e-07
9.5367e-07
1.1921e-06
0.0000e+00
2.0981e-05
9.5367e-07
0.0000e+00
2.1935e-05
1.1921e-06
0.0000e+00
2.0981e-05
5.1022e-05
0.0000e+00
2.1935e-05
1.1921e-06
0.0000e+00
2.1935e-05
5.2929e-05
0.0000e+00
2.9087e-05
9.5367e-07
0.0000e+00
2.2173e-05
9.5367e-07
0.0000e+00
2.1935e-05
5.0068e-06
0.0000e+00
2.1935e-05
9.5367e-07
0.0000e+00
2.0981e-05
9.5367e-07
0.0000e+00
2.0981e-05
0.0000e+00
0.0000e+00
2.1935e-05
1.0800e-04
2.1458e-06
0.0000e+00
2.0027e-05
5.6982e-05
9.5367e-07
9.5367e-07
0.0000e+00
2.2888e-05
1.1921e-06
0.0000e+00
2.0981e-05
8.1062e-06
0.0000e+00
2.1935e-05
9.5367e-07
0.0000e+00
2.2173e-05
1.9073e-06
0.0000e+00
2.1935e-05
2.3127e-05
0.0000e+00
2.0981e-05
5.9605e-06
0.0000e+00
2.0981e-05
1.4186e-04
0.0000e+00
2.6941e-05
9.5367e-07
0.0000e+00
2.2173e-05
9.5367e-07
0.0000e+00
2.1935e-05
1.1921e-06
0.0000e+00
2.1935e-05
9.5367e-07
0.0000e+00
2.0981e-05
0.0000e+00
0.0000e+00
2.0981e-05
9.5367e-07
0.0000e+00
2.0981e-05
0.0000e+00
0.0000e+00
2.0981e-05
9.5367e-07
7.4601e-04
0.0000e+00
9.5367e-07
0.0000e+00
2.3127e-05
0.0000e+00
0.0000e+00
2.1935e-05
9.5367e-07
1.1706e-04
0.0000e+00
0.0000e+00
0.0000e+00
2.2173e-05
0.0000e+00
1.6928e-05
0.0000e+00
0.0000e+00
0.0000e+00
2.1935e-05
0.0000e+00
0.0000e+00
2.0981e-05
9.5367e-07
0.0000e+00
2.5034e-05
2.3127e-05
0.0000e+00
2.9802e-05
1.1921e-06
9.5367e-07
0.0000e+00
2.0981e-05
0.0000e+00
2.3127e-05
3.5048e-05
0.0000e+00
2.1935e-05
3.0994e-06
1.5783e-04
0.0000e+00
1.1921e-06
0.0000e+00
2.1935e-05
9.5367e-07
2.1458e-06
0.0000e+00
0.0000e+00
0.0000e+00
2.3127e-05
1.1921e-06
0.0000e+00
2.0981e-05
9.5367e-07
0.0000e+00
3.0041e-05
1.1110e-04
0.0000e+00
2.1935e-05
6.6996e-05
0.0000e+00
2.1935e-05
0.0000e+00
0.0000e+00
2.0981e-05
1.1921e-06
1.9073e-06
9.5367e-07
1.0967e-05
0.0000e+00
2.2173e-05
9.5367e-07
0.0000e+00
2.0981e-05
1.1921e-06
0.0000e+00
2.0981e-05
9.5367e-07
0.0000e+00
2.9087e-05
1.9073e-06
0.0000e+00
2.3127e-05
9.5367e-07
0.0000e+00
2.0981e-05
6.1989e-06
0.0000e+00
2.5988e-05
2.8610e-06
0.0000e+00
2.1935e-05
2.2101e-04
0.0000e+00
2.1935e-05
9.5367e-07
0.0000e+00
2.0981e-05
5.9605e-06
0.0000e+00
2.1935e-05
2.5988e-05
5.1975e-05
0.0000e+00
0.0000e+00
0.0000e+00
2.2173e-05
9.5367e-07
0.0000e+00
2.1935e-05
3.0994e-06
1.9073e-06
0.0000e+00
1.1921e-06
0.0000e+00
2.1935e-05
9.5367e-07
0.0000e+00
2.0981e-05
9.5367e-07
0.0000e+00
2.1935e-05
9.5367e-07
0.0000e+00
2.1219e-05
1.8692e-04
0.0000e+00
2.2173e-05
9.5367e-07
0.0000e+00
2.2888e-05
5.0068e-06
0.0000e+00
2.1935e-05
3.5048e-05
1.9073e-06
0.0000e+00
1.1921e-06
0.0000e+00
2.1935e-05
1.2159e-05
0.0000e+00
2.2173e-05
5.2929e-05
0.0000e+00
2.1935e-05
2.4796e-05
0.0000e+00
2.2173e-05
9.5367e-07
0.0000e+00
2.0981e-05
5.9605e-06
0.0000e+00
2.3127e-05
9.5367e-07
0.0000e+00
2.0981e-05
9.5367e-07
0.0000e+00
2.0981e-05
0.0000e+00
8.0109e-05
0.0000e+00
0.0000e+00
8.6069e-05
0.0000e+00
0.0000e+00
0.0000e+00
2.0981e-05
0.0000e+00
0.0000e+00
2.1935e-05
9.5367e-07
0.0000e+00
2.1935e-05
1.1921e-06
0.0000e+00
2.7895e-05
2.1458e-06
3.7909e-05
0.0000e+00
0.0000e+00
0.0000e+00
2.1935e-05
9.5367e-07
0.0000e+00
2.1935e-05
1.1921e-06
0.0000e+00
2.0981e-05
1.9073e-06
0.0000e+00
2.1935e-05
9.5367e-07
0.0000e+00
2.0981e-05
9.5367e-07
6.6042e-05
0.0000e+00
0.0000e+00
0.0000e+00
2.1935e-05
0.0000e+00
1.9073e-06
0.0000e+00
9.5367e-07
0.0000e+00
2.2888e-05
1.1921e-06
2.0981e-04
0.0000e+00
0.0000e+00
0.0000e+00
2.1935e-05
9.5367e-07
0.0000e+00
2.2173e-05
9.5367e-07
0.0000e+00
2.1935e-05
9.5367e-07
0.0000e+00
2.2173e-05
0.0000e+00
0.0000e+00
2.0981e-05
9.5367e-07
0.0000e+00
2.0981e-05
1.9073e-06
1.3208e-04
0.0000e+00
9.5367e-07
0.0000e+00
2.2888e-05
0.0000e+00
0.0000e+00
2.0981e-05
0.0000e+00
0.0000e+00
2.0981e-05
0.0000e+00
0.0000e+00
2.0981e-05
0.0000e+00
0.0000e+00
2.0981e-05
0.0000e+00
1.0395e-04
0.0000e+00
0.0000e+00
0.0000e+00
2.0981e-05
0.0000e+00
9.5367e-07
0.0000e+00
9.5367e-07
0.0000e+00
2.2888e-05
1.1921e-06
0.0000e+00
2.1935e-05
6.6042e-05
0.0000e+00
2.1935e-05
1.0967e-05
0.0000e+00
2.1935e-05
1.9073e-06
0.0000e+00
2.2173e-05
1.1921e-06
0.0000e+00
2.4080e-05
9.5367e-07
0.0000e+00
2.0981e-05
9.5367e-07
0.0000e+00
2.8849e-05
1.1921e-06
0.0000e+00
2.1935e-05
9.5367e-07
0.0000e+00
2.1935e-05
2.0480e-04
0.0000e+00
2.2173e-05
9.5367e-07
0.0000e+00
2.1935e-05
9.5367e-07
0.0000e+00
2.1935e-05
5.6028e-05
0.0000e+00
2.1935e-05
0.0000e+00
0.0000e+00
2.1935e-05
3.0994e-06
0.0000e+00
2.2888e-05
0.0000e+00
0.0000e+00
2.1935e-05
9.7990e-05
0.0000e+00
2.1935e-05
1.1921e-06
3.2902e-05
0.0000e+00
0.0000e+00
1.9073e-06
0.0000e+00
9.0599e-06
0.0000e+00
2.1935e-05
7.1526e-06
9.5367e-07
0.0000e+00
2.0981e-05
0.0000e+00
2.2173e-05
9.5367e-07
0.0000e+00
2.0981e-05
1.1921e-06
9.5367e-07
6.9141e-06
1.1921e-06
1.0967e-05
9.5367e-07
5.9605e-06
0.0000e+00
2.2173e-05
1.9073e-06
0.0000e+00
2.5988e-05
1.1921e-06
0.0000e+00
2.1935e-05
5.9605e-06
0.0000e+00
2.1935e-05
1.9884e-04
1.2612e-04
0.0000e+00
0.0000e+00
0.0000e+00
2.2173e-05
1.7881e-05
0.0000e+00
2.1935e-05
0.0000e+00
0.0000e+00
2.8849e-05
9.5367e-07
0.0000e+00
2.1935e-05
9.5367e-07
0.0000e+00
2.0981e-05
9.5367e-07
0.0000e+00
2.1935e-05
9.5367e-07
0.0000e+00
2.0981e-05
0.0000e+00
9.5367e-07
0.0000e+00
9.5367e-07
2.8610e-06
1.1921e-06
2.6941e-05
0.0000e+00
2.1935e-05
9.5367e-07
2.5702e-04
0.0000e+00
0.0000e+00
0.0000e+00
3.1948e-05
5.2214e-05
0.0000e+00
2.2888e-05
9.5367e-07
0.0000e+00
2.0981e-05
0.0000e+00
5.7936e-05
1.1921e-06
1.1921e-06
0.0000e+00
2.0981e-05
0.0000e+00
0.0000e+00
2.0981e-05
1.1921e-06
9.5367e-07
9.5367e-07
9.5367e-07
0.0000e+00
2.2173e-05
4.0531e-06
0.0000e+00
2.1935e-05
9.5367e-07
0.0000e+00
2.1935e-05
9.5367e-07
3.0994e-06
0.0000e+00
1.4067e-05
0.0000e+00
2.1935e-05
2.0909e-04
0.0000e+00
2.1935e-05
0.0000e+00
0.0000e+00
2.2173e-05
9.5367e-07
0.0000e+00
2.1935e-05
0.0000e+00
0.0000e+00
2.0981e-05
0.0000e+00
0.0000e+00
2.0981e-05
3.8147e-06
8.9169e-05
9.5367e-07
9.5367e-07
0.0000e+00
2.3127e-05
0.0000e+00
9.5367e-07
0.0000e+00
0.0000e+00
0.0000e+00
2.0981e-05
9.5367e-07
1.9073e-06
0.0000e+00
1.9073e-06
0.0000e+00
2.0981e-05
1.1921e-06
0.0000e+00
2.0981e-05
1.3113e-05
0.0000e+00
2.0981e-05
1.9073e-06
0.0000e+00
2.2888e-05
9.5367e-07
0.0000e+00
2.8849e-05
1.1921e-06
0.0000e+00
2.1935e-05
9.5367e-07
0.0000e+00
2.0981e-05
0.0000e+00
0.0000e+00
2.0981e-05
0.0000e+00
0.0000e+00
2.0981e-05
0.0000e+00
0.0000e+00
2.0981e-05
2.2101e-04
0.0000e+00
2.1935e-05
9.5367e-07
0.0000e+00
2.0981e-05
0.0000e+00
0.0000e+00
2.3127e-05
6.4850e-05
0.0000e+00
2.2173e-05
9.5367e-07
0.0000e+00
2.0981e-05
5.0068e-06
5.6982e-05
0.0000e+00
0.0000e+00
0.0000e+00
2.1935e-05
9.5367e-07
0.0000e+00
2.1935e-05
3.2902e-05
8.7976e-05
0.0000e+00
0.0000e+00
2.5988e-05
0.0000e+00
0.0000e+00
0.0000e+00
2.4796e-05
9.5367e-07
0.0000e+00
2.3127e-05
0.0000e+00
7.0095e-05
0.0000e+00
9.5367e-07
8.7976e-05
0.0000e+00
0.0000e+00
0.0000e+00
2.1935e-05
9.0599e-06
0.0000e+00
2.1935e-05
3.0994e-06
0.0000e+00
2.1935e-05
9.0599e-06
0.0000e+00
2.1935e-05
4.6015e-05
0.0000e+00
2.0981e-05
9.5367e-07
0.0000e+00
3.6001e-05
3.9101e-05
9.5367e-07
0.0000e+00
2.5034e-05
2.1458e-06
9.5367e-07
2.0027e-05
0.0000e+00
2.1935e-05
1.1921e-06
1.9073e-06
0.0000e+00
3.7193e-05
0.0000e+00
2.1935e-05
5.9605e-06
0.0000e+00
2.2173e-05
0.0000e+00
0.0000e+00
2.1935e-05
2.1458e-06
0.0000e+00
2.0981e-05
9.5367e-07
0.0000e+00
2.8133e-05
9.5367e-07
0.0000e+00
2.2888e-05
1.1921e-06
0.0000e+00
2.1935e-05
9.5367e-07
0.0000e+00
2.2173e-05
0.0000e+00
0.0000e+00
2.1935e-05
9.5367e-07
0.0000e+00
2.0981e-05
2.8610e-06
0.0000e+00
2.0981e-05
2.0289e-04
0.0000e+00
2.2173e-05
9.5367e-07
0.0000e+00
3.0041e-05
1.1182e-04
8.1062e-06
0.0000e+00
1.5020e-05
0.0000e+00
2.2173e-05
6.9141e-06
1.9073e-06
0.0000e+00
2.8849e-05
0.0000e+00
2.2173e-05
3.2902e-05
0.0000e+00
2.0981e-05
1.9073e-06
0.0000e+00
2.0981e-05
9.5367e-07
4.9114e-05
9.5367e-07
9.5367e-07
0.0000e+00
2.0981e-05
4.0531e-06
0.0000e+00
2.9087e-05
9.5367e-07
0.0000e+00
2.2173e-05
9.5367e-07
1.7881e-05
0.0000e+00
1.1921e-06
1.9073e-06
9.5367e-07
2.4080e-05
0.0000e+00
2.1935e-05
0.0000e+00
0.0000e+00
2.1935e-05
9.5367e-07
0.0000e+00
2.1935e-05
9.5367e-07
0.0000e+00
2.0981e-05
9.5367e-07
1.1921e-06
0.0000e+00
9.5367e-07
9.5367e-07
0.0000e+00
9.5367e-07
0.0000e+00
2.4080e-05
9.5367e-07
0.0000e+00
2.0981e-05
4.7016e-04
9.5367e-07
0.0000e+00
2.1458e-06
0.0000e+00
2.2888e-05
2.5034e-05
0.0000e+00
2.1935e-05
9.0599e-06
0.0000e+00
2.1935e-05
5.0068e-06
0.0000e+00
2.1935e-05
9.5367e-07
0.0000e+00
2.1219e-05
3.8147e-06
0.0000e+00
2.7895e-05
9.5367e-07
0.0000e+00
2.1935e-05
9.5367e-07
0.0000e+00
2.0981e-05
7.2002e-05
0.0000e+00
2.1935e-05
0.0000e+00
0.0000e+00
2.0981e-05
9.5367e-07
0.0000e+00
2.0981e-05
2.0003e-04
2.1458e-06
9.5367e-07
2.2888e-05
0.0000e+00
2.2173e-05
1.5974e-05
0.0000e+00
3.0041e-05
9.5367e-07
0.0000e+00
2.2173e-05
9.5367e-07
0.0000e+00
2.1935e-05
0.0000e+00
0.0000e+00
2.0981e-05
0.0000e+00
0.0000e+00
2.1935e-05
9.5367e-07
0.0000e+00
2.2173e-05
3.8147e-06
1.4710e-04
0.0000e+00
9.5367e-07
2.1458e-06
9.5367e-07
9.5367e-07
0.0000e+00
2.3127e-05
9.5367e-07
0.0000e+00
2.3127e-05
5.1975e-05
0.0000e+00
2.0981e-05
9.5367e-07
0.0000e+00
2.1219e-05
9.5367e-07
0.0000e+00
2.0981e-05
9.5367e-07
0.0000e+00
2.2173e-05
5.9605e-06
0.0000e+00
2.0981e-05
3.0041e-05
0.0000e+00
2.2173e-05
7.1526e-06
0.0000e+00
2.6941e-05
1.2016e-04
0.0000e+00
2.2888e-05
9.5367e-07
0.0000e+00
2.0981e-05
9.5367e-07
0.0000e+00
2.1219e-05
0.0000e+00
8.3923e-05
0.0000e+00
0.0000e+00
0.0000e+00
2.2888e-05
9.5367e-07
1.1516e-04
9.5367e-07
9.5367e-07
0.0000e+00
2.1935e-05
0.0000e+00
0.0000e+00
2.0981e-05
6.5804e-05
0.0000e+00
2.8849e-05
1.1921e-06
9.5367e-07
0.0000e+00
1.2159e-05
1.9073e-06
9.5367e-07
9.5367e-07
0.0000e+00
2.2888e-05
1.1706e-04
0.0000e+00
2.1935e-05
9.5367e-07
0.0000e+00
2.0981e-05
9.5367e-07
0.0000e+00
2.0981e-05
9.0599e-06
0.0000e+00
2.2173e-05
7.1526e-06
0.0000e+00
2.0981e-05
1.1921e-06
0.0000e+00
2.2888e-05
3.4094e-05
0.0000e+00
2.1935e-05
5.0068e-06
0.0000e+00
2.2173e-05
1.9073e-06
0.0000e+00
2.1935e-05
3.0994e-06
2.1458e-06
0.0000e+00
1.7166e-05
0.0000e+00
2.2888e-05
1.0014e-05
0.0000e+00
2.0981e-05
9.5367e-07
2.0599e-04
0.0000e+00
0.0000e+00
0.0000e+00
2.8849e-05
1.1921e-06
0.0000e+00
2.1935e-05
0.0000e+00
0.0000e+00
2.0981e-05
0.0000e+00
0.0000e+00
2.0981e-05
0.0000e+00
0.0000e+00
2.4080e-05
1.5020e-05
0.0000e+00
2.1935e-05
9.5367e-07
0.0000e+00
2.0981e-05
1.0014e-05
0.0000e+00
2.1935e-05
1.1921e-06
0.0000e+00
2.1935e-05
9.5367e-07
0.0000e+00
2.2173e-05
0.0000e+00
0.0000e+00
2.0981e-05
1.1921e-06
0.0000e+00
2.1935e-05
9.8944e-05
0.0000e+00
2.2173e-05
5.9605e-06
0.0000e+00
2.0981e-05
9.5367e-07
0.0000e+00
2.0981e-05
7.8678e-06
0.0000e+00
2.8849e-05
1.1921e-06
0.0000e+00
2.1935e-05
3.0994e-06
0.0000e+00
2.1935e-05
9.5367e-07
0.0000e+00
2.5034e-05
9.5367e-07
0.0000e+00
2.1935e-05
2.1458e-06
0.0000e+00
2.1935e-05
9.5367e-07
0.0000e+00
2.1935e-05
2.1458e-06
0.0000e+00
2.1935e-05
9.5367e-07
0.0000e+00
2.7895e-05
1.9073e-06
0.0000e+00
2.2173e-05
9.5367e-07
0.0000e+00
2.0981e-05
9.5367e-07
0.0000e+00
2.1935e-05
9.5367e-07
3.3188e-04
0.0000e+00
0.0000e+00
0.0000e+00
2.0981e-05
9.5367e-07
0.0000e+00
2.1219e-05
0.0000e+00
0.0000e+00
2.0981e-05
0.0000e+00
0.0000e+00
2.8133e-05
2.1505e-04
1.9073e-06
9.5367e-07
2.8133e-05
9.5367e-07
0.0000e+00
2.5034e-05
0.0000e+00
2.1935e-05
9.5367e-07
0.0000e+00
2.2173e-05
9.5367e-07
0.0000e+00
2.0981e-05
0.0000e+00
0.0000e+00
2.2173e-05
9.5367e-07
0.0000e+00
2.0981e-05
0.0000e+00
0.0000e+00
2.2173e-05
9.5367e-07
1.5402e-04
1.1921e-06
9.5367e-07
0.0000e+00
2.2888e-05
9.5367e-07
0.0000e+00
2.2173e-05
0.0000e+00
1.9073e-06
0.0000e+00
0.0000e+00
0.0000e+00
2.0981e-05
0.0000e+00
0.0000e+00
2.1219e-05
0.0000e+00
2.2101e-04
9.5367e-07
9.5367e-07
0.0000e+00
2.3127e-05
9.5367e-07
2.8610e-06
1.1921e-06
5.9605e-06
6.9857e-05
0.0000e+00
0.0000e+00
0.0000e+00
2.1935e-05
0.0000e+00
0.0000e+00
2.0981e-05
9.5367e-07
3.0994e-06
0.0000e+00
0.0000e+00
0.0000e+00
2.1935e-05
0.0000e+00
9.5367e-07
0.0000e+00
5.0068e-06
0.0000e+00
2.0981e-05
8.1062e-06
0.0000e+00
2.1935e-05
7.1526e-06
0.0000e+00
2.1935e-05
9.5367e-07
0.0000e+00
2.8133e-05
9.5367e-07
2.1458e-06
0.0000e+00
1.9073e-06
0.0000e+00
2.3127e-05
0.0000e+00
0.0000e+00
2.1935e-05
9.5367e-07
0.0000e+00
2.2173e-05
1.5688e-04
0.0000e+00
2.0981e-05
9.5367e-07
0.0000e+00
2.1935e-05
9.5367e-07
2.1386e-04
0.0000e+00
0.0000e+00
1.5020e-05
0.0000e+00
0.0000e+00
0.0000e+00
2.1935e-05
9.5367e-07
0.0000e+00
2.1935e-05
0.0000e+00
0.0000e+00
2.0981e-05
9.5367e-07
1.0395e-04
9.5367e-07
1.1921e-06
0.0000e+00
2.1935e-05
9.5367e-07
0.0000e+00
2.1935e-05
0.0000e+00
0.0000e+00
2.0981e-05
0.0000e+00
0.0000e+00
2.2173e-05
7.1526e-06
0.0000e+00
2.0981e-05
1.1921e-06
1.9073e-06
0.0000e+00
2.1458e-06
0.0000e+00
2.5988e-05
9.5367e-07
0.0000e+00
2.0981e-05
8.7023e-05
0.0000e+00
2.1935e-05
5.8889e-05
0.0000e+00
2.0981e-05
1.9073e-06
0.0000e+00
2.2173e-05
9.5367e-07
0.0000e+00
2.0981e-05
9.5367e-07
0.0000e+00
2.2173e-05
1.9073e-06
0.0000e+00
2.3127e-05
9.5367e-07
0.0000e+00
2.0981e-05
9.5367e-07
0.0000e+00
2.2173e-05
9.5367e-07
0.0000e+00
2.0981e-05
1.0800e-04
0.0000e+00
2.1219e-05
9.5367e-07
0.0000e+00
2.1935e-05
9.5367e-07
0.0000e+00
2.0981e-05
1.9073e-06
0.0000e+00
2.9087e-05
9.5367e-07
0.0000e+00
2.1935e-05
9.5367e-07
0.0000e+00
2.0981e-05
0.0000e+00
0.0000e+00
2.0981e-05
0.0000e+00
0.0000e+00
2.1935e-05
0.0000e+00
2.1458e-06
0.0000e+00
2.8610e-06
0.0000e+00
2.2173e-05
2.1601e-04
1.9073e-06
0.0000e+00
2.0981e-05
1.0014e-05
0.0000e+00
1.1921e-05
0.0000e+00
2.9087e-05
9.5367e-07
0.0000e+00
2.1935e-05
9.5367e-07
1.0109e-04
0.0000e+00
9.5367e-07
0.0000e+00
2.2173e-05
0.0000e+00
0.0000e+00
2.0981e-05
9.5367e-07
0.0000e+00
2.2173e-05
9.5367e-07
0.0000e+00
2.0981e-05
1.1921e-06
1.9073e-06
0.0000e+00
9.5367e-07
1.1921e-06
0.0000e+00
2.1935e-05
3.0994e-06
0.0000e+00
2.6941e-05
0.0000e+00
2.8133e-05
9.5367e-07
0.0000e+00
2.2173e-05
9.5367e-07
0.0000e+00
2.0981e-05
0.0000e+00
0.0000e+00
2.2173e-05
9.5367e-07
0.0000e+00
2.1935e-05
2.9802e-04
0.0000e+00
2.1935e-05
1.1921e-06
0.0000e+00
2.1935e-05
5.4121e-05
0.0000e+00
2.1935e-05
1.4067e-05
0.0000e+00
2.3127e-05
8.8215e-06
0.0000e+00
2.1935e-05
9.5367e-07
0.0000e+00
2.2173e-05
1.1921e-06
0.0000e+00
2.1935e-05
9.5367e-07
0.0000e+00
2.1935e-05
7.1049e-05
1.9073e-06
1.1921e-06
2.0027e-05
9.5367e-07
0.0000e+00
2.0981e-05
0.0000e+00
2.1935e-05
1.1921e-06
0.0000e+00
2.8849e-05
5.2214e-05
9.5367e-07
0.0000e+00
2.0981e-05
2.1458e-06
0.0000e+00
2.0027e-05
1.9073e-06
0.0000e+00
2.0981e-05
0.0000e+00
2.2888e-05
9.5367e-07
9.5367e-07
0.0000e+00
2.0027e-05
1.0014e-05
0.0000e+00
1.0967e-05
0.0000e+00
2.2173e-05
9.5367e-07
0.0000e+00
2.1935e-05
7.1526e-06
0.0000e+00
2.1935e-05
5.5972e-02
