2.7139e-03
1.1139e-03
0.0000e+00
5.3883e-05
2.1458e-06
0.0000e+00
2.5034e-05
2.5034e-05
0.0000e+00
2.3127e-05
2.5034e-05
0.0000e+00
2.1935e-05
0.0000e+00
0.0000e+00
2.3127e-05
2.5034e-05
0.0000e+00
2.2888e-05
2.5988e-05
0.0000e+00
2.3127e-05
3.0041e-05
1.0321e-03
0.0000e+00
1.9073e-06
2.1458e-06
0.0000e+00
0.0000e+00
0.0000e+00
2.5988e-05
0.0000e+00
4.0531e-06
0.0000e+00
9.5367e-07
0.0000e+00
2.5988e-05
0.0000e+00
1.3494e-04
9.5367e-07
9.5367e-07
0.0000e+00
2.4080e-05
0.0000e+00
0.0000e+00
2.0981e-05
9.5367e-07
0.0000e+00
2.2173e-05
3.8147e-06
0.0000e+00
2.2888e-05
1.2207e-04
0.0000e+00
3.1948e-05
2.8849e-05
0.0000e+00
2.2888e-05
2.4080e-05
3.0994e-06
0.0000e+00
1.2875e-05
0.0000e+00
2.3127e-05
2.2888e-05
3.8862e-05
9.5367e-07
8.1062e-06
0.0000e+00
2.3127e-05
2.3127e-05
0.0000e+00
2.1935e-05
2.3127e-05
1.9073e-06
0.0000e+00
7.8678e-06
0.0000e+00
2.1935e-05
2.4080e-05
9.5367e-07
0.0000e+00
8.3923e-05
0.0000e+00
2.4080e-05
9.0599e-06
0.0000e+00
2.3127e-05
1.1921e-06
0.0000e+00
2.1935e-05
2.1458e-06
0.0000e+00
2.0981e-05
5.9605e-06
0.0000e+00
2.1935e-05
9.5367e-07
0.0000e+00
2.0981e-05
1.1921e-06
0.0000e+00
2.0981e-05
9.5367e-07
0.0000e+00
3.3140e-05
1.3828e-05
0.0000e+00
2.2173e-05
9.2983e-05
0.0000e+00
2.2888e-05
1.0610e-04
9.5367e-07
0.0000e+00
2.0027e-05
0.0000e+00
2.1935e-05
4.7922e-05
0.0000e+00
2.2173e-05
9.5367e-07
9.5367e-07
0.0000e+00
9.5367e-07
2.0027e-05
0.0000e+00
0.0000e+00
0.0000e+00
2.2173e-05
9.5367e-07
1.3709e-04
0.0000e+00
9.5367e-07
3.2902e-05
5.9605e-06
9.5367e-07
0.0000e+00
2.3127e-05
1.1921e-06
0.0000e+00
2.0981e-05
0.0000e+00
0.0000e+00
2.5034e-05
1.1921e-06
0.0000e+00
2.1935e-05
9.5367e-07
0.0000e+00
2.0981e-05
1.1921e-06
0.0000e+00
2.0981e-05
4.0531e-06
0.0000e+00
2.1935e-05
2.1458e-06
0.0000e+00
3.0041e-05
2.8610e-06
0.0000e+00
2.2173e-05
1.9073e-06
0.0000e+00
2.2173e-05
9.5367e-07
5.0068e-06
0.0000e+00
2.1458e-06
8.4877e-05
0.0000e+00
0.0000e+00
2.7108e-04
0.0000e+00
9.5367e-07
0.0000e+00
2.1935e-05
0.0000e+00
8.4877e-05
0.0000e+00
0.0000e+00
4.1962e-05
0.0000e+00
9.5367e-07
0.0000e+00
2.3127e-05
0.0000e+00
2.1458e-06
0.0000e+00
0.0000e+00
0.0000e+00
2.3127e-05
0.0000e+00
0.0000e+00
2.1935e-05
1.1921e-06
1.4997e-04
0.0000e+00
0.0000e+00
0.0000e+00
2.3127e-05
9.5367e-07
0.0000e+00
2.1935e-05
0.0000e+00
0.0000e+00
2.2173e-05
9.5367e-07
1.9073e-06
0.0000e+00
0.0000e+00
6.7782e-04
0.0000e+00
0.0000e+00
5.3883e-05
0.0000e+00
0.0000e+00
1.9073e-06
9.5367e-07
1.1921e-06
0.0000e+00
3.4809e-05
9.5367e-07
0.0000e+00
2.1935e-05
9.5367e-07
6.6996e-05
1.1921e-06
0.0000e+00
0.0000e+00
2.2888e-05
1.1921e-06
0.0000e+00
2.0981e-05
0.0000e+00
0.0000e+00
2.0981e-05
1.0490e-04
0.0000e+00
2.1935e-05
9.5367e-07
1.9073e-06
1.1921e-06
1.8835e-05
1.0967e-05
0.0000e+00
9.0599e-06
0.0000e+00
2.9802e-05
1.9073e-06
0.0000e+00
2.1935e-05
1.1921e-06
0.0000e+00
2.0981e-05
9.5367e-07
1.6999e-04
0.0000e+00
0.0000e+00
0.0000e+00
2.1935e-05
0.0000e+00
0.0000e+00
2.2173e-05
7.2956e-05
0.0000e+00
2.1935e-05
9.5367e-07
4.5061e-05
0.0000e+00
0.0000e+00
0.0000e+00
2.2173e-05
9.5367e-07
4.8161e-05
0.0000e+00
0.0000e+00
0.0000e+00
2.3127e-05
9.5367e-07
0.0000e+00
2.1935e-05
4.7922e-05
4.3154e-05
0.0000e+00
0.0000e+00
9.5367e-07
0.0000e+00
0.0000e+00
0.0000e+00
2.1935e-05
3.0994e-06
0.0000e+00
2.0981e-05
4.0531e-06
0.0000e+00
2.1219e-05
9.5367e-07
0.0000e+00
2.2888e-05
1.2898e-04
0.0000e+00
2.1935e-05
7.8678e-06
1.1921e-06
0.0000e+00
3.0994e-05
0.0000e+00
2.1935e-05
9.5367e-07
0.0000e+00
2.1935e-05
9.5367e-07
0.0000e+00
2.0981e-05
1.1921e-06
0.0000e+00
2.0981e-05
0.0000e+00
0.0000e+00
2.2173e-05
1.1921e-06
0.0000e+00
2.0981e-05
9.5367e-07
1.0610e-04
0.0000e+00
0.0000e+00
9.5367e-07
0.0000e+00
0.0000e+00
0.0000e+00
2.3127e-05
9.5367e-07
0.0000e+00
2.0981e-05
3.0994e-06
0.0000e+00
2.1935e-05
0.0000e+00
1.2708e-04
0.0000e+00
0.0000e+00
2.4080e-05
9.5367e-07
9.5367e-07
0.0000e+00
2.1935e-05
0.0000e+00
0.0000e+00
2.5034e-05
9.5367e-07
0.0000e+00
2.1935e-05
1.1921e-06
0.0000e+00
2.1935e-05
9.5367e-07
0.0000e+00
2.2173e-05
9.5367e-07
0.0000e+00
2.1935e-05
4.0531e-06
2.2602e-04
0.0000e+00
1.1921e-06
0.0000e+00
2.2888e-05
0.0000e+00
0.0000e+00
2.2173e-05
6.0081e-05
0.0000e+00
2.2888e-05
1.0967e-05
4.1962e-05
0.0000e+00
0.0000e+00
0.0000e+00
2.8849e-05
1.1921e-06
0.0000e+00
2.1935e-05
3.0994e-06
0.0000e+00
2.1935e-05
0.0000e+00
3.8147e-06
1.1921e-06
1.1921e-06
0.0000e+00
2.2888e-05
9.5367e-07
0.0000e+00
2.0981e-05
9.5367e-07
0.0000e+00
2.1935e-05
9.5367e-07
0.0000e+00
2.0981e-05
0.0000e+00
0.0000e+00
2.9087e-05
9.5367e-07
0.0000e+00
2.1935e-05
3.0994e-06
0.0000e+00
2.1935e-05
9.5367e-07
0.0000e+00
2.2173e-05
2.8610e-06
0.0000e+00
2.2173e-05
2.9588e-04
2.1458e-06
9.5367e-07
1.9073e-06
0.0000e+00
2.3127e-05
1.0014e-05
0.0000e+00
2.1935e-05
9.5367e-07
0.0000e+00
2.9802e-05
8.8215e-06
1.5903e-04
0.0000e+00
1.1921e-06
0.0000e+00
2.1935e-05
0.0000e+00
0.0000e+00
2.2173e-05
0.0000e+00
1.9073e-06
1.1921e-06
9.5367e-07
1.4400e-04
0.0000e+00
9.5367e-07
0.0000e+00
2.2173e-05
0.0000e+00
0.0000e+00
2.1935e-05
9.5367e-07
0.0000e+00
2.2173e-05
0.0000e+00
0.0000e+00
2.8133e-05
1.1921e-06
0.0000e+00
2.2888e-05
9.5367e-07
0.0000e+00
2.1935e-05
0.0000e+00
0.0000e+00
2.0981e-05
1.6499e-04
0.0000e+00
2.2888e-05
9.5367e-07
0.0000e+00
2.0981e-05
9.5367e-07
0.0000e+00
2.0981e-05
4.0531e-06
0.0000e+00
2.1935e-05
1.1921e-06
1.4901e-04
7.8678e-06
0.0000e+00
2.1458e-06
0.0000e+00
5.0068e-06
0.0000e+00
2.3127e-05
0.0000e+00
0.0000e+00
2.1935e-05
9.5367e-07
0.0000e+00
2.1935e-05
9.5367e-07
0.0000e+00
2.1935e-05
0.0000e+00
0.0000e+00
2.0981e-05
9.5367e-07
0.0000e+00
2.1935e-05
1.1921e-06
0.0000e+00
2.0981e-05
9.5367e-07
1.8811e-04
9.5367e-07
9.5367e-07
2.2173e-05
9.5367e-07
9.5367e-07
0.0000e+00
2.2888e-05
9.5367e-07
0.0000e+00
2.1935e-05
9.5367e-07
0.0000e+00
2.0981e-05
9.5367e-07
0.0000e+00
2.1935e-05
3.0994e-06
0.0000e+00
2.6941e-05
2.1458e-06
2.5988e-05
0.0000e+00
0.0000e+00
1.6809e-04
9.5367e-07
9.5367e-07
0.0000e+00
3.1948e-05
0.0000e+00
0.0000e+00
2.1935e-05
9.5367e-07
0.0000e+00
2.2173e-05
0.0000e+00
0.0000e+00
2.0981e-05
0.0000e+00
1.1921e-06
0.0000e+00
0.0000e+00
0.0000e+00
2.1935e-05
1.9073e-06
0.0000e+00
2.1935e-05
1.9073e-06
0.0000e+00
2.1935e-05
1.1921e-06
0.0000e+00
2.7895e-05
2.1458e-06
0.0000e+00
2.1935e-05
0.0000e+00
0.0000e+00
2.0981e-05
9.0599e-06
0.0000e+00
2.1935e-05
1.9073e-06
0.0000e+00
2.0981e-05
9.5367e-07
0.0000e+00
2.1935e-05
2.1458e-06
0.0000e+00
2.1935e-05
0.0000e+00
0.0000e+00
2.1935e-05
2.0790e-04
0.0000e+00
2.3127e-05
3.0994e-06
1.9073e-06
0.0000e+00
1.1921e-06
0.0000e+00
2.1935e-05
0.0000e+00
0.0000e+00
2.4796e-05
1.1921e-06
0.0000e+00
2.0981e-05
0.0000e+00
0.0000e+00
2.1935e-05
1.1921e-06
0.0000e+00
2.0981e-05
9.5367e-07
2.5606e-04
0.0000e+00
9.5367e-07
6.8188e-05
0.0000e+00
0.0000e+00
0.0000e+00
3.3140e-05
9.5367e-07
0.0000e+00
2.1935e-05
0.0000e+00
0.0000e+00
2.0981e-05
9.5367e-07
3.0994e-06
0.0000e+00
9.5367e-07
0.0000e+00
2.2173e-05
9.5367e-07
0.0000e+00
2.0981e-05
9.5367e-07
0.0000e+00
2.2173e-05
9.5367e-07
1.9002e-04
0.0000e+00
0.0000e+00
0.0000e+00
2.2173e-05
0.0000e+00
0.0000e+00
2.3127e-05
9.5367e-07
1.1897e-04
0.0000e+00
0.0000e+00
0.0000e+00
2.2173e-05
0.0000e+00
4.4107e-05
0.0000e+00
0.0000e+00
0.0000e+00
2.1935e-05
0.0000e+00
0.0000e+00
2.0981e-05
9.5367e-07
0.0000e+00
2.1935e-05
1.1921e-06
0.0000e+00
2.1935e-05
4.0531e-06
0.0000e+00
3.0041e-05
2.8610e-06
0.0000e+00
2.2173e-05
0.0000e+00
0.0000e+00
2.0981e-05
1.1921e-06
0.0000e+00
2.0981e-05
0.0000e+00
0.0000e+00
2.1935e-05
9.0599e-06
0.0000e+00
2.0981e-05
1.1921e-06
0.0000e+00
2.0981e-05
9.5367e-07
0.0000e+00
2.2173e-05
2.5606e-04
0.0000e+00
2.2888e-05
4.6015e-05
0.0000e+00
2.0981e-05
1.1921e-06
3.2902e-05
9.5367e-07
9.5367e-07
0.0000e+00
2.2173e-05
0.0000e+00
0.0000e+00
2.1935e-05
9.5367e-07
0.0000e+00
2.2173e-05
9.5367e-07
0.0000e+00
2.0981e-05
0.0000e+00
0.0000e+00
2.5034e-05
9.5367e-07
0.0000e+00
2.2173e-05
0.0000e+00
0.0000e+00
2.1935e-05
9.5367e-07
0.0000e+00
2.0981e-05
4.3869e-05
1.4305e-04
0.0000e+00
1.1921e-06
3.7909e-05
0.0000e+00
0.0000e+00
2.1458e-06
0.0000e+00
9.5367e-07
0.0000e+00
2.3127e-05
9.5367e-07
0.0000e+00
2.0981e-05
9.5367e-07
1.2159e-05
9.5367e-07
9.5367e-07
0.0000e+00
3.0994e-05
1.3900e-04
0.0000e+00
2.2173e-05
9.5367e-07
0.0000e+00
2.1935e-05
9.5367e-07
0.0000e+00
2.2173e-05
1.1921e-06
0.0000e+00
2.1935e-05
9.5367e-07
0.0000e+00
2.2173e-05
8.8215e-06
0.0000e+00
2.0981e-05
9.5367e-07
1.6499e-04
0.0000e+00
0.0000e+00
0.0000e+00
3.2187e-05
0.0000e+00
0.0000e+00
2.1935e-05
9.5367e-07
0.0000e+00
2.1935e-05
8.1062e-06
3.8147e-06
0.0000e+00
1.9073e-06
0.0000e+00
2.3127e-05
9.5367e-07
0.0000e+00
2.0981e-05
9.5367e-07
0.0000e+00
2.1219e-05
2.8610e-06
0.0000e+00
2.1935e-05
9.5367e-07
0.0000e+00
2.0981e-05
9.5367e-07
3.4094e-05
9.5367e-07
9.5367e-07
0.0000e+00
2.2888e-05
1.1921e-06
0.0000e+00
2.0981e-05
2.9492e-04
0.0000e+00
2.0981e-05
0.0000e+00
0.0000e+00
2.0981e-05
9.5367e-07
0.0000e+00
2.0981e-05
6.1989e-06
6.9141e-06
0.0000e+00
1.4067e-05
1.0300e-04
0.0000e+00
9.5367e-07
0.0000e+00
2.2173e-05
0.0000e+00
0.0000e+00
2.3127e-05
9.5367e-07
0.0000e+00
2.1935e-05
9.5367e-07
0.0000e+00
2.1219e-05
1.9073e-06
0.0000e+00
2.5034e-05
9.2030e-05
0.0000e+00
2.1935e-05
6.1989e-06
0.0000e+00
2.0981e-05
3.0041e-05
0.0000e+00
2.1935e-05
1.1921e-06
3.8147e-06
0.0000e+00
9.5367e-07
0.0000e+00
2.3127e-05
9.5367e-07
3.5048e-05
0.0000e+00
0.0000e+00
1.2898e-04
0.0000e+00
0.0000e+00
9.5367e-07
0.0000e+00
1.1921e-06
1.9073e-06
9.5367e-07
0.0000e+00
0.0000e+00
2.3127e-05
0.0000e+00
0.0000e+00
2.0981e-05
0.0000e+00
1.5402e-04
0.0000e+00
0.0000e+00
0.0000e+00
2.1935e-05
9.5367e-07
1.0610e-04
0.0000e+00
0.0000e+00
0.0000e+00
2.2173e-05
9.5367e-07
0.0000e+00
2.3127e-05
3.6693e-04
0.0000e+00
2.2173e-05
9.5367e-07
0.0000e+00
2.1935e-05
9.0599e-06
0.0000e+00
2.0981e-05
1.1921e-06
0.0000e+00
2.1935e-05
1.2875e-05
0.0000e+00
2.2173e-05
9.5367e-07
0.0000e+00
2.0981e-05
1.1921e-06
1.9073e-06
9.5367e-07
6.9141e-06
0.0000e+00
2.3127e-05
9.5367e-07
0.0000e+00
2.0981e-05
1.9073e-06
2.4319e-04
0.0000e+00
0.0000e+00
0.0000e+00
2.2173e-05
1.1921e-06
0.0000e+00
2.1935e-05
0.0000e+00
0.0000e+00
2.0981e-05
0.0000e+00
0.0000e+00
2.0981e-05
0.0000e+00
0.0000e+00
2.0981e-05
0.0000e+00
0.0000e+00
2.1935e-05
2.1458e-06
1.9073e-06
0.0000e+00
1.1921e-06
1.9598e-04
9.5367e-07
9.5367e-07
2.1458e-06
0.0000e+00
9.5367e-07
0.0000e+00
2.2888e-05
1.1921e-06
1.9693e-04
9.5367e-07
9.5367e-07
0.0000e+00
2.3127e-05
0.0000e+00
1.9073e-06
0.0000e+00
0.0000e+00
0.0000e+00
2.2888e-05
9.5367e-07
0.0000e+00
2.2173e-05
1.1921e-06
0.0000e+00
3.0041e-05
1.1921e-06
0.0000e+00
2.0981e-05
8.3923e-05
2.1458e-06
0.0000e+00
1.8835e-05
0.0000e+00
2.0981e-05
9.5367e-07
6.6996e-05
0.0000e+00
1.1921e-06
0.0000e+00
2.1935e-05
3.5048e-05
0.0000e+00
2.1935e-05
9.5367e-07
0.0000e+00
2.2173e-05
9.5367e-07
2.5988e-05
0.0000e+00
9.5367e-07
6.7949e-05
0.0000e+00
9.5367e-07
1.9073e-06
0.0000e+00
0.0000e+00
0.0000e+00
2.2888e-05
5.0068e-06
1.9073e-05
0.0000e+00
0.0000e+00
0.0000e+00
2.0981e-05
0.0000e+00
0.0000e+00
2.1935e-05
1.1921e-06
0.0000e+00
2.0981e-05
9.5367e-07
0.0000e+00
2.1219e-05
9.5367e-07
0.0000e+00
2.0981e-05
9.5367e-07
0.0000e+00
2.9087e-05
9.5367e-07
1.9073e-06
0.0000e+00
9.5367e-07
0.0000e+00
2.3127e-05
9.5367e-07
0.0000e+00
2.1935e-05
1.1921e-06
0.0000e+00
2.1935e-05
1.1921e-05
0.0000e+00
2.1935e-05
3.0589e-04
0.0000e+00
2.0981e-05
7.8678e-06
0.0000e+00
2.1935e-05
8.2970e-05
0.0000e+00
2.7895e-05
1.1921e-06
0.0000e+00
2.1935e-05
1.2159e-05
0.0000e+00
2.1935e-05
9.5367e-07
0.0000e+00
2.5034e-05
9.5367e-07
0.0000e+00
2.0981e-05
4.4823e-05
0.0000e+00
2.0981e-05
9.5367e-07
0.0000e+00
2.1935e-05
1.2159e-05
9.5367e-07
0.0000e+00
2.7180e-05
0.0000e+00
2.9802e-05
9.5367e-07
0.0000e+00
2.2888e-05
1.1921e-06
0.0000e+00
2.1935e-05
9.5367e-07
9.5367e-07
0.0000e+00
1.9073e-06
0.0000e+00
2.2173e-05
0.0000e+00
3.0994e-06
0.0000e+00
9.5367e-07
0.0000e+00
2.2173e-05
9.5367e-07
0.0000e+00
2.1935e-05
5.0068e-06
3.3808e-04
0.0000e+00
0.0000e+00
0.0000e+00
2.1219e-05
9.5367e-07
0.0000e+00
2.3127e-05
1.1921e-06
0.0000e+00
2.1935e-05
0.0000e+00
5.9605e-06
0.0000e+00
0.0000e+00
0.0000e+00
2.1935e-05
0.0000e+00
0.0000e+00
2.1219e-05
0.0000e+00
0.0000e+00
2.0981e-05
9.5367e-07
0.0000e+00
2.1935e-05
1.1921e-06
2.1935e-05
0.0000e+00
0.0000e+00
0.0000e+00
2.8849e-05
2.6083e-04
0.0000e+00
2.1935e-05
9.5367e-07
0.0000e+00
2.1935e-05
9.5367e-07
0.0000e+00
2.1935e-05
9.5367e-07
1.2112e-04
0.0000e+00
0.0000e+00
0.0000e+00
2.1935e-05
0.0000e+00
0.0000e+00
2.1935e-05
9.5367e-07
0.0000e+00
2.0981e-05
9.5367e-07
3.5048e-05
0.0000e+00
9.5367e-07
0.0000e+00
2.3127e-05
0.0000e+00
2.1458e-06
0.0000e+00
5.0068e-06
0.0000e+00
2.1935e-05
1.5402e-04
0.0000e+00
2.1935e-05
9.5367e-07
0.0000e+00
2.0981e-05
0.0000e+00
0.0000e+00
2.1935e-05
0.0000e+00
0.0000e+00
2.0981e-05
9.5367e-07
0.0000e+00
2.2173e-05
9.5367e-07
0.0000e+00
2.9087e-05
9.5367e-07
0.0000e+00
2.1935e-05
9.0122e-05
0.0000e+00
2.1935e-05
0.0000e+00
8.5831e-05
0.0000e+00
0.0000e+00
0.0000e+00
2.1935e-05
9.5367e-07
0.0000e+00
2.0981e-05
0.0000e+00
0.0000e+00
2.0981e-05
9.5367e-07
0.0000e+00
2.2173e-05
9.5367e-07
0.0000e+00
2.9087e-05
8.3923e-05
1.0300e-04
0.0000e+00
9.5367e-07
0.0000e+00
2.1935e-05
9.5367e-07
0.0000e+00
2.1935e-05
9.5367e-07
0.0000e+00
2.1219e-05
9.5367e-07
0.0000e+00
2.1935e-05
9.5367e-07
0.0000e+00
2.1935e-05
1.9073e-06
0.0000e+00
2.2173e-05
9.5367e-07
0.0000e+00
2.9087e-05
9.5367e-07
0.0000e+00
2.0981e-05
1.1921e-06
0.0000e+00
2.2888e-05
9.5367e-07
0.0000e+00
2.2173e-05
1.9073e-06
0.0000e+00
2.2173e-05
9.5367e-07
0.0000e+00
2.4080e-05
9.5367e-07
0.0000e+00
2.1935e-05
1.1921e-06
0.0000e+00
2.0981e-05
1.1921e-06
0.0000e+00
2.1935e-05
9.5367e-07
0.0000e+00
2.2173e-05
0.0000e+00
2.6393e-04
0.0000e+00
9.5367e-07
0.0000e+00
2.1935e-05
1.1921e-06
0.0000e+00
2.1935e-05
0.0000e+00
0.0000e+00
2.0981e-05
0.0000e+00
1.2589e-04
0.0000e+00
0.0000e+00
0.0000e+00
2.0981e-05
9.5367e-07
0.0000e+00
2.8133e-05
9.5367e-07
4.6968e-05
0.0000e+00
0.0000e+00
1.9073e-06
9.5367e-07
0.0000e+00
0.0000e+00
2.3127e-05
0.0000e+00
0.0000e+00
2.0981e-05
1.1921e-06
0.0000e+00
2.1935e-05
9.5367e-07
1.1301e-04
0.0000e+00
0.0000e+00
0.0000e+00
2.2173e-05
9.5367e-07
0.0000e+00
2.4080e-05
2.8610e-06
0.0000e+00
2.8849e-05
1.1921e-06
0.0000e+00
2.1935e-05
5.7936e-05
2.1458e-06
9.5367e-07
1.9073e-05
2.8610e-06
9.5367e-07
1.7166e-05
5.0068e-06
0.0000e+00
2.2888e-05
0.0000e+00
2.1935e-05
6.7949e-05
0.0000e+00
2.2173e-05
9.5844e-05
0.0000e+00
2.1935e-05
0.0000e+00
0.0000e+00
2.0981e-05
0.0000e+00
0.0000e+00
2.9087e-05
1.9073e-06
0.0000e+00
2.2173e-05
6.8903e-05
0.0000e+00
2.1935e-05
9.5367e-07
1.9073e-06
0.0000e+00
9.5367e-07
7.8201e-05
9.5367e-07
9.5367e-07
0.0000e+00
2.2888e-05
1.1921e-06
0.0000e+00
2.0981e-05
9.5367e-07
0.0000e+00
2.2173e-05
2.1458e-06
0.0000e+00
2.1935e-05
9.5367e-07
0.0000e+00
2.1935e-05
9.5367e-07
0.0000e+00
2.1935e-05
2.0027e-05
0.0000e+00
2.1935e-05
1.1921e-06
1.5974e-05
0.0000e+00
3.0994e-06
1.8835e-05
0.0000e+00
8.8215e-06
0.0000e+00
2.1935e-05
1.4496e-04
0.0000e+00
2.1935e-05
1.1921e-06
7.3910e-05
0.0000e+00
0.0000e+00
0.0000e+00
2.2173e-05
0.0000e+00
0.0000e+00
2.9087e-05
9.5367e-07
0.0000e+00
2.1935e-05
1.1921e-06
9.5367e-07
0.0000e+00
0.0000e+00
0.0000e+00
2.1935e-05
0.0000e+00
0.0000e+00
2.0981e-05
1.1921e-06
0.0000e+00
2.0981e-05
0.0000e+00
0.0000e+00
2.2173e-05
9.1076e-05
0.0000e+00
2.2173e-05
9.5367e-07
0.0000e+00
2.9087e-05
9.5367e-07
0.0000e+00
2.1935e-05
9.5367e-07
0.0000e+00
2.0981e-05
9.5367e-07
0.0000e+00
2.1935e-05
9.5367e-07
0.0000e+00
2.0981e-05
9.5367e-07
0.0000e+00
2.0981e-05
9.5367e-07
0.0000e+00
2.0981e-05
9.5367e-07
2.6894e-04
0.0000e+00
1.1921e-06
0.0000e+00
3.0994e-05
9.5367e-07
4.0531e-06
9.5367e-07
5.9605e-06
0.0000e+00
2.3127e-05
1.2875e-05
0.0000e+00
2.2173e-05
7.8678e-06
0.0000e+00
2.2173e-05
1.9073e-06
0.0000e+00
2.2173e-05
0.0000e+00
1.9073e-06
1.1921e-06
1.9073e-06
0.0000e+00
2.1935e-05
1.3113e-05
0.0000e+00
2.1935e-05
1.9121e-04
0.0000e+00
2.2888e-05
2.0027e-05
0.0000e+00
2.0981e-05
9.5367e-07
1.2398e-04
0.0000e+00
0.0000e+00
0.0000e+00
2.2173e-05
9.5367e-07
3.7909e-05
0.0000e+00
9.5367e-07
0.0000e+00
2.1935e-05
9.5367e-07
0.0000e+00
2.2173e-05
9.5367e-07
1.0800e-04
0.0000e+00
9.5367e-07
0.0000e+00
2.3127e-05
0.0000e+00
0.0000e+00
2.3127e-05
0.0000e+00
0.0000e+00
2.1935e-05
1.1921e-06
0.0000e+00
2.0981e-05
2.9087e-05
0.0000e+00
2.1935e-05
8.1062e-06
0.0000e+00
2.1935e-05
9.5367e-07
0.0000e+00
2.0981e-05
9.5367e-07
0.0000e+00
2.1935e-05
9.5367e-07
7.9155e-05
9.5367e-07
9.5367e-07
0.0000e+00
3.0041e-05
9.5367e-07
0.0000e+00
2.1935e-05
0.0000e+00
0.0000e+00
2.2888e-05
1.1921e-06
2.8610e-06
0.0000e+00
9.5367e-07
0.0000e+00
2.3127e-05
9.5367e-07
1.4997e-04
0.0000e+00
9.5367e-07
4.6015e-05
0.0000e+00
1.1921e-06
0.0000e+00
2.1935e-05
0.0000e+00
0.0000e+00
2.0981e-05
1.1921e-06
0.0000e+00
2.8849e-05
9.5367e-07
3.0994e-06
0.0000e+00
2.1458e-06
0.0000e+00
2.1935e-05
5.0068e-06
0.0000e+00
2.1935e-05
1.4806e-04
0.0000e+00
2.2173e-05
9.5367e-07
0.0000e+00
2.1935e-05
9.5367e-07
0.0000e+00
2.2173e-05
9.5367e-07
0.0000e+00
2.1935e-05
9.5367e-07
0.0000e+00
3.0041e-05
1.1921e-06
0.0000e+00
2.1935e-05
7.2002e-05
0.0000e+00
2.1935e-05
2.0981e-05
0.0000e+00
2.1219e-05
9.5367e-07
0.0000e+00
2.1935e-05
9.5367e-07
0.0000e+00
2.0981e-05
9.5367e-07
0.0000e+00
2.0981e-05
1.8406e-04
1.9073e-06
0.0000e+00
1.9073e-05
3.6955e-05
1.1921e-06
0.0000e+00
0.0000e+00
2.3127e-05
9.5367e-07
0.0000e+00
2.0981e-05
4.6015e-05
0.0000e+00
2.0981e-05
6.9141e-06
8.1062e-06
0.0000e+00
1.2875e-05
0.0000e+00
2.2173e-05
9.5367e-07
0.0000e+00
2.1935e-05
9.5367e-07
1.0610e-04
0.0000e+00
0.0000e+00
0.0000e+00
2.0981e-05
0.0000e+00
0.0000e+00
3.0041e-05
9.5367e-07
0.0000e+00
2.0981e-05
9.5367e-07
0.0000e+00
2.1935e-05
5.6028e-05
0.0000e+00
2.1935e-05
5.0068e-06
0.0000e+00
2.1935e-05
1.8835e-05
0.0000e+00
2.2173e-05
9.5367e-07
0.0000e+00
2.1935e-05
1.1921e-06
0.0000e+00
2.1935e-05
9.5367e-07
0.0000e+00
2.8133e-05
9.5367e-07
0.0000e+00
2.0981e-05
1.1921e-06
1.3900e-04
0.0000e+00
0.0000e+00
1.2112e-04
9.5367e-07
9.5367e-07
0.0000e+00
2.3127e-05
9.5367e-07
0.0000e+00
2.1935e-05
0.0000e+00
0.0000e+00
2.1935e-05
9.5367e-07
0.0000e+00
2.1935e-05
0.0000e+00
0.0000e+00
2.0981e-05
9.5367e-07
1.0705e-04
0.0000e+00
0.0000e+00
1.9073e-06
0.0000e+00
0.0000e+00
1.7881e-05
0.0000e+00
0.0000e+00
3.8147e-05
9.5367e-07
0.0000e+00
2.1935e-05
0.0000e+00
9.5367e-07
0.0000e+00
2.2888e-05
0.0000e+00
0.0000e+00
2.0981e-05
9.5367e-07
0.0000e+00
2.0981e-05
9.5367e-07
4.0531e-06
9.5367e-07
9.5367e-07
3.0994e-06
9.5367e-07
5.0068e-06
0.0000e+00
2.3127e-05
7.8678e-06
1.0014e-05
8.1062e-06
3.0994e-06
0.0000e+00
2.2888e-05
8.8215e-06
0.0000e+00
2.1935e-05
3.3784e-04
0.0000e+00
2.3127e-05
0.0000e+00
0.0000e+00
2.2173e-05
9.5367e-07
6.3896e-05
0.0000e+00
1.1921e-06
0.0000e+00
2.1935e-05
0.0000e+00
0.0000e+00
2.1935e-05
1.1921e-06
0.0000e+00
2.0981e-05
3.0994e-06
0.0000e+00
2.5988e-05
9.5367e-07
0.0000e+00
2.1935e-05
0.0000e+00
0.0000e+00
2.0981e-05
9.5367e-07
0.0000e+00
2.2173e-05
9.5367e-07
0.0000e+00
2.0981e-05
9.5367e-07
2.7108e-04
0.0000e+00
9.5367e-07
0.0000e+00
2.2173e-05
0.0000e+00
0.0000e+00
2.1935e-05
0.0000e+00
0.0000e+00
2.3127e-05
9.5367e-07
0.0000e+00
2.1935e-05
1.1921e-06
1.9073e-06
9.5367e-07
9.5367e-07
0.0000e+00
2.3127e-05
4.0531e-06
0.0000e+00
2.1935e-05
9.5367e-07
0.0000e+00
2.1935e-05
1.1921e-06
7.0810e-05
0.0000e+00
0.0000e+00
5.0068e-06
0.0000e+00
4.0531e-06
0.0000e+00
2.1935e-05
9.5367e-07
0.0000e+00
2.4080e-05
9.5367e-07
0.0000e+00
2.0981e-05
1.1921e-06
1.3494e-04
9.5367e-07
9.5367e-07
3.0041e-05
0.0000e+00
0.0000e+00
0.0000e+00
2.1935e-05
0.0000e+00
1.3900e-04
9.5367e-07
9.5367e-07
0.0000e+00
2.1935e-05
0.0000e+00
0.0000e+00
2.0981e-05
9.5367e-07
0.0000e+00
2.1935e-05
0.0000e+00
0.0000e+00
3.0041e-05
9.5367e-07
7.0000e-04
0.0000e+00
0.0000e+00
0.0000e+00
2.2888e-05
0.0000e+00
0.0000e+00
2.0981e-05
0.0000e+00
0.0000e+00
2.0981e-05
0.0000e+00
0.0000e+00
2.1935e-05
9.5367e-07
0.0000e+00
2.1935e-05
9.5367e-07
0.0000e+00
2.2173e-05
4.1962e-05
0.0000e+00
3.0041e-05
1.7166e-05
0.0000e+00
2.1935e-05
9.5367e-07
0.0000e+00
2.0981e-05
0.0000e+00
0.0000e+00
2.0981e-05
9.5367e-07
2.2411e-04
0.0000e+00
0.0000e+00
9.5367e-07
0.0000e+00
1.1921e-06
0.0000e+00
2.2888e-05
9.5367e-07
0.0000e+00
2.0981e-05
0.0000e+00
0.0000e+00
2.1935e-05
9.5367e-07
0.0000e+00
2.3127e-05
0.0000e+00
0.0000e+00
2.0981e-05
0.0000e+00
0.0000e+00
2.0981e-05
0.0000e+00
0.0000e+00
2.0981e-05
1.4997e-04
0.0000e+00
2.1935e-05
9.5367e-07
1.5974e-05
0.0000e+00
7.8678e-06
0.0000e+00
2.3127e-05
0.0000e+00
1.2898e-04
0.0000e+00
9.5367e-07
0.0000e+00
3.0041e-05
0.0000e+00
0.0000e+00
2.1935e-05
1.1921e-06
0.0000e+00
2.2888e-05
0.0000e+00
0.0000e+00
2.1935e-05
1.1921e-06
0.0000e+00
2.2888e-05
1.1921e-06
0.0000e+00
2.1935e-05
1.2207e-04
0.0000e+00
2.1935e-05
2.1458e-06
0.0000e+00
2.1935e-05
1.1921e-06
0.0000e+00
2.2888e-05
9.5367e-07
0.0000e+00
2.1219e-05
0.0000e+00
0.0000e+00
2.1935e-05
0.0000e+00
4.7922e-05
0.0000e+00
0.0000e+00
0.0000e+00
2.2173e-05
0.0000e+00
0.0000e+00
2.0981e-05
9.5367e-07
0.0000e+00
2.1219e-05
9.5367e-07
1.0490e-04
0.0000e+00
0.0000e+00
0.0000e+00
2.1935e-05
1.0991e-04
0.0000e+00
2.3127e-05
9.5367e-07
0.0000e+00
2.2173e-05
1.0014e-05
0.0000e+00
2.1935e-05
9.5367e-07
0.0000e+00
2.2173e-05
0.0000e+00
0.0000e+00
2.1935e-05
9.5367e-07
0.0000e+00
2.3127e-05
9.5367e-07
0.0000e+00
2.1935e-05
2.1458e-06
0.0000e+00
3.0041e-05
1.9073e-06
0.0000e+00
2.1935e-05
1.1921e-06
1.9073e-06
9.5367e-07
9.5367e-07
3.4094e-05
0.0000e+00
0.0000e+00
0.0000e+00
2.1935e-05
9.5367e-07
0.0000e+00
2.1935e-05
1.1921e-06
0.0000e+00
2.0981e-05
0.0000e+00
0.0000e+00
2.2173e-05
1.1921e-06
2.4986e-04
0.0000e+00
0.0000e+00
9.5367e-07
0.0000e+00
1.1921e-06
0.0000e+00
2.2888e-05
9.5367e-07
0.0000e+00
2.0981e-05
9.5367e-07
1.5211e-04
0.0000e+00
9.5367e-07
1.9073e-06
9.5367e-07
1.1921e-06
5.7936e-05
9.5367e-07
9.5367e-07
0.0000e+00
2.2173e-05
0.0000e+00
0.0000e+00
2.1935e-05
0.0000e+00
0.0000e+00
2.0981e-05
0.0000e+00
9.5367e-07
0.0000e+00
0.0000e+00
0.0000e+00
2.9087e-05
9.5367e-07
0.0000e+00
2.2888e-05
1.1921e-06
0.0000e+00
2.1935e-05
0.0000e+00
2.1458e-06
0.0000e+00
6.9141e-06
2.1815e-04
0.0000e+00
0.0000e+00
0.0000e+00
2.1935e-05
1.1921e-06
0.0000e+00
2.1935e-05
9.5367e-07
0.0000e+00
2.1935e-05
1.1921e-06
0.0000e+00
2.1935e-05
9.5367e-07
0.0000e+00
3.0041e-05
9.5367e-07
0.0000e+00
2.1935e-05
1.1921e-06
0.0000e+00
2.0981e-05
9.5367e-07
0.0000e+00
2.2173e-05
1.1921e-06
0.0000e+00
2.0981e-05
9.5367e-07
0.0000e+00
2.0981e-05
9.5367e-07
0.0000e+00
2.1935e-05
9.5367e-07
0.0000e+00
2.9087e-05
3.0994e-06
1.3494e-04
0.0000e+00
0.0000e+00
0.0000e+00
2.5988e-05
9.5367e-07
0.0000e+00
2.0981e-05
7.1049e-05
0.0000e+00
2.1935e-05
1.2159e-05
1.9073e-06
0.0000e+00
1.1921e-06
0.0000e+00
2.1935e-05
9.5367e-07
1.8120e-05
0.0000e+00
3.0994e-06
0.0000e+00
2.1935e-05
0.0000e+00
5.0068e-06
1.1921e-06
1.3828e-05
0.0000e+00
3.1233e-05
9.5367e-07
0.0000e+00
2.2888e-05
1.1921e-06
0.0000e+00
2.1935e-05
9.5367e-07
0.0000e+00
2.1935e-05
8.1062e-06
0.0000e+00
2.1935e-05
1.1921e-06
2.7800e-04
0.0000e+00
0.0000e+00
9.5367e-07
0.0000e+00
9.5367e-07
0.0000e+00
2.2888e-05
9.5367e-07
0.0000e+00
2.2173e-05
1.3995e-04
0.0000e+00
2.3127e-05
9.5367e-07
0.0000e+00
2.1935e-05
0.0000e+00
0.0000e+00
2.3842e-05
1.1921e-06
0.0000e+00
2.0981e-05
9.5367e-07
0.0000e+00
2.0981e-05
9.5367e-07
0.0000e+00
2.1935e-05
9.5367e-07
1.9097e-04
0.0000e+00
0.0000e+00
0.0000e+00
2.1935e-05
0.0000e+00
0.0000e+00
2.1935e-05
9.5367e-07
0.0000e+00
2.2173e-05
9.5367e-07
0.0000e+00
2.0981e-05
0.0000e+00
0.0000e+00
2.0981e-05
9.5367e-07
0.0000e+00
2.1935e-05
9.5367e-07
0.0000e+00
2.0981e-05
1.1921e-06
0.0000e+00
2.1935e-05
9.5367e-07
0.0000e+00
3.0041e-05
1.9073e-06
0.0000e+00
2.2173e-05
1.9073e-06
0.0000e+00
2.1935e-05
1.9073e-06
0.0000e+00
2.2173e-05
9.5367e-07
0.0000e+00
2.0981e-05
8.2016e-05
0.0000e+00
2.1935e-05
0.0000e+00
0.0000e+00
2.0981e-05
9.5367e-07
0.0000e+00
2.0981e-05
2.7180e-05
0.0000e+00
2.8849e-05
9.5367e-07
0.0000e+00
2.1935e-05
0.0000e+00
0.0000e+00
2.0981e-05
0.0000e+00
0.0000e+00
2.3842e-05
9.5367e-07
0.0000e+00
2.0981e-05
0.0000e+00
0.0000e+00
2.0981e-05
0.0000e+00
0.0000e+00
2.2173e-05
3.0589e-04
0.0000e+00
2.0981e-05
9.5367e-07
0.0000e+00
2.3127e-05
9.5367e-07
0.0000e+00
2.0981e-05
2.2173e-05
4.8876e-05
0.0000e+00
1.1921e-06
0.0000e+00
2.1935e-05
9.5367e-07
0.0000e+00
2.2173e-05
3.0994e-06
0.0000e+00
2.1935e-05
9.5367e-07
0.0000e+00
2.1935e-05
9.5367e-07
1.7715e-04
0.0000e+00
0.0000e+00
0.0000e+00
2.8133e-05
9.5367e-07
0.0000e+00
2.1935e-05
0.0000e+00
0.0000e+00
2.0981e-05
2.7895e-05
0.0000e+00
2.5988e-05
1.1921e-06
1.3399e-04
9.5367e-07
9.5367e-07
0.0000e+00
2.2173e-05
0.0000e+00
0.0000e+00
2.0981e-05
9.5367e-07
0.0000e+00
2.1935e-05
1.1921e-06
0.0000e+00
2.8849e-05
1.9073e-06
0.0000e+00
2.1935e-05
2.1458e-06
0.0000e+00
2.1935e-05
0.0000e+00
0.0000e+00
2.2888e-05
9.5367e-07
0.0000e+00
2.2173e-05
9.5367e-07
0.0000e+00
2.1935e-05
9.5367e-07
0.0000e+00
2.0981e-05
9.5367e-07
1.5092e-04
0.0000e+00
0.0000e+00
0.0000e+00
2.9087e-05
9.5367e-07
0.0000e+00
2.1935e-05
5.9605e-06
0.0000e+00
2.0981e-05
9.5367e-07
0.0000e+00
2.2173e-05
0.0000e+00
0.0000e+00
2.0981e-05
7.2002e-05
0.0000e+00
2.1219e-05
9.5367e-07
7.6056e-05
0.0000e+00
0.0000e+00
0.0000e+00
2.1935e-05
9.5367e-07
0.0000e+00
2.1935e-05
9.5367e-07
0.0000e+00
2.3127e-05
9.5367e-07
0.0000e+00
2.1935e-05
1.1921e-06
0.0000e+00
2.1935e-05
9.5367e-07
0.0000e+00
2.0981e-05
1.1921e-06
1.6928e-05
0.0000e+00
0.0000e+00
0.0000e+00
2.1935e-05
9.5367e-07
0.0000e+00
2.0981e-05
1.1921e-06
0.0000e+00
2.0981e-05
1.1921e-06
0.0000e+00
2.1935e-05
2.0099e-04
0.0000e+00
2.2173e-05
9.5367e-07
0.0000e+00
2.1935e-05
9.5367e-07
0.0000e+00
2.0981e-05
4.8876e-05
0.0000e+00
2.2173e-05
7.2956e-05
0.0000e+00
2.0981e-05
5.9605e-06
0.0000e+00
2.1935e-05
9.5367e-07
0.0000e+00
2.9087e-05
9.5367e-07
0.0000e+00
2.0981e-05
0.0000e+00
0.0000e+00
2.0981e-05
1.1921e-06
0.0000e+00
2.0981e-05
0.0000e+00
0.0000e+00
2.0981e-05
9.5367e-07
0.0000e+00
2.1935e-05
9.5367e-07
0.0000e+00
2.5034e-05
9.5367e-07
1.8978e-04
0.0000e+00
9.5367e-07
0.0000e+00
3.0041e-05
0.0000e+00
0.0000e+00
2.1935e-05
0.0000e+00
0.0000e+00
2.0981e-05
0.0000e+00
0.0000e+00
2.2173e-05
9.5367e-07
0.0000e+00
2.0981e-05
5.1975e-05
0.0000e+00
2.2173e-05
9.5367e-07
0.0000e+00
2.1935e-05
1.1897e-04
0.0000e+00
2.1935e-05
9.5367e-07
0.0000e+00
3.0994e-05
9.5367e-07
0.0000e+00
2.2173e-05
6.9141e-06
0.0000e+00
2.1219e-05
9.5367e-07
1.9073e-06
0.0000e+00
1.7166e-05
0.0000e+00
2.1935e-05
1.1921e-06
0.0000e+00
2.1935e-05
9.5367e-07
0.0000e+00
2.0981e-05
0.0000e+00
1.0586e-04
0.0000e+00
9.5367e-07
0.0000e+00
2.2888e-05
0.0000e+00
1.9073e-06
0.0000e+00
0.0000e+00
0.0000e+00
2.5988e-05
9.5367e-07
1.9073e-06
1.1921e-06
9.5367e-07
0.0000e+00
2.1935e-05
9.5367e-07
0.0000e+00
2.2173e-05
0.0000e+00
0.0000e+00
2.0981e-05
9.5367e-07
0.0000e+00
2.2173e-05
9.5367e-07
0.0000e+00
2.1935e-05
1.1921e-06
1.9073e-06
0.0000e+00
9.5367e-07
0.0000e+00
2.2888e-05
1.1921e-06
0.0000e+00
2.0981e-05
9.5367e-07
0.0000e+00
2.0981e-05
9.5367e-07
4.9686e-04
0.0000e+00
0.0000e+00
0.0000e+00
2.1935e-05
1.2159e-05
1.7881e-05
0.0000e+00
3.0994e-06
0.0000e+00
2.1935e-05
4.7684e-06
5.7936e-05
0.0000e+00
0.0000e+00
0.0000e+00
2.1935e-05
0.0000e+00
0.0000e+00
2.5988e-05
9.5367e-07
0.0000e+00
2.1935e-05
9.5367e-07
0.0000e+00
2.0981e-05
9.0599e-06
0.0000e+00
2.1935e-05
2.1601e-04
0.0000e+00
2.1935e-05
0.0000e+00
3.0994e-05
0.0000e+00
1.0014e-05
0.0000e+00
2.2173e-05
9.5367e-07
1.9073e-06
9.5367e-07
1.6212e-05
0.0000e+00
2.1935e-05
1.1921e-06
0.0000e+00
2.2888e-05
0.0000e+00
9.1076e-05
0.0000e+00
0.0000e+00
4.6015e-05
9.5367e-07
9.5367e-07
0.0000e+00
2.2888e-05
1.1921e-06
0.0000e+00
2.1935e-05
0.0000e+00
0.0000e+00
2.0981e-05
0.0000e+00
0.0000e+00
2.0981e-05
9.5367e-07
0.0000e+00
2.1935e-05
1.1921e-06
0.0000e+00
2.8849e-05
2.1458e-06
0.0000e+00
2.1935e-05
9.5367e-07
1.3709e-04
0.0000e+00
0.0000e+00
1.9073e-06
0.0000e+00
5.0068e-06
2.1458e-06
0.0000e+00
2.5988e-05
0.0000e+00
2.1935e-05
1.2517e-04
0.0000e+00
2.0981e-05
9.5367e-07
0.0000e+00
2.2173e-05
9.5367e-07
0.0000e+00
2.1935e-05
9.5367e-07
0.0000e+00
3.0041e-05
1.1921e-06
1.9073e-06
0.0000e+00
9.5367e-07
0.0000e+00
2.1935e-05
9.5367e-07
0.0000e+00
2.0981e-05
1.1921e-06
0.0000e+00
2.1935e-05
9.5367e-07
0.0000e+00
2.2173e-05
9.5367e-07
0.0000e+00
2.1935e-05
9.5367e-07
0.0000e+00
2.0981e-05
0.0000e+00
0.0000e+00
2.7895e-05
1.1921e-06
0.0000e+00
2.2888e-05
9.5367e-07
0.0000e+00
2.1219e-05
9.5367e-07
0.0000e+00
2.0981e-05
1.1921e-06
0.0000e+00
2.1935e-05
3.4094e-04
0.0000e+00
2.2173e-05
1.1921e-06
0.0000e+00
2.0981e-05
1.1921e-05
0.0000e+00
2.2173e-05
3.3855e-05
0.0000e+00
3.0041e-05
9.5367e-07
0.0000e+00
2.1219e-05
9.5367e-07
0.0000e+00
2.1935e-05
0.0000e+00
0.0000e+00
2.0981e-05
9.5367e-07
3.6001e-05
0.0000e+00
0.0000e+00
0.0000e+00
2.1935e-05
9.5367e-07
1.9073e-06
0.0000e+00
9.5367e-07
0.0000e+00
2.1935e-05
9.5367e-07
0.0000e+00
2.0981e-05
9.5367e-07
0.0000e+00
2.2888e-05
1.1921e-06
0.0000e+00
2.1935e-05
1.1921e-06
0.0000e+00
2.0981e-05
9.5367e-07
0.0000e+00
2.0981e-05
1.1921e-06
0.0000e+00
2.1935e-05
9.5367e-07
0.0000e+00
2.0981e-05
0.0000e+00
0.0000e+00
2.0981e-05
9.5367e-07
0.0000e+00
2.9087e-05
9.5367e-07
0.0000e+00
2.1935e-05
3.2401e-04
0.0000e+00
2.1935e-05
9.5367e-07
0.0000e+00
2.0981e-05
1.1921e-06
2.0027e-05
0.0000e+00
0.0000e+00
1.4067e-05
9.5367e-07
1.0967e-05
0.0000e+00
2.2173e-05
9.5367e-07
0.0000e+00
2.0981e-05
0.0000e+00
0.0000e+00
2.2173e-05
9.5367e-07
9.5367e-07
9.5367e-07
9.5367e-07
4.1008e-05
9.5367e-07
9.5367e-07
0.0000e+00
2.2888e-05
1.1921e-06
1.9073e-06
9.5367e-07
9.5367e-07
1.0014e-05
0.0000e+00
4.0531e-06
4.2295e-04
1.1921e-06
1.1921e-06
1.9073e-06
0.0000e+00
9.5367e-07
0.0000e+00
2.3127e-05
9.5367e-07
1.9073e-06
0.0000e+00
9.5367e-07
0.0000e+00
2.1935e-05
0.0000e+00
0.0000e+00
2.1219e-05
0.0000e+00
0.0000e+00
2.7895e-05
1.1921e-06
0.0000e+00
2.0981e-05
2.1505e-04
0.0000e+00
2.1935e-05
1.1921e-06
0.0000e+00
2.1935e-05
9.5367e-07
0.0000e+00
2.0981e-05
1.1921e-06
0.0000e+00
2.1935e-05
9.5367e-07
0.0000e+00
2.1935e-05
1.1921e-06
0.0000e+00
2.1935e-05
9.5367e-07
1.4067e-05
0.0000e+00
0.0000e+00
0.0000e+00
2.3127e-05
1.0967e-05
0.0000e+00
2.2173e-05
9.5367e-07
9.5367e-07
0.0000e+00
1.8835e-05
0.0000e+00
2.2173e-05
9.5367e-07
0.0000e+00
2.0981e-05
9.5367e-07
0.0000e+00
2.2173e-05
9.5367e-07
3.1495e-04
0.0000e+00
0.0000e+00
0.0000e+00
2.1935e-05
1.1921e-06
1.9073e-06
9.5367e-07
1.1921e-06
0.0000e+00
2.2888e-05
2.4080e-05
0.0000e+00
2.1935e-05
9.5367e-07
0.0000e+00
2.3842e-05
9.5367e-07
0.0000e+00
2.0981e-05
0.0000e+00
0.0000e+00
2.0981e-05
0.0000e+00
0.0000e+00
2.1219e-05
0.0000e+00
3.6001e-05
0.0000e+00
0.0000e+00
2.1458e-06
0.0000e+00
5.0068e-06
0.0000e+00
3.0041e-05
1.5020e-05
0.0000e+00
2.1935e-05
1.1921e-06
1.1992e-04
9.5367e-07
9.5367e-07
0.0000e+00
2.0981e-05
0.0000e+00
0.0000e+00
2.0981e-05
0.0000e+00
0.0000e+00
2.0981e-05
0.0000e+00
0.0000e+00
2.0981e-05
9.5367e-07
2.1458e-06
0.0000e+00
8.8215e-06
0.0000e+00
2.2173e-05
9.5367e-07
0.0000e+00
2.1935e-05
9.5367e-07
0.0000e+00
2.2173e-05
0.0000e+00
7.3910e-05
0.0000e+00
1.1921e-06
0.0000e+00
2.1935e-05
9.5367e-07
0.0000e+00
2.2173e-05
9.8944e-05
0.0000e+00
2.1935e-05
0.0000e+00
0.0000e+00
2.1935e-05
1.7500e-04
0.0000e+00
2.2173e-05
1.1921e-06
0.0000e+00
2.2888e-05
0.0000e+00
2.1458e-06
0.0000e+00
2.1458e-06
0.0000e+00
2.1935e-05
2.8610e-06
0.0000e+00
2.0981e-05
9.5367e-07
1.9073e-06
1.1921e-06
9.5367e-07
0.0000e+00
2.1935e-05
1.1921e-04
0.0000e+00
2.1935e-05
9.5367e-07
0.0000e+00
2.2173e-05
9.5367e-07
0.0000e+00
2.9087e-05
9.5367e-07
0.0000e+00
2.1935e-05
1.1921e-06
0.0000e+00
2.1935e-05
0.0000e+00
0.0000e+00
2.0981e-05
9.5367e-07
0.0000e+00
2.1935e-05
0.0000e+00
0.0000e+00
2.0981e-05
9.5367e-07
0.0000e+00
2.1935e-05
9.5367e-07
0.0000e+00
2.1219e-05
9.5367e-07
0.0000e+00
2.3127e-05
9.5367e-07
0.0000e+00
2.1935e-05
9.5367e-07
0.0000e+00
2.0981e-05
9.5367e-07
0.0000e+00
2.1935e-05
1.1802e-04
0.0000e+00
2.2173e-05
0.0000e+00
0.0000e+00
2.0981e-05
2.1458e-06
0.0000e+00
2.1935e-05
9.5367e-07
0.0000e+00
3.0994e-05
9.5367e-07
0.0000e+00
2.1935e-05
2.3413e-04
0.0000e+00
2.1935e-05
9.5367e-07
0.0000e+00
2.0981e-05
0.0000e+00
0.0000e+00
2.0981e-05
0.0000e+00
0.0000e+00
2.0981e-05
0.0000e+00
0.0000e+00
2.1935e-05
0.0000e+00
1.0014e-05
0.0000e+00
0.0000e+00
0.0000e+00
2.7895e-05
9.5367e-07
0.0000e+00
2.1935e-05
4.9114e-05
0.0000e+00
2.1935e-05
1.1921e-06
0.0000e+00
2.0981e-05
0.0000e+00
3.2902e-05
0.0000e+00
0.0000e+00
0.0000e+00
2.1935e-05
2.1458e-06
0.0000e+00
2.1935e-05
9.5367e-07
2.4080e-05
0.0000e+00
9.5367e-07
1.1921e-06
0.0000e+00
0.0000e+00
0.0000e+00
2.1935e-05
9.5367e-07
0.0000e+00
2.1935e-05
3.3903e-04
0.0000e+00
2.2173e-05
9.5367e-07
0.0000e+00
2.0981e-05
5.3167e-05
0.0000e+00
2.0981e-05
9.0599e-06
0.0000e+00
2.0981e-05
9.5367e-07
2.1458e-06
0.0000e+00
2.0027e-05
0.0000e+00
2.0981e-05
9.5367e-07
0.0000e+00
2.2173e-05
9.5367e-07
0.0000e+00
2.1935e-05
9.5367e-07
0.0000e+00
2.1935e-05
0.0000e+00
0.0000e+00
2.0981e-05
9.5367e-07
1.8001e-04
9.5367e-07
1.1921e-06
5.0068e-06
9.5367e-07
4.0531e-06
0.0000e+00
2.2888e-05
9.5367e-07
0.0000e+00
2.1935e-05
1.1921e-06
0.0000e+00
2.1935e-05
0.0000e+00
1.1921e-06
0.0000e+00
1.4067e-05
5.0068e-06
5.9605e-06
8.1062e-06
0.0000e+00
2.3127e-05
0.0000e+00
0.0000e+00
2.1935e-05
9.5367e-07
1.9073e-06
9.5367e-07
1.0014e-05
0.0000e+00
2.2173e-05
5.6224e-02
