2.6979e-03
1.2875e-05
0.0000e+00
6.3896e-05
9.5367e-07
0.0000e+00
4.8161e-05
9.5367e-07
0.0000e+00
2.4080e-05
9.5367e-07
0.0000e+00
3.0994e-05
9.5367e-07
0.0000e+00
2.3127e-05
0.0000e+00
0.0000e+00
3.0994e-05
1.1921e-06
0.0000e+00
2.0981e-05
9.5367e-07
0.0000e+00
4.0054e-05
1.1921e-06
2.5988e-05
9.5367e-07
9.5367e-07
0.0000e+00
2.4080e-05
9.5367e-07
0.0000e+00
2.2173e-05
9.5367e-07
0.0000e+00
2.2173e-05
9.5367e-07
0.0000e+00
2.0981e-05
9.5367e-07
0.0000e+00
2.0981e-05
9.5367e-07
0.0000e+00
2.1935e-05
1.1921e-06
0.0000e+00
2.9802e-05
9.5367e-07
0.0000e+00
2.6941e-05
1.1921e-06
0.0000e+00
2.0981e-05
9.5367e-07
0.0000e+00
2.0981e-05
9.5367e-07
0.0000e+00
2.0981e-05
9.5367e-07
0.0000e+00
2.1935e-05
9.5367e-07
0.0000e+00
2.2173e-05
2.1458e-06
0.0000e+00
2.3127e-05
9.5367e-07
0.0000e+00
2.3127e-05
9.5367e-07
0.0000e+00
2.2173e-05
9.5367e-07
0.0000e+00
2.1935e-05
1.1921e-06
2.7339e-03
9.5367e-07
1.1921e-06
0.0000e+00
2.3842e-05
0.0000e+00
0.0000e+00
2.0981e-05
9.5367e-07
0.0000e+00
2.1935e-05
1.1921e-06
0.0000e+00
2.0981e-05
0.0000e+00
1.0967e-05
8.8215e-06
9.5367e-07
0.0000e+00
2.3127e-05
9.5367e-07
9.7036e-05
0.0000e+00
9.5367e-07
4.0531e-06
0.0000e+00
0.0000e+00
0.0000e+00
2.2888e-05
9.5367e-07
0.0000e+00
2.0981e-05
9.5367e-07
0.0000e+00
2.1935e-05
9.5367e-07
0.0000e+00
2.0981e-05
9.5367e-07
3.6001e-05
0.0000e+00
1.1921e-06
0.0000e+00
2.1935e-05
1.1921e-06
0.0000e+00
2.1935e-05
9.5367e-07
0.0000e+00
2.2173e-05
9.5367e-07
0.0000e+00
2.0981e-05
9.5367e-07
0.0000e+00
2.2173e-05
9.5367e-07
0.0000e+00
2.1935e-05
1.1921e-06
0.0000e+00
2.0981e-05
9.5367e-07
0.0000e+00
2.1935e-05
9.5367e-07
0.0000e+00
2.7895e-05
1.1921e-06
3.4690e-04
1.1921e-06
0.0000e+00
0.0000e+00
2.2888e-05
9.5367e-07
0.0000e+00
2.5034e-05
9.5367e-07
1.0014e-05
9.5367e-07
1.1921e-06
1.7881e-05
0.0000e+00
0.0000e+00
2.3699e-04
0.0000e+00
0.0000e+00
0.0000e+00
2.1935e-05
1.1921e-06
1.9073e-06
9.5367e-07
0.0000e+00
0.0000e+00
2.1935e-05
9.5367e-07
0.0000e+00
3.0994e-05
1.1921e-06
0.0000e+00
2.1935e-05
9.5367e-07
1.2517e-04
0.0000e+00
9.5367e-07
0.0000e+00
2.3127e-05
9.5367e-07
0.0000e+00
2.0981e-05
0.0000e+00
0.0000e+00
2.0981e-05
0.0000e+00
5.0068e-06
0.0000e+00
0.0000e+00
0.0000e+00
2.2173e-05
9.5367e-07
0.0000e+00
2.1935e-05
0.0000e+00
0.0000e+00
2.1935e-05
9.5367e-07
0.0000e+00
2.0981e-05
9.5367e-07
0.0000e+00
2.1935e-05
0.0000e+00
5.6028e-05
0.0000e+00
9.5367e-07
1.7405e-04
0.0000e+00
0.0000e+00
0.0000e+00
2.2173e-05
9.5367e-07
0.0000e+00
2.0981e-05
1.1921e-06
8.0824e-05
0.0000e+00
9.5367e-07
0.0000e+00
2.1935e-05
9.5367e-07
0.0000e+00
2.9087e-05
9.5367e-07
0.0000e+00
2.2888e-05
9.5367e-07
0.0000e+00
2.2173e-05
9.5367e-07
0.0000e+00
2.0981e-05
1.1921e-06
2.7990e-04
0.0000e+00
0.0000e+00
0.0000e+00
2.2173e-05
9.5367e-07
6.6042e-05
9.5367e-07
0.0000e+00
0.0000e+00
2.1935e-05
9.5367e-07
0.0000e+00
2.0981e-05
0.0000e+00
0.0000e+00
2.6941e-05
9.5367e-07
0.0000e+00
2.0981e-05
9.5367e-07
3.9101e-05
9.5367e-07
9.5367e-07
2.1458e-06
0.0000e+00
9.5367e-07
8.7976e-05
0.0000e+00
9.5367e-07
9.7036e-05
9.5367e-07
0.0000e+00
0.0000e+00
2.1935e-05
9.5367e-07
0.0000e+00
2.0981e-05
9.5367e-07
0.0000e+00
2.0981e-05
9.5367e-07
0.0000e+00
3.0041e-05
9.5367e-07
0.0000e+00
2.1935e-05
1.1921e-06
0.0000e+00
2.0981e-05
9.5367e-07
0.0000e+00
2.1935e-05
0.0000e+00
0.0000e+00
2.0981e-05
0.0000e+00
0.0000e+00
2.0981e-05
1.1921e-06
0.0000e+00
2.1935e-05
9.5367e-07
0.0000e+00
2.0981e-05
1.1921e-06
0.0000e+00
2.2888e-05
9.5367e-07
2.2817e-04
0.0000e+00
9.5367e-07
0.0000e+00
2.2173e-05
9.5367e-07
0.0000e+00
2.1935e-05
9.5367e-07
0.0000e+00
2.0981e-05
0.0000e+00
8.2016e-05
0.0000e+00
0.0000e+00
0.0000e+00
2.1935e-05
0.0000e+00
0.0000e+00
2.0981e-05
1.1921e-06
0.0000e+00
2.7895e-05
9.5367e-07
0.0000e+00
2.2888e-05
3.0994e-06
0.0000e+00
2.0981e-05
9.5367e-07
1.1301e-04
9.5367e-07
1.1921e-06
0.0000e+00
2.1935e-05
9.5367e-07
0.0000e+00
2.0981e-05
9.5367e-07
1.6785e-04
1.1921e-06
9.5367e-07
0.0000e+00
2.0981e-05
1.1921e-06
0.0000e+00
2.1935e-05
9.5367e-07
0.0000e+00
3.0041e-05
1.1921e-06
0.0000e+00
2.1935e-05
0.0000e+00
0.0000e+00
2.0981e-05
1.1921e-06
0.0000e+00
2.1935e-05
9.5367e-07
0.0000e+00
2.0981e-05
9.5367e-07
0.0000e+00
2.1935e-05
1.1921e-06
1.9288e-04
0.0000e+00
0.0000e+00
0.0000e+00
2.2888e-05
9.5367e-07
0.0000e+00
2.7895e-05
9.5367e-07
0.0000e+00
2.2173e-05
0.0000e+00
7.3910e-05
0.0000e+00
0.0000e+00
0.0000e+00
2.1935e-05
0.0000e+00
0.0000e+00
2.1935e-05
9.5367e-07
0.0000e+00
2.0981e-05
0.0000e+00
0.0000e+00
2.1219e-05
9.5367e-07
0.0000e+00
2.0981e-05
9.5367e-07
0.0000e+00
2.9087e-05
9.5367e-07
0.0000e+00
2.3127e-05
9.5367e-07
0.0000e+00
2.1935e-05
1.1921e-06
0.0000e+00
2.0981e-05
9.5367e-07
0.0000e+00
2.0981e-05
0.0000e+00
0.0000e+00
2.1219e-05
0.0000e+00
0.0000e+00
2.0981e-05
0.0000e+00
0.0000e+00
2.0981e-05
1.1921e-06
0.0000e+00
2.2888e-05
9.5367e-07
0.0000e+00
2.1935e-05
1.1921e-06
3.9983e-04
0.0000e+00
9.5367e-07
4.0054e-05
9.5367e-07
9.5367e-07
0.0000e+00
2.1935e-05
1.1921e-06
0.0000e+00
2.0981e-05
9.5367e-07
0.0000e+00
2.0981e-05
1.1921e-06
0.0000e+00
2.0981e-05
9.5367e-07
0.0000e+00
2.7895e-05
9.5367e-07
0.0000e+00
2.1935e-05
9.5367e-07
0.0000e+00
2.0981e-05
1.1921e-06
0.0000e+00
2.1935e-05
9.5367e-07
0.0000e+00
2.0981e-05
1.1921e-06
0.0000e+00
2.0981e-05
9.5367e-07
0.0000e+00
2.0981e-05
9.5367e-07
2.1911e-04
0.0000e+00
0.0000e+00
0.0000e+00
2.8849e-05
1.1921e-06
1.2779e-04
9.5367e-07
9.5367e-07
0.0000e+00
2.4080e-05
0.0000e+00
0.0000e+00
2.1935e-05
0.0000e+00
0.0000e+00
2.0981e-05
0.0000e+00
0.0000e+00
2.1935e-05
1.1921e-06
7.0810e-05
0.0000e+00
9.5367e-07
0.0000e+00
2.2888e-05
9.5367e-07
5.0068e-05
0.0000e+00
9.5367e-07
0.0000e+00
2.9087e-05
9.5367e-07
6.3896e-05
1.1921e-06
0.0000e+00
5.6982e-05
9.5367e-07
9.5367e-07
0.0000e+00
2.1935e-05
9.5367e-07
0.0000e+00
2.1935e-05
0.0000e+00
5.1975e-05
0.0000e+00
0.0000e+00
6.9141e-05
0.0000e+00
9.5367e-07
0.0000e+00
2.2173e-05
9.5367e-07
0.0000e+00
2.2888e-05
9.5367e-07
4.2915e-05
0.0000e+00
0.0000e+00
0.0000e+00
2.1935e-05
9.5367e-07
0.0000e+00
2.3127e-05
0.0000e+00
0.0000e+00
2.0981e-05
0.0000e+00
0.0000e+00
2.0981e-05
0.0000e+00
0.0000e+00
2.1935e-05
9.5367e-07
0.0000e+00
2.0981e-05
9.5367e-07
0.0000e+00
2.0981e-05
0.0000e+00
0.0000e+00
2.1935e-05
9.5367e-07
0.0000e+00
2.6941e-05
9.5367e-07
0.0000e+00
2.0981e-05
0.0000e+00
0.0000e+00
2.1219e-05
9.5367e-07
0.0000e+00
2.0981e-05
9.5367e-07
0.0000e+00
2.2173e-05
9.5367e-07
0.0000e+00
2.0981e-05
9.5367e-07
0.0000e+00
2.0981e-05
0.0000e+00
0.0000e+00
2.9087e-05
9.5367e-07
0.0000e+00
2.2888e-05
9.5367e-07
0.0000e+00
2.0981e-05
9.5367e-07
0.0000e+00
2.1935e-05
0.0000e+00
0.0000e+00
2.0981e-05
0.0000e+00
0.0000e+00
2.0981e-05
1.1921e-06
0.0000e+00
2.0981e-05
9.5367e-07
4.8709e-04
9.5367e-07
9.5367e-07
0.0000e+00
2.1935e-05
9.5367e-07
0.0000e+00
2.3127e-05
9.5367e-07
0.0000e+00
2.0981e-05
9.5367e-07
0.0000e+00
2.2173e-05
9.5367e-07
0.0000e+00
2.1935e-05
1.1921e-06
0.0000e+00
2.0981e-05
9.5367e-07
0.0000e+00
2.1935e-05
1.1921e-06
0.0000e+00
2.0981e-05
9.5367e-07
0.0000e+00
3.4094e-05
9.5367e-07
0.0000e+00
2.2173e-05
9.5367e-07
0.0000e+00
2.0981e-05
9.5367e-07
0.0000e+00
2.2173e-05
9.5367e-07
0.0000e+00
2.0981e-05
1.1921e-06
0.0000e+00
2.0981e-05
0.0000e+00
3.4094e-04
0.0000e+00
0.0000e+00
4.1008e-05
0.0000e+00
0.0000e+00
0.0000e+00
2.2173e-05
9.5367e-07
8.6069e-05
9.5367e-07
9.5367e-07
0.0000e+00
2.1935e-05
9.5367e-07
0.0000e+00
2.0981e-05
1.1921e-06
4.7922e-05
0.0000e+00
1.1921e-06
0.0000e+00
2.0981e-05
9.5367e-07
0.0000e+00
2.0981e-05
1.1921e-06
0.0000e+00
2.0981e-05
0.0000e+00
9.7990e-05
0.0000e+00
9.5367e-07
0.0000e+00
2.3842e-05
1.1921e-06
0.0000e+00
2.9087e-05
9.5367e-07
0.0000e+00
2.1935e-05
9.5367e-07
0.0000e+00
2.0981e-05
9.5367e-07
0.0000e+00
2.1935e-05
1.1921e-06
0.0000e+00
2.0981e-05
9.5367e-07
0.0000e+00
2.1935e-05
1.1921e-06
0.0000e+00
2.0981e-05
9.5367e-07
0.0000e+00
2.0981e-05
9.5367e-07
0.0000e+00
2.1935e-05
1.1921e-06
0.0000e+00
2.1935e-05
9.5367e-07
0.0000e+00
2.0981e-05
0.0000e+00
0.0000e+00
2.9802e-05
9.5367e-07
0.0000e+00
3.6955e-05
9.5367e-07
0.0000e+00
3.7909e-05
2.1458e-06
0.0000e+00
3.6001e-05
9.5367e-07
0.0000e+00
4.8161e-05
1.9073e-06
2.7895e-04
0.0000e+00
9.5367e-07
0.0000e+00
3.9101e-05
9.5367e-07
0.0000e+00
3.9101e-05
1.9073e-06
8.1062e-06
9.5367e-07
1.9073e-06
0.0000e+00
3.7909e-05
9.5367e-07
0.0000e+00
3.7909e-05
9.5367e-07
0.0000e+00
3.6955e-05
9.5367e-07
4.6015e-05
9.5367e-07
9.5367e-07
0.0000e+00
4.6968e-05
2.1458e-06
0.0000e+00
3.7909e-05
1.1921e-06
2.0981e-05
0.0000e+00
9.5367e-07
3.6001e-05
9.5367e-07
9.5367e-07
4.3154e-05
0.0000e+00
9.5367e-07
0.0000e+00
3.8147e-05
9.5367e-07
0.0000e+00
3.6955e-05
9.5367e-07
0.0000e+00
3.8862e-05
1.1921e-06
0.0000e+00
3.7909e-05
9.5367e-07
0.0000e+00
4.6968e-05
9.5367e-07
0.0000e+00
3.9101e-05
9.5367e-07
0.0000e+00
3.6955e-05
9.5367e-07
0.0000e+00
3.8147e-05
9.5367e-07
1.9073e-06
0.0000e+00
9.5367e-07
0.0000e+00
3.6955e-05
2.1458e-06
4.6968e-05
9.5367e-07
1.1921e-06
0.0000e+00
3.8862e-05
1.9073e-06
0.0000e+00
3.8862e-05
1.1921e-06
9.5367e-07
9.5367e-07
9.5367e-07
6.3896e-05
9.5367e-07
1.1921e-06
0.0000e+00
3.7909e-05
1.1921e-06
0.0000e+00
3.7909e-05
3.0994e-06
7.8678e-06
0.0000e+00
9.5367e-07
0.0000e+00
4.4107e-05
9.5367e-07
0.0000e+00
3.8862e-05
2.1458e-06
0.0000e+00
3.7909e-05
9.5367e-07
0.0000e+00
3.6955e-05
9.5367e-07
0.0000e+00
5.0068e-05
9.5367e-07
0.0000e+00
3.8862e-05
9.5367e-07
0.0000e+00
3.6955e-05
9.5367e-07
0.0000e+00
3.6001e-05
1.1921e-06
0.0000e+00
3.6955e-05
9.5367e-07
0.0000e+00
3.7193e-05
9.5367e-07
0.0000e+00
3.6001e-05
1.9073e-06
0.0000e+00
3.6955e-05
9.5367e-07
0.0000e+00
3.8147e-05
2.1458e-06
0.0000e+00
3.6955e-05
9.5367e-07
0.0000e+00
4.1962e-05
9.5367e-07
0.0000e+00
3.8147e-05
9.5367e-07
0.0000e+00
3.7193e-05
9.5367e-07
0.0000e+00
3.6955e-05
1.1921e-06
0.0000e+00
3.6955e-05
9.5367e-07
0.0000e+00
4.6968e-05
9.5367e-07
0.0000e+00
3.8147e-05
9.5367e-07
6.9141e-06
0.0000e+00
9.5367e-07
4.7922e-05
0.0000e+00
9.5367e-07
0.0000e+00
3.8147e-05
1.9073e-06
5.9605e-06
0.0000e+00
9.5367e-07
0.0000e+00
3.7909e-05
9.5367e-07
0.0000e+00
3.6955e-05
9.5367e-07
0.0000e+00
3.6955e-05
1.1921e-06
0.0000e+00
3.6001e-05
1.9073e-06
0.0000e+00
3.6955e-05
2.1458e-06
1.5020e-05
9.5367e-07
9.5367e-07
0.0000e+00
3.8147e-05
9.5367e-07
0.0000e+00
3.6001e-05
1.1921e-06
0.0000e+00
3.6955e-05
9.5367e-07
0.0000e+00
3.6001e-05
9.5367e-07
0.0000e+00
4.1962e-05
2.1458e-06
0.0000e+00
3.7909e-05
9.5367e-07
9.1076e-05
9.5367e-07
1.1921e-06
0.0000e+00
3.8862e-05
9.5367e-07
6.7949e-05
9.5367e-07
9.5367e-07
0.0000e+00
3.6955e-05
9.5367e-07
0.0000e+00
3.6955e-05
9.5367e-07
0.0000e+00
3.7193e-05
9.5367e-07
0.0000e+00
3.9101e-05
9.5367e-07
0.0000e+00
3.6955e-05
2.1458e-06
0.0000e+00
4.7922e-05
2.1458e-06
0.0000e+00
3.6955e-05
9.5367e-07
0.0000e+00
3.6955e-05
9.5367e-07
0.0000e+00
3.6955e-05
1.1921e-06
0.0000e+00
3.6955e-05
9.5367e-07
6.1989e-06
9.5367e-07
9.5367e-07
0.0000e+00
3.6955e-05
9.5367e-07
0.0000e+00
3.6955e-05
1.1921e-06
5.9605e-06
0.0000e+00
1.9073e-06
0.0000e+00
3.9101e-05
9.5367e-07
0.0000e+00
3.6955e-05
9.5367e-07
0.0000e+00
3.6955e-05
9.5367e-07
0.0000e+00
3.6001e-05
1.1921e-06
4.0531e-06
0.0000e+00
9.5367e-07
0.0000e+00
3.7193e-05
9.5367e-07
0.0000e+00
3.6955e-05
1.1921e-06
0.0000e+00
3.6955e-05
1.9073e-06
0.0000e+00
3.8147e-05
9.5367e-07
5.0068e-05
0.0000e+00
9.5367e-07
0.0000e+00
3.8147e-05
9.5367e-07
0.0000e+00
3.7193e-05
1.1921e-06
3.8862e-05
0.0000e+00
9.5367e-07
0.0000e+00
3.8147e-05
9.5367e-07
0.0000e+00
3.6955e-05
2.1458e-06
0.0000e+00
3.6001e-05
9.5367e-07
0.0000e+00
3.6001e-05
1.9073e-06
0.0000e+00
3.7909e-05
1.9073e-06
0.0000e+00
3.6955e-05
9.5367e-07
0.0000e+00
4.2200e-05
2.1458e-06
9.9897e-05
0.0000e+00
9.5367e-07
0.0000e+00
4.0054e-05
9.5367e-07
0.0000e+00
3.7193e-05
9.5367e-07
0.0000e+00
3.7909e-05
9.5367e-07
0.0000e+00
3.6955e-05
1.1921e-06
0.0000e+00
3.8862e-05
9.5367e-07
0.0000e+00
3.6955e-05
9.5367e-07
3.8147e-06
0.0000e+00
9.5367e-07
0.0000e+00
3.7909e-05
9.5367e-07
0.0000e+00
3.9101e-05
9.5367e-07
0.0000e+00
3.8147e-05
9.5367e-07
0.0000e+00
3.6955e-05
9.5367e-07
0.0000e+00
3.6955e-05
9.5367e-07
0.0000e+00
3.9101e-05
1.9073e-06
0.0000e+00
3.6001e-05
9.5367e-07
0.0000e+00
3.6955e-05
9.5367e-07
0.0000e+00
3.7909e-05
1.1921e-06
0.0000e+00
3.7909e-05
1.1921e-06
0.0000e+00
4.0054e-05
9.5367e-07
6.9141e-06
9.5367e-07
9.5367e-07
0.0000e+00
3.6955e-05
9.5367e-07
0.0000e+00
3.7909e-05
9.5367e-07
0.0000e+00
5.6028e-05
3.0994e-06
0.0000e+00
4.4107e-05
2.1458e-06
0.0000e+00
3.9101e-05
1.9073e-06
0.0000e+00
3.7909e-05
9.5367e-07
0.0000e+00
4.0054e-05
1.9073e-06
0.0000e+00
4.1962e-05
1.9073e-06
0.0000e+00
5.1022e-05
9.5367e-07
0.0000e+00
3.7909e-05
1.9073e-06
0.0000e+00
3.8147e-05
1.9073e-06
0.0000e+00
3.7193e-05
2.1458e-06
0.0000e+00
3.7909e-05
1.1921e-06
0.0000e+00
3.6955e-05
1.9073e-06
8.8215e-06
1.1921e-06
1.9073e-06
0.0000e+00
3.9101e-05
9.5367e-07
0.0000e+00
5.5075e-05
1.9073e-06
0.0000e+00
3.8147e-05
9.5367e-07
0.0000e+00
3.8147e-05
1.9073e-06
0.0000e+00
3.7909e-05
2.1458e-06
0.0000e+00
3.9101e-05
2.1458e-06
8.1062e-06
0.0000e+00
1.9073e-06
1.2159e-05
9.5367e-07
9.5367e-07
0.0000e+00
3.8862e-05
1.9073e-06
5.0068e-06
0.0000e+00
9.5367e-07
1.0967e-05
0.0000e+00
1.9073e-06
0.0000e+00
5.1975e-05
1.9073e-06
0.0000e+00
3.8862e-05
1.9073e-06
0.0000e+00
3.8147e-05
1.9073e-06
5.9605e-06
0.0000e+00
9.5367e-07
0.0000e+00
3.9101e-05
2.1458e-06
5.9605e-06
0.0000e+00
1.1921e-06
0.0000e+00
3.7909e-05
2.1458e-06
1.4496e-04
1.1921e-06
2.1458e-06
0.0000e+00
3.9101e-05
1.9073e-06
0.0000e+00
5.1022e-05
1.9073e-06
0.0000e+00
4.4107e-05
1.9073e-06
0.0000e+00
3.7193e-05
9.5367e-07
0.0000e+00
3.6001e-05
9.5367e-07
0.0000e+00
3.7909e-05
9.5367e-07
0.0000e+00
3.6955e-05
9.5367e-07
1.4067e-05
9.5367e-07
9.5367e-07
0.0000e+00
3.7909e-05
1.9073e-06
0.0000e+00
5.0068e-05
1.9073e-06
0.0000e+00
3.7909e-05
1.9073e-06
0.0000e+00
3.7193e-05
9.5367e-07
0.0000e+00
3.8147e-05
2.1458e-06
0.0000e+00
4.2915e-05
1.9073e-06
0.0000e+00
3.7909e-05
9.5367e-07
0.0000e+00
3.8147e-05
2.1458e-06
0.0000e+00
3.6955e-05
9.5367e-07
0.0000e+00
4.9829e-05
2.1458e-06
0.0000e+00
3.6955e-05
9.5367e-07
0.0000e+00
3.7193e-05
1.9073e-06
0.0000e+00
3.8147e-05
2.1458e-06
0.0000e+00
3.8862e-05
2.1458e-06
0.0000e+00
3.7909e-05
9.5367e-07
8.1062e-06
0.0000e+00
1.9073e-06
0.0000e+00
3.8862e-05
9.5367e-07
0.0000e+00
5.1022e-05
1.1921e-06
0.0000e+00
3.7909e-05
9.5367e-07
0.0000e+00
3.6955e-05
9.5367e-07
0.0000e+00
3.7193e-05
1.1921e-06
0.0000e+00
3.7909e-05
2.1458e-06
0.0000e+00
3.7909e-05
1.9073e-06
0.0000e+00
3.8147e-05
1.9073e-06
0.0000e+00
3.6955e-05
2.1458e-06
0.0000e+00
3.8147e-05
2.1458e-06
0.0000e+00
3.7909e-05
1.9073e-06
1.2875e-05
0.0000e+00
1.9073e-06
0.0000e+00
3.7909e-05
1.1921e-06
0.0000e+00
3.6955e-05
1.9073e-06
0.0000e+00
3.7909e-05
1.9073e-06
0.0000e+00
3.8147e-05
2.1458e-06
5.9605e-06
0.0000e+00
2.1458e-06
0.0000e+00
5.0068e-05
2.1458e-06
0.0000e+00
4.2915e-05
2.1458e-06
9.8944e-05
9.5367e-07
1.9073e-06
0.0000e+00
3.9101e-05
9.5367e-07
7.1526e-06
0.0000e+00
1.9073e-06
0.0000e+00
3.7909e-05
1.1921e-06
0.0000e+00
5.6982e-05
2.1458e-06
0.0000e+00
3.9101e-05
9.5367e-07
0.0000e+00
3.7909e-05
9.5367e-07
0.0000e+00
5.0068e-05
1.9073e-06
0.0000e+00
3.7193e-05
1.9073e-06
0.0000e+00
3.8147e-05
9.5367e-07
0.0000e+00
3.7193e-05
9.5367e-07
0.0000e+00
3.6955e-05
1.1921e-06
0.0000e+00
3.6955e-05
1.1921e-06
1.1921e-05
1.1921e-06
9.5367e-07
0.0000e+00
3.6955e-05
1.1921e-06
0.0000e+00
4.7922e-05
9.5367e-07
1.8120e-05
9.5367e-07
1.1921e-06
0.0000e+00
4.1008e-05
9.5367e-07
0.0000e+00
3.8862e-05
2.1458e-06
0.0000e+00
3.7909e-05
1.1921e-06
0.0000e+00
3.7909e-05
9.5367e-07
2.8610e-06
9.5367e-07
1.1921e-06
0.0000e+00
3.7909e-05
9.5367e-07
0.0000e+00
3.6001e-05
1.9073e-06
0.0000e+00
3.8147e-05
9.5367e-07
0.0000e+00
3.6955e-05
9.5367e-07
0.0000e+00
3.6955e-05
9.5367e-07
6.9141e-06
0.0000e+00
9.5367e-07
0.0000e+00
3.7909e-05
9.5367e-07
0.0000e+00
3.7909e-05
9.5367e-07
0.0000e+00
3.6955e-05
9.5367e-07
0.0000e+00
3.6955e-05
1.9073e-06
0.0000e+00
3.9101e-05
9.5367e-07
0.0000e+00
3.7193e-05
9.5367e-07
0.0000e+00
3.6955e-05
1.1921e-06
0.0000e+00
3.8862e-05
9.5367e-07
0.0000e+00
3.7909e-05
1.1921e-06
0.0000e+00
4.1962e-05
9.5367e-07
0.0000e+00
3.6955e-05
1.9073e-06
8.1062e-06
0.0000e+00
9.5367e-07
0.0000e+00
4.6968e-05
9.5367e-07
0.0000e+00
3.6955e-05
9.5367e-07
0.0000e+00
3.6955e-05
9.5367e-07
0.0000e+00
3.6955e-05
9.5367e-07
0.0000e+00
3.6001e-05
1.1921e-06
0.0000e+00
3.7909e-05
9.5367e-07
0.0000e+00
3.7909e-05
9.5367e-07
0.0000e+00
3.7909e-05
9.5367e-07
5.9605e-06
0.0000e+00
9.5367e-07
1.3113e-05
0.0000e+00
9.5367e-07
0.0000e+00
3.7909e-05
9.5367e-07
0.0000e+00
3.7909e-05
1.9073e-06
0.0000e+00
3.6001e-05
1.9073e-06
6.9141e-06
0.0000e+00
9.5367e-07
0.0000e+00
4.0054e-05
1.9073e-06
0.0000e+00
3.7909e-05
9.5367e-07
0.0000e+00
3.8147e-05
2.1458e-06
0.0000e+00
3.7909e-05
2.1458e-06
8.5831e-05
0.0000e+00
9.5367e-07
0.0000e+00
3.8147e-05
9.5367e-07
0.0000e+00
3.8147e-05
9.5367e-07
0.0000e+00
3.7909e-05
9.5367e-07
0.0000e+00
3.6955e-05
1.1921e-06
0.0000e+00
3.6955e-05
9.5367e-07
0.0000e+00
5.0783e-05
9.5367e-07
0.0000e+00
4.0054e-05
1.9073e-06
0.0000e+00
3.8862e-05
1.1921e-06
0.0000e+00
3.8862e-05
1.1921e-06
0.0000e+00
3.6955e-05
9.5367e-07
2.8610e-06
0.0000e+00
1.1921e-06
0.0000e+00
3.7909e-05
2.1458e-06
0.0000e+00
3.6001e-05
9.5367e-07
0.0000e+00
3.6955e-05
9.5367e-07
0.0000e+00
4.6015e-05
9.5367e-07
0.0000e+00
3.6955e-05
1.1921e-06
0.0000e+00
3.7909e-05
2.1458e-06
0.0000e+00
3.7909e-05
9.5367e-07
0.0000e+00
4.3154e-05
9.5367e-07
0.0000e+00
3.6001e-05
1.1921e-06
0.0000e+00
3.6955e-05
9.5367e-07
0.0000e+00
3.5048e-05
1.1921e-06
0.0000e+00
3.7909e-05
9.5367e-07
5.9605e-06
9.5367e-07
1.1921e-06
0.0000e+00
3.7909e-05
9.5367e-07
0.0000e+00
3.6955e-05
9.5367e-07
0.0000e+00
3.7909e-05
9.5367e-07
0.0000e+00
3.6955e-05
9.5367e-07
0.0000e+00
3.6955e-05
9.5367e-07
3.0994e-06
9.5367e-07
9.5367e-07
0.0000e+00
4.9114e-05
1.9073e-06
0.0000e+00
3.6955e-05
9.5367e-07
0.0000e+00
3.8147e-05
1.9073e-06
0.0000e+00
3.6955e-05
2.1458e-06
0.0000e+00
3.6955e-05
1.1921e-06
0.0000e+00
3.6001e-05
1.9073e-06
0.0000e+00
3.6001e-05
9.5367e-07
0.0000e+00
3.6955e-05
1.9073e-06
0.0000e+00
4.1962e-05
1.9073e-06
0.0000e+00
3.7909e-05
9.5367e-07
6.1989e-06
0.0000e+00
9.5367e-07
0.0000e+00
3.6955e-05
9.5367e-07
0.0000e+00
3.6955e-05
9.5367e-07
6.2943e-05
1.1921e-06
1.9073e-06
3.0994e-06
9.5367e-07
9.5367e-07
1.8120e-05
0.0000e+00
9.5367e-07
0.0000e+00
4.8161e-05
2.1458e-06
0.0000e+00
5.1975e-05
1.1921e-06
0.0000e+00
3.9101e-05
9.5367e-07
0.0000e+00
3.7909e-05
9.5367e-07
0.0000e+00
3.7909e-05
9.5367e-07
0.0000e+00
3.7909e-05
9.5367e-07
0.0000e+00
3.6955e-05
9.5367e-07
0.0000e+00
3.8147e-05
1.9073e-06
0.0000e+00
3.8147e-05
1.9073e-06
0.0000e+00
4.6015e-05
9.5367e-07
0.0000e+00
3.7909e-05
9.5367e-07
4.0531e-06
0.0000e+00
1.1921e-06
0.0000e+00
3.7909e-05
9.5367e-07
0.0000e+00
3.6001e-05
9.5367e-07
0.0000e+00
3.6955e-05
9.5367e-07
0.0000e+00
3.6955e-05
9.5367e-07
5.0068e-06
0.0000e+00
1.9073e-06
0.0000e+00
3.7909e-05
2.1458e-06
0.0000e+00
3.7909e-05
9.5367e-07
0.0000e+00
3.6955e-05
9.5367e-07
0.0000e+00
3.7193e-05
2.8610e-06
4.8876e-05
1.1921e-06
9.5367e-07
0.0000e+00
4.2915e-05
9.5367e-07
3.0994e-06
9.5367e-07
9.5367e-07
0.0000e+00
3.6955e-05
9.5367e-07
5.1975e-05
0.0000e+00
1.1921e-06
0.0000e+00
3.7909e-05
2.1458e-06
0.0000e+00
3.9101e-05
9.5367e-07
0.0000e+00
3.8147e-05
1.1921e-06
0.0000e+00
3.6955e-05
9.5367e-07
0.0000e+00
3.7909e-05
1.9073e-06
0.0000e+00
3.7193e-05
9.5367e-07
0.0000e+00
3.6001e-05
1.1921e-06
3.0041e-05
0.0000e+00
9.5367e-07
0.0000e+00
3.8147e-05
1.9073e-06
0.0000e+00
4.2915e-05
2.1458e-06
0.0000e+00
3.6955e-05
2.1458e-06
0.0000e+00
3.6001e-05
9.5367e-07
0.0000e+00
3.8147e-05
9.5367e-07
0.0000e+00
3.8147e-05
9.5367e-07
0.0000e+00
3.7909e-05
9.5367e-07
0.0000e+00
3.7909e-05
1.1921e-06
5.9605e-06
9.5367e-07
1.1921e-06
0.0000e+00
4.6968e-05
1.9073e-06
0.0000e+00
3.6955e-05
9.5367e-07
0.0000e+00
3.6955e-05
9.5367e-07
0.0000e+00
3.6955e-05
9.5367e-07
0.0000e+00
3.6001e-05
9.5367e-07
0.0000e+00
3.6955e-05
9.5367e-07
0.0000e+00
3.8147e-05
9.5367e-07
0.0000e+00
3.6955e-05
1.1921e-06
0.0000e+00
3.7909e-05
2.1458e-06
0.0000e+00
3.6955e-05
9.5367e-07
0.0000e+00
3.6955e-05
9.5367e-07
0.0000e+00
3.6955e-05
9.5367e-07
0.0000e+00
4.1008e-05
9.5367e-07
0.0000e+00
3.6955e-05
9.5367e-07
0.0000e+00
3.6955e-05
9.5367e-07
0.0000e+00
4.6968e-05
2.1458e-06
1.0014e-05
0.0000e+00
9.5367e-07
7.1526e-06
9.5367e-07
9.5367e-07
0.0000e+00
3.7909e-05
9.5367e-07
7.5817e-05
0.0000e+00
9.5367e-07
5.1022e-05
9.5367e-07
9.5367e-07
0.0000e+00
3.9101e-05
9.5367e-07
0.0000e+00
3.7909e-05
9.5367e-07
0.0000e+00
3.6955e-05
1.1921e-06
0.0000e+00
3.6955e-05
1.9073e-06
7.1526e-06
0.0000e+00
9.5367e-07
0.0000e+00
3.8147e-05
9.5367e-07
5.8174e-05
9.5367e-07
1.9073e-06
2.1458e-06
0.0000e+00
9.5367e-07
0.0000e+00
3.6955e-05
9.5367e-07
0.0000e+00
3.6955e-05
9.5367e-07
0.0000e+00
3.6955e-05
9.5367e-07
0.0000e+00
4.2200e-05
9.5367e-07
0.0000e+00
3.6001e-05
1.9073e-06
2.9087e-05
0.0000e+00
2.1458e-06
0.0000e+00
3.7909e-05
9.5367e-07
3.1948e-05
9.5367e-07
1.9073e-06
0.0000e+00
4.3154e-05
9.5367e-07
5.6982e-05
9.5367e-07
9.5367e-07
3.0994e-06
0.0000e+00
9.5367e-07
0.0000e+00
3.9816e-05
9.5367e-07
0.0000e+00
3.8862e-05
2.1458e-06
0.0000e+00
4.1008e-05
9.5367e-07
0.0000e+00
4.7922e-05
1.9073e-06
9.0599e-06
9.5367e-07
9.5367e-07
0.0000e+00
4.0054e-05
1.9073e-06
0.0000e+00
3.7909e-05
9.5367e-07
0.0000e+00
3.7909e-05
9.5367e-07
4.4107e-05
9.5367e-07
9.5367e-07
0.0000e+00
3.7909e-05
2.1458e-06
1.5974e-05
0.0000e+00
1.9073e-06
0.0000e+00
3.8862e-05
5.0068e-06
0.0000e+00
3.8147e-05
2.1458e-06
0.0000e+00
3.8862e-05
1.1921e-06
0.0000e+00
3.6955e-05
9.5367e-07
0.0000e+00
3.6955e-05
9.5367e-07
0.0000e+00
3.8147e-05
9.5367e-07
1.7166e-05
9.5367e-07
9.5367e-07
0.0000e+00
3.6001e-05
9.5367e-07
0.0000e+00
3.6001e-05
9.5367e-07
6.9141e-06
9.5367e-07
1.1921e-06
4.2915e-05
0.0000e+00
2.1458e-06
0.0000e+00
3.7909e-05
9.5367e-07
0.0000e+00
3.7909e-05
1.1921e-06
0.0000e+00
3.6955e-05
9.5367e-07
0.0000e+00
3.6955e-05
9.5367e-07
0.0000e+00
3.6955e-05
9.5367e-07
0.0000e+00
3.6955e-05
1.1921e-06
0.0000e+00
3.7909e-05
9.5367e-07
0.0000e+00
4.6968e-05
9.5367e-07
3.0994e-06
9.5367e-07
1.1921e-06
0.0000e+00
3.7909e-05
9.5367e-07
0.0000e+00
4.2915e-05
9.5367e-07
0.0000e+00
3.6955e-05
9.5367e-07
0.0000e+00
3.7193e-05
9.5367e-07
0.0000e+00
3.7193e-05
9.5367e-07
0.0000e+00
3.6001e-05
1.9073e-06
0.0000e+00
5.4836e-05
2.8610e-06
8.8215e-06
9.5367e-07
9.5367e-07
3.2902e-05
9.5367e-07
9.5367e-07
0.0000e+00
4.2200e-05
2.1458e-06
0.0000e+00
3.9101e-05
2.1458e-06
0.0000e+00
3.9101e-05
1.9073e-06
0.0000e+00
3.7909e-05
9.5367e-07
9.0599e-06
1.1921e-06
2.1458e-06
0.0000e+00
3.9101e-05
2.1458e-06
0.0000e+00
3.7909e-05
2.1458e-06
4.2915e-05
9.5367e-07
9.5367e-07
0.0000e+00
3.9101e-05
9.5367e-07
0.0000e+00
3.7909e-05
1.9073e-06
0.0000e+00
3.6955e-05
1.1921e-06
0.0000e+00
3.9101e-05
9.5367e-07
0.0000e+00
3.7909e-05
1.9073e-06
0.0000e+00
3.7909e-05
1.9073e-06
0.0000e+00
3.6955e-05
9.5367e-07
0.0000e+00
4.0054e-05
1.9073e-06
0.0000e+00
3.8147e-05
9.5367e-07
0.0000e+00
3.6001e-05
9.5367e-07
2.5988e-05
9.5367e-07
9.5367e-07
0.0000e+00
3.8147e-05
9.5367e-07
2.0027e-05
0.0000e+00
1.1921e-06
0.0000e+00
3.9101e-05
2.1458e-06
0.0000e+00
3.8862e-05
1.1921e-06
0.0000e+00
5.0068e-05
9.5367e-07
0.0000e+00
3.8147e-05
2.1458e-06
0.0000e+00
3.7909e-05
1.9073e-06
0.0000e+00
3.7909e-05
9.5367e-07
7.1526e-06
0.0000e+00
9.5367e-07
0.0000e+00
3.8147e-05
1.9073e-06
0.0000e+00
3.6955e-05
9.5367e-07
0.0000e+00
3.6955e-05
1.9073e-06
0.0000e+00
3.8147e-05
5.9605e-06
0.0000e+00
3.9101e-05
2.1458e-06
2.5988e-05
0.0000e+00
2.1458e-06
0.0000e+00
3.7909e-05
9.5367e-07
0.0000e+00
3.7909e-05
9.5367e-07
0.0000e+00
3.8147e-05
1.9073e-06
0.0000e+00
3.6955e-05
2.1458e-06
0.0000e+00
3.6955e-05
9.5367e-07
0.0000e+00
3.8147e-05
2.1458e-06
7.8678e-06
0.0000e+00
9.5367e-07
0.0000e+00
3.8147e-05
9.5367e-07
0.0000e+00
3.8147e-05
2.1458e-06
0.0000e+00
3.7909e-05
1.9073e-06
0.0000e+00
3.7909e-05
9.5367e-07
0.0000e+00
3.7909e-05
1.9073e-06
0.0000e+00
3.9101e-05
9.5367e-07
0.0000e+00
3.6955e-05
1.9073e-06
0.0000e+00
3.8147e-05
1.9073e-06
0.0000e+00
3.8147e-05
2.1458e-06
0.0000e+00
3.8862e-05
2.1458e-06
0.0000e+00
3.7909e-05
9.5367e-07
0.0000e+00
3.7193e-05
1.9073e-06
1.4067e-05
9.5367e-07
1.9073e-06
0.0000e+00
3.7909e-05
2.1458e-06
0.0000e+00
3.6955e-05
9.5367e-07
0.0000e+00
3.8862e-05
9.5367e-07
0.0000e+00
5.6028e-05
1.9073e-06
0.0000e+00
3.9101e-05
1.9073e-06
0.0000e+00
3.8862e-05
1.1921e-06
0.0000e+00
3.7909e-05
9.5367e-07
0.0000e+00
3.7909e-05
9.5367e-07
0.0000e+00
3.6955e-05
9.5367e-07
0.0000e+00
4.8161e-05
1.9073e-06
0.0000e+00
3.7909e-05
9.5367e-07
0.0000e+00
3.7909e-05
1.1921e-06
6.9141e-06
9.5367e-07
1.1921e-06
0.0000e+00
3.8862e-05
1.1921e-06
0.0000e+00
3.8862e-05
1.1921e-06
0.0000e+00
3.6955e-05
9.5367e-07
0.0000e+00
3.6955e-05
9.5367e-07
0.0000e+00
5.1975e-05
2.1458e-06
9.0599e-06
0.0000e+00
9.5367e-07
0.0000e+00
3.7909e-05
9.5367e-07
0.0000e+00
3.6955e-05
1.9073e-06
0.0000e+00
3.8147e-05
9.5367e-07
0.0000e+00
3.6001e-05
2.1458e-06
0.0000e+00
3.6955e-05
2.1458e-06
5.9605e-06
0.0000e+00
9.5367e-07
0.0000e+00
4.1962e-05
9.5367e-07
0.0000e+00
5.1022e-05
9.5367e-07
0.0000e+00
3.6955e-05
9.5367e-07
0.0000e+00
3.6955e-05
9.5367e-07
0.0000e+00
3.6955e-05
1.1921e-06
0.0000e+00
3.6955e-05
9.5367e-07
4.0531e-06
9.5367e-07
9.5367e-07
1.4067e-05
0.0000e+00
9.5367e-07
2.2888e-05
0.0000e+00
1.1921e-06
0.0000e+00
3.7909e-05
9.5367e-07
0.0000e+00
4.6968e-05
9.5367e-07
0.0000e+00
3.7193e-05
9.5367e-07
0.0000e+00
3.6955e-05
9.5367e-07
0.0000e+00
3.6955e-05
9.5367e-07
0.0000e+00
3.6001e-05
9.5367e-07
0.0000e+00
3.6955e-05
9.5367e-07
0.0000e+00
3.6001e-05
9.5367e-07
5.0068e-06
1.1921e-06
1.1921e-06
0.0000e+00
4.6968e-05
1.9073e-06
0.0000e+00
3.7909e-05
9.5367e-07
0.0000e+00
3.7193e-05
9.5367e-07
0.0000e+00
3.6001e-05
9.5367e-07
1.5211e-04
9.5367e-07
9.5367e-07
0.0000e+00
3.9101e-05
9.5367e-07
0.0000e+00
3.6955e-05
1.1921e-06
1.0967e-05
9.5367e-07
1.1921e-06
1.6928e-05
9.5367e-07
9.5367e-07
0.0000e+00
3.7193e-05
1.1921e-06
0.0000e+00
3.6955e-05
9.5367e-07
0.0000e+00
3.6955e-05
1.1921e-06
0.0000e+00
3.6001e-05
9.5367e-07
0.0000e+00
4.1962e-05
9.5367e-07
1.7881e-05
1.1921e-06
9.5367e-07
0.0000e+00
3.6955e-05
1.1921e-06
0.0000e+00
3.6001e-05
9.5367e-07
0.0000e+00
3.6955e-05
1.9073e-06
5.0068e-06
9.5367e-07
9.5367e-07
0.0000e+00
3.7193e-05
9.5367e-07
0.0000e+00
3.6955e-05
9.5367e-07
1.9789e-05
0.0000e+00
9.5367e-07
0.0000e+00
3.6955e-05
1.1921e-06
7.2002e-05
0.0000e+00
1.1921e-06
0.0000e+00
3.8862e-05
9.5367e-07
0.0000e+00
3.6955e-05
9.5367e-07
0.0000e+00
3.6955e-05
9.5367e-07
5.9605e-06
0.0000e+00
9.5367e-07
0.0000e+00
3.7909e-05
9.5367e-07
0.0000e+00
3.7193e-05
9.5367e-07
0.0000e+00
3.6001e-05
1.1921e-06
0.0000e+00
3.6955e-05
9.5367e-07
0.0000e+00
3.7193e-05
9.5367e-07
0.0000e+00
3.6001e-05
9.5367e-07
0.0000e+00
4.2915e-05
9.5367e-07
0.0000e+00
3.9101e-05
9.5367e-07
0.0000e+00
3.6955e-05
9.5367e-07
3.0994e-06
9.5367e-07
9.5367e-07
0.0000e+00
3.7193e-05
9.5367e-07
0.0000e+00
3.6955e-05
9.5367e-07
0.0000e+00
3.6001e-05
9.5367e-07
0.0000e+00
4.1962e-05
9.5367e-07
0.0000e+00
3.8147e-05
1.9073e-06
0.0000e+00
3.9101e-05
1.9073e-06
0.0000e+00
3.9101e-05
9.5367e-07
7.1526e-06
9.5367e-07
1.9073e-06
0.0000e+00
3.7909e-05
9.5367e-07
0.0000e+00
3.7193e-05
9.5367e-07
0.0000e+00
3.6955e-05
1.1921e-06
0.0000e+00
3.6955e-05
9.5367e-07
0.0000e+00
3.6001e-05
9.5367e-07
0.0000e+00
4.6968e-05
1.1921e-06
1.0490e-04
1.1921e-06
9.5367e-07
0.0000e+00
3.9101e-05
9.5367e-07
0.0000e+00
3.6955e-05
9.5367e-07
0.0000e+00
3.6955e-05
9.5367e-07
0.0000e+00
3.6955e-05
9.5367e-07
0.0000e+00
3.6001e-05
2.1458e-06
5.0068e-06
0.0000e+00
9.5367e-07
0.0000e+00
5.1975e-05
1.9073e-06
0.0000e+00
4.1962e-05
9.5367e-07
0.0000e+00
3.8147e-05
9.5367e-07
0.0000e+00
3.7909e-05
9.5367e-07
0.0000e+00
3.8147e-05
9.5367e-07
0.0000e+00
3.7909e-05
9.5367e-07
0.0000e+00
3.7909e-05
9.5367e-07
2.8610e-06
0.0000e+00
9.5367e-07
0.0000e+00
3.7193e-05
1.1921e-06
0.0000e+00
3.7909e-05
9.5367e-07
0.0000e+00
3.9101e-05
1.1921e-06
0.0000e+00
3.6955e-05
1.1921e-06
0.0000e+00
3.6955e-05
9.5367e-07
1.1921e-05
0.0000e+00
1.9073e-06
0.0000e+00
3.6955e-05
1.1921e-06
0.0000e+00
3.6955e-05
1.1921e-06
7.2956e-05
0.0000e+00
9.5367e-07
3.9816e-05
0.0000e+00
1.1921e-06
0.0000e+00
4.0054e-05
9.5367e-07
0.0000e+00
3.8147e-05
9.5367e-07
0.0000e+00
3.6955e-05
9.5367e-07
5.0068e-06
9.5367e-07
9.5367e-07
0.0000e+00
3.6955e-05
9.5367e-07
0.0000e+00
3.6955e-05
9.5367e-07
0.0000e+00
3.6955e-05
9.5367e-07
0.0000e+00
3.7909e-05
1.1921e-06
0.0000e+00
4.8876e-05
1.1921e-06
0.0000e+00
3.8862e-05
1.1921e-06
0.0000e+00
3.6955e-05
9.5367e-07
9.0599e-06
0.0000e+00
9.5367e-07
0.0000e+00
3.6955e-05
1.9073e-06
0.0000e+00
3.6955e-05
9.5367e-07
0.0000e+00
3.6955e-05
1.1921e-06
0.0000e+00
4.1962e-05
9.5367e-07
0.0000e+00
4.9829e-05
1.1921e-06
0.0000e+00
3.6955e-05
9.5367e-07
0.0000e+00
3.9101e-05
1.9073e-06
0.0000e+00
3.6955e-05
9.5367e-07
0.0000e+00
3.6955e-05
9.5367e-07
0.0000e+00
3.8862e-05
2.1458e-06
0.0000e+00
4.3154e-05
9.5367e-07
3.0994e-06
0.0000e+00
9.5367e-07
0.0000e+00
5.1975e-05
9.5367e-07
0.0000e+00
3.8147e-05
2.1458e-06
0.0000e+00
3.9101e-05
9.5367e-07
4.1962e-05
0.0000e+00
9.5367e-07
3.6955e-05
0.0000e+00
1.9073e-06
0.0000e+00
3.9101e-05
9.5367e-07
4.3154e-05
9.5367e-07
9.5367e-07
2.1458e-06
0.0000e+00
9.5367e-07
0.0000e+00
3.8147e-05
1.9073e-06
0.0000e+00
3.7193e-05
1.1921e-06
0.0000e+00
3.8862e-05
9.5367e-07
0.0000e+00
3.8147e-05
9.5367e-07
0.0000e+00
3.7909e-05
1.1921e-06
0.0000e+00
4.1962e-05
9.5367e-07
0.0000e+00
3.7909e-05
9.5367e-07
0.0000e+00
3.7909e-05
9.5367e-07
0.0000e+00
3.8147e-05
9.5367e-07
0.0000e+00
4.9114e-05
9.5367e-07
2.1458e-06
9.5367e-07
1.1921e-06
0.0000e+00
3.7909e-05
9.5367e-07
0.0000e+00
3.7909e-05
1.9073e-06
0.0000e+00
3.7909e-05
9.5367e-07
4.5061e-05
0.0000e+00
9.5367e-07
0.0000e+00
3.6955e-05
9.5367e-07
0.0000e+00
3.6955e-05
9.5367e-07
0.0000e+00
3.6955e-05
1.9073e-06
0.0000e+00
3.8147e-05
9.5367e-07
0.0000e+00
3.7909e-05
0.0000e+00
0.0000e+00
3.6955e-05
1.1921e-06
2.8610e-06
9.5367e-07
9.5367e-07
0.0000e+00
3.7909e-05
9.5367e-07
0.0000e+00
3.6955e-05
9.5367e-07
0.0000e+00
3.6955e-05
9.5367e-07
0.0000e+00
3.6001e-05
2.1458e-06
5.9605e-06
9.0599e-06
9.5367e-07
0.0000e+00
3.7909e-05
9.5367e-07
0.0000e+00
3.6955e-05
9.5367e-07
0.0000e+00
3.6001e-05
2.1458e-06
0.0000e+00
3.6001e-05
1.9073e-06
0.0000e+00
3.6001e-05
1.1921e-06
5.9605e-06
0.0000e+00
2.1458e-06
1.0967e-05
0.0000e+00
9.5367e-07
0.0000e+00
3.6955e-05
2.1458e-06
0.0000e+00
4.6968e-05
1.9073e-06
9.7990e-05
1.1921e-06
9.5367e-07
0.0000e+00
3.6955e-05
1.1921e-06
0.0000e+00
3.7909e-05
9.5367e-07
0.0000e+00
3.7909e-05
9.5367e-07
0.0000e+00
3.6001e-05
2.1458e-06
0.0000e+00
3.7909e-05
9.5367e-07
0.0000e+00
3.6955e-05
9.5367e-07
1.7881e-05
0.0000e+00
2.1458e-06
0.0000e+00
3.6955e-05
1.9073e-06
0.0000e+00
3.6001e-05
2.1458e-06
0.0000e+00
3.6001e-05
9.5367e-07
0.0000e+00
3.6001e-05
2.1458e-06
2.6941e-05
0.0000e+00
9.5367e-07
3.8147e-06
9.5367e-07
9.5367e-07
0.0000e+00
3.7909e-05
1.9073e-06
0.0000e+00
4.2915e-05
9.5367e-07
0.0000e+00
5.0068e-05
1.9073e-06
0.0000e+00
3.8862e-05
1.1921e-06
0.0000e+00
3.8862e-05
1.1921e-06
0.0000e+00
3.7909e-05
1.1921e-06
0.0000e+00
3.6955e-05
9.5367e-07
0.0000e+00
3.7193e-05
9.5367e-07
2.1935e-05
0.0000e+00
9.5367e-07
0.0000e+00
3.8147e-05
9.5367e-07
1.4019e-04
0.0000e+00
1.1921e-06
0.0000e+00
4.0054e-05
9.5367e-07
0.0000e+00
3.8147e-05
9.5367e-07
0.0000e+00
4.1962e-05
1.1921e-06
0.0000e+00
3.6001e-05
9.5367e-07
0.0000e+00
3.7909e-05
9.5367e-07
1.3113e-05
9.5367e-07
1.1921e-06
3.6955e-05
9.5367e-07
2.1458e-06
0.0000e+00
3.7909e-05
1.1921e-06
0.0000e+00
3.7909e-05
2.1458e-06
0.0000e+00
3.9101e-05
9.5367e-07
0.0000e+00
3.6001e-05
9.5367e-07
1.8835e-05
9.5367e-07
9.5367e-07
0.0000e+00
3.6955e-05
9.5367e-07
0.0000e+00
3.6955e-05
9.5367e-07
0.0000e+00
3.6955e-05
9.5367e-07
0.0000e+00
3.6955e-05
9.5367e-07
0.0000e+00
3.6955e-05
2.1458e-06
0.0000e+00
3.8862e-05
1.1921e-06
0.0000e+00
3.7909e-05
1.1921e-06
0.0000e+00
3.8862e-05
2.1458e-06
0.0000e+00
3.6001e-05
9.5367e-07
1.9073e-05
9.5367e-07
9.5367e-07
5.1975e-05
0.0000e+00
9.5367e-07
0.0000e+00
3.8147e-05
9.5367e-07
0.0000e+00
3.7193e-05
9.5367e-07
0.0000e+00
4.7922e-05
9.5367e-07
0.0000e+00
4.2915e-05
1.1921e-06
0.0000e+00
3.6001e-05
9.5367e-07
0.0000e+00
3.6955e-05
9.5367e-07
5.9605e-06
9.5367e-07
1.1921e-06
0.0000e+00
3.7909e-05
9.5367e-07
0.0000e+00
3.7193e-05
9.5367e-07
1.6928e-05
9.5367e-07
9.5367e-07
0.0000e+00
3.6955e-05
1.9073e-06
0.0000e+00
3.8147e-05
9.5367e-07
0.0000e+00
3.8147e-05
9.5367e-07
0.0000e+00
3.9101e-05
9.5367e-07
0.0000e+00
3.8147e-05
9.5367e-07
0.0000e+00
3.7909e-05
9.5367e-07
0.0000e+00
3.7909e-05
1.1921e-06
0.0000e+00
3.7909e-05
1.1921e-06
0.0000e+00
4.6968e-05
9.5367e-07
0.0000e+00
4.1962e-05
1.9073e-06
0.0000e+00
3.8862e-05
9.5367e-07
0.0000e+00
3.6955e-05
9.5367e-07
0.0000e+00
3.8147e-05
9.5367e-07
0.0000e+00
3.8147e-05
9.5367e-07
0.0000e+00
5.5075e-05
2.1458e-06
0.0000e+00
4.0054e-05
1.1921e-06
0.0000e+00
4.0054e-05
1.9073e-06
0.0000e+00
3.8147e-05
9.5367e-07
4.0531e-06
0.0000e+00
1.1921e-06
1.5020e-05
9.5367e-07
9.5367e-07
0.0000e+00
3.7909e-05
9.5367e-07
0.0000e+00
3.6001e-05
9.5367e-07
0.0000e+00
3.6955e-05
9.5367e-07
0.0000e+00
3.6001e-05
9.5367e-07
0.0000e+00
3.7193e-05
9.5367e-07
0.0000e+00
3.8862e-05
9.5367e-07
0.0000e+00
3.6955e-05
5.5377e-02
