3.6469e-03
1.6212e-05
0.0000e+00
6.8903e-05
1.9073e-06
0.0000e+00
3.9816e-05
2.1458e-06
0.0000e+00
4.0054e-05
9.5367e-07
0.0000e+00
3.8862e-05
2.1458e-06
0.0000e+00
3.7909e-05
9.5367e-07
0.0000e+00
3.8147e-05
1.9073e-06
0.0000e+00
4.0054e-05
9.5367e-07
0.0000e+00
5.9128e-05
1.9073e-06
1.1311e-03
0.0000e+00
9.5367e-07
0.0000e+00
4.3154e-05
9.5367e-07
9.0599e-06
0.0000e+00
1.9073e-06
0.0000e+00
3.9101e-05
9.5367e-07
0.0000e+00
3.8147e-05
9.5367e-07
0.0000e+00
3.8147e-05
1.9073e-06
0.0000e+00
3.6955e-05
9.5367e-07
1.1992e-04
9.5367e-07
9.5367e-07
0.0000e+00
5.0068e-05
9.5367e-07
0.0000e+00
3.8862e-05
9.5367e-07
0.0000e+00
3.8862e-05
1.1921e-06
0.0000e+00
3.6955e-05
9.5367e-07
0.0000e+00
3.6955e-05
9.5367e-07
0.0000e+00
3.7193e-05
1.9073e-06
1.0014e-05
9.5367e-07
2.1458e-06
0.0000e+00
3.7909e-05
9.5367e-07
0.0000e+00
4.6968e-05
1.9073e-06
0.0000e+00
3.6001e-05
1.9073e-06
0.0000e+00
3.6001e-05
1.1921e-06
0.0000e+00
3.7909e-05
9.5367e-07
0.0000e+00
3.7909e-05
9.5367e-07
0.0000e+00
3.6955e-05
9.5367e-07
0.0000e+00
3.7193e-05
9.5367e-07
0.0000e+00
3.7909e-05
9.5367e-07
3.0994e-06
0.0000e+00
9.5367e-07
1.1921e-05
0.0000e+00
8.8215e-06
0.0000e+00
4.1962e-05
9.5367e-07
0.0000e+00
3.8147e-05
9.5367e-07
0.0000e+00
4.1008e-05
1.1921e-06
7.8917e-05
1.1921e-06
9.5367e-07
0.0000e+00
4.0054e-05
9.5367e-07
9.0599e-06
0.0000e+00
9.5367e-07
0.0000e+00
3.7909e-05
2.1458e-06
0.0000e+00
3.7909e-05
1.9073e-06
0.0000e+00
3.6955e-05
9.5367e-07
3.0994e-06
0.0000e+00
9.5367e-07
0.0000e+00
3.7909e-05
9.5367e-07
0.0000e+00
3.7193e-05
9.5367e-07
0.0000e+00
3.6001e-05
9.5367e-07
0.0000e+00
3.6001e-05
9.5367e-07
3.3140e-05
9.5367e-07
9.5367e-07
0.0000e+00
3.7193e-05
9.5367e-07
6.0081e-05
0.0000e+00
9.5367e-07
0.0000e+00
3.7909e-05
1.9073e-06
0.0000e+00
3.6955e-05
9.5367e-07
0.0000e+00
4.2200e-05
9.5367e-07
3.0994e-06
9.5367e-07
9.5367e-07
0.0000e+00
3.6955e-05
9.5367e-07
0.0000e+00
3.6955e-05
2.1458e-06
0.0000e+00
3.7909e-05
1.9073e-06
0.0000e+00
3.6955e-05
9.5367e-07
6.3181e-05
9.0599e-06
9.5367e-07
0.0000e+00
3.9101e-05
1.9073e-06
6.1989e-06
0.0000e+00
1.9073e-06
0.0000e+00
3.6001e-05
1.1921e-06
0.0000e+00
3.6955e-05
9.5367e-07
0.0000e+00
3.6001e-05
9.5367e-07
0.0000e+00
3.6955e-05
9.5367e-07
0.0000e+00
3.8147e-05
9.5367e-07
0.0000e+00
3.6955e-05
1.1921e-06
0.0000e+00
3.8862e-05
9.5367e-07
0.0000e+00
3.7909e-05
9.5367e-07
1.8835e-05
9.5367e-07
9.5367e-07
2.8610e-06
1.1921e-06
1.9073e-06
0.0000e+00
3.6001e-05
9.5367e-07
0.0000e+00
3.6955e-05
1.9073e-06
7.7963e-05
1.1921e-06
9.5367e-07
0.0000e+00
3.6955e-05
9.5367e-07
0.0000e+00
3.6955e-05
9.5367e-07
0.0000e+00
3.9101e-05
1.1921e-06
0.0000e+00
3.7909e-05
9.5367e-07
0.0000e+00
3.7909e-05
9.5367e-07
0.0000e+00
3.6955e-05
9.5367e-07
0.0000e+00
3.7193e-05
9.5367e-07
0.0000e+00
3.6955e-05
9.5367e-07
5.0068e-06
0.0000e+00
1.1921e-06
0.0000e+00
3.6955e-05
9.5367e-07
1.3113e-05
9.5367e-07
9.5367e-07
5.6028e-05
0.0000e+00
9.5367e-07
0.0000e+00
3.7909e-05
1.1921e-06
0.0000e+00
3.6955e-05
9.5367e-07
5.9605e-06
0.0000e+00
9.5367e-07
0.0000e+00
3.6955e-05
1.1921e-06
0.0000e+00
3.6001e-05
9.5367e-07
0.0000e+00
3.8147e-05
9.5367e-07
0.0000e+00
3.6001e-05
1.9073e-06
0.0000e+00
4.2915e-05
9.5367e-07
0.0000e+00
3.8147e-05
9.5367e-07
0.0000e+00
3.8147e-05
9.5367e-07
0.0000e+00
3.8147e-05
9.5367e-07
0.0000e+00
3.7909e-05
9.5367e-07
0.0000e+00
3.7909e-05
1.1921e-06
0.0000e+00
3.7909e-05
2.1458e-06
0.0000e+00
4.6015e-05
1.9073e-06
5.9605e-06
0.0000e+00
9.5367e-07
0.0000e+00
3.7909e-05
9.5367e-07
0.0000e+00
3.6955e-05
9.5367e-07
0.0000e+00
3.6955e-05
9.5367e-07
0.0000e+00
3.5048e-05
1.1921e-06
0.0000e+00
3.6955e-05
9.5367e-07
0.0000e+00
3.6955e-05
9.5367e-07
0.0000e+00
3.6001e-05
1.9073e-06
0.0000e+00
3.8147e-05
9.5367e-07
7.7009e-05
9.5367e-07
1.1921e-06
0.0000e+00
3.8862e-05
9.5367e-07
2.7895e-05
9.5367e-07
9.5367e-07
0.0000e+00
3.7909e-05
9.5367e-07
0.0000e+00
3.6955e-05
9.5367e-07
0.0000e+00
3.6955e-05
9.5367e-07
0.0000e+00
3.8147e-05
9.5367e-07
6.2943e-05
0.0000e+00
9.5367e-07
0.0000e+00
3.7909e-05
9.5367e-07
0.0000e+00
3.6955e-05
9.5367e-07
0.0000e+00
3.6955e-05
9.5367e-07
0.0000e+00
3.6001e-05
1.1921e-06
0.0000e+00
3.6955e-05
9.5367e-07
5.0068e-06
1.1921e-06
2.1458e-06
0.0000e+00
3.7909e-05
9.5367e-07
1.2088e-04
9.5367e-07
9.5367e-07
0.0000e+00
4.9114e-05
9.5367e-07
0.0000e+00
3.8147e-05
9.5367e-07
6.1989e-06
0.0000e+00
9.5367e-07
0.0000e+00
3.6955e-05
9.5367e-07
0.0000e+00
3.6955e-05
1.9073e-06
0.0000e+00
3.7909e-05
9.5367e-07
0.0000e+00
3.6001e-05
9.5367e-07
0.0000e+00
3.6955e-05
1.1921e-06
0.0000e+00
4.8876e-05
1.1921e-06
4.0531e-06
0.0000e+00
9.5367e-07
0.0000e+00
3.7193e-05
9.5367e-07
0.0000e+00
3.7909e-05
1.1921e-06
0.0000e+00
3.6955e-05
9.5367e-07
0.0000e+00
3.8147e-05
1.9073e-06
0.0000e+00
3.6001e-05
1.1921e-06
0.0000e+00
3.7909e-05
9.5367e-07
0.0000e+00
4.6968e-05
9.5367e-07
0.0000e+00
3.9101e-05
9.5367e-07
0.0000e+00
3.8147e-05
9.5367e-07
1.8120e-05
9.5367e-07
1.1921e-06
0.0000e+00
3.7909e-05
9.5367e-07
1.9073e-06
9.5367e-07
9.5367e-07
0.0000e+00
3.9101e-05
9.5367e-07
0.0000e+00
3.7193e-05
9.5367e-07
0.0000e+00
3.6955e-05
2.1458e-06
0.0000e+00
5.1022e-05
1.9073e-06
0.0000e+00
3.7909e-05
9.5367e-07
0.0000e+00
3.8147e-05
0.0000e+00
0.0000e+00
3.5048e-05
1.1921e-06
0.0000e+00
3.7909e-05
9.5367e-07
0.0000e+00
3.7909e-05
9.5367e-07
0.0000e+00
3.7909e-05
9.5367e-07
0.0000e+00
3.8147e-05
9.5367e-07
0.0000e+00
3.8862e-05
2.1458e-06
0.0000e+00
3.6955e-05
1.1921e-06
0.0000e+00
3.6955e-05
1.9073e-06
0.0000e+00
3.6001e-05
9.5367e-07
0.0000e+00
3.6955e-05
9.5367e-07
2.5034e-05
1.1921e-06
1.1921e-06
0.0000e+00
3.6955e-05
9.5367e-07
0.0000e+00
3.6001e-05
2.1458e-06
0.0000e+00
3.8862e-05
9.5367e-07
0.0000e+00
3.6955e-05
9.5367e-07
0.0000e+00
3.6001e-05
9.5367e-07
0.0000e+00
3.6001e-05
9.5367e-07
6.1989e-06
0.0000e+00
9.5367e-07
8.5115e-05
0.0000e+00
9.5367e-07
1.9073e-06
0.0000e+00
1.1921e-06
0.0000e+00
3.7909e-05
9.5367e-07
4.3869e-05
1.1921e-06
1.1921e-06
0.0000e+00
3.7909e-05
9.5367e-07
0.0000e+00
3.9101e-05
9.5367e-07
0.0000e+00
3.7909e-05
9.5367e-07
0.0000e+00
3.6955e-05
9.5367e-07
3.8147e-06
9.5367e-07
9.5367e-07
0.0000e+00
3.6955e-05
2.1458e-06
0.0000e+00
3.6955e-05
9.5367e-07
0.0000e+00
3.7193e-05
9.5367e-07
0.0000e+00
3.6955e-05
1.9073e-06
0.0000e+00
3.8862e-05
9.5367e-07
0.0000e+00
3.8147e-05
9.5367e-07
0.0000e+00
3.7193e-05
9.5367e-07
0.0000e+00
3.6955e-05
9.5367e-07
0.0000e+00
3.6955e-05
9.5367e-07
0.0000e+00
3.7193e-05
9.5367e-07
1.5974e-05
1.1921e-06
1.1921e-06
0.0000e+00
3.7909e-05
9.5367e-07
0.0000e+00
3.6955e-05
9.5367e-07
0.0000e+00
4.1962e-05
1.1921e-06
2.8610e-06
0.0000e+00
9.5367e-07
5.1022e-05
0.0000e+00
9.5367e-07
0.0000e+00
3.6955e-05
9.5367e-07
0.0000e+00
3.7909e-05
1.9073e-06
0.0000e+00
3.6955e-05
9.5367e-07
5.0068e-06
1.1921e-06
9.5367e-07
0.0000e+00
3.7909e-05
2.1458e-06
0.0000e+00
4.6015e-05
1.9073e-06
0.0000e+00
3.6001e-05
1.1921e-06
0.0000e+00
3.9101e-05
9.5367e-07
0.0000e+00
3.6955e-05
9.5367e-07
0.0000e+00
3.6955e-05
9.5367e-07
0.0000e+00
3.7193e-05
9.5367e-07
0.0000e+00
3.6955e-05
9.5367e-07
0.0000e+00
3.6001e-05
9.5367e-07
0.0000e+00
3.9101e-05
9.5367e-07
0.0000e+00
4.2915e-05
1.9073e-06
0.0000e+00
3.8147e-05
9.5367e-07
0.0000e+00
3.8147e-05
9.5367e-07
0.0000e+00
3.6955e-05
1.1921e-06
1.0204e-04
9.5367e-07
9.5367e-07
0.0000e+00
3.8147e-05
1.9073e-06
0.0000e+00
3.8147e-05
9.5367e-07
3.0994e-06
9.5367e-07
9.5367e-07
0.0000e+00
3.7193e-05
9.5367e-07
0.0000e+00
3.6955e-05
9.5367e-07
5.0068e-06
9.5367e-07
9.5367e-07
0.0000e+00
3.6001e-05
9.5367e-07
0.0000e+00
3.6001e-05
9.5367e-07
0.0000e+00
3.6955e-05
9.5367e-07
0.0000e+00
3.6955e-05
9.5367e-07
0.0000e+00
4.8161e-05
9.5367e-07
0.0000e+00
4.9114e-05
9.5367e-07
0.0000e+00
3.6955e-05
9.5367e-07
0.0000e+00
3.6955e-05
9.5367e-07
0.0000e+00
3.7193e-05
1.1921e-06
0.0000e+00
3.7909e-05
9.5367e-07
0.0000e+00
3.8147e-05
9.5367e-07
0.0000e+00
3.8147e-05
1.1921e-06
0.0000e+00
3.7909e-05
9.5367e-07
0.0000e+00
3.8147e-05
9.5367e-07
0.0000e+00
3.7909e-05
1.1921e-06
1.0967e-05
0.0000e+00
9.5367e-07
0.0000e+00
3.7909e-05
9.5367e-07
0.0000e+00
3.7909e-05
1.9073e-06
0.0000e+00
3.6955e-05
9.5367e-07
0.0000e+00
3.8147e-05
1.9073e-06
0.0000e+00
3.9101e-05
9.5367e-07
0.0000e+00
3.8147e-05
9.5367e-07
0.0000e+00
3.6955e-05
9.5367e-07
0.0000e+00
3.6955e-05
9.5367e-07
0.0000e+00
3.6955e-05
9.5367e-07
0.0000e+00
3.9101e-05
2.1458e-06
0.0000e+00
3.6955e-05
1.1921e-06
9.3937e-05
0.0000e+00
9.5367e-07
0.0000e+00
7.2002e-05
3.0994e-06
0.0000e+00
4.1008e-05
9.5367e-07
0.0000e+00
3.8862e-05
2.1458e-06
0.0000e+00
3.7909e-05
9.5367e-07
1.1921e-05
1.1921e-06
9.5367e-07
0.0000e+00
4.4107e-05
1.9073e-06
0.0000e+00
3.7193e-05
9.5367e-07
0.0000e+00
3.6955e-05
1.1921e-06
0.0000e+00
5.0068e-05
1.9073e-06
0.0000e+00
3.8147e-05
9.5367e-07
5.9605e-06
9.5367e-07
1.9073e-06
0.0000e+00
3.8147e-05
9.5367e-07
0.0000e+00
3.6955e-05
9.5367e-07
0.0000e+00
3.6955e-05
9.5367e-07
0.0000e+00
3.6955e-05
9.5367e-07
0.0000e+00
3.8147e-05
9.5367e-07
0.0000e+00
4.6968e-05
2.1458e-06
0.0000e+00
3.6955e-05
9.5367e-07
0.0000e+00
3.6955e-05
9.5367e-07
0.0000e+00
3.8147e-05
0.0000e+00
0.0000e+00
3.6955e-05
9.5367e-07
0.0000e+00
3.7909e-05
1.1921e-06
0.0000e+00
3.6955e-05
9.5367e-07
0.0000e+00
3.7193e-05
1.9073e-06
0.0000e+00
3.7909e-05
9.5367e-07
3.3140e-05
0.0000e+00
9.5367e-07
0.0000e+00
3.6955e-05
9.5367e-07
0.0000e+00
3.7193e-05
9.5367e-07
0.0000e+00
3.7193e-05
9.5367e-07
0.0000e+00
3.7909e-05
1.1921e-06
5.9605e-06
0.0000e+00
9.5367e-07
5.1022e-05
9.5367e-07
9.5367e-07
0.0000e+00
3.8147e-05
1.9073e-06
3.0994e-06
0.0000e+00
9.5367e-07
0.0000e+00
3.6955e-05
9.5367e-07
0.0000e+00
3.6001e-05
9.5367e-07
0.0000e+00
3.6955e-05
9.5367e-07
0.0000e+00
3.7193e-05
9.5367e-07
7.2956e-05
1.1921e-06
9.5367e-07
0.0000e+00
3.6955e-05
9.5367e-07
0.0000e+00
3.6955e-05
9.5367e-07
2.9802e-05
9.5367e-07
9.5367e-07
0.0000e+00
4.6968e-05
1.9073e-06
0.0000e+00
3.6001e-05
1.1921e-06
3.3855e-05
0.0000e+00
9.5367e-07
0.0000e+00
3.9101e-05
1.9073e-06
5.0068e-06
0.0000e+00
9.5367e-07
1.6928e-05
9.5367e-07
1.9073e-06
0.0000e+00
3.6955e-05
9.5367e-07
0.0000e+00
3.8147e-05
9.5367e-07
3.1948e-05
9.5367e-07
9.5367e-07
0.0000e+00
3.8147e-05
9.5367e-07
0.0000e+00
3.6955e-05
9.5367e-07
0.0000e+00
3.8862e-05
1.1921e-06
0.0000e+00
3.6955e-05
9.5367e-07
0.0000e+00
3.8147e-05
9.5367e-07
5.0068e-06
9.5367e-07
9.5367e-07
0.0000e+00
3.7909e-05
1.1921e-06
0.0000e+00
3.6955e-05
9.5367e-07
0.0000e+00
3.6001e-05
2.1458e-06
0.0000e+00
3.7909e-05
2.1458e-06
0.0000e+00
3.7909e-05
1.1921e-06
4.2915e-05
9.5367e-07
9.5367e-07
4.0531e-06
9.5367e-07
9.5367e-07
1.5020e-05
1.1921e-06
9.5367e-07
0.0000e+00
3.6955e-05
9.5367e-07
0.0000e+00
3.7193e-05
1.1921e-06
0.0000e+00
3.8862e-05
9.5367e-07
0.0000e+00
3.7909e-05
2.1458e-06
0.0000e+00
3.6955e-05
9.5367e-07
0.0000e+00
3.8147e-05
9.5367e-07
0.0000e+00
3.6001e-05
9.5367e-07
0.0000e+00
3.6955e-05
9.5367e-07
5.9605e-06
9.5367e-07
1.9073e-06
0.0000e+00
3.8147e-05
9.5367e-07
0.0000e+00
3.6955e-05
2.1458e-06
0.0000e+00
3.6955e-05
9.5367e-07
1.1516e-04
9.5367e-07
9.5367e-07
0.0000e+00
3.8147e-05
1.9073e-06
0.0000e+00
3.8147e-05
9.5367e-07
3.0994e-06
9.5367e-07
9.5367e-07
1.4782e-05
0.0000e+00
9.5367e-07
0.0000e+00
3.8147e-05
9.5367e-07
9.7990e-05
0.0000e+00
9.5367e-07
4.0531e-06
9.5367e-07
9.5367e-07
0.0000e+00
4.1008e-05
9.5367e-07
0.0000e+00
3.6001e-05
9.5367e-07
0.0000e+00
4.9114e-05
9.5367e-07
0.0000e+00
3.7909e-05
2.1458e-06
0.0000e+00
3.6955e-05
9.5367e-07
0.0000e+00
3.7193e-05
9.5367e-07
0.0000e+00
3.6955e-05
9.5367e-07
0.0000e+00
3.6955e-05
9.5367e-07
0.0000e+00
3.7909e-05
9.5367e-07
0.0000e+00
3.6955e-05
9.5367e-07
0.0000e+00
3.9101e-05
9.5367e-07
6.9141e-06
0.0000e+00
2.1458e-06
0.0000e+00
3.7909e-05
2.1458e-06
0.0000e+00
3.6955e-05
1.9073e-06
0.0000e+00
3.6001e-05
9.5367e-07
5.0068e-06
0.0000e+00
1.1921e-06
1.5020e-05
0.0000e+00
9.5367e-07
0.0000e+00
3.6001e-05
9.5367e-07
0.0000e+00
3.6955e-05
9.5367e-07
0.0000e+00
3.7909e-05
2.1458e-06
0.0000e+00
3.6001e-05
9.5367e-07
9.7990e-05
0.0000e+00
1.9073e-06
4.0531e-06
0.0000e+00
1.1921e-06
0.0000e+00
3.7909e-05
9.5367e-07
0.0000e+00
3.7909e-05
9.5367e-07
0.0000e+00
3.8147e-05
9.5367e-07
2.1458e-06
9.5367e-07
9.5367e-07
0.0000e+00
3.6955e-05
9.5367e-07
0.0000e+00
4.9114e-05
9.5367e-07
0.0000e+00
3.8147e-05
9.5367e-07
0.0000e+00
3.6955e-05
1.1921e-06
3.6001e-05
9.5367e-07
1.9073e-06
2.1458e-06
9.5367e-07
9.5367e-07
0.0000e+00
3.6955e-05
9.5367e-07
0.0000e+00
3.6955e-05
9.5367e-07
5.2929e-05
9.5367e-07
1.1921e-06
0.0000e+00
3.8862e-05
9.5367e-07
5.9605e-06
1.1921e-06
1.1921e-06
0.0000e+00
3.7909e-05
1.1921e-06
0.0000e+00
3.6001e-05
9.5367e-07
0.0000e+00
3.7193e-05
9.5367e-07
0.0000e+00
4.1008e-05
9.5367e-07
0.0000e+00
3.6955e-05
9.5367e-07
0.0000e+00
3.7193e-05
9.5367e-07
0.0000e+00
3.6955e-05
1.1921e-06
0.0000e+00
4.6968e-05
1.9073e-06
1.6212e-05
9.5367e-07
9.5367e-07
8.0109e-05
0.0000e+00
1.1921e-06
0.0000e+00
3.7909e-05
9.5367e-07
0.0000e+00
3.6955e-05
9.5367e-07
0.0000e+00
3.8147e-05
9.5367e-07
0.0000e+00
3.6001e-05
1.1921e-06
2.8610e-06
9.5367e-07
9.5367e-07
0.0000e+00
3.6001e-05
1.1921e-06
9.0599e-06
0.0000e+00
9.5367e-07
0.0000e+00
3.7909e-05
9.5367e-07
6.9857e-05
1.1921e-06
9.5367e-07
0.0000e+00
3.7909e-05
9.5367e-07
0.0000e+00
3.6955e-05
1.1921e-06
5.9605e-06
9.5367e-07
1.9073e-06
0.0000e+00
3.6955e-05
9.5367e-07
0.0000e+00
3.6955e-05
1.1921e-06
0.0000e+00
3.7909e-05
1.1921e-06
3.8862e-05
1.1921e-06
9.5367e-07
0.0000e+00
4.9114e-05
1.1921e-06
0.0000e+00
3.7909e-05
1.1921e-06
0.0000e+00
3.6955e-05
9.5367e-07
0.0000e+00
3.7193e-05
1.9073e-06
0.0000e+00
3.6001e-05
1.1921e-06
0.0000e+00
3.6955e-05
9.5367e-07
8.2970e-05
9.5367e-07
9.5367e-07
0.0000e+00
3.8147e-05
9.5367e-07
0.0000e+00
4.6015e-05
1.1921e-06
0.0000e+00
3.7909e-05
9.5367e-07
0.0000e+00
3.7909e-05
1.1921e-06
0.0000e+00
3.2902e-05
1.1921e-06
0.0000e+00
2.1935e-05
9.5367e-07
0.0000e+00
2.2173e-05
9.5367e-07
0.0000e+00
2.0981e-05
1.1921e-06
0.0000e+00
2.1935e-05
9.5367e-07
0.0000e+00
2.2888e-05
9.5367e-07
0.0000e+00
2.0981e-05
9.5367e-07
1.2398e-04
0.0000e+00
9.5367e-07
0.0000e+00
2.2888e-05
1.1921e-06
0.0000e+00
2.0981e-05
9.5367e-07
0.0000e+00
2.1935e-05
9.5367e-07
0.0000e+00
2.0981e-05
9.5367e-07
0.0000e+00
2.1935e-05
2.1458e-06
1.4997e-04
9.5367e-07
9.5367e-07
0.0000e+00
2.2888e-05
0.0000e+00
0.0000e+00
2.2173e-05
9.5367e-07
0.0000e+00
2.0981e-05
1.1921e-06
8.6784e-05
0.0000e+00
9.5367e-07
0.0000e+00
2.1935e-05
1.1921e-06
0.0000e+00
2.1935e-05
9.5367e-07
0.0000e+00
2.0981e-05
9.5367e-07
0.0000e+00
2.7895e-05
1.1921e-06
0.0000e+00
2.0981e-05
9.5367e-07
1.3804e-04
0.0000e+00
9.5367e-07
3.7193e-05
0.0000e+00
0.0000e+00
0.0000e+00
2.1935e-05
0.0000e+00
0.0000e+00
2.1935e-05
9.5367e-07
0.0000e+00
2.5034e-05
0.0000e+00
0.0000e+00
2.0981e-05
1.1921e-06
1.1683e-04
1.1921e-06
9.5367e-07
6.9141e-06
9.5367e-07
9.5367e-07
6.6996e-05
0.0000e+00
0.0000e+00
0.0000e+00
2.2888e-05
9.5367e-07
0.0000e+00
2.0981e-05
9.5367e-07
0.0000e+00
2.1935e-05
9.5367e-07
0.0000e+00
2.0981e-05
9.5367e-07
0.0000e+00
2.1935e-05
9.5367e-07
0.0000e+00
2.0981e-05
9.5367e-07
0.0000e+00
2.0981e-05
9.5367e-07
2.0003e-04
6.1989e-06
9.5367e-07
0.0000e+00
2.3127e-05
9.5367e-07
0.0000e+00
2.0981e-05
9.5367e-07
0.0000e+00
2.2173e-05
9.5367e-07
0.0000e+00
2.0981e-05
0.0000e+00
0.0000e+00
2.0981e-05
0.0000e+00
0.0000e+00
2.0981e-05
9.5367e-07
0.0000e+00
2.2173e-05
9.5367e-07
9.9897e-05
0.0000e+00
9.5367e-07
1.8811e-04
9.5367e-07
9.5367e-07
3.0994e-06
0.0000e+00
0.0000e+00
0.0000e+00
2.3127e-05
9.5367e-07
2.0981e-05
0.0000e+00
0.0000e+00
0.0000e+00
2.1935e-05
9.5367e-07
0.0000e+00
2.0981e-05
0.0000e+00
0.0000e+00
2.1935e-05
9.5367e-07
0.0000e+00
2.1935e-05
1.1921e-06
0.0000e+00
2.0981e-05
9.5367e-07
5.0068e-06
0.0000e+00
9.5367e-07
2.4796e-04
0.0000e+00
9.5367e-07
0.0000e+00
2.2888e-05
0.0000e+00
0.0000e+00
2.0981e-05
0.0000e+00
2.1458e-06
9.5367e-07
9.5367e-07
0.0000e+00
2.1935e-05
9.5367e-07
0.0000e+00
2.0981e-05
0.0000e+00
1.7691e-04
0.0000e+00
0.0000e+00
0.0000e+00
2.5034e-05
9.5367e-07
0.0000e+00
2.9087e-05
9.5367e-07
0.0000e+00
2.0981e-05
9.5367e-07
0.0000e+00
2.1935e-05
0.0000e+00
0.0000e+00
2.1219e-05
9.5367e-07
0.0000e+00
2.1935e-05
9.5367e-07
0.0000e+00
2.0981e-05
0.0000e+00
0.0000e+00
2.0981e-05
9.5367e-07
0.0000e+00
2.2173e-05
9.5367e-07
0.0000e+00
2.3127e-05
9.5367e-07
0.0000e+00
2.0981e-05
1.1921e-06
0.0000e+00
2.1935e-05
9.5367e-07
0.0000e+00
2.0981e-05
9.5367e-07
0.0000e+00
2.1935e-05
9.5367e-07
0.0000e+00
2.0981e-05
0.0000e+00
3.0589e-04
0.0000e+00
1.1921e-06
0.0000e+00
2.1935e-05
1.1921e-06
5.2929e-05
9.5367e-07
0.0000e+00
0.0000e+00
2.2173e-05
9.5367e-07
0.0000e+00
2.1935e-05
0.0000e+00
1.2088e-04
9.5367e-07
0.0000e+00
0.0000e+00
2.3127e-05
9.5367e-07
3.0994e-05
0.0000e+00
1.1921e-06
0.0000e+00
2.2888e-05
9.5367e-07
0.0000e+00
2.0981e-05
0.0000e+00
0.0000e+00
2.0981e-05
9.5367e-07
6.0081e-05
5.9605e-06
9.5367e-07
0.0000e+00
2.2888e-05
0.0000e+00
7.2956e-05
9.5367e-07
9.5367e-07
0.0000e+00
2.2173e-05
0.0000e+00
0.0000e+00
2.1935e-05
9.5367e-07
0.0000e+00
2.0981e-05
9.5367e-07
0.0000e+00
2.0981e-05
0.0000e+00
0.0000e+00
2.2173e-05
9.5367e-07
0.0000e+00
2.0981e-05
1.1921e-06
0.0000e+00
2.2888e-05
9.5367e-07
1.7905e-04
0.0000e+00
1.1921e-06
0.0000e+00
2.1935e-05
9.5367e-07
0.0000e+00
2.1935e-05
9.5367e-07
1.2612e-04
0.0000e+00
0.0000e+00
0.0000e+00
2.1935e-05
9.5367e-07
4.1962e-05
0.0000e+00
9.5367e-07
3.0041e-05
0.0000e+00
0.0000e+00
0.0000e+00
2.2173e-05
9.5367e-07
0.0000e+00
3.0041e-05
9.5367e-07
0.0000e+00
2.1935e-05
1.1921e-06
0.0000e+00
2.0981e-05
0.0000e+00
0.0000e+00
2.0981e-05
9.5367e-07
0.0000e+00
2.0981e-05
0.0000e+00
0.0000e+00
2.0981e-05
9.5367e-07
0.0000e+00
2.2173e-05
9.5367e-07
0.0000e+00
2.1935e-05
9.5367e-07
0.0000e+00
2.1935e-05
9.5367e-07
0.0000e+00
2.0981e-05
0.0000e+00
0.0000e+00
2.0981e-05
0.0000e+00
0.0000e+00
2.0981e-05
3.0994e-06
0.0000e+00
2.1935e-05
9.5367e-07
8.7118e-04
0.0000e+00
0.0000e+00
0.0000e+00
2.3127e-05
9.5367e-07
0.0000e+00
2.0981e-05
0.0000e+00
1.9073e-06
0.0000e+00
0.0000e+00
0.0000e+00
2.1935e-05
9.5367e-07
8.2970e-05
0.0000e+00
0.0000e+00
0.0000e+00
2.1935e-05
9.5367e-07
0.0000e+00
2.2173e-05
0.0000e+00
0.0000e+00
2.0981e-05
0.0000e+00
0.0000e+00
2.1935e-05
9.5367e-07
0.0000e+00
2.0981e-05
0.0000e+00
0.0000e+00
2.6941e-05
9.5367e-07
0.0000e+00
2.3127e-05
9.5367e-07
0.0000e+00
2.0981e-05
1.9073e-06
0.0000e+00
2.0981e-05
9.5367e-07
0.0000e+00
2.1935e-05
0.0000e+00
0.0000e+00
2.0981e-05
9.5367e-07
0.0000e+00
2.1935e-05
0.0000e+00
0.0000e+00
2.1935e-05
9.5367e-07
0.0000e+00
2.9087e-05
9.5367e-07
0.0000e+00
2.4080e-05
9.5367e-07
4.0007e-04
0.0000e+00
0.0000e+00
0.0000e+00
2.2888e-05
9.5367e-07
0.0000e+00
2.0981e-05
9.5367e-07
0.0000e+00
2.1935e-05
0.0000e+00
9.1076e-05
0.0000e+00
9.5367e-07
0.0000e+00
2.2173e-05
9.5367e-07
0.0000e+00
2.1935e-05
1.1921e-06
6.8903e-05
9.5367e-07
0.0000e+00
0.0000e+00
2.3127e-05
9.5367e-07
0.0000e+00
2.0981e-05
9.5367e-07
0.0000e+00
2.1935e-05
0.0000e+00
1.1015e-04
0.0000e+00
9.5367e-07
0.0000e+00
2.2173e-05
0.0000e+00
0.0000e+00
2.4080e-05
0.0000e+00
0.0000e+00
2.1935e-05
9.5367e-07
9.9182e-05
0.0000e+00
1.1921e-06
0.0000e+00
2.1935e-05
9.5367e-07
3.4094e-05
9.5367e-07
9.5367e-07
4.1962e-05
0.0000e+00
9.5367e-07
0.0000e+00
2.2173e-05
1.1921e-06
0.0000e+00
2.0981e-05
9.5367e-07
0.0000e+00
2.2173e-05
9.5367e-07
0.0000e+00
2.1935e-05
9.5367e-07
0.0000e+00
2.0981e-05
1.1921e-06
0.0000e+00
2.6941e-05
9.5367e-07
0.0000e+00
2.2173e-05
9.5367e-07
0.0000e+00
2.1935e-05
0.0000e+00
1.5903e-04
0.0000e+00
9.5367e-07
0.0000e+00
2.1935e-05
0.0000e+00
0.0000e+00
2.0981e-05
9.5367e-07
5.0068e-06
0.0000e+00
1.1921e-06
0.0000e+00
2.1935e-05
9.5367e-07
1.0300e-04
0.0000e+00
0.0000e+00
0.0000e+00
2.1935e-05
9.5367e-07
2.2888e-05
0.0000e+00
0.0000e+00
0.0000e+00
2.1935e-05
9.5367e-07
1.5616e-04
9.5367e-07
9.5367e-07
0.0000e+00
2.3127e-05
9.5367e-07
0.0000e+00
2.0981e-05
9.5367e-07
0.0000e+00
2.0981e-05
9.5367e-07
0.0000e+00
2.1935e-05
0.0000e+00
0.0000e+00
2.0981e-05
9.5367e-07
0.0000e+00
3.0041e-05
9.5367e-07
0.0000e+00
2.0981e-05
9.5367e-07
0.0000e+00
2.1935e-05
0.0000e+00
1.6117e-04
0.0000e+00
9.5367e-07
0.0000e+00
2.3127e-05
0.0000e+00
0.0000e+00
2.0981e-05
9.5367e-07
0.0000e+00
2.2173e-05
9.5367e-07
1.4496e-04
0.0000e+00
0.0000e+00
0.0000e+00
2.1935e-05
9.5367e-07
0.0000e+00
2.3127e-05
9.5367e-07
0.0000e+00
2.0981e-05
0.0000e+00
0.0000e+00
2.0981e-05
9.5367e-07
1.0514e-04
0.0000e+00
9.5367e-07
0.0000e+00
2.1935e-05
9.5367e-07
6.6996e-05
0.0000e+00
9.5367e-07
0.0000e+00
2.2173e-05
0.0000e+00
0.0000e+00
2.0981e-05
0.0000e+00
7.5102e-05
0.0000e+00
1.1921e-06
0.0000e+00
2.2888e-05
9.5367e-07
0.0000e+00
2.0981e-05
9.5367e-07
0.0000e+00
2.1935e-05
1.1921e-06
0.0000e+00
2.0981e-05
0.0000e+00
1.2493e-04
1.1921e-06
9.5367e-07
9.4891e-05
0.0000e+00
1.1921e-06
0.0000e+00
2.2888e-05
9.5367e-07
5.0068e-06
0.0000e+00
9.5367e-07
0.0000e+00
2.1935e-05
1.1921e-06
0.0000e+00
2.7895e-05
9.5367e-07
0.0000e+00
2.2173e-05
0.0000e+00
0.0000e+00
2.1935e-05
0.0000e+00
0.0000e+00
2.0981e-05
0.0000e+00
1.2803e-04
0.0000e+00
0.0000e+00
0.0000e+00
2.1935e-05
9.5367e-07
0.0000e+00
2.5034e-05
4.0531e-06
0.0000e+00
2.0981e-05
1.1921e-06
0.0000e+00
2.8849e-05
1.1921e-06
0.0000e+00
2.1935e-05
9.5367e-07
0.0000e+00
2.1219e-05
9.5367e-07
1.7190e-04
1.1921e-06
1.1921e-06
0.0000e+00
2.1935e-05
9.5367e-07
0.0000e+00
2.0981e-05
9.5367e-07
0.0000e+00
2.0981e-05
9.5367e-07
1.1897e-04
0.0000e+00
1.1921e-06
0.0000e+00
2.1935e-05
9.5367e-07
0.0000e+00
2.3127e-05
9.5367e-07
0.0000e+00
2.2173e-05
9.5367e-07
0.0000e+00
2.1935e-05
0.0000e+00
0.0000e+00
2.0981e-05
0.0000e+00
0.0000e+00
2.0981e-05
0.0000e+00
0.0000e+00
2.0981e-05
9.5367e-07
0.0000e+00
2.1935e-05
0.0000e+00
0.0000e+00
2.7180e-05
9.5367e-07
0.0000e+00
2.1935e-05
0.0000e+00
0.0000e+00
2.1935e-05
9.5367e-07
0.0000e+00
2.1935e-05
9.5367e-07
0.0000e+00
2.0981e-05
9.5367e-07
0.0000e+00
2.0981e-05
9.5367e-07
0.0000e+00
2.1935e-05
9.5367e-07
0.0000e+00
2.1935e-05
9.5367e-07
3.3784e-04
9.5367e-07
1.1921e-06
4.0054e-05
9.5367e-07
9.5367e-07
1.0014e-05
0.0000e+00
9.5367e-07
1.1897e-04
0.0000e+00
9.5367e-07
0.0000e+00
2.3842e-05
9.5367e-07
0.0000e+00
2.1935e-05
9.5367e-07
0.0000e+00
2.2173e-05
9.5367e-07
0.0000e+00
2.1935e-05
1.1921e-06
0.0000e+00
2.1935e-05
9.5367e-07
0.0000e+00
3.5048e-05
9.5367e-07
0.0000e+00
2.1935e-05
9.5367e-07
0.0000e+00
2.2173e-05
9.5367e-07
0.0000e+00
2.0981e-05
9.5367e-07
0.0000e+00
2.0981e-05
1.1921e-06
0.0000e+00
2.0981e-05
0.0000e+00
2.0504e-04
0.0000e+00
1.1921e-06
0.0000e+00
2.2888e-05
9.5367e-07
9.7990e-05
0.0000e+00
9.5367e-07
0.0000e+00
3.2902e-05
1.1921e-06
0.0000e+00
2.1935e-05
9.5367e-07
4.9114e-05
9.5367e-07
9.5367e-07
3.5048e-05
0.0000e+00
9.5367e-07
7.6056e-05
0.0000e+00
0.0000e+00
0.0000e+00
2.1935e-05
0.0000e+00
0.0000e+00
2.1219e-05
9.5367e-07
4.8876e-05
0.0000e+00
9.5367e-07
0.0000e+00
2.1935e-05
1.1921e-06
0.0000e+00
2.0981e-05
9.5367e-07
2.1458e-06
9.5367e-07
9.5367e-07
0.0000e+00
2.3127e-05
9.5367e-07
0.0000e+00
2.0981e-05
0.0000e+00
0.0000e+00
2.0981e-05
9.5367e-07
0.0000e+00
2.0981e-05
0.0000e+00
2.2507e-04
0.0000e+00
9.5367e-07
0.0000e+00
2.1935e-05
9.5367e-07
0.0000e+00
2.2173e-05
9.5367e-07
0.0000e+00
2.8849e-05
9.5367e-07
0.0000e+00
2.1935e-05
9.5367e-07
0.0000e+00
2.2173e-05
9.5367e-07
0.0000e+00
2.0981e-05
1.1921e-06
0.0000e+00
2.0981e-05
9.5367e-07
0.0000e+00
2.0981e-05
9.5367e-07
0.0000e+00
2.2173e-05
9.5367e-07
0.0000e+00
2.0981e-05
1.1921e-06
0.0000e+00
2.2888e-05
9.5367e-07
0.0000e+00
2.0981e-05
9.5367e-07
2.4509e-04
0.0000e+00
0.0000e+00
0.0000e+00
2.2173e-05
9.5367e-07
0.0000e+00
2.0981e-05
0.0000e+00
0.0000e+00
2.0981e-05
0.0000e+00
7.9870e-05
0.0000e+00
9.5367e-07
0.0000e+00
2.2888e-05
1.1921e-06
4.1962e-05
0.0000e+00
1.1921e-06
0.0000e+00
2.2888e-05
9.5367e-07
1.1206e-05
0.0000e+00
9.5367e-07
0.0000e+00
2.1935e-05
9.5367e-07
0.0000e+00
2.1935e-05
9.5367e-07
0.0000e+00
2.4080e-05
9.5367e-07
0.0000e+00
2.2173e-05
9.5367e-07
2.2388e-04
1.1921e-06
0.0000e+00
4.0531e-06
9.5367e-07
9.5367e-07
0.0000e+00
2.2173e-05
9.5367e-07
0.0000e+00
2.8849e-05
1.1921e-06
0.0000e+00
2.1935e-05
9.5367e-07
0.0000e+00
2.1935e-05
1.1921e-06
0.0000e+00
2.1935e-05
9.5367e-07
3.2902e-05
0.0000e+00
9.5367e-07
0.0000e+00
2.1935e-05
0.0000e+00
0.0000e+00
2.0981e-05
0.0000e+00
0.0000e+00
2.0981e-05
9.5367e-07
0.0000e+00
2.7895e-05
9.5367e-07
0.0000e+00
2.2173e-05
0.0000e+00
0.0000e+00
2.0981e-05
1.1921e-06
0.0000e+00
2.1935e-05
0.0000e+00
0.0000e+00
2.0981e-05
0.0000e+00
0.0000e+00
2.0981e-05
0.0000e+00
0.0000e+00
2.0981e-05
0.0000e+00
0.0000e+00
2.1935e-05
0.0000e+00
0.0000e+00
2.1935e-05
9.5367e-07
0.0000e+00
2.1935e-05
9.5367e-07
0.0000e+00
2.1935e-05
1.1921e-06
0.0000e+00
2.0981e-05
9.5367e-07
0.0000e+00
2.0981e-05
0.0000e+00
0.0000e+00
2.0981e-05
0.0000e+00
0.0000e+00
2.4080e-05
9.5367e-07
0.0000e+00
2.6941e-05
9.5367e-07
0.0000e+00
2.1935e-05
0.0000e+00
0.0000e+00
2.0981e-05
0.0000e+00
0.0000e+00
2.0981e-05
1.1921e-06
0.0000e+00
2.1935e-05
1.1921e-06
6.3992e-04
0.0000e+00
9.5367e-07
4.9114e-05
0.0000e+00
9.5367e-07
3.6001e-05
9.5367e-07
1.1921e-06
0.0000e+00
2.1935e-05
9.5367e-07
0.0000e+00
2.1219e-05
9.5367e-07
5.6028e-05
0.0000e+00
9.5367e-07
3.0041e-05
9.5367e-07
9.5367e-07
0.0000e+00
2.4080e-05
9.5367e-07
0.0000e+00
2.0981e-05
9.5367e-07
0.0000e+00
2.0981e-05
9.5367e-07
0.0000e+00
2.1935e-05
0.0000e+00
0.0000e+00
2.1219e-05
1.1921e-06
0.0000e+00
2.0981e-05
9.5367e-07
0.0000e+00
2.9087e-05
9.5367e-07
0.0000e+00
2.0981e-05
9.5367e-07
0.0000e+00
2.1935e-05
9.5367e-07
0.0000e+00
2.0981e-05
9.5367e-07
0.0000e+00
2.1935e-05
9.5367e-07
0.0000e+00
2.1219e-05
9.5367e-07
0.0000e+00
2.0981e-05
9.5367e-07
3.2711e-04
9.5367e-07
9.5367e-07
0.0000e+00
2.8133e-05
9.5367e-07
2.0981e-05
0.0000e+00
0.0000e+00
0.0000e+00
2.1935e-05
1.1921e-06
8.7976e-05
0.0000e+00
9.5367e-07
5.5075e-05
9.5367e-07
9.5367e-07
0.0000e+00
2.3127e-05
9.5367e-07
0.0000e+00
2.0981e-05
9.5367e-07
7.2002e-05
0.0000e+00
9.5367e-07
0.0000e+00
2.1935e-05
0.0000e+00
0.0000e+00
2.0981e-05
9.5367e-07
0.0000e+00
2.2173e-05
0.0000e+00
9.7036e-05
0.0000e+00
0.0000e+00
0.0000e+00
2.2173e-05
9.5367e-07
3.0994e-06
0.0000e+00
0.0000e+00
0.0000e+00
2.1935e-05
1.1921e-06
0.0000e+00
2.0981e-05
9.5367e-07
0.0000e+00
2.1935e-05
0.0000e+00
1.3685e-04
0.0000e+00
9.5367e-07
0.0000e+00
2.2888e-05
1.1921e-06
0.0000e+00
2.7895e-05
1.1921e-06
0.0000e+00
2.1935e-05
0.0000e+00
0.0000e+00
2.0981e-05
1.1921e-06
1.9383e-04
0.0000e+00
9.5367e-07
2.0027e-05
0.0000e+00
9.5367e-07
0.0000e+00
2.1935e-05
0.0000e+00
0.0000e+00
2.0981e-05
9.5367e-07
0.0000e+00
2.0981e-05
9.5367e-07
0.0000e+00
2.2173e-05
9.5367e-07
0.0000e+00
2.2173e-05
0.0000e+00
0.0000e+00
2.0981e-05
0.0000e+00
0.0000e+00
2.0981e-05
0.0000e+00
0.0000e+00
2.0981e-05
9.5367e-07
0.0000e+00
2.0981e-05
0.0000e+00
1.9598e-04
0.0000e+00
9.5367e-07
0.0000e+00
2.2173e-05
9.5367e-07
0.0000e+00
2.0981e-05
9.5367e-07
4.1962e-05
0.0000e+00
0.0000e+00
0.0000e+00
2.2173e-05
9.5367e-07
0.0000e+00
2.1935e-05
1.1921e-06
2.8610e-06
9.5367e-07
0.0000e+00
0.0000e+00
2.1935e-05
0.0000e+00
0.0000e+00
2.2173e-05
9.5367e-07
0.0000e+00
2.0981e-05
0.0000e+00
0.0000e+00
2.0981e-05
9.5367e-07
0.0000e+00
2.9087e-05
9.5367e-07
0.0000e+00
2.0981e-05
9.5367e-07
2.2316e-04
9.5367e-07
9.5367e-07
0.0000e+00
2.1935e-05
9.5367e-07
0.0000e+00
2.1935e-05
1.1921e-06
0.0000e+00
2.1935e-05
0.0000e+00
0.0000e+00
2.0981e-05
9.5367e-07
0.0000e+00
2.0981e-05
9.5367e-07
1.1110e-04
9.5367e-07
1.1921e-06
9.5844e-05
1.1921e-06
9.5367e-07
0.0000e+00
2.2888e-05
0.0000e+00
0.0000e+00
2.0981e-05
9.5367e-07
0.0000e+00
2.2173e-05
9.5367e-07
0.0000e+00
2.0981e-05
9.5367e-07
0.0000e+00
2.0027e-05
1.1921e-06
9.8944e-05
9.5367e-07
9.5367e-07
0.0000e+00
2.3127e-05
9.5367e-07
0.0000e+00
2.7895e-05
1.1921e-06
0.0000e+00
2.2888e-05
0.0000e+00
0.0000e+00
2.1219e-05
0.0000e+00
1.4997e-04
0.0000e+00
1.1921e-06
0.0000e+00
2.1935e-05
9.5367e-07
0.0000e+00
2.5034e-05
9.5367e-07
0.0000e+00
2.1935e-05
9.5367e-07
0.0000e+00
2.2173e-05
0.0000e+00
0.0000e+00
2.0981e-05
9.5367e-07
1.0586e-04
0.0000e+00
9.5367e-07
0.0000e+00
2.2888e-05
0.0000e+00
1.9073e-06
0.0000e+00
9.5367e-07
0.0000e+00
2.2173e-05
9.5367e-07
9.0122e-05
0.0000e+00
9.5367e-07
0.0000e+00
2.1935e-05
9.5367e-07
7.6056e-05
0.0000e+00
9.5367e-07
0.0000e+00
2.1935e-05
0.0000e+00
0.0000e+00
2.1935e-05
9.5367e-07
0.0000e+00
2.7180e-05
9.5367e-07
0.0000e+00
2.1935e-05
1.1921e-06
0.0000e+00
2.0981e-05
9.5367e-07
0.0000e+00
2.1935e-05
1.1921e-06
0.0000e+00
2.0981e-05
9.5367e-07
0.0000e+00
2.0981e-05
9.5367e-07
0.0000e+00
2.0981e-05
9.5367e-07
2.0719e-04
9.5367e-07
0.0000e+00
0.0000e+00
3.4094e-05
9.5367e-07
0.0000e+00
2.3127e-05
9.5367e-07
0.0000e+00
2.1935e-05
9.5367e-07
0.0000e+00
2.0981e-05
9.5367e-07
0.0000e+00
2.1935e-05
1.1921e-06
0.0000e+00
2.1935e-05
0.0000e+00
0.0000e+00
2.0981e-05
9.5367e-07
0.0000e+00
2.0981e-05
0.0000e+00
0.0000e+00
2.8133e-05
9.5367e-07
0.0000e+00
2.1935e-05
0.0000e+00
2.6703e-04
0.0000e+00
9.5367e-07
9.0122e-05
0.0000e+00
9.5367e-07
1.0991e-04
0.0000e+00
9.5367e-07
0.0000e+00
2.2888e-05
9.5367e-07
2.8133e-05
0.0000e+00
9.5367e-07
8.3208e-05
9.5367e-07
9.5367e-07
0.0000e+00
2.4080e-05
9.5367e-07
3.4094e-05
0.0000e+00
9.5367e-07
0.0000e+00
2.2173e-05
9.5367e-07
0.0000e+00
2.1935e-05
9.5367e-07
0.0000e+00
2.1219e-05
9.5367e-07
9.2030e-05
0.0000e+00
0.0000e+00
0.0000e+00
2.2173e-05
9.5367e-07
0.0000e+00
2.1935e-05
9.5367e-07
0.0000e+00
2.0981e-05
9.5367e-07
0.0000e+00
2.1935e-05
1.1921e-06
0.0000e+00
2.1935e-05
9.5367e-07
1.1110e-04
0.0000e+00
1.1921e-06
0.0000e+00
2.2888e-05
9.5367e-07
0.0000e+00
2.0981e-05
9.5367e-07
0.0000e+00
2.0981e-05
9.5367e-07
0.0000e+00
2.1935e-05
9.5367e-07
8.1062e-05
0.0000e+00
9.5367e-07
0.0000e+00
2.2173e-05
9.5367e-07
0.0000e+00
2.1935e-05
9.5367e-07
1.3494e-04
0.0000e+00
9.5367e-07
0.0000e+00
2.9087e-05
9.5367e-07
0.0000e+00
2.2173e-05
0.0000e+00
7.7009e-05
0.0000e+00
0.0000e+00
0.0000e+00
2.3127e-05
9.5367e-07
3.0994e-06
9.5367e-07
9.5367e-07
0.0000e+00
2.0981e-05
1.1921e-06
0.0000e+00
2.1935e-05
0.0000e+00
0.0000e+00
2.2173e-05
9.5367e-07
1.9073e-06
0.0000e+00
0.0000e+00
0.0000e+00
2.8849e-05
1.1921e-06
0.0000e+00
2.0981e-05
9.5367e-07
0.0000e+00
2.2173e-05
9.5367e-07
0.0000e+00
2.0981e-05
9.5367e-07
0.0000e+00
2.2173e-05
9.5367e-07
0.0000e+00
2.0981e-05
9.5367e-07
0.0000e+00
2.1219e-05
9.5367e-07
2.9993e-04
0.0000e+00
0.0000e+00
0.0000e+00
2.7895e-05
9.5367e-07
7.4148e-05
0.0000e+00
9.5367e-07
0.0000e+00
2.3127e-05
9.5367e-07
5.2929e-05
0.0000e+00
0.0000e+00
0.0000e+00
2.1935e-05
0.0000e+00
0.0000e+00
2.0981e-05
9.5367e-07
2.2888e-05
0.0000e+00
9.5367e-07
1.2589e-04
1.1921e-06
0.0000e+00
0.0000e+00
2.2888e-05
1.1921e-06
5.9605e-06
0.0000e+00
9.5367e-07
0.0000e+00
2.2173e-05
9.5367e-07
1.1802e-04
0.0000e+00
0.0000e+00
0.0000e+00
2.2888e-05
0.0000e+00
4.6015e-05
0.0000e+00
9.5367e-07
1.9073e-06
0.0000e+00
9.5367e-07
0.0000e+00
2.1935e-05
1.1921e-06
0.0000e+00
2.1935e-05
9.5367e-07
0.0000e+00
2.0981e-05
1.1921e-06
1.2779e-04
0.0000e+00
9.5367e-07
0.0000e+00
2.1935e-05
1.1921e-06
1.0180e-04
0.0000e+00
9.5367e-07
0.0000e+00
2.2888e-05
0.0000e+00
0.0000e+00
2.0981e-05
9.5367e-07
6.5088e-05
0.0000e+00
9.5367e-07
0.0000e+00
2.1935e-05
1.1921e-06
0.0000e+00
2.1935e-05
9.5367e-07
5.9128e-05
9.5367e-07
0.0000e+00
0.0000e+00
2.1935e-05
0.0000e+00
0.0000e+00
2.0981e-05
9.5367e-07
0.0000e+00
3.0994e-05
1.1921e-06
0.0000e+00
2.0981e-05
9.5367e-07
1.3804e-04
0.0000e+00
1.1921e-06
0.0000e+00
2.5988e-05
9.5367e-07
2.5988e-05
9.5367e-07
9.5367e-07
0.0000e+00
2.1935e-05
0.0000e+00
0.0000e+00
2.0981e-05
0.0000e+00
0.0000e+00
2.0981e-05
9.5367e-07
0.0000e+00
2.1935e-05
9.5367e-07
0.0000e+00
2.9087e-05
0.0000e+00
0.0000e+00
2.2173e-05
0.0000e+00
0.0000e+00
2.0981e-05
0.0000e+00
0.0000e+00
2.1935e-05
9.5367e-07
0.0000e+00
2.0981e-05
0.0000e+00
0.0000e+00
2.0981e-05
0.0000e+00
4.1008e-05
9.5367e-07
9.5367e-07
0.0000e+00
2.1935e-05
9.5367e-07
0.0000e+00
2.8133e-05
9.5367e-07
0.0000e+00
2.1935e-05
9.5367e-07
2.7704e-04
1.1921e-06
1.9073e-06
0.0000e+00
3.8147e-05
9.5367e-07
0.0000e+00
3.8147e-05
9.5367e-07
0.0000e+00
3.8147e-05
9.5367e-07
0.0000e+00
3.8147e-05
9.5367e-07
0.0000e+00
3.8147e-05
9.5367e-07
0.0000e+00
4.8161e-05
1.9073e-06
5.9605e-06
1.1921e-06
9.5367e-07
4.6968e-05
0.0000e+00
9.5367e-07
0.0000e+00
3.7909e-05
1.1921e-06
0.0000e+00
3.7909e-05
9.5367e-07
0.0000e+00
3.7909e-05
1.1921e-06
0.0000e+00
3.7909e-05
1.1921e-06
0.0000e+00
3.6955e-05
1.9073e-06
0.0000e+00
3.6955e-05
9.5367e-07
0.0000e+00
3.8147e-05
9.5367e-07
0.0000e+00
3.7909e-05
2.1458e-06
0.0000e+00
3.6955e-05
9.5367e-07
0.0000e+00
4.2915e-05
9.5367e-07
0.0000e+00
3.7909e-05
9.5367e-07
0.0000e+00
3.8147e-05
9.5367e-07
1.9073e-05
9.5367e-07
1.1921e-06
0.0000e+00
3.6955e-05
1.9073e-06
0.0000e+00
3.8147e-05
9.5367e-07
0.0000e+00
3.7193e-05
5.0068e-06
0.0000e+00
3.6955e-05
9.5367e-07
0.0000e+00
3.8147e-05
9.5367e-07
2.1458e-06
9.5367e-07
9.5367e-07
0.0000e+00
3.8147e-05
9.5367e-07
0.0000e+00
3.6001e-05
1.1921e-06
0.0000e+00
3.7909e-05
9.5367e-07
0.0000e+00
3.8147e-05
9.5367e-07
0.0000e+00
3.8147e-05
9.5367e-07
0.0000e+00
3.9101e-05
9.5367e-07
0.0000e+00
3.8147e-05
9.5367e-07
0.0000e+00
3.8147e-05
9.5367e-07
0.0000e+00
3.8147e-05
1.9073e-06
8.6069e-05
9.5367e-07
9.5367e-07
0.0000e+00
4.1008e-05
9.5367e-07
0.0000e+00
4.6968e-05
1.1921e-06
2.8610e-06
0.0000e+00
9.5367e-07
0.0000e+00
3.6955e-05
2.1458e-06
2.8610e-06
9.5367e-07
9.5367e-07
0.0000e+00
3.9101e-05
9.5367e-07
7.0095e-05
9.5367e-07
9.5367e-07
0.0000e+00
4.0054e-05
5.5318e-02
