3.5350e-03
1.6928e-05
0.0000e+00
4.2200e-05
1.0560e-03
0.0000e+00
2.9087e-05
9.0599e-06
0.0000e+00
2.4080e-05
9.5367e-07
0.0000e+00
2.1935e-05
2.5988e-05
0.0000e+00
2.3127e-05
9.5367e-07
1.5974e-05
9.5367e-07
9.5367e-07
3.0994e-05
0.0000e+00
9.5367e-07
0.0000e+00
2.4080e-05
0.0000e+00
0.0000e+00
3.7193e-05
1.9073e-06
4.0531e-06
0.0000e+00
9.0599e-06
0.0000e+00
2.3127e-05
1.6594e-04
0.0000e+00
2.2173e-05
1.9073e-06
0.0000e+00
2.2173e-05
6.9141e-06
0.0000e+00
2.8133e-05
9.5367e-07
0.0000e+00
2.1935e-05
0.0000e+00
0.0000e+00
2.0981e-05
0.0000e+00
4.0531e-06
0.0000e+00
9.5367e-07
5.1975e-05
0.0000e+00
1.9073e-06
0.0000e+00
2.4080e-05
9.5367e-07
0.0000e+00
2.2173e-05
9.5367e-07
0.0000e+00
2.1935e-05
9.5367e-07
6.5398e-04
9.5367e-07
9.5367e-07
0.0000e+00
2.5034e-05
9.5367e-07
1.3208e-04
0.0000e+00
9.5367e-07
0.0000e+00
2.3127e-05
0.0000e+00
0.0000e+00
2.1935e-05
0.0000e+00
0.0000e+00
3.0994e-05
9.5367e-07
0.0000e+00
2.1935e-05
0.0000e+00
0.0000e+00
2.0981e-05
4.4107e-05
0.0000e+00
2.2888e-05
9.5367e-07
2.5034e-05
0.0000e+00
0.0000e+00
0.0000e+00
2.1935e-05
1.1921e-06
2.0289e-04
9.5367e-07
9.5367e-07
2.5988e-05
0.0000e+00
9.5367e-07
2.8610e-06
1.1921e-06
1.1921e-06
0.0000e+00
2.2888e-05
1.1921e-06
0.0000e+00
2.2888e-05
7.7009e-05
0.0000e+00
2.3127e-05
9.5367e-07
0.0000e+00
2.1935e-05
1.1921e-06
9.5367e-07
0.0000e+00
9.5367e-07
0.0000e+00
2.3127e-05
9.5367e-07
0.0000e+00
2.0981e-05
9.5367e-07
0.0000e+00
2.1935e-05
9.5367e-07
0.0000e+00
2.0981e-05
5.9605e-06
0.0000e+00
2.3127e-05
1.1921e-06
0.0000e+00
2.1935e-05
9.5367e-07
0.0000e+00
2.2173e-05
9.5367e-07
0.0000e+00
2.0981e-05
9.5367e-07
0.0000e+00
2.1219e-05
9.5367e-07
0.0000e+00
2.1935e-05
2.4700e-04
1.4806e-04
0.0000e+00
9.5367e-07
0.0000e+00
2.3127e-05
1.1921e-06
0.0000e+00
2.2888e-05
4.0531e-06
0.0000e+00
2.3127e-05
9.5367e-07
0.0000e+00
2.1935e-05
9.5367e-07
0.0000e+00
2.0981e-05
0.0000e+00
0.0000e+00
2.1935e-05
2.1458e-06
0.0000e+00
2.1935e-05
0.0000e+00
0.0000e+00
2.2173e-05
0.0000e+00
0.0000e+00
2.8133e-05
9.5367e-07
7.0906e-04
9.5367e-07
9.5367e-07
0.0000e+00
2.3127e-05
9.5367e-07
1.0967e-05
9.5367e-07
1.1921e-06
0.0000e+00
2.1935e-05
0.0000e+00
0.0000e+00
2.1935e-05
2.5034e-05
0.0000e+00
2.2173e-05
1.9073e-06
0.0000e+00
2.2173e-05
9.5367e-07
0.0000e+00
2.1935e-05
0.0000e+00
3.2997e-04
9.5367e-07
0.0000e+00
1.5020e-05
0.0000e+00
0.0000e+00
0.0000e+00
2.3127e-05
9.5367e-07
0.0000e+00
2.1935e-05
0.0000e+00
0.0000e+00
2.1935e-05
9.5367e-07
0.0000e+00
2.1935e-05
0.0000e+00
0.0000e+00
2.0981e-05
0.0000e+00
0.0000e+00
2.2173e-05
1.1921e-06
0.0000e+00
2.1935e-05
0.0000e+00
0.0000e+00
2.2888e-05
9.5367e-07
0.0000e+00
2.2173e-05
0.0000e+00
0.0000e+00
2.0981e-05
0.0000e+00
2.1315e-04
0.0000e+00
0.0000e+00
0.0000e+00
2.3127e-05
9.5367e-07
0.0000e+00
2.0981e-05
0.0000e+00
0.0000e+00
2.0981e-05
0.0000e+00
1.6093e-04
0.0000e+00
0.0000e+00
3.0994e-05
9.5367e-07
0.0000e+00
0.0000e+00
2.3127e-05
0.0000e+00
0.0000e+00
2.0981e-05
9.5367e-07
0.0000e+00
2.2173e-05
9.5367e-07
1.2589e-04
0.0000e+00
0.0000e+00
1.9073e-06
9.5367e-07
0.0000e+00
0.0000e+00
2.2173e-05
0.0000e+00
1.1706e-04
0.0000e+00
9.5367e-07
2.1458e-06
0.0000e+00
4.0531e-06
0.0000e+00
2.2888e-05
6.4850e-05
0.0000e+00
2.9087e-05
9.5367e-07
0.0000e+00
2.1935e-05
9.5367e-07
0.0000e+00
2.2173e-05
0.0000e+00
1.3399e-04
0.0000e+00
9.5367e-07
0.0000e+00
2.2173e-05
0.0000e+00
0.0000e+00
2.1935e-05
1.1921e-06
0.0000e+00
2.1935e-05
0.0000e+00
0.0000e+00
2.1935e-05
1.1921e-06
0.0000e+00
2.7895e-05
9.5367e-07
0.0000e+00
2.3127e-05
3.0994e-06
0.0000e+00
2.1935e-05
1.9073e-06
0.0000e+00
2.1935e-05
1.9073e-06
0.0000e+00
2.2173e-05
1.9073e-06
1.9002e-04
0.0000e+00
0.0000e+00
3.5048e-05
0.0000e+00
9.5367e-07
0.0000e+00
2.3127e-05
0.0000e+00
0.0000e+00
2.0981e-05
0.0000e+00
0.0000e+00
2.9087e-05
9.5367e-07
8.1062e-05
9.5367e-07
9.5367e-07
0.0000e+00
2.3127e-05
0.0000e+00
0.0000e+00
2.2173e-05
9.5367e-07
0.0000e+00
2.1935e-05
8.1062e-05
0.0000e+00
2.1935e-05
4.2200e-05
0.0000e+00
2.0981e-05
1.9073e-06
1.9073e-06
0.0000e+00
1.9073e-05
9.1076e-05
0.0000e+00
0.0000e+00
0.0000e+00
3.0994e-05
0.0000e+00
0.0000e+00
2.0981e-05
0.0000e+00
0.0000e+00
2.1935e-05
1.9073e-06
0.0000e+00
2.3127e-05
2.8610e-06
0.0000e+00
2.3127e-05
1.9073e-06
1.1897e-04
9.5367e-07
1.1921e-06
0.0000e+00
2.1935e-05
9.5367e-07
0.0000e+00
2.2173e-05
9.5367e-07
0.0000e+00
2.8849e-05
9.5367e-07
0.0000e+00
2.3127e-05
8.9169e-05
5.5075e-05
9.5367e-07
9.5367e-07
0.0000e+00
2.2888e-05
1.1921e-06
0.0000e+00
2.2888e-05
9.5367e-07
0.0000e+00
2.1219e-05
9.5367e-07
0.0000e+00
2.0981e-05
9.5367e-07
0.0000e+00
2.2173e-05
9.5367e-07
0.0000e+00
2.7895e-05
9.0837e-05
0.0000e+00
2.2173e-05
9.5367e-07
0.0000e+00
2.1935e-05
0.0000e+00
0.0000e+00
2.1935e-05
5.9605e-06
0.0000e+00
2.1935e-05
1.9073e-06
0.0000e+00
2.1935e-05
0.0000e+00
0.0000e+00
2.1935e-05
9.5367e-07
1.7691e-04
1.1921e-06
9.5367e-07
0.0000e+00
2.2888e-05
9.5367e-07
0.0000e+00
2.3127e-05
9.5367e-07
0.0000e+00
2.1935e-05
9.5367e-07
0.0000e+00
2.0981e-05
9.5367e-07
0.0000e+00
2.0981e-05
1.1921e-06
0.0000e+00
2.1935e-05
9.5367e-07
0.0000e+00
2.0981e-05
2.2507e-04
3.0994e-06
0.0000e+00
1.9073e-05
0.0000e+00
2.1935e-05
9.5367e-07
4.1962e-05
1.1921e-06
0.0000e+00
0.0000e+00
2.1935e-05
1.1921e-06
0.0000e+00
2.1935e-05
6.7949e-05
0.0000e+00
2.0981e-05
8.1062e-06
0.0000e+00
2.1935e-05
1.9073e-05
3.3140e-05
0.0000e+00
9.5367e-07
0.0000e+00
2.2888e-05
1.1921e-06
0.0000e+00
2.0981e-05
9.5367e-07
0.0000e+00
2.8133e-05
9.5367e-07
0.0000e+00
2.1935e-05
1.1921e-06
0.0000e+00
2.1935e-05
9.5367e-07
0.0000e+00
2.0981e-05
9.5367e-07
0.0000e+00
2.1935e-05
1.5807e-04
0.0000e+00
2.1935e-05
4.0531e-06
2.1458e-06
9.5367e-07
9.5367e-07
0.0000e+00
2.1935e-05
2.2888e-05
6.6996e-05
9.5367e-07
9.5367e-07
1.9073e-06
0.0000e+00
2.8610e-06
0.0000e+00
2.3127e-05
9.5367e-07
0.0000e+00
2.1935e-05
1.1921e-06
0.0000e+00
2.0981e-05
1.4806e-04
0.0000e+00
2.1935e-05
0.0000e+00
0.0000e+00
2.2173e-05
1.0014e-05
0.0000e+00
2.1935e-05
9.5367e-07
0.0000e+00
2.1219e-05
9.5367e-07
0.0000e+00
2.3127e-05
1.1921e-06
0.0000e+00
2.1935e-05
9.5367e-07
0.0000e+00
2.2173e-05
1.1778e-04
0.0000e+00
2.1935e-05
9.5367e-07
0.0000e+00
2.2173e-05
9.5367e-07
0.0000e+00
2.0981e-05
9.5367e-07
0.0000e+00
2.1935e-05
1.1921e-06
0.0000e+00
2.4080e-05
1.0300e-04
0.0000e+00
2.2888e-05
1.9073e-06
9.5367e-07
0.0000e+00
9.5367e-07
8.8930e-05
9.5367e-07
1.1921e-06
3.0994e-05
9.5367e-07
9.5367e-07
0.0000e+00
2.1935e-05
0.0000e+00
0.0000e+00
2.0981e-05
2.0027e-05
0.0000e+00
2.1935e-05
9.5367e-07
0.0000e+00
2.0981e-05
2.8610e-06
0.0000e+00
2.0981e-05
1.5903e-04
0.0000e+00
2.3127e-05
9.5367e-07
0.0000e+00
2.1935e-05
1.1921e-06
0.0000e+00
2.1935e-05
0.0000e+00
0.0000e+00
2.0981e-05
7.0095e-05
0.0000e+00
2.0981e-05
4.0531e-06
0.0000e+00
2.0981e-05
3.0994e-06
0.0000e+00
2.1935e-05
9.5367e-07
0.0000e+00
2.7895e-05
5.0068e-05
9.0122e-05
9.5367e-07
9.5367e-07
0.0000e+00
2.2888e-05
0.0000e+00
9.5367e-07
0.0000e+00
9.5367e-07
0.0000e+00
2.1935e-05
1.0014e-05
0.0000e+00
2.1935e-05
8.2970e-05
0.0000e+00
2.1935e-05
9.5367e-07
0.0000e+00
2.2173e-05
4.8876e-05
0.0000e+00
2.2173e-05
9.5367e-07
0.0000e+00
2.3127e-05
9.5367e-07
1.1921e-05
0.0000e+00
8.1062e-06
7.1049e-05
9.5367e-07
9.5367e-07
0.0000e+00
2.3127e-05
0.0000e+00
0.0000e+00
2.0981e-05
1.1921e-06
0.0000e+00
2.1935e-05
1.3089e-04
0.0000e+00
2.2173e-05
9.5367e-07
3.6001e-05
0.0000e+00
0.0000e+00
5.1022e-05
0.0000e+00
0.0000e+00
2.6941e-05
9.5367e-07
9.5367e-07
0.0000e+00
3.0994e-05
1.1921e-06
0.0000e+00
2.5988e-05
9.5367e-07
0.0000e+00
2.1935e-05
9.5367e-07
3.9816e-05
1.1921e-06
0.0000e+00
8.2970e-05
0.0000e+00
9.5367e-07
0.0000e+00
2.3127e-05
0.0000e+00
0.0000e+00
2.0981e-05
7.0095e-05
0.0000e+00
2.1935e-05
1.0014e-05
0.0000e+00
2.1219e-05
9.5367e-07
0.0000e+00
2.2888e-05
9.5367e-07
5.2214e-05
0.0000e+00
0.0000e+00
0.0000e+00
2.1935e-05
1.1921e-06
0.0000e+00
2.1935e-05
0.0000e+00
0.0000e+00
2.1935e-05
2.1458e-06
0.0000e+00
2.1935e-05
9.5367e-07
1.2589e-04
9.5367e-07
9.5367e-07
0.0000e+00
2.3127e-05
0.0000e+00
0.0000e+00
2.8133e-05
1.9073e-06
0.0000e+00
2.1935e-05
0.0000e+00
9.7990e-05
9.5367e-07
9.5367e-07
1.4806e-04
0.0000e+00
9.5367e-07
0.0000e+00
2.2173e-05
9.5367e-07
0.0000e+00
2.1935e-05
9.5367e-07
0.0000e+00
2.0981e-05
1.1921e-05
0.0000e+00
2.1935e-05
8.1062e-06
0.0000e+00
2.0981e-05
9.5367e-07
1.5974e-05
9.5367e-07
5.0068e-06
0.0000e+00
2.3127e-05
5.3883e-05
0.0000e+00
2.2173e-05
9.5367e-07
0.0000e+00
2.1935e-05
9.5367e-07
0.0000e+00
2.1935e-05
9.5367e-07
0.0000e+00
2.1935e-05
0.0000e+00
0.0000e+00
2.0981e-05
9.0599e-06
1.3685e-04
0.0000e+00
1.1921e-06
0.0000e+00
2.2888e-05
1.1921e-06
0.0000e+00
2.1935e-05
9.5367e-07
0.0000e+00
2.1935e-05
0.0000e+00
0.0000e+00
2.0981e-05
9.5367e-07
0.0000e+00
2.2173e-05
1.9073e-06
1.2398e-04
0.0000e+00
0.0000e+00
4.4107e-05
0.0000e+00
9.5367e-07
0.0000e+00
2.6941e-05
9.5367e-07
0.0000e+00
2.2173e-05
9.5367e-07
0.0000e+00
2.9087e-05
9.5367e-07
1.4067e-05
0.0000e+00
9.5367e-07
0.0000e+00
2.1935e-05
9.5367e-07
0.0000e+00
2.1935e-05
9.5367e-07
0.0000e+00
2.2173e-05
0.0000e+00
0.0000e+00
2.0981e-05
0.0000e+00
1.9193e-04
0.0000e+00
0.0000e+00
0.0000e+00
2.0981e-05
0.0000e+00
0.0000e+00
2.2173e-05
9.5367e-07
0.0000e+00
2.2173e-05
0.0000e+00
1.5807e-04
0.0000e+00
9.5367e-07
0.0000e+00
2.2888e-05
1.1921e-06
0.0000e+00
2.1935e-05
9.5367e-07
0.0000e+00
2.0981e-05
0.0000e+00
0.0000e+00
2.1935e-05
9.5367e-07
0.0000e+00
2.2173e-05
0.0000e+00
0.0000e+00
2.1935e-05
1.1921e-06
0.0000e+00
2.2888e-05
9.5367e-07
0.0000e+00
2.0981e-05
9.5367e-07
0.0000e+00
2.1935e-05
1.5712e-04
0.0000e+00
2.1935e-05
0.0000e+00
0.0000e+00
2.1935e-05
1.4067e-05
0.0000e+00
2.1935e-05
9.5367e-07
0.0000e+00
2.0981e-05
0.0000e+00
0.0000e+00
2.9802e-05
1.1921e-06
0.0000e+00
2.2888e-05
9.5367e-07
2.1458e-06
0.0000e+00
1.9073e-06
0.0000e+00
2.3127e-05
9.5367e-07
0.0000e+00
2.1935e-05
1.6809e-04
3.0994e-06
9.5367e-07
2.5988e-05
0.0000e+00
2.0981e-05
1.2517e-04
0.0000e+00
2.1935e-05
1.9073e-06
0.0000e+00
2.0981e-05
0.0000e+00
0.0000e+00
2.7895e-05
9.5367e-07
6.6042e-05
9.5367e-07
9.5367e-07
0.0000e+00
2.1935e-05
0.0000e+00
0.0000e+00
2.0981e-05
9.5367e-07
0.0000e+00
2.1935e-05
1.1921e-06
0.0000e+00
2.3842e-05
4.0531e-06
1.2302e-04
0.0000e+00
0.0000e+00
3.6001e-05
0.0000e+00
9.5367e-07
0.0000e+00
2.1935e-05
1.6928e-05
0.0000e+00
2.9087e-05
9.5367e-07
0.0000e+00
2.1935e-05
4.4823e-05
0.0000e+00
2.1219e-05
9.5367e-07
0.0000e+00
2.1935e-05
9.5367e-07
0.0000e+00
2.0981e-05
9.5367e-07
0.0000e+00
2.1935e-05
9.0599e-06
0.0000e+00
2.0981e-05
1.1921e-06
0.0000e+00
2.1935e-05
9.5367e-07
0.0000e+00
2.3127e-05
9.5367e-07
1.4710e-04
0.0000e+00
0.0000e+00
7.5102e-05
0.0000e+00
0.0000e+00
0.0000e+00
2.1935e-05
9.5367e-07
0.0000e+00
2.1935e-05
9.5367e-07
2.1458e-06
9.5367e-07
8.8215e-06
1.9073e-06
0.0000e+00
2.0981e-05
8.9884e-05
0.0000e+00
0.0000e+00
0.0000e+00
2.1935e-05
1.1921e-06
0.0000e+00
2.1935e-05
0.0000e+00
0.0000e+00
2.8133e-05
9.5367e-07
0.0000e+00
2.0981e-05
1.1706e-04
1.1921e-06
0.0000e+00
1.9073e-06
0.0000e+00
2.1935e-05
9.5367e-07
9.5367e-07
9.5367e-07
9.0599e-06
0.0000e+00
2.1935e-05
9.5367e-07
0.0000e+00
2.1935e-05
0.0000e+00
0.0000e+00
2.0981e-05
1.8001e-04
0.0000e+00
2.0981e-05
9.5367e-07
0.0000e+00
2.3127e-05
9.5367e-07
0.0000e+00
2.0981e-05
0.0000e+00
0.0000e+00
2.0981e-05
9.5367e-07
3.0994e-06
0.0000e+00
9.5367e-07
0.0000e+00
2.3127e-05
1.1802e-04
0.0000e+00
2.1935e-05
1.9073e-06
0.0000e+00
2.2173e-05
9.5367e-07
9.3937e-05
0.0000e+00
9.5367e-07
0.0000e+00
3.0994e-05
0.0000e+00
0.0000e+00
2.2173e-05
9.5367e-07
0.0000e+00
2.1935e-05
5.5075e-05
0.0000e+00
2.1935e-05
1.1921e-06
0.0000e+00
2.0981e-05
3.4094e-05
0.0000e+00
2.0981e-05
0.0000e+00
0.0000e+00
2.0981e-05
8.8215e-06
0.0000e+00
2.1219e-05
9.5367e-07
0.0000e+00
2.3127e-05
9.5367e-07
0.0000e+00
2.1935e-05
0.0000e+00
0.0000e+00
2.1935e-05
9.5367e-07
0.0000e+00
2.0981e-05
1.1992e-04
0.0000e+00
2.1935e-05
1.1921e-06
0.0000e+00
2.1935e-05
0.0000e+00
0.0000e+00
2.0981e-05
1.1921e-06
0.0000e+00
2.6941e-05
9.5367e-07
0.0000e+00
2.1935e-05
0.0000e+00
1.7309e-04
0.0000e+00
9.5367e-07
0.0000e+00
2.3127e-05
0.0000e+00
0.0000e+00
2.0981e-05
0.0000e+00
2.1458e-06
0.0000e+00
5.0068e-06
0.0000e+00
2.5034e-05
9.9897e-05
0.0000e+00
2.0981e-05
1.9073e-06
0.0000e+00
2.1935e-05
2.0981e-05
0.0000e+00
3.0041e-05
9.5367e-07
0.0000e+00
2.1935e-05
0.0000e+00
0.0000e+00
2.1935e-05
7.6056e-05
0.0000e+00
2.1935e-05
9.5367e-07
0.0000e+00
2.2173e-05
9.5367e-07
0.0000e+00
2.0981e-05
9.5367e-07
0.0000e+00
2.2888e-05
1.9073e-06
0.0000e+00
2.0981e-05
1.9073e-06
2.2888e-05
0.0000e+00
0.0000e+00
0.0000e+00
2.1935e-05
9.5367e-07
0.0000e+00
2.0981e-05
0.0000e+00
0.0000e+00
2.0981e-05
0.0000e+00
0.0000e+00
2.0981e-05
9.5367e-07
0.0000e+00
2.0981e-05
1.4281e-04
0.0000e+00
2.0981e-05
4.0054e-05
0.0000e+00
2.1935e-05
9.5367e-07
0.0000e+00
2.9087e-05
9.5367e-07
0.0000e+00
2.2173e-05
1.1921e-06
1.3399e-04
0.0000e+00
0.0000e+00
0.0000e+00
2.3127e-05
4.0531e-06
0.0000e+00
2.1935e-05
4.8161e-05
3.7909e-05
9.5367e-07
9.5367e-07
8.7976e-05
0.0000e+00
0.0000e+00
0.0000e+00
2.1935e-05
0.0000e+00
0.0000e+00
2.0981e-05
9.5367e-07
0.0000e+00
3.0041e-05
9.5367e-07
0.0000e+00
2.2888e-05
9.5367e-07
0.0000e+00
2.2173e-05
9.5367e-07
0.0000e+00
2.0981e-05
0.0000e+00
0.0000e+00
2.0981e-05
1.9073e-06
0.0000e+00
2.1935e-05
1.1921e-06
0.0000e+00
2.1935e-05
1.9073e-06
1.3304e-04
0.0000e+00
0.0000e+00
0.0000e+00
2.8849e-05
0.0000e+00
0.0000e+00
2.0981e-05
1.5020e-05
8.7976e-05
9.5367e-07
1.1921e-06
0.0000e+00
2.1935e-05
9.5367e-07
0.0000e+00
2.1935e-05
9.5367e-07
0.0000e+00
2.0981e-05
4.2200e-05
4.2915e-05
0.0000e+00
9.5367e-07
2.1458e-06
0.0000e+00
2.8610e-06
0.0000e+00
2.1935e-05
6.9141e-06
0.0000e+00
3.0041e-05
9.5367e-07
0.0000e+00
2.1935e-05
9.5367e-07
0.0000e+00
2.0981e-05
9.5367e-07
0.0000e+00
2.0981e-05
0.0000e+00
0.0000e+00
2.0981e-05
0.0000e+00
0.0000e+00
2.0981e-05
1.8191e-04
0.0000e+00
2.0981e-05
9.5367e-07
0.0000e+00
2.1935e-05
9.5367e-07
0.0000e+00
2.1935e-05
0.0000e+00
0.0000e+00
2.1935e-05
9.5367e-07
0.0000e+00
2.0981e-05
0.0000e+00
0.0000e+00
2.0981e-05
1.2398e-04
0.0000e+00
2.1935e-05
9.5367e-07
0.0000e+00
2.0981e-05
9.5367e-07
0.0000e+00
2.1935e-05
1.1921e-06
0.0000e+00
2.6941e-05
9.5367e-07
0.0000e+00
2.5988e-05
9.5367e-07
0.0000e+00
2.0981e-05
9.5367e-07
1.8907e-04
0.0000e+00
0.0000e+00
0.0000e+00
2.1935e-05
9.5367e-07
0.0000e+00
2.0981e-05
1.1921e-06
0.0000e+00
2.1935e-05
9.5367e-07
0.0000e+00
2.1935e-05
9.5367e-07
0.0000e+00
3.3140e-05
9.2030e-05
0.0000e+00
2.3127e-05
0.0000e+00
0.0000e+00
2.0981e-05
0.0000e+00
9.0122e-05
9.5367e-07
9.5367e-07
0.0000e+00
2.3127e-05
9.5367e-07
0.0000e+00
2.0981e-05
9.5367e-07
3.0994e-06
0.0000e+00
9.5367e-07
0.0000e+00
2.3127e-05
9.5367e-07
0.0000e+00
2.1935e-05
9.5367e-07
0.0000e+00
2.8849e-05
9.5367e-07
9.5367e-07
0.0000e+00
1.0967e-05
1.9693e-04
0.0000e+00
0.0000e+00
0.0000e+00
2.3127e-05
9.5367e-07
0.0000e+00
2.1935e-05
1.1921e-06
0.0000e+00
2.1935e-05
0.0000e+00
0.0000e+00
2.2173e-05
6.1035e-05
0.0000e+00
2.1935e-05
9.5367e-07
0.0000e+00
2.2173e-05
6.5088e-05
1.0991e-04
0.0000e+00
9.5367e-07
9.0599e-06
0.0000e+00
0.0000e+00
0.0000e+00
2.3127e-05
0.0000e+00
0.0000e+00
2.1935e-05
1.1921e-06
1.9073e-06
0.0000e+00
1.5974e-05
2.4080e-05
0.0000e+00
9.5367e-07
0.0000e+00
2.1935e-05
9.5367e-07
0.0000e+00
2.0981e-05
9.5367e-07
1.7405e-04
0.0000e+00
0.0000e+00
0.0000e+00
2.1935e-05
0.0000e+00
0.0000e+00
2.1935e-05
0.0000e+00
1.9073e-06
0.0000e+00
9.5367e-07
0.0000e+00
2.1935e-05
9.5367e-07
0.0000e+00
2.2173e-05
5.9843e-05
0.0000e+00
2.2173e-05
9.5367e-07
0.0000e+00
2.0981e-05
0.0000e+00
8.0109e-05
9.5367e-07
9.5367e-07
0.0000e+00
2.3127e-05
2.0981e-05
0.0000e+00
2.6941e-05
1.1921e-06
0.0000e+00
2.1935e-05
9.5367e-07
9.5367e-07
0.0000e+00
9.5367e-07
0.0000e+00
2.3127e-05
1.9073e-06
1.3614e-04
0.0000e+00
0.0000e+00
9.3937e-05
0.0000e+00
0.0000e+00
0.0000e+00
2.1935e-05
0.0000e+00
3.3140e-05
0.0000e+00
9.5367e-07
0.0000e+00
2.1935e-05
0.0000e+00
0.0000e+00
2.1935e-05
9.5367e-07
9.8944e-05
0.0000e+00
9.5367e-07
0.0000e+00
2.3127e-05
9.5367e-07
0.0000e+00
2.1935e-05
3.0994e-06
0.0000e+00
2.1935e-05
1.1921e-06
0.0000e+00
2.1935e-05
9.5129e-05
0.0000e+00
2.2888e-05
9.5367e-07
0.0000e+00
2.2173e-05
0.0000e+00
0.0000e+00
2.1935e-05
9.5367e-07
4.0054e-05
0.0000e+00
9.5367e-07
0.0000e+00
2.3127e-05
9.5367e-07
0.0000e+00
2.1935e-05
8.7976e-05
0.0000e+00
2.0981e-05
2.0027e-05
0.0000e+00
2.1935e-05
1.1921e-06
2.9802e-05
0.0000e+00
0.0000e+00
0.0000e+00
2.1935e-05
6.6042e-05
0.0000e+00
2.3127e-05
9.5367e-07
0.0000e+00
2.1935e-05
9.5367e-07
0.0000e+00
2.2888e-05
2.9087e-05
0.0000e+00
2.1935e-05
2.0027e-05
0.0000e+00
2.2888e-05
1.0014e-05
0.0000e+00
2.2173e-05
9.5367e-07
0.0000e+00
2.0981e-05
1.1921e-06
0.0000e+00
2.0981e-05
7.2002e-05
6.1035e-05
0.0000e+00
0.0000e+00
0.0000e+00
2.2173e-05
0.0000e+00
0.0000e+00
3.1948e-05
1.1921e-06
1.0085e-04
0.0000e+00
0.0000e+00
0.0000e+00
2.2888e-05
1.1921e-06
0.0000e+00
2.0981e-05
0.0000e+00
0.0000e+00
2.0981e-05
0.0000e+00
0.0000e+00
2.0981e-05
0.0000e+00
0.0000e+00
2.0981e-05
1.1921e-06
0.0000e+00
2.1935e-05
6.4850e-05
0.0000e+00
2.8849e-05
1.1921e-06
0.0000e+00
2.1935e-05
9.5367e-07
0.0000e+00
2.1219e-05
1.1921e-06
0.0000e+00
2.0981e-05
9.5367e-07
0.0000e+00
2.0981e-05
9.5367e-07
0.0000e+00
2.1935e-05
9.5367e-07
0.0000e+00
2.2173e-05
9.5367e-07
0.0000e+00
2.1935e-05
1.1921e-06
2.9588e-04
9.5367e-07
9.5367e-07
0.0000e+00
2.4080e-05
9.5367e-07
0.0000e+00
2.2173e-05
0.0000e+00
0.0000e+00
2.1935e-05
9.5367e-07
0.0000e+00
2.1935e-05
9.5367e-07
1.0109e-04
0.0000e+00
0.0000e+00
0.0000e+00
2.1935e-05
9.5367e-07
0.0000e+00
2.1935e-05
5.2214e-05
0.0000e+00
2.9802e-05
9.5367e-07
0.0000e+00
2.1935e-05
4.8161e-05
2.8610e-06
0.0000e+00
2.6226e-05
5.8889e-05
0.0000e+00
9.5367e-07
0.0000e+00
2.3127e-05
9.5367e-07
2.3127e-05
9.5367e-07
0.0000e+00
0.0000e+00
2.1935e-05
1.1921e-06
0.0000e+00
2.0981e-05
0.0000e+00
0.0000e+00
2.0981e-05
9.5367e-07
8.4877e-05
0.0000e+00
1.1921e-06
4.4823e-05
5.9605e-06
9.5367e-07
0.0000e+00
2.4080e-05
9.5367e-07
9.7990e-05
0.0000e+00
0.0000e+00
0.0000e+00
2.2173e-05
9.5367e-07
1.9073e-06
1.1921e-06
4.0531e-06
4.8161e-05
9.5367e-07
9.5367e-07
0.0000e+00
2.5034e-05
9.5367e-07
0.0000e+00
2.2173e-05
1.0300e-04
2.8610e-06
0.0000e+00
2.0027e-05
0.0000e+00
2.3127e-05
6.9141e-06
0.0000e+00
2.9087e-05
9.5367e-07
0.0000e+00
2.3127e-05
3.8147e-05
0.0000e+00
2.0981e-05
1.1921e-06
0.0000e+00
2.1935e-05
9.5367e-07
1.2517e-04
9.5367e-07
9.5367e-07
0.0000e+00
2.1935e-05
0.0000e+00
0.0000e+00
2.1935e-05
9.5367e-07
3.0994e-05
9.5367e-07
1.1921e-06
0.0000e+00
2.2888e-05
0.0000e+00
0.0000e+00
2.2888e-05
9.5367e-07
0.0000e+00
2.0981e-05
0.0000e+00
0.0000e+00
2.0981e-05
1.1921e-06
0.0000e+00
2.0981e-05
9.5367e-07
0.0000e+00
2.1935e-05
1.1921e-06
1.7285e-04
0.0000e+00
0.0000e+00
0.0000e+00
2.1935e-05
0.0000e+00
0.0000e+00
2.3842e-05
9.5367e-07
4.1008e-05
0.0000e+00
1.1921e-06
0.0000e+00
2.2888e-05
4.3154e-05
0.0000e+00
2.1935e-05
9.5367e-07
0.0000e+00
2.0981e-05
9.5367e-07
0.0000e+00
2.1935e-05
9.5367e-07
0.0000e+00
2.0981e-05
1.1921e-06
0.0000e+00
2.0981e-05
0.0000e+00
9.4175e-05
9.5367e-07
9.5367e-07
0.0000e+00
2.2888e-05
9.5367e-07
0.0000e+00
2.2888e-05
1.1921e-06
0.0000e+00
2.1935e-05
9.5367e-07
0.0000e+00
2.1935e-05
1.0014e-05
0.0000e+00
2.0981e-05
1.9073e-06
0.0000e+00
2.1935e-05
0.0000e+00
2.1601e-04
9.5367e-07
9.5367e-07
0.0000e+00
2.3127e-05
3.4809e-05
0.0000e+00
2.1935e-05
9.5367e-07
0.0000e+00
2.1935e-05
1.1921e-06
6.4850e-05
0.0000e+00
0.0000e+00
0.0000e+00
2.1935e-05
0.0000e+00
0.0000e+00
2.1219e-05
0.0000e+00
0.0000e+00
2.0981e-05
9.5367e-07
0.0000e+00
2.2173e-05
3.1948e-05
1.1706e-04
0.0000e+00
0.0000e+00
0.0000e+00
2.1935e-05
2.6941e-05
0.0000e+00
3.0041e-05
1.9073e-06
5.5075e-05
0.0000e+00
9.5367e-07
0.0000e+00
2.2173e-05
9.5367e-07
0.0000e+00
2.1935e-05
0.0000e+00
5.6028e-05
0.0000e+00
0.0000e+00
0.0000e+00
2.1935e-05
0.0000e+00
0.0000e+00
2.0981e-05
0.0000e+00
0.0000e+00
2.0981e-05
0.0000e+00
0.0000e+00
2.0981e-05
9.5367e-07
0.0000e+00
2.3127e-05
9.5367e-07
0.0000e+00
2.0981e-05
0.0000e+00
9.5367e-07
0.0000e+00
9.5367e-07
0.0000e+00
2.2173e-05
9.5367e-07
0.0000e+00
2.0981e-05
1.1921e-06
0.0000e+00
2.0981e-05
1.9789e-04
0.0000e+00
2.2173e-05
5.5075e-05
0.0000e+00
2.1935e-05
3.8147e-06
0.0000e+00
2.1935e-05
6.9141e-06
0.0000e+00
2.1935e-05
1.9073e-06
0.0000e+00
2.0981e-05
3.8862e-05
7.1526e-06
0.0000e+00
1.5020e-05
7.2002e-05
0.0000e+00
0.0000e+00
0.0000e+00
2.2173e-05
9.5367e-07
0.0000e+00
2.0981e-05
9.5367e-07
0.0000e+00
2.0981e-05
3.0994e-06
0.0000e+00
2.8133e-05
1.9073e-06
0.0000e+00
2.3127e-05
7.2956e-05
0.0000e+00
2.0981e-05
2.1458e-06
9.3937e-05
9.5367e-07
1.1921e-06
0.0000e+00
2.2888e-05
0.0000e+00
0.0000e+00
2.0981e-05
1.1921e-06
2.8610e-06
0.0000e+00
1.9073e-06
1.0514e-04
0.0000e+00
9.5367e-07
0.0000e+00
2.3127e-05
1.7881e-05
0.0000e+00
2.4796e-05
1.9073e-06
1.2612e-04
0.0000e+00
0.0000e+00
0.0000e+00
2.3127e-05
9.5367e-07
0.0000e+00
2.0981e-05
9.5367e-07
0.0000e+00
2.2173e-05
1.1921e-06
0.0000e+00
2.1935e-05
9.5367e-07
0.0000e+00
2.0981e-05
1.9073e-06
0.0000e+00
2.1935e-05
9.5367e-07
0.0000e+00
2.1935e-05
1.9073e-06
0.0000e+00
2.2173e-05
9.5367e-07
0.0000e+00
2.1935e-05
3.0994e-06
0.0000e+00
2.0981e-05
0.0000e+00
2.2888e-04
0.0000e+00
0.0000e+00
2.7895e-05
9.5367e-07
9.5367e-07
0.0000e+00
2.3127e-05
9.5367e-07
0.0000e+00
2.1935e-05
0.0000e+00
8.1062e-05
0.0000e+00
0.0000e+00
0.0000e+00
2.1935e-05
0.0000e+00
0.0000e+00
2.8849e-05
9.5367e-07
0.0000e+00
2.1935e-05
0.0000e+00
0.0000e+00
2.4080e-05
0.0000e+00
0.0000e+00
2.2173e-05
0.0000e+00
9.7990e-05
0.0000e+00
0.0000e+00
0.0000e+00
2.2888e-05
9.5367e-07
1.0514e-04
0.0000e+00
9.5367e-07
0.0000e+00
2.1935e-05
0.0000e+00
0.0000e+00
2.0981e-05
9.5367e-07
0.0000e+00
2.2888e-05
1.1921e-06
0.0000e+00
2.0981e-05
1.5974e-05
0.0000e+00
2.2173e-05
1.9073e-06
9.5367e-07
0.0000e+00
9.5367e-07
0.0000e+00
2.1935e-05
0.0000e+00
1.6189e-04
0.0000e+00
9.5367e-07
0.0000e+00
2.1935e-05
0.0000e+00
0.0000e+00
2.0981e-05
3.5048e-05
6.1035e-05
9.5367e-07
9.5367e-07
0.0000e+00
2.1935e-05
1.6928e-05
0.0000e+00
2.1935e-05
0.0000e+00
0.0000e+00
2.2173e-05
9.5367e-07
0.0000e+00
2.0981e-05
9.5367e-07
0.0000e+00
2.0981e-05
1.1921e-06
0.0000e+00
2.4796e-05
9.5367e-07
1.8096e-04
9.5367e-07
9.5367e-07
0.0000e+00
2.2173e-05
9.5367e-07
0.0000e+00
2.2888e-05
9.5367e-07
0.0000e+00
2.0981e-05
0.0000e+00
0.0000e+00
2.1935e-05
9.5367e-07
0.0000e+00
2.1219e-05
1.1921e-06
1.0395e-04
0.0000e+00
0.0000e+00
0.0000e+00
2.1935e-05
0.0000e+00
1.9073e-06
1.1921e-06
1.0967e-05
0.0000e+00
2.1935e-05
2.1458e-06
0.0000e+00
3.0994e-05
5.4836e-05
0.0000e+00
2.1935e-05
6.6042e-05
0.0000e+00
2.1935e-05
0.0000e+00
0.0000e+00
2.0981e-05
9.5367e-07
0.0000e+00
2.1935e-05
1.1921e-06
0.0000e+00
2.0981e-05
0.0000e+00
0.0000e+00
2.0981e-05
2.1458e-06
0.0000e+00
2.0981e-05
8.1062e-06
1.6403e-04
1.0014e-05
9.5367e-07
1.9073e-06
0.0000e+00
3.8147e-06
0.0000e+00
2.2888e-05
9.5367e-07
0.0000e+00
2.2173e-05
1.9073e-06
0.0000e+00
2.2173e-05
0.0000e+00
0.0000e+00
2.0981e-05
9.5367e-07
0.0000e+00
2.2173e-05
9.5367e-07
0.0000e+00
2.0981e-05
6.9141e-06
0.0000e+00
2.0981e-05
9.5367e-07
0.0000e+00
2.1935e-05
9.5367e-07
5.6982e-05
9.5367e-07
1.1921e-06
0.0000e+00
2.1935e-05
0.0000e+00
0.0000e+00
2.0981e-05
0.0000e+00
2.7704e-04
0.0000e+00
9.5367e-07
0.0000e+00
2.1935e-05
1.1921e-06
0.0000e+00
2.0981e-05
6.9141e-06
9.5367e-07
0.0000e+00
1.9073e-06
0.0000e+00
2.2173e-05
9.5367e-07
0.0000e+00
2.3127e-05
9.5367e-07
1.3900e-04
9.5367e-07
9.5367e-07
0.0000e+00
2.1935e-05
9.5367e-07
0.0000e+00
2.0981e-05
2.5034e-05
0.0000e+00
2.1935e-05
4.0531e-06
3.0994e-05
0.0000e+00
0.0000e+00
0.0000e+00
2.2173e-05
0.0000e+00
0.0000e+00
2.0981e-05
0.0000e+00
0.0000e+00
2.9087e-05
6.1035e-05
0.0000e+00
2.1935e-05
0.0000e+00
0.0000e+00
2.0981e-05
9.5367e-07
0.0000e+00
2.1935e-05
1.1921e-06
4.6015e-05
0.0000e+00
0.0000e+00
1.3113e-04
0.0000e+00
0.0000e+00
0.0000e+00
2.2888e-05
5.9128e-05
0.0000e+00
2.1935e-05
2.1458e-06
0.0000e+00
2.1935e-05
9.5367e-07
0.0000e+00
2.9087e-05
9.5367e-07
0.0000e+00
2.0981e-05
3.8862e-05
0.0000e+00
2.1935e-05
4.6968e-05
0.0000e+00
2.1935e-05
1.1921e-06
0.0000e+00
2.5034e-05
4.6968e-05
0.0000e+00
2.1935e-05
1.1921e-06
0.0000e+00
2.1935e-05
0.0000e+00
0.0000e+00
2.0981e-05
9.5367e-07
0.0000e+00
2.2888e-05
1.1921e-06
0.0000e+00
2.1935e-05
7.6056e-05
0.0000e+00
2.1935e-05
0.0000e+00
0.0000e+00
2.1935e-05
5.2929e-05
0.0000e+00
2.0981e-05
9.5367e-07
0.0000e+00
2.0981e-05
9.5367e-07
0.0000e+00
2.0981e-05
9.5367e-07
0.0000e+00
3.0041e-05
9.5367e-07
0.0000e+00
2.2173e-05
9.5367e-07
1.2088e-04
0.0000e+00
0.0000e+00
0.0000e+00
2.1935e-05
8.0109e-05
0.0000e+00
2.1935e-05
1.1921e-06
0.0000e+00
2.1935e-05
9.5367e-07
0.0000e+00
2.0981e-05
1.1921e-06
0.0000e+00
2.1935e-05
0.0000e+00
1.2398e-04
0.0000e+00
9.5367e-07
3.4094e-05
0.0000e+00
0.0000e+00
2.1458e-06
0.0000e+00
9.5367e-07
2.5034e-05
0.0000e+00
9.5367e-07
0.0000e+00
2.4080e-05
0.0000e+00
1.4615e-04
9.5367e-07
9.5367e-07
0.0000e+00
2.1935e-05
0.0000e+00
7.5817e-05
1.1921e-06
0.0000e+00
0.0000e+00
2.2888e-05
9.5367e-07
2.1458e-06
0.0000e+00
9.5367e-07
0.0000e+00
2.3127e-05
5.3883e-05
0.0000e+00
3.0994e-05
3.0041e-05
2.1458e-06
0.0000e+00
2.0981e-05
2.8133e-05
0.0000e+00
9.5367e-07
0.0000e+00
2.1935e-05
0.0000e+00
0.0000e+00
2.1935e-05
9.5367e-07
0.0000e+00
2.0981e-05
1.1921e-06
0.0000e+00
2.1935e-05
9.5367e-07
0.0000e+00
2.2173e-05
0.0000e+00
0.0000e+00
2.0981e-05
0.0000e+00
0.0000e+00
3.0041e-05
9.5367e-07
1.2684e-04
0.0000e+00
1.1921e-06
9.4891e-05
0.0000e+00
0.0000e+00
0.0000e+00
2.3127e-05
9.5367e-07
0.0000e+00
2.1935e-05
1.1921e-06
0.0000e+00
2.1935e-05
9.5367e-07
0.0000e+00
2.2173e-05
9.5367e-07
0.0000e+00
2.0981e-05
9.5367e-07
0.0000e+00
2.0981e-05
9.5367e-07
0.0000e+00
2.1935e-05
9.5367e-07
0.0000e+00
2.0981e-05
9.5367e-07
2.3603e-04
0.0000e+00
9.5367e-07
0.0000e+00
2.1935e-05
9.5367e-07
3.0994e-05
0.0000e+00
0.0000e+00
4.1008e-05
0.0000e+00
0.0000e+00
0.0000e+00
2.1935e-05
9.5367e-07
0.0000e+00
2.2173e-05
9.5367e-07
0.0000e+00
2.0981e-05
2.6941e-05
0.0000e+00
2.1935e-05
2.0027e-05
0.0000e+00
2.1935e-05
0.0000e+00
0.0000e+00
2.0981e-05
9.5367e-07
0.0000e+00
2.0981e-05
1.1921e-06
7.6771e-05
0.0000e+00
0.0000e+00
0.0000e+00
2.1935e-05
1.1921e-06
0.0000e+00
2.0981e-05
9.5367e-07
0.0000e+00
2.1935e-05
2.8610e-06
0.0000e+00
2.2888e-05
9.5367e-07
1.8501e-04
1.9073e-06
5.0068e-06
0.0000e+00
4.5061e-05
9.5367e-07
0.0000e+00
2.4080e-05
9.5367e-07
4.0531e-06
0.0000e+00
9.5367e-07
0.0000e+00
2.3127e-05
0.0000e+00
0.0000e+00
3.3855e-05
1.1921e-06
0.0000e+00
2.0981e-05
9.5367e-07
0.0000e+00
3.7909e-05
2.1458e-06
0.0000e+00
2.1935e-05
9.5367e-07
0.0000e+00
2.0027e-05
1.1921e-06
0.0000e+00
2.0027e-05
9.5367e-07
0.0000e+00
2.0027e-05
9.5367e-07
2.0909e-04
9.5367e-07
0.0000e+00
0.0000e+00
2.0027e-05
9.5367e-07
0.0000e+00
2.0981e-05
9.5367e-07
0.0000e+00
2.0027e-05
1.1921e-06
0.0000e+00
2.0981e-05
0.0000e+00
0.0000e+00
2.0027e-05
3.1948e-05
7.5102e-05
0.0000e+00
9.5367e-07
0.0000e+00
2.0981e-05
1.1921e-06
0.0000e+00
1.9789e-05
1.1921e-06
0.0000e+00
2.0981e-05
3.8147e-06
0.0000e+00
2.0027e-05
1.1921e-06
1.5998e-04
0.0000e+00
9.5367e-07
0.0000e+00
2.8133e-05
6.1989e-05
2.8610e-06
0.0000e+00
1.8835e-05
0.0000e+00
2.0027e-05
3.0994e-06
0.0000e+00
1.9073e-05
2.8610e-06
0.0000e+00
1.9073e-05
9.5367e-07
0.0000e+00
1.8835e-05
9.5367e-07
1.3518e-04
0.0000e+00
9.5367e-07
0.0000e+00
2.0981e-05
9.5367e-07
0.0000e+00
2.0027e-05
9.5367e-07
0.0000e+00
2.0981e-05
9.5367e-07
0.0000e+00
2.0027e-05
1.1921e-06
0.0000e+00
2.0027e-05
9.5367e-07
1.9073e-06
0.0000e+00
7.8678e-06
0.0000e+00
2.0981e-05
4.0531e-06
0.0000e+00
2.0027e-05
3.0994e-06
0.0000e+00
1.9789e-05
1.3804e-04
0.0000e+00
2.0981e-05
1.9073e-06
0.0000e+00
2.2173e-05
9.5367e-07
0.0000e+00
2.0027e-05
9.5367e-07
0.0000e+00
2.0027e-05
9.5367e-07
0.0000e+00
1.9789e-05
1.1921e-06
0.0000e+00
2.0027e-05
9.5367e-07
0.0000e+00
2.0027e-05
0.0000e+00
0.0000e+00
2.0981e-05
9.5367e-07
0.0000e+00
2.5988e-05
1.1921e-06
0.0000e+00
2.0981e-05
0.0000e+00
0.0000e+00
3.2902e-05
1.1921e-06
3.1590e-04
0.0000e+00
9.5367e-07
0.0000e+00
2.0981e-05
1.1921e-06
0.0000e+00
1.9789e-05
0.0000e+00
0.0000e+00
1.9789e-05
0.0000e+00
0.0000e+00
2.2888e-05
0.0000e+00
0.0000e+00
2.0027e-05
9.5367e-07
0.0000e+00
2.0981e-05
0.0000e+00
0.0000e+00
2.0027e-05
0.0000e+00
0.0000e+00
2.0027e-05
1.4901e-04
0.0000e+00
1.9073e-05
4.0531e-06
0.0000e+00
2.0027e-05
9.4175e-05
0.0000e+00
2.0027e-05
4.0531e-06
0.0000e+00
2.0027e-05
2.8610e-06
0.0000e+00
2.8133e-05
9.5367e-07
0.0000e+00
2.0027e-05
9.5367e-07
0.0000e+00
2.0027e-05
7.5102e-05
0.0000e+00
2.0027e-05
4.0531e-06
0.0000e+00
1.9789e-05
3.0994e-06
0.0000e+00
2.0027e-05
9.0599e-06
0.0000e+00
2.0027e-05
3.8147e-06
0.0000e+00
1.9789e-05
9.5367e-07
0.0000e+00
2.0981e-05
8.6069e-05
8.3923e-05
9.5367e-07
1.1921e-06
0.0000e+00
2.0981e-05
0.0000e+00
4.0531e-06
0.0000e+00
1.9073e-06
0.0000e+00
2.0027e-05
4.0531e-06
0.0000e+00
2.0027e-05
3.0994e-06
0.0000e+00
1.8835e-05
9.7752e-06
0.0000e+00
1.8835e-05
6.1989e-06
0.0000e+00
2.6941e-05
9.5367e-07
0.0000e+00
2.1219e-05
9.5367e-07
1.9288e-04
9.5367e-07
0.0000e+00
0.0000e+00
2.0981e-05
6.8903e-05
3.1948e-05
0.0000e+00
9.5367e-07
2.8610e-06
1.1921e-06
8.8215e-06
0.0000e+00
1.9789e-05
1.0014e-05
0.0000e+00
1.8835e-05
4.0531e-06
0.0000e+00
2.0027e-05
4.0531e-06
0.0000e+00
2.5988e-05
9.5367e-07
0.0000e+00
2.0981e-05
0.0000e+00
0.0000e+00
1.9073e-05
9.5367e-07
0.0000e+00
1.9073e-05
1.4710e-04
1.0967e-05
0.0000e+00
1.1921e-05
1.0967e-05
0.0000e+00
1.5020e-05
8.6069e-05
0.0000e+00
9.5367e-07
0.0000e+00
2.0981e-05
2.4080e-05
3.0994e-06
9.5367e-07
2.2888e-05
0.0000e+00
2.0981e-05
3.0994e-06
0.0000e+00
2.5988e-05
9.5367e-07
0.0000e+00
2.0981e-05
1.1921e-06
0.0000e+00
2.0027e-05
9.5367e-07
1.8787e-04
0.0000e+00
1.1921e-06
0.0000e+00
1.9789e-05
1.1921e-06
0.0000e+00
2.0981e-05
4.1962e-05
0.0000e+00
1.9073e-05
3.8147e-06
4.6968e-05
9.5367e-07
0.0000e+00
0.0000e+00
2.0027e-05
9.5367e-07
0.0000e+00
2.0981e-05
9.5367e-07
0.0000e+00
2.0027e-05
0.0000e+00
0.0000e+00
1.9073e-05
9.5367e-07
0.0000e+00
1.8835e-05
9.5367e-07
1.2612e-04
9.5367e-07
0.0000e+00
0.0000e+00
2.0027e-05
9.5367e-07
3.0994e-06
0.0000e+00
4.0531e-06
0.0000e+00
2.3842e-05
1.3804e-04
1.9073e-06
0.0000e+00
1.8835e-05
0.0000e+00
2.0981e-05
9.5367e-07
6.8903e-05
0.0000e+00
1.1921e-06
0.0000e+00
2.0981e-05
4.6015e-05
0.0000e+00
2.0027e-05
9.5367e-07
0.0000e+00
2.0981e-05
1.1921e-06
0.0000e+00
1.9789e-05
0.0000e+00
0.0000e+00
2.0027e-05
9.5367e-07
0.0000e+00
2.0027e-05
9.5367e-07
0.0000e+00
2.8133e-05
1.1921e-06
8.4877e-05
0.0000e+00
1.1921e-06
0.0000e+00
2.0981e-05
9.5367e-07
0.0000e+00
1.9073e-05
1.1921e-06
0.0000e+00
1.9073e-05
2.8610e-06
0.0000e+00
2.0027e-05
2.1458e-06
0.0000e+00
2.0027e-05
9.5367e-07
0.0000e+00
2.0027e-05
1.6594e-04
0.0000e+00
2.6941e-05
1.1921e-06
0.0000e+00
2.3842e-05
9.5367e-07
5.1975e-05
1.1921e-06
0.0000e+00
0.0000e+00
2.0027e-05
9.5367e-07
0.0000e+00
2.0027e-05
9.5367e-07
0.0000e+00
1.9073e-05
9.5367e-07
1.9598e-04
9.5367e-07
0.0000e+00
0.0000e+00
1.9073e-05
9.5367e-07
0.0000e+00
2.0027e-05
1.1921e-06
0.0000e+00
2.0981e-05
1.1587e-04
0.0000e+00
2.0027e-05
3.0994e-06
3.3140e-05
0.0000e+00
9.5367e-07
0.0000e+00
2.0027e-05
9.5367e-07
0.0000e+00
1.9073e-05
9.5367e-07
0.0000e+00
2.0027e-05
0.0000e+00
0.0000e+00
2.0981e-05
0.0000e+00
1.5497e-04
0.0000e+00
0.0000e+00
0.0000e+00
2.0027e-05
9.5367e-07
0.0000e+00
2.0027e-05
9.5367e-07
0.0000e+00
1.9073e-05
8.1062e-06
0.0000e+00
2.2888e-05
2.1458e-06
0.0000e+00
2.0981e-05
7.7963e-05
0.0000e+00
1.9073e-05
3.8147e-06
1.9073e-06
9.5367e-07
2.3127e-05
1.0896e-04
0.0000e+00
9.5367e-07
0.0000e+00
2.0027e-05
9.5367e-07
0.0000e+00
2.8133e-05
9.5367e-07
0.0000e+00
2.0027e-05
9.5367e-07
4.0531e-06
0.0000e+00
9.0599e-06
0.0000e+00
2.0027e-05
3.8147e-06
0.0000e+00
2.0027e-05
2.8610e-06
0.0000e+00
1.9073e-05
4.0531e-06
2.3484e-04
0.0000e+00
9.5367e-07
0.0000e+00
2.0027e-05
9.5367e-07
0.0000e+00
2.0027e-05
0.0000e+00
0.0000e+00
2.5988e-05
9.5367e-07
0.0000e+00
1.9073e-05
9.5367e-07
0.0000e+00
2.0027e-05
9.5367e-07
0.0000e+00
1.9073e-05
9.5367e-07
0.0000e+00
1.9073e-05
9.5367e-07
0.0000e+00
2.0027e-05
9.5367e-07
0.0000e+00
2.0027e-05
1.9097e-04
0.0000e+00
1.9789e-05
9.5367e-07
0.0000e+00
2.0981e-05
5.9605e-06
1.0014e-05
0.0000e+00
2.0981e-05
0.0000e+00
2.0981e-05
8.8215e-06
0.0000e+00
1.9789e-05
3.0994e-06
9.4891e-05
0.0000e+00
9.5367e-07
0.0000e+00
2.0027e-05
0.0000e+00
0.0000e+00
2.0027e-05
0.0000e+00
0.0000e+00
2.0027e-05
9.5367e-07
0.0000e+00
2.8133e-05
1.9073e-06
0.0000e+00
3.5048e-05
9.5367e-07
0.0000e+00
1.9073e-05
3.9101e-05
0.0000e+00
1.9789e-05
5.0068e-06
0.0000e+00
1.8835e-05
1.0705e-04
0.0000e+00
1.9073e-05
9.5367e-07
0.0000e+00
1.9073e-05
0.0000e+00
1.7309e-04
0.0000e+00
9.5367e-07
0.0000e+00
2.8133e-05
9.5367e-07
0.0000e+00
2.0027e-05
9.5367e-07
0.0000e+00
2.0027e-05
9.5367e-07
0.0000e+00
2.0027e-05
2.5034e-05
1.9073e-06
0.0000e+00
2.2173e-05
0.0000e+00
2.0981e-05
1.9073e-06
0.0000e+00
2.0027e-05
3.0994e-06
0.0000e+00
1.9789e-05
3.0994e-06
2.7895e-05
1.1921e-06
0.0000e+00
0.0000e+00
2.7895e-05
1.1921e-06
0.0000e+00
2.0027e-05
1.1182e-04
0.0000e+00
2.0027e-05
1.0014e-05
9.2030e-05
0.0000e+00
9.5367e-07
0.0000e+00
2.0981e-05
9.5367e-07
0.0000e+00
2.0027e-05
9.5367e-07
0.0000e+00
2.0027e-05
9.5367e-07
0.0000e+00
1.8835e-05
9.5367e-07
5.6028e-05
0.0000e+00
9.5367e-07
0.0000e+00
2.0027e-05
9.5367e-07
0.0000e+00
2.0027e-05
9.5367e-07
0.0000e+00
2.0027e-05
5.6140e-02
