2.7528e-03
7.6914e-04
0.0000e+00
4.3869e-05
1.6460e-03
0.0000e+00
2.4080e-05
3.2902e-05
0.0000e+00
2.2888e-05
3.6955e-05
0.0000e+00
2.2888e-05
2.8133e-05
0.0000e+00
2.1935e-05
2.8133e-05
0.0000e+00
2.1935e-05
2.6941e-05
0.0000e+00
2.2173e-05
3.0994e-05
1.0967e-05
9.5367e-07
4.4823e-05
0.0000e+00
2.4080e-05
2.5988e-05
0.0000e+00
2.3127e-05
2.8133e-05
0.0000e+00
2.1935e-05
2.8133e-05
0.0000e+00
2.2888e-05
2.6941e-05
0.0000e+00
2.2173e-05
3.0041e-05
0.0000e+00
2.1935e-05
3.0041e-05
0.0000e+00
2.1935e-05
4.6015e-05
0.0000e+00
3.1948e-05
1.7166e-05
0.0000e+00
2.4080e-05
2.7180e-05
0.0000e+00
2.2888e-05
2.6941e-05
0.0000e+00
2.1935e-05
3.8910e-04
0.0000e+00
2.0981e-05
2.8133e-05
3.4809e-05
0.0000e+00
1.2875e-05
0.0000e+00
2.3127e-05
2.4080e-05
0.0000e+00
2.2888e-05
3.8147e-05
0.0000e+00
2.1935e-05
1.1921e-05
0.0000e+00
2.3127e-05
2.5988e-05
3.0994e-06
0.0000e+00
4.2915e-05
1.9073e-06
0.0000e+00
4.4107e-05
0.0000e+00
2.1935e-05
2.8849e-05
0.0000e+00
2.2173e-05
2.6941e-05
0.0000e+00
2.1935e-05
2.9087e-05
0.0000e+00
2.1935e-05
4.2200e-05
0.0000e+00
2.1935e-05
3.0041e-05
0.0000e+00
2.8849e-05
9.5367e-07
1.9073e-06
1.1921e-06
3.3855e-05
0.0000e+00
2.1935e-05
2.3842e-05
0.0000e+00
2.2173e-05
2.3842e-05
1.9073e-06
9.5367e-07
4.4107e-05
0.0000e+00
2.2888e-05
2.8133e-05
0.0000e+00
2.1935e-05
3.6955e-05
0.0000e+00
2.2173e-05
2.9802e-05
0.0000e+00
2.0981e-05
2.3127e-05
2.8610e-06
9.5367e-07
5.1022e-05
0.0000e+00
2.2888e-05
2.5034e-05
0.0000e+00
2.2173e-05
2.8133e-05
0.0000e+00
2.1935e-05
2.7895e-05
0.0000e+00
2.1935e-05
1.1921e-06
0.0000e+00
2.1935e-05
3.1948e-05
0.0000e+00
2.0981e-05
2.8849e-05
0.0000e+00
2.0981e-05
2.2888e-05
0.0000e+00
2.3127e-05
2.4080e-05
1.9073e-06
0.0000e+00
4.6968e-05
0.0000e+00
2.1935e-05
2.5988e-05
0.0000e+00
2.2173e-05
2.8849e-05
0.0000e+00
2.1935e-05
2.7895e-05
0.0000e+00
2.1935e-05
3.8147e-05
0.0000e+00
2.0981e-05
6.1703e-04
0.0000e+00
2.0981e-05
2.6226e-05
0.0000e+00
3.0994e-05
1.5974e-05
0.0000e+00
2.2888e-05
2.1935e-05
0.0000e+00
2.1935e-05
2.2888e-05
0.0000e+00
2.2173e-05
2.4080e-05
0.0000e+00
2.2173e-05
9.5367e-07
0.0000e+00
2.0027e-05
1.8120e-05
0.0000e+00
2.1935e-05
3.9101e-05
0.0000e+00
2.6941e-05
2.0981e-05
0.0000e+00
2.4080e-05
2.5988e-05
2.8610e-06
1.1921e-06
4.3869e-05
0.0000e+00
2.5034e-05
2.3127e-05
1.9073e-06
9.5367e-07
4.8876e-05
0.0000e+00
2.0981e-05
2.4796e-05
0.0000e+00
2.1935e-05
3.5048e-05
0.0000e+00
2.0981e-05
2.8133e-05
9.5367e-07
0.0000e+00
4.4823e-05
0.0000e+00
2.2173e-05
9.5367e-07
0.0000e+00
2.2173e-05
1.2875e-05
0.0000e+00
2.1935e-05
9.5367e-07
0.0000e+00
2.1935e-05
1.5974e-05
0.0000e+00
2.1935e-05
2.5988e-05
0.0000e+00
2.0981e-05
2.5034e-05
0.0000e+00
2.2173e-05
3.8862e-05
0.0000e+00
2.2173e-05
2.5034e-05
0.0000e+00
2.7895e-05
1.8120e-05
0.0000e+00
2.1935e-05
2.7180e-05
0.0000e+00
2.1935e-05
9.5367e-07
2.1458e-06
0.0000e+00
3.2902e-05
0.0000e+00
2.0981e-05
2.5034e-05
0.0000e+00
2.0981e-05
2.5034e-05
0.0000e+00
2.5034e-05
3.5048e-05
1.9073e-06
0.0000e+00
5.0068e-05
1.9073e-06
0.0000e+00
4.3869e-05
0.0000e+00
2.9087e-05
1.7166e-05
0.0000e+00
2.1935e-05
2.5034e-05
2.1458e-06
0.0000e+00
4.5061e-05
0.0000e+00
2.1935e-05
2.5034e-05
9.5367e-07
0.0000e+00
5.7220e-05
0.0000e+00
2.1935e-05
2.6941e-05
0.0000e+00
2.0981e-05
3.6955e-05
4.0531e-06
0.0000e+00
4.2915e-05
0.0000e+00
2.1935e-05
0.0000e+00
0.0000e+00
2.1935e-05
5.9605e-06
1.9073e-06
0.0000e+00
4.3869e-05
0.0000e+00
2.3127e-05
2.4080e-05
2.8610e-06
0.0000e+00
4.3154e-05
0.0000e+00
2.1935e-05
3.6955e-05
2.1458e-06
9.5367e-07
4.6015e-05
1.1921e-05
0.0000e+00
2.8610e-06
2.1458e-06
0.0000e+00
2.7180e-05
0.0000e+00
2.2888e-05
3.1948e-05
2.1458e-06
0.0000e+00
4.4107e-05
0.0000e+00
2.1935e-05
2.5034e-05
0.0000e+00
2.8133e-05
1.7881e-05
0.0000e+00
2.1935e-05
2.3842e-05
0.0000e+00
2.1935e-05
4.0054e-05
0.0000e+00
2.1935e-05
2.5988e-05
0.0000e+00
2.2173e-05
0.0000e+00
0.0000e+00
2.1935e-05
1.9073e-05
0.0000e+00
2.2173e-05
2.5034e-05
1.9073e-06
0.0000e+00
4.4107e-05
0.0000e+00
3.0041e-05
1.5974e-05
0.0000e+00
2.0981e-05
2.5034e-05
1.1921e-06
0.0000e+00
5.6028e-05
0.0000e+00
2.1935e-05
3.0994e-06
3.0994e-06
9.5367e-07
4.4823e-05
0.0000e+00
2.0981e-05
2.4080e-05
0.0000e+00
2.2888e-05
2.5988e-05
9.5367e-07
0.0000e+00
4.4107e-05
0.0000e+00
2.1935e-05
2.8849e-05
0.0000e+00
3.0041e-05
1.7881e-05
3.0994e-06
9.5367e-07
5.6028e-05
0.0000e+00
2.2173e-05
2.5988e-05
0.0000e+00
2.0981e-05
2.5034e-05
0.0000e+00
2.0981e-05
2.5988e-05
2.1458e-06
0.0000e+00
4.4107e-05
0.0000e+00
2.1935e-05
2.5988e-05
3.0994e-06
0.0000e+00
4.3869e-05
3.0994e-06
0.0000e+00
1.0967e-05
0.0000e+00
2.2173e-05
3.7909e-05
0.0000e+00
2.8133e-05
2.0027e-05
0.0000e+00
2.1935e-05
2.4080e-05
3.0994e-06
9.5367e-07
6.9141e-06
0.0000e+00
2.0981e-05
2.4796e-05
0.0000e+00
2.1935e-05
2.5034e-05
0.0000e+00
2.0981e-05
9.5367e-07
0.0000e+00
2.2173e-05
1.4782e-05
0.0000e+00
2.2173e-05
2.5034e-05
0.0000e+00
3.8862e-05
1.7881e-05
2.1458e-06
0.0000e+00
5.9605e-06
0.0000e+00
2.1935e-05
3.1948e-05
1.9073e-06
0.0000e+00
4.3869e-05
0.0000e+00
2.2173e-05
2.3842e-05
0.0000e+00
2.1935e-05
2.5988e-05
0.0000e+00
2.1935e-05
6.3181e-05
0.0000e+00
2.0981e-05
2.6941e-05
0.0000e+00
2.2173e-05
2.2888e-05
0.0000e+00
2.1935e-05
2.5034e-05
0.0000e+00
2.1935e-05
2.5034e-05
1.1921e-06
0.0000e+00
4.4107e-05
0.0000e+00
2.1935e-05
0.0000e+00
0.0000e+00
2.0981e-05
1.3113e-05
0.0000e+00
2.1935e-05
2.5034e-05
0.0000e+00
2.2173e-05
2.3842e-05
0.0000e+00
2.2173e-05
2.9087e-05
2.8610e-06
0.0000e+00
4.5061e-05
0.0000e+00
2.2173e-05
2.3842e-05
0.0000e+00
2.6941e-05
2.0027e-05
0.0000e+00
2.1935e-05
3.0041e-05
0.0000e+00
2.1935e-05
2.5034e-05
0.0000e+00
2.2173e-05
2.5988e-05
0.0000e+00
2.1935e-05
2.5034e-05
0.0000e+00
2.1935e-05
4.6015e-05
0.0000e+00
3.0994e-05
1.5020e-05
0.0000e+00
2.2173e-05
2.4796e-05
0.0000e+00
2.1935e-05
2.4080e-05
0.0000e+00
2.1935e-05
9.5367e-07
0.0000e+00
2.1935e-05
1.4067e-05
0.0000e+00
2.1935e-05
1.1921e-06
1.9073e-06
0.0000e+00
3.0994e-05
0.0000e+00
2.1935e-05
3.5048e-05
0.0000e+00
2.7895e-05
9.5367e-07
0.0000e+00
2.1935e-05
3.0041e-05
0.0000e+00
2.0981e-05
2.5988e-05
0.0000e+00
2.0981e-05
2.4080e-05
1.0014e-05
0.0000e+00
3.6955e-05
0.0000e+00
2.1935e-05
2.4080e-05
0.0000e+00
2.5034e-05
2.1935e-05
0.0000e+00
2.1935e-05
3.0041e-05
0.0000e+00
2.7895e-05
2.8849e-05
2.1458e-06
0.0000e+00
4.5061e-05
0.0000e+00
2.1935e-05
2.5988e-05
0.0000e+00
2.1219e-05
2.5988e-05
0.0000e+00
2.1935e-05
2.4080e-05
0.0000e+00
2.1935e-05
2.5034e-05
0.0000e+00
2.0981e-05
2.5988e-05
0.0000e+00
2.1219e-05
2.5034e-05
0.0000e+00
3.7909e-05
2.1935e-05
0.0000e+00
2.0981e-05
9.5367e-07
0.0000e+00
2.1935e-05
1.5974e-05
0.0000e+00
2.0981e-05
2.6941e-05
0.0000e+00
2.1935e-05
2.5988e-05
2.1458e-06
0.0000e+00
4.3869e-05
0.0000e+00
2.1935e-05
2.4080e-05
0.0000e+00
2.0981e-05
2.5988e-05
1.9073e-06
0.0000e+00
3.7909e-05
0.0000e+00
2.4796e-05
3.1948e-05
0.0000e+00
2.1935e-05
9.5367e-07
0.0000e+00
2.0981e-05
2.7895e-05
0.0000e+00
2.2173e-05
2.4796e-05
0.0000e+00
2.1935e-05
2.5034e-05
1.9073e-06
0.0000e+00
4.5061e-05
0.0000e+00
2.0981e-05
2.5034e-05
2.1458e-06
9.5367e-07
4.5061e-05
0.0000e+00
2.8849e-05
3.3140e-05
0.0000e+00
2.1935e-05
2.5034e-05
0.0000e+00
2.0981e-05
2.5034e-05
0.0000e+00
2.2173e-05
2.5034e-05
0.0000e+00
2.1935e-05
2.5988e-05
1.9073e-06
0.0000e+00
4.2915e-05
0.0000e+00
2.0981e-05
9.5367e-07
0.0000e+00
2.1935e-05
1.5020e-05
0.0000e+00
2.8133e-05
3.2902e-05
0.0000e+00
2.2173e-05
2.7895e-05
0.0000e+00
2.0981e-05
2.5034e-05
0.0000e+00
2.4796e-05
2.2173e-05
0.0000e+00
2.0981e-05
2.9087e-05
0.0000e+00
2.0981e-05
2.5988e-05
0.0000e+00
2.1935e-05
2.4080e-05
0.0000e+00
2.0981e-05
1.5974e-05
0.0000e+00
2.2888e-05
3.7909e-05
0.0000e+00
2.1935e-05
2.5034e-05
0.0000e+00
2.0981e-05
2.5034e-05
0.0000e+00
2.0981e-05
2.4080e-05
2.1458e-06
0.0000e+00
4.2915e-05
0.0000e+00
2.2173e-05
2.5988e-05
0.0000e+00
2.0981e-05
2.5988e-05
0.0000e+00
2.0981e-05
2.7895e-05
0.0000e+00
2.3127e-05
2.5988e-05
0.0000e+00
2.0981e-05
2.5034e-05
0.0000e+00
2.0981e-05
2.3842e-05
0.0000e+00
2.1935e-05
2.5034e-05
0.0000e+00
2.1935e-05
2.5034e-05
2.1458e-06
0.0000e+00
5.9605e-06
0.0000e+00
2.5034e-05
2.2888e-05
0.0000e+00
2.1935e-05
9.5367e-07
0.0000e+00
2.1935e-05
4.0531e-06
2.1458e-06
0.0000e+00
2.1935e-05
0.0000e+00
2.2173e-05
2.5034e-05
0.0000e+00
2.1935e-05
9.5367e-07
0.0000e+00
2.2173e-05
1.6928e-05
0.0000e+00
2.3127e-05
2.5988e-05
0.0000e+00
2.1935e-05
2.5988e-05
0.0000e+00
2.2173e-05
1.8120e-05
1.9073e-06
0.0000e+00
4.4107e-05
0.0000e+00
2.1935e-05
1.1921e-06
1.9073e-06
9.5367e-07
2.8133e-05
1.9073e-06
0.0000e+00
5.2929e-05
0.0000e+00
2.0981e-05
2.5034e-05
0.0000e+00
2.0981e-05
0.0000e+00
0.0000e+00
2.1935e-05
1.4067e-05
6.6996e-05
0.0000e+00
1.9073e-06
2.1458e-06
0.0000e+00
2.0981e-05
0.0000e+00
2.2173e-05
2.6941e-05
0.0000e+00
2.8133e-05
3.0994e-05
0.0000e+00
2.2888e-05
2.5034e-05
0.0000e+00
2.3127e-05
2.6941e-05
0.0000e+00
2.0981e-05
2.5988e-05
0.0000e+00
2.0981e-05
2.5034e-05
0.0000e+00
2.0981e-05
2.5988e-05
0.0000e+00
2.2173e-05
2.5034e-05
2.1935e-05
0.0000e+00
3.8147e-05
0.0000e+00
3.0041e-05
1.7881e-05
0.0000e+00
2.2173e-05
0.0000e+00
0.0000e+00
2.1935e-05
1.2159e-05
1.9073e-06
0.0000e+00
4.4107e-05
0.0000e+00
2.1935e-05
2.5034e-05
0.0000e+00
2.2173e-05
2.4796e-05
9.5367e-07
0.0000e+00
4.4107e-05
0.0000e+00
2.1935e-05
2.5034e-05
0.0000e+00
2.1935e-05
3.0994e-05
0.0000e+00
2.2888e-05
9.5367e-07
0.0000e+00
2.1935e-05
1.0967e-05
0.0000e+00
2.2173e-05
2.7180e-05
0.0000e+00
2.1935e-05
0.0000e+00
0.0000e+00
2.0981e-05
1.6928e-05
2.1458e-06
0.0000e+00
4.1008e-05
0.0000e+00
2.1935e-05
2.7895e-05
0.0000e+00
2.2173e-05
1.7881e-05
0.0000e+00
2.1935e-05
4.4107e-05
1.9073e-06
0.0000e+00
4.3869e-05
1.9073e-06
0.0000e+00
4.3869e-05
0.0000e+00
2.1935e-05
2.4080e-05
0.0000e+00
2.1935e-05
2.5034e-05
0.0000e+00
2.0981e-05
2.5034e-05
0.0000e+00
2.2173e-05
2.5034e-05
0.0000e+00
2.0981e-05
3.9101e-05
0.0000e+00
2.1935e-05
2.0981e-05
2.1458e-06
0.0000e+00
4.2915e-05
1.9073e-06
0.0000e+00
4.4107e-05
1.9073e-06
0.0000e+00
4.4107e-05
0.0000e+00
2.3127e-05
9.5367e-07
0.0000e+00
2.0981e-05
1.4067e-05
0.0000e+00
2.1935e-05
2.5034e-05
0.0000e+00
2.0981e-05
3.6001e-05
0.0000e+00
2.2173e-05
3.0041e-05
2.8610e-06
1.1921e-06
6.9141e-06
0.0000e+00
2.9087e-05
1.9073e-06
0.0000e+00
2.1935e-05
2.6941e-05
0.0000e+00
2.1935e-05
2.5034e-05
0.0000e+00
2.1935e-05
2.4080e-05
0.0000e+00
2.2173e-05
9.5367e-07
0.0000e+00
2.1935e-05
1.4067e-05
0.0000e+00
2.1935e-05
1.8120e-05
4.2915e-05
9.5367e-07
2.0027e-05
2.1458e-06
0.0000e+00
4.5061e-05
2.8610e-06
7.1526e-06
3.6955e-05
2.1458e-06
9.5367e-07
4.2915e-05
0.0000e+00
2.3127e-05
2.3842e-05
0.0000e+00
2.1935e-05
2.5034e-05
1.9073e-06
0.0000e+00
4.3869e-05
0.0000e+00
2.0981e-05
3.4809e-05
0.0000e+00
2.1935e-05
2.5988e-05
0.0000e+00
2.0981e-05
2.5988e-05
0.0000e+00
2.2173e-05
2.6941e-05
0.0000e+00
2.8133e-05
2.1935e-05
3.0994e-06
0.0000e+00
4.3869e-05
0.0000e+00
2.1935e-05
9.5367e-07
2.1458e-06
0.0000e+00
3.2902e-05
0.0000e+00
2.2173e-05
2.5988e-05
0.0000e+00
2.1935e-05
4.0054e-05
3.0994e-06
0.0000e+00
1.2875e-05
0.0000e+00
2.3127e-05
2.5988e-05
0.0000e+00
2.0981e-05
2.5988e-05
0.0000e+00
2.9087e-05
1.9073e-05
0.0000e+00
2.1935e-05
0.0000e+00
0.0000e+00
2.1219e-05
6.9141e-06
0.0000e+00
2.1935e-05
3.9101e-05
0.0000e+00
2.1935e-05
2.5988e-05
0.0000e+00
2.2173e-05
2.0027e-05
0.0000e+00
2.0981e-05
2.6941e-05
0.0000e+00
2.0981e-05
1.7881e-05
0.0000e+00
2.1935e-05
1.4067e-05
1.9073e-06
0.0000e+00
5.1975e-05
0.0000e+00
2.1935e-05
2.5034e-05
0.0000e+00
2.1935e-05
2.4796e-05
0.0000e+00
2.0981e-05
3.0041e-05
0.0000e+00
2.0981e-05
3.5048e-05
0.0000e+00
2.1935e-05
2.7180e-05
0.0000e+00
2.1935e-05
1.8120e-05
0.0000e+00
2.3127e-05
0.0000e+00
0.0000e+00
2.0981e-05
1.4067e-05
0.0000e+00
2.1935e-05
2.5988e-05
0.0000e+00
2.1935e-05
2.5034e-05
2.1458e-06
0.0000e+00
5.9605e-06
3.0994e-06
0.0000e+00
4.4107e-05
0.0000e+00
2.1935e-05
3.8147e-05
0.0000e+00
2.1935e-05
2.5034e-05
0.0000e+00
2.0981e-05
1.7881e-05
2.1458e-06
9.5367e-07
4.3869e-05
2.1458e-06
0.0000e+00
4.1962e-05
0.0000e+00
2.3127e-05
2.2888e-05
0.0000e+00
2.1935e-05
9.5367e-07
0.0000e+00
2.0981e-05
2.3127e-05
0.0000e+00
2.0981e-05
3.5048e-05
0.0000e+00
2.0981e-05
2.5988e-05
0.0000e+00
2.1935e-05
6.9141e-06
0.0000e+00
2.9087e-05
1.5020e-05
0.0000e+00
2.1935e-05
3.1948e-05
0.0000e+00
2.1935e-05
2.5988e-05
0.0000e+00
2.2173e-05
2.5034e-05
0.0000e+00
2.1935e-05
9.5367e-07
0.0000e+00
2.1935e-05
1.1921e-06
0.0000e+00
2.0981e-05
1.0967e-05
0.0000e+00
2.0981e-05
3.2902e-05
2.5988e-05
0.0000e+00
2.5988e-05
0.0000e+00
2.3127e-05
4.0531e-06
0.0000e+00
2.2173e-05
2.5988e-05
0.0000e+00
2.0981e-05
2.5034e-05
0.0000e+00
2.0981e-05
2.5988e-05
0.0000e+00
2.1935e-05
2.5034e-05
0.0000e+00
2.1935e-05
9.5367e-07
0.0000e+00
2.1219e-05
1.7881e-05
0.0000e+00
2.3127e-05
2.5988e-05
0.0000e+00
2.0981e-05
2.4080e-05
0.0000e+00
2.1935e-05
2.1935e-05
0.0000e+00
2.2173e-05
3.6955e-05
0.0000e+00
2.0981e-05
2.5988e-05
0.0000e+00
2.1935e-05
2.3127e-05
0.0000e+00
2.1935e-05
9.5367e-07
0.0000e+00
2.9087e-05
1.7881e-05
0.0000e+00
2.1935e-05
3.7909e-05
0.0000e+00
2.2173e-05
0.0000e+00
0.0000e+00
2.0981e-05
1.3113e-05
1.9073e-06
9.5367e-07
4.4107e-05
0.0000e+00
2.1935e-05
2.5988e-05
0.0000e+00
2.1935e-05
2.5988e-05
0.0000e+00
2.0981e-05
2.5034e-05
5.1975e-05
0.0000e+00
9.5367e-07
0.0000e+00
3.1948e-05
1.9073e-05
3.0994e-06
0.0000e+00
5.9605e-06
0.0000e+00
2.1935e-05
2.6941e-05
1.9073e-06
0.0000e+00
4.5061e-05
0.0000e+00
2.3127e-05
2.4796e-05
0.0000e+00
2.1935e-05
2.5034e-05
0.0000e+00
2.0981e-05
2.0981e-05
1.9073e-06
0.0000e+00
4.7922e-05
0.0000e+00
2.2173e-05
3.4809e-05
0.0000e+00
2.7895e-05
2.0027e-05
0.0000e+00
2.3127e-05
2.5034e-05
1.9073e-06
0.0000e+00
4.2915e-05
0.0000e+00
2.1935e-05
2.5034e-05
0.0000e+00
2.2173e-05
2.5034e-05
0.0000e+00
2.0981e-05
2.5988e-05
1.9073e-06
1.1921e-06
4.4823e-05
0.0000e+00
2.2173e-05
7.8678e-06
0.0000e+00
2.1935e-05
2.0981e-05
0.0000e+00
2.2173e-05
2.4080e-05
0.0000e+00
2.0981e-05
2.4080e-05
0.0000e+00
2.0981e-05
2.5034e-05
0.0000e+00
2.1935e-05
2.5034e-05
0.0000e+00
2.1219e-05
2.5034e-05
0.0000e+00
2.0981e-05
2.5988e-05
0.0000e+00
2.1935e-05
9.5367e-07
0.0000e+00
2.6941e-05
2.0027e-05
0.0000e+00
2.1935e-05
2.8133e-05
1.9073e-06
0.0000e+00
6.9141e-06
3.0994e-06
0.0000e+00
4.3869e-05
0.0000e+00
2.2173e-05
2.4080e-05
0.0000e+00
2.0981e-05
0.0000e+00
0.0000e+00
2.1935e-05
1.5020e-05
0.0000e+00
2.2173e-05
2.4796e-05
0.0000e+00
2.1935e-05
3.0994e-05
0.0000e+00
2.2173e-05
2.5988e-05
0.0000e+00
2.1935e-05
9.5367e-07
4.0531e-06
0.0000e+00
5.9605e-06
0.0000e+00
2.2888e-05
6.1989e-05
0.0000e+00
2.0981e-05
2.6941e-05
0.0000e+00
2.1935e-05
2.3127e-05
0.0000e+00
2.1935e-05
2.6941e-05
0.0000e+00
2.2173e-05
2.5034e-05
0.0000e+00
2.7895e-05
1.8835e-05
0.0000e+00
2.3127e-05
1.9073e-06
1.9073e-06
0.0000e+00
4.6968e-05
0.0000e+00
2.1935e-05
2.5988e-05
0.0000e+00
2.4080e-05
9.5367e-07
0.0000e+00
2.2173e-05
8.8215e-06
1.9073e-06
0.0000e+00
5.0068e-05
0.0000e+00
2.1935e-05
2.5034e-05
0.0000e+00
2.2173e-05
7.8678e-06
0.0000e+00
2.2888e-05
3.6001e-05
0.0000e+00
2.1935e-05
2.7180e-05
0.0000e+00
2.0981e-05
2.5034e-05
0.0000e+00
2.1935e-05
2.5034e-05
0.0000e+00
2.2173e-05
9.5367e-07
0.0000e+00
2.1935e-05
1.6928e-05
0.0000e+00
2.0981e-05
2.5034e-05
0.0000e+00
3.0994e-05
1.6928e-05
0.0000e+00
2.2173e-05
3.6955e-05
0.0000e+00
2.0981e-05
2.7180e-05
0.0000e+00
2.1935e-05
2.5988e-05
0.0000e+00
2.0981e-05
9.5367e-07
0.0000e+00
2.2173e-05
1.2875e-05
0.0000e+00
2.1219e-05
2.5034e-05
1.9073e-06
0.0000e+00
4.5061e-05
0.0000e+00
2.8133e-05
9.5367e-07
7.2002e-05
9.5367e-07
9.5367e-07
0.0000e+00
2.2888e-05
1.1921e-06
1.9073e-06
9.5367e-07
3.9101e-05
0.0000e+00
2.1935e-05
9.5367e-07
0.0000e+00
2.0981e-05
7.8917e-05
1.1921e-06
0.0000e+00
4.6968e-05
0.0000e+00
2.2173e-05
2.3842e-05
0.0000e+00
2.1935e-05
2.5034e-05
0.0000e+00
3.0041e-05
1.5020e-05
9.5367e-07
0.0000e+00
4.3154e-05
0.0000e+00
2.1935e-05
1.1921e-06
0.0000e+00
2.1935e-05
2.6941e-05
0.0000e+00
2.2173e-05
2.5988e-05
0.0000e+00
2.0981e-05
2.5034e-05
0.0000e+00
2.0981e-05
2.5034e-05
0.0000e+00
2.1219e-05
2.5034e-05
0.0000e+00
2.7895e-05
1.9073e-05
0.0000e+00
2.1935e-05
9.5367e-07
0.0000e+00
2.0981e-05
2.5034e-05
0.0000e+00
2.5034e-05
2.3842e-05
2.1458e-06
0.0000e+00
4.9114e-05
0.0000e+00
2.1935e-05
2.5988e-05
0.0000e+00
2.1935e-05
2.5988e-05
0.0000e+00
2.2173e-05
9.5367e-07
0.0000e+00
2.7895e-05
1.2875e-05
0.0000e+00
2.2173e-05
2.3842e-05
0.0000e+00
2.0981e-05
3.6001e-05
0.0000e+00
2.0981e-05
2.7180e-05
0.0000e+00
2.1935e-05
2.4080e-05
1.9073e-06
0.0000e+00
4.4107e-05
0.0000e+00
2.0981e-05
2.5034e-05
0.0000e+00
2.2173e-05
2.4080e-05
0.0000e+00
2.6941e-05
1.8120e-05
1.9073e-06
0.0000e+00
5.1975e-05
0.0000e+00
2.2888e-05
3.3140e-05
1.9073e-06
0.0000e+00
4.5061e-05
0.0000e+00
2.2173e-05
2.5988e-05
0.0000e+00
2.0981e-05
2.5034e-05
0.0000e+00
2.1935e-05
2.6941e-05
0.0000e+00
2.1935e-05
2.7180e-05
0.0000e+00
2.1935e-05
2.4080e-05
0.0000e+00
2.7895e-05
1.8120e-05
0.0000e+00
2.1935e-05
3.8147e-05
0.0000e+00
2.0981e-05
9.5367e-07
0.0000e+00
2.2173e-05
1.2875e-05
1.9073e-06
9.5367e-07
4.5061e-05
0.0000e+00
2.1935e-05
2.5034e-05
3.0994e-06
0.0000e+00
4.3869e-05
0.0000e+00
2.0981e-05
2.5034e-05
0.0000e+00
2.1935e-05
9.5367e-07
2.7895e-05
1.1921e-06
9.7752e-06
2.1458e-06
0.0000e+00
4.6015e-05
0.0000e+00
2.3127e-05
9.5367e-07
1.9073e-06
0.0000e+00
3.0994e-05
0.0000e+00
2.1935e-05
2.5034e-05
0.0000e+00
2.2173e-05
2.4796e-05
7.1526e-06
0.0000e+00
3.7909e-05
0.0000e+00
2.2888e-05
2.4080e-05
0.0000e+00
2.5034e-05
9.5367e-07
0.0000e+00
3.0041e-05
2.1935e-05
0.0000e+00
2.1935e-05
2.6941e-05
0.0000e+00
2.1935e-05
2.5988e-05
0.0000e+00
2.2888e-05
2.5034e-05
0.0000e+00
2.0981e-05
2.5988e-05
0.0000e+00
2.1935e-05
2.5034e-05
0.0000e+00
2.1935e-05
2.5988e-05
0.0000e+00
2.2173e-05
0.0000e+00
5.1022e-05
0.0000e+00
9.5367e-07
0.0000e+00
2.3127e-05
2.5034e-05
0.0000e+00
2.0981e-05
9.5367e-07
0.0000e+00
2.0981e-05
1.3828e-05
0.0000e+00
2.0981e-05
2.5034e-05
0.0000e+00
2.1935e-05
2.5034e-05
0.0000e+00
2.1935e-05
2.5034e-05
0.0000e+00
2.2173e-05
2.4796e-05
0.0000e+00
2.7895e-05
9.5367e-07
0.0000e+00
2.2173e-05
1.7881e-05
0.0000e+00
2.0981e-05
2.4796e-05
0.0000e+00
2.4796e-05
2.2173e-05
0.0000e+00
2.1935e-05
4.1962e-05
0.0000e+00
2.2173e-05
2.7895e-05
0.0000e+00
2.0981e-05
2.5988e-05
0.0000e+00
2.2173e-05
1.8120e-05
0.0000e+00
2.2888e-05
2.5034e-05
0.0000e+00
2.2173e-05
4.1962e-05
3.0994e-06
0.0000e+00
5.9605e-06
0.0000e+00
2.1935e-05
2.5034e-05
2.1458e-06
0.0000e+00
4.3869e-05
0.0000e+00
2.0981e-05
2.5034e-05
0.0000e+00
2.0981e-05
9.5367e-07
0.0000e+00
2.0981e-05
1.2875e-05
2.1458e-06
9.5367e-07
4.5061e-05
0.0000e+00
2.8849e-05
2.6941e-05
0.0000e+00
2.1935e-05
2.5988e-05
0.0000e+00
2.1935e-05
9.5367e-07
0.0000e+00
2.1935e-05
9.0599e-06
2.1458e-06
0.0000e+00
4.5061e-05
0.0000e+00
2.1935e-05
2.4080e-05
2.1458e-06
9.5367e-07
6.9141e-06
0.0000e+00
2.5034e-05
2.1935e-05
0.0000e+00
2.0981e-05
2.4080e-05
1.9073e-06
0.0000e+00
5.6028e-05
0.0000e+00
2.2173e-05
2.5034e-05
0.0000e+00
2.1935e-05
2.5988e-05
0.0000e+00
2.1935e-05
2.6226e-05
0.0000e+00
2.1935e-05
2.5034e-05
0.0000e+00
2.1935e-05
2.4080e-05
0.0000e+00
2.1935e-05
2.5034e-05
3.0994e-06
9.5367e-07
4.2915e-05
2.1458e-06
0.0000e+00
1.6212e-05
0.0000e+00
2.2888e-05
2.5034e-05
0.0000e+00
2.1935e-05
2.6226e-05
0.0000e+00
2.1935e-05
0.0000e+00
0.0000e+00
2.0981e-05
3.0041e-05
2.1458e-06
9.5367e-07
4.6968e-05
0.0000e+00
2.2173e-05
1.7881e-05
0.0000e+00
2.2173e-05
2.7180e-05
9.5367e-07
0.0000e+00
4.3154e-05
0.0000e+00
3.0994e-05
1.5974e-05
0.0000e+00
2.2173e-05
1.2875e-05
2.1458e-06
9.5367e-07
5.5075e-05
0.0000e+00
2.1935e-05
2.5988e-05
0.0000e+00
2.2173e-05
2.4080e-05
1.1921e-06
0.0000e+00
4.3869e-05
9.5367e-07
0.0000e+00
4.6015e-05
0.0000e+00
2.1935e-05
1.1921e-06
0.0000e+00
2.1935e-05
1.5020e-05
1.9073e-06
9.5367e-07
5.5075e-05
0.0000e+00
3.0041e-05
1.9073e-05
0.0000e+00
2.1935e-05
2.4080e-05
0.0000e+00
2.2173e-05
2.4796e-05
0.0000e+00
2.0981e-05
9.5367e-07
0.0000e+00
2.1935e-05
1.5020e-05
3.0994e-06
0.0000e+00
4.2915e-05
0.0000e+00
2.1935e-05
1.5974e-05
3.0994e-06
0.0000e+00
4.0054e-05
0.0000e+00
2.0981e-05
3.0994e-05
0.0000e+00
2.3127e-05
6.9141e-06
0.0000e+00
2.2173e-05
3.3140e-05
0.0000e+00
2.1935e-05
3.0994e-05
0.0000e+00
2.2173e-05
2.5034e-05
0.0000e+00
2.1935e-05
2.5988e-05
0.0000e+00
2.1935e-05
2.5034e-05
0.0000e+00
2.1219e-05
2.5034e-05
0.0000e+00
2.8849e-05
1.8120e-05
0.0000e+00
2.1935e-05
3.7193e-05
0.0000e+00
2.0981e-05
2.6941e-05
0.0000e+00
2.0981e-05
0.0000e+00
0.0000e+00
2.0981e-05
1.5020e-05
2.1458e-06
0.0000e+00
1.0014e-05
5.0068e-06
9.5367e-07
4.2915e-05
0.0000e+00
2.3127e-05
2.3842e-05
0.0000e+00
2.1935e-05
1.7166e-05
0.0000e+00
2.2888e-05
2.4080e-05
3.0994e-06
0.0000e+00
5.4836e-05
0.0000e+00
2.1935e-05
2.6941e-05
0.0000e+00
2.1935e-05
2.5034e-05
0.0000e+00
2.1935e-05
3.1948e-05
0.0000e+00
2.0981e-05
2.4080e-05
0.0000e+00
2.0981e-05
3.0994e-05
0.0000e+00
2.0981e-05
1.1921e-06
0.0000e+00
2.2888e-05
9.0599e-06
0.0000e+00
2.3127e-05
3.6001e-05
2.8610e-06
0.0000e+00
4.4107e-05
3.0994e-06
0.0000e+00
4.3869e-05
2.1458e-06
0.0000e+00
4.5061e-05
1.9073e-06
0.0000e+00
4.4107e-05
9.5367e-07
0.0000e+00
4.5061e-05
0.0000e+00
2.2173e-05
2.4796e-05
0.0000e+00
2.0981e-05
9.5367e-07
0.0000e+00
2.1935e-05
2.6941e-05
1.9073e-06
0.0000e+00
3.7909e-05
0.0000e+00
2.3127e-05
2.2888e-05
0.0000e+00
2.1935e-05
2.5034e-05
0.0000e+00
2.1219e-05
2.3842e-05
0.0000e+00
2.1935e-05
2.5034e-05
0.0000e+00
2.0981e-05
0.0000e+00
0.0000e+00
2.2173e-05
9.5367e-07
0.0000e+00
2.1935e-05
9.5367e-07
5.0068e-06
0.0000e+00
6.9141e-06
0.0000e+00
2.2888e-05
3.4094e-05
0.0000e+00
2.1935e-05
2.5988e-05
3.0994e-06
0.0000e+00
4.3869e-05
0.0000e+00
2.2173e-05
2.4080e-05
0.0000e+00
2.1935e-05
2.5034e-05
0.0000e+00
2.0981e-05
2.5034e-05
0.0000e+00
2.2173e-05
2.5988e-05
0.0000e+00
2.1935e-05
2.6941e-05
0.0000e+00
2.3127e-05
2.5034e-05
0.0000e+00
2.1935e-05
2.5988e-05
3.0994e-06
9.5367e-07
4.2915e-05
0.0000e+00
2.1935e-05
2.5034e-05
0.0000e+00
2.0981e-05
2.4080e-05
0.0000e+00
2.1935e-05
2.5034e-05
0.0000e+00
2.2173e-05
2.5034e-05
0.0000e+00
2.0981e-05
4.6015e-05
0.0000e+00
2.9087e-05
1.7881e-05
0.0000e+00
2.5034e-05
2.0981e-05
1.9073e-06
0.0000e+00
5.9605e-06
0.0000e+00
2.1935e-05
3.0994e-05
0.0000e+00
2.1935e-05
2.4796e-05
0.0000e+00
2.2173e-05
9.5367e-07
0.0000e+00
2.0981e-05
9.5367e-07
0.0000e+00
2.1219e-05
9.5367e-07
0.0000e+00
3.0994e-05
3.0041e-05
0.0000e+00
2.2888e-05
2.4080e-05
0.0000e+00
2.1935e-05
3.0994e-05
0.0000e+00
2.1935e-05
2.5034e-05
0.0000e+00
2.1935e-05
2.1935e-05
0.0000e+00
2.1935e-05
2.5988e-05
0.0000e+00
2.1935e-05
2.3842e-05
0.0000e+00
2.1935e-05
1.5020e-05
1.9073e-06
0.0000e+00
5.6028e-05
0.0000e+00
2.3127e-05
2.5034e-05
0.0000e+00
2.0981e-05
2.4080e-05
0.0000e+00
2.1935e-05
2.3127e-05
0.0000e+00
2.1935e-05
9.5367e-07
0.0000e+00
2.0981e-05
9.5367e-07
3.0994e-06
0.0000e+00
5.9605e-06
0.0000e+00
2.5034e-05
2.3127e-05
0.0000e+00
2.8849e-05
2.3127e-05
0.0000e+00
2.1935e-05
0.0000e+00
0.0000e+00
2.1935e-05
2.5034e-05
2.8610e-06
1.1921e-06
3.7909e-05
9.5367e-07
0.0000e+00
4.6015e-05
0.0000e+00
2.1935e-05
2.4080e-05
0.0000e+00
2.0981e-05
2.4080e-05
0.0000e+00
2.0981e-05
2.5034e-05
0.0000e+00
2.1935e-05
6.1989e-05
0.0000e+00
2.3127e-05
2.5988e-05
0.0000e+00
2.1935e-05
4.1962e-05
3.0994e-06
9.5367e-07
4.5061e-05
0.0000e+00
2.1935e-05
1.1921e-06
0.0000e+00
2.0981e-05
2.7895e-05
0.0000e+00
2.0981e-05
2.4796e-05
0.0000e+00
2.1935e-05
2.5034e-05
1.9073e-06
0.0000e+00
4.2915e-05
0.0000e+00
2.2888e-05
1.4067e-05
0.0000e+00
2.3127e-05
3.8862e-05
0.0000e+00
2.1935e-05
2.5988e-05
0.0000e+00
2.1935e-05
2.5988e-05
0.0000e+00
2.0981e-05
9.5367e-07
0.0000e+00
2.0981e-05
1.4067e-05
2.1458e-06
0.0000e+00
4.4107e-05
0.0000e+00
2.2888e-05
2.5988e-05
0.0000e+00
2.1935e-05
1.6928e-05
0.0000e+00
2.3127e-05
0.0000e+00
0.0000e+00
2.1935e-05
2.7180e-05
2.8610e-06
0.0000e+00
6.1989e-06
0.0000e+00
2.1935e-05
2.5034e-05
0.0000e+00
2.0981e-05
2.7180e-05
0.0000e+00
2.1935e-05
2.5988e-05
9.5367e-07
0.0000e+00
4.5061e-05
0.0000e+00
2.1935e-05
2.4080e-05
0.0000e+00
2.7895e-05
2.7895e-05
0.0000e+00
2.2173e-05
2.6941e-05
9.5367e-07
0.0000e+00
4.5061e-05
2.1458e-06
0.0000e+00
4.5061e-05
9.5367e-07
0.0000e+00
4.4107e-05
0.0000e+00
2.1935e-05
2.9802e-05
0.0000e+00
2.1935e-05
2.5988e-05
0.0000e+00
2.1935e-05
2.5034e-05
2.1458e-06
0.0000e+00
5.8889e-05
0.0000e+00
2.3127e-05
1.8120e-05
0.0000e+00
2.1935e-05
2.5034e-05
0.0000e+00
2.2173e-05
2.5988e-05
0.0000e+00
2.0981e-05
2.5988e-05
1.9073e-06
0.0000e+00
4.3869e-05
0.0000e+00
2.2173e-05
2.5988e-05
0.0000e+00
2.0981e-05
0.0000e+00
0.0000e+00
2.0981e-05
2.4796e-05
0.0000e+00
2.2173e-05
2.5988e-05
0.0000e+00
3.0041e-05
1.5974e-05
2.1458e-06
0.0000e+00
4.3869e-05
0.0000e+00
2.1935e-05
2.4080e-05
0.0000e+00
2.1935e-05
0.0000e+00
0.0000e+00
2.0981e-05
1.2875e-05
0.0000e+00
2.0981e-05
2.1935e-05
0.0000e+00
2.2173e-05
0.0000e+00
0.0000e+00
2.0981e-05
2.8133e-05
0.0000e+00
2.7895e-05
1.9073e-05
0.0000e+00
2.2888e-05
1.1921e-06
0.0000e+00
2.1935e-05
2.4080e-05
2.8610e-06
0.0000e+00
5.9605e-06
0.0000e+00
2.1935e-05
2.5034e-05
0.0000e+00
2.2173e-05
2.3842e-05
0.0000e+00
2.1935e-05
2.5988e-05
0.0000e+00
2.1935e-05
4.6968e-05
0.0000e+00
2.9087e-05
2.6941e-05
0.0000e+00
2.1935e-05
2.5034e-05
0.0000e+00
2.1935e-05
1.1921e-06
0.0000e+00
2.0981e-05
9.5367e-07
0.0000e+00
2.0981e-05
2.1458e-06
0.0000e+00
2.0981e-05
2.5034e-05
0.0000e+00
2.2173e-05
4.1962e-05
3.0994e-06
9.5367e-07
1.9073e-05
0.0000e+00
2.8849e-05
2.8133e-05
9.5367e-07
0.0000e+00
4.4823e-05
0.0000e+00
2.4796e-05
2.1935e-05
0.0000e+00
2.1935e-05
2.8133e-05
0.0000e+00
2.1935e-05
2.5988e-05
0.0000e+00
2.0981e-05
9.5367e-07
0.0000e+00
2.0981e-05
1.7166e-05
0.0000e+00
2.0981e-05
2.5988e-05
0.0000e+00
3.0041e-05
2.5988e-05
1.9073e-06
1.1921e-06
5.9843e-05
0.0000e+00
2.1935e-05
2.2888e-05
0.0000e+00
2.0981e-05
7.1049e-05
0.0000e+00
2.1935e-05
0.0000e+00
0.0000e+00
2.0981e-05
1.2875e-05
0.0000e+00
2.0981e-05
2.3842e-05
0.0000e+00
2.0981e-05
2.3842e-05
0.0000e+00
2.9087e-05
1.7166e-05
0.0000e+00
2.1935e-05
3.6001e-05
0.0000e+00
2.0981e-05
2.6941e-05
0.0000e+00
2.1935e-05
2.5988e-05
0.0000e+00
2.0981e-05
2.5988e-05
0.0000e+00
2.1935e-05
1.1921e-06
0.0000e+00
2.1935e-05
1.5974e-05
0.0000e+00
2.2173e-05
2.0027e-05
0.0000e+00
2.2888e-05
9.5367e-07
4.0531e-06
0.0000e+00
5.9605e-06
1.9073e-06
9.5367e-07
4.5061e-05
0.0000e+00
2.2173e-05
3.7909e-05
0.0000e+00
2.1935e-05
9.5367e-07
0.0000e+00
2.1935e-05
2.4080e-05
0.0000e+00
2.0981e-05
2.5988e-05
0.0000e+00
2.1219e-05
2.7180e-05
0.0000e+00
2.7895e-05
1.1921e-06
0.0000e+00
2.1935e-05
5.0068e-06
8.4162e-05
0.0000e+00
9.5367e-07
0.0000e+00
2.1935e-05
9.5367e-07
0.0000e+00
2.0981e-05
2.5034e-05
0.0000e+00
2.0981e-05
2.5034e-05
0.0000e+00
2.0981e-05
2.6226e-05
0.0000e+00
2.1935e-05
2.5034e-05
0.0000e+00
2.1935e-05
9.5367e-07
0.0000e+00
2.1935e-05
8.1062e-06
0.0000e+00
2.1935e-05
2.5988e-05
1.9073e-06
0.0000e+00
5.7936e-05
0.0000e+00
2.1935e-05
2.8133e-05
0.0000e+00
2.1935e-05
2.5988e-05
0.0000e+00
2.1935e-05
2.5988e-05
0.0000e+00
2.0981e-05
2.5034e-05
0.0000e+00
2.1935e-05
1.7881e-05
2.1458e-06
0.0000e+00
4.3869e-05
0.0000e+00
2.3127e-05
2.2888e-05
0.0000e+00
2.2173e-05
3.7909e-05
2.1458e-06
0.0000e+00
4.2915e-05
0.0000e+00
2.1935e-05
2.4080e-05
0.0000e+00
2.0981e-05
2.5034e-05
3.0994e-06
0.0000e+00
6.9141e-06
0.0000e+00
2.2173e-05
2.6226e-05
0.0000e+00
2.0981e-05
2.0981e-05
0.0000e+00
2.2173e-05
1.1921e-06
0.0000e+00
2.0981e-05
2.4080e-05
0.0000e+00
2.0981e-05
2.6941e-05
1.9073e-06
9.5367e-07
4.4107e-05
0.0000e+00
2.5988e-05
2.0027e-05
0.0000e+00
2.2173e-05
9.5367e-07
0.0000e+00
2.1935e-05
1.8120e-05
0.0000e+00
2.0981e-05
9.5367e-07
0.0000e+00
2.1935e-05
1.5020e-05
0.0000e+00
2.0981e-05
2.5988e-05
0.0000e+00
2.0981e-05
3.8862e-05
0.0000e+00
2.1219e-05
2.6941e-05
1.9073e-06
0.0000e+00
4.2915e-05
0.0000e+00
2.2173e-05
9.5367e-07
1.9073e-06
1.1921e-06
3.3140e-05
0.0000e+00
2.1935e-05
3.6001e-05
0.0000e+00
2.8849e-05
1.9073e-05
0.0000e+00
2.1935e-05
8.1062e-06
3.0041e-05
0.0000e+00
1.6928e-05
0.0000e+00
2.3127e-05
3.1948e-05
3.6001e-05
0.0000e+00
2.2888e-05
3.0994e-06
0.0000e+00
4.3869e-05
0.0000e+00
2.1219e-05
9.5367e-07
0.0000e+00
2.1935e-05
2.7180e-05
0.0000e+00
2.0981e-05
2.6941e-05
0.0000e+00
2.2173e-05
2.3127e-05
0.0000e+00
2.2888e-05
5.9605e-06
0.0000e+00
2.1935e-05
2.5988e-05
0.0000e+00
2.1935e-05
2.4080e-05
0.0000e+00
2.1935e-05
3.7193e-05
0.0000e+00
2.0981e-05
2.6941e-05
0.0000e+00
2.1219e-05
9.5367e-07
0.0000e+00
2.1935e-05
1.6928e-05
0.0000e+00
3.0041e-05
2.0027e-05
0.0000e+00
2.2173e-05
1.5020e-05
1.9073e-06
9.5367e-07
4.6015e-05
2.1458e-06
9.5367e-07
4.5061e-05
0.0000e+00
2.1935e-05
2.5034e-05
0.0000e+00
2.0981e-05
3.6001e-05
0.0000e+00
2.2173e-05
2.7895e-05
0.0000e+00
2.1935e-05
2.5988e-05
0.0000e+00
2.1935e-05
2.0027e-05
0.0000e+00
2.2888e-05
2.4080e-05
0.0000e+00
2.1935e-05
2.5034e-05
0.0000e+00
2.2173e-05
9.5367e-07
0.0000e+00
2.1935e-05
1.5974e-05
0.0000e+00
2.0981e-05
3.6001e-05
0.0000e+00
2.0981e-05
2.5988e-05
1.9073e-06
0.0000e+00
4.4107e-05
0.0000e+00
2.1935e-05
9.5367e-07
0.0000e+00
2.3127e-05
9.5367e-07
0.0000e+00
2.1935e-05
1.0967e-05
0.0000e+00
2.0981e-05
9.5367e-07
0.0000e+00
2.1935e-05
5.1975e-05
0.0000e+00
2.0981e-05
2.6941e-05
0.0000e+00
2.1935e-05
3.6001e-05
0.0000e+00
2.1935e-05
7.8678e-06
0.0000e+00
2.6941e-05
2.1935e-05
2.1458e-06
0.0000e+00
4.5061e-05
0.0000e+00
2.2888e-05
2.4080e-05
8.1062e-06
0.0000e+00
3.6955e-05
0.0000e+00
2.2173e-05
2.3842e-05
0.0000e+00
2.1935e-05
2.4080e-05
0.0000e+00
2.1935e-05
2.5988e-05
0.0000e+00
2.2173e-05
4.1008e-05
0.0000e+00
2.1935e-05
2.5988e-05
0.0000e+00
3.5048e-05
1.4067e-05
0.0000e+00
2.1935e-05
2.5034e-05
0.0000e+00
2.0981e-05
2.5988e-05
2.8610e-06
9.5367e-07
1.5020e-05
0.0000e+00
2.2173e-05
2.1935e-05
0.0000e+00
2.0981e-05
2.0981e-05
0.0000e+00
2.1935e-05
2.8133e-05
1.9073e-06
9.5367e-07
3.9101e-05
0.0000e+00
2.0981e-05
2.5988e-05
1.9073e-06
0.0000e+00
4.0770e-05
0.0000e+00
2.2888e-05
2.5988e-05
0.0000e+00
2.2173e-05
2.4796e-05
0.0000e+00
2.1935e-05
2.4080e-05
0.0000e+00
2.1935e-05
9.5367e-07
0.0000e+00
2.0981e-05
1.2875e-05
0.0000e+00
2.0981e-05
1.5020e-05
0.0000e+00
2.0981e-05
3.1948e-05
0.0000e+00
2.3127e-05
2.5034e-05
0.0000e+00
2.1935e-05
2.8133e-05
0.0000e+00
2.1935e-05
1.0014e-05
0.0000e+00
2.2173e-05
2.6941e-05
0.0000e+00
2.0981e-05
2.5034e-05
0.0000e+00
2.1219e-05
2.5034e-05
1.9073e-06
9.5367e-07
4.4107e-05
0.0000e+00
2.1935e-05
3.2902e-05
1.1921e-06
0.0000e+00
4.6015e-05
0.0000e+00
2.2888e-05
1.1921e-06
4.0531e-06
9.5367e-07
2.1935e-05
0.0000e+00
2.3127e-05
3.2902e-05
0.0000e+00
2.0981e-05
2.6941e-05
0.0000e+00
2.0981e-05
2.5034e-05
2.1458e-06
9.5367e-07
4.3869e-05
0.0000e+00
2.1935e-05
2.5034e-05
1.9073e-06
0.0000e+00
4.4107e-05
1.9073e-06
0.0000e+00
5.6982e-05
0.0000e+00
2.8849e-05
1.7881e-05
0.0000e+00
2.2173e-05
2.4796e-05
0.0000e+00
2.1935e-05
2.9087e-05
0.0000e+00
2.1935e-05
2.6941e-05
0.0000e+00
2.0981e-05
2.5034e-05
0.0000e+00
2.2173e-05
2.5034e-05
1.9073e-06
9.5367e-07
5.7220e-05
0.0000e+00
2.1935e-05
2.5988e-05
0.0000e+00
2.9087e-05
1.8120e-05
0.0000e+00
2.0981e-05
9.5367e-07
0.0000e+00
2.0981e-05
1.4067e-05
0.0000e+00
2.2173e-05
9.5367e-07
1.9073e-06
1.1921e-06
3.1948e-05
0.0000e+00
2.2888e-05
1.0014e-05
0.0000e+00
2.2173e-05
2.6941e-05
0.0000e+00
2.1935e-05
3.6001e-05
0.0000e+00
2.6941e-05
2.2173e-05
1.9073e-06
0.0000e+00
4.4107e-05
0.0000e+00
2.1935e-05
9.5367e-07
1.9073e-06
9.5367e-07
3.6001e-05
0.0000e+00
2.2173e-05
2.4080e-05
0.0000e+00
2.1935e-05
2.5034e-05
3.2902e-05
0.0000e+00
1.2159e-05
0.0000e+00
2.2888e-05
2.3127e-05
0.0000e+00
2.0981e-05
3.8147e-05
0.0000e+00
2.0981e-05
2.0027e-05
0.0000e+00
2.1935e-05
2.5034e-05
0.0000e+00
2.1935e-05
2.5988e-05
0.0000e+00
2.1935e-05
2.4796e-05
2.1458e-06
9.5367e-07
4.4107e-05
0.0000e+00
2.1935e-05
2.5034e-05
0.0000e+00
2.1935e-05
2.4080e-05
0.0000e+00
2.1935e-05
3.9101e-05
0.0000e+00
2.1935e-05
1.7881e-05
4.0531e-06
9.5367e-07
4.1962e-05
0.0000e+00
2.3127e-05
2.2888e-05
1.9073e-06
9.5367e-07
4.4107e-05
0.0000e+00
2.1935e-05
2.4080e-05
1.9073e-06
0.0000e+00
4.3869e-05
0.0000e+00
2.2173e-05
3.3855e-05
0.0000e+00
2.0981e-05
1.1921e-06
0.0000e+00
2.1935e-05
1.0967e-05
0.0000e+00
2.1935e-05
9.5367e-07
1.9073e-06
0.0000e+00
3.0041e-05
0.0000e+00
2.2888e-05
2.4080e-05
0.0000e+00
2.0981e-05
2.5034e-05
0.0000e+00
2.0981e-05
3.0994e-05
0.0000e+00
2.1935e-05
2.5034e-05
0.0000e+00
2.1935e-05
3.8147e-05
0.0000e+00
2.1935e-05
2.6941e-05
0.0000e+00
2.1219e-05
1.1921e-05
0.0000e+00
2.3127e-05
2.3842e-05
0.0000e+00
2.0981e-05
2.5034e-05
0.0000e+00
2.0981e-05
2.4080e-05
0.0000e+00
2.1935e-05
9.5367e-07
0.0000e+00
2.1935e-05
1.2875e-05
2.1458e-06
0.0000e+00
5.2929e-05
0.0000e+00
2.1935e-05
2.6941e-05
0.0000e+00
2.1935e-05
2.0027e-05
0.0000e+00
2.2888e-05
2.4080e-05
3.0994e-06
9.5367e-07
4.2915e-05
0.0000e+00
2.3127e-05
1.1921e-06
0.0000e+00
2.0981e-05
1.5974e-05
0.0000e+00
2.2173e-05
9.5367e-07
0.0000e+00
2.0981e-05
1.3113e-05
0.0000e+00
2.1935e-05
3.7909e-05
3.0994e-06
0.0000e+00
5.9605e-06
1.9073e-06
9.5367e-07
4.5061e-05
0.0000e+00
3.0994e-05
1.6928e-05
0.0000e+00
2.0981e-05
2.5034e-05
0.0000e+00
2.1935e-05
2.4080e-05
0.0000e+00
2.1935e-05
2.5034e-05
1.9073e-06
1.1921e-06
4.4823e-05
3.0994e-06
0.0000e+00
5.6028e-05
0.0000e+00
2.2173e-05
3.0994e-05
0.0000e+00
2.1935e-05
2.5034e-05
0.0000e+00
2.0981e-05
1.8120e-05
1.9073e-06
0.0000e+00
4.3154e-05
0.0000e+00
2.1935e-05
2.3127e-05
0.0000e+00
2.1935e-05
0.0000e+00
1.9073e-06
0.0000e+00
3.9101e-05
0.0000e+00
2.5034e-05
5.6878e-02
