3.6609e-03
1.5020e-05
0.0000e+00
7.1049e-05
1.9073e-06
0.0000e+00
4.1008e-05
9.5367e-07
0.0000e+00
4.6968e-05
9.5367e-07
0.0000e+00
3.7909e-05
9.5367e-07
2.8849e-05
0.0000e+00
9.5367e-07
0.0000e+00
3.8147e-05
9.5367e-07
0.0000e+00
3.8147e-05
9.5367e-07
0.0000e+00
4.0054e-05
2.1458e-06
0.0000e+00
3.7909e-05
9.5367e-07
0.0000e+00
3.7193e-05
9.5367e-07
0.0000e+00
3.6955e-05
1.9073e-06
0.0000e+00
3.8147e-05
9.5367e-07
0.0000e+00
3.8147e-05
1.9073e-06
4.0531e-06
0.0000e+00
2.1458e-06
0.0000e+00
3.7909e-05
9.5367e-07
0.0000e+00
3.6955e-05
1.1921e-06
0.0000e+00
3.9101e-05
9.5367e-07
0.0000e+00
3.7909e-05
9.5367e-07
0.0000e+00
3.8147e-05
9.5367e-07
3.5048e-05
0.0000e+00
1.1921e-06
0.0000e+00
4.0054e-05
9.5367e-07
3.0994e-06
9.5367e-07
1.1921e-06
0.0000e+00
3.8862e-05
1.1921e-06
0.0000e+00
3.8862e-05
2.1458e-06
0.0000e+00
4.7922e-05
2.1458e-06
0.0000e+00
3.6955e-05
1.9073e-06
0.0000e+00
3.6955e-05
1.9073e-06
0.0000e+00
3.6955e-05
9.5367e-07
0.0000e+00
3.6955e-05
1.1921e-06
8.3923e-05
9.5367e-07
9.5367e-07
3.5048e-05
0.0000e+00
9.5367e-07
0.0000e+00
3.8862e-05
1.1921e-06
0.0000e+00
3.8862e-05
2.1458e-06
0.0000e+00
4.6968e-05
9.5367e-07
7.8678e-06
0.0000e+00
1.1921e-06
4.6968e-05
0.0000e+00
9.5367e-07
0.0000e+00
3.7909e-05
9.5367e-07
0.0000e+00
4.1962e-05
9.5367e-07
0.0000e+00
3.8147e-05
9.5367e-07
0.0000e+00
3.9101e-05
9.5367e-07
0.0000e+00
3.6955e-05
9.5367e-07
0.0000e+00
3.8862e-05
1.9073e-06
0.0000e+00
3.9101e-05
9.5367e-07
0.0000e+00
3.7909e-05
9.5367e-07
0.0000e+00
3.7909e-05
9.5367e-07
0.0000e+00
3.7909e-05
9.5367e-07
1.0967e-05
0.0000e+00
9.5367e-07
0.0000e+00
3.6955e-05
9.5367e-07
0.0000e+00
3.6955e-05
9.5367e-07
4.0531e-06
0.0000e+00
2.1458e-06
0.0000e+00
4.5061e-05
1.9073e-06
4.6968e-05
0.0000e+00
1.9073e-06
0.0000e+00
3.8147e-05
9.5367e-07
2.6941e-05
0.0000e+00
9.5367e-07
0.0000e+00
3.9101e-05
9.5367e-07
0.0000e+00
3.8147e-05
9.5367e-07
0.0000e+00
3.7909e-05
9.5367e-07
6.9141e-06
0.0000e+00
9.5367e-07
0.0000e+00
3.9101e-05
1.9073e-06
7.1526e-06
9.5367e-07
2.1458e-06
6.8903e-05
1.1921e-06
2.1458e-06
0.0000e+00
4.0054e-05
9.5367e-07
0.0000e+00
3.9101e-05
9.5367e-07
0.0000e+00
3.9101e-05
9.5367e-07
0.0000e+00
3.8147e-05
9.5367e-07
0.0000e+00
3.7193e-05
9.5367e-07
0.0000e+00
3.7193e-05
9.5367e-07
3.0994e-06
9.5367e-07
1.9073e-06
6.4135e-05
0.0000e+00
9.5367e-07
2.2888e-05
9.5367e-07
1.1921e-06
0.0000e+00
3.7909e-05
9.5367e-07
0.0000e+00
3.6001e-05
9.5367e-07
0.0000e+00
3.6955e-05
9.5367e-07
4.6968e-05
0.0000e+00
9.5367e-07
0.0000e+00
3.7909e-05
9.5367e-07
0.0000e+00
3.8862e-05
9.5367e-07
0.0000e+00
3.6955e-05
9.5367e-07
0.0000e+00
5.6982e-05
9.5367e-07
2.8610e-06
0.0000e+00
1.1921e-06
5.1022e-05
9.5367e-07
9.5367e-07
0.0000e+00
3.8862e-05
2.1458e-06
0.0000e+00
3.7909e-05
9.5367e-07
0.0000e+00
5.2929e-05
2.1458e-06
0.0000e+00
4.4107e-05
9.5367e-07
1.0014e-05
1.1921e-06
9.5367e-07
1.7881e-05
0.0000e+00
1.9073e-06
0.0000e+00
4.0054e-05
9.5367e-07
0.0000e+00
5.5075e-05
9.5367e-07
0.0000e+00
4.0054e-05
9.5367e-07
0.0000e+00
3.7193e-05
9.5367e-07
0.0000e+00
3.7909e-05
9.5367e-07
0.0000e+00
3.7909e-05
1.1921e-06
0.0000e+00
3.6955e-05
9.5367e-07
0.0000e+00
3.6001e-05
9.5367e-07
0.0000e+00
3.9101e-05
2.1458e-06
6.9141e-06
9.5367e-07
9.5367e-07
0.0000e+00
3.9101e-05
9.5367e-07
0.0000e+00
3.8147e-05
9.5367e-07
0.0000e+00
3.6955e-05
2.1458e-06
0.0000e+00
3.6001e-05
9.5367e-07
6.1035e-05
0.0000e+00
9.5367e-07
0.0000e+00
3.7909e-05
1.1921e-06
8.6069e-05
0.0000e+00
9.5367e-07
3.0994e-06
9.5367e-07
1.1921e-06
0.0000e+00
3.7909e-05
9.5367e-07
0.0000e+00
3.9101e-05
9.5367e-07
0.0000e+00
3.8147e-05
9.5367e-07
0.0000e+00
3.7193e-05
9.5367e-07
0.0000e+00
3.8147e-05
9.5367e-07
0.0000e+00
3.8147e-05
9.5367e-07
0.0000e+00
3.8147e-05
1.1921e-06
0.0000e+00
3.6955e-05
9.5367e-07
0.0000e+00
4.6968e-05
9.5367e-07
0.0000e+00
3.7909e-05
9.5367e-07
0.0000e+00
3.7909e-05
9.5367e-07
1.9073e-05
9.5367e-07
9.5367e-07
0.0000e+00
3.7909e-05
9.5367e-07
0.0000e+00
3.9101e-05
9.5367e-07
0.0000e+00
3.6955e-05
1.1921e-06
2.5034e-05
9.5367e-07
9.5367e-07
3.9101e-05
0.0000e+00
9.5367e-07
0.0000e+00
5.4836e-05
1.1921e-06
0.0000e+00
3.8862e-05
9.5367e-07
0.0000e+00
3.9101e-05
9.5367e-07
0.0000e+00
3.9101e-05
9.5367e-07
0.0000e+00
3.7909e-05
9.5367e-07
0.0000e+00
3.7909e-05
9.5367e-07
3.4094e-05
0.0000e+00
9.5367e-07
2.0027e-05
0.0000e+00
9.5367e-07
3.6001e-05
0.0000e+00
9.5367e-07
3.6001e-05
9.5367e-07
9.5367e-07
0.0000e+00
4.6015e-05
1.1921e-06
0.0000e+00
3.7909e-05
9.5367e-07
0.0000e+00
3.6955e-05
9.5367e-07
2.8849e-05
0.0000e+00
9.5367e-07
0.0000e+00
3.6955e-05
2.1458e-06
5.2929e-05
9.5367e-07
1.1921e-06
5.0068e-06
0.0000e+00
9.5367e-07
0.0000e+00
3.7909e-05
9.5367e-07
0.0000e+00
3.8147e-05
9.5367e-07
0.0000e+00
4.6968e-05
1.1921e-06
0.0000e+00
4.1008e-05
2.1458e-06
0.0000e+00
3.7909e-05
9.5367e-07
0.0000e+00
3.6955e-05
1.9073e-06
0.0000e+00
3.6001e-05
1.1921e-06
0.0000e+00
3.6001e-05
9.5367e-07
1.8120e-05
0.0000e+00
9.5367e-07
0.0000e+00
3.8147e-05
9.5367e-07
0.0000e+00
5.0068e-05
9.5367e-07
6.0797e-05
9.5367e-07
9.5367e-07
0.0000e+00
3.9101e-05
9.5367e-07
0.0000e+00
3.8147e-05
9.5367e-07
0.0000e+00
3.7909e-05
9.5367e-07
0.0000e+00
3.8147e-05
1.9073e-06
0.0000e+00
3.6955e-05
2.1458e-06
0.0000e+00
3.7909e-05
9.5367e-07
0.0000e+00
4.6015e-05
9.5367e-07
0.0000e+00
3.7193e-05
9.5367e-07
0.0000e+00
3.7193e-05
9.5367e-07
5.9605e-06
1.1921e-06
9.5367e-07
0.0000e+00
3.7909e-05
9.5367e-07
0.0000e+00
4.1008e-05
9.5367e-07
0.0000e+00
3.8147e-05
9.5367e-07
0.0000e+00
3.6001e-05
9.5367e-07
4.9829e-05
1.1921e-06
9.5367e-07
4.1962e-05
0.0000e+00
9.5367e-07
0.0000e+00
3.6955e-05
9.5367e-07
0.0000e+00
3.7193e-05
9.5367e-07
0.0000e+00
3.7909e-05
1.1921e-06
1.5974e-05
0.0000e+00
9.5367e-07
1.9073e-06
0.0000e+00
2.1458e-06
7.3910e-05
0.0000e+00
1.1921e-06
0.0000e+00
3.6955e-05
1.1921e-06
0.0000e+00
3.7909e-05
1.9073e-06
0.0000e+00
3.6955e-05
1.9073e-06
1.0014e-05
1.1921e-06
9.5367e-07
0.0000e+00
3.7909e-05
9.5367e-07
4.8876e-05
0.0000e+00
9.5367e-07
0.0000e+00
3.8147e-05
9.5367e-07
0.0000e+00
3.6001e-05
9.5367e-07
0.0000e+00
3.6955e-05
9.5367e-07
0.0000e+00
3.7193e-05
9.5367e-07
3.0994e-06
0.0000e+00
9.5367e-07
0.0000e+00
3.6955e-05
2.1458e-06
0.0000e+00
3.9101e-05
9.5367e-07
0.0000e+00
3.8147e-05
9.5367e-07
0.0000e+00
3.6955e-05
9.5367e-07
0.0000e+00
3.7909e-05
9.5367e-07
0.0000e+00
3.6955e-05
1.1921e-06
0.0000e+00
3.6955e-05
1.1921e-06
2.8849e-05
9.5367e-07
9.5367e-07
0.0000e+00
3.6955e-05
9.5367e-07
0.0000e+00
4.7922e-05
2.1458e-06
6.9141e-06
9.5367e-07
9.5367e-07
0.0000e+00
4.4107e-05
9.5367e-07
0.0000e+00
3.6955e-05
9.5367e-07
0.0000e+00
3.7909e-05
1.1921e-06
5.6028e-05
0.0000e+00
9.5367e-07
0.0000e+00
3.8862e-05
9.5367e-07
1.6928e-05
9.5367e-07
1.1921e-06
0.0000e+00
3.8862e-05
9.5367e-07
0.0000e+00
5.1975e-05
9.5367e-07
0.0000e+00
3.7909e-05
9.5367e-07
0.0000e+00
3.7909e-05
9.5367e-07
0.0000e+00
3.7909e-05
9.5367e-07
0.0000e+00
3.7909e-05
9.5367e-07
6.1989e-06
0.0000e+00
9.5367e-07
0.0000e+00
3.9101e-05
1.9073e-06
4.9114e-05
0.0000e+00
9.5367e-07
0.0000e+00
3.8862e-05
9.5367e-07
0.0000e+00
3.6955e-05
1.1921e-06
0.0000e+00
3.6955e-05
9.5367e-07
0.0000e+00
3.6001e-05
9.5367e-07
3.6001e-05
9.5367e-07
9.5367e-07
0.0000e+00
3.6955e-05
9.5367e-07
0.0000e+00
3.7193e-05
9.5367e-07
0.0000e+00
3.6001e-05
9.5367e-07
0.0000e+00
3.6955e-05
2.1458e-06
0.0000e+00
3.9101e-05
9.5367e-07
1.8120e-05
9.5367e-07
9.5367e-07
0.0000e+00
3.6955e-05
9.5367e-07
0.0000e+00
4.3154e-05
1.9073e-06
0.0000e+00
3.8147e-05
9.5367e-07
0.0000e+00
3.6955e-05
1.1921e-06
3.7909e-05
0.0000e+00
2.1458e-06
0.0000e+00
3.6955e-05
9.5367e-07
0.0000e+00
4.7922e-05
9.5367e-07
6.1989e-06
9.5367e-07
9.5367e-07
0.0000e+00
3.7909e-05
9.5367e-07
0.0000e+00
3.7193e-05
9.5367e-07
3.8147e-05
0.0000e+00
9.5367e-07
4.1962e-05
9.5367e-07
1.9073e-06
0.0000e+00
3.8147e-05
9.5367e-07
5.0068e-06
0.0000e+00
9.5367e-07
0.0000e+00
3.7193e-05
9.5367e-07
0.0000e+00
3.6001e-05
1.1921e-06
0.0000e+00
4.6015e-05
9.5367e-07
0.0000e+00
3.7193e-05
9.5367e-07
0.0000e+00
3.6955e-05
1.1921e-06
0.0000e+00
3.6001e-05
9.5367e-07
0.0000e+00
3.6001e-05
9.5367e-07
0.0000e+00
4.0770e-05
9.5367e-07
0.0000e+00
3.6955e-05
1.1921e-06
0.0000e+00
3.7909e-05
9.5367e-07
0.0000e+00
3.6955e-05
9.5367e-07
0.0000e+00
3.7193e-05
9.5367e-07
0.0000e+00
3.6955e-05
1.1921e-06
6.9141e-06
9.5367e-07
2.1458e-06
0.0000e+00
3.6955e-05
9.5367e-07
0.0000e+00
3.7909e-05
9.5367e-07
0.0000e+00
3.6955e-05
9.5367e-07
3.1948e-05
0.0000e+00
9.5367e-07
4.0054e-05
0.0000e+00
1.9073e-06
0.0000e+00
3.8147e-05
9.5367e-07
0.0000e+00
3.7193e-05
9.5367e-07
0.0000e+00
3.6955e-05
9.5367e-07
7.8917e-05
9.5367e-07
9.5367e-07
0.0000e+00
3.7909e-05
1.1921e-06
0.0000e+00
3.7909e-05
9.5367e-07
0.0000e+00
3.8147e-05
9.5367e-07
0.0000e+00
3.0041e-05
1.9073e-06
0.0000e+00
2.3127e-05
0.0000e+00
0.0000e+00
2.1935e-05
9.5367e-07
0.0000e+00
2.0981e-05
9.5367e-07
0.0000e+00
2.0981e-05
0.0000e+00
7.3195e-05
0.0000e+00
9.5367e-07
0.0000e+00
2.1935e-05
1.1921e-06
0.0000e+00
2.1935e-05
9.5367e-07
0.0000e+00
2.2173e-05
9.5367e-07
0.0000e+00
2.2173e-05
9.5367e-07
0.0000e+00
2.2173e-05
9.5367e-07
2.1696e-04
0.0000e+00
1.1921e-06
0.0000e+00
2.2888e-05
9.5367e-07
0.0000e+00
2.2173e-05
0.0000e+00
0.0000e+00
2.1935e-05
1.1921e-06
1.1301e-04
0.0000e+00
9.5367e-07
0.0000e+00
2.2173e-05
9.5367e-07
0.0000e+00
2.1935e-05
1.9073e-06
7.8678e-06
0.0000e+00
0.0000e+00
0.0000e+00
2.2888e-05
0.0000e+00
0.0000e+00
2.0981e-05
9.5367e-07
1.9598e-04
0.0000e+00
9.5367e-07
0.0000e+00
2.2888e-05
1.1921e-06
0.0000e+00
2.0981e-05
0.0000e+00
5.0068e-05
9.5367e-07
0.0000e+00
0.0000e+00
2.2173e-05
9.5367e-07
0.0000e+00
2.1935e-05
9.5367e-07
0.0000e+00
2.2173e-05
9.5367e-07
0.0000e+00
2.0981e-05
9.5367e-07
1.0610e-04
0.0000e+00
9.5367e-07
0.0000e+00
2.1935e-05
9.5367e-07
0.0000e+00
2.0981e-05
9.5367e-07
5.8889e-05
0.0000e+00
1.1921e-06
0.0000e+00
2.2888e-05
9.5367e-07
8.2016e-05
1.1921e-06
9.5367e-07
0.0000e+00
2.1935e-05
9.5367e-07
0.0000e+00
2.2888e-05
9.5367e-07
9.3937e-05
0.0000e+00
9.5367e-07
0.0000e+00
2.3127e-05
9.5367e-07
0.0000e+00
2.0981e-05
0.0000e+00
0.0000e+00
2.1935e-05
1.1921e-06
0.0000e+00
2.1935e-05
9.5367e-07
1.1516e-04
9.5367e-07
9.5367e-07
0.0000e+00
2.1935e-05
1.1921e-06
0.0000e+00
3.0994e-05
9.5367e-07
4.4107e-05
9.5367e-07
0.0000e+00
0.0000e+00
2.2173e-05
0.0000e+00
0.0000e+00
2.1935e-05
9.5367e-07
0.0000e+00
2.0981e-05
9.5367e-07
1.0490e-04
0.0000e+00
0.0000e+00
0.0000e+00
2.2888e-05
1.1921e-06
0.0000e+00
2.0981e-05
9.5367e-07
6.1035e-05
9.5367e-07
9.5367e-07
0.0000e+00
3.2187e-05
9.5367e-07
0.0000e+00
2.1935e-05
1.1921e-06
1.2803e-04
0.0000e+00
9.5367e-07
0.0000e+00
2.1935e-05
1.1921e-06
0.0000e+00
2.0981e-05
0.0000e+00
0.0000e+00
2.1935e-05
1.1921e-06
0.0000e+00
2.0981e-05
0.0000e+00
0.0000e+00
2.0981e-05
9.5367e-07
0.0000e+00
2.1935e-05
9.5367e-07
0.0000e+00
2.6226e-05
9.5367e-07
1.3590e-04
0.0000e+00
9.5367e-07
0.0000e+00
2.1935e-05
0.0000e+00
4.7684e-06
0.0000e+00
0.0000e+00
0.0000e+00
2.0981e-05
9.5367e-07
0.0000e+00
2.2173e-05
9.5367e-07
0.0000e+00
2.0981e-05
9.5367e-07
0.0000e+00
2.0981e-05
9.5367e-07
2.0790e-04
0.0000e+00
9.5367e-07
0.0000e+00
2.3127e-05
9.5367e-07
0.0000e+00
2.0981e-05
9.5367e-07
0.0000e+00
2.2173e-05
9.5367e-07
1.1206e-04
9.5367e-07
0.0000e+00
0.0000e+00
2.3127e-05
0.0000e+00
0.0000e+00
2.0981e-05
1.1921e-06
2.5988e-05
0.0000e+00
9.5367e-07
0.0000e+00
2.1935e-05
1.1921e-06
3.0041e-05
0.0000e+00
9.5367e-07
1.0610e-04
0.0000e+00
9.5367e-07
2.1458e-06
0.0000e+00
9.5367e-07
0.0000e+00
2.4080e-05
9.5367e-07
0.0000e+00
2.0981e-05
9.5367e-07
0.0000e+00
2.1935e-05
1.1921e-06
0.0000e+00
2.0981e-05
0.0000e+00
0.0000e+00
2.0981e-05
0.0000e+00
1.7405e-04
0.0000e+00
9.5367e-07
4.2915e-05
0.0000e+00
9.5367e-07
0.0000e+00
2.1935e-05
9.5367e-07
0.0000e+00
2.1935e-05
1.1921e-06
0.0000e+00
2.0981e-05
0.0000e+00
0.0000e+00
2.0981e-05
9.5367e-07
0.0000e+00
2.0981e-05
9.5367e-07
0.0000e+00
2.1935e-05
1.1921e-06
0.0000e+00
2.0981e-05
9.5367e-07
0.0000e+00
2.0981e-05
1.1921e-06
0.0000e+00
2.7895e-05
9.5367e-07
0.0000e+00
2.2173e-05
0.0000e+00
0.0000e+00
2.1935e-05
1.1921e-06
0.0000e+00
2.1935e-05
9.5367e-07
2.5201e-04
0.0000e+00
1.1921e-06
0.0000e+00
2.2888e-05
9.5367e-07
0.0000e+00
2.0981e-05
0.0000e+00
0.0000e+00
2.1935e-05
9.5367e-07
0.0000e+00
2.9087e-05
9.5367e-07
0.0000e+00
2.1935e-05
9.5367e-07
0.0000e+00
2.1935e-05
0.0000e+00
0.0000e+00
2.0981e-05
9.5367e-07
0.0000e+00
2.2173e-05
9.5367e-07
0.0000e+00
2.1935e-05
9.5367e-07
0.0000e+00
2.0981e-05
9.5367e-07
0.0000e+00
2.2173e-05
9.5367e-07
0.0000e+00
2.2888e-05
1.1921e-06
0.0000e+00
2.1935e-05
9.5367e-07
0.0000e+00
2.0981e-05
9.5367e-07
0.0000e+00
2.0981e-05
0.0000e+00
0.0000e+00
2.0981e-05
1.1921e-06
0.0000e+00
2.1935e-05
1.9073e-06
9.9611e-04
0.0000e+00
9.5367e-07
0.0000e+00
2.3127e-05
9.5367e-07
0.0000e+00
2.1935e-05
0.0000e+00
0.0000e+00
2.0981e-05
9.5367e-07
0.0000e+00
2.1935e-05
0.0000e+00
0.0000e+00
2.0981e-05
0.0000e+00
0.0000e+00
2.0981e-05
0.0000e+00
0.0000e+00
2.0981e-05
1.1921e-06
0.0000e+00
2.1935e-05
0.0000e+00
0.0000e+00
2.5988e-05
9.5367e-07
2.0289e-04
0.0000e+00
0.0000e+00
0.0000e+00
2.2888e-05
1.1921e-06
0.0000e+00
2.0981e-05
0.0000e+00
0.0000e+00
2.0981e-05
9.5367e-07
0.0000e+00
2.0981e-05
9.5367e-07
0.0000e+00
2.1935e-05
9.5367e-07
0.0000e+00
2.0981e-05
0.0000e+00
1.4591e-04
0.0000e+00
1.1921e-06
0.0000e+00
3.0041e-05
9.5367e-07
0.0000e+00
2.1935e-05
1.1921e-06
7.2002e-05
0.0000e+00
0.0000e+00
4.0054e-05
9.5367e-07
9.5367e-07
0.0000e+00
2.2173e-05
9.5367e-07
0.0000e+00
2.1935e-05
0.0000e+00
0.0000e+00
2.0981e-05
9.5367e-07
0.0000e+00
2.0981e-05
0.0000e+00
0.0000e+00
2.0981e-05
9.5367e-07
1.6713e-04
0.0000e+00
9.5367e-07
3.0994e-06
0.0000e+00
0.0000e+00
0.0000e+00
2.3127e-05
9.5367e-07
1.1897e-04
0.0000e+00
9.5367e-07
2.8610e-06
0.0000e+00
0.0000e+00
4.6015e-05
0.0000e+00
9.5367e-07
0.0000e+00
2.3127e-05
9.5367e-07
0.0000e+00
2.0981e-05
1.1921e-06
0.0000e+00
2.1935e-05
9.5367e-07
0.0000e+00
2.0981e-05
0.0000e+00
0.0000e+00
3.0041e-05
9.5367e-07
0.0000e+00
2.1935e-05
1.1921e-06
0.0000e+00
2.0981e-05
0.0000e+00
0.0000e+00
2.1935e-05
1.1921e-06
0.0000e+00
2.0981e-05
9.5367e-07
2.2101e-04
9.5367e-07
1.1921e-06
0.0000e+00
2.1935e-05
9.5367e-07
6.1035e-05
0.0000e+00
1.1921e-06
0.0000e+00
2.1935e-05
9.5367e-07
0.0000e+00
2.2173e-05
9.5367e-07
0.0000e+00
2.1935e-05
1.1921e-06
0.0000e+00
2.1935e-05
9.5367e-07
0.0000e+00
2.0981e-05
0.0000e+00
8.5831e-05
9.5367e-07
0.0000e+00
0.0000e+00
2.1935e-05
9.5367e-07
0.0000e+00
2.1219e-05
9.5367e-07
0.0000e+00
2.5034e-05
9.5367e-07
0.0000e+00
2.2888e-05
9.5367e-07
0.0000e+00
2.0981e-05
9.5367e-07
0.0000e+00
2.1935e-05
9.5367e-07
1.9813e-04
9.5367e-07
9.5367e-07
0.0000e+00
2.2173e-05
9.5367e-07
0.0000e+00
2.1935e-05
9.5367e-07
0.0000e+00
2.1935e-05
9.5367e-07
0.0000e+00
2.1935e-05
9.5367e-07
0.0000e+00
2.4080e-05
0.0000e+00
0.0000e+00
2.1935e-05
0.0000e+00
0.0000e+00
2.0981e-05
9.5367e-07
0.0000e+00
2.1935e-05
1.1921e-06
0.0000e+00
2.1935e-05
9.5367e-07
0.0000e+00
2.1935e-05
0.0000e+00
2.6083e-04
1.1921e-06
9.5367e-07
0.0000e+00
2.0981e-05
9.5367e-07
0.0000e+00
2.9087e-05
9.5367e-07
0.0000e+00
2.2173e-05
9.5367e-07
0.0000e+00
2.1935e-05
9.5367e-07
0.0000e+00
2.4796e-05
1.1921e-06
0.0000e+00
2.0981e-05
9.5367e-07
0.0000e+00
2.0981e-05
0.0000e+00
0.0000e+00
2.0981e-05
9.5367e-07
0.0000e+00
2.8133e-05
9.5367e-07
0.0000e+00
2.2888e-05
0.0000e+00
0.0000e+00
2.0981e-05
9.5367e-07
0.0000e+00
2.0981e-05
1.1921e-06
0.0000e+00
2.1935e-05
9.5367e-07
0.0000e+00
2.0981e-05
0.0000e+00
0.0000e+00
2.1935e-05
9.5367e-07
0.0000e+00
2.1935e-05
1.1921e-06
0.0000e+00
2.6941e-05
0.0000e+00
3.1614e-04
0.0000e+00
0.0000e+00
0.0000e+00
2.2173e-05
9.5367e-07
1.9073e-06
1.1921e-06
1.1921e-06
0.0000e+00
2.0981e-05
9.5367e-07
0.0000e+00
2.2173e-05
0.0000e+00
0.0000e+00
2.0981e-05
0.0000e+00
0.0000e+00
2.2173e-05
9.5367e-07
0.0000e+00
2.0981e-05
1.1921e-06
0.0000e+00
2.1935e-05
9.5367e-07
0.0000e+00
2.2173e-05
9.5367e-07
3.2806e-04
9.5367e-07
0.0000e+00
0.0000e+00
2.2173e-05
9.5367e-07
0.0000e+00
2.0981e-05
1.1921e-06
0.0000e+00
2.1935e-05
0.0000e+00
0.0000e+00
2.0981e-05
9.5367e-07
1.3590e-04
9.5367e-07
1.1921e-06
0.0000e+00
2.8849e-05
9.5367e-07
4.7922e-05
0.0000e+00
0.0000e+00
0.0000e+00
2.2888e-05
9.5367e-07
0.0000e+00
2.2173e-05
9.5367e-07
0.0000e+00
2.1935e-05
0.0000e+00
0.0000e+00
2.1219e-05
9.5367e-07
0.0000e+00
2.1935e-05
9.5367e-07
0.0000e+00
2.2173e-05
0.0000e+00
1.6904e-04
0.0000e+00
0.0000e+00
0.0000e+00
3.2187e-05
9.5367e-07
0.0000e+00
2.1935e-05
1.1921e-06
0.0000e+00
2.0981e-05
9.5367e-07
1.4210e-04
0.0000e+00
9.5367e-07
0.0000e+00
2.2173e-05
0.0000e+00
0.0000e+00
2.0981e-05
0.0000e+00
0.0000e+00
2.1935e-05
9.5367e-07
1.5020e-05
0.0000e+00
1.1921e-06
0.0000e+00
2.1935e-05
9.5367e-07
0.0000e+00
2.2173e-05
0.0000e+00
0.0000e+00
2.0981e-05
0.0000e+00
0.0000e+00
2.0981e-05
9.5367e-07
1.9288e-04
1.1921e-06
0.0000e+00
0.0000e+00
2.1935e-05
9.5367e-07
0.0000e+00
2.0981e-05
0.0000e+00
1.3494e-04
9.5367e-07
1.1921e-06
0.0000e+00
2.2888e-05
0.0000e+00
0.0000e+00
2.7180e-05
9.5367e-07
0.0000e+00
2.1935e-05
0.0000e+00
1.1706e-04
9.5367e-07
9.5367e-07
3.0041e-05
0.0000e+00
0.0000e+00
0.0000e+00
2.1935e-05
9.5367e-07
0.0000e+00
2.1935e-05
0.0000e+00
0.0000e+00
2.0981e-05
9.5367e-07
0.0000e+00
2.1935e-05
1.1921e-06
0.0000e+00
2.0981e-05
9.5367e-07
0.0000e+00
3.0041e-05
9.5367e-07
0.0000e+00
2.2173e-05
0.0000e+00
0.0000e+00
2.1935e-05
1.1921e-06
0.0000e+00
2.0981e-05
9.5367e-07
1.9312e-04
0.0000e+00
9.5367e-07
0.0000e+00
2.3127e-05
9.5367e-07
0.0000e+00
2.0981e-05
1.1921e-06
0.0000e+00
2.1935e-05
9.5367e-07
0.0000e+00
3.0041e-05
9.5367e-07
0.0000e+00
2.1935e-05
1.1921e-06
0.0000e+00
2.0981e-05
9.5367e-07
0.0000e+00
2.2173e-05
0.0000e+00
0.0000e+00
2.0981e-05
0.0000e+00
0.0000e+00
2.0981e-05
9.5367e-07
0.0000e+00
2.0981e-05
9.5367e-07
0.0000e+00
2.1935e-05
9.5367e-07
0.0000e+00
2.1935e-05
9.5367e-07
0.0000e+00
2.2173e-05
0.0000e+00
0.0000e+00
2.4080e-05
1.9073e-06
0.0000e+00
2.2173e-05
9.5367e-07
0.0000e+00
2.0981e-05
9.5367e-07
0.0000e+00
2.1935e-05
9.5367e-07
0.0000e+00
2.0981e-05
0.0000e+00
0.0000e+00
2.7895e-05
1.1921e-06
7.9489e-04
0.0000e+00
1.1921e-06
0.0000e+00
2.2888e-05
9.5367e-07
0.0000e+00
2.5034e-05
1.1921e-06
0.0000e+00
2.0981e-05
0.0000e+00
0.0000e+00
2.0981e-05
9.5367e-07
0.0000e+00
2.1935e-05
9.5367e-07
0.0000e+00
2.0981e-05
1.1921e-06
0.0000e+00
2.6941e-05
1.1921e-06
0.0000e+00
2.2888e-05
9.5367e-07
0.0000e+00
2.1219e-05
0.0000e+00
0.0000e+00
2.0981e-05
9.5367e-07
0.0000e+00
2.0981e-05
1.1921e-06
0.0000e+00
2.0981e-05
0.0000e+00
0.0000e+00
2.2173e-05
1.1921e-06
0.0000e+00
2.0981e-05
9.5367e-07
3.0112e-04
9.5367e-07
9.5367e-07
0.0000e+00
2.4080e-05
9.5367e-07
1.5783e-04
0.0000e+00
0.0000e+00
0.0000e+00
2.1935e-05
0.0000e+00
0.0000e+00
2.0981e-05
9.5367e-07
0.0000e+00
2.1935e-05
1.1921e-06
1.3399e-04
0.0000e+00
0.0000e+00
7.2002e-05
0.0000e+00
9.5367e-07
0.0000e+00
2.1935e-05
0.0000e+00
0.0000e+00
2.0981e-05
9.5367e-07
0.0000e+00
2.2173e-05
9.5367e-07
0.0000e+00
2.0981e-05
9.5367e-07
0.0000e+00
2.2173e-05
0.0000e+00
0.0000e+00
2.0981e-05
0.0000e+00
0.0000e+00
2.1219e-05
9.5367e-07
1.7905e-04
0.0000e+00
9.5367e-07
1.9073e-06
0.0000e+00
9.5367e-07
4.6015e-05
0.0000e+00
0.0000e+00
0.0000e+00
2.2173e-05
9.5367e-07
0.0000e+00
2.3127e-05
0.0000e+00
0.0000e+00
2.1935e-05
9.5367e-07
0.0000e+00
2.0981e-05
9.5367e-07
0.0000e+00
2.0981e-05
9.5367e-07
1.5211e-04
0.0000e+00
9.5367e-07
0.0000e+00
2.2173e-05
9.5367e-07
0.0000e+00
2.5034e-05
0.0000e+00
0.0000e+00
2.2173e-05
9.5367e-07
0.0000e+00
2.3127e-05
0.0000e+00
0.0000e+00
2.1935e-05
1.1921e-06
1.4186e-04
0.0000e+00
9.5367e-07
0.0000e+00
2.1935e-05
9.5367e-07
0.0000e+00
2.0981e-05
9.5367e-07
1.0490e-04
1.1921e-06
9.5367e-07
0.0000e+00
2.0981e-05
9.5367e-07
0.0000e+00
2.2173e-05
9.5367e-07
0.0000e+00
2.6941e-05
1.1921e-06
0.0000e+00
2.1935e-05
9.5367e-07
0.0000e+00
2.2173e-05
9.5367e-07
0.0000e+00
2.1935e-05
9.5367e-07
0.0000e+00
2.0981e-05
9.5367e-07
0.0000e+00
2.1935e-05
9.5367e-07
0.0000e+00
2.2173e-05
1.1921e-06
0.0000e+00
2.0981e-05
9.5367e-07
1.7214e-04
0.0000e+00
9.5367e-07
0.0000e+00
2.1935e-05
9.5367e-07
0.0000e+00
2.1219e-05
0.0000e+00
0.0000e+00
2.1935e-05
4.0531e-06
1.3709e-04
0.0000e+00
9.5367e-07
0.0000e+00
2.3127e-05
9.5367e-07
3.7909e-05
0.0000e+00
0.0000e+00
0.0000e+00
2.0981e-05
9.5367e-07
0.0000e+00
2.1935e-05
0.0000e+00
1.9073e-06
9.5367e-07
9.5367e-07
1.5807e-04
9.5367e-07
9.5367e-07
0.0000e+00
2.3127e-05
9.5367e-07
0.0000e+00
2.1935e-05
9.5367e-07
0.0000e+00
2.0981e-05
1.1921e-06
1.2803e-04
0.0000e+00
0.0000e+00
0.0000e+00
2.1935e-05
1.1921e-06
0.0000e+00
2.1935e-05
0.0000e+00
0.0000e+00
2.0981e-05
0.0000e+00
0.0000e+00
2.7895e-05
1.1921e-06
0.0000e+00
2.1935e-05
9.5367e-07
1.3804e-04
9.5367e-07
0.0000e+00
0.0000e+00
2.4796e-05
1.1921e-06
0.0000e+00
2.2173e-05
9.5367e-07
0.0000e+00
2.1935e-05
0.0000e+00
0.0000e+00
2.1935e-05
9.5367e-07
1.0991e-04
0.0000e+00
9.5367e-07
0.0000e+00
2.1935e-05
9.5367e-07
0.0000e+00
2.2888e-05
9.5367e-07
0.0000e+00
2.0981e-05
0.0000e+00
1.1992e-04
0.0000e+00
9.5367e-07
0.0000e+00
2.1935e-05
0.0000e+00
0.0000e+00
2.0981e-05
0.0000e+00
0.0000e+00
2.0981e-05
9.5367e-07
0.0000e+00
2.2173e-05
0.0000e+00
0.0000e+00
2.0981e-05
0.0000e+00
0.0000e+00
2.1935e-05
1.1921e-06
0.0000e+00
2.1935e-05
9.5367e-07
5.6982e-05
9.5367e-07
1.1921e-06
0.0000e+00
2.0981e-05
9.5367e-07
0.0000e+00
2.1935e-05
0.0000e+00
0.0000e+00
2.1935e-05
9.5367e-07
2.7204e-04
0.0000e+00
0.0000e+00
0.0000e+00
2.1935e-05
9.5367e-07
0.0000e+00
2.8133e-05
9.5367e-07
0.0000e+00
2.2173e-05
9.5367e-07
0.0000e+00
2.1935e-05
9.5367e-07
9.6083e-05
9.5367e-07
9.5367e-07
3.9816e-05
1.1921e-06
9.5367e-07
1.9073e-06
0.0000e+00
0.0000e+00
0.0000e+00
2.1935e-05
0.0000e+00
0.0000e+00
2.2173e-05
9.5367e-07
0.0000e+00
2.0981e-05
9.5367e-07
0.0000e+00
2.0981e-05
9.5367e-07
1.6403e-04
0.0000e+00
0.0000e+00
0.0000e+00
2.2888e-05
9.5367e-07
0.0000e+00
2.1219e-05
9.5367e-07
0.0000e+00
2.0981e-05
0.0000e+00
0.0000e+00
2.0981e-05
0.0000e+00
2.6941e-05
0.0000e+00
1.1921e-06
0.0000e+00
2.1935e-05
9.5367e-07
1.0705e-04
9.5367e-07
9.5367e-07
1.0419e-04
0.0000e+00
9.5367e-07
0.0000e+00
3.0041e-05
9.5367e-07
1.9073e-05
0.0000e+00
0.0000e+00
0.0000e+00
2.2888e-05
9.5367e-07
2.9087e-05
9.5367e-07
9.5367e-07
0.0000e+00
2.0981e-05
9.5367e-07
0.0000e+00
2.1935e-05
0.0000e+00
0.0000e+00
2.1219e-05
9.5367e-07
0.0000e+00
2.1935e-05
9.5367e-07
0.0000e+00
2.0981e-05
9.5367e-07
0.0000e+00
2.1935e-05
9.5367e-07
1.8692e-04
0.0000e+00
1.1921e-06
0.0000e+00
2.1935e-05
0.0000e+00
0.0000e+00
2.0981e-05
9.5367e-07
9.0837e-05
1.1921e-06
9.5367e-07
0.0000e+00
2.1935e-05
0.0000e+00
0.0000e+00
2.0981e-05
9.5367e-07
0.0000e+00
2.1935e-05
9.5367e-07
0.0000e+00
2.7180e-05
9.5367e-07
0.0000e+00
2.3127e-05
9.5367e-07
0.0000e+00
2.1935e-05
0.0000e+00
0.0000e+00
2.0981e-05
1.1921e-06
0.0000e+00
2.0981e-05
5.0068e-06
0.0000e+00
2.0981e-05
9.5367e-07
0.0000e+00
2.4080e-05
9.5367e-07
0.0000e+00
2.1219e-05
0.0000e+00
0.0000e+00
2.7895e-05
9.5367e-07
0.0000e+00
2.1935e-05
9.5367e-07
0.0000e+00
2.1935e-05
9.5367e-07
0.0000e+00
2.0981e-05
9.5367e-07
0.0000e+00
2.0981e-05
9.5367e-07
0.0000e+00
2.0981e-05
9.5367e-07
0.0000e+00
2.4796e-05
1.1921e-06
3.5882e-04
9.5367e-07
1.1921e-06
0.0000e+00
2.7895e-05
1.1921e-06
0.0000e+00
2.1935e-05
9.5367e-07
0.0000e+00
2.2173e-05
9.5367e-07
1.0395e-04
0.0000e+00
0.0000e+00
0.0000e+00
2.1935e-05
0.0000e+00
0.0000e+00
2.0981e-05
9.5367e-07
1.5974e-05
0.0000e+00
9.5367e-07
0.0000e+00
2.2173e-05
9.5367e-07
3.0994e-06
0.0000e+00
9.5367e-07
0.0000e+00
2.7895e-05
9.5367e-07
0.0000e+00
2.4080e-05
9.5367e-07
0.0000e+00
2.1935e-05
1.1921e-06
2.6083e-04
1.1921e-06
9.5367e-07
0.0000e+00
2.1935e-05
9.5367e-07
0.0000e+00
2.0981e-05
9.5367e-07
0.0000e+00
2.0981e-05
9.5367e-07
0.0000e+00
2.1219e-05
9.5367e-07
1.1802e-04
0.0000e+00
1.1921e-06
0.0000e+00
2.2888e-05
0.0000e+00
0.0000e+00
2.0981e-05
9.5367e-07
0.0000e+00
2.1935e-05
9.5367e-07
0.0000e+00
2.1219e-05
9.5367e-07
0.0000e+00
2.1935e-05
9.5367e-07
1.4496e-04
0.0000e+00
0.0000e+00
0.0000e+00
2.3127e-05
0.0000e+00
0.0000e+00
2.0981e-05
0.0000e+00
6.5088e-05
5.9605e-06
9.5367e-07
0.0000e+00
2.5988e-05
9.5367e-07
0.0000e+00
2.2173e-05
9.5367e-07
0.0000e+00
2.0981e-05
9.5367e-07
0.0000e+00
2.2173e-05
9.5367e-07
0.0000e+00
2.0981e-05
0.0000e+00
0.0000e+00
2.0981e-05
0.0000e+00
1.6093e-04
0.0000e+00
0.0000e+00
0.0000e+00
2.1935e-05
9.5367e-07
7.5817e-05
1.1921e-06
9.5367e-07
4.2915e-05
1.1921e-06
9.5367e-07
0.0000e+00
2.2888e-05
1.1921e-06
1.1492e-04
0.0000e+00
9.5367e-07
0.0000e+00
2.2173e-05
9.5367e-07
0.0000e+00
2.1935e-05
1.1921e-06
5.2929e-05
0.0000e+00
9.5367e-07
0.0000e+00
2.2173e-05
9.5367e-07
0.0000e+00
2.1935e-05
0.0000e+00
0.0000e+00
2.7895e-05
9.5367e-07
0.0000e+00
2.2173e-05
0.0000e+00
0.0000e+00
2.1935e-05
1.1921e-06
0.0000e+00
2.0981e-05
9.5367e-07
0.0000e+00
2.1935e-05
0.0000e+00
0.0000e+00
2.3842e-05
9.5367e-07
0.0000e+00
2.1935e-05
9.5367e-07
0.0000e+00
2.1935e-05
9.5367e-07
0.0000e+00
2.1935e-05
1.1921e-06
0.0000e+00
2.1935e-05
9.5367e-07
2.9302e-04
0.0000e+00
1.1921e-06
6.0797e-05
1.1921e-06
9.5367e-07
0.0000e+00
2.1935e-05
9.5367e-07
0.0000e+00
2.1935e-05
9.5367e-07
0.0000e+00
2.0981e-05
0.0000e+00
3.6001e-05
9.5367e-07
9.5367e-07
1.1492e-04
0.0000e+00
9.5367e-07
0.0000e+00
2.8849e-05
0.0000e+00
0.0000e+00
2.1935e-05
9.5367e-07
0.0000e+00
2.2173e-05
9.5367e-07
0.0000e+00
2.0981e-05
0.0000e+00
1.2612e-04
0.0000e+00
9.5367e-07
0.0000e+00
2.3127e-05
9.5367e-07
0.0000e+00
2.2173e-05
9.5367e-07
0.0000e+00
2.0981e-05
9.5367e-07
0.0000e+00
2.2173e-05
9.5367e-07
9.7990e-05
0.0000e+00
0.0000e+00
0.0000e+00
2.2888e-05
1.1921e-06
0.0000e+00
2.0981e-05
9.5367e-07
0.0000e+00
2.0981e-05
9.5367e-07
1.0085e-04
0.0000e+00
9.5367e-07
1.9073e-06
0.0000e+00
0.0000e+00
0.0000e+00
2.1935e-05
9.5367e-07
2.3127e-05
9.5367e-07
9.5367e-07
0.0000e+00
2.2173e-05
9.5367e-07
1.0014e-05
0.0000e+00
9.5367e-07
1.4806e-04
0.0000e+00
9.5367e-07
0.0000e+00
2.2173e-05
9.5367e-07
0.0000e+00
2.1935e-05
9.5367e-07
0.0000e+00
2.1935e-05
9.5367e-07
0.0000e+00
2.0981e-05
0.0000e+00
0.0000e+00
2.0981e-05
9.5367e-07
1.8311e-04
9.5367e-07
9.5367e-07
0.0000e+00
2.1935e-05
9.5367e-07
0.0000e+00
2.9087e-05
9.5367e-07
0.0000e+00
2.1935e-05
1.1921e-06
0.0000e+00
2.0981e-05
9.5367e-07
0.0000e+00
2.2173e-05
0.0000e+00
0.0000e+00
2.0981e-05
9.5367e-07
1.4210e-04
9.5367e-07
9.5367e-07
0.0000e+00
2.1935e-05
9.5367e-07
8.1062e-05
9.5367e-07
0.0000e+00
4.0531e-06
0.0000e+00
1.1921e-06
0.0000e+00
2.7895e-05
9.5367e-07
0.0000e+00
2.1935e-05
9.5367e-07
0.0000e+00
2.1935e-05
0.0000e+00
0.0000e+00
2.1935e-05
0.0000e+00
0.0000e+00
2.2173e-05
9.5367e-07
0.0000e+00
2.0981e-05
0.0000e+00
0.0000e+00
2.0981e-05
9.5367e-07
0.0000e+00
2.1935e-05
9.5367e-07
0.0000e+00
2.6941e-05
9.5367e-07
0.0000e+00
2.2173e-05
9.5367e-07
0.0000e+00
2.1935e-05
9.5367e-07
0.0000e+00
2.1935e-05
0.0000e+00
0.0000e+00
2.0981e-05
1.1921e-06
0.0000e+00
2.1935e-05
9.5367e-07
0.0000e+00
2.1935e-05
9.5367e-07
0.0000e+00
2.0981e-05
9.5367e-07
0.0000e+00
2.5988e-05
9.5367e-07
0.0000e+00
2.1219e-05
9.5367e-07
0.0000e+00
2.1935e-05
9.5367e-07
0.0000e+00
2.1935e-05
9.5367e-07
0.0000e+00
2.0981e-05
1.1921e-06
5.1284e-04
0.0000e+00
1.1921e-06
0.0000e+00
2.2888e-05
9.5367e-07
0.0000e+00
2.1219e-05
9.5367e-07
0.0000e+00
2.2173e-05
9.5367e-07
0.0000e+00
2.1935e-05
0.0000e+00
0.0000e+00
2.0981e-05
9.5367e-07
0.0000e+00
2.1935e-05
1.1921e-06
0.0000e+00
2.0981e-05
0.0000e+00
0.0000e+00
2.0981e-05
1.1921e-06
0.0000e+00
2.1935e-05
9.5367e-07
0.0000e+00
3.6001e-05
9.5367e-07
1.4901e-04
9.5367e-07
9.5367e-07
0.0000e+00
2.4080e-05
9.5367e-07
0.0000e+00
2.1935e-05
9.5367e-07
0.0000e+00
2.0981e-05
9.5367e-07
1.7905e-04
0.0000e+00
0.0000e+00
0.0000e+00
2.2173e-05
9.5367e-07
0.0000e+00
2.0981e-05
9.5367e-07
0.0000e+00
2.2173e-05
9.5367e-07
0.0000e+00
2.9087e-05
9.5367e-07
0.0000e+00
2.1935e-05
0.0000e+00
0.0000e+00
2.0981e-05
9.5367e-07
1.4615e-04
0.0000e+00
9.5367e-07
0.0000e+00
2.1935e-05
1.1921e-06
0.0000e+00
2.1935e-05
9.5367e-07
9.8944e-05
0.0000e+00
0.0000e+00
0.0000e+00
2.1935e-05
0.0000e+00
0.0000e+00
2.0981e-05
9.5367e-07
0.0000e+00
2.2173e-05
9.5367e-07
0.0000e+00
2.5034e-05
9.5367e-07
6.1989e-05
0.0000e+00
9.5367e-07
0.0000e+00
2.3127e-05
0.0000e+00
0.0000e+00
2.0981e-05
9.5367e-07
0.0000e+00
2.1935e-05
9.5367e-07
0.0000e+00
2.0981e-05
0.0000e+00
0.0000e+00
2.0981e-05
9.5367e-07
1.9073e-06
1.1921e-06
0.0000e+00
0.0000e+00
2.2888e-05
1.1921e-06
0.0000e+00
2.1935e-05
9.5367e-07
0.0000e+00
2.0981e-05
1.1921e-06
0.0000e+00
2.1935e-05
0.0000e+00
0.0000e+00
2.0981e-05
9.5367e-07
0.0000e+00
2.1935e-05
9.5367e-07
0.0000e+00
2.0981e-05
9.5367e-07
0.0000e+00
2.1935e-05
1.1921e-06
0.0000e+00
2.1935e-05
9.5367e-07
3.6001e-04
0.0000e+00
1.1921e-06
5.7936e-05
0.0000e+00
9.5367e-07
0.0000e+00
2.2173e-05
0.0000e+00
0.0000e+00
2.1935e-05
9.5367e-07
0.0000e+00
2.2173e-05
1.1921e-06
0.0000e+00
2.0981e-05
0.0000e+00
0.0000e+00
3.0041e-05
9.5367e-07
0.0000e+00
2.1935e-05
9.5367e-07
0.0000e+00
2.1935e-05
1.1921e-06
0.0000e+00
2.1935e-05
9.5367e-07
0.0000e+00
2.0981e-05
0.0000e+00
0.0000e+00
2.1935e-05
9.5367e-07
0.0000e+00
2.2173e-05
9.5367e-07
0.0000e+00
2.0981e-05
9.5367e-07
0.0000e+00
2.7180e-05
9.5367e-07
3.1495e-04
0.0000e+00
0.0000e+00
5.1022e-05
9.5367e-07
9.5367e-07
0.0000e+00
2.1935e-05
0.0000e+00
0.0000e+00
2.1935e-05
9.5367e-07
0.0000e+00
2.1219e-05
9.5367e-07
0.0000e+00
2.0981e-05
9.5367e-07
0.0000e+00
2.0981e-05
1.1921e-06
1.3900e-04
9.5367e-07
0.0000e+00
0.0000e+00
3.0041e-05
9.5367e-07
0.0000e+00
2.2173e-05
9.5367e-07
1.9073e-06
1.1921e-06
9.5367e-07
0.0000e+00
2.0981e-05
9.5367e-07
0.0000e+00
2.2173e-05
9.5367e-07
0.0000e+00
2.0981e-05
9.5367e-07
1.0610e-04
0.0000e+00
0.0000e+00
0.0000e+00
2.1935e-05
9.5367e-07
0.0000e+00
2.1935e-05
9.5367e-07
0.0000e+00
2.2888e-05
0.0000e+00
2.0385e-04
1.1921e-06
9.5367e-07
0.0000e+00
2.1935e-05
9.5367e-07
0.0000e+00
2.0981e-05
0.0000e+00
0.0000e+00
2.0981e-05
0.0000e+00
0.0000e+00
2.0981e-05
9.5367e-07
0.0000e+00
2.0981e-05
9.5367e-07
0.0000e+00
2.1219e-05
9.5367e-07
2.0599e-04
9.5367e-07
9.5367e-07
0.0000e+00
3.1948e-05
9.5367e-07
0.0000e+00
2.4080e-05
0.0000e+00
0.0000e+00
2.1935e-05
0.0000e+00
0.0000e+00
2.0981e-05
9.5367e-07
0.0000e+00
2.2173e-05
9.5367e-07
0.0000e+00
2.0981e-05
9.5367e-07
0.0000e+00
2.2173e-05
9.5367e-07
0.0000e+00
2.2888e-05
9.5367e-07
0.0000e+00
2.1935e-05
0.0000e+00
0.0000e+00
2.0981e-05
0.0000e+00
0.0000e+00
2.2173e-05
1.1921e-06
0.0000e+00
2.1935e-05
0.0000e+00
0.0000e+00
2.2173e-05
9.5367e-07
1.5998e-04
9.5367e-07
9.5367e-07
0.0000e+00
2.1935e-05
0.0000e+00
2.1219e-04
9.5367e-07
9.5367e-07
0.0000e+00
2.3127e-05
9.5367e-07
0.0000e+00
2.0981e-05
1.1921e-06
0.0000e+00
2.1935e-05
9.5367e-07
0.0000e+00
2.0981e-05
0.0000e+00
0.0000e+00
2.0981e-05
9.5367e-07
1.1921e-05
0.0000e+00
0.0000e+00
0.0000e+00
2.1935e-05
9.5367e-07
0.0000e+00
3.1948e-05
9.5367e-07
0.0000e+00
2.3127e-05
9.5367e-07
0.0000e+00
2.0981e-05
0.0000e+00
0.0000e+00
2.1219e-05
9.5367e-07
0.0000e+00
2.1935e-05
9.5367e-07
0.0000e+00
2.0981e-05
0.0000e+00
0.0000e+00
2.0981e-05
0.0000e+00
2.7514e-04
0.0000e+00
9.5367e-07
9.7036e-05
9.5367e-07
0.0000e+00
0.0000e+00
2.7895e-05
9.5367e-07
0.0000e+00
2.0981e-05
9.5367e-07
0.0000e+00
2.1935e-05
9.5367e-07
0.0000e+00
2.1935e-05
0.0000e+00
0.0000e+00
2.0981e-05
9.5367e-07
0.0000e+00
2.1935e-05
0.0000e+00
1.5306e-04
0.0000e+00
1.1921e-06
0.0000e+00
2.0981e-05
9.5367e-07
0.0000e+00
2.8133e-05
9.5367e-07
0.0000e+00
2.4080e-05
9.5367e-07
3.4094e-05
9.5367e-07
9.5367e-07
0.0000e+00
2.2173e-05
0.0000e+00
5.0068e-06
0.0000e+00
9.5367e-07
0.0000e+00
2.2173e-05
9.5367e-07
0.0000e+00
2.0981e-05
9.5367e-07
1.4806e-04
9.5367e-07
9.5367e-07
0.0000e+00
2.2173e-05
9.5367e-07
0.0000e+00
2.9087e-05
0.0000e+00
0.0000e+00
2.0981e-05
1.1921e-06
0.0000e+00
2.1935e-05
9.5367e-07
8.0109e-05
0.0000e+00
9.5367e-07
0.0000e+00
2.1935e-05
9.5367e-07
0.0000e+00
2.1935e-05
9.5367e-07
0.0000e+00
2.0981e-05
0.0000e+00
0.0000e+00
2.0981e-05
0.0000e+00
0.0000e+00
2.6941e-05
9.5367e-07
2.0289e-04
9.5367e-07
1.1921e-06
0.0000e+00
2.1935e-05
9.5367e-07
0.0000e+00
2.2173e-05
9.5367e-07
0.0000e+00
2.1935e-05
9.5367e-07
0.0000e+00
2.0981e-05
9.5367e-07
0.0000e+00
2.2173e-05
0.0000e+00
0.0000e+00
2.0981e-05
0.0000e+00
0.0000e+00
2.2173e-05
9.5367e-07
1.7309e-04
0.0000e+00
0.0000e+00
0.0000e+00
2.2888e-05
9.5367e-07
8.6069e-05
0.0000e+00
9.5367e-07
0.0000e+00
2.1935e-05
9.5367e-07
0.0000e+00
2.0981e-05
1.1921e-06
0.0000e+00
2.0981e-05
9.5367e-07
0.0000e+00
2.2173e-05
9.5367e-07
0.0000e+00
2.0981e-05
1.1921e-06
0.0000e+00
2.9802e-05
1.1921e-06
0.0000e+00
2.0981e-05
9.5367e-07
8.7976e-05
0.0000e+00
9.5367e-07
0.0000e+00
2.1935e-05
0.0000e+00
0.0000e+00
2.1219e-05
9.5367e-07
1.2493e-04
9.5367e-07
1.1921e-06
0.0000e+00
2.1935e-05
9.5367e-07
0.0000e+00
2.0981e-05
1.1921e-06
0.0000e+00
2.0981e-05
9.5367e-07
0.0000e+00
2.6941e-05
9.5367e-07
0.0000e+00
2.0981e-05
9.5367e-07
2.0599e-04
0.0000e+00
9.5367e-07
0.0000e+00
2.2173e-05
9.5367e-07
1.9073e-06
1.1921e-06
9.5367e-07
0.0000e+00
2.1935e-05
9.5367e-07
0.0000e+00
2.0981e-05
9.5367e-07
0.0000e+00
2.0981e-05
1.1921e-06
0.0000e+00
2.7895e-05
1.1921e-06
0.0000e+00
2.1935e-05
9.5367e-07
0.0000e+00
2.0981e-05
0.0000e+00
0.0000e+00
2.3127e-05
9.5367e-07
0.0000e+00
2.1935e-05
0.0000e+00
0.0000e+00
2.0981e-05
9.5367e-07
2.7609e-04
9.5367e-07
9.5367e-07
0.0000e+00
2.1935e-05
1.1921e-06
0.0000e+00
2.6941e-05
9.5367e-07
5.1022e-05
0.0000e+00
9.5367e-07
0.0000e+00
2.5988e-05
5.4982e-02
