2.6870e-03
4.7898e-04
0.0000e+00
4.6015e-05
1.4782e-05
0.0000e+00
2.3842e-05
2.1458e-06
0.0000e+00
2.1935e-05
1.9073e-06
0.0000e+00
2.6941e-05
1.9073e-06
0.0000e+00
2.1935e-05
1.1921e-06
1.8835e-05
0.0000e+00
9.5367e-07
0.0000e+00
2.3127e-05
5.8889e-05
0.0000e+00
2.3127e-05
5.0068e-06
0.0000e+00
2.2888e-05
9.5367e-07
0.0000e+00
2.4080e-05
9.5367e-07
0.0000e+00
2.1935e-05
9.5367e-07
0.0000e+00
2.1935e-05
9.5367e-07
7.1526e-06
0.0000e+00
3.0994e-06
5.9605e-06
0.0000e+00
1.6212e-05
5.0068e-06
0.0000e+00
1.7881e-05
0.0000e+00
2.3127e-05
9.0599e-06
0.0000e+00
2.1935e-05
9.5367e-07
0.0000e+00
2.3127e-05
9.5367e-07
0.0000e+00
2.1935e-05
1.1921e-06
0.0000e+00
2.0981e-05
9.5367e-07
0.0000e+00
2.2173e-05
0.0000e+00
0.0000e+00
2.1935e-05
9.5367e-07
2.0981e-05
9.5367e-07
3.0994e-06
0.0000e+00
2.2888e-05
9.5367e-07
0.0000e+00
2.1935e-05
9.5367e-07
0.0000e+00
3.0041e-05
9.5367e-07
3.0994e-06
9.5367e-07
5.0068e-06
1.1921e-06
0.0000e+00
2.0027e-05
0.0000e+00
2.1935e-05
1.1921e-06
0.0000e+00
2.0981e-05
4.0531e-06
0.0000e+00
2.0981e-05
9.5367e-07
5.0068e-06
0.0000e+00
1.6928e-05
0.0000e+00
2.2173e-05
7.8678e-06
0.0000e+00
2.4080e-05
9.5367e-07
0.0000e+00
3.0041e-05
1.1921e-06
0.0000e+00
2.1935e-05
9.5367e-07
0.0000e+00
2.1935e-05
9.5367e-07
0.0000e+00
2.0981e-05
1.1921e-06
0.0000e+00
2.1935e-05
9.5367e-07
1.2159e-05
0.0000e+00
9.5367e-07
0.0000e+00
2.3127e-05
8.8215e-06
2.1458e-06
0.0000e+00
9.5367e-07
0.0000e+00
2.2173e-05
9.5367e-07
0.0000e+00
2.2888e-05
9.5367e-07
0.0000e+00
2.2173e-05
9.5367e-07
2.8610e-06
1.1921e-06
9.5367e-07
0.0000e+00
2.0981e-05
9.5367e-07
0.0000e+00
2.0981e-05
9.5367e-07
5.0068e-06
0.0000e+00
1.4067e-05
0.0000e+00
2.1935e-05
8.1062e-06
0.0000e+00
2.0981e-05
1.1921e-06
4.2915e-05
0.0000e+00
1.1921e-06
0.0000e+00
2.2888e-05
0.0000e+00
0.0000e+00
2.1935e-05
6.9141e-06
0.0000e+00
2.2173e-05
9.5367e-07
0.0000e+00
2.1935e-05
1.1921e-06
0.0000e+00
2.0981e-05
9.5367e-07
1.1921e-06
0.0000e+00
1.1921e-05
0.0000e+00
2.2173e-05
3.0994e-06
0.0000e+00
2.1935e-05
9.5367e-07
9.5367e-07
0.0000e+00
0.0000e+00
0.0000e+00
2.3127e-05
9.5367e-07
0.0000e+00
2.2173e-05
9.5367e-07
1.9073e-06
9.5367e-07
1.3113e-05
2.1458e-06
9.5367e-07
2.2888e-05
5.0068e-06
0.0000e+00
2.4080e-05
0.0000e+00
2.1935e-05
2.1458e-06
1.9073e-06
0.0000e+00
1.8835e-05
0.0000e+00
2.5988e-05
9.5367e-07
0.0000e+00
2.2173e-05
0.0000e+00
0.0000e+00
3.0041e-05
5.0068e-06
0.0000e+00
2.1935e-05
9.7752e-06
0.0000e+00
2.4796e-05
1.1921e-06
0.0000e+00
2.1935e-05
4.0531e-06
0.0000e+00
2.2173e-05
9.5367e-07
0.0000e+00
2.0981e-05
3.0994e-06
0.0000e+00
2.1935e-05
1.1921e-06
0.0000e+00
2.1935e-05
9.5367e-07
2.8610e-06
9.5367e-07
1.0967e-05
0.0000e+00
2.2888e-05
0.0000e+00
1.1206e-05
0.0000e+00
1.5020e-05
2.8610e-06
0.0000e+00
2.3127e-05
0.0000e+00
2.1935e-05
9.5367e-07
0.0000e+00
2.1935e-05
3.0994e-06
1.9073e-06
0.0000e+00
2.0027e-05
0.0000e+00
2.2173e-05
9.5367e-07
1.9073e-06
0.0000e+00
1.8835e-05
0.0000e+00
2.2173e-05
9.5367e-07
0.0000e+00
2.3127e-05
9.5367e-07
0.0000e+00
2.0981e-05
1.1921e-06
0.0000e+00
2.1935e-05
9.5367e-07
2.1458e-06
0.0000e+00
1.9073e-06
0.0000e+00
2.1935e-05
9.5367e-07
0.0000e+00
2.2173e-05
9.5367e-07
0.0000e+00
2.0981e-05
1.9073e-06
0.0000e+00
2.0981e-05
9.5367e-07
2.1458e-06
9.5367e-07
1.5974e-05
2.1458e-06
0.0000e+00
2.7895e-05
0.0000e+00
2.2173e-05
9.5367e-07
0.0000e+00
2.0981e-05
9.5367e-07
0.0000e+00
2.1935e-05
4.0531e-06
0.0000e+00
2.0981e-05
3.0994e-06
8.1062e-06
0.0000e+00
1.5020e-05
0.0000e+00
2.0981e-05
8.1062e-06
9.5367e-07
0.0000e+00
2.2888e-05
0.0000e+00
2.9087e-05
2.1458e-06
0.0000e+00
2.1935e-05
9.5367e-07
0.0000e+00
2.0981e-05
9.5367e-07
0.0000e+00
2.1935e-05
9.5367e-07
1.9073e-06
0.0000e+00
0.0000e+00
9.5367e-07
9.5367e-07
1.4067e-05
0.0000e+00
2.1935e-05
1.3113e-05
0.0000e+00
2.0981e-05
1.9073e-06
0.0000e+00
2.2173e-05
9.5367e-07
9.5367e-07
0.0000e+00
6.9141e-06
1.3828e-05
1.1921e-06
9.0599e-06
0.0000e+00
2.3127e-05
9.5367e-07
0.0000e+00
2.2173e-05
9.5367e-07
0.0000e+00
2.1935e-05
9.5367e-07
0.0000e+00
2.0981e-05
6.9141e-06
0.0000e+00
2.1935e-05
3.0994e-06
0.0000e+00
2.0981e-05
1.1921e-06
0.0000e+00
2.0981e-05
9.5367e-07
1.9073e-06
0.0000e+00
2.5034e-05
0.0000e+00
2.2888e-05
9.5367e-07
0.0000e+00
2.1935e-05
9.5367e-07
1.9073e-06
0.0000e+00
1.7166e-05
0.0000e+00
2.1935e-05
3.0994e-06
0.0000e+00
2.1935e-05
1.1921e-06
0.0000e+00
2.1935e-05
3.0994e-06
0.0000e+00
2.1935e-05
8.1062e-06
0.0000e+00
2.7895e-05
9.5367e-07
4.7684e-06
0.0000e+00
0.0000e+00
1.9073e-06
0.0000e+00
1.8835e-05
1.8120e-05
9.5367e-07
5.0068e-06
0.0000e+00
2.1935e-05
1.1921e-06
0.0000e+00
2.0981e-05
9.5367e-07
0.0000e+00
2.1935e-05
0.0000e+00
0.0000e+00
2.0981e-05
9.5367e-07
0.0000e+00
2.2173e-05
5.9605e-06
0.0000e+00
3.0041e-05
1.1921e-06
0.0000e+00
2.1935e-05
9.5367e-07
1.1921e-06
0.0000e+00
1.2875e-05
2.1458e-06
9.5367e-07
2.0981e-05
0.0000e+00
2.1935e-05
1.1921e-06
2.8610e-06
0.0000e+00
1.9073e-05
0.0000e+00
2.2173e-05
6.9141e-06
0.0000e+00
2.0981e-05
1.1921e-06
0.0000e+00
2.1935e-05
9.5367e-07
0.0000e+00
2.8133e-05
9.5367e-07
0.0000e+00
2.3127e-05
9.5367e-07
0.0000e+00
2.0981e-05
1.1921e-06
2.8610e-06
0.0000e+00
0.0000e+00
0.0000e+00
2.1935e-05
9.5367e-07
0.0000e+00
2.2173e-05
1.9073e-06
0.0000e+00
2.1935e-05
2.1458e-06
0.0000e+00
2.0981e-05
9.5367e-07
0.0000e+00
2.2173e-05
9.5367e-07
0.0000e+00
2.2173e-05
9.5367e-07
4.0054e-05
0.0000e+00
9.5367e-07
0.0000e+00
2.2173e-05
1.1921e-06
0.0000e+00
2.1935e-05
9.5367e-07
0.0000e+00
2.0981e-05
9.5367e-07
0.0000e+00
2.1935e-05
9.5367e-07
0.0000e+00
2.0981e-05
0.0000e+00
0.0000e+00
2.0981e-05
4.0531e-06
0.0000e+00
2.3127e-05
9.5367e-07
0.0000e+00
2.1219e-05
9.5367e-07
0.0000e+00
2.0981e-05
9.5367e-07
0.0000e+00
2.0981e-05
0.0000e+00
0.0000e+00
2.1935e-05
3.0994e-06
0.0000e+00
2.1935e-05
1.0014e-05
0.0000e+00
2.1935e-05
9.5367e-07
0.0000e+00
3.0994e-05
9.5367e-07
0.0000e+00
2.1935e-05
9.5367e-07
0.0000e+00
2.1935e-05
3.0994e-06
2.8610e-06
0.0000e+00
9.5367e-07
1.9073e-06
1.1921e-06
8.8215e-06
0.0000e+00
2.2173e-05
0.0000e+00
1.9073e-06
0.0000e+00
2.7895e-05
2.1458e-06
9.5367e-07
2.0981e-05
0.0000e+00
2.0981e-05
1.1921e-06
1.9073e-06
9.5367e-07
5.9605e-06
0.0000e+00
2.9087e-05
1.9073e-06
2.8133e-05
9.5367e-07
9.5367e-07
4.3154e-05
0.0000e+00
9.5367e-07
0.0000e+00
2.2888e-05
1.1921e-06
2.8610e-06
0.0000e+00
9.5367e-07
0.0000e+00
2.1935e-05
8.1062e-06
0.0000e+00
2.1935e-05
9.5367e-07
9.5367e-07
0.0000e+00
2.0981e-05
0.0000e+00
2.1935e-05
1.1921e-06
0.0000e+00
2.1935e-05
9.5367e-07
0.0000e+00
2.9087e-05
9.5367e-07
0.0000e+00
2.1935e-05
0.0000e+00
2.1458e-06
0.0000e+00
9.5367e-07
0.0000e+00
2.2173e-05
5.0068e-06
0.0000e+00
2.1935e-05
6.9141e-06
0.0000e+00
2.2173e-05
9.5367e-07
1.9073e-06
0.0000e+00
1.8835e-05
0.0000e+00
2.1935e-05
9.5367e-07
5.0068e-06
0.0000e+00
1.7166e-05
0.0000e+00
2.7895e-05
9.5367e-07
0.0000e+00
2.1935e-05
9.5367e-07
2.1458e-06
9.5367e-07
1.9073e-06
0.0000e+00
2.2173e-05
6.9141e-06
0.0000e+00
2.0981e-05
1.9073e-06
0.0000e+00
2.5034e-05
9.5367e-07
2.1458e-06
0.0000e+00
1.6928e-05
2.1219e-05
0.0000e+00
0.0000e+00
9.5367e-07
9.5367e-07
6.1989e-06
0.0000e+00
2.1935e-05
9.5367e-07
0.0000e+00
2.2888e-05
1.1921e-06
0.0000e+00
2.0981e-05
9.5367e-07
0.0000e+00
2.2173e-05
9.5367e-07
0.0000e+00
2.1935e-05
9.5367e-07
0.0000e+00
2.1935e-05
9.5367e-07
0.0000e+00
2.0981e-05
1.1921e-06
0.0000e+00
2.1935e-05
5.2929e-05
0.0000e+00
2.9087e-05
1.9073e-06
0.0000e+00
2.2173e-05
9.5367e-07
3.0994e-06
0.0000e+00
1.5020e-05
0.0000e+00
2.1935e-05
9.5367e-07
0.0000e+00
2.0981e-05
9.5367e-07
0.0000e+00
2.1935e-05
0.0000e+00
0.0000e+00
2.1935e-05
0.0000e+00
4.0531e-06
9.5367e-07
1.1921e-06
0.0000e+00
2.1935e-05
9.5367e-07
0.0000e+00
2.2888e-05
4.0531e-06
1.9073e-06
0.0000e+00
2.3127e-05
0.0000e+00
2.1935e-05
8.1062e-06
0.0000e+00
2.1935e-05
2.1458e-06
0.0000e+00
2.0981e-05
2.8610e-06
1.6212e-05
0.0000e+00
6.9141e-06
0.0000e+00
2.1935e-05
1.1921e-06
0.0000e+00
2.1935e-05
1.9073e-06
0.0000e+00
2.9087e-05
1.9073e-06
0.0000e+00
2.3127e-05
9.5367e-07
4.0531e-06
9.5367e-07
1.5020e-05
0.0000e+00
2.3127e-05
9.5367e-07
0.0000e+00
2.1935e-05
9.5367e-07
0.0000e+00
2.2173e-05
1.1921e-06
0.0000e+00
2.0981e-05
9.5367e-07
0.0000e+00
2.2173e-05
5.9605e-06
0.0000e+00
2.0981e-05
9.5367e-07
0.0000e+00
2.2888e-05
1.1921e-06
0.0000e+00
2.0981e-05
9.5367e-07
0.0000e+00
2.0981e-05
9.5367e-07
0.0000e+00
2.1935e-05
9.5367e-07
2.8610e-06
1.1921e-06
3.8147e-06
0.0000e+00
2.1935e-05
1.9073e-06
0.0000e+00
2.1935e-05
8.8215e-06
0.0000e+00
2.2173e-05
1.9073e-06
0.0000e+00
2.3127e-05
9.5367e-07
9.5367e-07
0.0000e+00
6.9141e-06
0.0000e+00
2.1935e-05
1.1921e-06
0.0000e+00
2.1935e-05
3.0994e-06
0.0000e+00
2.0981e-05
1.9073e-06
0.0000e+00
2.1935e-05
1.9073e-06
0.0000e+00
2.1935e-05
6.9141e-06
0.0000e+00
2.1935e-05
9.5367e-07
1.9073e-06
1.1921e-06
1.4782e-05
0.0000e+00
2.2888e-05
9.5367e-07
0.0000e+00
2.1935e-05
9.5367e-07
1.9073e-06
0.0000e+00
7.8678e-06
0.0000e+00
2.2173e-05
9.5367e-07
0.0000e+00
2.1935e-05
1.1921e-06
0.0000e+00
2.0981e-05
9.5367e-07
9.1076e-05
0.0000e+00
0.0000e+00
0.0000e+00
2.1935e-05
9.5367e-07
0.0000e+00
2.1935e-05
9.5367e-07
0.0000e+00
2.5034e-05
1.1921e-06
0.0000e+00
2.1935e-05
0.0000e+00
3.6001e-05
0.0000e+00
1.1921e-06
0.0000e+00
2.1935e-05
9.5367e-07
2.1458e-06
0.0000e+00
7.1526e-06
0.0000e+00
2.1935e-05
9.5367e-07
0.0000e+00
2.2173e-05
0.0000e+00
2.2888e-05
0.0000e+00
9.5367e-07
0.0000e+00
3.0041e-05
1.9073e-06
0.0000e+00
2.2173e-05
9.5367e-07
0.0000e+00
2.1935e-05
0.0000e+00
0.0000e+00
2.1935e-05
9.5367e-07
2.1458e-06
0.0000e+00
3.8147e-06
0.0000e+00
2.2173e-05
7.8678e-06
9.5367e-07
0.0000e+00
8.1062e-06
0.0000e+00
2.1935e-05
2.1458e-06
0.0000e+00
2.1935e-05
9.5367e-07
0.0000e+00
2.1935e-05
9.5367e-07
0.0000e+00
2.1935e-05
9.5367e-07
0.0000e+00
2.1935e-05
9.5367e-07
0.0000e+00
2.2173e-05
9.5367e-07
0.0000e+00
2.1935e-05
9.5367e-07
0.0000e+00
2.0981e-05
0.0000e+00
4.0531e-06
9.5367e-07
1.7881e-05
0.0000e+00
2.2173e-05
1.9073e-06
0.0000e+00
2.3127e-05
9.5367e-07
0.0000e+00
2.0981e-05
1.1921e-06
0.0000e+00
2.1935e-05
0.0000e+00
0.0000e+00
2.1935e-05
1.1921e-06
0.0000e+00
2.1935e-05
9.5367e-07
0.0000e+00
2.0981e-05
0.0000e+00
0.0000e+00
2.0981e-05
9.5367e-07
9.5367e-07
0.0000e+00
1.9073e-05
0.0000e+00
2.8133e-05
9.5367e-07
0.0000e+00
2.5034e-05
1.1921e-06
0.0000e+00
2.1935e-05
9.5367e-07
0.0000e+00
2.1935e-05
1.1921e-06
9.5367e-07
0.0000e+00
1.0014e-05
0.0000e+00
2.3127e-05
1.9073e-06
0.0000e+00
2.1935e-05
2.1458e-06
0.0000e+00
2.1935e-05
1.9073e-06
0.0000e+00
3.0041e-05
1.1921e-06
0.0000e+00
2.1935e-05
9.5367e-07
0.0000e+00
2.2173e-05
9.5367e-07
0.0000e+00
2.0981e-05
1.1921e-06
1.9073e-06
0.0000e+00
1.8120e-05
0.0000e+00
2.1935e-05
1.1921e-06
0.0000e+00
2.1935e-05
9.5367e-07
0.0000e+00
2.2173e-05
0.0000e+00
9.5367e-07
0.0000e+00
1.1921e-06
0.0000e+00
2.2888e-05
9.5367e-07
0.0000e+00
2.1935e-05
9.5367e-07
2.5034e-05
0.0000e+00
0.0000e+00
2.1458e-06
9.5367e-07
1.7881e-05
0.0000e+00
2.1935e-05
9.5367e-07
0.0000e+00
2.0981e-05
1.1921e-06
0.0000e+00
2.0981e-05
9.5367e-07
0.0000e+00
2.1219e-05
1.1921e-06
0.0000e+00
2.7895e-05
9.5367e-07
0.0000e+00
2.0981e-05
9.5367e-07
0.0000e+00
2.0981e-05
6.1989e-06
0.0000e+00
2.1935e-05
1.9073e-06
0.0000e+00
2.0981e-05
1.1921e-05
0.0000e+00
2.0981e-05
2.1458e-06
0.0000e+00
2.0981e-05
9.5367e-07
9.5367e-07
0.0000e+00
5.9605e-06
0.0000e+00
2.6941e-05
9.5367e-07
0.0000e+00
2.1935e-05
1.1921e-06
0.0000e+00
2.0981e-05
9.5367e-07
2.1458e-06
0.0000e+00
1.8120e-05
0.0000e+00
2.1935e-05
2.1458e-06
0.0000e+00
2.0981e-05
1.9073e-06
0.0000e+00
2.2173e-05
9.5367e-07
0.0000e+00
2.0981e-05
1.9073e-06
0.0000e+00
2.9802e-05
9.5367e-07
0.0000e+00
2.1935e-05
9.5367e-07
0.0000e+00
2.0981e-05
9.5367e-07
0.0000e+00
2.1935e-05
2.1458e-06
1.9073e-06
0.0000e+00
1.9789e-05
0.0000e+00
2.2173e-05
1.9073e-06
2.1458e-06
9.5367e-07
2.0981e-05
0.0000e+00
2.1935e-05
3.0994e-06
0.0000e+00
2.1935e-05
1.1921e-06
0.0000e+00
2.7895e-05
1.1921e-06
2.8610e-06
9.5367e-07
1.8120e-05
0.0000e+00
2.0981e-05
9.5367e-07
0.0000e+00
2.0981e-05
1.9073e-06
0.0000e+00
2.2173e-05
9.5367e-07
0.0000e+00
2.1935e-05
1.1921e-06
0.0000e+00
2.0981e-05
0.0000e+00
0.0000e+00
2.0981e-05
1.1921e-06
0.0000e+00
2.7895e-05
1.1921e-06
1.9073e-06
0.0000e+00
2.2173e-05
0.0000e+00
2.1935e-05
1.9073e-06
0.0000e+00
2.2173e-05
1.9073e-06
2.1458e-06
0.0000e+00
1.9073e-05
0.0000e+00
2.0981e-05
9.5367e-07
2.1458e-06
0.0000e+00
2.0027e-05
1.2875e-05
0.0000e+00
8.8215e-06
0.0000e+00
2.2173e-05
9.5367e-07
0.0000e+00
2.0981e-05
9.5367e-07
0.0000e+00
2.2888e-05
1.1921e-06
0.0000e+00
2.5034e-05
9.5367e-07
0.0000e+00
2.1935e-05
1.1921e-06
0.0000e+00
2.1935e-05
0.0000e+00
0.0000e+00
2.1935e-05
9.5367e-07
0.0000e+00
2.1935e-05
9.5367e-07
0.0000e+00
2.2173e-05
9.5367e-07
0.0000e+00
2.9087e-05
1.9073e-06
0.0000e+00
2.3127e-05
0.0000e+00
0.0000e+00
2.1935e-05
9.5367e-07
0.0000e+00
2.1935e-05
9.5367e-07
0.0000e+00
2.0981e-05
1.1921e-06
0.0000e+00
2.0981e-05
9.5367e-07
0.0000e+00
2.1219e-05
9.5367e-07
2.8610e-06
0.0000e+00
5.0068e-06
0.0000e+00
2.1935e-05
2.1458e-06
0.0000e+00
2.2888e-05
9.5367e-07
0.0000e+00
2.2173e-05
2.8610e-06
0.0000e+00
2.1219e-05
9.5367e-07
0.0000e+00
2.1935e-05
1.1921e-06
0.0000e+00
2.0981e-05
9.5367e-07
0.0000e+00
2.0981e-05
9.5367e-07
0.0000e+00
2.0981e-05
9.5367e-07
0.0000e+00
2.9087e-05
9.5367e-07
0.0000e+00
2.2173e-05
0.0000e+00
0.0000e+00
2.0981e-05
2.1458e-06
0.0000e+00
2.2888e-05
1.1921e-06
5.0068e-06
9.5367e-07
9.5367e-07
1.9073e-06
0.0000e+00
0.0000e+00
0.0000e+00
2.1935e-05
9.5367e-07
2.1458e-06
0.0000e+00
2.0027e-05
8.1062e-06
9.5367e-07
1.4067e-05
0.0000e+00
2.1935e-05
1.1921e-06
4.6968e-05
9.5367e-07
9.5367e-07
0.0000e+00
2.3127e-05
9.5367e-07
0.0000e+00
2.5034e-05
9.5367e-07
0.0000e+00
2.2173e-05
9.5367e-07
1.9073e-06
0.0000e+00
5.9605e-06
0.0000e+00
2.1935e-05
1.1921e-06
0.0000e+00
2.1935e-05
9.5367e-07
2.1458e-06
9.5367e-07
2.5988e-05
0.0000e+00
2.1935e-05
9.5367e-07
0.0000e+00
3.0994e-05
9.5367e-07
0.0000e+00
2.2173e-05
9.5367e-07
0.0000e+00
2.1935e-05
9.5367e-07
0.0000e+00
2.1935e-05
9.5367e-07
0.0000e+00
2.1935e-05
9.5367e-07
0.0000e+00
2.1935e-05
9.5367e-07
0.0000e+00
2.0981e-05
9.5367e-07
0.0000e+00
2.1935e-05
9.5367e-07
0.0000e+00
2.3127e-05
9.5367e-07
0.0000e+00
2.1935e-05
1.1921e-06
0.0000e+00
2.0981e-05
9.5367e-07
0.0000e+00
2.1935e-05
0.0000e+00
0.0000e+00
2.1935e-05
9.5367e-07
3.0994e-06
9.5367e-07
9.5367e-07
0.0000e+00
2.2173e-05
9.5367e-07
0.0000e+00
2.0981e-05
1.1921e-06
0.0000e+00
2.2888e-05
1.1921e-06
0.0000e+00
2.1935e-05
9.5367e-07
0.0000e+00
2.2173e-05
9.5367e-07
0.0000e+00
2.1935e-05
9.5367e-07
0.0000e+00
2.0981e-05
0.0000e+00
1.9073e-06
0.0000e+00
1.2875e-05
0.0000e+00
2.2173e-05
0.0000e+00
0.0000e+00
2.1935e-05
9.5367e-07
0.0000e+00
2.7895e-05
9.5367e-07
0.0000e+00
2.2173e-05
9.5367e-07
2.8610e-06
1.1921e-06
1.4782e-05
0.0000e+00
2.1935e-05
9.5367e-07
0.0000e+00
2.5034e-05
9.5367e-07
0.0000e+00
2.1935e-05
9.5367e-07
0.0000e+00
2.0981e-05
1.1921e-06
0.0000e+00
2.1935e-05
0.0000e+00
2.1458e-06
0.0000e+00
1.5974e-05
0.0000e+00
2.4080e-05
9.5367e-07
0.0000e+00
2.1219e-05
0.0000e+00
0.0000e+00
2.0981e-05
9.5367e-07
0.0000e+00
2.2173e-05
9.5367e-07
0.0000e+00
2.1935e-05
1.1921e-06
0.0000e+00
2.1935e-05
9.5367e-07
0.0000e+00
2.0981e-05
9.5367e-07
0.0000e+00
3.0041e-05
9.5367e-07
0.0000e+00
2.1935e-05
1.1921e-06
0.0000e+00
2.0981e-05
9.5367e-07
0.0000e+00
2.1935e-05
0.0000e+00
0.0000e+00
2.1935e-05
9.5367e-07
0.0000e+00
2.1219e-05
4.0531e-06
0.0000e+00
2.2173e-05
9.5367e-07
0.0000e+00
2.0981e-05
9.5367e-07
0.0000e+00
2.1935e-05
1.1921e-06
0.0000e+00
2.1935e-05
9.5367e-07
2.1458e-06
0.0000e+00
5.9605e-06
2.1458e-06
9.5367e-07
2.0027e-05
0.0000e+00
2.1935e-05
4.0531e-06
2.1935e-05
0.0000e+00
0.0000e+00
0.0000e+00
2.1935e-05
9.5367e-07
0.0000e+00
2.1935e-05
9.5367e-07
0.0000e+00
2.2173e-05
9.5367e-07
0.0000e+00
2.2888e-05
0.0000e+00
0.0000e+00
2.1935e-05
9.5367e-07
0.0000e+00
2.2173e-05
2.8610e-06
0.0000e+00
2.1935e-05
9.5367e-07
0.0000e+00
2.1935e-05
3.0994e-06
0.0000e+00
2.5034e-05
9.5367e-07
0.0000e+00
2.0981e-05
0.0000e+00
0.0000e+00
2.7895e-05
9.5367e-07
0.0000e+00
2.2888e-05
3.0994e-06
0.0000e+00
2.0981e-05
1.1921e-06
0.0000e+00
2.1935e-05
9.5367e-07
0.0000e+00
2.2173e-05
0.0000e+00
1.9073e-06
0.0000e+00
1.4782e-05
0.0000e+00
2.1935e-05
9.5367e-07
2.1458e-06
9.5367e-07
2.0027e-05
0.0000e+00
2.1935e-05
9.5367e-07
0.0000e+00
2.7895e-05
9.5367e-07
0.0000e+00
2.1935e-05
9.5367e-07
0.0000e+00
2.0981e-05
0.0000e+00
0.0000e+00
2.1935e-05
9.5367e-07
0.0000e+00
2.1935e-05
1.1921e-06
0.0000e+00
2.0981e-05
9.5367e-07
0.0000e+00
2.2173e-05
9.5367e-07
1.9073e-06
1.1921e-06
1.8120e-05
0.0000e+00
2.8133e-05
9.5367e-07
0.0000e+00
2.3127e-05
9.5367e-07
0.0000e+00
2.1935e-05
0.0000e+00
0.0000e+00
2.1935e-05
3.0994e-06
0.0000e+00
2.0981e-05
5.0068e-06
0.0000e+00
2.0981e-05
1.1921e-06
0.0000e+00
2.0981e-05
1.9073e-06
0.0000e+00
2.0981e-05
1.9073e-06
2.1458e-06
9.5367e-07
1.4067e-05
0.0000e+00
2.2888e-05
9.5367e-07
0.0000e+00
2.2173e-05
9.5367e-07
3.0994e-06
9.5367e-07
7.8678e-06
0.0000e+00
2.1935e-05
9.5367e-07
0.0000e+00
2.0981e-05
1.9073e-06
8.1062e-06
0.0000e+00
2.2888e-05
0.0000e+00
2.1935e-05
9.5367e-07
0.0000e+00
2.0981e-05
9.5367e-07
1.9073e-06
1.0967e-05
7.8678e-06
9.0599e-06
0.0000e+00
1.2159e-05
9.5367e-07
0.0000e+00
2.0027e-05
0.0000e+00
2.1935e-05
6.9141e-06
0.0000e+00
2.1935e-05
9.5367e-07
0.0000e+00
2.0981e-05
0.0000e+00
0.0000e+00
2.1935e-05
9.5367e-07
0.0000e+00
2.0981e-05
9.5367e-07
0.0000e+00
2.1935e-05
9.5367e-07
2.1458e-06
9.5367e-07
3.0994e-06
0.0000e+00
2.3127e-05
9.5367e-07
9.5367e-07
0.0000e+00
1.9073e-05
0.0000e+00
2.2173e-05
7.8678e-06
0.0000e+00
2.2173e-05
9.5367e-07
0.0000e+00
2.1935e-05
9.5367e-07
1.9073e-06
9.5367e-07
2.0027e-05
0.0000e+00
2.1935e-05
0.0000e+00
0.0000e+00
2.1935e-05
9.5367e-07
0.0000e+00
2.9087e-05
9.5367e-07
0.0000e+00
2.2173e-05
0.0000e+00
0.0000e+00
2.1935e-05
1.1921e-06
9.5367e-07
0.0000e+00
1.8120e-05
0.0000e+00
2.1935e-05
9.5367e-07
0.0000e+00
2.2173e-05
9.5367e-07
0.0000e+00
2.1935e-05
1.1921e-06
0.0000e+00
2.1935e-05
9.5367e-07
0.0000e+00
2.8133e-05
9.5367e-07
0.0000e+00
2.3127e-05
9.5367e-07
0.0000e+00
2.0981e-05
9.5367e-07
0.0000e+00
2.0981e-05
9.5367e-07
0.0000e+00
2.0981e-05
9.5367e-07
0.0000e+00
2.5034e-05
1.1921e-06
0.0000e+00
2.1935e-05
9.5367e-07
0.0000e+00
2.2173e-05
9.5367e-07
0.0000e+00
2.9087e-05
9.5367e-07
0.0000e+00
2.1935e-05
1.1921e-06
1.9073e-06
9.5367e-07
3.0994e-06
0.0000e+00
2.1935e-05
7.8678e-06
0.0000e+00
2.1935e-05
1.0967e-05
0.0000e+00
2.1935e-05
9.5367e-07
0.0000e+00
2.2173e-05
9.5367e-07
0.0000e+00
2.1935e-05
0.0000e+00
0.0000e+00
2.8849e-05
2.1458e-06
0.0000e+00
2.1935e-05
9.5367e-07
0.0000e+00
2.2173e-05
9.5367e-07
0.0000e+00
2.1935e-05
9.5367e-07
0.0000e+00
2.1219e-05
2.8610e-06
0.0000e+00
2.1935e-05
2.8610e-06
0.0000e+00
2.0981e-05
9.5367e-07
0.0000e+00
2.1935e-05
9.5367e-07
0.0000e+00
2.3127e-05
9.5367e-07
0.0000e+00
2.1935e-05
9.5367e-07
1.9073e-06
0.0000e+00
9.0599e-06
1.3113e-05
0.0000e+00
9.0599e-06
0.0000e+00
2.1935e-05
7.1526e-06
0.0000e+00
2.1935e-05
1.1921e-05
0.0000e+00
2.0981e-05
9.5367e-07
0.0000e+00
2.1935e-05
1.1921e-06
0.0000e+00
2.7895e-05
1.1921e-06
0.0000e+00
2.1935e-05
9.5367e-07
3.0994e-06
9.5367e-07
2.1458e-06
0.0000e+00
2.1935e-05
2.1458e-06
0.0000e+00
2.1935e-05
8.1062e-06
0.0000e+00
2.1935e-05
9.5367e-07
0.0000e+00
2.2173e-05
9.5367e-07
0.0000e+00
2.1935e-05
9.5367e-07
4.0531e-06
0.0000e+00
9.5367e-07
0.0000e+00
2.3127e-05
9.5367e-07
2.2888e-05
0.0000e+00
0.0000e+00
0.0000e+00
2.1935e-05
9.5367e-07
0.0000e+00
2.1935e-05
9.5367e-07
2.1458e-06
9.5367e-07
1.2875e-05
1.1921e-05
0.0000e+00
9.0599e-06
0.0000e+00
2.1935e-05
0.0000e+00
0.0000e+00
2.1935e-05
9.5367e-07
0.0000e+00
2.1219e-05
1.9073e-06
0.0000e+00
2.3127e-05
0.0000e+00
0.0000e+00
2.1935e-05
1.1921e-06
0.0000e+00
2.1935e-05
0.0000e+00
2.1458e-06
0.0000e+00
1.7881e-05
4.0531e-06
0.0000e+00
2.0027e-05
0.0000e+00
2.1935e-05
1.1921e-06
0.0000e+00
2.0981e-05
9.0599e-06
0.0000e+00
2.1935e-05
9.5367e-07
0.0000e+00
2.7895e-05
9.5367e-07
0.0000e+00
2.1935e-05
9.5367e-07
0.0000e+00
2.0981e-05
0.0000e+00
0.0000e+00
2.1935e-05
9.5367e-07
0.0000e+00
2.1935e-05
1.1921e-06
0.0000e+00
2.1935e-05
0.0000e+00
0.0000e+00
2.2173e-05
9.5367e-07
2.1458e-06
9.5367e-07
7.8678e-06
0.0000e+00
2.8133e-05
9.5367e-07
0.0000e+00
2.1935e-05
1.1921e-06
0.0000e+00
2.1935e-05
9.5367e-07
0.0000e+00
2.1219e-05
9.5367e-07
0.0000e+00
2.0981e-05
9.5367e-07
0.0000e+00
2.2173e-05
9.5367e-07
0.0000e+00
2.1935e-05
9.5367e-07
0.0000e+00
2.4080e-05
9.5367e-07
1.9073e-06
0.0000e+00
0.0000e+00
0.0000e+00
2.2888e-05
1.1921e-06
0.0000e+00
2.1935e-05
0.0000e+00
1.9073e-05
9.5367e-07
9.5367e-07
0.0000e+00
2.2173e-05
0.0000e+00
0.0000e+00
2.1935e-05
1.1921e-06
0.0000e+00
2.1935e-05
9.5367e-07
0.0000e+00
2.2173e-05
1.2875e-05
0.0000e+00
2.1935e-05
9.5367e-07
0.0000e+00
2.1935e-05
1.1921e-06
0.0000e+00
2.1935e-05
9.5367e-07
3.0994e-06
0.0000e+00
1.0967e-05
0.0000e+00
2.2173e-05
9.5367e-07
0.0000e+00
2.0981e-05
1.1921e-06
0.0000e+00
2.1935e-05
9.5367e-07
0.0000e+00
2.0981e-05
9.5367e-07
0.0000e+00
2.1935e-05
1.1921e-06
0.0000e+00
2.1935e-05
9.5367e-07
0.0000e+00
2.0981e-05
9.5367e-07
0.0000e+00
2.0981e-05
1.1921e-06
0.0000e+00
2.1935e-05
9.5367e-07
0.0000e+00
2.2173e-05
3.8147e-06
0.0000e+00
2.2173e-05
9.5367e-07
0.0000e+00
2.0981e-05
2.1458e-06
1.9073e-06
9.5367e-07
9.5367e-07
0.0000e+00
2.2888e-05
1.1921e-06
0.0000e+00
2.1935e-05
0.0000e+00
5.0068e-06
0.0000e+00
1.1921e-05
0.0000e+00
2.1935e-05
9.5367e-07
0.0000e+00
2.0981e-05
1.0014e-05
0.0000e+00
2.1935e-05
1.1921e-06
1.9073e-06
9.5367e-07
2.0027e-05
0.0000e+00
2.1935e-05
6.9141e-06
8.1062e-06
0.0000e+00
4.0531e-06
0.0000e+00
2.4080e-05
9.5367e-07
0.0000e+00
2.1935e-05
9.5367e-07
0.0000e+00
2.1935e-05
9.5367e-07
0.0000e+00
2.0981e-05
0.0000e+00
0.0000e+00
2.0981e-05
9.5367e-07
0.0000e+00
2.0981e-05
2.1458e-06
0.0000e+00
2.1935e-05
0.0000e+00
0.0000e+00
2.1935e-05
1.9073e-06
0.0000e+00
2.3127e-05
3.0994e-06
0.0000e+00
2.0981e-05
9.5367e-07
0.0000e+00
2.2173e-05
0.0000e+00
1.9073e-06
0.0000e+00
2.5034e-05
0.0000e+00
2.1935e-05
9.5367e-07
0.0000e+00
2.0981e-05
9.5367e-07
0.0000e+00
2.1935e-05
9.5367e-07
0.0000e+00
2.0981e-05
1.9073e-06
4.0531e-06
0.0000e+00
9.0599e-06
0.0000e+00
2.4080e-05
9.5367e-07
0.0000e+00
2.0981e-05
0.0000e+00
0.0000e+00
2.0981e-05
5.9605e-06
9.5367e-07
0.0000e+00
2.0981e-05
1.4067e-05
9.5367e-07
8.8215e-06
0.0000e+00
2.1935e-05
9.5367e-07
0.0000e+00
2.2173e-05
3.8147e-06
0.0000e+00
2.2173e-05
1.9073e-06
0.0000e+00
2.3127e-05
9.5367e-07
0.0000e+00
2.2173e-05
9.5367e-07
0.0000e+00
2.1935e-05
9.5367e-07
4.0531e-06
0.0000e+00
1.8120e-05
0.0000e+00
2.1935e-05
4.0531e-06
0.0000e+00
2.0981e-05
2.1458e-06
2.8610e-06
0.0000e+00
2.6941e-05
0.0000e+00
2.5034e-05
9.5367e-07
0.0000e+00
2.9087e-05
9.5367e-07
0.0000e+00
2.3127e-05
3.0994e-06
0.0000e+00
2.1935e-05
9.5367e-07
0.0000e+00
2.0981e-05
1.9073e-06
0.0000e+00
2.2173e-05
9.5367e-07
1.9073e-06
1.1921e-06
1.9073e-06
0.0000e+00
2.1935e-05
1.1921e-06
0.0000e+00
2.1935e-05
9.5367e-07
0.0000e+00
2.0981e-05
9.5367e-07
0.0000e+00
2.3127e-05
9.5367e-07
0.0000e+00
2.0981e-05
9.5367e-07
5.0068e-06
0.0000e+00
9.5367e-07
0.0000e+00
2.1935e-05
9.5367e-07
0.0000e+00
2.1935e-05
9.5367e-07
0.0000e+00
2.0981e-05
1.1921e-06
2.6941e-05
0.0000e+00
9.5367e-07
0.0000e+00
2.3127e-05
9.5367e-07
0.0000e+00
2.8133e-05
9.5367e-07
0.0000e+00
2.2173e-05
9.5367e-07
0.0000e+00
2.0981e-05
0.0000e+00
0.0000e+00
2.2173e-05
5.9605e-06
0.0000e+00
2.1935e-05
2.1458e-06
0.0000e+00
2.0981e-05
9.5367e-07
0.0000e+00
2.1219e-05
3.8147e-06
0.0000e+00
2.0981e-05
1.9073e-06
0.0000e+00
2.2173e-05
9.5367e-07
0.0000e+00
2.2173e-05
9.5367e-07
0.0000e+00
2.1935e-05
9.5367e-07
0.0000e+00
2.0981e-05
0.0000e+00
0.0000e+00
2.1935e-05
9.5367e-07
1.9073e-06
9.5367e-07
1.4067e-05
2.1458e-06
0.0000e+00
2.0027e-05
0.0000e+00
2.0981e-05
9.5367e-07
0.0000e+00
2.4080e-05
9.5367e-07
0.0000e+00
2.2888e-05
1.1921e-06
0.0000e+00
2.1935e-05
9.5367e-07
3.0994e-06
0.0000e+00
9.5367e-07
0.0000e+00
2.0981e-05
9.5367e-07
0.0000e+00
2.1935e-05
3.0994e-06
0.0000e+00
2.0981e-05
3.0994e-06
2.3842e-05
1.1921e-06
1.1921e-06
0.0000e+00
2.1935e-05
9.5367e-07
0.0000e+00
2.8133e-05
9.5367e-07
0.0000e+00
2.2173e-05
9.5367e-07
6.9141e-06
0.0000e+00
7.1526e-06
0.0000e+00
2.1935e-05
9.5367e-07
0.0000e+00
2.1219e-05
6.9141e-06
0.0000e+00
2.2173e-05
9.5367e-07
0.0000e+00
2.1935e-05
9.5367e-07
0.0000e+00
2.1935e-05
9.5367e-07
0.0000e+00
2.9087e-05
1.9073e-06
0.0000e+00
2.2173e-05
9.5367e-07
0.0000e+00
2.1935e-05
9.5367e-07
0.0000e+00
2.1935e-05
9.5367e-07
0.0000e+00
2.2173e-05
9.5367e-07
0.0000e+00
2.0981e-05
9.5367e-07
0.0000e+00
2.0981e-05
9.5367e-07
0.0000e+00
2.0981e-05
2.1458e-06
0.0000e+00
2.2888e-05
0.0000e+00
0.0000e+00
2.1935e-05
0.0000e+00
0.0000e+00
2.2173e-05
1.1921e-06
0.0000e+00
2.0981e-05
9.5367e-07
2.1458e-06
0.0000e+00
1.0967e-05
2.1458e-06
9.5367e-07
2.0027e-05
0.0000e+00
2.1935e-05
9.5367e-07
0.0000e+00
2.3127e-05
9.5367e-07
0.0000e+00
2.6941e-05
2.1458e-06
0.0000e+00
2.5988e-05
9.5367e-07
0.0000e+00
2.1935e-05
1.1921e-06
0.0000e+00
2.0981e-05
9.5367e-07
0.0000e+00
2.1935e-05
1.1921e-06
0.0000e+00
2.0981e-05
0.0000e+00
0.0000e+00
2.1935e-05
1.1921e-06
5.0068e-06
9.5367e-07
5.0068e-06
0.0000e+00
3.1948e-05
1.1921e-06
0.0000e+00
2.1935e-05
9.5367e-07
0.0000e+00
2.2173e-05
9.5367e-07
1.9073e-06
1.1921e-06
1.5974e-05
0.0000e+00
2.0981e-05
9.5367e-07
0.0000e+00
2.0981e-05
9.5367e-07
5.0068e-06
0.0000e+00
1.6928e-05
0.0000e+00
2.3127e-05
9.5367e-07
0.0000e+00
2.1935e-05
7.1526e-06
0.0000e+00
2.9087e-05
1.9073e-06
0.0000e+00
2.1935e-05
1.1921e-06
2.8610e-06
0.0000e+00
9.5367e-07
1.9073e-06
0.0000e+00
1.9789e-05
0.0000e+00
2.1935e-05
0.0000e+00
0.0000e+00
2.0981e-05
1.1921e-06
0.0000e+00
2.0981e-05
9.5367e-07
3.0994e-06
9.5367e-07
2.6941e-05
0.0000e+00
2.1935e-05
5.0068e-06
0.0000e+00
2.9087e-05
1.9073e-06
1.9073e-06
0.0000e+00
0.0000e+00
0.0000e+00
2.1935e-05
9.5367e-07
0.0000e+00
2.2173e-05
9.5367e-07
0.0000e+00
2.2173e-05
9.5367e-07
0.0000e+00
2.1935e-05
9.5367e-07
3.0994e-06
0.0000e+00
1.6928e-05
2.1458e-06
0.0000e+00
2.0027e-05
0.0000e+00
2.2173e-05
9.5367e-07
0.0000e+00
3.0994e-05
2.1458e-06
0.0000e+00
2.1935e-05
0.0000e+00
0.0000e+00
2.1935e-05
9.5367e-07
0.0000e+00
2.2173e-05
9.5367e-07
0.0000e+00
2.1935e-05
0.0000e+00
0.0000e+00
2.2173e-05
9.5367e-07
0.0000e+00
2.1935e-05
9.5367e-07
0.0000e+00
2.2173e-05
1.9073e-06
0.0000e+00
2.3127e-05
9.5367e-07
0.0000e+00
2.0981e-05
9.5367e-07
0.0000e+00
2.0981e-05
9.5367e-07
0.0000e+00
2.2173e-05
9.5367e-07
0.0000e+00
2.0981e-05
9.5367e-07
0.0000e+00
2.2173e-05
0.0000e+00
0.0000e+00
2.1935e-05
1.1921e-06
0.0000e+00
2.6941e-05
9.5367e-07
0.0000e+00
2.1935e-05
9.5367e-07
0.0000e+00
2.1935e-05
1.1921e-06
0.0000e+00
2.0981e-05
9.5367e-07
0.0000e+00
2.2173e-05
9.5367e-07
0.0000e+00
2.1935e-05
9.5367e-07
0.0000e+00
2.0981e-05
9.5367e-07
0.0000e+00
2.1935e-05
9.5367e-07
0.0000e+00
2.2888e-05
1.1921e-06
0.0000e+00
2.1935e-05
9.5367e-07
0.0000e+00
2.2173e-05
9.5367e-07
0.0000e+00
2.0981e-05
0.0000e+00
2.1458e-06
0.0000e+00
4.0531e-06
9.5367e-07
0.0000e+00
2.0981e-05
0.0000e+00
2.1935e-05
9.5367e-07
0.0000e+00
2.2173e-05
7.8678e-06
0.0000e+00
2.2173e-05
9.5367e-07
0.0000e+00
2.2173e-05
9.5367e-07
4.0531e-06
0.0000e+00
0.0000e+00
1.1921e-06
9.5367e-07
1.4067e-05
0.0000e+00
2.5034e-05
9.5367e-07
0.0000e+00
2.1935e-05
2.1458e-06
0.0000e+00
2.0981e-05
9.5367e-07
0.0000e+00
2.3127e-05
9.5367e-07
0.0000e+00
2.1935e-05
7.1526e-06
0.0000e+00
3.0041e-05
1.9073e-06
0.0000e+00
2.1935e-05
9.5367e-07
0.0000e+00
2.1935e-05
9.5367e-07
0.0000e+00
2.0981e-05
9.5367e-07
0.0000e+00
2.1935e-05
9.5367e-07
0.0000e+00
2.0981e-05
0.0000e+00
0.0000e+00
2.1935e-05
9.5367e-07
0.0000e+00
2.1219e-05
9.5367e-07
0.0000e+00
2.3127e-05
1.1921e-06
2.8610e-06
9.5367e-07
9.0599e-06
0.0000e+00
2.2173e-05
9.5367e-07
0.0000e+00
2.1935e-05
9.5367e-07
0.0000e+00
2.2173e-05
9.5367e-07
9.0599e-06
0.0000e+00
1.1921e-05
3.0994e-06
0.0000e+00
2.0027e-05
1.9073e-06
0.0000e+00
2.5034e-05
0.0000e+00
2.1935e-05
1.9073e-06
0.0000e+00
2.7895e-05
1.9073e-06
0.0000e+00
2.3127e-05
9.5367e-07
0.0000e+00
2.2173e-05
0.0000e+00
0.0000e+00
2.1935e-05
9.5367e-07
0.0000e+00
2.1219e-05
0.0000e+00
9.5367e-07
0.0000e+00
1.4067e-05
2.1458e-06
9.5367e-07
2.6941e-05
3.0994e-06
0.0000e+00
2.0981e-05
0.0000e+00
2.3127e-05
1.1921e-06
0.0000e+00
2.7895e-05
1.1921e-06
0.0000e+00
2.1935e-05
9.5367e-07
0.0000e+00
2.2173e-05
9.5367e-07
0.0000e+00
2.5034e-05
9.5367e-07
2.1458e-06
0.0000e+00
2.8610e-06
0.0000e+00
2.1935e-05
6.9141e-06
9.5367e-07
0.0000e+00
2.1935e-05
0.0000e+00
2.1935e-05
9.5367e-07
0.0000e+00
2.0981e-05
1.1921e-06
0.0000e+00
3.0041e-05
1.9073e-06
0.0000e+00
2.1935e-05
1.1921e-06
0.0000e+00
2.1935e-05
0.0000e+00
0.0000e+00
2.0981e-05
1.1921e-06
0.0000e+00
2.1935e-05
5.9605e-06
0.0000e+00
2.1219e-05
9.5367e-07
1.9073e-06
0.0000e+00
1.9073e-05
0.0000e+00
2.1935e-05
9.5367e-07
9.5367e-07
0.0000e+00
9.5367e-07
0.0000e+00
2.3127e-05
9.5367e-07
0.0000e+00
2.1935e-05
9.5367e-07
0.0000e+00
2.0981e-05
0.0000e+00
1.5020e-05
9.5367e-07
1.3113e-05
0.0000e+00
2.1935e-05
9.5367e-07
1.1921e-05
1.1921e-06
1.1921e-06
2.8610e-06
0.0000e+00
1.8835e-05
0.0000e+00
2.2173e-05
5.0068e-06
0.0000e+00
2.1935e-05
1.9073e-06
1.9073e-06
0.0000e+00
1.6212e-05
0.0000e+00
2.2888e-05
1.1921e-06
0.0000e+00
2.1935e-05
0.0000e+00
0.0000e+00
2.2173e-05
1.1921e-06
0.0000e+00
2.0981e-05
9.5367e-07
0.0000e+00
2.2173e-05
9.5367e-07
0.0000e+00
2.0981e-05
9.5367e-07
0.0000e+00
2.0981e-05
1.9073e-06
0.0000e+00
2.2888e-05
0.0000e+00
0.0000e+00
2.1935e-05
9.5367e-07
0.0000e+00
2.5034e-05
7.1526e-06
0.0000e+00
2.1935e-05
9.5367e-07
0.0000e+00
2.2173e-05
9.5367e-07
4.0531e-06
0.0000e+00
1.8120e-05
0.0000e+00
2.1935e-05
9.5367e-07
0.0000e+00
2.1935e-05
9.5367e-07
0.0000e+00
2.1935e-05
9.5367e-07
0.0000e+00
2.1935e-05
1.1921e-06
0.0000e+00
2.1935e-05
9.5367e-07
0.0000e+00
2.2173e-05
9.5367e-07
3.0994e-06
9.5367e-07
1.3828e-05
0.0000e+00
2.1935e-05
9.5367e-07
0.0000e+00
2.0981e-05
1.1921e-06
0.0000e+00
2.0981e-05
3.0994e-06
0.0000e+00
2.9087e-05
1.1921e-06
0.0000e+00
2.1935e-05
1.1921e-06
1.9073e-06
0.0000e+00
1.9073e-05
0.0000e+00
2.1935e-05
1.1921e-06
1.9073e-06
9.5367e-07
4.0531e-06
0.0000e+00
2.1935e-05
9.5367e-07
0.0000e+00
2.1935e-05
9.5367e-07
0.0000e+00
2.2173e-05
0.0000e+00
0.0000e+00
2.1935e-05
7.1526e-06
0.0000e+00
2.2888e-05
3.0994e-06
3.0994e-06
9.5367e-07
3.0041e-05
0.0000e+00
2.1935e-05
0.0000e+00
0.0000e+00
2.2173e-05
9.5367e-07
0.0000e+00
2.0981e-05
9.5367e-07
0.0000e+00
2.2173e-05
9.5367e-07
0.0000e+00
2.1935e-05
1.1921e-06
0.0000e+00
2.1935e-05
9.5367e-07
9.5367e-07
0.0000e+00
5.0068e-06
0.0000e+00
2.1935e-05
6.9141e-06
0.0000e+00
2.1935e-05
9.5367e-07
0.0000e+00
2.2173e-05
9.5367e-07
1.4067e-05
0.0000e+00
9.5367e-07
3.0994e-06
0.0000e+00
1.7881e-05
0.0000e+00
2.2173e-05
0.0000e+00
0.0000e+00
2.1935e-05
9.5367e-07
0.0000e+00
2.1935e-05
9.5367e-07
0.0000e+00
2.2888e-05
9.5367e-07
0.0000e+00
2.0981e-05
6.9141e-06
0.0000e+00
2.0981e-05
9.5367e-07
0.0000e+00
2.1935e-05
9.5367e-07
2.1458e-06
0.0000e+00
2.0027e-05
0.0000e+00
2.1935e-05
9.5367e-07
0.0000e+00
2.2173e-05
9.5367e-07
0.0000e+00
2.0981e-05
2.1458e-06
0.0000e+00
2.2888e-05
9.5367e-07
0.0000e+00
2.2173e-05
9.5367e-07
0.0000e+00
2.1935e-05
0.0000e+00
5.9605e-06
0.0000e+00
1.5020e-05
3.0994e-06
9.5367e-07
2.0027e-05
0.0000e+00
2.1935e-05
9.5367e-07
7.1526e-06
0.0000e+00
1.5020e-05
0.0000e+00
2.1935e-05
9.5367e-07
0.0000e+00
2.1935e-05
9.5367e-07
3.0994e-06
9.5367e-07
2.3127e-05
0.0000e+00
2.1935e-05
2.1458e-06
2.8610e-06
9.5367e-07
2.0027e-05
0.0000e+00
2.3127e-05
9.5367e-07
0.0000e+00
2.0981e-05
1.1921e-06
0.0000e+00
2.1935e-05
9.5367e-07
0.0000e+00
2.1935e-05
1.1921e-06
0.0000e+00
2.0981e-05
9.5367e-07
0.0000e+00
2.8133e-05
9.5367e-07
0.0000e+00
2.2173e-05
9.5367e-07
0.0000e+00
2.5034e-05
9.5367e-07
2.1458e-06
9.5367e-07
1.2875e-05
0.0000e+00
2.3127e-05
9.5367e-07
0.0000e+00
2.1935e-05
9.5367e-07
9.5367e-07
9.5367e-07
5.9605e-06
0.0000e+00
2.1935e-05
6.9141e-06
0.0000e+00
2.1935e-05
2.1458e-06
9.5367e-07
0.0000e+00
1.0967e-05
0.0000e+00
2.2888e-05
9.5367e-07
0.0000e+00
2.2173e-05
9.5367e-07
0.0000e+00
2.1935e-05
1.1921e-06
0.0000e+00
2.1935e-05
9.5367e-07
0.0000e+00
2.1935e-05
1.1921e-06
0.0000e+00
2.1935e-05
9.5367e-07
0.0000e+00
2.1219e-05
1.2875e-05
0.0000e+00
2.8133e-05
9.5367e-07
0.0000e+00
2.2173e-05
9.5367e-07
0.0000e+00
2.1935e-05
0.0000e+00
0.0000e+00
2.1935e-05
1.9073e-06
1.9073e-06
9.5367e-07
2.0027e-05
0.0000e+00
2.1935e-05
1.1921e-06
0.0000e+00
2.1935e-05
9.5367e-07
2.1458e-06
9.5367e-07
2.5034e-05
0.0000e+00
2.1935e-05
9.5367e-07
0.0000e+00
2.1935e-05
9.5367e-07
2.1458e-06
0.0000e+00
0.0000e+00
2.1458e-06
9.5367e-07
2.0981e-05
8.1062e-06
0.0000e+00
1.2875e-05
0.0000e+00
2.1935e-05
4.0531e-06
0.0000e+00
2.1935e-05
9.5367e-07
0.0000e+00
2.2173e-05
7.8678e-06
0.0000e+00
2.0981e-05
9.5367e-07
0.0000e+00
2.0981e-05
1.1921e-06
0.0000e+00
2.1935e-05
9.5367e-07
0.0000e+00
2.4796e-05
1.0014e-05
0.0000e+00
2.0981e-05
9.0599e-06
0.0000e+00
2.1935e-05
1.9073e-06
0.0000e+00
2.0981e-05
9.5367e-07
0.0000e+00
2.1935e-05
1.0014e-05
0.0000e+00
2.2173e-05
9.5367e-07
0.0000e+00
2.7895e-05
9.5367e-07
4.0531e-06
0.0000e+00
9.5367e-07
0.0000e+00
2.3127e-05
9.5367e-07
0.0000e+00
2.1935e-05
1.1921e-06
0.0000e+00
2.0981e-05
9.5367e-07
0.0000e+00
2.0981e-05
8.1062e-06
5.0068e-06
0.0000e+00
2.4080e-05
0.0000e+00
2.1935e-05
1.9073e-06
0.0000e+00
2.0981e-05
9.5367e-07
0.0000e+00
3.4094e-05
3.2981e-02
