1.1475e-02
1.2197e-02
9.3937e-05
2.4598e-02
3.0994e-06
3.0422e-02
4.0531e-06
1.6928e-05
6.1035e-05
3.2825e-02
3.0994e-06
6.9141e-06
4.9114e-05
1.1921e-06
3.3855e-05
3.8145e-02
2.8610e-06
1.1921e-05
5.1022e-05
4.4303e-02
1.6904e-04
1.2875e-05
5.3883e-05
1.0083e-02
2.8610e-06
3.0994e-06
4.6968e-05
2.6782e-03
3.0994e-06
4.5204e-04
1.9073e-06
3.1996e-04
1.9073e-06
2.1458e-06
4.2915e-05
1.1921e-06
6.1035e-05
1.2702e-02
1.9073e-06
5.0068e-06
7.5817e-05
1.9073e-06
1.1611e-04
1.9073e-06
3.6001e-05
7.1597e-04
1.0014e-04
2.0885e-04
3.0994e-06
9.5367e-07
1.1301e-04
2.1505e-04
3.7909e-05
3.0994e-06
6.1989e-05
3.0994e-06
3.4809e-05
2.4700e-04
1.0896e-04
3.7408e-04
3.8147e-05
7.0095e-05
1.9073e-06
1.9073e-06
3.8147e-05
1.9279e-03
4.5061e-05
3.8490e-03
2.8610e-06
5.0068e-06
4.6015e-05
9.5367e-07
3.5048e-05
1.0705e-02
3.0994e-06
1.7595e-04
1.9073e-06
2.1458e-06
4.2915e-05
8.7471e-03
3.0994e-06
1.2803e-04
3.0994e-06
1.9073e-06
4.3154e-05
2.8181e-04
1.9073e-06
1.9073e-06
3.6955e-05
1.0610e-04
2.1458e-06
5.3883e-05
1.9073e-06
1.9073e-06
3.6955e-05
3.9101e-05
3.9101e-05
1.2898e-04
9.3937e-05
9.9897e-04
4.3869e-05
1.2722e-03
2.1458e-06
4.1389e-04
1.9073e-06
9.7990e-05
1.9073e-06
9.5367e-07
4.1008e-05
2.7204e-04
2.1458e-06
9.5367e-07
3.6955e-05
3.1114e-04
2.1458e-06
1.9073e-06
3.6001e-05
1.3995e-04
1.0610e-04
1.2207e-04
3.0994e-06
1.9073e-06
3.6001e-05
2.7204e-04
3.7193e-05
3.2711e-04
2.1458e-06
2.6989e-04
1.9073e-06
7.2956e-05
1.9073e-06
4.0054e-05
3.0994e-06
8.9884e-05
2.8610e-06
6.5088e-05
2.1458e-06
2.1935e-05
3.0994e-06
9.5367e-07
3.8147e-05
8.7976e-05
8.4162e-05
1.9073e-06
3.6001e-05
1.0300e-04
1.9073e-06
8.0109e-05
2.1458e-06
9.5367e-07
3.6001e-05
3.2306e-04
2.1458e-06
4.1962e-05
2.1458e-06
1.0800e-04
2.1458e-06
1.9073e-06
4.0054e-05
2.4009e-04
3.6001e-05
2.1601e-04
2.1458e-06
1.9073e-06
3.6955e-05
3.1090e-04
1.9073e-06
3.0994e-06
3.7909e-05
8.5115e-05
2.1458e-06
8.7023e-05
3.0994e-06
1.2398e-04
2.1458e-06
1.9073e-06
3.9101e-05
9.2030e-05
1.9073e-06
3.7193e-05
1.9073e-06
9.5367e-07
3.6001e-05
2.1100e-04
1.9073e-06
9.5367e-07
8.3208e-05
9.5367e-07
3.5048e-05
4.1008e-05
2.1458e-06
8.2016e-05
2.8610e-06
2.1935e-05
3.0994e-06
6.2943e-05
2.1458e-06
1.9073e-06
3.6001e-05
1.2398e-04
1.9073e-06
7.2002e-05
2.8610e-06
2.1458e-06
3.6955e-05
5.4121e-05
3.6001e-05
3.8862e-05
1.9073e-06
9.5367e-07
3.7193e-05
9.5367e-07
3.3140e-05
4.7922e-05
3.7193e-05
1.0490e-04
1.9073e-06
2.1458e-06
3.5763e-05
2.4009e-04
2.1458e-06
2.0409e-04
2.1458e-06
1.9073e-06
3.6001e-05
1.0800e-04
8.1062e-05
3.2401e-04
2.8610e-06
2.3127e-05
1.9073e-06
3.6955e-05
2.1458e-06
9.5367e-07
3.6955e-05
7.1049e-05
2.5702e-04
3.9816e-04
2.1458e-06
1.9073e-06
3.7909e-05
1.4062e-03
2.8610e-06
1.3804e-04
1.9073e-06
1.9073e-06
4.1008e-05
4.3869e-05
9.4891e-05
1.4615e-04
2.1458e-06
1.6928e-05
2.1458e-06
6.6042e-05
2.1458e-06
9.5367e-07
3.6001e-05
1.1706e-04
1.9073e-06
1.9073e-06
3.7193e-05
9.0837e-05
2.8610e-06
2.1458e-06
3.6955e-05
6.6042e-05
3.6955e-05
1.5306e-04
2.1458e-06
3.9101e-05
1.9073e-06
9.5367e-07
3.7193e-05
3.9816e-05
1.9073e-06
9.5367e-07
3.6001e-05
4.6968e-05
3.5048e-05
7.7009e-05
3.6001e-05
1.9073e-06
3.4094e-05
3.7909e-05
3.6001e-05
4.6015e-05
8.2016e-05
2.1458e-06
3.6001e-05
1.9693e-04
2.8610e-06
8.0109e-05
1.9073e-06
9.5367e-07
3.6955e-05
2.4199e-04
3.6001e-05
5.2094e-04
1.9073e-06
2.1458e-06
3.8862e-05
1.6022e-04
1.9073e-06
1.1921e-06
3.6001e-05
9.9897e-05
1.9073e-06
2.5034e-05
2.8610e-06
9.5367e-07
3.8862e-05
5.0068e-05
3.7193e-05
1.9073e-06
3.4094e-05
1.4782e-04
1.9073e-06
8.7976e-05
1.9073e-06
3.7193e-05
1.9073e-06
2.2173e-05
1.9073e-06
1.9073e-06
3.6001e-05
9.5367e-07
3.5048e-05
2.4891e-04
3.6955e-05
2.0695e-04
3.6001e-05
2.2101e-04
3.6001e-05
4.8161e-05
1.9073e-06
9.5367e-07
3.6001e-05
1.8096e-04
1.9073e-06
4.0698e-04
2.1458e-06
9.5367e-07
4.0054e-05
1.2589e-04
1.9073e-06
1.1921e-06
1.0395e-04
4.1962e-05
1.9073e-06
9.5367e-07
3.6001e-05
9.9182e-05
3.6001e-05
2.1458e-06
3.2902e-05
1.7595e-04
1.9073e-06
9.5367e-07
3.6001e-05
9.5367e-07
3.4094e-05
1.1921e-06
3.2902e-05
7.7963e-05
8.3923e-05
4.1962e-05
1.9073e-06
9.5367e-07
3.6001e-05
9.2030e-05
3.6955e-05
1.9073e-06
3.4094e-05
3.0994e-06
3.6001e-05
9.6798e-05
3.6955e-05
1.3518e-04
5.3167e-05
2.1458e-06
8.2970e-05
3.4752e-03
3.0994e-06
8.2378e-03
2.8610e-06
3.2496e-04
2.1458e-06
7.1690e-03
1.9073e-06
9.0599e-06
4.7922e-05
1.6661e-02
2.8610e-06
1.0156e-02
3.0994e-06
1.0164e-02
1.9073e-06
3.8147e-06
5.5075e-05
5.5830e-03
2.1458e-06
1.2708e-04
2.1458e-06
1.9073e-06
1.0109e-04
9.2671e-03
3.0994e-06
1.4400e-04
2.1458e-06
9.5367e-07
4.3154e-05
5.8007e-04
3.0994e-06
1.9073e-06
4.1962e-05
9.5367e-07
3.5048e-05
2.5420e-03
2.8610e-06
3.8147e-06
4.4107e-05
3.6869e-03
8.5115e-05
1.6291e-03
1.2207e-04
1.6959e-03
4.6015e-05
2.0041e-03
4.5061e-05
1.0071e-02
5.1975e-05
2.5232e-03
3.0994e-06
2.8610e-06
4.1008e-05
1.2803e-04
2.8610e-06
1.9479e-04
2.8610e-06
1.1921e-06
3.6955e-05
9.5367e-07
8.6069e-05
2.8470e-03
2.1458e-06
2.9087e-05
1.9073e-06
6.0840e-03
3.0994e-06
2.3699e-04
2.1458e-06
4.4823e-05
1.9073e-06
1.1921e-06
4.1962e-05
6.2943e-05
4.6015e-05
1.5359e-03
4.2915e-05
3.0994e-06
3.5048e-05
7.2193e-04
1.9073e-06
6.0105e-04
1.9073e-06
2.8610e-06
4.1008e-05
1.1921e-06
3.3855e-05
5.7936e-05
4.5061e-05
6.1703e-04
3.9101e-05
9.7990e-05
3.6001e-05
2.6488e-04
1.9073e-06
2.1458e-06
3.6001e-05
3.2496e-04
3.0994e-06
9.5367e-07
1.0300e-04
1.9073e-06
3.3855e-05
3.0708e-04
3.6001e-05
2.1911e-04
2.8610e-06
2.1219e-04
2.8610e-06
2.1458e-06
3.6955e-05
1.0896e-04
2.1458e-06
1.9073e-06
3.8147e-05
5.4836e-05
1.9073e-06
9.5367e-07
3.6001e-05
8.7595e-04
2.1458e-06
1.8692e-04
1.9073e-06
8.0895e-04
3.0994e-06
4.0531e-06
4.9829e-05
6.3396e-04
4.3154e-05
6.1202e-04
4.1962e-05
1.2016e-04
3.6955e-05
3.3903e-04
1.9073e-06
2.1458e-06
3.6955e-05
9.5367e-07
3.4094e-05
2.8920e-04
1.9073e-06
2.9588e-04
2.1458e-06
8.2970e-05
1.9073e-06
9.5367e-07
3.7193e-05
9.5367e-07
1.3089e-04
5.0592e-04
4.0054e-05
6.3181e-05
3.6955e-05
3.3140e-05
3.6001e-05
5.6028e-05
3.6001e-05
2.0981e-05
1.9073e-06
9.5367e-07
9.2983e-05
3.7789e-04
3.0994e-06
9.5367e-07
3.6955e-05
1.1206e-04
3.6001e-05
2.4891e-04
1.9073e-06
2.1458e-06
3.6955e-05
3.5040e-03
2.8610e-06
5.0068e-06
4.9829e-05
2.1310e-03
3.0994e-06
2.8610e-06
4.8161e-05
2.0790e-04
3.0994e-06
1.9073e-06
4.0054e-05
9.5367e-07
3.6001e-05
2.4910e-03
6.1989e-05
1.1830e-03
2.1458e-06
4.0531e-06
4.3154e-05
1.7810e-04
7.2002e-05
2.0289e-03
1.7405e-04
1.8120e-03
4.6968e-05
2.2316e-04
3.6955e-05
1.9073e-06
1.3709e-04
1.9073e-06
3.5048e-05
1.6179e-03
4.1008e-05
3.0994e-06
3.5048e-05
1.6508e-03
2.8610e-06
3.9608e-03
2.8610e-06
2.1698e-03
3.0994e-06
7.1526e-06
9.8944e-05
2.3601e-03
4.2915e-05
3.0994e-06
3.5048e-05
1.2398e-04
3.0994e-06
1.2898e-04
3.0994e-06
9.5367e-07
3.6955e-05
4.0007e-04
3.6955e-05
4.2069e-03
2.1458e-06
4.6968e-05
1.9073e-06
9.5367e-07
1.2803e-04
1.3804e-04
3.7909e-05
2.7204e-04
3.9816e-05
2.7299e-04
2.1458e-06
1.5807e-04
3.0994e-06
1.9073e-06
3.7909e-05
1.1921e-06
3.3855e-05
1.5252e-03
3.0994e-06
3.3092e-04
1.9073e-06
2.1458e-06
4.1008e-05
2.7299e-04
1.9073e-06
2.0814e-04
3.0994e-06
1.9073e-06
4.0054e-05
6.3801e-04
1.9073e-06
4.4107e-05
2.8610e-06
1.1921e-06
3.6955e-05
2.5892e-04
2.1458e-06
9.5367e-07
3.6001e-05
2.8777e-04
1.9073e-06
1.9073e-06
5.1022e-05
2.8896e-04
1.9073e-06
9.5367e-07
8.7023e-05
2.1458e-06
3.4094e-05
3.8695e-04
2.1458e-06
9.5367e-07
3.6001e-05
6.4135e-05
3.6001e-05
5.8603e-04
4.1008e-05
3.1304e-04
3.7909e-05
6.9141e-05
3.6001e-05
4.4107e-05
9.1076e-05
8.8930e-05
1.9073e-06
9.5367e-07
3.6001e-05
5.3883e-05
3.5048e-05
1.2398e-04
2.1458e-06
5.6028e-05
3.0994e-06
1.9073e-06
3.7909e-05
4.4823e-05
3.5048e-05
4.6015e-05
3.6001e-05
6.9141e-05
3.0994e-06
1.7500e-04
4.5061e-05
4.6492e-04
2.8610e-06
9.5367e-07
3.6955e-05
9.5367e-07
3.3855e-05
2.0289e-04
1.9073e-06
9.5129e-05
2.1458e-06
1.0586e-04
1.9073e-06
2.1458e-06
3.7909e-05
9.5367e-07
3.5048e-05
2.2888e-04
1.9073e-06
1.5306e-04
1.9073e-06
8.2016e-05
2.1458e-06
3.0994e-06
3.6955e-05
9.2030e-05
1.9073e-06
1.5903e-04
2.1458e-06
9.9897e-05
1.9073e-06
2.3127e-05
1.9073e-06
6.7949e-05
2.1458e-06
2.2888e-05
2.1458e-06
3.5048e-05
2.1458e-06
9.5367e-07
3.6955e-05
3.9101e-05
2.1458e-06
1.9073e-06
3.7193e-05
1.6093e-04
3.0994e-06
1.9073e-06
8.7023e-05
3.0994e-06
3.4094e-05
4.6015e-05
3.6001e-05
1.2088e-04
1.9073e-06
9.5367e-07
3.6001e-05
7.4863e-05
3.6001e-05
3.1948e-05
3.7193e-05
1.9073e-06
4.7994e-04
3.0804e-04
3.0994e-06
7.5102e-05
1.9073e-06
4.6015e-05
1.9073e-06
7.9155e-05
2.1458e-06
9.5367e-07
3.6955e-05
4.1008e-05
3.6001e-05
1.1301e-04
2.1458e-06
2.4509e-04
2.8610e-06
9.4175e-05
3.0994e-06
1.1921e-06
3.6001e-05
2.2602e-04
3.8147e-05
9.5844e-05
8.3923e-05
1.5879e-04
3.6001e-05
1.1396e-04
2.1458e-06
9.5367e-07
5.1022e-05
1.0140e-03
3.9101e-05
9.5367e-07
3.4094e-05
1.3804e-04
2.8610e-06
1.1086e-04
1.9073e-06
9.5367e-07
3.6001e-05
4.1318e-04
8.2970e-05
5.0783e-05
2.8610e-06
1.4019e-04
3.0994e-06
1.0085e-04
1.9073e-06
1.9073e-06
3.7193e-05
2.5582e-04
1.9073e-06
2.4080e-05
2.1458e-06
3.2902e-05
1.9073e-06
9.5367e-07
3.7193e-05
1.9073e-06
3.5048e-05
9.5367e-07
3.3140e-05
7.9155e-05
2.1458e-06
9.1076e-05
3.0994e-06
8.8930e-05
2.1458e-06
1.4806e-04
2.1458e-06
2.4080e-05
1.9073e-06
2.1458e-06
3.6955e-05
9.7036e-05
3.0994e-06
9.5367e-07
3.6001e-05
1.2994e-04
1.9073e-06
9.5367e-07
3.7909e-05
9.5367e-07
3.4094e-05
8.8930e-05
8.1778e-05
4.2200e-05
2.8610e-06
7.6056e-05
3.0994e-06
1.9073e-06
3.6955e-05
2.1458e-06
3.3855e-05
6.2943e-05
3.6001e-05
3.7193e-05
3.6001e-05
8.2970e-05
3.8147e-05
1.9073e-06
3.5048e-05
6.0081e-05
8.4162e-05
3.8862e-05
3.6001e-05
1.9073e-06
3.4094e-05
9.5367e-07
3.5048e-05
1.2088e-04
3.6955e-05
9.5367e-07
3.3855e-05
8.2970e-05
2.8610e-06
2.0218e-04
1.9073e-06
6.8188e-05
2.8610e-06
3.5048e-05
2.1458e-06
4.1008e-05
1.9073e-06
5.4121e-05
1.9073e-06
1.9073e-06
3.8147e-05
9.5367e-07
3.4094e-05
4.0698e-04
3.0994e-06
2.8896e-04
2.1458e-06
1.9073e-06
4.0054e-05
2.3699e-04
1.9073e-06
9.5367e-07
3.6955e-05
2.2101e-04
3.0994e-06
1.7905e-04
2.1458e-06
9.5367e-07
8.8930e-05
2.1458e-06
3.5048e-05
9.5367e-07
3.4094e-05
2.2388e-04
3.6001e-05
1.5991e-03
4.4107e-05
2.9302e-04
4.1962e-05
3.6883e-04
1.9073e-06
9.5367e-07
3.6955e-05
2.6798e-04
3.0994e-06
1.9073e-06
3.8147e-05
2.8896e-04
2.1458e-06
9.5367e-07
3.9101e-05
2.5511e-04
1.9073e-06
1.6618e-04
2.1458e-06
9.4891e-05
1.9073e-06
9.5367e-07
3.7909e-05
1.5903e-04
3.6001e-05
2.4986e-04
1.9073e-06
2.5606e-04
1.9073e-06
6.6042e-05
2.1458e-06
3.2902e-05
1.9073e-06
2.1458e-06
3.6955e-05
1.4901e-04
1.9073e-06
1.5092e-04
2.8610e-06
9.5367e-07
3.6955e-05
1.1396e-04
3.6001e-05
6.6996e-05
3.5048e-05
5.3596e-04
3.0994e-06
2.7895e-05
3.0994e-06
9.5367e-07
3.6955e-05
2.1458e-06
8.5831e-05
1.3900e-04
2.1458e-06
9.5367e-07
3.6001e-05
9.5367e-07
3.4094e-05
4.4107e-04
3.8147e-05
3.4404e-04
3.9101e-05
4.4489e-04
3.9101e-05
7.2002e-05
3.0994e-06
1.5998e-04
2.1458e-06
9.5367e-07
9.7036e-05
3.2401e-04
2.1458e-06
1.3089e-04
1.9073e-06
2.1458e-06
3.9101e-05
1.9073e-06
4.7922e-05
3.2592e-04
3.0994e-06
9.5367e-07
3.7193e-05
2.5201e-04
1.9073e-06
2.8586e-04
1.9073e-06
1.5974e-05
1.9073e-06
1.7810e-04
2.1458e-06
2.6941e-05
2.1458e-06
1.6594e-04
1.9073e-06
3.8719e-04
2.1458e-06
8.2016e-05
2.8610e-06
9.2030e-05
1.9073e-06
9.2983e-05
1.9073e-06
9.2030e-05
2.1458e-06
9.5367e-07
3.9101e-05
4.1008e-04
2.1458e-06
1.9073e-06
3.6955e-05
8.3923e-05
2.1458e-06
9.5367e-07
3.6001e-05
2.3913e-04
3.6001e-05
2.5892e-04
3.6955e-05
4.6301e-04
3.0994e-06
1.4591e-04
1.9073e-06
1.1921e-06
4.0054e-05
1.1921e-06
3.3855e-05
4.6206e-04
2.8610e-06
1.4615e-04
2.1458e-06
9.5367e-07
4.0054e-05
1.7595e-04
3.6001e-05
1.5998e-04
1.9073e-06
2.0504e-04
2.8610e-06
2.1458e-06
3.6001e-05
9.5367e-07
3.4094e-05
4.2701e-04
1.9073e-06
9.5367e-07
3.6001e-05
3.9601e-04
2.1458e-06
3.2401e-04
3.0994e-06
1.9193e-04
2.8610e-06
2.1458e-06
3.8862e-05
9.9897e-05
3.6001e-05
3.0804e-04
1.9073e-06
3.0994e-06
3.7909e-05
9.5367e-07
3.4094e-05
6.6590e-04
1.9073e-06
6.6042e-05
1.9073e-06
2.1458e-06
5.4836e-05
9.4199e-04
4.0054e-05
4.6968e-05
3.6001e-05
4.5419e-04
1.9073e-06
1.6594e-04
2.1458e-06
9.5367e-07
8.7976e-05
2.1458e-06
3.5048e-05
3.4881e-04
2.8610e-06
1.1921e-06
3.6955e-05
1.9073e-06
3.4094e-05
9.5367e-07
3.2902e-05
2.2316e-04
3.6955e-05
3.6907e-04
1.9073e-06
1.6308e-04
3.0994e-06
1.9073e-06
8.7023e-05
4.0007e-04
2.1458e-06
8.0824e-05
1.9073e-06
5.1022e-05
2.8610e-06
3.0041e-05
1.9073e-06
9.5367e-07
3.7193e-05
7.5817e-05
1.1897e-04
2.0218e-04
3.8147e-05
5.1498e-04
3.0994e-06
4.0054e-05
1.9073e-06
3.2806e-04
1.9073e-06
4.3154e-05
2.8610e-06
4.1962e-05
5.6982e-05
2.1458e-06
4.0054e-05
9.5367e-07
3.4094e-05
2.2984e-04
3.6955e-05
7.6604e-04
2.8610e-06
4.1008e-05
3.0994e-06
9.5367e-07
3.9101e-05
9.5367e-07
3.4094e-05
9.5367e-07
3.5048e-05
9.5367e-07
8.7976e-05
2.1458e-06
3.5048e-05
4.2915e-05
1.9073e-06
9.5367e-07
3.6001e-05
9.5367e-07
3.4094e-05
6.0511e-04
3.0994e-06
2.8610e-06
4.0054e-05
9.5367e-07
3.4094e-05
2.4700e-04
3.7193e-05
1.3399e-04
1.9073e-06
9.5367e-07
3.6001e-05
7.9870e-05
3.0994e-06
9.5367e-07
3.6001e-05
1.9073e-06
3.4094e-05
9.5367e-07
3.2902e-05
5.6982e-05
1.9073e-06
9.5367e-07
4.6015e-05
4.8804e-04
2.1458e-06
1.9073e-06
9.7036e-05
1.2302e-04
1.9073e-06
2.1458e-06
3.6955e-05
2.1458e-06
3.6001e-05
1.2679e-03
1.9073e-06
1.5497e-04
1.9073e-06
3.0994e-06
4.2915e-05
1.9073e-06
3.4094e-05
2.8515e-04
1.9073e-06
7.7963e-05
6.9141e-06
1.9073e-06
8.9884e-05
1.3709e-04
1.9073e-06
2.5034e-05
2.1458e-06
1.0896e-04
1.9073e-06
1.9073e-06
3.7193e-05
9.5367e-07
6.3896e-05
5.5194e-04
2.1458e-06
1.5688e-04
1.9073e-06
2.1458e-06
3.7909e-05
9.0771e-03
3.0994e-06
1.9073e-06
4.3154e-05
9.5367e-07
1.1516e-04
3.5501e-04
3.6955e-05
1.9073e-06
3.5048e-05
2.4390e-04
3.0994e-06
1.9073e-06
3.6955e-05
1.1921e-06
3.3855e-05
2.4991e-03
4.5061e-05
1.9002e-04
3.7193e-05
1.9073e-06
9.2030e-05
8.2970e-05
2.8610e-06
1.1921e-06
3.6001e-05
5.2381e-04
1.9073e-06
2.1219e-04
2.1458e-06
1.9073e-06
3.6955e-05
9.5367e-07
3.3855e-05
6.1297e-04
1.9073e-06
2.1458e-06
4.1008e-05
3.1686e-04
1.9073e-06
6.1035e-05
2.8610e-06
1.1921e-06
9.7990e-05
1.0490e-04
3.6001e-05
1.6594e-04
3.6001e-05
2.6989e-04
3.0994e-06
1.9073e-06
3.9101e-05
1.9073e-06
3.5048e-05
1.9281e-03
4.7207e-05
5.6481e-04
2.8610e-06
1.5378e-04
3.0994e-06
2.8205e-04
1.9073e-06
2.8610e-06
4.0054e-05
1.7900e-03
3.0994e-06
1.5092e-03
3.0994e-06
7.4148e-05
2.1458e-06
1.2302e-04
2.8610e-06
2.3890e-04
1.9073e-06
1.9073e-06
4.2200e-05
4.0054e-05
2.1458e-06
3.6001e-05
2.1458e-06
9.5367e-07
3.6955e-05
3.7909e-05
1.9073e-06
1.1921e-06
9.0837e-05
3.0994e-06
6.6996e-05
5.6982e-05
3.6001e-05
2.1887e-04
3.6001e-05
2.1887e-04
1.9073e-06
2.0814e-04
1.9073e-06
2.5702e-04
1.9073e-06
2.1458e-06
3.7909e-05
2.2578e-04
1.9073e-06
1.1706e-04
1.9073e-06
2.1458e-06
9.0837e-05
1.9073e-06
2.0695e-04
1.8597e-04
2.8610e-06
2.1458e-06
3.8862e-05
9.5367e-07
3.4809e-05
3.6120e-04
3.6955e-05
5.0807e-04
3.0994e-06
1.9073e-06
4.0054e-05
5.1308e-04
3.0994e-06
2.4080e-05
1.9073e-06
1.1683e-04
1.9073e-06
4.4823e-05
1.9073e-06
1.1921e-06
3.6955e-05
9.6083e-05
3.6955e-05
1.3709e-04
3.7193e-05
1.1358e-03
1.9073e-06
3.9697e-04
1.9073e-06
2.7394e-04
2.1458e-06
2.0409e-04
1.9073e-06
1.9073e-06
4.1008e-05
1.6093e-04
1.9073e-06
9.5367e-07
9.5129e-05
1.6189e-04
1.9073e-06
2.5988e-04
1.9073e-06
1.2898e-04
1.9073e-06
2.1458e-06
3.6955e-05
9.5367e-07
3.4094e-05
1.9383e-04
3.6001e-05
3.5691e-04
2.8610e-06
2.1458e-06
3.6001e-05
1.2994e-04
3.6001e-05
2.8610e-04
3.0994e-06
1.1897e-04
2.8610e-06
1.1921e-06
3.7909e-05
9.5367e-07
3.3140e-05
3.8099e-04
2.1458e-06
6.4182e-04
2.8610e-06
1.9073e-06
3.9101e-05
1.6403e-04
3.7193e-05
4.9400e-04
1.9073e-06
4.1008e-05
1.9073e-06
1.1921e-06
1.2684e-04
3.0994e-06
3.6001e-05
4.0197e-04
3.0994e-06
1.9073e-06
3.6955e-05
1.8597e-04
1.9073e-06
2.1458e-06
3.7909e-05
1.1921e-06
3.3855e-05
5.6601e-04
3.7909e-05
2.4986e-04
3.6955e-05
1.9073e-06
8.3208e-05
1.8597e-04
3.6001e-05
2.6011e-04
2.1458e-06
9.5367e-07
3.6001e-05
9.5367e-07
3.4094e-05
4.6611e-04
3.6955e-05
2.0099e-04
1.9073e-06
9.5367e-07
3.7909e-05
9.5367e-07
3.3140e-05
3.1114e-04
3.0994e-06
3.5501e-04
2.1458e-06
8.2016e-05
2.1458e-06
1.1921e-06
3.8862e-05
3.0398e-04
8.1062e-05
3.3784e-04
1.9073e-06
5.0068e-05
2.1458e-06
2.8896e-04
1.9073e-06
2.6703e-04
1.9073e-06
1.9979e-04
1.9073e-06
1.5879e-04
1.9073e-06
1.1921e-06
4.0770e-05
6.1989e-05
9.1076e-05
1.1683e-04
3.6001e-05
2.1005e-04
3.6001e-05
2.8706e-04
2.1458e-06
1.9073e-06
3.8862e-05
5.2094e-04
1.9073e-06
4.1962e-05
2.8610e-06
2.0099e-04
1.9073e-06
2.5988e-05
3.0994e-06
9.5367e-07
3.9101e-05
3.2592e-04
3.0994e-06
8.3923e-05
1.9073e-06
9.5367e-07
3.7909e-05
2.1100e-04
3.6001e-05
3.3498e-04
1.9073e-06
8.9169e-05
1.9073e-06
6.3181e-05
2.1458e-06
1.9073e-06
3.7909e-05
1.3113e-04
3.0994e-06
7.7963e-05
3.0994e-06
1.9073e-06
3.6001e-05
4.4417e-04
1.9073e-06
4.2915e-05
1.9073e-06
4.4107e-05
3.0994e-06
1.5688e-04
1.9073e-06
2.6941e-05
2.8610e-06
1.1921e-06
3.7909e-05
9.5367e-07
3.5048e-05
1.6809e-04
3.9101e-05
1.9073e-06
3.3855e-05
4.5061e-05
2.1458e-06
1.7905e-04
3.0994e-06
2.4486e-04
3.0994e-06
1.4067e-05
1.1706e-04
2.5201e-04
1.9073e-06
9.5367e-07
3.7909e-05
5.2929e-05
3.7909e-05
2.7108e-04
2.1458e-06
9.5367e-07
3.9101e-05
1.3685e-04
1.9073e-06
9.5367e-07
3.6001e-05
9.5367e-07
3.5048e-05
1.9073e-06
9.7990e-05
1.6499e-04
3.6955e-05
1.9693e-04
3.0994e-06
9.5367e-07
3.6955e-05
9.5367e-07
3.3855e-05
5.9104e-04
2.1458e-06
9.5367e-07
3.7193e-05
2.1458e-06
3.5048e-05
2.4986e-04
1.9073e-06
1.1921e-06
9.6798e-05
1.9407e-04
3.0994e-06
1.6809e-04
2.1458e-06
1.9073e-06
3.6955e-05
9.5367e-07
3.3855e-05
2.7919e-04
1.9073e-06
1.9073e-06
3.6955e-05
8.9884e-05
1.9073e-06
2.6298e-04
1.9073e-06
9.5367e-07
3.8862e-05
2.0504e-04
2.1458e-06
1.1897e-04
1.9073e-06
3.6716e-04
2.1458e-06
2.7895e-05
2.8610e-06
4.1008e-05
2.1458e-06
9.5367e-07
4.0054e-05
1.4901e-04
3.7193e-05
4.1890e-04
1.9073e-06
1.4400e-04
3.0994e-06
2.6608e-04
3.0994e-06
2.0695e-04
2.1458e-06
1.4400e-04
2.1458e-06
1.4997e-04
2.1458e-06
1.9073e-06
4.2200e-05
4.7708e-04
4.7922e-05
3.0994e-06
3.7909e-05
1.4114e-04
1.9073e-06
1.1921e-06
3.6955e-05
1.4901e-04
1.9073e-06
3.1686e-04
1.9073e-06
2.1458e-06
3.6955e-05
2.3198e-04
1.9073e-06
1.1921e-06
3.6001e-05
1.1396e-04
3.6001e-05
1.6403e-04
9.2030e-05
1.9073e-06
3.5048e-05
5.5599e-04
2.1458e-06
1.9073e-06
4.1008e-05
9.5367e-07
3.3855e-05
5.7197e-04
1.9073e-06
3.8147e-05
1.9073e-06
6.3920e-04
2.1458e-06
3.2902e-05
1.9073e-06
1.1396e-04
1.9073e-06
4.3607e-04
2.1458e-06
1.0896e-04
3.0994e-06
1.9073e-06
4.1008e-05
9.5367e-07
3.4094e-05
2.5010e-04
3.6001e-05
1.9407e-04
3.6955e-05
1.8382e-04
3.6955e-05
8.2016e-05
3.6001e-05
3.5882e-04
1.9073e-06
9.7990e-05
1.9073e-06
2.1458e-06
8.3923e-05
1.8287e-04
4.1008e-05
2.9302e-04
3.9101e-05
1.9073e-06
3.4094e-05
2.1601e-04
2.1458e-06
1.9073e-06
3.7193e-05
3.7718e-04
2.1458e-06
9.5367e-07
3.6955e-05
2.0099e-04
3.6955e-05
1.9073e-06
8.5115e-05
5.7793e-04
1.9073e-06
2.1458e-06
3.7909e-05
9.5367e-07
3.3855e-05
2.4080e-04
3.6001e-05
2.1458e-06
3.4809e-05
5.4908e-04
1.9073e-06
1.9073e-06
3.9101e-05
1.1492e-04
3.6001e-05
9.4914e-04
4.7922e-05
1.9073e-06
3.5048e-05
1.1897e-04
3.2902e-05
1.9073e-06
3.9101e-05
2.7299e-04
2.1458e-06
9.5367e-07
3.6955e-05
1.3721e-03
2.8610e-06
3.0994e-06
4.2915e-05
5.1975e-05
1.9073e-06
2.1005e-04
2.8610e-06
2.1458e-06
3.7909e-05
3.3712e-04
3.0994e-06
9.5367e-07
3.7909e-05
7.5078e-04
1.9073e-06
2.7895e-05
2.1458e-06
9.5367e-07
4.0054e-05
6.3896e-05
1.9073e-06
9.5367e-07
3.7193e-05
9.5367e-07
3.2902e-05
4.1699e-04
8.2016e-05
3.4690e-04
1.9073e-06
4.0054e-05
1.9073e-06
2.8110e-04
2.1458e-06
1.9073e-06
3.7193e-05
1.2898e-04
3.8862e-05
5.1808e-04
2.1458e-06
3.7909e-05
3.0994e-06
2.2292e-04
2.8610e-06
1.2803e-04
2.1458e-06
9.5367e-07
3.9101e-05
9.5367e-07
3.5048e-05
5.8079e-04
3.0994e-06
2.7895e-05
2.1458e-06
9.5367e-07
3.9101e-05
2.6989e-04
1.9073e-06
9.5367e-07
3.7193e-05
1.4029e-03
1.9073e-06
2.1482e-04
1.9073e-06
3.7503e-04
2.8610e-06
3.4094e-05
1.9073e-06
1.9073e-06
4.1008e-05
1.7095e-04
3.8147e-05
2.1791e-04
3.7193e-05
1.0395e-04
3.0994e-06
3.1781e-04
1.9073e-06
2.1458e-06
3.6955e-05
5.0068e-05
3.0994e-06
9.5367e-07
3.6001e-05
5.0881e-02
5.6982e-05
4.0531e-06
3.6001e-05
9.5367e-07
3.5048e-05
2.3992e-03
9.7036e-05
3.0994e-06
3.4094e-05
1.9288e-04
3.6955e-05
3.3903e-04
2.8610e-06
2.1458e-06
3.7909e-05
2.5821e-04
1.9073e-06
9.5367e-07
3.6001e-05
1.6093e-04
3.6955e-05
1.2207e-04
4.1008e-05
1.3494e-04
1.9073e-06
1.9073e-06
3.6955e-05
3.0994e-06
3.6955e-05
5.5075e-05
1.9073e-06
3.8147e-05
3.0994e-06
1.2612e-04
2.1458e-06
9.5367e-07
3.6955e-05
3.9101e-05
2.1458e-06
8.8930e-05
1.9073e-06
2.0814e-04
2.1458e-06
4.9186e-04
1.9073e-06
9.5367e-07
3.9101e-05
3.0994e-06
3.6955e-05
2.5892e-04
1.9073e-06
9.7990e-05
1.9073e-06
2.2316e-04
2.1458e-06
3.0994e-06
4.0054e-05
1.2050e-03
2.8610e-06
3.0804e-04
2.8610e-06
9.5367e-07
4.1008e-05
1.0300e-03
3.0994e-06
2.8610e-06
4.6015e-05
2.1458e-06
8.7976e-05
2.6703e-04
2.1458e-06
9.5367e-07
3.6955e-05
1.1921e-06
3.4809e-05
5.1188e-04
1.9073e-06
1.0896e-04
1.9073e-06
9.5367e-07
3.9101e-05
9.5367e-07
3.4094e-05
7.1597e-04
1.9073e-06
2.1458e-06
3.8862e-05
1.2016e-04
8.7023e-05
1.5092e-04
1.0991e-04
1.0014e-04
3.5048e-05
3.8910e-04
2.1458e-06
7.9870e-05
2.8610e-06
9.2983e-05
1.9073e-06
9.5367e-07
3.6001e-05
5.4002e-04
1.9073e-06
9.5367e-07
4.1008e-05
9.5367e-07
3.4094e-05
8.5187e-04
2.8610e-06
9.5367e-07
4.1008e-05
1.2589e-04
3.7909e-05
4.2000e-03
3.0994e-06
4.0531e-06
2.0885e-04
2.0099e-04
3.8862e-05
2.1458e-06
7.0000e-04
2.0139e-03
3.0994e-06
4.3869e-05
3.0994e-06
9.5367e-07
9.7036e-05
2.1505e-04
2.1458e-06
2.0504e-04
1.9073e-06
4.1962e-05
1.9073e-06
4.1008e-05
1.9073e-06
1.1921e-06
3.7909e-05
9.5367e-07
3.4094e-05
4.4703e-04
2.1458e-06
1.9073e-06
3.6955e-05
9.7990e-05
3.6001e-05
5.8413e-04
3.0994e-06
2.1458e-06
5.9986e-04
1.0369e-03
3.0994e-06
3.4595e-04
2.8610e-06
2.1458e-06
4.1008e-05
1.5807e-04
3.6001e-05
3.6407e-04
3.0994e-06
1.9073e-06
3.6955e-05
2.2697e-04
1.9073e-06
1.6499e-04
2.8610e-06
2.6941e-05
4.0054e-05
1.3361e-03
3.0994e-06
5.1022e-05
1.9073e-06
9.6083e-05
2.1458e-06
9.5367e-07
4.3154e-05
1.2207e-04
3.7909e-05
2.5177e-04
1.9073e-06
1.9073e-06
3.6955e-05
4.2415e-04
3.0994e-06
1.9073e-06
3.6955e-05
1.1921e-06
3.3855e-05
1.1921e-06
8.2016e-05
9.8681e-04
1.9073e-06
1.5211e-04
2.1458e-06
1.9073e-06
3.6955e-05
2.3389e-04
3.6955e-05
2.9492e-04
1.9073e-06
2.1458e-06
3.6955e-05
4.0054e-05
2.1458e-06
3.6955e-05
1.9073e-06
9.5367e-07
3.9101e-05
1.1492e-04
4.6015e-05
1.9073e-06
4.9114e-05
7.7963e-05
1.9073e-06
2.1458e-06
8.2016e-05
5.2929e-05
3.6001e-05
1.7691e-04
1.9073e-06
2.1458e-06
3.5048e-05
9.5367e-07
4.9114e-05
1.6499e-04
2.1458e-06
9.5367e-07
4.9114e-05
1.9073e-06
4.9114e-05
9.1076e-05
1.9073e-06
7.6056e-05
2.1458e-06
9.5367e-07
4.6968e-05
1.5497e-04
1.9073e-06
3.8147e-05
1.9073e-06
2.3127e-05
2.1458e-06
1.8597e-04
2.1458e-06
9.9897e-05
1.9073e-06
9.0122e-05
2.8610e-06
1.5974e-05
1.9073e-06
3.6955e-05
2.1458e-06
7.4863e-05
1.9073e-06
2.1935e-05
1.9073e-06
5.2214e-05
3.0994e-06
1.9073e-06
4.7922e-05
3.4189e-04
2.8610e-06
1.4997e-04
1.9073e-06
2.1195e-04
1.9073e-06
2.1458e-06
4.7922e-05
1.1921e-06
3.3855e-05
2.5296e-04
1.9073e-06
1.1921e-06
8.4877e-05
2.1458e-06
3.5048e-05
1.6999e-04
1.9073e-06
7.5102e-05
3.0994e-06
1.9073e-06
3.6955e-05
7.8201e-05
1.9073e-06
4.4823e-05
2.8610e-06
7.7963e-05
1.9073e-06
8.5115e-05
2.1458e-06
5.1022e-05
2.8610e-06
1.1921e-06
3.7909e-05
6.1035e-05
3.6955e-05
1.3208e-04
2.1458e-06
9.5844e-05
2.8610e-06
8.2016e-05
4.6968e-05
3.6001e-05
2.1458e-06
1.9073e-06
3.6955e-05
1.3399e-04
1.9073e-06
3.6001e-05
1.9073e-06
1.1921e-06
3.6001e-05
1.9073e-06
3.4809e-05
2.2101e-04
1.9073e-06
1.1921e-06
3.5763e-05
1.9073e-06
3.4094e-05
3.1948e-05
8.3208e-05
1.6785e-04
1.9073e-06
4.6015e-05
2.1458e-06
9.5367e-07
3.6001e-05
6.4135e-05
1.9073e-06
3.7193e-05
1.9073e-06
1.1921e-06
4.6015e-05
9.5844e-05
3.6955e-05
1.9073e-06
3.3855e-05
1.2898e-04
1.9073e-06
1.1921e-06
8.3923e-05
3.2902e-05
3.6955e-05
1.5306e-04
2.1458e-06
1.9073e-06
3.6001e-05
2.1458e-06
4.6968e-05
3.9101e-05
1.9073e-06
1.3614e-04
2.1458e-06
3.0994e-05
2.1458e-06
2.1601e-04
1.9073e-06
1.9073e-06
3.6955e-05
8.0109e-05
3.0994e-06
3.6955e-05
3.0994e-06
1.0300e-04
2.1458e-06
8.2016e-05
1.9073e-06
5.2929e-05
2.1458e-06
3.6001e-05
2.1458e-06
3.6001e-05
2.8610e-06
1.4210e-04
1.9073e-06
1.0967e-05
3.6955e-05
9.5367e-07
3.4094e-05
1.6093e-04
1.9073e-06
6.5088e-05
3.0994e-06
3.2902e-05
1.9073e-06
9.5367e-07
3.6955e-05
6.4850e-05
3.6955e-05
1.4091e-04
1.9073e-06
8.7976e-05
2.8610e-06
5.0068e-06
1.0586e-04
2.1458e-06
3.5048e-05
2.6083e-04
2.8610e-06
3.9101e-05
1.9073e-06
3.2902e-05
3.0994e-06
1.5903e-04
1.9073e-06
3.8862e-05
3.0994e-06
5.8889e-05
1.9073e-06
2.1458e-06
3.6955e-05
1.9073e-06
3.6001e-05
9.7990e-05
2.1458e-06
9.5367e-07
3.7193e-05
1.8382e-04
1.9073e-06
2.1458e-06
4.6968e-05
6.9141e-05
2.8610e-06
3.9101e-05
1.9073e-06
1.7810e-03
3.0994e-06
1.7895e-02
2.8610e-06
1.1921e-05
5.1022e-05
1.1921e-06
1.5402e-04
2.4879e-03
1.9073e-06
3.0994e-06
4.3154e-05
1.6689e-04
2.1458e-06
1.9407e-04
2.1458e-06
1.9073e-06
3.8147e-05
1.9073e-06
3.4094e-05
1.8501e-04
3.7193e-05
3.3498e-04
2.1458e-06
1.2898e-04
1.9073e-06
9.5367e-07
1.0896e-04
2.2793e-04
3.0994e-06
9.5367e-07
3.8147e-05
6.7782e-04
3.0994e-06
2.8610e-06
4.3154e-05
1.1809e-03
2.8610e-06
1.2183e-04
3.0994e-06
9.5367e-07
2.3007e-04
2.2697e-04
3.0994e-06
9.5367e-07
3.7193e-05
2.6989e-04
2.8610e-06
2.1505e-04
1.9073e-06
2.1458e-06
3.7909e-05
9.5367e-07
3.4094e-05
4.3571e-03
5.8889e-05
2.5201e-04
1.9073e-06
3.6216e-04
2.1458e-06
1.9288e-04
1.9073e-06
2.1458e-06
4.6015e-05
1.0586e-04
4.0054e-05
2.2793e-04
3.7193e-05
1.9073e-06
3.4809e-05
9.5367e-07
3.2902e-05
5.1498e-04
1.9073e-06
2.1458e-06
3.6955e-05
1.0204e-04
3.4809e-05
4.6706e-04
3.8862e-05
2.1458e-06
3.3855e-05
1.1015e-04
1.9073e-06
9.5367e-07
9.4891e-05
3.7193e-05
1.4806e-04
2.8610e-06
3.5048e-05
2.1458e-06
3.3855e-05
9.5367e-07
3.4094e-05
6.6042e-05
3.6001e-05
2.7013e-04
2.1458e-06
2.2888e-05
1.9073e-06
8.7023e-05
1.9073e-06
9.5367e-07
2.2197e-04
3.2091e-04
2.1458e-06
9.7990e-05
1.9073e-06
1.0395e-04
1.9073e-06
1.1921e-06
3.7909e-05
1.2460e-03
4.6968e-05
1.3145e-02
5.1022e-05
4.1151e-03
4.3869e-05
3.0994e-06
3.5048e-05
4.4990e-04
1.9073e-06
2.1458e-06
1.0204e-04
1.1399e-03
1.9073e-06
1.3399e-04
1.9073e-06
9.5367e-07
4.1008e-05
9.5367e-07
3.3140e-05
9.2983e-05
3.6001e-05
5.8103e-04
3.0994e-06
1.1587e-04
1.9073e-06
2.1789e-03
2.1458e-06
1.0991e-04
1.9073e-06
1.9073e-06
4.1962e-05
1.0800e-04
1.9073e-06
9.5367e-07
4.3869e-05
6.8617e-04
1.9073e-06
1.2493e-04
2.8610e-06
1.8091e-03
2.8610e-06
6.5303e-04
2.1458e-06
3.5191e-04
2.8610e-06
4.8804e-04
1.9073e-06
3.0994e-06
4.2915e-05
9.5367e-07
3.6001e-05
6.9358e-03
2.1458e-06
4.6706e-04
3.0994e-06
9.5367e-07
9.5129e-05
3.8290e-04
2.8610e-06
4.1962e-05
1.9073e-06
1.1921e-06
3.7909e-05
6.5088e-05
1.9073e-06
9.5367e-07
3.6001e-05
4.9996e-04
3.0994e-06
9.4891e-05
2.8610e-06
3.9315e-04
1.9073e-06
8.2016e-05
2.1458e-06
9.4891e-05
1.9073e-06
9.5367e-07
3.8147e-05
6.7949e-05
2.1458e-06
9.5367e-07
3.6955e-05
1.7595e-04
3.6001e-05
4.3702e-04
2.8610e-06
8.0109e-05
2.1458e-06
1.5688e-04
1.9073e-06
1.9073e-06
3.7909e-05
2.3913e-04
3.0994e-06
9.5367e-07
3.6001e-05
1.7481e-03
2.1458e-06
1.9073e-06
3.9101e-05
2.1458e-06
3.6001e-05
8.7023e-05
2.1458e-06
9.5367e-07
3.6001e-05
3.0303e-04
4.0054e-05
1.1706e-04
3.6001e-05
2.1458e-06
1.3185e-04
2.1458e-06
3.5048e-05
1.4496e-04
2.1458e-06
3.6955e-05
3.0994e-06
2.1458e-06
3.6955e-05
2.4915e-04
2.1458e-06
1.9073e-06
3.6955e-05
9.5367e-07
3.5048e-05
3.5501e-04
1.9073e-06
1.5497e-04
1.9073e-06
9.2983e-05
1.9073e-06
3.4380e-03
1.9073e-06
2.2020e-03
2.1458e-06
5.0068e-06
4.6015e-05
9.5367e-07
2.1696e-04
3.7503e-04
3.0994e-06
2.2912e-04
2.1458e-06
2.0099e-04
2.1458e-06
1.6999e-04
3.0994e-06
1.9073e-06
4.0054e-05
9.5367e-07
3.4094e-05
5.7793e-04
2.8610e-06
1.5116e-04
2.1458e-06
1.9073e-06
4.0054e-05
6.4111e-04
3.9816e-05
7.4148e-05
1.9073e-06
2.1195e-04
1.9073e-06
8.2970e-05
1.9073e-06
8.8930e-05
2.1458e-06
6.6996e-05
3.0994e-06
9.3937e-05
2.1458e-06
9.5367e-07
3.8147e-05
4.1008e-05
5.7936e-05
3.0208e-04
2.1458e-06
9.2030e-05
3.0994e-06
9.5367e-07
3.9101e-05
9.5367e-07
3.5048e-05
1.9312e-04
1.9073e-06
9.5367e-07
3.7909e-05
9.5367e-07
3.3855e-05
4.2105e-04
3.0994e-06
8.2970e-05
2.1458e-06
9.5367e-07
3.8147e-05
2.0623e-04
1.9073e-06
1.4615e-04
3.0994e-06
1.6594e-04
2.1458e-06
1.4400e-04
3.0994e-06
1.9073e-06
3.6955e-05
2.8896e-04
2.1458e-06
9.2983e-05
2.1458e-06
9.5367e-07
3.6001e-05
3.9506e-04
3.0994e-06
2.1458e-06
3.6955e-05
1.3800e-03
2.8610e-06
3.5501e-04
1.9073e-06
1.9073e-06
3.7909e-05
2.4819e-04
1.9073e-06
9.5367e-07
3.6955e-05
3.0494e-04
1.9073e-06
1.5306e-04
1.9073e-06
1.9073e-06
6.0105e-04
6.1202e-04
3.7909e-05
1.9073e-06
3.4094e-05
6.1669e-03
3.0994e-06
2.8610e-06
4.1962e-05
7.2002e-05
3.6955e-05
6.5398e-04
1.9073e-06
9.4891e-05
2.1458e-06
9.5367e-07
4.1962e-05
1.9073e-06
3.7909e-05
1.4420e-03
2.8610e-06
2.1458e-06
4.1962e-05
2.8205e-04
3.0994e-06
9.5367e-07
3.6001e-05
6.5088e-04
2.1458e-06
9.7990e-05
1.9073e-06
1.9073e-06
3.9101e-05
1.3304e-04
1.9073e-06
1.5521e-04
2.1458e-06
9.5367e-07
8.2970e-05
1.0395e-04
3.6955e-05
1.1492e-04
3.6001e-05
1.8096e-04
3.6001e-05
1.6689e-04
3.6001e-05
1.1611e-04
1.9073e-06
3.0994e-06
3.8862e-05
4.6802e-04
4.0054e-05
1.0300e-04
3.7193e-05
8.3923e-05
2.1458e-06
9.5367e-07
3.6955e-05
5.6982e-05
1.9073e-06
1.1921e-06
3.6001e-05
1.3185e-04
2.8610e-06
1.1921e-06
3.6001e-05
1.6809e-04
2.1458e-06
2.2888e-05
1.9073e-06
9.5367e-07
3.6001e-05
1.4520e-04
1.9073e-06
3.6001e-05
1.9073e-06
9.5367e-07
1.2493e-04
3.0994e-06
3.4094e-05
3.0088e-04
3.0994e-06
1.9693e-04
3.0994e-06
9.8944e-05
1.9073e-06
2.1458e-06
3.6001e-05
2.0885e-04
1.9073e-06
2.1458e-06
3.6001e-05
1.6308e-04
2.8610e-06
9.7990e-05
1.9073e-06
7.6056e-05
1.9073e-06
8.1062e-05
2.1458e-06
6.0081e-05
1.9073e-06
9.5367e-07
3.6001e-05
9.5367e-07
3.4094e-05
4.0054e-05
1.9073e-06
1.1921e-06
3.6001e-05
1.0085e-04
3.6001e-05
1.8001e-04
2.1458e-06
8.8930e-05
2.1458e-06
9.5367e-07
3.6001e-05
3.9101e-05
2.1458e-06
1.2398e-04
1.9073e-06
1.6928e-05
1.9073e-06
9.5367e-07
3.7193e-05
4.8161e-05
3.0994e-06
9.7418e-04
3.0994e-06
4.0531e-06
4.5061e-05
1.0991e-04
3.6955e-05
1.3804e-04
3.6955e-05
2.0599e-04
3.6955e-05
6.8808e-04
3.0994e-06
3.0994e-06
1.0896e-04
4.6015e-05
3.8862e-05
1.0204e-04
3.6955e-05
1.9073e-06
4.1008e-05
6.2943e-05
3.6955e-05
1.4591e-04
1.9073e-06
1.3208e-04
2.1458e-06
9.5367e-07
3.7193e-05
2.4295e-04
2.1458e-06
1.6403e-04
1.9073e-06
6.8903e-05
1.9073e-06
2.3127e-05
2.1458e-06
3.6955e-05
2.1458e-06
1.9073e-06
3.8147e-05
8.4162e-05
3.0994e-06
7.4863e-05
3.0994e-06
8.7976e-05
1.9073e-06
9.5367e-07
3.6955e-05
9.7036e-05
2.8610e-06
7.4148e-05
2.1458e-06
8.9884e-05
1.9073e-06
9.5367e-07
3.6001e-05
6.7949e-05
1.9073e-06
3.9101e-05
1.5974e-05
2.1458e-06
3.6001e-05
2.5296e-04
3.0994e-06
1.9073e-06
3.6001e-05
3.4595e-04
1.9073e-06
9.5367e-07
3.6001e-05
2.7108e-04
2.1458e-06
1.4496e-04
2.1458e-06
1.9002e-04
2.1458e-06
1.4687e-04
2.1458e-06
1.6594e-04
1.9073e-06
1.2112e-04
2.1458e-06
9.0837e-05
4.6015e-05
1.9073e-06
3.6001e-05
7.5102e-05
2.1458e-06
6.1035e-05
2.8610e-06
1.9073e-06
3.8147e-05
9.5367e-07
3.4094e-05
2.8133e-05
1.9073e-06
9.5367e-07
3.4809e-05
1.4901e-04
2.1458e-06
9.5367e-07
3.6001e-05
9.5367e-07
8.2016e-05
1.9073e-06
3.4094e-05
5.2929e-05
3.6955e-05
1.0204e-04
2.8610e-06
9.5367e-07
3.6001e-05
2.2292e-04
3.0994e-06
7.9870e-05
1.9073e-06
1.1921e-06
3.6955e-05
1.9073e-06
3.4094e-05
3.1948e-05
8.4877e-05
3.4094e-05
3.6001e-05
9.4891e-05
1.9073e-06
2.1458e-06
3.6001e-05
3.0994e-05
3.5048e-05
1.5306e-04
2.1458e-06
9.5367e-07
3.9101e-05
9.5367e-07
3.6001e-05
8.2970e-05
1.9073e-06
9.5367e-07
9.4891e-05
1.6499e-04
2.8610e-06
9.5367e-07
5.7936e-05
9.8944e-05
3.7909e-05
2.1458e-06
3.3855e-05
5.4121e-05
3.6955e-05
1.5187e-04
3.0994e-06
1.9073e-06
3.6001e-05
1.3590e-04
3.0994e-06
3.7909e-05
1.9073e-06
8.1062e-05
2.1458e-06
6.3896e-05
3.0994e-06
6.8903e-05
2.8610e-06
2.1458e-06
3.6955e-05
1.9073e-06
3.3140e-05
5.1022e-05
3.7193e-05
3.7909e-05
3.5048e-05
3.6001e-05
3.6001e-05
1.1992e-04
1.9073e-06
9.5367e-07
3.4809e-05
2.1458e-06
3.6001e-05
9.5367e-07
3.3140e-05
2.0504e-04
2.1458e-06
9.5367e-07
3.6001e-05
3.0041e-05
3.6001e-05
2.1219e-04
2.8610e-06
8.1062e-05
1.9073e-06
4.7922e-05
2.8610e-06
3.6001e-05
2.8610e-06
2.1458e-06
3.7909e-05
2.0409e-04
1.9073e-06
3.9101e-05
3.0994e-06
3.6955e-05
2.1458e-06
1.9073e-06
3.6955e-05
8.5115e-05
3.0994e-06
1.9073e-06
3.6955e-05
7.8917e-05
3.0994e-06
1.9073e-06
3.5048e-05
2.1458e-06
3.4809e-05
1.9789e-04
2.1458e-06
7.2002e-05
2.1458e-06
1.9073e-06
8.7976e-05
4.1962e-05
1.9073e-06
1.1921e-06
3.6001e-05
7.2956e-05
3.6001e-05
1.9073e-06
3.4094e-05
2.3985e-04
1.9073e-06
1.6308e-04
3.0994e-06
1.9073e-06
3.7193e-05
2.2888e-04
2.8610e-06
9.5367e-07
4.6110e-04
9.3007e-04
1.9073e-06
1.3614e-04
1.9073e-06
4.2200e-05
2.8610e-06
2.1005e-04
1.9073e-06
2.1458e-06
3.8862e-05
1.7500e-04
1.9073e-06
2.0599e-04
2.1458e-06
3.3040e-03
2.8610e-06
2.5702e-04
1.9073e-06
1.1921e-06
4.1962e-05
3.2806e-04
3.0994e-06
4.2915e-05
1.9073e-06
2.5511e-04
2.1458e-06
1.9073e-06
9.5129e-05
1.9073e-06
3.5048e-05
6.6981e-03
1.9073e-06
5.7220e-04
3.0994e-06
1.9073e-06
4.4107e-05
9.5367e-07
3.5048e-05
4.5300e-04
2.1458e-06
7.1399e-03
3.0994e-06
1.2589e-04
1.9073e-06
9.5367e-07
4.1962e-05
2.6584e-04
1.9073e-06
1.9073e-06
3.8147e-05
9.5367e-07
3.4809e-05
9.3603e-04
2.8610e-06
2.1458e-06
3.8862e-05
1.0014e-04
2.1458e-06
9.5367e-07
4.0054e-05
4.0889e-04
2.8610e-06
1.4806e-04
1.9073e-06
1.9073e-06
3.6955e-05
2.0700e-03
2.1458e-06
1.8406e-04
2.1458e-06
1.9073e-06
4.0054e-05
1.1110e-04
3.6001e-05
1.8406e-04
1.9073e-06
9.5367e-07
3.6001e-05
1.6308e-04
2.1458e-06
1.9073e-06
3.7193e-05
7.2098e-04
4.1008e-05
2.1458e-06
3.2902e-05
1.7002e-03
2.1458e-06
6.6996e-05
2.1458e-06
7.2002e-05
1.8120e-05
2.1458e-06
7.4863e-05
2.8610e-06
8.7023e-05
6.2513e-04
3.0994e-06
1.3189e-03
3.0994e-06
2.0027e-05
3.0994e-06
1.9407e-04
2.1458e-06
1.9073e-06
4.1008e-05
8.1062e-05
1.9073e-06
9.5367e-07
3.7909e-05
1.1200e-02
9.0122e-05
9.0599e-06
4.6015e-05
4.7207e-04
3.0994e-06
3.0994e-06
3.6955e-05
3.3021e-04
2.8610e-06
2.1458e-06
3.6001e-05
1.2898e-04
3.6955e-05
2.2888e-04
3.6955e-05
1.3494e-04
1.9073e-06
1.6212e-04
2.1458e-06
1.9073e-06
8.6069e-05
1.1396e-04
3.6001e-05
1.1301e-04
3.6001e-05
3.0303e-04
3.6001e-05
9.5367e-07
3.4094e-05
9.5367e-07
3.4094e-05
1.3995e-04
1.9073e-06
6.2704e-04
3.0994e-06
1.3995e-04
3.0994e-06
9.5367e-07
8.5115e-05
1.5092e-04
3.6955e-05
2.5105e-04
1.9073e-06
9.5367e-07
3.6001e-05
3.4904e-04
2.1458e-06
1.4901e-04
3.0994e-06
1.9073e-06
3.6955e-05
1.4281e-04
4.1008e-05
3.0994e-05
3.5048e-05
3.0994e-05
9.9897e-05
1.5540e-03
1.9073e-06
7.1526e-06
4.6968e-05
1.1740e-03
2.8610e-06
2.8610e-06
4.0054e-05
2.1458e-06
3.3855e-05
6.8188e-05
3.6955e-05
1.9908e-04
2.1458e-06
1.9073e-06
3.8147e-05
1.7595e-04
2.1458e-06
1.9073e-06
9.2030e-05
3.0994e-06
3.5048e-05
1.6594e-04
3.6001e-05
2.1458e-06
3.3855e-05
9.5367e-07
3.3855e-05
5.1403e-04
2.1458e-06
1.1611e-04
1.9073e-06
4.7207e-04
1.9073e-06
3.0994e-06
4.1008e-05
9.5367e-07
8.7976e-05
2.1458e-06
3.5048e-05
2.7299e-04
1.9073e-06
1.4400e-04
2.8610e-06
1.9073e-06
3.7909e-05
2.2912e-04
2.1458e-06
1.0204e-04
1.9073e-06
2.4796e-05
2.8610e-06
9.5367e-07
4.0054e-05
2.0981e-05
2.1458e-06
1.2589e-04
2.1458e-06
9.5367e-07
8.4162e-05
1.9073e-06
3.6001e-05
5.6028e-05
3.6001e-05
8.6069e-05
3.0994e-06
2.1458e-06
3.6001e-05
7.0095e-05
3.6001e-05
1.9073e-06
3.3855e-05
9.4175e-05
1.9073e-06
9.5367e-07
3.6955e-05
3.0708e-04
4.8161e-05
1.5187e-04
1.9073e-06
2.7180e-05
2.8610e-06
9.0122e-05
2.1458e-06
1.9073e-06
3.8147e-05
6.9857e-05
3.6001e-05
1.9097e-04
3.0994e-06
3.5048e-05
1.9073e-06
6.4135e-05
2.1458e-06
2.2888e-05
1.9073e-06
9.5367e-07
3.6001e-05
6.1035e-05
3.7909e-05
1.7214e-04
2.1458e-06
1.9073e-06
3.6001e-05
2.1458e-06
3.5048e-05
5.6982e-05
3.5048e-05
4.3702e-04
3.8862e-05
3.6502e-04
1.9073e-06
9.8944e-05
1.9073e-06
1.9073e-06
3.7909e-05
2.5606e-04
1.9073e-06
9.5367e-07
8.4877e-05
3.7599e-04
3.0994e-06
2.9588e-04
2.8610e-06
9.5367e-07
3.6955e-05
1.2898e-04
2.1458e-06
9.5367e-07
3.5048e-05
1.4067e-05
2.8610e-06
1.1921e-06
3.3855e-05
5.1975e-05
3.6001e-05
1.3113e-04
2.1458e-06
1.9073e-06
3.7193e-05
1.4806e-04
2.1458e-06
1.9073e-06
3.6955e-05
7.0095e-05
2.1458e-06
9.5367e-07
3.5048e-05
9.5367e-07
3.3855e-05
2.0909e-04
1.9073e-06
9.5367e-07
3.6955e-05
2.5034e-05
2.1458e-06
1.3185e-04
1.9073e-06
8.7976e-05
2.8610e-06
9.5367e-07
8.3923e-05
3.0994e-06
3.4809e-05
4.4107e-05
3.6001e-05
1.9073e-06
3.4094e-05
9.5367e-07
3.4094e-05
1.9073e-06
3.4094e-05
9.5367e-07
3.3140e-05
1.5116e-04
3.6001e-05
1.9073e-06
3.6001e-05
4.3869e-05
3.6955e-05
1.9908e-04
1.9073e-06
2.2888e-05
2.1458e-06
9.5367e-07
3.6001e-05
2.1458e-06
3.3855e-05
6.5088e-05
2.1458e-06
1.0085e-04
1.9073e-06
2.1458e-06
3.6001e-05
6.2227e-05
1.9073e-06
1.1921e-06
8.3923e-05
5.6982e-05
3.6955e-05
1.2398e-04
1.9073e-06
9.5367e-07
3.7193e-05
1.1921e-05
3.4094e-05
8.2970e-05
3.6955e-05
1.2493e-04
1.9073e-06
9.5367e-07
3.4809e-05
1.1921e-06
3.3855e-05
9.9897e-05
3.6001e-05
9.7990e-05
2.1458e-06
9.5367e-07
3.6001e-05
1.1683e-04
1.9073e-06
9.5367e-07
3.6955e-05
1.8501e-04
2.1458e-06
9.5367e-07
3.7193e-05
1.1921e-06
3.3855e-05
3.9101e-05
2.1458e-06
9.5367e-07
8.0109e-05
3.1900e-04
2.1458e-06
1.9073e-05
2.8610e-06
1.9789e-05
1.9073e-06
1.1921e-06
3.7909e-05
1.9073e-06
3.5048e-05
9.5367e-07
3.4094e-05
1.2994e-04
3.6955e-05
1.9073e-06
3.5048e-05
4.4107e-05
3.6001e-05
3.0994e-06
3.5048e-05
1.0395e-04
2.1458e-06
2.9087e-05
1.9073e-06
2.1458e-06
3.6001e-05
1.5283e-04
1.9073e-06
2.5916e-04
3.0994e-06
9.5367e-07
3.7909e-05
1.2708e-04
2.1458e-06
2.1935e-05
1.9073e-06
3.6955e-05
1.9073e-06
7.7963e-05
1.9073e-06
1.9073e-06
8.7023e-05
1.4901e-04
2.8610e-06
7.0095e-05
1.9073e-06
1.9073e-06
3.7193e-05
1.9073e-06
3.4094e-05
1.0300e-04
3.7193e-05
6.7949e-05
3.6001e-05
2.3842e-05
3.6955e-05
2.0909e-04
2.1458e-06
1.9073e-06
8.6069e-05
3.1090e-04
1.9073e-06
1.2302e-04
3.0994e-06
1.0490e-04
1.9073e-06
1.9073e-06
3.6001e-05
2.8491e-04
1.9073e-06
1.7619e-04
2.1458e-06
1.9073e-06
4.2915e-05
2.1458e-06
3.4094e-05
7.7963e-05
3.2806e-04
4.0531e-06
3.6955e-05
1.9073e-06
3.6001e-05
4.1008e-05
3.0994e-06
9.5367e-07
3.6001e-05
9.5367e-07
3.4094e-05
1.6809e-04
3.0994e-06
3.6955e-05
1.9073e-06
1.9073e-06
3.7193e-05
9.2983e-05
2.1458e-06
7.3910e-05
1.9073e-06
7.3910e-05
1.9073e-06
2.1458e-06
8.2016e-05
9.2030e-05
2.1458e-06
1.9073e-06
3.6001e-05
9.5367e-07
3.4094e-05
1.0419e-04
1.9073e-06
8.5831e-05
3.0994e-06
9.9897e-05
1.9073e-06
1.9073e-06
3.6955e-05
9.5367e-07
3.3140e-05
3.1948e-05
3.6001e-05
4.4823e-05
9.2030e-05
1.9073e-06
3.4094e-05
9.5367e-07
3.3140e-05
1.9884e-04
1.9073e-06
3.6001e-05
1.9073e-06
2.1458e-06
3.6955e-05
2.2197e-04
3.0994e-06
9.5367e-07
3.6955e-05
7.9155e-05
2.8610e-06
3.6955e-05
2.1458e-06
3.4809e-05
1.9073e-06
2.1458e-06
3.7909e-05
7.6056e-05
2.8610e-06
1.2398e-04
2.1458e-06
2.1935e-05
2.1458e-06
3.6955e-05
2.1458e-06
9.5367e-07
3.6001e-05
1.1301e-04
2.8610e-06
1.9073e-06
3.6001e-05
1.3900e-04
3.0994e-06
5.7936e-05
3.0994e-06
1.9073e-06
3.6001e-05
9.5367e-07
8.7023e-05
1.9073e-06
3.4094e-05
1.7595e-04
2.1458e-06
3.5048e-05
1.9073e-06
1.1921e-06
3.6955e-05
9.5367e-07
3.4094e-05
9.9897e-05
1.9073e-06
9.5367e-07
3.7193e-05
7.0810e-05
3.6001e-05
4.0054e-05
1.3494e-04
2.5082e-04
1.9073e-06
4.1008e-05
3.0994e-06
1.5092e-04
1.9073e-06
5.4836e-05
1.9073e-06
2.1458e-06
3.6001e-05
3.1948e-05
3.5048e-05
3.2187e-05
3.5048e-05
2.5892e-04
1.9073e-06
9.5367e-07
3.6001e-05
1.1921e-06
8.1062e-05
1.9073e-06
3.5048e-05
2.2101e-04
2.1458e-06
2.0504e-04
1.9073e-06
2.1458e-06
3.6955e-05
1.9073e-06
3.5048e-05
7.6056e-05
3.6001e-05
1.8692e-04
2.1458e-06
1.9073e-06
3.8147e-05
2.2888e-04
1.9073e-06
4.9114e-05
2.1458e-06
3.7909e-05
2.1458e-06
9.5367e-07
3.6001e-05
1.4400e-04
3.8147e-05
1.1301e-04
3.6001e-05
5.1022e-04
2.8610e-06
1.0800e-04
1.9073e-06
7.4100e-04
1.9073e-06
1.1086e-04
1.9073e-06
2.6798e-04
1.9073e-06
9.5367e-07
4.1008e-05
2.2101e-04
1.9073e-06
2.4104e-04
1.9073e-06
2.2697e-04
2.1458e-06
9.7990e-05
2.1458e-06
1.9073e-06
3.8147e-05
9.8944e-05
3.6955e-05
3.2282e-04
1.9073e-06
1.6212e-04
2.8610e-06
1.4520e-04
2.1458e-06
9.5367e-07
3.6955e-05
4.5204e-04
1.9073e-06
1.6904e-04
2.1458e-06
4.1962e-05
2.1458e-06
9.5367e-07
8.9169e-05
2.8086e-04
2.8610e-06
1.1921e-06
3.6955e-05
9.5367e-07
3.4094e-05
2.0194e-04
3.6001e-05
1.9073e-06
3.3140e-05
4.6086e-04
3.0994e-06
9.5367e-07
3.6955e-05
2.5392e-04
3.0994e-06
2.6989e-04
1.9073e-06
9.2983e-05
2.8610e-06
1.3614e-04
1.9073e-06
1.6618e-04
2.1458e-06
1.9073e-06
3.6955e-05
9.5367e-07
3.3855e-05
4.1699e-04
1.9073e-06
2.1458e-06
3.6001e-05
3.5596e-04
3.0994e-06
1.2493e-04
2.1458e-06
3.1805e-04
2.1458e-06
2.9683e-04
1.9073e-06
9.5367e-07
3.9816e-05
1.9073e-06
3.6001e-05
6.1107e-04
2.1458e-06
1.2207e-04
1.9073e-06
1.4901e-04
1.9073e-06
2.1458e-06
3.7909e-05
3.6287e-04
2.1458e-06
9.5367e-07
3.8147e-05
2.3484e-04
1.9073e-06
1.1921e-06
3.8862e-05
9.5367e-07
3.6001e-05
1.3614e-04
3.6955e-05
1.1516e-04
3.7193e-05
1.2169e-03
2.8610e-06
1.2517e-04
1.9073e-06
1.1921e-06
4.1962e-05
6.2013e-04
2.1458e-06
1.0586e-04
2.8610e-06
1.1921e-06
4.0054e-05
1.1182e-04
3.6955e-05
1.5998e-04
9.2030e-05
2.2817e-04
2.1458e-06
9.5367e-07
3.6955e-05
2.5582e-04
1.9073e-06
2.1458e-06
3.6001e-05
3.3402e-04
3.0994e-06
2.1458e-06
3.7909e-05
7.0095e-05
2.1458e-06
1.9073e-06
3.9101e-05
1.1396e-04
3.6001e-05
8.3923e-05
8.4877e-05
1.0300e-04
3.7909e-05
2.8086e-04
3.6955e-05
1.1752e-02
3.0994e-06
1.1339e-03
2.8610e-06
3.0994e-06
2.4605e-04
5.4500e-03
3.0994e-06
4.5710e-03
1.9073e-06
1.0413e-02
2.8610e-06
5.9605e-06
5.1022e-05
9.5367e-07
2.5988e-04
1.2922e-02
2.8610e-06
3.0994e-06
4.2915e-05
3.7360e-03
1.9073e-06
1.9598e-04
3.0994e-06
2.1458e-06
4.1962e-05
1.6904e-04
3.6001e-05
1.9073e-06
3.4094e-05
2.2006e-04
3.6001e-05
9.5367e-07
3.4809e-05
3.9697e-04
4.0054e-05
3.0518e-04
1.9073e-06
1.2493e-04
3.0994e-06
9.5367e-07
3.8147e-05
2.0885e-04
3.5048e-05
9.5367e-07
3.4094e-05
7.7009e-05
2.1458e-06
1.9073e-06
3.8147e-05
5.9605e-04
2.1458e-06
2.6393e-04
1.9073e-06
1.9073e-06
3.9101e-05
1.0300e-04
2.1458e-06
9.5367e-07
3.6955e-05
2.2411e-04
3.7193e-05
1.5998e-04
3.6955e-05
1.9073e-06
8.7976e-05
3.0994e-06
4.0054e-05
4.1294e-04
3.7909e-05
2.1458e-06
8.7023e-05
1.3299e-03
3.0994e-06
5.9605e-06
4.3869e-05
2.8110e-04
3.0994e-06
2.1458e-06
3.6955e-05
3.3498e-04
1.9073e-06
1.6212e-04
2.1458e-06
1.9073e-06
3.7193e-05
1.5903e-04
3.5048e-05
2.5797e-04
2.1458e-06
1.9073e-06
2.5201e-04
7.0181e-03
1.9073e-06
3.0994e-06
9.1076e-05
4.2796e-04
3.0994e-06
4.3392e-04
2.8610e-06
1.1921e-06
4.1008e-05
9.5367e-07
3.5048e-05
1.2088e-04
1.9073e-06
2.7609e-04
3.0994e-06
9.5367e-07
3.6955e-05
3.8910e-04
2.1458e-06
2.6894e-04
3.0994e-06
1.9073e-06
4.1008e-05
2.3913e-04
2.8610e-06
2.1219e-04
1.9073e-06
9.5367e-07
3.7909e-05
1.0109e-04
3.7193e-05
1.1921e-06
3.3855e-05
3.2616e-04
3.6001e-05
2.1458e-06
3.5048e-05
1.9073e-06
8.6069e-05
2.0030e-03
4.0770e-05
4.3392e-04
4.5776e-05
2.1458e-06
3.4094e-05
9.5367e-07
3.2902e-05
9.5367e-07
3.3855e-05
3.9816e-04
1.9073e-06
2.1458e-06
4.0054e-05
2.3293e-04
2.1458e-06
2.6512e-04
3.0994e-06
9.5129e-05
2.1458e-06
9.5367e-07
3.9101e-05
2.6798e-04
3.6001e-05
1.9813e-04
2.1458e-06
9.5367e-07
3.6955e-05
7.7009e-05
3.6001e-05
4.7803e-04
2.1458e-06
1.9073e-06
3.6955e-05
2.9492e-04
3.0994e-06
4.4107e-05
1.9073e-06
1.9073e-06
3.9101e-05
2.2793e-04
3.6955e-05
9.5367e-07
3.5048e-05
3.3593e-04
3.7909e-05
1.1611e-04
3.6001e-05
1.6403e-04
3.6955e-05
3.2592e-04
1.9073e-06
1.1921e-06
3.6955e-05
2.1458e-06
3.6001e-05
2.0289e-04
3.6955e-05
2.2006e-04
2.1458e-06
1.9073e-06
3.6955e-05
7.1621e-04
3.0994e-06
1.9073e-06
4.0054e-05
1.1921e-06
3.3855e-05
1.0896e-04
1.9073e-06
9.5367e-07
3.7193e-05
1.9073e-06
1.4400e-04
1.5092e-04
3.8147e-05
1.9073e-06
3.4094e-05
2.3103e-04
3.6001e-05
2.1458e-06
3.3855e-05
6.4206e-04
1.9073e-06
3.0994e-06
3.6955e-05
3.7217e-04
1.9073e-06
9.5367e-07
8.2016e-05
8.7023e-05
3.0994e-06
3.1590e-04
1.9073e-06
1.9217e-04
2.1458e-06
1.9073e-06
3.6955e-05
1.3590e-04
3.0994e-06
4.5061e-05
1.9073e-06
9.5367e-07
3.6955e-05
1.3399e-04
2.1458e-06
9.5367e-07
3.5048e-05
1.0896e-04
1.9073e-06
3.7193e-05
1.9073e-06
3.6001e-05
1.9073e-06
1.9073e-06
3.8147e-05
2.6989e-04
3.6001e-05
1.7500e-04
2.8610e-06
1.2493e-04
2.1458e-06
1.9073e-06
3.8147e-05
2.1458e-06
3.5048e-05
2.0027e-05
2.1458e-06
1.6880e-04
1.9073e-06
6.4850e-05
1.9073e-06
6.5088e-05
2.1458e-06
4.0984e-04
2.8610e-06
9.5367e-07
8.2970e-05
2.6894e-04
1.9073e-06
4.0054e-05
2.1458e-06
4.0054e-05
1.9073e-06
2.6941e-05
3.0994e-06
9.5367e-07
3.6955e-05
9.5367e-07
3.5048e-05
1.7715e-04
2.1458e-06
3.0041e-05
2.8610e-06
1.9073e-06
3.8147e-05
1.0484e-02
2.8610e-06
4.5705e-04
2.8610e-06
1.9884e-04
3.0994e-06
9.5367e-07
4.1962e-05
2.1005e-04
2.8610e-06
1.2016e-04
2.1458e-06
2.1458e-06
4.0054e-05
1.1680e-03
4.3154e-05
1.1909e-03
3.0994e-06
9.5367e-07
4.1962e-05
2.2793e-04
3.0994e-06
1.9073e-06
3.6001e-05
4.2892e-04
2.8610e-06
1.1921e-06
3.7909e-05
2.1458e-06
3.3855e-05
5.8794e-04
1.9073e-06
2.1458e-06
3.7909e-05
2.2292e-04
1.9073e-06
1.1921e-06
3.6955e-05
9.5367e-07
3.4094e-05
2.4605e-04
2.1458e-06
1.6785e-04
2.8610e-06
1.1921e-06
8.7023e-05
2.0289e-04
3.6001e-05
1.5402e-04
1.9073e-06
3.5787e-04
2.8610e-06
3.0994e-06
4.1008e-05
4.7207e-04
2.1458e-06
1.9073e-06
3.9101e-05
9.5367e-07
3.4094e-05
9.5367e-07
3.4094e-05
9.5367e-07
9.1076e-05
9.6393e-04
3.8862e-05
2.1458e-06
3.5048e-05
9.5367e-07
3.4094e-05
1.2088e-04
1.9073e-06
5.6505e-04
2.1458e-06
1.9073e-06
4.1008e-05
3.0017e-04
1.9073e-06
9.5367e-07
3.9101e-05
6.3109e-04
2.1458e-06
1.6093e-04
5.0068e-05
1.4591e-04
1.9073e-06
1.9908e-04
2.1458e-06
1.1492e-04
1.9073e-06
9.5367e-07
3.8862e-05
4.5514e-04
1.9073e-06
1.1921e-06
3.7909e-05
1.3304e-04
2.1458e-06
1.9073e-06
3.6955e-05
6.4135e-05
1.9073e-06
9.5367e-07
3.6955e-05
2.3389e-04
2.8610e-06
2.1458e-06
3.6955e-05
9.2030e-05
3.0994e-06
7.7009e-05
2.1458e-06
9.5367e-07
3.8147e-05
9.5367e-07
3.4094e-05
2.8801e-04
2.1458e-06
1.5497e-04
2.1458e-06
4.4329e-03
3.0994e-06
1.0967e-05
5.0068e-05
1.1921e-06
1.1086e-04
3.7694e-04
3.8147e-05
1.9073e-06
3.4094e-05
3.6097e-04
2.1458e-06
1.3590e-04
1.9073e-06
1.5593e-04
1.9073e-06
9.6083e-05
2.1458e-06
2.3603e-04
3.0994e-06
4.0317e-04
2.1458e-06
1.9073e-06
3.6955e-05
1.4710e-04
3.0994e-06
1.6499e-04
3.0994e-06
1.8001e-04
2.1458e-06
1.9073e-06
1.3804e-04
1.6022e-04
3.6955e-05
2.1458e-06
3.3855e-05
5.9822e-03
3.0994e-06
3.7503e-04
1.9073e-06
9.2030e-05
3.0994e-06
9.5367e-07
4.6015e-05
9.5367e-07
3.3855e-05
4.3106e-04
3.0994e-06
1.9073e-06
3.8147e-05
2.0909e-04
3.8147e-05
4.2200e-04
2.1458e-06
1.3590e-04
1.9073e-06
9.5367e-07
4.1962e-05
2.3260e-03
2.8610e-06
4.6968e-05
2.8610e-06
4.1008e-05
1.9073e-06
4.1962e-05
1.9073e-06
4.0102e-04
1.9073e-06
2.1458e-06
1.0490e-04
1.9073e-06
3.6001e-05
3.4499e-04
2.1458e-06
1.9073e-06
3.7909e-05
4.1604e-04
3.0994e-06
1.6189e-04
2.8610e-06
8.2016e-05
1.9073e-06
9.5367e-07
3.7193e-05
3.2496e-04
2.1458e-06
9.5367e-07
3.7193e-05
1.1683e-04
3.6001e-05
8.0991e-04
4.2915e-05
2.7800e-04
1.9073e-06
1.9073e-06
3.7909e-05
1.7190e-04
3.6955e-05
1.9073e-06
7.1049e-05
4.9114e-04
2.8610e-06
9.5367e-07
3.7909e-05
9.5367e-07
3.4094e-05
8.2016e-05
3.5048e-05
4.0054e-05
3.6955e-05
2.4891e-04
1.9073e-06
2.3127e-05
2.1458e-06
3.6001e-05
1.9073e-06
1.9073e-06
3.8147e-05
1.5020e-05
1.9073e-06
9.5367e-07
3.6001e-05
1.6093e-04
1.9073e-06
1.9073e-06
3.6955e-05
4.4107e-05
3.8147e-05
1.0681e-04
1.9073e-06
2.1458e-06
6.6996e-05
1.0705e-04
2.1458e-06
1.9073e-06
4.0054e-05
1.9073e-06
3.4094e-05
9.5367e-07
3.4094e-05
9.9897e-05
4.9114e-05
1.9073e-06
3.4094e-05
1.3995e-04
2.8610e-06
9.0599e-06
3.4809e-05
1.9073e-06
8.7023e-05
8.8930e-05
3.0994e-06
1.9073e-06
3.6001e-05
3.0994e-05
2.1458e-06
2.1982e-04
1.9073e-06
1.2517e-04
1.9073e-06
1.4782e-05
1.9073e-06
3.8147e-05
1.9073e-06
5.3167e-05
2.8610e-06
2.5034e-05
1.9073e-06
5.9128e-05
1.9073e-06
1.1921e-06
4.7922e-05
1.2302e-04
3.0994e-06
4.1962e-05
1.9073e-06
9.5367e-07
3.6001e-05
5.4789e-04
1.9073e-06
2.6941e-05
1.9073e-06
1.1921e-06
4.7922e-05
1.9193e-04
2.8610e-06
2.0027e-05
3.6955e-05
1.5092e-04
1.9073e-06
1.9073e-06
4.6015e-05
6.2943e-05
1.9073e-06
9.5367e-07
3.6955e-05
2.1458e-06
3.6001e-05
2.1791e-04
2.1458e-06
1.6928e-05
3.0994e-06
3.6955e-05
1.9073e-06
1.9073e-06
4.8161e-05
3.1948e-05
3.6001e-05
1.1587e-04
1.1206e-05
8.8930e-05
2.8610e-06
1.9073e-06
3.6955e-05
1.3590e-04
4.4823e-05
1.7309e-04
1.9073e-06
1.9073e-06
4.6015e-05
3.8600e-04
2.1458e-06
9.5367e-07
4.8161e-05
1.1992e-04
3.7193e-05
5.4717e-04
2.1458e-06
1.9073e-06
3.6001e-05
4.7207e-05
1.9073e-06
9.5367e-07
3.6001e-05
4.8876e-05
2.1458e-06
9.5367e-07
6.0081e-05
3.0994e-06
3.4809e-05
1.1921e-06
3.3855e-05
1.4210e-04
4.6015e-05
1.2708e-04
3.6001e-05
1.5783e-04
2.8610e-06
1.1921e-06
3.6001e-05
1.9073e-06
4.6015e-05
5.3883e-05
2.0981e-05
2.1458e-06
3.6955e-05
1.4019e-04
1.9073e-06
8.2016e-05
1.9073e-06
1.9073e-06
3.6001e-05
1.0991e-04
1.9073e-06
9.5367e-07
3.6955e-05
1.5020e-04
1.9073e-06
7.4148e-05
2.1458e-06
1.0800e-04
3.0994e-06
9.5367e-07
3.6955e-05
7.8917e-05
1.9073e-06
1.9073e-06
3.6001e-05
2.1458e-06
3.2902e-05
1.9717e-04
2.1458e-06
1.9073e-06
3.6955e-05
1.1921e-06
3.5048e-05
9.5367e-07
3.3140e-05
2.0885e-04
3.0994e-06
3.3855e-05
2.8610e-06
6.0081e-05
2.1458e-06
3.6001e-05
2.1458e-06
7.7963e-05
2.2173e-05
2.8610e-06
3.6001e-05
1.4496e-04
1.9073e-06
1.1921e-06
4.1008e-05
2.6941e-05
7.8917e-05
1.1301e-04
2.1458e-06
3.7909e-05
1.9073e-06
9.5367e-07
4.6968e-05
1.4687e-04
1.9073e-06
2.1458e-06
4.0770e-05
8.2016e-05
2.8610e-06
6.6996e-05
3.0994e-06
2.2860e-03
3.0994e-06
1.7309e-04
3.0994e-06
2.2888e-04
1.9073e-06
1.6308e-04
1.9073e-06
1.9073e-06
4.1962e-05
1.3995e-04
3.6955e-05
1.1802e-04
2.1458e-06
1.9073e-06
3.7909e-05
1.6251e-03
4.1962e-05
5.3883e-05
3.0994e-06
9.5367e-07
6.6996e-05
2.6894e-04
3.6001e-05
4.1389e-04
2.1458e-06
1.3304e-04
2.8610e-06
2.1458e-06
3.6955e-05
1.7309e-04
2.1458e-06
9.5367e-07
3.6001e-05
2.2006e-04
3.6955e-05
1.3113e-04
2.1458e-06
2.0981e-04
1.9073e-06
1.3804e-04
1.9073e-06
4.4107e-04
2.8610e-06
2.8133e-05
2.1458e-06
9.5367e-07
3.9101e-05
1.0085e-04
3.6001e-05
2.8086e-04
2.8610e-06
9.5367e-07
3.6001e-05
9.5367e-07
3.5048e-05
2.4581e-04
3.6955e-05
1.3208e-04
3.6955e-05
1.3208e-04
3.6955e-05
5.3215e-04
4.1008e-05
3.2306e-04
1.9073e-06
1.9002e-04
2.8610e-06
1.1921e-06
3.8862e-05
2.9016e-04
3.0994e-06
9.5367e-07
3.6955e-05
2.8586e-04
2.8610e-06
1.5306e-04
1.9073e-06
2.1458e-06
3.7909e-05
4.8804e-04
1.9073e-06
1.5402e-04
1.9073e-06
1.9073e-06
3.8862e-05
4.0317e-04
3.0994e-06
4.1962e-05
2.1458e-06
9.5367e-07
3.8147e-05
3.1400e-04
2.1458e-06
1.4186e-04
1.9073e-06
3.2806e-04
3.0994e-06
2.6941e-05
3.0994e-06
1.6308e-04
1.9073e-06
1.1921e-06
3.6955e-05
1.5211e-04
3.0994e-06
2.1791e-04
1.9073e-06
2.0504e-04
1.9073e-06
1.0300e-04
2.8610e-06
2.1458e-06
3.8862e-05
3.4690e-03
3.0994e-06
6.9141e-06
4.5061e-05
1.1015e-04
3.0994e-06
9.5367e-07
3.7193e-05
5.7602e-04
1.9073e-06
1.9097e-04
3.0994e-06
3.0994e-06
3.8862e-05
2.7704e-04
2.8610e-06
1.8287e-04
2.8610e-06
3.0994e-06
4.1008e-05
1.3900e-04
3.6955e-05
5.9295e-04
2.8610e-06
1.9073e-06
3.8147e-05
1.2720e-03
3.0994e-06
1.1206e-04
1.9073e-06
1.1921e-06
5.1975e-05
2.8610e-06
4.0054e-05
7.5912e-04
2.8610e-06
1.2517e-04
1.9073e-06
1.1921e-06
3.7909e-05
2.0504e-04
1.9073e-06
9.5367e-07
3.6001e-05
5.9986e-04
1.9073e-06
3.1948e-05
2.1458e-06
9.5367e-07
3.8862e-05
2.1458e-06
3.5048e-05
2.2483e-04
1.9073e-06
9.5367e-07
3.6001e-05
1.1921e-06
7.3910e-05
2.4009e-04
3.7193e-05
1.6785e-04
3.5048e-05
9.5367e-07
3.4094e-05
4.0793e-04
1.9073e-06
2.1458e-06
3.6955e-05
2.1100e-04
2.8610e-06
3.0208e-04
1.9073e-06
1.8597e-04
1.9073e-06
9.5367e-07
3.8147e-05
2.2912e-04
2.8610e-06
1.9073e-06
3.6001e-05
9.5367e-07
3.5048e-05
3.9005e-04
3.7193e-05
3.1805e-04
3.6955e-05
9.5367e-07
3.3855e-05
1.9312e-04
3.0994e-06
9.3937e-05
2.1458e-06
1.9693e-04
3.0994e-06
9.5367e-07
6.1989e-05
1.1706e-04
5.5075e-05
4.2605e-04
4.0054e-05
1.7905e-04
1.9073e-06
1.9908e-04
1.9073e-06
1.9073e-06
3.7193e-05
2.8396e-04
2.1458e-06
2.8610e-06
3.8147e-05
3.6407e-04
1.9073e-06
1.1516e-04
3.0994e-06
1.9073e-06
3.6001e-05
1.6618e-04
3.6955e-05
1.4305e-04
2.1458e-06
2.3890e-04
1.9073e-06
9.5367e-07
4.1318e-04
3.0994e-06
3.5048e-05
2.0380e-03
5.3883e-05
4.5013e-04
3.8147e-05
1.8787e-04
3.6001e-05
1.4400e-04
1.9073e-06
1.9073e-06
3.8147e-05
4.3297e-04
3.0994e-06
9.5367e-07
3.6955e-05
9.5367e-07
3.3855e-05
4.1890e-04
3.0994e-06
1.9073e-06
4.0054e-05
1.5807e-04
3.8147e-05
7.0596e-04
3.9816e-05
8.6069e-05
1.2589e-04
5.9414e-04
1.9073e-06
3.2902e-05
2.1458e-06
9.5367e-07
3.9101e-05
9.5367e-07
3.4094e-05
1.6739e-03
2.8610e-06
1.2994e-04
2.1458e-06
9.5367e-07
4.1008e-05
4.4394e-04
3.7909e-05
1.3614e-04
2.1458e-06
9.5367e-07
3.7909e-05
1.9073e-06
3.6001e-05
3.3903e-04
3.6955e-05
1.3208e-04
3.0994e-06
3.0088e-04
1.9073e-06
2.5034e-05
1.9073e-06
1.9503e-04
1.9073e-06
2.1458e-06
3.6955e-05
1.3995e-04
3.6955e-05
9.5367e-07
3.4094e-05
4.5300e-04
3.0994e-06
2.1458e-06
3.8862e-05
1.1921e-06
3.3855e-05
3.4308e-04
1.9073e-06
1.5092e-04
1.9073e-06
1.9813e-04
3.0994e-06
1.0180e-04
1.9073e-06
2.1458e-06
3.8862e-05
5.6481e-04
1.9073e-06
3.3116e-04
3.0994e-06
7.4329e-03
2.1458e-06
5.9605e-06
5.0068e-05
8.6069e-05
3.0994e-06
9.5367e-07
3.7193e-05
4.8018e-04
3.0994e-06
1.1921e-06
3.6955e-05
9.5367e-07
3.4094e-05
3.7193e-04
1.9073e-06
2.1458e-06
3.6001e-05
2.5296e-04
2.1458e-06
1.9073e-06
3.6955e-05
1.8597e-04
3.6001e-05
1.3685e-04
9.2030e-05
3.1900e-04
3.6955e-05
2.7895e-04
1.9073e-06
9.5367e-07
8.1062e-05
8.3804e-04
2.1458e-06
1.3421e-03
2.1458e-06
5.1999e-04
3.0994e-06
3.0041e-05
2.8610e-06
2.6083e-04
1.9073e-06
2.5988e-05
1.9073e-06
1.1921e-06
4.3869e-05
5.3406e-04
2.1458e-06
4.1962e-05
2.1458e-06
9.5367e-07
3.7909e-05
9.5367e-07
3.3855e-05
2.3603e-04
3.0994e-06
9.5367e-07
3.6955e-05
1.1921e-06
3.3855e-05
5.2404e-04
3.0994e-06
2.1458e-06
3.6955e-05
1.6403e-04
6.0081e-05
2.4199e-04
1.9073e-06
2.1458e-06
3.6955e-05
3.5501e-04
3.0994e-06
1.9073e-06
3.6955e-05
8.4162e-05
3.6001e-05
5.1594e-04
1.9073e-06
4.2200e-05
1.9073e-06
4.1008e-05
1.9073e-06
9.5367e-07
3.6955e-05
4.0698e-04
2.1458e-06
4.1008e-05
1.9073e-06
1.9073e-06
3.6955e-05
1.8907e-04
2.8610e-06
5.0068e-06
4.2915e-05
3.4220e-03
4.3869e-05
3.0994e-06
3.5048e-05
1.0140e-03
4.4107e-05
3.0708e-04
9.6083e-05
2.4796e-04
4.0054e-05
2.8610e-06
3.7909e-05
6.0201e-04
4.1008e-05
1.3113e-04
1.9073e-06
1.2207e-04
1.9073e-06
1.0967e-05
3.6955e-05
8.6069e-05
7.5102e-05
2.0003e-04
2.1458e-06
8.4877e-05
3.0994e-06
1.2589e-04
1.9073e-06
3.0994e-05
2.8610e-06
9.5367e-07
3.6955e-05
1.9073e-06
6.0081e-05
4.6968e-05
4.0054e-05
1.6594e-04
2.1458e-06
9.2030e-05
2.1458e-06
5.7936e-05
2.8610e-06
2.1458e-06
3.6955e-05
3.2902e-05
7.1049e-05
8.2970e-05
4.6968e-05
2.4486e-04
3.0994e-06
3.9101e-05
2.8610e-06
1.0896e-04
1.9073e-06
1.9073e-06
3.6955e-05
3.6001e-05
4.6968e-05
1.4186e-04
1.9073e-06
2.1458e-06
6.1989e-05
1.6928e-05
3.4809e-05
1.6880e-04
1.9073e-06
2.1458e-06
3.6955e-05
2.4080e-05
3.7193e-05
1.6189e-04
1.0967e-05
2.1458e-06
3.6955e-05
1.2302e-04
3.0994e-06
1.0896e-04
1.9073e-06
2.1458e-06
3.6955e-05
9.5367e-07
3.4094e-05
7.5698e-04
1.9073e-06
1.1206e-04
2.1458e-06
9.8491e-04
3.0994e-06
1.2875e-05
4.1962e-05
6.6495e-04
1.9073e-06
3.8147e-05
3.0041e-05
1.9073e-06
4.1008e-05
4.1962e-05
1.9073e-06
9.5367e-07
3.6001e-05
2.1291e-04
1.9073e-06
1.1110e-04
3.0994e-06
1.9073e-06
3.8147e-05
2.5392e-04
1.9073e-06
9.5367e-07
6.2943e-05
1.9073e-06
3.9816e-05
2.1458e-06
5.6982e-05
1.8311e-04
2.8610e-06
2.1458e-06
3.6955e-05
9.5367e-07
3.4094e-05
2.0599e-04
2.1458e-06
8.6069e-05
3.0994e-06
1.9073e-06
3.6001e-05
3.2806e-04
3.0994e-06
1.0915e+00
