1.9907e-02
1.7285e-04
7.2002e-05
3.8487e-02
3.0994e-06
5.0068e-06
1.7095e-04
3.6716e-04
3.0994e-06
2.1458e-06
4.8876e-05
3.8481e-04
3.6001e-05
9.5367e-07
3.2902e-05
1.0800e-04
3.7909e-05
1.6930e-03
3.0994e-06
2.7299e-04
2.1458e-06
2.1458e-06
4.1962e-05
5.2754e-02
2.8610e-06
9.0599e-06
5.3167e-05
0.0000e+00
1.7190e-04
1.9073e-06
3.6001e-05
9.5367e-07
3.3140e-05
9.5367e-07
3.2902e-05
5.0340e-02
8.3923e-05
1.0267e-02
5.3883e-05
2.4672e-03
3.0994e-06
2.6298e-04
2.8610e-06
9.5367e-07
4.1008e-05
1.1921e-06
3.2902e-05
6.9880e-04
3.0994e-06
9.5367e-07
3.7909e-05
0.0000e+00
4.7922e-05
9.5367e-07
3.4809e-05
3.4690e-04
3.6955e-05
4.6909e-03
2.8610e-06
2.7204e-04
2.1458e-06
9.9897e-05
3.0994e-06
1.1921e-06
4.2915e-05
4.1890e-04
2.1458e-06
9.5367e-07
3.6955e-05
7.2813e-04
3.0994e-06
4.7922e-05
3.0994e-06
5.3000e-04
2.1458e-06
2.1005e-04
1.9073e-06
0.0000e+00
6.1989e-05
3.5596e-04
2.8610e-06
9.5367e-07
3.7909e-05
9.5367e-07
3.3140e-05
2.5606e-04
3.6955e-05
5.2214e-04
3.0994e-06
9.5367e-07
2.9802e-04
6.8307e-04
2.1458e-06
1.9073e-06
3.8147e-05
0.0000e+00
3.2902e-05
2.7609e-04
3.6955e-05
4.4990e-04
3.6001e-05
1.9073e-06
3.2902e-05
9.5367e-07
3.4094e-05
0.0000e+00
3.2902e-05
9.5367e-07
4.7708e-04
4.0100e-03
4.5061e-05
6.2013e-04
9.2030e-05
2.1100e-04
1.9073e-06
9.5367e-07
3.6001e-05
2.5740e-03
3.0994e-06
3.0994e-06
5.0783e-05
1.1921e-06
3.3855e-05
9.6297e-04
4.0054e-05
3.0994e-04
2.8610e-06
9.5367e-07
3.4809e-05
1.1921e-06
8.5831e-05
6.7711e-04
2.1458e-06
0.0000e+00
3.6001e-05
2.3198e-04
2.1458e-06
6.9690e-04
1.9073e-06
2.9111e-04
1.9073e-06
9.5367e-07
3.6001e-05
1.8501e-04
2.1458e-06
9.5367e-07
3.6001e-05
0.0000e+00
3.3140e-05
0.0000e+00
3.2902e-05
1.1921e-06
3.5048e-05
5.5289e-04
3.6001e-05
2.2101e-04
3.6001e-05
4.8304e-04
1.9073e-06
0.0000e+00
3.6955e-05
1.2088e-04
3.6001e-05
5.4502e-04
3.6001e-05
9.5367e-07
3.3140e-05
9.5367e-07
3.4809e-05
8.2111e-04
3.6001e-05
1.9073e-06
3.3140e-05
3.7193e-04
1.9073e-06
9.5367e-07
3.7193e-05
0.0000e+00
3.2902e-05
3.6097e-04
3.6001e-05
1.7889e-03
2.8610e-06
2.1458e-06
1.0300e-04
5.7006e-04
2.1458e-06
1.9073e-06
3.6001e-05
9.5367e-07
3.1948e-05
1.1921e-06
3.2902e-05
7.0906e-04
3.5048e-05
3.0994e-04
2.8610e-06
3.9315e-04
2.8610e-06
5.6028e-05
3.0994e-06
1.6499e-04
1.9073e-06
9.5367e-07
3.6001e-05
2.1458e-06
3.6001e-05
2.2197e-04
3.6001e-05
3.1519e-04
1.9073e-06
0.0000e+00
3.6001e-05
2.9898e-04
3.6955e-05
2.1458e-06
3.2902e-05
5.1093e-04
2.1458e-06
9.5367e-07
3.6001e-05
9.5367e-07
8.1062e-05
3.0899e-04
3.0994e-06
9.5367e-07
3.5048e-05
9.5367e-07
3.1948e-05
2.0099e-04
2.8610e-06
2.1458e-06
3.4809e-05
9.5367e-07
3.2902e-05
8.9097e-04
3.6955e-05
5.9605e-04
3.0994e-06
2.9802e-05
1.9073e-06
9.5367e-07
8.4162e-05
8.9478e-04
1.9073e-06
2.1458e-06
3.6001e-05
9.5367e-07
3.2902e-05
9.5367e-07
3.3140e-05
0.0000e+00
3.2902e-05
5.4717e-04
2.8610e-06
1.1921e-06
3.5048e-05
0.0000e+00
3.2902e-05
1.6809e-04
2.1458e-06
5.2285e-04
2.8610e-06
9.5367e-07
3.4809e-05
1.1921e-06
3.2902e-05
5.5504e-04
2.1458e-06
9.5367e-07
3.6001e-05
4.0102e-04
3.6001e-05
5.9819e-04
1.9073e-06
1.1921e-06
3.6001e-05
9.6989e-04
4.0531e-06
2.1458e-06
1.0014e-04
9.5367e-07
8.7976e-05
2.3890e-03
2.8610e-06
1.6489e-03
2.8610e-06
2.8706e-04
1.9073e-06
1.6594e-04
3.0994e-06
3.9387e-04
2.8610e-06
2.6417e-04
3.0994e-06
1.1921e-06
4.1962e-05
0.0000e+00
3.4094e-05
3.2783e-04
1.9073e-06
2.3413e-04
2.1458e-06
1.9073e-06
3.9101e-05
9.5367e-07
3.2902e-05
2.4509e-04
3.7193e-05
7.4291e-04
3.0994e-06
9.5367e-07
3.8147e-05
3.8004e-04
3.0994e-06
2.2292e-04
3.0994e-06
1.9073e-06
3.8147e-05
9.5367e-07
3.4094e-05
4.9376e-04
1.9073e-06
3.4618e-04
2.1458e-06
1.9073e-06
3.7193e-05
0.0000e+00
3.2902e-05
0.0000e+00
3.3140e-05
9.2983e-05
4.0054e-05
3.1996e-04
3.6001e-05
5.8889e-05
1.9073e-06
0.0000e+00
3.6001e-05
9.5367e-07
3.6001e-05
9.5367e-07
3.3140e-05
0.0000e+00
3.2902e-05
3.9911e-04
2.1458e-06
9.5367e-07
3.6001e-05
1.9073e-06
3.5048e-05
9.5367e-07
3.1948e-05
4.7803e-04
3.9816e-05
7.3600e-04
1.9073e-06
3.7599e-04
2.1458e-06
9.5367e-07
3.9101e-05
2.9898e-04
2.1458e-06
9.5367e-07
3.7909e-05
9.5367e-07
3.4094e-05
4.2295e-04
2.1458e-06
9.5367e-07
3.8147e-05
1.5211e-04
2.1458e-06
1.9073e-06
3.7193e-05
1.7381e-04
8.3923e-05
7.1049e-05
3.6001e-05
1.2708e-04
3.6001e-05
7.7963e-05
1.9073e-06
1.7405e-04
1.9073e-06
1.9073e-06
3.5048e-05
3.8505e-04
2.1458e-06
9.5367e-07
3.6955e-05
1.4496e-04
1.9073e-06
9.5367e-07
3.4809e-05
1.5712e-04
2.1458e-06
5.6696e-04
3.0994e-06
9.5367e-07
3.8147e-05
9.5367e-07
3.2902e-05
9.5367e-07
3.3140e-05
4.3893e-04
3.6001e-05
1.9073e-06
3.4094e-05
3.0589e-04
3.0994e-06
9.5367e-07
3.7193e-05
1.1611e-04
8.5115e-05
2.8610e-06
3.4094e-05
8.4877e-05
2.8610e-06
1.5807e-04
2.1458e-06
0.0000e+00
3.5048e-05
2.0194e-04
1.9073e-06
1.1921e-06
3.5048e-05
9.5367e-07
3.2902e-05
3.2997e-04
3.6001e-05
1.1921e-06
9.1076e-05
3.1710e-04
1.9073e-06
8.7023e-05
3.0994e-06
9.5367e-07
3.6001e-05
8.2016e-05
3.0994e-06
4.0054e-05
2.1458e-06
3.9816e-05
1.9073e-06
9.5367e-07
3.4809e-05
0.0000e+00
3.3140e-05
7.3910e-05
1.9073e-06
1.8907e-04
1.9073e-06
6.6996e-05
1.9073e-06
1.1921e-06
8.2970e-05
9.5367e-07
3.2902e-05
2.1505e-04
1.9073e-06
9.5367e-07
3.6001e-05
9.5367e-07
3.2902e-05
4.1413e-04
1.9073e-06
7.5817e-05
1.9073e-06
5.5075e-05
1.9073e-06
9.5367e-07
3.6001e-05
1.1921e-06
3.3855e-05
9.5367e-07
3.5048e-05
1.7405e-04
3.5048e-05
1.1921e-06
3.2902e-05
9.0122e-05
3.6001e-05
1.7405e-04
2.1458e-06
9.5367e-07
3.5048e-05
1.4901e-04
3.0994e-06
9.5367e-07
3.5048e-05
8.1062e-05
8.1062e-05
9.5367e-07
3.5048e-05
1.2112e-04
3.6001e-05
2.5916e-04
2.8610e-06
0.0000e+00
3.6001e-05
2.0504e-04
1.9073e-06
6.2943e-05
2.8610e-06
9.5367e-07
3.4809e-05
2.8205e-04
3.0994e-06
1.0395e-04
1.9073e-06
9.9182e-05
3.0994e-06
9.5367e-07
8.2970e-05
1.1921e-06
3.2902e-05
9.5367e-07
3.2902e-05
9.8944e-05
3.6001e-05
1.9073e-06
3.4094e-05
9.5367e-07
3.2902e-05
9.7036e-05
3.4809e-05
9.9182e-05
3.6001e-05
1.9073e-06
3.5048e-05
3.6716e-04
2.1458e-06
4.2915e-05
2.1458e-06
8.6069e-05
2.1458e-06
1.5974e-05
2.1458e-06
9.5367e-07
3.6001e-05
1.6403e-04
1.9073e-06
9.5367e-07
3.4094e-05
2.2292e-04
3.6955e-05
4.1103e-04
3.0994e-06
9.5367e-07
8.6069e-05
7.3910e-04
2.1458e-06
4.0698e-04
1.9073e-06
4.4107e-05
4.1962e-05
1.8501e-04
3.0994e-06
4.5061e-05
2.1458e-06
9.5367e-07
3.6955e-05
9.5367e-07
3.3140e-05
3.8385e-04
4.0054e-05
1.9073e-06
3.4094e-05
1.2302e-04
1.1396e-04
2.1458e-06
3.2902e-05
2.5702e-04
1.9073e-06
1.1921e-06
3.6001e-05
9.5367e-07
3.2902e-05
6.3181e-05
3.0994e-06
1.1921e-06
3.6001e-05
5.2190e-04
1.9073e-06
9.5367e-07
4.7922e-05
8.1062e-05
1.0800e-04
1.3185e-04
3.6955e-05
7.8917e-05
3.6001e-05
3.2902e-05
3.6001e-05
1.5783e-04
1.9073e-06
1.9073e-06
3.5048e-05
8.0824e-05
3.5048e-05
9.5367e-07
3.2187e-05
2.9492e-04
2.1458e-06
1.9073e-06
3.6001e-05
1.9789e-04
1.9073e-06
4.1008e-05
2.1458e-06
9.5367e-07
3.6001e-05
9.5367e-07
3.3140e-05
5.5790e-05
3.6001e-05
1.0610e-04
3.5048e-05
4.6968e-05
3.6955e-05
1.2398e-04
8.3208e-05
1.4091e-04
2.1458e-06
9.5367e-07
3.6001e-05
1.2803e-04
1.9073e-06
9.5367e-07
3.6001e-05
2.6512e-04
2.1458e-06
9.5367e-07
3.5048e-05
9.5367e-07
3.3140e-05
1.1802e-04
1.9073e-06
0.0000e+00
3.5048e-05
8.5831e-05
8.2970e-05
1.4997e-04
2.1458e-06
0.0000e+00
3.5048e-05
1.2398e-04
2.1458e-06
1.3590e-04
1.9073e-06
1.5211e-04
1.9073e-06
1.1921e-06
3.6001e-05
9.5367e-07
3.2902e-05
1.4591e-04
2.1458e-06
1.4806e-04
2.8610e-06
7.9155e-05
1.9073e-06
9.5367e-07
8.2016e-05
1.1492e-04
1.9073e-06
0.0000e+00
3.5048e-05
9.5367e-07
3.3140e-05
1.0896e-04
3.5048e-05
5.8174e-05
1.3804e-04
2.1458e-06
3.7909e-05
1.4210e-04
3.6001e-05
1.5807e-04
3.6001e-05
1.4186e-04
1.9073e-06
4.1008e-05
1.9073e-06
9.5367e-07
3.6001e-05
1.1921e-06
3.1948e-05
1.3614e-04
3.5048e-05
2.6488e-04
1.9073e-06
5.1975e-05
1.9073e-06
4.1008e-05
3.0994e-06
9.5367e-07
3.5048e-05
1.0896e-04
1.9073e-06
6.2943e-05
1.9073e-06
9.5367e-07
8.2970e-05
1.0490e-04
3.4809e-05
4.5061e-05
3.6001e-05
7.9870e-05
3.5048e-05
2.5487e-04
1.9073e-06
4.6015e-04
2.1458e-06
1.9073e-06
3.8147e-05
9.5367e-07
3.3855e-05
0.0000e+00
3.2902e-05
1.8597e-04
3.6001e-05
4.1962e-05
3.6955e-05
1.2898e-04
3.6001e-05
4.4823e-05
1.9073e-06
0.0000e+00
3.4809e-05
9.5367e-07
3.2902e-05
1.3399e-04
3.4809e-05
2.8515e-04
2.1458e-06
1.9073e-06
8.0109e-05
1.9073e-06
3.4809e-05
3.1400e-04
1.9073e-06
9.5367e-07
3.6001e-05
1.1921e-06
3.5048e-05
0.0000e+00
3.2902e-05
9.5367e-07
3.2902e-05
2.8801e-04
2.1458e-06
1.8120e-05
1.9073e-06
1.9073e-06
3.6955e-05
1.9073e-06
3.6001e-05
2.3508e-04
3.6001e-05
1.1921e-06
3.2902e-05
2.0194e-04
1.9073e-06
9.5367e-07
3.6001e-05
3.6955e-05
3.0994e-06
2.1982e-04
1.9073e-06
2.1458e-06
3.6001e-05
9.5367e-07
3.4094e-05
7.9870e-05
3.6001e-05
1.4782e-04
1.9073e-06
0.0000e+00
3.4809e-05
8.2707e-04
3.0994e-06
9.5367e-07
3.9101e-05
3.9601e-04
2.1458e-06
9.5367e-07
3.6001e-05
9.5367e-07
3.3140e-05
1.9598e-04
3.9816e-05
1.8692e-04
3.6955e-05
9.5367e-07
3.2902e-05
1.1921e-06
3.2902e-05
9.5367e-07
3.3140e-05
1.3590e-04
3.5048e-05
1.0490e-04
3.6001e-05
1.9884e-04
1.9073e-06
7.7009e-05
1.9073e-06
9.5367e-07
3.6001e-05
2.1458e-06
3.6001e-05
1.9073e-06
3.4094e-05
2.5678e-04
3.6001e-05
1.9073e-06
3.3140e-05
1.9193e-04
2.1458e-06
1.7595e-04
3.0994e-06
9.5367e-07
3.5048e-05
6.2943e-05
3.0994e-06
9.5367e-07
3.5048e-05
1.9073e-06
3.6001e-05
1.1921e-06
3.1948e-05
3.1614e-04
1.9073e-06
1.1921e-06
3.5048e-05
9.5367e-07
3.2902e-05
1.1611e-04
3.6001e-05
5.6982e-05
3.6001e-05
1.7350e-03
1.9073e-06
9.5367e-07
1.2589e-04
6.4850e-05
3.0994e-06
9.5367e-07
3.7193e-05
9.4891e-05
3.7193e-05
3.2496e-04
3.0994e-06
2.0027e-05
2.1458e-06
9.5367e-07
3.6001e-05
8.1062e-05
1.9073e-06
2.0099e-04
2.1458e-06
9.5367e-07
3.6001e-05
1.8191e-04
1.9073e-06
8.7976e-05
2.1458e-06
8.0109e-05
1.9073e-06
0.0000e+00
3.6001e-05
8.0824e-05
3.6001e-05
9.5367e-07
3.3140e-05
9.1791e-05
3.5048e-05
9.5367e-07
3.3140e-05
1.8001e-04
3.6001e-05
9.5367e-07
3.2902e-05
1.9073e-06
3.5048e-05
1.8191e-04
3.6001e-05
2.2292e-04
1.9073e-06
8.7023e-05
2.1458e-06
1.7881e-05
1.9073e-06
8.9884e-05
1.9073e-06
9.5367e-07
3.5048e-05
6.4135e-05
3.6955e-05
6.1035e-05
3.6001e-05
2.3293e-04
1.9073e-06
9.5367e-07
3.6001e-05
6.5088e-05
2.1458e-06
2.2602e-04
1.9073e-06
1.1921e-06
3.4809e-05
1.4496e-04
3.0994e-06
1.1420e-04
3.0994e-06
1.9073e-06
3.5048e-05
9.3937e-05
2.1458e-06
0.0000e+00
3.5048e-05
0.0000e+00
3.3140e-05
2.1458e-06
3.5048e-05
1.6499e-04
3.6001e-05
1.1516e-04
3.6001e-05
1.9073e-06
3.4094e-05
1.4210e-04
2.1458e-06
9.5367e-07
3.4094e-05
8.3923e-05
3.6001e-05
1.1921e-06
3.3855e-05
9.2030e-05
3.6001e-05
5.4121e-05
3.6001e-05
9.5367e-07
3.2902e-05
1.1492e-04
3.6001e-05
2.2888e-04
2.1458e-06
2.1100e-04
3.0994e-06
1.2589e-04
1.9073e-06
9.5367e-07
3.5048e-05
9.5367e-07
3.2902e-05
0.0000e+00
8.0824e-05
1.1921e-06
3.2902e-05
9.5367e-07
3.3140e-05
9.5367e-07
3.2902e-05
5.0616e-04
2.8610e-06
2.1458e-06
3.5048e-05
1.4615e-04
2.1458e-06
2.8610e-04
3.0994e-06
1.1921e-06
3.7909e-05
0.0000e+00
8.2970e-05
8.9884e-05
2.1458e-06
9.2983e-05
2.1458e-06
9.5367e-07
3.5048e-05
1.4114e-04
2.1458e-06
2.1458e-06
3.5048e-05
9.5367e-07
3.2902e-05
0.0000e+00
3.1948e-05
2.8300e-04
1.9073e-06
9.5367e-07
3.5048e-05
9.2030e-05
3.6001e-05
9.5367e-07
3.3140e-05
1.3685e-04
3.6001e-05
1.4091e-04
1.9073e-06
1.8096e-04
3.0994e-06
6.5088e-05
1.9073e-06
1.1921e-06
8.4877e-05
1.2708e-04
3.6955e-05
7.7009e-05
3.5048e-05
6.5088e-05
9.9897e-05
8.2016e-05
3.6955e-05
9.5367e-07
3.3140e-05
1.6403e-04
3.6001e-05
1.2803e-04
1.9073e-06
9.5367e-07
3.6001e-05
9.2220e-04
4.6015e-05
2.8610e-06
3.4094e-05
9.5367e-07
1.1802e-04
2.1458e-06
3.3855e-05
9.5367e-07
3.2902e-05
9.5367e-07
3.4094e-05
8.1396e-04
3.0994e-06
4.7994e-04
1.9073e-06
2.1458e-06
4.1008e-05
1.2493e-04
1.9073e-06
7.0095e-05
2.1458e-06
1.9073e-06
3.5048e-05
1.9073e-06
3.5048e-05
0.0000e+00
3.2902e-05
3.5691e-04
1.9073e-06
9.5367e-07
3.8147e-05
9.5367e-07
3.2902e-05
1.1206e-04
1.9073e-06
9.5367e-07
4.4107e-05
1.9073e-06
3.4094e-05
3.4499e-04
8.4162e-05
3.3998e-04
2.1458e-06
2.1458e-06
3.6955e-05
0.0000e+00
3.2902e-05
1.1921e-06
3.2902e-05
2.1410e-04
4.1008e-05
9.0122e-05
3.6001e-05
6.0892e-04
1.9073e-06
9.5367e-07
3.6001e-05
9.5367e-07
3.6001e-05
1.1921e-06
3.2902e-05
2.3389e-04
2.8610e-06
1.1921e-06
3.6001e-05
2.7895e-04
2.1458e-06
6.1035e-05
1.9073e-06
9.5367e-07
3.6001e-05
0.0000e+00
3.2902e-05
2.6703e-04
3.6955e-05
1.1921e-06
8.8930e-05
1.9073e-06
3.4094e-05
9.5367e-07
3.4094e-05
0.0000e+00
3.1948e-05
2.2292e-04
1.9073e-06
1.1706e-04
3.0994e-06
1.1921e-06
3.6001e-05
9.5367e-07
3.6001e-05
3.8409e-04
1.9073e-06
1.0586e-04
1.9073e-06
2.0981e-05
1.9073e-06
1.3614e-04
2.8610e-06
1.1921e-06
3.6001e-05
1.5283e-04
2.8610e-06
1.5092e-04
1.9073e-06
0.0000e+00
3.6001e-05
4.6015e-05
1.9073e-06
9.5367e-07
3.6001e-05
2.4199e-04
1.9073e-06
8.8930e-05
2.1458e-06
9.5367e-07
3.5048e-05
9.5367e-07
7.8917e-05
1.8311e-04
1.9073e-06
1.1921e-06
3.6955e-05
1.4806e-04
3.6001e-05
1.9073e-06
3.4094e-05
0.0000e+00
3.2902e-05
5.0068e-05
3.0994e-06
9.5367e-07
3.6001e-05
5.7697e-04
3.8862e-05
2.7585e-04
3.7909e-05
2.1458e-06
3.3855e-05
0.0000e+00
3.3140e-05
9.5367e-07
3.1948e-05
0.0000e+00
3.1948e-05
0.0000e+00
3.3140e-05
3.6287e-04
3.0994e-06
1.9503e-04
3.0994e-06
9.5367e-07
8.2970e-05
1.9073e-06
3.3140e-05
0.0000e+00
3.1948e-05
9.5367e-07
3.3140e-05
2.2888e-04
2.8610e-06
9.5367e-07
3.5048e-05
9.2030e-05
1.9073e-06
2.1458e-06
3.6001e-05
2.8896e-04
1.9073e-06
2.1887e-04
1.9073e-06
2.1458e-06
3.6001e-05
4.3869e-05
1.9073e-06
1.7810e-04
2.1458e-06
7.7963e-05
3.0994e-06
9.5367e-07
3.5048e-05
7.5102e-05
3.0994e-06
1.9073e-06
3.6001e-05
1.7786e-04
2.8610e-06
2.1458e-06
3.5048e-05
4.7922e-05
1.9073e-06
9.6798e-05
1.9073e-06
1.1921e-06
8.2016e-05
4.0293e-04
2.1458e-06
1.9073e-05
1.9073e-06
9.5367e-07
3.6001e-05
9.1076e-05
3.0994e-06
1.9073e-06
3.5048e-05
9.2030e-05
3.5048e-05
5.0068e-05
1.9073e-06
1.4997e-04
2.8610e-06
9.5367e-07
3.5048e-05
9.5367e-07
7.9870e-05
5.5075e-05
3.6001e-05
1.2207e-04
3.4809e-05
2.5105e-04
2.8610e-06
2.1458e-06
3.6001e-05
2.1458e-06
3.2902e-05
1.9598e-04
1.9073e-06
1.1921e-06
3.5048e-05
4.0770e-05
3.5048e-05
5.7983e-04
1.9073e-06
1.0800e-04
1.9073e-06
2.8133e-05
1.9073e-06
9.5367e-07
3.6955e-05
9.5367e-07
3.3140e-05
0.0000e+00
3.2902e-05
1.6594e-04
3.6955e-05
9.5367e-07
3.3140e-05
4.1962e-05
3.5048e-05
1.1015e-04
8.5115e-05
1.9073e-06
3.4094e-05
8.6904e-04
1.9073e-06
1.6284e-04
1.9073e-06
2.1458e-06
3.7909e-05
9.5367e-07
3.3140e-05
9.5367e-07
3.2902e-05
9.5367e-07
3.3140e-05
5.6887e-04
3.0994e-06
4.1008e-05
2.1458e-06
1.9073e-06
3.6001e-05
2.0814e-04
2.1458e-06
2.6941e-05
2.1458e-06
3.5048e-05
1.9073e-06
9.5367e-07
3.6001e-05
9.5367e-07
3.3140e-05
9.8944e-05
3.6001e-05
1.1921e-06
3.2902e-05
4.1795e-04
1.9073e-06
1.1015e-04
1.9073e-06
2.1935e-05
1.9073e-06
8.6069e-05
2.8610e-06
2.8133e-05
1.9073e-06
9.5367e-07
3.7909e-05
6.6042e-05
3.6001e-05
4.3869e-05
3.6001e-05
1.2708e-04
3.6001e-05
9.5367e-07
3.3140e-05
4.4489e-04
1.9073e-06
9.5367e-07
2.6608e-04
2.1458e-06
3.6001e-05
5.6386e-04
1.9073e-06
9.5367e-07
3.6955e-05
9.5367e-07
3.1948e-05
2.1458e-06
3.2902e-05
3.0899e-04
1.9073e-06
1.7285e-04
2.8610e-06
2.1458e-06
3.6001e-05
3.8862e-05
2.8610e-06
0.0000e+00
8.4162e-05
2.7609e-04
2.8610e-06
2.5988e-05
1.9073e-06
2.0981e-05
1.9073e-06
0.0000e+00
3.5048e-05
1.9383e-04
3.6001e-05
1.9073e-06
3.3140e-05
2.1601e-04
3.6955e-05
5.9128e-05
3.6955e-05
1.2016e-04
1.9073e-06
1.2994e-04
1.9073e-06
1.9073e-06
3.6001e-05
2.0814e-04
2.1458e-06
9.5367e-07
3.6001e-05
9.5367e-07
3.4094e-05
9.5367e-07
3.4094e-05
6.1584e-04
1.9073e-06
9.7036e-05
2.1458e-06
9.5367e-07
3.6955e-05
0.0000e+00
8.2970e-05
9.5129e-05
1.9073e-06
1.1921e-06
3.5048e-05
1.3399e-04
2.1458e-06
9.5367e-07
3.6001e-05
1.2207e-04
3.6001e-05
9.2030e-05
3.6001e-05
2.1458e-06
3.2902e-05
1.9312e-04
3.0994e-06
1.3494e-04
2.1458e-06
4.1962e-05
2.1458e-06
1.5593e-04
1.9073e-06
2.1458e-06
3.4809e-05
1.3518e-04
2.1458e-06
1.9073e-06
3.6001e-05
9.2030e-05
3.0994e-06
1.2088e-04
3.0994e-06
9.7990e-05
1.9073e-06
2.7108e-04
3.0994e-06
4.6968e-05
2.1458e-06
9.5367e-07
3.6001e-05
2.2101e-04
3.7909e-05
2.7609e-04
1.9073e-06
3.2187e-05
1.9073e-06
0.0000e+00
3.5048e-05
4.1008e-05
1.9073e-06
9.5367e-07
3.6001e-05
3.2902e-05
3.4809e-05
2.0313e-04
3.6001e-05
1.1921e-06
3.2902e-05
6.1035e-05
3.0994e-06
9.5367e-07
8.0109e-05
1.2994e-04
3.6001e-05
9.5367e-07
3.3140e-05
3.6693e-04
2.1458e-06
9.5367e-07
3.6001e-05
1.0109e-04
1.9073e-06
9.5367e-07
3.6001e-05
9.5367e-07
3.4094e-05
1.9002e-04
2.8610e-06
8.2016e-05
1.9073e-06
1.5402e-04
1.9073e-06
9.5367e-07
3.6001e-05
1.0920e-04
2.1458e-06
4.8876e-05
1.9073e-06
1.1921e-06
3.6001e-05
1.1921e-06
3.2902e-05
1.1921e-06
3.2902e-05
2.0504e-04
3.8147e-05
4.6992e-04
2.1458e-06
3.0994e-05
2.1458e-06
9.5367e-07
8.1062e-05
2.2888e-05
1.9073e-06
0.0000e+00
3.4809e-05
0.0000e+00
3.1948e-05
1.8287e-04
3.6001e-05
2.5392e-04
2.8610e-06
6.0081e-05
1.9073e-06
2.9397e-04
3.0994e-06
3.1948e-05
2.1458e-06
4.0054e-05
1.9073e-06
3.9101e-05
2.1458e-06
8.4877e-05
1.9073e-06
1.1921e-06
8.4877e-05
2.1458e-06
3.2902e-05
1.4710e-04
2.1458e-06
2.9898e-04
2.1458e-06
9.5367e-07
3.6001e-05
9.5367e-07
3.3140e-05
9.5367e-07
3.1948e-05
9.5367e-07
3.2187e-05
2.8586e-04
1.9073e-06
4.1008e-05
2.8610e-06
9.5367e-07
3.6001e-05
9.5367e-07
3.3140e-05
0.0000e+00
3.2902e-05
1.1921e-06
3.2902e-05
3.5787e-04
1.9073e-06
9.5367e-07
3.5048e-05
9.5367e-07
3.3140e-05
1.2803e-04
1.9073e-06
1.1921e-06
7.9870e-05
1.2279e-04
1.9073e-06
1.9073e-06
3.5048e-05
3.2687e-04
1.9073e-06
9.5367e-07
3.4809e-05
1.1921e-06
3.2902e-05
9.5367e-07
3.2187e-05
9.5367e-07
1.2088e-04
1.9717e-04
3.6001e-05
3.4213e-04
2.1458e-06
2.1458e-06
3.6001e-05
0.0000e+00
3.2902e-05
1.1921e-06
3.2902e-05
5.1022e-05
1.9073e-06
9.5367e-07
3.5048e-05
1.0014e-04
3.6001e-05
1.0014e-04
3.6001e-05
9.5129e-05
1.9073e-06
1.1921e-06
8.1778e-05
3.4595e-04
3.0994e-06
9.5367e-07
3.5048e-05
9.5367e-07
3.3140e-05
1.9503e-04
1.9073e-06
1.1921e-06
3.6001e-05
0.0000e+00
3.2902e-05
1.1921e-06
3.2902e-05
2.0599e-04
2.1458e-06
9.5367e-07
8.1062e-05
9.5367e-07
3.5048e-05
3.4094e-04
1.9073e-06
9.5367e-07
3.4809e-05
0.0000e+00
3.1948e-05
0.0000e+00
3.3140e-05
0.0000e+00
3.2902e-05
0.0000e+00
3.2902e-05
1.4186e-04
7.9870e-05
1.9073e-06
3.5048e-05
4.8494e-04
1.9073e-06
3.9101e-05
2.8610e-06
1.7881e-05
2.1458e-06
9.5367e-07
3.6955e-05
7.4148e-05
2.1458e-06
1.9073e-06
3.6001e-05
8.3923e-05
3.0994e-06
1.1802e-04
2.1458e-06
9.5367e-07
3.5048e-05
9.2030e-05
8.2970e-05
2.2912e-04
1.9073e-06
2.1458e-06
3.6001e-05
1.8597e-04
2.1458e-06
1.7881e-05
1.9073e-06
9.5367e-07
3.7193e-05
9.4891e-05
1.9073e-06
1.9073e-06
3.6001e-05
1.5497e-04
3.5048e-05
9.5367e-07
3.3140e-05
6.1989e-05
3.6001e-05
2.2888e-04
1.9073e-06
9.5367e-07
4.3869e-05
9.5367e-07
3.3855e-05
3.0708e-04
2.1458e-06
9.7036e-05
1.9073e-06
7.9870e-05
1.9073e-06
9.5367e-07
3.6955e-05
1.5593e-04
3.0994e-06
9.5367e-07
3.6001e-05
0.0000e+00
8.8930e-05
1.3995e-04
3.6001e-05
9.5367e-07
3.2902e-05
5.6982e-05
3.4809e-05
2.0599e-04
3.6001e-05
2.0981e-04
1.9073e-06
2.6608e-04
1.9073e-06
6.4135e-05
1.9073e-06
1.1921e-06
3.5048e-05
5.5075e-05
1.9073e-06
1.9073e-06
3.6955e-05
0.0000e+00
3.2902e-05
1.4591e-04
1.9073e-06
9.5367e-07
3.5048e-05
4.6968e-05
3.6001e-05
2.5201e-04
3.6001e-05
1.4997e-04
2.8610e-06
2.1458e-06
3.5048e-05
1.8311e-04
8.1062e-05
1.4305e-04
2.1458e-06
4.0054e-05
2.1458e-06
9.5367e-07
3.5048e-05
1.1206e-04
3.6001e-05
1.9073e-06
3.3140e-05
1.4889e-03
1.9073e-06
3.9101e-05
3.0994e-06
2.3890e-04
1.9073e-06
2.3103e-04
1.9073e-06
9.5129e-05
2.8610e-06
1.9073e-05
1.9073e-06
2.1100e-04
1.9073e-06
9.5367e-07
4.1962e-05
2.7299e-04
2.8610e-06
2.1458e-06
3.6955e-05
5.2190e-04
1.9073e-06
1.1921e-06
3.6955e-05
3.1209e-04
3.0994e-06
9.5367e-07
3.6955e-05
1.9908e-04
2.1458e-06
4.4394e-04
1.9073e-06
9.5367e-07
4.0054e-05
6.2394e-04
2.8610e-06
9.5367e-07
3.8862e-05
1.1206e-04
1.9073e-06
9.5367e-07
3.5048e-05
1.0204e-04
1.9073e-06
1.9073e-06
3.6955e-05
1.1921e-06
3.2902e-05
5.1975e-05
1.9073e-06
9.5367e-07
3.5048e-05
3.1996e-04
1.9073e-06
9.5367e-07
8.5115e-05
1.7190e-04
1.9073e-06
8.7023e-05
1.9073e-06
9.5367e-07
3.6001e-05
0.0000e+00
3.3855e-05
2.2817e-04
2.1458e-06
1.2898e-04
3.0994e-06
3.7909e-05
1.9073e-06
1.3304e-04
2.1458e-06
9.5367e-07
3.6001e-05
9.0122e-05
2.1458e-06
9.5367e-07
8.0109e-05
2.0695e-04
2.1458e-06
1.0991e-04
1.9073e-06
6.8903e-05
1.9073e-06
1.1921e-06
3.6001e-05
1.1992e-04
1.9073e-06
2.7108e-04
2.1458e-06
9.5367e-07
3.6001e-05
1.4210e-04
1.9073e-06
2.2483e-04
1.9073e-06
3.4809e-04
2.1458e-06
1.9073e-06
3.7193e-05
1.1921e-06
2.4009e-04
2.1458e-06
3.2902e-05
4.5419e-04
3.7909e-05
9.4175e-05
3.6001e-05
2.1458e-06
3.2902e-05
1.0109e-04
2.1458e-06
2.0289e-04
1.9073e-06
9.5367e-07
3.6001e-05
1.4114e-04
3.6001e-05
8.7023e-05
1.9073e-06
1.5998e-04
1.9073e-06
4.1962e-05
3.0994e-06
1.1921e-06
3.6001e-05
9.5367e-07
3.7193e-05
7.3695e-04
2.1458e-06
2.0981e-05
1.9073e-06
2.1458e-06
3.6001e-05
1.1206e-04
3.0994e-06
4.1008e-05
2.1458e-06
9.5367e-07
3.6001e-05
2.8300e-04
4.5776e-05
1.9073e-06
3.6001e-05
4.4107e-05
2.8610e-06
8.6069e-05
3.0994e-06
1.5974e-05
1.9073e-06
1.1921e-06
3.5048e-05
2.3699e-04
3.0994e-06
1.9073e-06
3.6001e-05
9.5367e-07
3.3140e-05
2.0289e-04
3.0994e-06
9.5367e-07
3.6001e-05
1.7381e-04
1.9073e-06
1.1921e-06
3.5048e-05
1.2016e-04
2.1458e-06
9.5367e-07
3.6001e-05
9.5367e-07
3.3140e-05
1.0300e-04
3.5048e-05
3.6502e-04
2.1458e-06
9.5367e-07
3.6001e-05
9.5367e-07
3.4094e-05
1.3995e-04
1.9073e-06
9.5367e-07
3.5048e-05
9.5367e-07
3.3140e-05
2.0504e-04
3.6001e-05
9.5367e-07
3.2902e-05
9.5367e-07
3.3140e-05
3.4094e-04
2.1458e-06
1.1587e-04
1.9073e-06
1.1921e-06
3.6001e-05
9.5367e-07
8.2016e-05
2.0289e-04
1.9073e-06
9.5367e-07
3.6955e-05
0.0000e+00
3.2902e-05
1.1921e-06
3.3855e-05
1.7500e-04
1.9073e-06
9.5367e-07
3.5048e-05
1.9288e-04
1.9073e-06
2.1458e-06
3.5048e-05
9.5844e-05
8.2016e-05
1.0705e-04
3.6001e-05
1.3709e-04
2.1458e-06
1.4687e-04
2.8610e-06
2.8706e-04
2.1458e-06
0.0000e+00
3.6001e-05
9.5367e-07
3.3140e-05
1.3685e-04
1.9073e-06
2.2411e-04
3.0994e-06
1.1921e-06
3.5048e-05
9.5367e-07
7.7963e-05
1.9073e-06
3.5048e-05
9.5367e-07
3.4094e-05
6.9785e-04
1.9073e-06
9.5367e-07
3.6001e-05
2.6107e-04
3.6955e-05
5.2929e-05
3.6001e-05
1.2708e-04
1.9073e-06
1.1086e-04
3.0994e-06
9.5367e-07
3.6001e-05
9.5367e-07
3.4809e-05
1.7309e-04
2.1458e-06
9.5367e-07
3.5048e-05
3.1948e-05
3.5048e-05
8.5831e-05
3.6001e-05
1.9073e-06
3.3140e-05
3.9196e-04
1.9073e-06
9.5367e-07
3.6955e-05
2.1458e-06
8.2970e-05
2.1601e-04
2.1458e-06
6.1035e-05
1.9073e-06
1.5807e-04
1.9073e-06
2.0027e-05
1.9073e-06
3.2210e-04
1.9073e-06
0.0000e+00
3.6001e-05
9.2030e-05
1.9073e-06
1.1921e-06
3.4809e-05
8.3208e-05
2.1458e-06
9.5367e-07
3.4094e-05
9.5367e-07
7.7963e-05
9.5367e-07
3.3855e-05
8.2016e-05
3.5048e-05
7.2956e-05
3.6001e-05
7.3195e-05
3.5048e-05
3.2902e-04
2.1458e-06
9.5367e-07
3.6001e-05
8.6069e-05
3.0994e-06
1.1921e-06
3.6001e-05
6.4850e-05
8.3923e-05
9.2030e-05
3.0994e-06
0.0000e+00
3.6001e-05
9.5367e-07
3.3140e-05
1.9193e-04
3.6001e-05
1.1206e-04
1.9073e-06
0.0000e+00
3.5048e-05
1.4806e-04
3.6001e-05
4.1962e-05
3.6001e-05
2.2197e-04
3.6001e-05
1.1921e-06
3.2902e-05
0.0000e+00
3.3140e-05
9.5367e-07
3.2902e-05
9.5367e-07
3.3140e-05
1.6999e-04
3.5048e-05
7.7415e-04
1.9073e-06
1.1921e-06
3.5048e-05
4.6015e-05
2.8610e-06
9.5367e-07
3.6001e-05
2.7704e-04
1.9073e-06
1.1921e-06
3.5048e-05
3.2902e-05
3.6001e-05
1.0180e-04
3.6001e-05
3.1900e-04
2.1458e-06
1.9073e-06
3.6001e-05
1.1420e-04
1.9073e-06
1.0109e-04
2.1458e-06
2.0981e-05
1.9073e-06
9.2983e-05
1.9073e-06
7.0095e-05
2.1458e-06
9.5367e-07
3.6001e-05
2.3890e-04
2.8610e-06
2.5034e-05
1.9073e-06
1.1921e-06
3.5048e-05
2.4700e-04
1.9073e-06
2.1458e-06
3.5048e-05
9.5367e-07
3.2902e-05
1.3018e-04
1.9073e-06
1.1921e-06
8.2016e-05
1.0681e-04
3.5048e-05
1.9073e-06
3.3140e-05
2.3890e-04
3.0994e-06
0.0000e+00
3.6001e-05
1.5497e-04
1.9073e-06
8.3923e-05
1.9073e-06
9.5367e-07
3.6001e-05
5.8579e-04
1.9073e-06
3.4809e-05
2.8610e-06
9.5367e-07
9.6798e-05
5.9009e-04
1.9073e-06
9.5367e-07
3.8147e-05
1.5378e-04
1.9073e-06
9.5367e-07
3.7909e-05
9.5367e-07
3.2902e-05
9.5367e-07
3.2902e-05
1.3590e-04
3.6001e-05
3.4595e-04
1.9073e-06
9.5367e-07
8.3208e-05
9.5367e-07
3.5048e-05
9.5367e-07
3.2902e-05
3.0494e-04
2.1458e-06
3.8862e-05
1.9073e-06
1.1921e-06
3.6001e-05
2.1696e-04
3.0994e-06
1.5092e-04
3.0994e-06
1.9073e-06
3.6001e-05
1.0014e-04
2.1458e-06
9.5367e-07
3.6001e-05
3.6955e-05
3.0994e-06
3.1400e-04
2.1458e-06
9.5367e-07
3.6001e-05
1.1921e-06
3.3855e-05
1.0395e-04
2.8610e-06
9.5367e-07
3.6001e-05
2.4009e-04
3.0994e-06
9.5367e-07
3.4094e-05
1.3804e-04
1.9073e-06
9.5367e-07
3.5048e-05
1.9073e-06
3.6001e-05
1.7691e-04
3.6001e-05
9.5367e-07
3.2902e-05
9.5367e-07
3.3140e-05
1.2898e-04
3.6001e-05
2.1458e-06
3.2902e-05
1.9789e-04
3.6001e-05
2.9802e-05
1.9073e-06
9.5367e-07
9.4891e-05
2.1458e-06
5.3883e-05
7.4601e-04
3.9101e-05
3.9005e-04
3.0994e-06
2.1005e-04
2.1458e-06
3.2902e-04
2.1458e-06
9.5367e-07
3.8147e-05
9.5367e-07
3.3140e-05
4.8900e-04
2.8610e-06
2.3007e-04
2.8610e-06
1.9073e-06
8.7023e-05
4.3297e-04
1.9073e-06
1.1921e-06
3.4809e-05
1.1921e-06
3.3855e-05
1.6904e-04
3.6001e-05
2.8110e-04
3.6001e-05
1.1141e-03
3.0994e-06
2.1458e-06
4.0770e-05
0.0000e+00
3.3855e-05
2.7013e-04
3.0994e-06
3.6001e-05
2.1458e-06
9.5367e-07
3.8147e-05
6.0081e-05
2.8610e-06
9.5367e-07
3.5048e-05
4.0698e-04
2.8610e-06
2.6941e-05
1.9073e-06
9.5367e-07
3.6001e-05
5.7936e-05
2.1458e-06
1.5807e-04
2.1458e-06
2.6941e-05
1.9073e-06
1.8096e-04
1.9073e-06
0.0000e+00
9.7036e-05
1.6904e-04
1.9073e-06
9.5367e-07
3.4809e-05
0.0000e+00
3.2902e-05
1.9598e-04
1.9073e-06
2.1935e-05
1.9073e-06
9.5367e-07
3.6001e-05
8.4162e-05
1.1015e-04
2.6393e-04
2.1458e-06
9.5367e-07
3.6001e-05
1.1897e-04
3.5048e-05
4.4489e-04
1.9073e-06
8.6069e-05
1.9073e-06
1.4210e-04
2.1458e-06
1.9073e-06
1.5998e-04
5.1403e-04
1.9073e-06
0.0000e+00
3.6001e-05
1.9789e-05
1.9073e-06
6.6042e-05
2.1458e-06
1.9503e-04
1.9073e-06
6.6996e-05
1.9073e-06
4.0054e-05
2.8610e-06
1.1921e-06
8.3923e-05
1.9073e-06
3.4094e-05
7.6056e-05
3.6001e-05
9.5367e-07
3.2902e-05
3.0804e-04
2.1458e-06
0.0000e+00
3.6001e-05
9.5367e-07
3.2902e-05
1.1921e-06
3.1948e-05
1.9193e-04
1.9073e-06
1.1897e-04
1.9073e-06
1.1921e-06
3.4809e-05
1.6713e-04
2.8610e-06
1.9073e-06
3.5048e-05
1.0014e-04
3.5048e-05
9.5367e-07
3.2902e-05
1.6403e-04
3.6001e-05
8.4162e-05
3.6001e-05
2.4104e-04
2.1458e-06
2.5988e-05
1.9073e-06
8.5115e-05
2.1458e-06
1.7881e-05
1.9073e-06
9.2030e-05
1.9073e-06
1.1921e-06
3.6001e-05
3.4380e-04
3.6001e-05
1.2708e-04
1.9073e-06
9.7990e-05
1.9073e-06
6.5088e-05
3.0994e-06
9.1076e-05
2.8610e-06
1.1921e-06
3.6001e-05
1.7881e-04
1.9073e-06
2.6298e-04
1.9073e-06
8.2016e-05
3.0994e-06
1.8835e-05
1.9073e-06
1.2898e-04
1.9073e-06
1.1921e-06
3.6001e-05
8.4162e-05
1.9073e-06
3.6955e-05
3.0994e-06
2.0218e-04
3.0994e-06
1.9073e-06
3.6001e-05
9.5367e-07
3.3140e-05
0.0000e+00
3.2902e-05
9.5367e-07
8.2016e-05
3.9697e-04
3.6001e-05
1.4997e-04
3.0994e-06
0.0000e+00
3.5048e-05
1.1206e-04
3.0994e-06
9.5367e-07
3.4094e-05
1.2898e-04
2.1458e-06
0.0000e+00
3.6001e-05
9.5367e-07
3.3140e-05
9.5367e-07
3.2902e-05
2.1458e-06
3.0088e-04
3.7694e-04
1.9073e-06
1.8811e-04
2.1458e-06
3.7885e-04
1.9073e-06
0.0000e+00
3.5048e-05
0.0000e+00
3.2902e-05
2.0194e-04
2.8610e-06
1.9073e-06
3.5048e-05
2.7704e-04
1.9073e-06
3.1948e-05
3.6955e-05
4.2915e-05
3.6001e-05
1.3280e-04
3.6001e-05
9.5367e-07
3.2902e-05
1.8096e-04
3.6001e-05
9.2983e-05
3.0994e-06
9.5367e-07
3.6001e-05
3.6001e-05
3.4809e-05
2.8515e-04
2.1458e-06
1.0300e-04
3.0994e-06
1.1921e-06
3.6001e-05
9.5367e-07
3.2902e-05
9.5367e-07
3.3140e-05
2.3985e-04
2.8610e-06
2.7895e-05
3.0994e-06
9.5367e-07
3.6955e-05
9.5367e-07
3.3140e-05
1.2279e-04
3.6001e-05
1.9073e-06
8.5115e-05
3.6216e-04
1.9073e-06
9.5367e-07
3.6001e-05
1.2207e-04
2.1458e-06
1.5283e-04
1.9073e-06
1.1921e-06
3.6001e-05
9.5367e-07
3.3140e-05
1.0180e-04
3.6001e-05
9.5367e-07
3.2902e-05
4.2009e-04
2.1458e-06
9.5367e-07
8.2016e-05
1.7595e-04
1.9073e-06
2.5988e-05
2.8610e-06
4.9114e-05
2.1458e-06
9.5367e-07
3.6001e-05
0.0000e+00
3.3140e-05
0.0000e+00
3.2902e-05
7.7009e-05
1.9073e-06
9.5367e-07
3.5048e-05
1.9693e-04
3.6001e-05
1.3685e-04
2.1458e-06
9.5367e-07
3.6001e-05
0.0000e+00
3.3140e-05
1.1086e-04
3.6001e-05
9.5367e-07
3.4094e-05
2.0099e-04
3.7193e-05
1.8597e-04
3.0994e-06
9.5844e-05
2.1458e-06
9.5367e-07
3.6001e-05
9.2030e-05
3.6955e-05
9.5367e-07
3.4094e-05
9.2983e-05
2.1458e-06
0.0000e+00
3.6001e-05
2.7299e-04
1.9073e-06
9.5367e-07
3.5048e-05
1.9073e-06
3.7193e-05
2.2221e-04
3.6001e-05
5.2094e-04
1.9073e-06
1.7500e-04
2.1458e-06
9.2983e-05
2.1458e-06
1.1301e-04
2.1458e-06
9.5367e-07
1.0610e-04
1.1086e-04
1.9073e-06
2.2197e-04
3.0994e-06
1.1921e-06
3.5048e-05
0.0000e+00
3.2902e-05
1.1921e-06
3.2902e-05
9.5367e-07
3.1948e-05
3.2115e-04
3.0994e-06
9.5367e-07
3.6001e-05
8.2970e-05
2.1458e-06
9.5367e-07
3.5048e-05
1.9073e-06
3.3140e-05
2.4486e-04
3.6955e-05
9.5367e-07
3.3140e-05
1.0800e-04
1.9073e-06
0.0000e+00
3.4809e-05
2.1005e-04
3.0994e-06
9.5367e-07
3.6001e-05
0.0000e+00
3.2187e-05
9.7036e-05
3.6955e-05
3.6955e-05
3.6001e-05
6.2943e-05
3.6001e-05
2.1458e-06
3.5048e-05
2.8682e-04
3.6001e-05
1.3590e-04
1.9073e-06
8.7976e-05
1.9073e-06
1.6713e-04
1.9073e-06
1.0300e-04
1.9073e-06
8.9884e-05
1.9073e-06
9.5367e-07
3.6001e-05
8.9884e-05
1.9073e-06
9.5367e-07
3.4809e-05
2.2602e-04
1.9073e-06
9.5367e-07
3.4809e-05
2.2912e-04
2.1458e-06
9.5367e-07
3.5048e-05
0.0000e+00
8.2016e-05
8.7976e-05
1.9073e-06
9.5367e-07
3.5048e-05
0.0000e+00
3.3140e-05
2.2197e-04
1.9073e-06
1.1921e-06
3.5048e-05
3.5095e-04
2.8610e-06
0.0000e+00
3.5048e-05
0.0000e+00
3.1948e-05
0.0000e+00
8.0109e-05
2.7394e-04
1.9073e-06
1.0705e-04
1.9073e-06
9.5367e-07
1.5521e-04
4.4823e-05
2.8610e-06
3.8147e-05
1.9073e-06
1.1921e-06
3.5048e-05
9.5367e-07
3.3140e-05
9.5367e-07
3.2902e-05
1.5593e-04
3.6001e-05
6.1035e-05
3.5048e-05
1.6594e-04
3.6001e-05
2.6178e-04
1.9073e-06
9.5367e-07
3.5048e-05
9.5367e-07
3.2902e-05
0.0000e+00
3.3140e-05
2.2602e-04
2.1458e-06
1.1802e-04
2.8610e-06
3.9101e-05
2.1458e-06
9.5367e-07
8.1062e-05
2.3699e-04
1.9073e-06
2.1458e-06
3.6001e-05
0.0000e+00
3.1948e-05
9.5367e-07
3.3140e-05
1.5593e-04
3.6001e-05
1.1015e-04
1.9073e-06
9.1076e-05
2.1458e-06
1.2589e-04
2.8610e-06
7.9155e-05
1.9073e-06
1.1921e-06
3.6001e-05
1.5402e-04
2.8610e-06
9.5367e-07
3.5048e-05
1.8096e-04
1.9073e-06
1.9073e-06
3.6001e-05
1.6093e-04
3.6955e-05
1.9073e-06
3.3140e-05
9.5844e-05
3.6955e-05
8.1062e-05
3.6001e-05
9.5367e-07
8.1062e-05
1.9073e-06
3.3855e-05
0.0000e+00
3.1948e-05
1.1921e-06
3.2902e-05
9.5367e-07
3.1948e-05
4.1795e-04
3.6001e-05
9.4175e-05
2.8610e-06
1.1921e-06
3.6001e-05
1.1301e-04
8.2016e-05
1.2517e-04
3.5048e-05
5.0068e-05
1.9073e-06
1.3208e-04
3.0994e-06
1.9073e-06
3.6001e-05
9.5367e-07
3.2902e-05
1.5590e-03
4.2200e-05
1.5402e-04
1.9073e-06
1.7715e-04
2.1458e-06
1.2898e-04
1.9073e-06
9.5367e-07
8.8930e-05
2.1935e-05
3.0994e-06
9.5367e-07
3.6001e-05
1.6093e-04
1.9073e-06
2.1458e-06
3.4809e-05
2.8205e-04
3.0994e-06
1.1611e-04
3.0994e-06
4.1962e-05
2.8610e-06
8.2016e-05
1.9073e-06
9.5367e-07
3.6001e-05
1.4687e-04
1.9073e-06
9.5367e-07
3.5048e-05
1.0204e-04
3.0994e-06
1.5497e-04
2.1458e-06
1.6904e-04
3.0994e-06
1.1921e-06
3.6001e-05
0.0000e+00
3.2902e-05
2.1696e-04
1.9073e-06
1.2612e-04
3.0994e-06
1.9884e-04
2.8610e-06
2.7180e-05
2.8610e-06
4.1008e-05
1.9073e-06
1.0991e-04
1.9073e-06
9.5367e-07
3.6955e-05
9.2983e-05
8.3923e-05
9.5844e-05
2.8610e-06
9.5367e-07
3.4809e-05
3.6216e-04
1.9073e-06
9.5367e-07
3.6001e-05
4.3869e-05
1.9073e-06
4.0054e-05
3.0994e-06
2.5082e-04
1.9073e-06
6.3181e-05
3.0994e-06
9.5367e-07
3.6001e-05
0.0000e+00
3.3140e-05
5.1975e-05
3.6955e-05
2.1458e-06
3.3855e-05
2.7514e-04
1.9073e-06
0.0000e+00
3.5048e-05
9.5367e-07
3.2902e-05
9.5367e-07
3.3140e-05
3.5286e-04
1.9073e-06
9.5367e-07
3.6001e-05
0.0000e+00
8.0109e-05
1.5187e-04
3.0994e-06
9.5367e-07
3.4094e-05
9.7036e-05
2.1458e-06
1.3995e-04
3.0994e-06
0.0000e+00
3.5048e-05
0.0000e+00
3.3140e-05
1.1921e-06
3.2902e-05
9.5367e-07
3.3140e-05
2.4199e-04
1.8215e-04
2.1458e-06
3.5048e-05
1.9073e-06
3.2902e-05
0.0000e+00
3.2902e-05
2.4009e-04
3.6001e-05
5.7936e-05
1.9073e-06
9.5367e-07
3.6001e-05
2.6798e-04
1.9073e-06
1.9097e-04
1.9073e-06
1.2112e-04
2.1458e-06
1.0705e-04
2.1458e-06
2.1458e-06
3.6001e-05
9.5367e-07
3.2902e-05
9.5367e-07
3.3140e-05
1.1897e-04
2.1458e-06
9.5367e-07
3.6001e-05
7.6056e-05
3.6001e-05
9.5367e-07
3.3855e-05
9.5367e-07
3.3140e-05
1.6093e-04
3.6001e-05
1.1182e-04
3.6001e-05
1.6785e-04
3.0994e-06
9.5367e-07
3.6001e-05
8.2970e-05
3.6001e-05
1.6403e-04
3.6001e-05
1.1921e-06
3.3855e-05
1.1921e-06
3.1948e-05
3.6955e-05
3.6001e-05
6.1035e-05
2.8610e-06
9.5367e-07
3.5048e-05
3.0398e-04
3.6001e-05
2.3794e-04
3.0994e-06
1.9073e-06
3.6001e-05
5.3883e-05
1.9073e-06
5.4121e-05
2.1458e-06
9.5367e-07
3.5048e-05
2.7895e-04
6.3896e-05
1.0705e-04
3.0994e-06
1.9073e-06
3.6001e-05
4.3869e-05
3.6001e-05
4.4823e-05
3.6001e-05
1.8191e-04
3.6001e-05
9.5367e-07
3.2902e-05
1.1396e-04
3.6001e-05
2.2602e-04
1.9073e-06
2.0480e-04
1.9073e-06
2.9087e-05
2.1458e-06
4.5061e-05
1.9073e-06
8.9884e-05
3.0994e-06
9.5367e-07
3.5048e-05
9.5367e-07
3.3140e-05
8.4877e-05
3.5048e-05
9.5367e-07
3.3140e-05
7.5078e-04
1.9073e-06
4.2200e-05
1.9073e-06
8.9884e-05
2.1458e-06
1.6928e-05
2.8610e-06
0.0000e+00
8.2016e-05
4.1008e-05
1.9073e-06
9.5367e-07
3.5048e-05
7.0095e-05
1.9073e-06
3.1805e-04
2.8610e-06
1.0300e-04
1.9073e-06
1.4400e-04
1.9073e-06
9.7990e-05
2.8610e-06
1.1921e-06
3.6955e-05
9.5367e-07
3.4094e-05
6.0296e-04
3.8147e-05
1.9073e-06
3.5048e-05
3.5691e-04
1.9073e-06
1.1921e-06
3.7909e-05
8.2016e-05
2.1458e-06
8.6069e-05
1.9073e-06
1.1921e-06
3.5048e-05
1.2112e-04
3.6001e-05
3.3140e-05
2.1458e-06
1.4901e-04
1.9073e-06
1.9073e-06
3.5048e-05
1.9073e-06
3.5048e-05
3.5095e-04
1.9073e-06
9.5367e-07
3.6001e-05
9.5367e-07
3.3140e-05
0.0000e+00
3.1948e-05
0.0000e+00
3.1948e-05
1.7405e-04
3.6001e-05
1.0109e-04
3.6001e-05
1.1206e-04
1.9073e-06
9.5367e-07
3.6001e-05
9.5367e-07
3.2902e-05
9.5367e-07
3.3140e-05
1.9884e-04
3.6955e-05
2.3007e-04
1.9073e-06
9.5367e-07
3.5048e-05
1.5593e-04
2.8610e-06
9.5367e-07
3.6001e-05
5.1975e-05
2.1458e-06
8.8930e-05
1.9073e-06
9.5367e-07
3.6001e-05
4.5061e-05
3.6001e-05
7.8917e-05
3.6001e-05
1.3113e-04
3.6001e-05
1.4305e-04
2.1458e-06
9.5367e-07
3.5048e-05
1.9073e-06
3.3140e-05
1.7715e-04
2.1458e-06
9.5367e-07
3.6001e-05
1.1301e-04
2.1458e-06
0.0000e+00
3.6001e-05
2.4605e-04
1.9073e-06
6.4135e-05
2.1458e-06
9.5367e-07
3.6001e-05
9.5367e-07
3.4094e-05
9.5367e-07
3.4094e-05
9.5367e-07
3.2902e-05
2.0790e-04
3.6001e-05
1.8406e-04
1.9073e-06
9.5367e-07
3.5048e-05
1.4210e-04
2.1458e-06
9.5367e-07
3.4094e-05
1.5998e-04
1.9073e-06
9.5367e-07
3.4809e-05
2.1315e-04
3.6001e-05
7.4148e-05
3.6001e-05
1.9073e-06
3.6001e-05
2.7704e-04
3.0994e-06
9.5367e-07
3.5048e-05
8.3923e-05
2.1458e-06
1.0896e-04
1.9073e-06
9.5367e-07
3.4094e-05
9.5367e-07
3.2187e-05
4.1962e-05
3.6001e-05
3.9911e-04
3.0994e-06
1.1921e-06
8.2016e-05
8.5831e-05
1.9073e-06
9.5367e-07
3.3855e-05
6.4135e-05
1.9073e-06
1.5593e-04
2.1458e-06
4.1962e-05
2.1458e-06
9.5367e-07
3.6001e-05
1.0395e-04
3.6001e-05
1.1921e-06
3.2902e-05
2.7204e-04
2.1458e-06
9.5367e-07
8.0109e-05
1.9073e-06
4.1962e-05
9.5367e-07
3.3855e-05
9.5367e-07
3.3140e-05
3.5191e-04
1.9073e-06
1.5903e-04
2.8610e-06
9.5367e-07
3.6001e-05
1.1921e-06
3.3855e-05
9.5367e-07
3.3140e-05
4.3583e-04
1.9073e-06
9.5367e-07
3.6001e-05
1.2493e-04
2.1458e-06
0.0000e+00
3.6001e-05
9.5367e-07
3.3140e-05
1.4091e-04
3.6001e-05
9.6798e-05
3.6955e-05
1.1897e-04
2.1458e-06
1.1992e-04
1.9073e-06
1.1921e-06
3.5048e-05
2.1458e-06
3.6001e-05
5.7936e-05
3.6001e-05
1.0800e-04
3.6001e-05
3.9005e-04
2.1458e-06
9.5367e-07
4.1008e-05
9.5367e-07
3.4094e-05
7.0310e-04
4.0054e-05
3.7193e-04
3.7909e-05
1.9073e-06
3.5048e-05
5.8007e-04
2.1458e-06
9.5367e-07
3.5048e-05
3.1996e-04
3.0994e-06
9.5367e-07
3.6001e-05
0.0000e+00
3.3140e-05
7.4291e-04
4.1008e-05
3.0994e-06
3.2902e-05
1.1921e-06
8.6069e-05
1.2612e-04
3.0994e-06
9.2030e-05
1.9073e-06
2.1458e-06
3.6955e-05
5.6028e-05
3.5048e-05
8.3208e-05
3.6001e-05
8.7023e-05
2.1458e-06
9.5367e-07
3.5048e-05
4.4799e-04
3.0994e-06
4.1962e-05
2.1458e-06
8.4877e-05
1.9073e-06
1.1921e-06
8.2016e-05
9.5367e-07
3.3140e-05
9.5367e-07
3.2902e-05
9.5367e-07
3.3140e-05
9.5367e-07
3.2902e-05
2.9302e-04
1.9073e-06
9.5367e-07
3.6001e-05
1.1921e-06
3.2902e-05
8.9169e-05
8.1062e-05
2.4891e-04
3.0994e-06
4.0054e-05
1.9073e-06
4.0054e-05
1.9073e-06
1.8597e-04
2.8610e-06
2.4080e-05
2.1458e-06
0.0000e+00
3.5048e-05
9.5367e-07
3.2902e-05
1.7715e-04
3.6001e-05
2.1458e-06
3.2902e-05
4.1008e-04
2.1458e-06
9.5367e-07
3.6001e-05
4.7898e-04
1.9073e-06
8.4162e-05
1.9073e-06
2.1458e-06
3.6001e-05
3.7003e-04
1.9073e-06
2.7180e-05
1.9073e-06
1.1921e-06
3.6001e-05
9.5367e-07
3.2902e-05
1.4901e-04
3.0994e-06
9.5367e-07
3.6001e-05
9.5367e-07
3.6001e-05
1.1110e-04
3.5048e-05
1.8191e-04
2.1458e-06
4.6968e-05
2.1458e-06
1.2589e-04
1.9073e-06
2.4295e-04
2.8610e-06
9.5367e-07
3.6001e-05
7.9155e-05
2.1458e-06
9.5367e-07
3.6001e-05
1.4901e-04
1.9073e-06
4.1008e-05
1.9073e-06
1.1921e-06
8.2016e-05
1.9073e-06
3.4094e-05
2.3603e-04
2.8610e-06
1.1921e-06
3.3855e-05
9.5367e-07
3.2902e-05
1.1110e-04
3.5048e-05
9.5367e-07
1.5306e-04
3.0994e-06
3.4809e-05
2.6202e-04
8.2970e-05
1.2589e-04
1.9073e-06
9.5367e-07
3.6001e-05
9.5367e-07
3.3140e-05
2.1791e-04
1.9073e-06
9.5367e-07
3.6001e-05
4.4823e-05
3.6955e-05
1.3399e-04
3.5048e-05
2.0194e-04
3.6001e-05
1.2684e-04
1.9073e-06
9.5367e-07
3.6001e-05
1.4710e-04
2.1458e-06
1.3995e-04
3.0994e-06
4.1962e-05
2.1458e-06
9.5367e-07
3.6955e-05
4.1008e-05
2.1458e-06
1.9073e-06
3.5048e-05
2.5702e-04
3.6001e-05
2.9302e-04
2.1458e-06
3.0041e-05
3.0994e-06
3.6955e-05
3.0994e-06
6.0797e-05
1.9073e-06
9.5367e-07
3.5048e-05
0.0000e+00
3.1948e-05
9.5367e-07
3.3140e-05
1.6880e-04
3.6955e-05
9.5367e-07
3.4094e-05
9.5367e-07
3.2902e-05
3.4499e-04
1.9073e-06
1.1611e-04
2.1458e-06
2.2507e-04
1.9073e-06
8.1062e-05
2.1458e-06
9.5367e-07
3.5048e-05
9.5367e-07
3.3140e-05
5.0592e-04
3.5048e-05
5.7197e-04
1.9073e-06
1.1110e-04
2.1458e-06
9.5367e-07
3.6001e-05
1.6809e-04
3.0994e-06
9.5367e-07
3.6001e-05
3.0684e-04
2.8610e-06
2.1458e-06
1.5402e-04
1.4687e-04
3.7909e-05
2.9898e-04
2.8610e-06
2.1458e-06
3.6955e-05
9.5367e-07
3.2902e-05
1.5903e-04
1.9073e-06
9.5367e-07
3.7193e-05
2.7299e-04
2.1458e-06
2.4080e-05
1.9073e-06
9.5367e-07
8.4162e-05
9.5367e-07
3.3140e-05
1.4496e-04
3.0994e-06
9.5367e-07
3.6001e-05
0.0000e+00
3.3140e-05
2.6989e-04
1.9073e-06
1.1921e-06
3.6001e-05
1.0204e-04
3.6001e-05
1.9073e-06
3.3140e-05
2.1458e-06
3.5048e-05
2.1791e-04
2.1458e-06
1.2803e-04
2.1458e-06
9.5367e-07
5.9128e-05
1.9073e-06
3.4094e-05
2.3293e-04
3.6955e-05
9.5367e-07
3.2902e-05
4.0054e-05
3.5048e-05
1.1587e-04
8.2970e-05
1.9073e-06
3.4094e-05
9.5367e-07
3.2902e-05
0.0000e+00
3.2902e-05
2.8610e-04
3.6001e-05
8.2970e-05
1.9073e-06
1.4210e-04
3.0994e-06
1.4186e-04
1.9073e-06
9.5367e-07
3.4809e-05
9.5367e-07
7.7963e-05
2.1458e-06
3.4809e-05
2.8205e-04
1.9073e-06
8.3923e-05
1.9073e-06
9.5367e-07
1.0300e-04
1.1921e-06
3.3855e-05
6.3181e-05
2.1458e-06
9.5367e-07
3.6001e-05
1.3304e-04
3.6001e-05
1.6999e-04
3.6955e-05
2.1458e-06
3.5048e-05
1.0300e-04
3.6001e-05
9.7036e-05
3.4809e-05
2.1458e-06
3.2902e-05
1.2302e-04
3.6001e-05
1.3399e-04
3.0994e-06
9.5367e-07
3.6001e-05
5.7936e-05
5.1975e-05
2.5010e-04
3.6001e-05
3.7098e-04
3.4809e-05
9.5367e-07
3.2902e-05
1.1921e-06
3.2902e-05
3.7003e-04
3.6955e-05
6.9141e-05
2.1458e-06
9.5367e-07
3.5048e-05
9.5367e-07
3.3140e-05
3.2592e-04
3.6001e-05
1.2183e-04
1.9073e-06
1.2803e-04
2.1458e-06
0.0000e+00
3.6001e-05
9.5367e-07
3.3140e-05
2.8086e-04
2.8610e-06
9.5367e-07
3.5048e-05
9.5367e-07
3.1948e-05
9.5367e-07
3.2902e-05
3.0208e-04
5.2929e-05
1.9073e-06
3.6001e-05
0.0000e+00
3.2902e-05
1.9073e-06
3.3140e-05
9.5367e-07
3.2902e-05
6.4135e-05
3.5048e-05
1.9073e-06
3.3140e-05
3.1304e-04
1.9073e-06
9.5367e-07
3.6001e-05
3.8147e-05
2.1458e-06
0.0000e+00
3.6001e-05
2.0099e-04
3.6001e-05
7.1311e-04
1.9073e-06
2.0599e-04
3.0994e-06
9.5367e-07
3.6955e-05
9.5367e-07
3.3140e-05
3.7909e-05
3.0994e-06
9.5367e-07
3.6955e-05
1.6999e-04
8.3923e-05
2.1458e-06
3.2902e-05
2.7919e-04
2.1458e-06
9.5367e-07
3.6001e-05
7.9870e-05
3.6001e-05
1.9073e-06
3.3140e-05
3.5691e-04
3.0994e-06
5.1022e-05
3.0994e-06
9.5367e-07
3.6001e-05
9.5367e-07
8.2016e-05
1.9073e-06
3.4094e-05
9.7990e-05
2.1458e-06
0.0000e+00
3.6001e-05
3.6001e-05
3.6001e-05
8.7023e-05
3.6001e-05
2.1195e-04
3.0994e-06
9.5367e-07
3.5048e-05
7.2956e-05
3.7193e-05
8.0109e-05
3.6001e-05
1.6308e-04
3.0994e-06
1.1921e-06
3.6001e-05
9.5367e-07
3.3140e-05
4.0483e-04
3.0994e-06
9.5367e-07
3.6001e-05
9.5367e-07
3.3140e-05
2.8896e-04
2.1458e-06
2.5487e-04
2.8610e-06
9.1076e-05
3.0994e-06
1.5497e-04
1.9073e-06
1.1921e-06
3.7909e-05
9.5367e-07
3.3140e-05
9.5367e-07
3.1948e-05
7.2813e-04
1.9073e-06
1.1921e-06
3.7909e-05
3.7599e-04
1.9073e-06
1.1921e-06
3.6955e-05
5.2285e-04
1.9073e-06
2.8110e-04
2.1458e-06
0.0000e+00
8.6069e-05
4.3297e-04
2.1458e-06
9.5367e-07
3.6001e-05
3.2711e-04
1.9073e-06
2.1458e-06
3.5048e-05
1.0014e-05
4.8876e-05
2.5797e-04
3.6955e-05
1.9073e-06
3.4094e-05
5.3096e-04
3.6955e-05
6.9284e-04
2.8610e-06
9.5367e-07
3.7909e-05
3.2496e-04
1.9073e-06
3.0303e-04
1.9073e-06
7.6056e-05
2.1458e-06
4.8089e-04
3.0994e-06
1.9073e-06
4.1962e-05
1.6499e-04
3.6001e-05
1.5659e-03
4.2915e-05
3.0994e-06
6.6996e-05
7.5197e-04
9.2030e-05
1.1897e-04
1.9073e-06
9.5367e-07
3.6001e-05
1.4791e-03
2.8610e-06
2.8610e-06
4.7922e-05
2.8551e-03
4.0531e-06
6.9141e-06
5.1975e-05
1.9073e-06
3.4094e-05
4.8668e-03
2.1458e-06
5.6982e-05
3.0994e-06
0.0000e+00
9.2030e-05
9.5367e-07
3.3855e-05
2.1696e-04
3.0994e-06
9.5367e-07
3.5048e-05
9.5367e-07
3.2187e-05
9.5367e-07
3.2902e-05
1.1921e-06
3.1948e-05
9.5367e-07
3.2187e-05
0.0000e+00
7.7963e-05
2.1458e-06
3.4809e-05
6.0892e-04
2.1458e-06
6.8903e-05
3.0994e-06
9.5367e-07
3.9101e-05
0.0000e+00
3.2902e-05
9.5367e-07
3.4094e-05
1.4997e-04
1.9073e-06
1.9073e-06
3.6001e-05
4.2605e-04
8.0109e-05
4.2915e-05
2.8610e-06
3.5048e-05
3.0994e-06
9.5367e-07
3.6001e-05
0.0000e+00
3.3140e-05
1.9789e-04
1.9073e-06
1.1921e-06
3.4809e-05
9.5367e-07
3.3140e-05
0.0000e+00
3.1948e-05
1.1921e-06
3.2902e-05
3.5095e-04
3.0994e-06
9.5367e-07
3.7193e-05
0.0000e+00
3.2902e-05
1.5497e-04
1.9073e-06
2.3293e-04
2.8610e-06
1.9073e-06
3.6001e-05
1.5712e-04
2.1458e-06
2.7800e-04
3.0994e-06
1.9073e-06
3.6955e-05
0.0000e+00
3.3140e-05
2.1458e-06
3.4809e-05
0.0000e+00
3.1948e-05
9.5367e-07
3.1948e-05
1.9002e-04
1.9073e-06
1.1921e-06
3.6001e-05
4.2105e-04
3.6001e-05
1.4496e-04
1.9073e-06
2.7394e-04
2.8610e-06
1.1921e-06
3.5048e-05
9.5367e-07
3.5048e-05
1.3280e-04
2.8610e-06
1.1921e-06
3.5048e-05
6.2943e-05
3.7193e-05
8.9884e-05
4.1962e-05
1.9073e-06
3.3140e-05
2.9492e-04
2.1458e-06
1.0896e-04
3.0994e-06
8.1062e-05
2.8610e-06
1.6499e-04
2.8610e-06
2.0027e-05
1.9073e-06
9.2983e-05
1.9073e-06
5.3883e-05
3.0994e-06
1.9073e-06
3.6001e-05
9.5367e-07
3.2902e-05
7.8917e-05
3.6001e-05
2.3794e-04
1.9073e-06
4.1962e-05
2.1458e-06
7.6056e-05
2.1458e-06
9.5367e-07
3.6001e-05
8.8930e-05
3.6001e-05
1.9073e-06
3.6001e-05
3.0804e-04
3.0994e-06
9.5367e-07
3.6001e-05
9.5367e-07
3.2902e-05
1.3900e-04
3.5048e-05
1.4591e-04
3.6001e-05
9.5367e-07
3.4094e-05
0.0000e+00
3.2902e-05
1.9073e-06
8.1062e-05
8.4162e-05
2.1458e-06
9.5367e-07
3.4094e-05
9.2030e-05
3.6001e-05
9.5367e-07
3.2902e-05
3.3903e-04
3.6001e-05
1.7405e-04
1.9073e-06
9.5367e-07
3.5048e-05
1.1921e-06
3.3855e-05
2.3103e-04
3.0994e-06
9.1791e-05
1.9073e-06
9.5367e-07
3.6001e-05
1.1921e-06
3.2902e-05
1.1015e-04
3.6001e-05
3.6001e-05
3.5048e-05
8.6069e-05
3.4809e-05
9.5367e-07
3.1948e-05
1.5807e-04
1.0991e-04
1.5211e-04
2.1458e-06
1.9073e-06
3.6001e-05
9.5367e-07
3.3140e-05
2.3198e-04
2.1458e-06
9.5367e-07
3.5048e-05
9.5367e-07
3.2187e-05
1.8287e-04
3.0994e-06
8.3923e-05
1.9073e-06
9.1076e-05
1.9073e-06
9.5367e-07
3.1500e-03
8.2493e-04
1.1492e-04
2.1458e-06
3.3855e-05
3.4904e-04
2.1458e-06
9.5367e-07
3.8147e-05
9.5367e-07
3.4094e-05
3.8481e-04
2.8610e-06
9.5367e-07
3.6001e-05
0.0000e+00
3.2902e-05
7.8201e-04
3.0994e-06
6.8521e-04
2.1458e-06
1.8883e-04
1.9073e-06
1.1921e-06
4.3869e-05
1.9813e-04
2.1458e-06
9.5367e-07
3.6955e-05
1.1301e-04
1.9073e-06
1.1921e-06
3.5048e-05
0.0000e+00
3.1948e-05
3.4499e-04
3.0994e-06
8.0109e-05
2.1458e-06
1.1086e-04
1.9073e-06
1.9073e-06
3.7193e-05
9.5367e-07
3.2902e-05
0.0000e+00
3.2902e-05
3.7503e-04
1.9073e-06
1.1921e-06
3.4809e-05
1.9622e-04
1.9073e-06
1.0896e-04
1.9073e-06
9.5367e-07
3.5048e-05
9.5367e-07
3.2902e-05
1.3380e-03
3.0994e-06
3.6597e-04
1.9073e-06
5.0809e-01
