5.0513e-02
0.0000e+00
7.0095e-05
0.0000e+00
3.5048e-05
0.0000e+00
3.3140e-05
0.0000e+00
3.2187e-05
0.0000e+00
4.6015e-05
0.0000e+00
3.4094e-05
0.0000e+00
3.2902e-05
0.0000e+00
1.0109e-04
0.0000e+00
3.4094e-05
0.0000e+00
3.2902e-05
0.0000e+00
3.1948e-05
0.0000e+00
3.2187e-05
0.0000e+00
3.3855e-05
0.0000e+00
3.1948e-05
0.0000e+00
3.4094e-05
0.0000e+00
3.5048e-05
0.0000e+00
3.3140e-05
0.0000e+00
3.2902e-05
0.0000e+00
3.2902e-05
0.0000e+00
3.1948e-05
0.0000e+00
3.1948e-05
0.0000e+00
3.1948e-05
0.0000e+00
8.1062e-05
0.0000e+00
3.3140e-05
0.0000e+00
3.2902e-05
0.0000e+00
3.3140e-05
0.0000e+00
3.2902e-05
0.0000e+00
3.2902e-05
0.0000e+00
3.3140e-05
0.0000e+00
3.2902e-05
0.0000e+00
3.6001e-05
0.0000e+00
3.2902e-05
0.0000e+00
3.2902e-05
0.0000e+00
3.2902e-05
0.0000e+00
3.2187e-05
0.0000e+00
3.1948e-05
0.0000e+00
3.1948e-05
0.0000e+00
7.9155e-05
0.0000e+00
3.5048e-05
0.0000e+00
3.1948e-05
0.0000e+00
3.2902e-05
0.0000e+00
3.3140e-05
0.0000e+00
3.2902e-05
0.0000e+00
3.1948e-05
0.0000e+00
3.3140e-05
0.0000e+00
8.2016e-05
0.0000e+00
3.2902e-05
0.0000e+00
3.3140e-05
0.0000e+00
3.3855e-05
0.0000e+00
3.3140e-05
0.0000e+00
3.3140e-05
0.0000e+00
3.1948e-05
0.0000e+00
3.3140e-05
0.0000e+00
3.5048e-05
0.0000e+00
3.2902e-05
0.0000e+00
3.3140e-05
0.0000e+00
3.3140e-05
0.0000e+00
3.2902e-05
0.0000e+00
3.2187e-05
0.0000e+00
3.2902e-05
0.0000e+00
8.2016e-05
0.0000e+00
3.2902e-05
0.0000e+00
3.3140e-05
0.0000e+00
3.2902e-05
0.0000e+00
3.3140e-05
0.0000e+00
3.2902e-05
0.0000e+00
3.3140e-05
0.0000e+00
3.2902e-05
0.0000e+00
3.5048e-05
0.0000e+00
3.3140e-05
0.0000e+00
3.2187e-05
0.0000e+00
3.2902e-05
0.0000e+00
3.2902e-05
0.0000e+00
3.1948e-05
0.0000e+00
3.2902e-05
0.0000e+00
8.1062e-05
0.0000e+00
3.4094e-05
0.0000e+00
3.2902e-05
0.0000e+00
3.3140e-05
0.0000e+00
3.2902e-05
0.0000e+00
3.3140e-05
0.0000e+00
3.3140e-05
0.0000e+00
3.2902e-05
0.0000e+00
3.5048e-05
0.0000e+00
3.3140e-05
0.0000e+00
3.2902e-05
0.0000e+00
3.3140e-05
0.0000e+00
3.2902e-05
0.0000e+00
3.2902e-05
0.0000e+00
3.2902e-05
0.0000e+00
8.1062e-05
0.0000e+00
3.5048e-05
0.0000e+00
3.2902e-05
0.0000e+00
3.4094e-05
0.0000e+00
3.2902e-05
0.0000e+00
3.1948e-05
0.0000e+00
3.2187e-05
0.0000e+00
3.2902e-05
0.0000e+00
8.2970e-05
0.0000e+00
3.2902e-05
0.0000e+00
3.3140e-05
0.0000e+00
3.3140e-05
0.0000e+00
3.1948e-05
0.0000e+00
3.3140e-05
0.0000e+00
3.1948e-05
0.0000e+00
3.1948e-05
0.0000e+00
3.3855e-05
0.0000e+00
3.2187e-05
0.0000e+00
3.1948e-05
0.0000e+00
3.2902e-05
0.0000e+00
3.3140e-05
0.0000e+00
3.1948e-05
0.0000e+00
3.3140e-05
0.0000e+00
8.2016e-05
0.0000e+00
3.2902e-05
0.0000e+00
3.3140e-05
0.0000e+00
3.2902e-05
0.0000e+00
5.5504e-04
0.0000e+00
3.5048e-05
0.0000e+00
3.2902e-05
0.0000e+00
3.1948e-05
0.0000e+00
3.6001e-05
0.0000e+00
3.2902e-05
0.0000e+00
3.2902e-05
0.0000e+00
3.3140e-05
0.0000e+00
2.3620e-03
0.0000e+00
3.4094e-05
0.0000e+00
3.4094e-05
0.0000e+00
8.7023e-05
0.0000e+00
3.5048e-05
0.0000e+00
3.1948e-05
0.0000e+00
3.2187e-05
0.0000e+00
3.2902e-05
0.0000e+00
3.2902e-05
0.0000e+00
3.3140e-05
0.0000e+00
3.1948e-05
0.0000e+00
5.4121e-05
0.0000e+00
3.1948e-05
0.0000e+00
3.3140e-05
0.0000e+00
3.2902e-05
0.0000e+00
3.2902e-05
0.0000e+00
3.3140e-05
0.0000e+00
3.2902e-05
0.0000e+00
3.3140e-05
0.0000e+00
3.3855e-05
0.0000e+00
3.1948e-05
0.0000e+00
3.1948e-05
0.0000e+00
3.1948e-05
0.0000e+00
3.3140e-05
0.0000e+00
3.2902e-05
0.0000e+00
3.2902e-05
0.0000e+00
5.3883e-05
0.0000e+00
3.1948e-05
0.0000e+00
3.2902e-05
0.0000e+00
3.2902e-05
0.0000e+00
3.3140e-05
0.0000e+00
3.1948e-05
0.0000e+00
3.3140e-05
0.0000e+00
1.0588e-03
0.0000e+00
4.0054e-05
0.0000e+00
3.3140e-05
0.0000e+00
3.3855e-05
0.0000e+00
3.2187e-05
0.0000e+00
3.2902e-05
0.0000e+00
3.2902e-05
0.0000e+00
3.3140e-05
0.0000e+00
5.1975e-05
0.0000e+00
3.5048e-05
0.0000e+00
3.1948e-05
0.0000e+00
3.1948e-05
0.0000e+00
3.2187e-05
0.0000e+00
3.2902e-05
0.0000e+00
3.3140e-05
0.0000e+00
3.3140e-05
0.0000e+00
5.4836e-05
0.0000e+00
3.3140e-05
0.0000e+00
3.1948e-05
0.0000e+00
3.3140e-05
0.0000e+00
3.2902e-05
0.0000e+00
1.2441e-03
0.0000e+00
3.5048e-05
0.0000e+00
3.2902e-05
0.0000e+00
3.5048e-05
0.0000e+00
3.2187e-05
0.0000e+00
3.1948e-05
0.0000e+00
3.3140e-05
0.0000e+00
3.6001e-05
0.0000e+00
3.2902e-05
0.0000e+00
3.2187e-05
0.0000e+00
5.4836e-05
0.0000e+00
3.3140e-05
0.0000e+00
3.2902e-05
0.0000e+00
3.2902e-05
0.0000e+00
3.8862e-05
0.0000e+00
3.3140e-05
0.0000e+00
3.2902e-05
0.0000e+00
3.3140e-05
0.0000e+00
3.6001e-05
0.0000e+00
3.2902e-05
0.0000e+00
3.3140e-05
0.0000e+00
3.1948e-05
0.0000e+00
3.3140e-05
0.0000e+00
3.2902e-05
0.0000e+00
3.6001e-05
0.0000e+00
4.7302e-04
0.0000e+00
4.3721e-03
0.0000e+00
6.2943e-05
0.0000e+00
5.5075e-05
0.0000e+00
8.1062e-05
0.0000e+00
3.2902e-05
0.0000e+00
3.3140e-05
0.0000e+00
3.2902e-05
0.0000e+00
6.4135e-05
0.0000e+00
3.2902e-05
0.0000e+00
3.3140e-05
0.0000e+00
3.2902e-05
0.0000e+00
3.3140e-05
0.0000e+00
3.2902e-05
0.0000e+00
3.1948e-05
0.0000e+00
5.2929e-05
0.0000e+00
3.5048e-05
0.0000e+00
3.2902e-05
0.0000e+00
3.2187e-05
0.0000e+00
3.3855e-05
0.0000e+00
3.3140e-05
0.0000e+00
3.3855e-05
0.0000e+00
3.2902e-05
0.0000e+00
5.3883e-05
0.0000e+00
3.3140e-05
0.0000e+00
1.8870e-01
0.0000e+00
3.1948e-05
0.0000e+00
3.1948e-05
0.0000e+00
3.2902e-05
0.0000e+00
3.2902e-05
0.0000e+00
3.3140e-05
0.0000e+00
3.4809e-05
0.0000e+00
3.3140e-05
0.0000e+00
3.2902e-05
0.0000e+00
3.2902e-05
0.0000e+00
3.2187e-05
0.0000e+00
3.1948e-05
0.0000e+00
3.2902e-05
0.0000e+00
5.4121e-05
0.0000e+00
3.1948e-05
0.0000e+00
3.1948e-05
0.0000e+00
3.1948e-05
0.0000e+00
3.1948e-05
0.0000e+00
3.2902e-05
0.0000e+00
3.3140e-05
0.0000e+00
3.2902e-05
0.0000e+00
3.4809e-05
0.0000e+00
3.3140e-05
0.0000e+00
3.1948e-05
0.0000e+00
3.2902e-05
0.0000e+00
3.1948e-05
0.0000e+00
3.2902e-05
0.0000e+00
3.1948e-05
0.0000e+00
5.1975e-05
0.0000e+00
3.4809e-05
0.0000e+00
3.2187e-05
0.0000e+00
3.1948e-05
0.0000e+00
3.2902e-05
0.0000e+00
3.2187e-05
0.0000e+00
3.2902e-05
0.0000e+00
3.0994e-05
0.0000e+00
5.3167e-05
0.0000e+00
3.1948e-05
0.0000e+00
3.1948e-05
0.0000e+00
3.2187e-05
0.0000e+00
3.1948e-05
0.0000e+00
3.1948e-05
0.0000e+00
3.3140e-05
0.0000e+00
3.2902e-05
0.0000e+00
3.5048e-05
0.0000e+00
3.2902e-05
0.0000e+00
3.3140e-05
0.0000e+00
3.3140e-05
0.0000e+00
3.2902e-05
0.0000e+00
3.3140e-05
0.0000e+00
3.2902e-05
0.0000e+00
5.3167e-05
0.0000e+00
3.2902e-05
0.0000e+00
3.3140e-05
0.0000e+00
3.3140e-05
0.0000e+00
3.2902e-05
0.0000e+00
3.3140e-05
0.0000e+00
3.2902e-05
0.0000e+00
3.2902e-05
0.0000e+00
3.4094e-05
0.0000e+00
3.2902e-05
0.0000e+00
3.3140e-05
0.0000e+00
3.1948e-05
0.0000e+00
3.1948e-05
0.0000e+00
3.3140e-05
0.0000e+00
3.1948e-05
0.0000e+00
5.4121e-05
0.0000e+00
3.2902e-05
0.0000e+00
3.3140e-05
0.0000e+00
3.1948e-05
0.0000e+00
3.1948e-05
0.0000e+00
3.1948e-05
0.0000e+00
3.3140e-05
0.0000e+00
3.6955e-05
0.0000e+00
3.6001e-05
0.0000e+00
3.4094e-05
0.0000e+00
3.2902e-05
0.0000e+00
3.2902e-05
0.0000e+00
3.2902e-05
0.0000e+00
3.3140e-05
0.0000e+00
3.2902e-05
0.0000e+00
5.8174e-05
0.0000e+00
3.2902e-05
0.0000e+00
3.3140e-05
0.0000e+00
3.3855e-05
0.0000e+00
3.3140e-05
0.0000e+00
3.2902e-05
0.0000e+00
3.3140e-05
0.0000e+00
3.3855e-05
0.0000e+00
3.6001e-05
0.0000e+00
3.2902e-05
0.0000e+00
3.3140e-05
0.0000e+00
3.1948e-05
0.0000e+00
3.1948e-05
0.0000e+00
3.1948e-05
0.0000e+00
3.2902e-05
0.0000e+00
5.1975e-05
0.0000e+00
3.4809e-05
0.0000e+00
3.3140e-05
0.0000e+00
3.2902e-05
0.0000e+00
3.2187e-05
0.0000e+00
3.2902e-05
0.0000e+00
3.1948e-05
0.0000e+00
3.2902e-05
0.0000e+00
5.4121e-05
0.0000e+00
3.2902e-05
0.0000e+00
3.3140e-05
0.0000e+00
3.2902e-05
0.0000e+00
3.3140e-05
0.0000e+00
3.2902e-05
0.0000e+00
3.2902e-05
0.0000e+00
3.3140e-05
0.0000e+00
3.6001e-05
0.0000e+00
3.3140e-05
0.0000e+00
3.2902e-05
0.0000e+00
3.4094e-05
0.0000e+00
3.3855e-05
0.0000e+00
3.3140e-05
0.0000e+00
3.1948e-05
0.0000e+00
5.4121e-05
0.0000e+00
3.3855e-05
0.0000e+00
3.1948e-05
0.0000e+00
3.2902e-05
0.0000e+00
3.3140e-05
0.0000e+00
3.3855e-05
0.0000e+00
3.3140e-05
0.0000e+00
3.2902e-05
0.0000e+00
3.5048e-05
0.0000e+00
3.2902e-05
0.0000e+00
3.2902e-05
0.0000e+00
3.3140e-05
0.0000e+00
3.1948e-05
0.0000e+00
3.3140e-05
0.0000e+00
3.2902e-05
0.0000e+00
5.1022e-05
0.0000e+00
3.6001e-05
0.0000e+00
3.3140e-05
0.0000e+00
3.1948e-05
0.0000e+00
3.3140e-05
0.0000e+00
3.3140e-05
0.0000e+00
3.2902e-05
0.0000e+00
3.2187e-05
0.0000e+00
1.0204e-04
0.0000e+00
3.6001e-05
0.0000e+00
3.2902e-05
0.0000e+00
3.3140e-05
0.0000e+00
3.3140e-05
0.0000e+00
3.1948e-05
0.0000e+00
3.2187e-05
0.0000e+00
3.2902e-05
0.0000e+00
3.5048e-05
0.0000e+00
3.2902e-05
0.0000e+00
3.4094e-05
0.0000e+00
3.2902e-05
0.0000e+00
3.2902e-05
0.0000e+00
3.1948e-05
0.0000e+00
3.2902e-05
0.0000e+00
5.2214e-05
0.0000e+00
3.3855e-05
0.0000e+00
3.3140e-05
0.0000e+00
3.1948e-05
0.0000e+00
3.1948e-05
0.0000e+00
3.2187e-05
0.0000e+00
3.2902e-05
0.0000e+00
3.3140e-05
0.0000e+00
5.8889e-05
0.0000e+00
3.2902e-05
0.0000e+00
3.2902e-05
0.0000e+00
3.3140e-05
0.0000e+00
3.2902e-05
0.0000e+00
3.3140e-05
0.0000e+00
3.2902e-05
0.0000e+00
3.2902e-05
0.0000e+00
3.4094e-05
0.0000e+00
3.1948e-05
0.0000e+00
3.3140e-05
0.0000e+00
3.2902e-05
0.0000e+00
3.2902e-05
0.0000e+00
3.2902e-05
0.0000e+00
3.2902e-05
0.0000e+00
5.1975e-05
0.0000e+00
3.4809e-05
0.0000e+00
3.3140e-05
0.0000e+00
3.1948e-05
0.0000e+00
3.2902e-05
0.0000e+00
3.3140e-05
0.0000e+00
3.2902e-05
0.0000e+00
8.5857e-02
0.0000e+00
6.0892e-04
0.0000e+00
3.5048e-05
0.0000e+00
3.1621e-03
0.0000e+00
3.5048e-05
0.0000e+00
3.4094e-05
0.0000e+00
3.2902e-05
0.0000e+00
3.2902e-05
0.0000e+00
3.2902e-05
0.0000e+00
3.4809e-05
0.0000e+00
3.3140e-05
0.0000e+00
3.3855e-05
0.0000e+00
3.3140e-05
0.0000e+00
3.2902e-05
0.0000e+00
3.3140e-05
0.0000e+00
3.2902e-05
0.0000e+00
5.3167e-05
0.0000e+00
3.5048e-05
0.0000e+00
3.2902e-05
0.0000e+00
3.2902e-05
0.0000e+00
3.2902e-05
0.0000e+00
1.8971e-03
0.0000e+00
4.0054e-05
0.0000e+00
3.2902e-05
0.0000e+00
8.3923e-05
0.0000e+00
3.2902e-05
0.0000e+00
3.3140e-05
0.0000e+00
3.2902e-05
0.0000e+00
3.1948e-05
0.0000e+00
3.2187e-05
0.0000e+00
3.1948e-05
0.0000e+00
3.2902e-05
0.0000e+00
3.4809e-05
0.0000e+00
3.2902e-05
0.0000e+00
3.1948e-05
0.0000e+00
3.3140e-05
0.0000e+00
3.1948e-05
0.0000e+00
3.2902e-05
0.0000e+00
3.3140e-05
0.0000e+00
5.1975e-05
0.0000e+00
3.4094e-05
0.0000e+00
3.2902e-05
0.0000e+00
3.2902e-05
0.0000e+00
3.3140e-05
0.0000e+00
3.2902e-05
0.0000e+00
3.3140e-05
0.0000e+00
1.7989e-03
0.0000e+00
1.0109e-04
0.0000e+00
3.4094e-05
0.0000e+00
3.3855e-05
0.0000e+00
3.3140e-05
0.0000e+00
3.3855e-05
0.0000e+00
3.3140e-05
0.0000e+00
3.2902e-05
0.0000e+00
3.3140e-05
0.0000e+00
3.6001e-05
0.0000e+00
3.3140e-05
0.0000e+00
3.2902e-05
0.0000e+00
3.3140e-05
0.0000e+00
3.2902e-05
0.0000e+00
3.4094e-05
0.0000e+00
3.3140e-05
0.0000e+00
5.3883e-05
0.0000e+00
3.2902e-05
0.0000e+00
3.3140e-05
0.0000e+00
3.3855e-05
0.0000e+00
3.1948e-05
0.0000e+00
3.3140e-05
0.0000e+00
3.2902e-05
0.0000e+00
3.3140e-05
0.0000e+00
3.5048e-05
0.0000e+00
3.2187e-05
0.0000e+00
3.2902e-05
0.0000e+00
3.2902e-05
0.0000e+00
3.3140e-05
0.0000e+00
3.2902e-05
0.0000e+00
3.2187e-05
0.0000e+00
8.5831e-05
0.0000e+00
3.5048e-05
0.0000e+00
3.3140e-05
0.0000e+00
3.2902e-05
0.0000e+00
3.2187e-05
0.0000e+00
3.2902e-05
0.0000e+00
3.2902e-05
0.0000e+00
3.2902e-05
0.0000e+00
5.3883e-05
0.0000e+00
3.1948e-05
0.0000e+00
3.2902e-05
0.0000e+00
3.3140e-05
0.0000e+00
3.2902e-05
0.0000e+00
3.1948e-05
0.0000e+00
3.3140e-05
0.0000e+00
3.1948e-05
0.0000e+00
3.5048e-05
0.0000e+00
3.2902e-05
0.0000e+00
3.1948e-05
0.0000e+00
3.1948e-05
0.0000e+00
3.2902e-05
0.0000e+00
3.3140e-05
0.0000e+00
3.1948e-05
0.0000e+00
5.5075e-05
0.0000e+00
3.3140e-05
0.0000e+00
3.2902e-05
0.0000e+00
3.3140e-05
0.0000e+00
3.1948e-05
0.0000e+00
3.4094e-05
0.0000e+00
3.1948e-05
0.0000e+00
3.2902e-05
0.0000e+00
3.5048e-05
0.0000e+00
3.2902e-05
0.0000e+00
3.1948e-05
0.0000e+00
3.1948e-05
0.0000e+00
3.1948e-05
0.0000e+00
3.2902e-05
0.0000e+00
3.1948e-05
0.0000e+00
5.4121e-05
0.0000e+00
3.2902e-05
0.0000e+00
3.3140e-05
0.0000e+00
3.2902e-05
0.0000e+00
3.3140e-05
0.0000e+00
3.2902e-05
0.0000e+00
3.2902e-05
0.0000e+00
3.1948e-05
0.0000e+00
3.5048e-05
0.0000e+00
3.1948e-05
0.0000e+00
3.3140e-05
0.0000e+00
3.2902e-05
0.0000e+00
3.3140e-05
0.0000e+00
3.2187e-05
0.0000e+00
3.2902e-05
0.0000e+00
5.1022e-05
0.0000e+00
3.6001e-05
0.0000e+00
3.3140e-05
0.0000e+00
3.3855e-05
0.0000e+00
3.2902e-05
0.0000e+00
3.3140e-05
0.0000e+00
3.1948e-05
0.0000e+00
3.2187e-05
0.0000e+00
3.5048e-05
0.0000e+00
3.3140e-05
0.0000e+00
3.2187e-05
0.0000e+00
3.1948e-05
0.0000e+00
3.6001e-05
0.0000e+00
3.2902e-05
0.0000e+00
3.2187e-05
0.0000e+00
5.1022e-05
0.0000e+00
3.5048e-05
0.0000e+00
3.2902e-05
0.0000e+00
3.1948e-05
0.0000e+00
3.3140e-05
0.0000e+00
3.1948e-05
0.0000e+00
3.3140e-05
0.0000e+00
3.2902e-05
0.0000e+00
5.7936e-05
0.0000e+00
3.3140e-05
0.0000e+00
3.2902e-05
0.0000e+00
3.2187e-05
0.0000e+00
3.1948e-05
0.0000e+00
3.1948e-05
0.0000e+00
3.3140e-05
0.0000e+00
3.2902e-05
0.0000e+00
3.5048e-05
0.0000e+00
3.2902e-05
0.0000e+00
3.1948e-05
0.0000e+00
3.2187e-05
0.0000e+00
3.2902e-05
0.0000e+00
3.3140e-05
0.0000e+00
3.2902e-05
0.0000e+00
5.3883e-05
0.0000e+00
3.2902e-05
0.0000e+00
3.1948e-05
0.0000e+00
3.2187e-05
0.0000e+00
3.1948e-05
0.0000e+00
3.3140e-05
0.0000e+00
3.2187e-05
0.0000e+00
3.2902e-05
0.0000e+00
3.5048e-05
0.0000e+00
3.2902e-05
0.0000e+00
3.1948e-05
0.0000e+00
3.3140e-05
0.0000e+00
3.1948e-05
0.0000e+00
3.1948e-05
0.0000e+00
3.2187e-05
0.0000e+00
5.3883e-05
0.0000e+00
2.0003e-04
0.0000e+00
3.2902e-05
0.0000e+00
3.2187e-05
0.0000e+00
3.2902e-05
0.0000e+00
3.1948e-05
0.0000e+00
3.3140e-05
0.0000e+00
3.1948e-05
0.0000e+00
3.5048e-05
0.0000e+00
3.3140e-05
0.0000e+00
3.2902e-05
0.0000e+00
3.2902e-05
0.0000e+00
3.3140e-05
0.0000e+00
3.1948e-05
0.0000e+00
3.2902e-05
0.0000e+00
8.2016e-05
0.0000e+00
3.5048e-05
0.0000e+00
3.3140e-05
0.0000e+00
3.3140e-05
0.0000e+00
3.2902e-05
0.0000e+00
3.3140e-05
0.0000e+00
3.1948e-05
0.0000e+00
3.1948e-05
0.0000e+00
5.3167e-05
0.0000e+00
9.7561e-02
0.0000e+00
3.5048e-05
0.0000e+00
3.2902e-05
0.0000e+00
3.3140e-05
0.0000e+00
3.2902e-05
0.0000e+00
3.3140e-05
0.0000e+00
3.2902e-05
0.0000e+00
3.5048e-05
0.0000e+00
3.2902e-05
0.0000e+00
3.1948e-05
0.0000e+00
3.2902e-05
0.0000e+00
6.1460e-03
0.0000e+00
3.3855e-05
0.0000e+00
3.3140e-05
0.0000e+00
9.5844e-05
0.0000e+00
3.3140e-05
0.0000e+00
2.5821e-03
0.0000e+00
3.3855e-05
0.0000e+00
3.2902e-05
0.0000e+00
3.2902e-05
0.0000e+00
3.3140e-05
0.0000e+00
3.2902e-05
0.0000e+00
3.4809e-05
0.0000e+00
3.3140e-05
0.0000e+00
3.2902e-05
0.0000e+00
3.2902e-05
0.0000e+00
1.4742e-01
0.0000e+00
4.1962e-05
0.0000e+00
3.3855e-05
0.0000e+00
6.6996e-05
0.0000e+00
3.2902e-05
0.0000e+00
3.2902e-05
0.0000e+00
3.2187e-05
0.0000e+00
3.2902e-05
0.0000e+00
3.3140e-05
0.0000e+00
3.2902e-05
0.0000e+00
3.3140e-05
0.0000e+00
3.5048e-05
0.0000e+00
3.3140e-05
0.0000e+00
3.2902e-05
0.0000e+00
3.1948e-05
0.0000e+00
3.2187e-05
0.0000e+00
3.2902e-05
0.0000e+00
3.1948e-05
0.0000e+00
5.3167e-05
0.0000e+00
3.3855e-05
0.0000e+00
3.3140e-05
0.0000e+00
3.1948e-05
0.0000e+00
3.2187e-05
0.0000e+00
3.3140e-05
0.0000e+00
3.2902e-05
0.0000e+00
3.3140e-05
0.0000e+00
5.3883e-05
0.0000e+00
3.4094e-05
0.0000e+00
3.2902e-05
0.0000e+00
3.2902e-05
0.0000e+00
3.1948e-05
0.0000e+00
3.1948e-05
0.0000e+00
3.2902e-05
0.0000e+00
3.3140e-05
0.0000e+00
3.4094e-05
0.0000e+00
3.2902e-05
0.0000e+00
3.3140e-05
0.0000e+00
3.2902e-05
0.0000e+00
3.3140e-05
0.0000e+00
3.2902e-05
0.0000e+00
3.3140e-05
0.0000e+00
5.2929e-05
0.0000e+00
3.1948e-05
0.0000e+00
3.2902e-05
0.0000e+00
3.2902e-05
0.0000e+00
3.3140e-05
0.0000e+00
3.3855e-05
0.0000e+00
3.3140e-05
0.0000e+00
3.2902e-05
0.0000e+00
3.5048e-05
0.0000e+00
3.1948e-05
0.0000e+00
3.2902e-05
0.0000e+00
3.3140e-05
0.0000e+00
3.2902e-05
0.0000e+00
3.2902e-05
0.0000e+00
3.1948e-05
0.0000e+00
5.3167e-05
0.0000e+00
3.3855e-05
0.0000e+00
1.2648e-03
0.0000e+00
4.0054e-05
0.0000e+00
3.2902e-05
0.0000e+00
3.3140e-05
0.0000e+00
3.3855e-05
0.0000e+00
3.3140e-05
0.0000e+00
6.5804e-05
0.0000e+00
3.2902e-05
0.0000e+00
3.1948e-05
0.0000e+00
3.1948e-05
0.0000e+00
3.1948e-05
0.0000e+00
3.1948e-05
0.0000e+00
3.2902e-05
0.0000e+00
5.6982e-05
0.0000e+00
3.5048e-05
0.0000e+00
3.3140e-05
0.0000e+00
3.3140e-05
0.0000e+00
3.2902e-05
0.0000e+00
3.3140e-05
0.0000e+00
3.2902e-05
0.0000e+00
3.3140e-05
0.0000e+00
5.8889e-05
0.0000e+00
3.3140e-05
0.0000e+00
3.2902e-05
0.0000e+00
3.3140e-05
0.0000e+00
3.2902e-05
0.0000e+00
3.3140e-05
0.0000e+00
3.2902e-05
0.0000e+00
3.2187e-05
0.0000e+00
3.6001e-05
0.0000e+00
3.2902e-05
0.0000e+00
3.2902e-05
0.0000e+00
3.3140e-05
0.0000e+00
3.3855e-05
0.0000e+00
3.3140e-05
0.0000e+00
3.2902e-05
0.0000e+00
5.5075e-05
0.0000e+00
3.6001e-05
0.0000e+00
3.2902e-05
0.0000e+00
3.3140e-05
0.0000e+00
3.2902e-05
0.0000e+00
3.2902e-05
0.0000e+00
3.1948e-05
0.0000e+00
3.3140e-05
0.0000e+00
3.5048e-05
0.0000e+00
3.3855e-05
0.0000e+00
3.3140e-05
0.0000e+00
3.2902e-05
0.0000e+00
3.1948e-05
0.0000e+00
3.2902e-05
0.0000e+00
3.2902e-05
0.0000e+00
5.4121e-05
0.0000e+00
3.4094e-05
0.0000e+00
3.3140e-05
0.0000e+00
3.2902e-05
0.0000e+00
3.3140e-05
0.0000e+00
3.2902e-05
0.0000e+00
3.3140e-05
0.0000e+00
3.1948e-05
0.0000e+00
3.4809e-05
0.0000e+00
3.3140e-05
0.0000e+00
3.2902e-05
0.0000e+00
3.4094e-05
0.0000e+00
3.2902e-05
0.0000e+00
3.1948e-05
0.0000e+00
3.3140e-05
0.0000e+00
5.1975e-05
0.0000e+00
3.5048e-05
0.0000e+00
3.4094e-05
0.0000e+00
3.3140e-05
0.0000e+00
3.2902e-05
0.0000e+00
3.3140e-05
0.0000e+00
3.2902e-05
0.0000e+00
3.2902e-05
0.0000e+00
5.4121e-05
0.0000e+00
3.2902e-05
0.0000e+00
3.1948e-05
0.0000e+00
3.2902e-05
0.0000e+00
3.3140e-05
0.0000e+00
3.2902e-05
0.0000e+00
3.3140e-05
0.0000e+00
3.2902e-05
0.0000e+00
3.4809e-05
0.0000e+00
3.2902e-05
0.0000e+00
3.1948e-05
0.0000e+00
3.3140e-05
0.0000e+00
3.1948e-05
0.0000e+00
3.2902e-05
0.0000e+00
3.1948e-05
0.0000e+00
5.1022e-05
0.0000e+00
3.5048e-05
0.0000e+00
3.2902e-05
0.0000e+00
3.3140e-05
0.0000e+00
3.2902e-05
0.0000e+00
3.3140e-05
0.0000e+00
3.2902e-05
0.0000e+00
3.1948e-05
0.0000e+00
5.3167e-05
0.0000e+00
3.2902e-05
0.0000e+00
3.1948e-05
0.0000e+00
3.3140e-05
0.0000e+00
3.2902e-05
0.0000e+00
3.3140e-05
0.0000e+00
3.2902e-05
0.0000e+00
3.3140e-05
0.0000e+00
3.5048e-05
0.0000e+00
3.2902e-05
0.0000e+00
3.3140e-05
0.0000e+00
3.1948e-05
0.0000e+00
3.1948e-05
0.0000e+00
3.2902e-05
0.0000e+00
3.1948e-05
0.0000e+00
5.1975e-05
0.0000e+00
3.3855e-05
0.0000e+00
3.3140e-05
0.0000e+00
3.2902e-05
0.0000e+00
3.1948e-05
0.0000e+00
3.2902e-05
0.0000e+00
4.8089e-04
0.0000e+00
3.8147e-05
0.0000e+00
5.9843e-05
0.0000e+00
3.4094e-05
0.0000e+00
3.2902e-05
0.0000e+00
3.2187e-05
0.0000e+00
7.2828e-02
0.0000e+00
3.6955e-05
0.0000e+00
1.6499e-04
0.0000e+00
1.1301e-04
0.0000e+00
3.5048e-05
0.0000e+00
3.6001e-05
0.0000e+00
7.0810e-05
0.0000e+00
3.3855e-05
0.0000e+00
3.2902e-05
0.0000e+00
3.3140e-05
0.0000e+00
3.2902e-05
0.0000e+00
6.3181e-05
0.0000e+00
3.2902e-05
0.0000e+00
3.2902e-05
0.0000e+00
3.2902e-05
0.0000e+00
3.2902e-05
0.0000e+00
3.2187e-05
0.0000e+00
3.1948e-05
0.0000e+00
3.1948e-05
0.0000e+00
3.5048e-05
0.0000e+00
3.2902e-05
0.0000e+00
3.1948e-05
0.0000e+00
3.2902e-05
0.0000e+00
3.3140e-05
0.0000e+00
3.2902e-05
0.0000e+00
3.7909e-05
0.0000e+00
9.3937e-05
0.0000e+00
3.3140e-05
0.0000e+00
2.5487e-04
0.0000e+00
3.4094e-05
0.0000e+00
3.2902e-05
0.0000e+00
3.3140e-05
0.0000e+00
3.2902e-05
0.0000e+00
3.2902e-05
0.0000e+00
3.5048e-05
0.0000e+00
3.3140e-05
0.0000e+00
3.3140e-05
0.0000e+00
3.1948e-05
0.0000e+00
3.3140e-05
0.0000e+00
3.1948e-05
0.0000e+00
3.4094e-05
0.0000e+00
5.3883e-05
0.0000e+00
3.3140e-05
0.0000e+00
3.1948e-05
0.0000e+00
3.1948e-05
0.0000e+00
3.2187e-05
0.0000e+00
3.2902e-05
0.0000e+00
3.1948e-05
0.0000e+00
2.8801e-04
0.0000e+00
3.6955e-05
0.0000e+00
3.4094e-05
0.0000e+00
3.3140e-05
0.0000e+00
3.2902e-05
0.0000e+00
3.3140e-05
0.0000e+00
3.2902e-05
0.0000e+00
3.3140e-05
0.0000e+00
5.5075e-05
0.0000e+00
3.2902e-05
0.0000e+00
3.3140e-05
0.0000e+00
3.2902e-05
0.0000e+00
3.1948e-05
0.0000e+00
3.3140e-05
0.0000e+00
3.2902e-05
0.0000e+00
3.3140e-05
0.0000e+00
3.4094e-05
0.0000e+00
3.1948e-05
0.0000e+00
3.2902e-05
0.0000e+00
3.2902e-05
0.0000e+00
3.3140e-05
0.0000e+00
3.2902e-05
0.0000e+00
3.2902e-05
0.0000e+00
5.5075e-05
0.0000e+00
3.2902e-05
0.0000e+00
3.3140e-05
0.0000e+00
3.2902e-05
0.0000e+00
3.3140e-05
0.0000e+00
3.2902e-05
0.0000e+00
3.2902e-05
0.0000e+00
3.3140e-05
0.0000e+00
3.5048e-05
0.0000e+00
3.3140e-05
0.0000e+00
3.1948e-05
0.0000e+00
3.1948e-05
0.0000e+00
3.3140e-05
0.0000e+00
3.2902e-05
0.0000e+00
3.3140e-05
0.0000e+00
5.4836e-05
0.0000e+00
3.3140e-05
0.0000e+00
3.2902e-05
0.0000e+00
3.3140e-05
0.0000e+00
3.2902e-05
0.0000e+00
3.3140e-05
0.0000e+00
3.2902e-05
0.0000e+00
3.1948e-05
0.0000e+00
5.5075e-05
0.0000e+00
3.2902e-05
0.0000e+00
3.2902e-05
0.0000e+00
3.2902e-05
0.0000e+00
3.1948e-05
0.0000e+00
3.6001e-05
0.0000e+00
3.2902e-05
0.0000e+00
5.2214e-05
0.0000e+00
3.4809e-05
0.0000e+00
3.1948e-05
0.0000e+00
3.2902e-05
0.0000e+00
3.3140e-05
0.0000e+00
3.2902e-05
0.0000e+00
3.3140e-05
0.0000e+00
3.2902e-05
0.0000e+00
5.4121e-05
0.0000e+00
3.2902e-05
0.0000e+00
3.3140e-05
0.0000e+00
3.2902e-05
0.0000e+00
3.2902e-05
0.0000e+00
3.1948e-05
0.0000e+00
3.2902e-05
0.0000e+00
3.3140e-05
0.0000e+00
3.5048e-05
0.0000e+00
3.3140e-05
0.0000e+00
3.2902e-05
0.0000e+00
3.1948e-05
0.0000e+00
3.2902e-05
0.0000e+00
3.2187e-05
0.0000e+00
3.2902e-05
0.0000e+00
5.4121e-05
0.0000e+00
3.2902e-05
0.0000e+00
3.3140e-05
0.0000e+00
3.2902e-05
0.0000e+00
3.2902e-05
0.0000e+00
3.3140e-05
0.0000e+00
3.2902e-05
0.0000e+00
3.3140e-05
0.0000e+00
3.4094e-05
0.0000e+00
3.3140e-05
0.0000e+00
3.3140e-05
0.0000e+00
3.2902e-05
0.0000e+00
3.4094e-05
0.0000e+00
3.2902e-05
0.0000e+00
3.3140e-05
0.0000e+00
5.3883e-05
0.0000e+00
3.4094e-05
0.0000e+00
3.2902e-05
0.0000e+00
3.2902e-05
0.0000e+00
3.2902e-05
0.0000e+00
3.3140e-05
0.0000e+00
3.2902e-05
0.0000e+00
3.4094e-05
0.0000e+00
3.5048e-05
0.0000e+00
3.2902e-05
0.0000e+00
3.3140e-05
0.0000e+00
3.2902e-05
0.0000e+00
3.4094e-05
0.0000e+00
3.2902e-05
0.0000e+00
3.3140e-05
0.0000e+00
5.3883e-05
0.0000e+00
3.3140e-05
0.0000e+00
3.1948e-05
0.0000e+00
3.1948e-05
0.0000e+00
3.2187e-05
0.0000e+00
3.2902e-05
0.0000e+00
3.3140e-05
0.0000e+00
3.2902e-05
0.0000e+00
3.5048e-05
0.0000e+00
3.2902e-05
0.0000e+00
3.3140e-05
0.0000e+00
3.2902e-05
0.0000e+00
4.6015e-05
0.0000e+00
3.9816e-05
0.0000e+00
3.3140e-05
7.2251e-01
