4.9013e-02
2.7609e-04
7.6056e-05
9.0420e-03
3.0994e-06
3.3212e-04
2.1458e-06
9.5367e-07
4.3154e-05
9.5367e-07
5.1022e-05
4.8399e-04
1.9073e-06
1.1921e-06
4.3869e-05
1.1921e-06
3.2902e-05
1.2789e-03
4.1962e-05
2.9993e-04
3.8147e-05
2.8706e-04
3.6955e-05
1.0951e-03
5.5075e-05
3.0994e-06
3.2902e-05
9.5367e-07
5.2929e-05
1.5970e-02
2.8610e-06
6.4862e-02
4.0531e-06
3.8147e-06
5.0068e-05
2.1692e-02
3.0994e-06
1.2507e-02
6.0081e-05
5.9128e-05
2.1458e-06
9.5367e-07
4.1962e-05
2.9707e-04
3.6955e-05
1.9073e-06
3.4094e-05
4.5395e-04
3.9101e-05
1.9073e-06
3.2902e-05
4.1509e-04
2.8610e-06
2.7704e-04
3.0994e-06
9.5367e-07
4.0054e-05
1.9073e-06
3.6001e-05
4.5490e-03
4.4107e-05
2.8610e-06
3.3140e-05
9.5367e-07
3.4094e-05
4.5586e-04
3.6955e-05
2.6298e-04
3.6001e-05
9.5367e-07
3.2902e-05
1.1921e-06
1.0490e-04
1.9073e-06
3.4094e-05
1.4498e-03
3.0994e-06
9.5367e-07
3.9101e-05
9.5367e-07
3.3140e-05
0.0000e+00
3.2902e-05
1.1921e-06
3.1948e-05
5.6505e-04
3.6955e-05
1.8692e-04
1.1206e-04
1.9073e-06
3.4094e-05
1.2879e-03
2.1458e-06
1.9073e-06
6.6042e-05
1.9073e-06
3.4094e-05
1.8191e-04
3.6001e-05
1.6351e-03
3.0994e-06
2.3007e-04
2.1458e-06
3.3283e-04
3.0994e-06
2.5549e-03
3.0994e-06
3.2592e-04
1.9073e-06
2.1458e-06
1.1897e-04
8.5187e-04
1.9073e-06
1.1921e-06
5.2929e-05
9.5367e-07
3.4094e-05
2.5830e-03
1.9073e-06
2.3723e-04
2.8610e-06
1.1921e-06
4.1008e-05
6.9094e-04
3.6955e-05
4.1604e-04
1.9073e-06
9.5367e-07
3.6001e-05
5.1904e-04
3.0994e-06
9.3937e-05
3.0994e-06
2.8682e-04
1.9073e-06
9.5367e-07
3.6001e-05
0.0000e+00
3.2902e-05
5.4812e-04
3.6001e-05
3.0804e-04
1.9073e-06
4.1699e-04
1.9073e-06
9.8944e-05
1.9073e-06
9.5367e-07
3.5048e-05
9.5367e-07
7.9155e-05
9.5367e-07
3.5048e-05
2.8300e-04
3.5048e-05
2.2101e-04
3.6001e-05
4.9591e-04
1.9073e-06
1.5497e-04
2.8610e-06
9.5367e-07
2.5487e-04
4.5705e-04
3.6001e-05
1.1802e-04
1.9073e-06
0.0000e+00
3.6001e-05
7.5698e-04
2.8610e-06
1.9097e-04
2.8610e-06
1.3900e-04
1.9073e-06
1.5998e-04
1.9073e-06
2.1458e-06
3.6955e-05
1.6999e-04
3.4809e-05
1.3490e-03
4.3154e-05
4.7088e-04
1.9073e-06
9.5367e-07
3.4809e-05
7.1001e-04
1.9073e-06
9.0122e-05
3.0994e-06
5.3501e-04
2.1458e-06
2.4390e-04
3.0994e-06
5.2929e-05
1.9073e-06
1.1921e-06
3.6001e-05
3.4785e-04
1.9073e-06
4.4107e-05
2.1458e-06
3.0780e-04
1.9073e-06
2.5702e-04
1.9073e-06
2.1458e-06
3.6955e-05
9.5367e-07
3.2902e-05
0.0000e+00
3.3140e-05
6.1703e-04
8.2016e-05
1.9073e-06
3.4094e-05
9.5367e-07
3.3140e-05
8.9383e-04
3.0994e-06
2.9302e-04
2.1458e-06
9.5367e-07
3.5048e-05
0.0000e+00
3.3140e-05
2.4390e-04
2.1458e-06
0.0000e+00
3.5048e-05
2.4986e-04
2.8610e-06
1.9073e-06
3.6001e-05
1.6999e-04
3.6001e-05
2.1195e-04
3.5048e-05
4.4298e-04
1.9073e-06
5.7292e-04
1.9073e-06
2.1458e-06
3.7909e-05
2.5988e-04
1.9073e-06
0.0000e+00
3.5048e-05
0.0000e+00
3.3140e-05
2.2316e-04
1.9073e-06
9.5367e-07
3.5048e-05
4.4703e-04
2.1458e-06
6.1202e-04
2.8610e-06
1.1921e-06
3.5048e-05
0.0000e+00
3.2902e-05
8.8930e-05
1.9073e-06
1.5378e-04
1.9073e-06
2.1458e-06
3.5048e-05
1.9002e-04
3.5048e-05
8.1682e-04
1.9073e-06
1.8883e-04
1.9073e-06
9.5367e-07
3.5048e-05
1.3561e-03
2.1458e-06
1.9073e-06
1.0085e-04
1.0967e-05
8.7023e-05
9.5367e-07
3.6192e-04
1.2875e-05
1.0395e-04
1.9073e-06
8.8215e-05
9.5367e-07
1.1959e-03
2.3510e-03
4.1962e-05
7.3099e-04
3.0994e-06
2.0695e-04
1.9073e-06
2.1458e-06
4.1962e-05
4.6968e-05
2.1458e-06
9.5367e-07
3.6955e-05
6.7019e-04
1.9073e-06
1.1921e-06
3.6955e-05
3.3092e-04
2.8610e-06
3.9291e-04
3.0994e-06
1.9073e-06
3.9101e-05
0.0000e+00
3.2902e-05
2.2984e-04
1.9073e-06
9.5367e-07
3.8147e-05
0.0000e+00
3.3140e-05
7.9107e-04
1.9073e-06
9.5367e-07
3.8147e-05
4.2295e-04
2.8610e-06
1.5116e-04
2.1458e-06
9.5367e-07
3.8862e-05
1.9073e-06
3.5048e-05
9.5367e-07
4.7207e-05
1.9073e-06
3.4094e-05
3.2210e-04
2.1458e-06
7.2956e-05
1.9073e-06
5.6028e-05
2.1458e-06
0.0000e+00
4.0054e-05
1.3900e-04
3.5048e-05
3.6001e-05
2.1458e-06
2.0504e-04
1.9073e-06
8.3780e-04
3.0994e-06
4.0197e-04
3.0994e-06
9.5367e-07
4.0054e-05
3.6716e-04
2.8610e-06
2.8801e-04
1.9073e-06
1.1921e-06
3.6955e-05
0.0000e+00
3.2902e-05
2.5034e-05
1.9073e-06
2.7609e-04
4.0054e-05
1.3089e-04
3.6001e-05
2.1458e-06
8.7023e-05
1.6499e-04
2.1458e-06
9.5367e-07
3.6001e-05
1.8501e-04
5.9128e-05
2.4605e-04
1.9073e-06
1.1921e-06
1.3995e-04
9.5367e-07
3.4094e-05
9.5367e-07
3.3140e-05
1.4901e-04
3.6955e-05
9.5367e-07
3.4809e-05
9.4175e-05
3.5048e-05
9.5367e-07
3.3140e-05
1.9503e-04
3.6001e-05
2.1458e-06
3.3855e-05
0.0000e+00
3.2187e-05
1.0529e-03
2.8610e-06
2.1791e-04
1.9073e-06
9.5367e-07
8.9884e-05
4.2915e-05
1.9073e-06
1.1921e-06
3.7909e-05
9.5367e-07
3.3140e-05
1.6189e-04
3.6001e-05
1.7595e-04
3.6955e-05
9.5367e-07
3.3140e-05
1.9789e-04
1.9073e-06
1.8120e-05
2.1458e-06
1.9073e-06
8.0109e-05
2.5797e-04
2.1458e-06
9.5367e-07
3.6001e-05
9.5367e-07
3.3140e-05
9.5367e-07
3.1948e-05
2.7514e-04
1.9073e-06
0.0000e+00
3.4809e-05
9.5367e-07
3.2902e-05
0.0000e+00
3.1948e-05
1.1921e-06
7.9870e-05
9.5367e-07
3.4094e-05
9.5367e-07
3.3140e-05
4.5800e-04
2.8610e-06
4.6015e-05
1.9073e-06
9.5367e-07
3.5048e-05
9.5367e-07
3.3140e-05
3.4499e-04
3.0994e-06
0.0000e+00
3.6001e-05
2.2101e-04
2.1458e-06
1.1921e-06
3.5048e-05
1.7881e-05
1.9073e-06
9.5367e-07
5.9843e-05
3.0804e-04
2.1458e-06
9.5367e-07
3.6955e-05
9.5129e-05
3.0994e-06
9.5367e-07
3.6001e-05
9.1076e-05
3.0994e-06
2.0289e-04
2.1458e-06
9.5367e-07
3.6001e-05
1.0204e-04
2.1458e-06
1.9073e-06
3.6001e-05
0.0000e+00
3.3140e-05
1.0085e-04
3.5048e-05
7.7009e-05
3.5048e-05
8.8930e-05
3.6001e-05
1.1921e-06
3.2902e-05
3.2806e-04
1.9073e-06
9.5367e-07
3.5048e-05
5.6028e-05
2.1458e-06
0.0000e+00
3.5048e-05
9.5367e-07
3.2902e-05
1.1921e-06
3.1948e-05
2.3293e-04
2.1458e-06
2.7990e-04
2.8610e-06
9.5367e-07
3.6001e-05
9.5367e-07
3.2902e-05
9.5367e-07
3.3140e-05
8.7023e-05
3.6955e-05
3.1996e-04
2.1458e-06
2.5988e-05
2.1458e-06
8.7976e-05
3.0994e-06
9.5367e-07
3.6001e-05
1.7810e-04
3.0994e-06
6.8903e-05
1.9073e-06
9.5367e-07
3.6001e-05
9.5367e-07
3.2902e-05
9.5367e-07
3.1948e-05
9.5367e-07
8.0109e-05
4.0483e-04
1.9073e-06
8.3923e-05
1.9073e-06
1.1921e-06
8.4877e-05
1.7810e-04
3.6001e-05
1.1921e-06
3.2902e-05
4.3201e-04
3.7909e-05
7.0190e-04
1.9073e-06
9.5367e-07
3.7909e-05
0.0000e+00
8.7976e-05
1.9073e-06
3.4094e-05
0.0000e+00
3.2902e-05
9.5367e-07
3.3140e-05
0.0000e+00
3.1948e-05
9.1910e-04
4.1008e-05
2.1458e-06
3.2902e-05
1.2279e-04
3.6001e-05
6.3181e-05
2.1458e-06
1.9073e-06
3.8147e-05
3.0398e-04
1.9073e-06
1.3208e-04
2.1458e-06
9.5367e-07
3.6001e-05
9.2030e-05
3.0994e-06
2.7585e-04
1.9073e-06
1.9002e-04
2.1458e-06
1.6499e-04
1.9073e-06
2.1458e-06
3.7909e-05
1.5903e-04
1.9073e-06
9.5367e-07
3.5048e-05
6.5088e-05
3.6001e-05
2.5105e-04
2.1458e-06
9.6083e-05
2.1458e-06
9.5367e-07
3.6001e-05
2.0003e-04
3.0994e-06
9.5367e-07
3.5048e-05
1.7905e-04
2.1458e-06
2.5034e-05
1.9073e-06
9.1076e-05
1.9073e-06
3.7909e-05
1.9073e-06
1.1921e-06
3.6001e-05
1.0610e-04
3.7193e-05
1.1182e-04
1.9073e-06
9.5367e-07
3.5048e-05
9.5367e-07
3.3140e-05
1.3900e-04
3.6001e-05
9.1076e-05
3.6001e-05
9.5367e-07
3.2902e-05
1.2398e-04
3.5048e-05
2.4295e-04
1.9073e-06
3.7909e-05
1.9073e-06
7.0095e-05
3.0994e-06
9.5367e-07
3.6001e-05
1.6093e-04
1.9073e-06
1.6809e-04
1.9073e-06
2.0027e-05
3.0994e-06
1.9073e-06
3.7193e-05
2.6202e-04
1.9073e-06
1.1921e-06
3.6001e-05
5.4836e-05
1.9073e-06
1.7500e-04
1.9073e-06
1.1921e-06
8.2016e-05
1.9073e-06
3.4094e-05
4.9829e-05
1.9073e-06
9.5367e-07
3.6001e-05
3.0112e-04
3.0994e-06
3.2902e-05
2.1458e-06
1.3995e-04
1.9073e-06
2.2602e-04
2.1458e-06
9.5367e-07
3.6001e-05
1.4496e-04
2.8610e-06
1.1921e-06
3.6955e-05
2.0027e-05
8.5115e-05
2.3580e-04
2.8610e-06
1.3518e-04
2.1458e-06
9.5367e-07
3.6001e-05
0.0000e+00
3.3140e-05
1.4901e-04
2.1458e-06
9.5367e-07
3.6001e-05
9.5367e-07
3.2902e-05
0.0000e+00
3.1948e-05
1.9908e-04
1.9073e-06
9.5367e-07
3.6001e-05
9.5367e-07
3.3140e-05
1.0705e-04
3.6001e-05
1.5998e-04
3.6001e-05
2.1458e-06
3.1948e-05
1.0300e-04
3.4809e-05
2.1458e-06
3.2902e-05
2.1696e-04
3.0994e-06
1.0610e-04
2.8610e-06
1.1516e-04
2.1458e-06
9.5367e-07
3.6955e-05
4.1962e-05
3.6955e-05
1.0300e-04
3.5048e-05
2.0790e-04
3.0994e-06
1.2493e-04
1.9073e-06
9.5367e-07
3.6001e-05
4.1008e-05
1.9073e-06
9.5367e-07
3.5048e-05
9.2983e-05
8.5831e-05
1.0896e-04
1.9073e-06
9.5367e-07
3.6001e-05
3.2282e-04
1.9073e-06
9.5367e-07
3.4809e-05
2.0003e-04
1.9073e-06
9.5367e-07
3.6001e-05
1.0610e-04
3.0994e-06
1.9073e-06
3.6001e-05
0.0000e+00
3.2902e-05
2.1601e-04
2.1458e-06
9.5367e-07
3.6001e-05
9.1076e-05
3.6001e-05
1.8382e-04
1.9073e-06
8.2016e-05
1.9073e-06
8.1062e-05
1.9073e-06
2.1100e-04
1.9073e-06
9.5367e-07
3.6001e-05
1.3590e-04
1.9073e-06
2.9087e-05
3.0994e-06
8.1062e-05
2.1458e-06
4.8399e-04
2.1458e-06
1.9073e-06
4.0054e-05
4.6802e-04
1.9073e-06
9.5367e-07
3.7909e-05
4.7803e-04
2.1458e-06
1.9073e-06
3.6955e-05
9.5367e-07
3.2902e-05
4.0102e-04
2.1458e-06
3.9816e-05
1.9073e-06
9.5367e-07
3.5048e-05
3.9101e-05
1.9073e-06
1.3900e-04
2.8610e-06
9.2030e-05
1.9073e-06
4.0054e-05
2.1458e-06
9.5367e-07
3.9101e-05
9.4891e-05
3.6001e-05
2.6321e-04
1.9073e-06
1.1921e-06
3.6955e-05
2.1791e-04
1.9073e-06
2.7180e-05
3.0994e-06
9.5367e-07
3.6001e-05
9.5367e-07
3.2902e-05
9.5367e-07
3.5048e-05
8.0109e-05
3.4094e-05
1.9073e-06
3.2187e-05
9.5367e-07
3.2902e-05
9.5367e-07
3.1948e-05
4.1103e-04
2.8610e-06
9.5367e-07
3.4809e-05
9.5367e-07
3.2902e-05
9.5367e-07
8.0109e-05
1.6093e-04
3.6001e-05
1.6990e-03
1.9073e-06
3.0994e-06
4.1008e-05
1.5807e-04
2.1458e-06
9.5367e-07
3.6001e-05
0.0000e+00
3.3140e-05
3.4380e-04
1.9073e-06
9.5367e-07
3.6955e-05
1.9073e-06
8.5115e-05
1.9073e-06
3.2902e-05
1.2898e-04
3.6001e-05
1.0204e-04
3.6001e-05
1.5807e-04
2.8610e-06
2.1458e-06
3.6001e-05
9.5367e-07
3.2902e-05
1.9598e-04
3.6001e-05
1.9073e-06
8.1062e-05
6.6042e-05
3.6001e-05
9.9897e-05
3.6001e-05
9.2983e-05
1.9073e-06
9.5367e-07
3.5048e-05
2.2793e-04
2.8610e-06
9.5367e-07
3.4809e-05
0.0000e+00
3.2902e-05
8.8930e-05
3.6955e-05
9.1076e-05
3.6955e-05
1.6499e-04
3.6001e-05
9.5367e-07
3.2902e-05
9.1076e-05
3.6001e-05
2.1458e-06
3.3855e-05
4.1008e-05
3.6001e-05
1.9884e-04
2.8610e-06
9.5367e-07
3.4809e-05
1.9073e-06
3.5048e-05
3.1900e-04
1.9073e-06
9.5367e-07
3.6001e-05
9.5367e-07
3.3140e-05
9.5367e-07
3.3140e-05
9.5367e-07
3.2902e-05
9.5367e-07
3.3140e-05
4.4203e-04
1.9073e-06
4.6015e-05
3.0994e-06
2.1458e-06
8.2970e-05
9.5367e-07
3.3140e-05
2.0695e-04
3.0994e-06
1.1587e-04
1.9073e-06
9.5367e-07
3.6955e-05
1.1921e-06
3.2902e-05
2.5201e-04
2.1458e-06
2.6941e-05
3.0994e-06
7.8917e-05
2.8610e-06
1.1921e-06
3.6001e-05
1.5283e-04
8.2970e-05
2.6512e-04
2.8610e-06
8.4162e-05
2.8610e-06
9.5367e-07
3.6955e-05
9.5367e-07
3.2902e-05
0.0000e+00
3.1948e-05
1.5497e-04
2.1458e-06
1.4091e-04
1.9073e-06
2.5988e-05
3.0994e-06
3.9101e-05
2.1458e-06
1.1921e-06
3.5048e-05
1.3304e-04
2.1458e-06
1.9073e-06
3.6001e-05
9.5367e-07
3.3140e-05
1.9073e-06
3.2902e-05
0.0000e+00
3.2902e-05
2.8300e-04
3.7193e-05
2.0194e-04
2.1458e-06
0.0000e+00
3.6001e-05
9.5367e-07
8.5115e-05
4.4990e-04
3.0994e-06
0.0000e+00
3.5048e-05
9.0122e-05
2.8610e-06
6.1989e-05
1.9073e-06
2.1458e-06
3.6955e-05
0.0000e+00
3.3140e-05
6.6996e-05
3.6001e-05
8.9884e-05
3.6955e-05
9.5367e-07
3.2187e-05
6.1035e-05
3.6001e-05
1.1301e-04
3.7193e-05
1.2684e-04
3.6001e-05
1.9073e-06
3.3140e-05
3.2187e-05
3.5048e-05
3.1400e-04
3.6001e-05
9.7036e-05
2.1458e-06
9.5367e-07
3.6001e-05
4.2200e-05
3.6001e-05
1.0800e-04
3.5048e-05
2.9707e-04
2.8610e-06
9.5367e-07
4.1008e-05
1.3070e-03
1.9073e-06
3.0994e-06
4.1008e-05
1.3804e-04
2.1458e-06
0.0000e+00
3.6001e-05
9.5367e-07
3.4094e-05
2.3413e-04
2.1458e-06
9.5367e-07
3.6001e-05
1.4591e-04
1.9073e-06
1.9073e-06
4.1008e-05
4.7517e-04
2.1458e-06
9.5367e-07
3.6955e-05
9.5367e-07
3.3140e-05
2.2697e-04
3.8147e-05
5.6982e-05
1.9073e-06
2.7680e-04
1.9073e-06
3.1948e-05
2.8610e-06
4.1962e-05
2.8610e-06
8.6069e-05
3.0994e-06
9.5367e-07
1.3399e-04
9.5367e-07
8.2016e-05
1.1921e-06
3.3855e-05
2.6798e-04
3.6001e-05
1.0586e-04
5.1022e-05
2.5606e-04
3.0994e-06
1.1086e-04
1.9073e-06
4.6968e-05
2.1458e-06
1.4186e-04
1.9073e-06
9.5367e-07
3.6001e-05
4.6682e-04
1.2159e-05
9.5367e-07
1.0300e-04
1.0991e-04
1.9073e-06
9.2983e-05
2.1458e-06
9.5367e-07
3.6001e-05
2.0814e-04
2.8610e-06
9.5367e-07
5.1022e-05
1.1921e-06
3.2902e-05
9.5367e-07
8.1062e-05
3.5048e-05
3.6001e-05
5.3716e-04
2.1458e-06
9.5367e-07
3.6001e-05
9.5367e-07
3.3140e-05
6.3896e-05
3.0994e-06
4.1008e-05
1.9073e-06
0.0000e+00
3.6001e-05
9.5367e-07
3.2902e-05
1.3399e-04
1.9073e-06
2.1458e-06
3.7193e-05
2.4986e-04
3.6001e-05
1.9073e-06
3.3140e-05
9.5367e-07
3.2902e-05
4.5609e-04
2.1458e-06
9.5367e-07
3.5048e-05
1.4997e-04
1.9073e-06
7.1049e-05
2.1458e-06
9.5367e-07
3.6001e-05
9.5367e-07
3.5048e-05
1.9073e-06
3.3140e-05
9.5367e-07
3.2902e-05
5.5075e-05
3.5048e-05
2.7895e-04
1.9073e-06
9.5367e-07
3.6001e-05
9.5367e-07
3.2902e-05
9.5367e-07
3.3140e-05
2.9516e-04
2.1458e-06
0.0000e+00
3.6955e-05
9.1076e-05
1.9073e-06
0.0000e+00
3.5048e-05
9.5367e-07
3.1948e-05
8.1897e-04
2.8610e-06
2.7108e-04
2.1458e-06
2.0027e-05
2.1458e-06
2.6941e-05
2.1458e-06
5.3883e-05
1.9073e-06
0.0000e+00
3.9101e-05
9.2983e-05
2.1458e-06
1.9598e-04
2.1458e-06
2.4104e-04
1.9073e-06
1.1921e-06
3.6955e-05
7.4863e-05
2.8610e-06
6.1989e-05
1.9073e-06
8.1062e-05
2.1458e-06
9.5367e-07
3.6955e-05
9.2983e-05
1.9073e-06
0.0000e+00
3.4809e-05
1.9503e-04
2.8610e-06
2.1458e-06
3.6001e-05
9.5367e-07
3.5048e-05
9.5367e-07
3.2902e-05
1.1921e-06
3.2902e-05
1.8692e-04
1.9073e-06
9.5367e-07
3.6001e-05
1.3089e-04
1.9073e-06
9.5367e-07
3.6001e-05
2.1386e-04
3.6955e-05
1.9073e-06
7.7009e-05
8.2016e-05
3.6001e-05
1.9073e-06
3.3140e-05
9.5367e-07
3.2902e-05
2.9016e-04
1.9073e-06
1.1921e-06
3.6001e-05
9.5367e-07
3.4094e-05
9.5367e-07
3.2902e-05
1.9073e-06
3.3140e-05
1.4210e-04
3.6001e-05
1.9097e-04
3.6001e-05
9.5367e-07
3.4094e-05
9.5367e-07
3.1948e-05
2.4509e-04
3.0994e-06
9.7990e-05
1.9073e-06
1.9073e-06
5.3167e-05
1.7190e-04
2.8610e-06
1.2207e-04
2.1458e-06
9.7990e-05
2.1458e-06
1.9073e-06
3.6001e-05
1.1921e-06
3.2902e-05
9.5367e-07
3.1948e-05
2.2984e-04
1.9073e-06
1.9073e-06
3.6001e-05
5.2595e-04
1.9073e-06
0.0000e+00
3.8147e-05
9.5367e-07
3.3855e-05
7.8201e-05
1.9073e-06
1.9073e-06
3.4809e-05
1.7619e-04
1.9073e-06
9.5367e-07
3.6001e-05
9.7036e-05
3.6001e-05
7.6008e-04
3.0994e-06
2.6202e-04
2.1458e-06
1.1802e-04
2.1458e-06
1.9073e-06
3.8147e-05
3.3998e-04
2.1458e-06
9.8944e-05
3.0994e-06
1.8907e-04
1.9073e-06
1.7166e-05
3.0994e-06
4.4823e-05
1.9073e-06
7.4148e-05
2.1458e-06
1.9073e-06
3.7909e-05
1.1921e-06
3.2902e-05
9.5367e-07
3.3140e-05
0.0000e+00
3.2902e-05
0.0000e+00
3.2187e-05
2.5082e-04
3.6955e-05
2.6298e-04
1.9073e-06
9.5367e-07
3.4809e-05
7.4148e-05
2.1458e-06
0.0000e+00
3.6001e-05
2.0385e-04
1.9073e-06
1.1921e-06
3.6001e-05
1.1921e-06
3.2902e-05
9.5367e-07
3.3140e-05
2.0695e-04
3.6001e-05
1.1015e-04
3.0994e-06
2.1458e-06
3.5048e-05
9.5367e-07
3.3140e-05
2.6488e-04
5.4836e-05
9.5367e-07
3.4094e-05
7.5984e-04
1.9073e-06
2.1458e-06
3.7909e-05
0.0000e+00
3.3140e-05
1.8191e-04
3.6001e-05
8.7023e-05
2.1458e-06
1.9073e-06
3.6955e-05
1.9312e-04
2.1458e-06
0.0000e+00
3.6001e-05
9.5367e-07
3.2902e-05
1.1921e-06
3.2902e-05
1.9002e-04
3.6001e-05
1.9073e-06
3.2902e-05
1.1921e-06
3.2902e-05
1.9073e-06
3.5048e-05
2.6107e-04
3.6001e-05
3.1900e-04
3.0994e-06
9.3937e-05
3.0994e-06
6.8903e-05
1.9073e-06
1.1921e-06
3.6001e-05
1.1897e-04
3.6001e-05
2.1458e-06
3.3855e-05
1.2517e-04
3.6001e-05
8.2970e-05
3.5048e-05
5.1022e-05
2.8610e-06
9.5367e-07
3.5048e-05
3.4499e-04
3.6955e-05
9.5367e-07
3.4094e-05
2.0695e-04
2.1458e-06
0.0000e+00
3.6955e-05
1.1921e-06
3.2902e-05
2.5797e-04
2.1458e-06
1.9073e-06
3.6001e-05
1.1802e-04
3.6001e-05
1.9073e-06
3.4094e-05
3.1900e-04
2.1458e-06
9.5367e-07
3.5048e-05
0.0000e+00
3.1948e-05
1.4186e-04
3.5048e-05
1.1921e-06
3.2902e-05
1.9073e-06
3.6001e-05
1.2612e-04
1.9073e-06
9.4891e-05
2.8610e-06
0.0000e+00
3.4809e-05
7.6056e-05
3.6001e-05
1.0991e-04
3.6001e-05
9.7036e-05
1.9073e-06
9.5367e-07
3.6001e-05
9.5367e-07
3.1948e-05
5.4598e-04
2.1458e-06
2.8992e-04
1.9073e-06
3.0041e-05
1.9073e-06
1.6928e-05
1.9073e-06
3.9101e-05
2.1458e-06
9.5367e-07
3.7193e-05
9.5367e-07
3.3855e-05
3.4094e-05
3.4094e-05
3.0804e-04
3.0994e-06
3.8862e-05
2.8610e-06
9.5367e-07
3.7193e-05
1.4281e-04
1.9073e-06
1.3995e-04
2.8610e-06
2.0981e-05
1.9073e-06
2.1458e-06
3.6001e-05
9.5367e-07
3.2902e-05
0.0000e+00
3.2902e-05
2.1100e-04
3.0994e-06
1.4186e-04
2.8610e-06
1.1921e-06
3.6001e-05
1.5283e-04
3.6001e-05
9.5367e-07
7.8917e-05
1.2612e-04
2.1458e-06
1.1301e-04
2.8610e-06
9.5367e-07
3.6001e-05
2.3103e-04
1.9073e-06
1.1921e-06
3.6001e-05
9.5367e-07
3.1948e-05
4.5204e-04
2.1458e-06
1.8096e-04
3.0994e-06
1.5974e-05
1.9073e-06
8.8930e-05
1.9073e-06
2.0027e-05
1.9073e-06
8.7023e-05
1.9073e-06
2.9087e-05
1.9073e-06
9.5367e-07
3.6001e-05
7.6056e-05
3.6955e-05
9.5367e-07
7.5817e-05
5.0783e-04
1.9073e-06
2.6941e-05
1.9073e-06
9.5367e-07
3.7909e-05
0.0000e+00
3.3140e-05
9.5367e-07
3.2902e-05
1.3804e-04
1.9073e-06
9.5367e-07
3.7193e-05
0.0000e+00
3.2902e-05
9.5367e-07
3.3140e-05
9.5367e-07
3.2902e-05
4.0388e-04
2.1458e-06
9.5367e-07
3.5048e-05
0.0000e+00
3.3140e-05
9.5367e-07
3.2902e-05
9.5367e-07
3.6001e-05
2.5511e-04
1.9073e-06
9.5367e-07
3.6001e-05
1.2898e-04
1.9073e-06
1.1921e-06
3.5048e-05
2.3985e-04
1.9073e-06
1.0991e-04
1.9073e-06
9.5367e-07
3.4809e-05
1.1921e-06
3.1948e-05
1.2589e-04
1.9073e-06
1.1921e-06
3.5048e-05
9.0837e-05
3.6001e-05
8.7976e-05
3.5048e-05
2.3603e-04
2.1458e-06
2.2292e-04
2.1458e-06
3.0994e-05
1.9073e-06
9.5367e-07
3.6955e-05
1.5593e-04
1.9073e-06
1.1921e-06
3.6001e-05
9.5367e-07
9.2983e-05
2.3007e-04
3.0994e-06
7.9870e-05
3.0994e-06
1.2493e-04
2.8610e-06
1.1206e-04
2.1458e-06
9.5367e-07
3.6001e-05
1.1802e-04
2.1458e-06
0.0000e+00
3.6001e-05
1.6093e-04
2.8610e-06
9.5367e-07
3.6001e-05
0.0000e+00
3.2902e-05
1.9312e-04
1.9073e-06
1.9073e-06
3.7193e-05
0.0000e+00
3.2902e-05
9.5367e-07
3.3140e-05
9.5367e-07
3.2902e-05
4.8399e-04
1.9073e-06
1.9073e-06
3.6001e-05
1.1921e-06
3.2902e-05
9.5367e-07
3.3140e-05
1.0395e-04
2.8610e-06
1.7500e-04
2.1458e-06
0.0000e+00
3.5048e-05
9.5367e-07
3.3140e-05
0.0000e+00
3.2902e-05
2.9111e-04
2.1458e-06
0.0000e+00
3.5048e-05
1.9073e-06
3.2902e-05
1.1921e-06
3.2902e-05
1.9073e-06
3.5048e-05
3.4690e-04
2.8610e-06
2.5988e-05
2.1458e-06
9.5367e-07
3.6001e-05
9.5367e-07
3.3140e-05
1.7881e-04
3.6001e-05
1.9073e-06
3.4094e-05
1.4091e-04
3.6955e-05
2.2888e-04
3.0994e-06
1.8597e-04
4.6015e-05
1.7881e-05
1.9073e-06
1.8120e-05
2.1458e-06
4.0054e-05
2.1458e-06
9.5367e-07
3.5048e-05
1.0109e-04
3.5048e-05
4.5061e-05
3.6001e-05
8.2970e-05
3.6955e-05
1.9002e-04
3.0994e-06
1.1921e-06
3.5048e-05
9.5367e-07
8.1062e-05
1.6284e-04
8.4877e-05
1.7214e-04
1.9073e-06
1.1921e-06
3.6001e-05
0.0000e+00
3.2902e-05
2.7895e-04
1.9073e-06
9.5367e-07
3.5048e-05
1.5402e-04
3.0994e-06
9.5367e-07
3.6001e-05
4.3154e-05
8.0109e-05
1.9073e-06
3.5048e-05
7.7963e-05
3.4809e-05
2.2507e-04
3.0994e-06
2.0695e-04
1.9073e-06
9.5367e-07
1.6809e-04
9.5367e-07
3.4094e-05
7.2956e-05
3.0994e-06
1.0395e-04
3.0994e-06
2.3103e-04
1.9073e-06
1.9073e-05
1.9073e-06
0.0000e+00
8.4162e-05
6.9857e-05
1.9073e-06
2.3103e-04
2.1458e-06
9.3937e-05
3.0994e-06
9.5367e-07
3.6001e-05
1.1921e-06
3.2902e-05
1.8406e-04
3.6955e-05
2.0218e-04
1.9073e-06
9.5367e-07
3.4809e-05
1.1921e-06
3.2902e-05
7.9870e-05
3.6001e-05
1.3590e-03
2.8610e-06
1.3185e-04
1.9073e-06
9.5367e-07
4.1008e-05
3.7098e-04
1.9073e-06
1.1921e-06
3.6001e-05
9.5367e-07
3.3855e-05
0.0000e+00
3.3140e-05
9.5367e-07
3.2902e-05
1.9884e-04
5.4836e-05
3.1400e-04
1.9073e-06
1.1921e-06
3.8862e-05
9.5367e-07
3.4094e-05
4.1580e-04
3.7909e-05
9.5367e-07
3.3855e-05
3.2902e-04
1.9073e-06
9.5367e-07
3.6001e-05
1.1921e-06
3.1948e-05
5.8413e-04
9.1076e-05
8.6093e-04
2.8610e-06
4.0770e-05
1.9073e-06
9.5367e-07
4.0054e-05
1.1921e-06
3.3855e-05
9.5367e-07
3.3140e-05
3.7193e-04
2.1458e-06
1.7881e-05
1.9073e-06
1.1921e-06
3.6955e-05
9.5367e-07
3.4094e-05
1.9073e-06
3.5048e-05
9.5367e-07
3.4094e-05
1.9479e-04
3.6001e-05
1.9073e-06
3.4094e-05
2.2483e-04
1.9073e-06
6.7949e-05
1.9073e-06
1.1921e-06
3.6001e-05
1.0300e-04
2.1458e-06
9.5367e-07
3.5048e-05
1.4520e-04
3.6001e-05
1.9908e-04
1.9073e-06
9.5367e-07
3.6001e-05
8.2970e-05
1.9073e-06
9.5367e-07
3.5048e-05
1.0490e-04
3.5048e-05
9.5367e-07
3.1948e-05
5.9128e-05
3.4809e-05
5.8174e-05
8.2016e-05
3.4595e-04
3.6001e-05
1.9073e-06
3.3140e-05
1.1921e-06
3.2902e-05
9.5367e-07
3.1948e-05
5.9414e-04
3.6955e-05
7.4601e-04
1.9073e-06
1.9312e-04
3.0994e-06
9.5844e-05
3.0994e-06
1.2803e-04
2.1458e-06
7.1049e-05
2.8610e-06
2.1982e-04
2.8610e-06
2.1458e-06
3.8862e-05
9.5367e-07
3.4094e-05
9.5367e-07
3.3140e-05
2.3508e-04
1.9073e-06
1.1921e-06
3.6955e-05
0.0000e+00
3.2902e-05
9.5367e-07
3.3140e-05
1.5807e-04
1.9073e-06
9.5367e-07
3.6955e-05
3.4404e-04
3.5048e-05
2.1458e-06
3.2902e-05
1.9073e-06
3.3140e-05
0.0000e+00
3.2902e-05
1.1921e-06
3.2902e-05
9.5367e-07
3.2187e-05
3.4618e-04
8.4162e-05
1.4997e-04
3.0994e-06
1.3185e-04
1.9073e-06
4.1008e-05
1.9073e-06
0.0000e+00
3.6001e-05
6.6996e-05
3.6001e-05
1.4806e-04
3.6001e-05
9.8944e-05
2.1458e-06
9.2983e-05
3.0994e-06
9.5367e-07
3.4809e-05
1.1921e-06
7.8917e-05
3.3498e-04
2.8610e-06
1.1921e-06
3.6001e-05
1.1921e-06
3.3855e-05
1.1706e-04
1.9073e-06
9.5367e-07
3.6001e-05
3.2115e-04
1.9073e-06
1.1516e-04
2.1458e-06
4.1008e-05
2.1458e-06
9.5367e-07
3.6001e-05
1.0705e-04
3.4809e-05
1.0586e-04
1.9073e-06
7.7963e-05
1.9073e-06
9.5367e-07
3.6001e-05
1.9097e-04
2.1458e-06
1.3089e-04
1.9073e-06
2.9087e-05
3.0994e-06
9.5367e-07
3.6955e-05
0.0000e+00
3.3140e-05
3.2377e-04
1.9073e-06
9.5367e-07
3.6001e-05
3.1686e-04
2.8610e-06
9.5367e-07
3.6955e-05
8.2970e-05
2.1458e-06
0.0000e+00
3.5048e-05
9.5367e-07
3.2902e-05
1.1921e-06
3.2902e-05
2.6798e-04
3.0994e-06
4.2915e-05
1.9073e-06
2.1458e-06
3.4809e-05
8.5115e-05
3.6001e-05
9.5367e-07
8.0824e-05
1.5306e-04
3.6001e-05
2.1458e-06
3.2902e-05
9.5367e-07
3.3140e-05
1.9073e-06
3.2902e-05
9.5367e-07
3.3140e-05
5.1188e-04
1.9073e-06
2.9206e-04
3.0994e-06
9.5367e-07
3.6001e-05
1.1778e-04
2.8610e-06
3.4904e-04
1.9073e-06
9.5367e-07
3.5048e-05
2.7490e-04
3.6001e-05
1.6999e-04
1.9073e-06
9.5367e-07
3.6001e-05
9.5367e-07
3.2902e-05
1.2612e-04
3.6955e-05
5.1975e-05
2.8610e-06
1.9073e-06
8.3208e-05
1.5092e-04
3.6001e-05
3.3855e-05
3.4809e-05
1.7619e-04
3.6001e-05
9.5367e-07
3.4094e-05
9.5367e-07
3.2902e-05
1.1921e-06
3.2902e-05
4.4894e-04
1.9073e-06
1.1921e-06
3.6001e-05
6.4850e-05
1.9073e-06
1.2207e-04
2.1458e-06
9.5367e-07
3.6001e-05
6.6042e-05
3.6001e-05
1.4400e-04
2.1458e-06
1.7500e-04
2.1458e-06
9.5367e-07
3.6001e-05
8.9169e-05
2.8610e-06
0.0000e+00
3.4809e-05
2.3603e-04
1.9073e-06
9.7990e-05
2.8610e-06
9.5367e-07
3.6001e-05
1.1921e-06
3.2902e-05
2.8896e-04
1.9073e-06
1.1921e-06
3.6955e-05
9.5367e-07
3.3140e-05
8.7023e-05
1.9073e-06
9.5367e-07
3.6955e-05
2.8300e-04
2.8610e-06
8.1062e-05
2.1458e-06
9.5367e-07
8.0109e-05
1.9073e-06
3.6001e-05
1.7810e-04
2.1458e-06
9.5367e-07
3.6001e-05
1.6093e-04
3.0994e-06
1.1110e-04
1.9073e-06
9.5367e-07
3.5048e-05
1.0490e-04
3.6001e-05
2.1458e-06
3.2902e-05
9.5367e-07
3.3140e-05
1.9073e-06
3.5048e-05
9.5367e-07
3.3140e-05
2.3794e-04
3.5048e-05
6.8903e-04
2.1458e-06
0.0000e+00
3.6001e-05
0.0000e+00
3.3140e-05
3.4404e-04
1.9073e-06
0.0000e+00
3.4809e-05
1.9813e-04
2.1458e-06
1.9073e-06
3.6001e-05
1.0991e-04
3.6955e-05
9.5367e-07
2.4700e-04
2.0218e-04
2.8610e-06
9.8944e-05
2.1458e-06
8.2970e-05
3.0994e-06
1.9073e-06
3.6001e-05
0.0000e+00
3.2902e-05
7.6056e-05
3.6001e-05
2.1458e-06
3.4809e-05
1.4400e-04
1.9073e-06
9.5367e-07
3.6001e-05
1.5306e-04
1.9073e-06
8.2970e-05
3.0994e-06
9.5367e-07
3.6001e-05
2.1100e-04
2.1458e-06
7.2956e-05
2.8610e-06
1.9073e-06
3.7193e-05
1.1086e-04
3.5048e-05
9.5367e-07
7.9870e-05
1.1086e-04
3.4809e-05
9.0122e-05
3.0994e-06
9.5367e-07
3.6001e-05
1.1206e-04
2.8610e-06
1.6999e-04
1.9073e-06
1.1921e-06
3.5048e-05
7.0810e-05
2.1410e-04
2.1458e-06
3.5048e-05
7.8607e-04
1.9073e-06
2.8610e-06
4.0054e-05
9.5367e-07
3.2902e-05
2.5010e-04
1.9073e-06
7.7009e-05
1.9073e-06
4.6015e-05
1.9073e-06
9.5367e-07
3.8147e-05
2.0695e-04
3.6001e-05
1.1921e-06
3.2902e-05
2.1601e-04
2.1458e-06
9.5367e-07
8.5115e-05
1.9073e-06
3.5048e-05
9.5367e-07
3.3140e-05
2.7895e-04
2.1458e-06
9.5367e-07
3.6001e-05
9.5367e-07
7.7009e-05
2.7514e-04
2.1458e-06
0.0000e+00
3.5048e-05
0.0000e+00
3.2902e-05
1.1921e-06
8.6784e-05
3.7503e-04
3.0994e-06
1.6093e-04
1.9073e-06
1.0610e-04
2.1458e-06
9.5367e-07
3.6955e-05
9.5367e-07
3.3140e-05
9.5367e-07
3.2902e-05
0.0000e+00
3.1948e-05
3.0494e-04
2.8610e-06
1.9073e-06
3.6001e-05
1.1921e-06
3.5048e-05
2.1458e-06
3.3855e-05
1.5402e-04
2.1458e-06
9.5367e-07
3.6001e-05
2.6011e-04
2.1458e-06
9.5367e-07
3.5048e-05
9.5367e-07
3.3140e-05
7.5102e-05
2.1458e-06
9.5367e-07
3.5048e-05
9.5367e-07
3.5048e-05
1.0960e-03
1.9073e-06
2.1458e-06
4.0054e-05
2.1100e-04
1.9073e-06
9.5367e-07
3.6001e-05
1.2589e-04
1.9073e-06
1.1921e-06
3.6001e-05
1.9073e-06
3.6001e-05
9.5367e-07
3.3140e-05
1.1060e-03
2.1458e-06
1.9073e-06
3.8147e-05
1.6379e-04
2.8610e-06
1.1921e-06
3.5048e-05
5.4193e-04
1.9073e-06
9.5367e-07
3.6001e-05
3.4308e-04
3.8862e-05
5.8413e-04
3.0994e-06
9.5367e-07
4.0054e-05
9.3937e-05
3.4809e-05
1.1611e-04
3.6955e-05
1.1921e-06
3.2902e-05
9.5367e-07
3.4094e-05
3.8695e-04
1.9073e-06
4.1962e-05
1.9073e-06
0.0000e+00
3.6001e-05
2.6226e-05
1.9073e-06
7.0095e-05
2.1458e-06
1.2589e-04
1.9073e-06
9.5367e-07
3.5048e-05
3.7313e-04
4.6015e-05
1.3399e-04
1.9073e-06
2.1458e-06
3.6001e-05
3.3855e-05
2.8610e-06
1.1921e-06
3.6001e-05
1.2779e-04
1.9073e-06
9.5367e-07
3.5048e-05
0.0000e+00
3.2902e-05
2.4414e-04
2.1458e-06
0.0000e+00
3.5048e-05
9.5367e-07
8.1062e-05
3.7789e-04
3.6001e-05
1.6093e-04
3.5048e-05
9.5367e-07
3.3140e-05
1.1921e-06
3.2902e-05
5.1904e-04
3.7193e-05
1.7500e-04
3.6001e-05
2.1458e-06
3.3855e-05
3.0994e-06
3.5048e-05
0.0000e+00
3.2902e-05
1.4400e-04
3.6955e-05
2.1100e-04
3.6001e-05
4.2915e-05
2.1458e-06
0.0000e+00
3.5048e-05
2.0695e-04
3.0994e-06
1.0180e-04
1.9073e-06
7.7963e-05
1.9073e-06
1.1921e-06
7.9870e-05
1.4305e-04
3.0994e-06
1.2898e-04
2.1458e-06
4.6015e-05
2.1458e-06
9.5367e-07
3.5048e-05
1.2302e-04
3.6001e-05
1.9073e-06
3.2902e-05
7.2956e-05
3.5048e-05
1.4710e-04
3.6001e-05
8.7023e-05
8.0824e-05
2.1458e-06
3.3855e-05
1.2898e-04
3.5048e-05
2.2197e-04
2.1458e-06
9.5367e-07
3.5048e-05
1.1396e-04
2.1458e-06
9.5367e-07
3.6955e-05
9.5367e-07
3.2902e-05
1.0586e-04
3.6001e-05
1.9073e-06
8.0109e-05
4.2391e-04
1.9073e-06
2.1458e-06
3.6955e-05
0.0000e+00
3.2902e-05
9.5367e-07
3.2902e-05
1.2302e-04
3.6001e-05
9.5367e-07
3.3140e-05
9.0837e-05
3.6955e-05
4.2701e-04
2.1458e-06
1.8120e-05
2.1458e-06
1.9073e-05
2.1458e-06
9.5367e-07
3.6001e-05
1.4710e-04
1.9073e-06
1.1921e-06
3.5048e-05
3.8862e-05
3.0994e-06
1.5306e-04
2.1458e-06
0.0000e+00
3.6001e-05
7.2956e-05
3.0994e-06
9.5367e-07
3.6001e-05
9.5367e-07
8.2970e-05
4.8804e-04
3.0994e-06
9.5367e-07
3.6001e-05
0.0000e+00
3.2902e-05
2.7013e-04
1.9073e-06
1.1921e-06
3.6001e-05
5.9295e-04
2.1458e-06
1.9073e-06
3.6001e-05
1.0204e-04
2.1458e-06
9.5367e-07
3.5048e-05
9.5367e-07
8.1062e-05
6.6996e-05
2.1458e-06
1.8883e-04
1.9073e-06
4.6992e-04
1.9073e-06
9.5367e-07
3.5048e-05
1.6904e-04
2.1458e-06
9.5367e-07
3.6955e-05
0.0000e+00
3.3140e-05
1.1301e-04
3.6001e-05
2.8706e-04
2.8610e-06
1.9073e-06
8.4162e-05
1.3900e-04
3.0994e-06
1.1921e-06
3.5048e-05
1.1492e-04
3.0994e-06
9.5367e-07
3.5048e-05
9.5367e-07
3.3140e-05
1.2088e-04
3.4809e-05
9.4891e-05
3.6001e-05
1.5688e-04
2.1458e-06
9.5367e-07
8.3923e-05
1.6403e-04
1.9073e-06
9.5367e-07
3.5048e-05
9.7990e-05
3.6001e-05
9.5367e-07
3.2902e-05
1.6809e-04
1.9073e-06
9.5367e-07
3.4809e-05
9.5367e-07
3.2902e-05
6.1989e-05
3.6001e-05
1.1611e-04
3.6001e-05
2.6798e-04
3.0994e-06
9.5367e-07
3.6001e-05
1.3399e-04
3.6955e-05
1.6189e-04
1.9073e-06
9.5367e-07
3.5048e-05
1.9908e-04
2.1458e-06
9.5367e-07
3.5048e-05
0.0000e+00
3.3140e-05
3.2902e-05
3.0994e-06
3.2806e-04
1.9073e-06
0.0000e+00
3.6001e-05
8.4877e-05
1.9073e-06
1.1301e-04
2.1458e-06
0.0000e+00
3.5048e-05
9.5367e-07
3.3140e-05
3.3140e-05
2.1458e-06
9.5367e-07
3.5048e-05
2.5797e-04
3.6001e-05
9.5367e-07
8.0109e-05
1.9073e-06
3.2902e-05
9.5367e-07
3.3855e-05
6.8188e-05
3.6001e-05
5.7936e-05
3.5048e-05
1.6904e-04
1.0490e-04
6.0081e-05
3.6955e-05
2.4700e-04
1.9073e-06
3.3140e-05
3.0994e-06
1.3518e-04
1.9073e-06
1.1921e-06
3.6001e-05
2.2173e-05
2.1458e-06
2.2006e-04
3.0994e-06
1.9073e-06
3.6001e-05
7.7009e-05
2.1458e-06
9.5367e-07
3.6001e-05
4.4608e-04
3.6955e-05
2.1005e-04
3.5048e-05
5.2619e-04
1.9073e-06
9.5367e-07
3.6001e-05
9.5367e-07
3.3140e-05
9.5367e-07
3.3855e-05
2.3699e-04
3.6001e-05
6.6996e-05
1.9073e-06
3.3593e-04
1.9073e-06
3.3140e-05
2.1458e-06
9.5367e-07
3.6001e-05
0.0000e+00
3.3140e-05
9.7036e-05
8.5115e-05
7.8201e-05
2.8610e-06
1.1921e-06
3.6001e-05
2.0385e-04
1.9073e-06
1.1921e-06
3.6001e-05
2.7394e-04
2.1458e-06
0.0000e+00
3.5048e-05
8.4877e-05
1.9073e-06
1.0300e-04
1.9073e-06
1.1921e-06
3.5048e-05
9.5367e-07
9.7990e-05
1.6689e-04
1.9073e-06
5.5075e-05
3.0994e-06
2.1386e-04
1.9073e-06
9.5367e-07
3.6001e-05
1.9073e-06
3.6001e-05
2.5821e-04
1.9073e-06
9.5367e-07
3.6001e-05
1.1897e-04
3.0994e-06
9.5367e-07
3.5048e-05
2.2197e-04
2.1458e-06
9.5367e-07
3.6955e-05
1.1921e-06
3.3855e-05
1.0896e-04
3.6955e-05
2.5201e-04
2.1458e-06
9.5367e-07
3.5048e-05
7.7963e-05
2.1458e-06
1.9073e-06
3.5048e-05
9.5367e-07
3.3140e-05
3.2401e-04
1.9073e-06
1.9073e-06
3.6001e-05
7.1049e-05
2.1458e-06
9.5367e-07
3.6001e-05
0.0000e+00
3.3140e-05
0.0000e+00
3.2902e-05
2.1410e-04
3.5048e-05
8.7023e-05
2.1458e-06
0.0000e+00
3.5048e-05
3.6192e-04
2.1458e-06
9.5367e-07
8.2016e-05
6.5088e-05
1.9073e-06
2.3794e-04
2.1458e-06
9.5367e-07
3.6001e-05
0.0000e+00
3.3140e-05
8.4877e-05
1.9073e-06
9.5367e-07
3.5048e-05
9.5367e-07
3.4094e-05
1.8096e-04
3.6001e-05
1.1492e-04
8.4877e-05
1.7500e-04
1.9073e-06
1.1396e-04
2.1458e-06
9.5367e-07
3.5048e-05
1.4591e-04
1.9073e-06
9.5367e-07
3.6001e-05
1.1921e-06
3.2902e-05
9.2030e-05
3.6001e-05
9.5367e-07
3.2902e-05
2.5105e-04
3.0994e-06
9.8944e-05
1.9073e-06
1.1921e-06
3.5048e-05
1.0300e-04
2.1458e-06
9.5367e-07
3.6001e-05
1.6499e-04
3.6001e-05
9.5367e-07
3.2902e-05
7.0095e-05
3.5763e-05
1.0800e-04
3.5048e-05
2.4986e-04
1.9073e-06
1.9073e-06
8.4162e-05
8.9884e-05
1.9073e-06
1.7166e-05
3.0994e-06
1.9073e-06
3.6001e-05
1.5402e-04
3.6001e-05
2.0504e-04
1.9073e-06
4.0054e-05
3.0994e-06
8.0824e-05
1.9073e-06
3.2616e-04
1.9073e-06
0.0000e+00
3.6001e-05
4.9829e-05
1.9073e-06
9.5367e-07
8.3923e-05
5.2929e-05
1.9073e-06
7.9155e-05
2.1458e-06
1.3494e-04
1.9073e-06
9.5367e-07
3.6001e-05
9.5367e-07
3.1948e-05
1.8597e-04
3.6955e-05
9.2983e-05
3.6001e-05
2.1458e-06
3.2902e-05
9.5367e-07
7.7009e-05
2.1601e-04
2.8610e-06
1.2910e-03
2.8610e-06
3.0994e-06
4.1962e-05
2.6298e-04
1.9073e-06
1.3304e-04
3.0994e-06
9.5367e-07
3.9101e-05
1.2302e-04
1.9073e-06
1.9073e-06
3.7909e-05
9.5367e-07
3.4094e-05
2.4295e-04
3.6001e-05
5.6028e-05
3.6001e-05
1.5092e-04
3.6001e-05
1.7500e-04
3.0994e-06
9.5367e-07
3.6001e-05
0.0000e+00
3.3140e-05
0.0000e+00
3.3140e-05
2.8920e-04
2.8610e-06
9.5367e-07
3.6001e-05
9.5367e-07
8.1062e-05
1.9073e-06
3.2902e-05
1.1921e-06
3.3855e-05
1.0490e-04
1.9073e-06
1.1921e-06
3.6001e-05
2.1291e-04
3.6001e-05
2.4986e-04
3.6955e-05
9.5367e-07
3.3140e-05
9.5367e-07
8.1062e-05
3.0994e-06
3.2902e-05
9.5367e-07
3.3140e-05
2.4509e-04
3.6001e-05
1.7405e-04
2.1458e-06
1.1301e-04
2.1458e-06
9.5367e-07
3.5048e-05
1.9073e-06
3.4094e-05
6.1989e-05
3.5048e-05
1.9073e-06
3.5048e-05
9.5367e-07
3.3140e-05
4.2295e-04
3.0994e-06
3.8862e-05
1.9073e-06
1.3113e-04
2.1458e-06
9.5367e-07
3.6001e-05
1.5306e-04
2.1458e-06
2.1505e-04
1.9073e-06
6.5088e-05
2.1458e-06
4.5061e-05
3.0994e-06
9.5367e-07
3.6955e-05
0.0000e+00
8.1062e-05
2.0814e-04
1.9073e-06
9.5367e-07
3.6001e-05
1.4186e-04
1.9073e-06
1.1921e-06
3.5763e-05
2.6488e-04
1.9073e-06
9.5367e-07
3.5048e-05
0.0000e+00
3.3140e-05
1.1587e-04
3.0994e-06
0.0000e+00
3.5048e-05
5.6028e-05
2.1458e-06
1.5998e-04
1.4400e-04
1.2207e-04
1.9073e-06
1.1921e-06
3.6001e-05
4.0054e-05
2.1458e-06
9.5367e-07
3.5048e-05
1.7691e-04
3.7193e-05
1.9073e-06
3.4094e-05
1.1921e-06
3.2902e-05
7.7963e-05
8.2016e-05
9.7990e-05
3.4809e-05
1.1921e-06
3.2902e-05
2.4414e-04
1.9073e-06
1.3399e-04
1.9073e-06
9.5367e-07
3.6001e-05
9.6083e-05
2.1458e-06
9.5367e-07
5.6028e-05
9.5367e-07
3.5048e-05
2.9111e-04
1.9073e-06
1.1921e-06
8.4877e-05
9.5367e-07
3.4094e-05
2.3007e-04
3.0994e-06
2.6941e-05
3.0994e-06
1.1921e-06
3.6001e-05
9.5367e-07
3.2902e-05
3.3903e-04
1.9073e-06
2.1219e-04
1.9073e-06
7.9155e-05
2.1458e-06
9.5367e-07
3.5048e-05
9.5367e-07
8.0109e-05
1.9073e-06
3.4094e-05
9.5367e-07
3.2902e-05
2.2411e-04
2.1458e-06
1.8096e-04
3.0994e-06
9.9897e-05
1.9073e-06
6.2943e-05
1.9073e-06
1.1921e-06
3.6001e-05
2.5105e-04
1.9073e-06
1.5187e-04
1.9073e-06
9.5367e-07
3.6955e-05
3.5048e-05
8.2970e-05
1.9002e-04
1.9073e-06
2.1458e-06
3.6001e-05
4.5061e-05
3.4809e-05
1.1516e-04
1.9073e-06
1.2302e-04
2.1458e-06
2.1458e-06
3.6001e-05
1.7905e-04
3.0994e-06
1.1921e-06
3.6001e-05
9.5367e-07
3.2902e-05
9.5367e-07
3.4809e-05
2.2221e-04
3.6955e-05
9.2030e-05
3.6001e-05
5.6601e-04
3.0994e-06
2.9802e-05
1.9073e-06
0.0000e+00
3.6001e-05
0.0000e+00
3.2902e-05
1.9073e-06
3.5048e-05
9.5367e-07
8.0109e-05
1.9073e-06
3.4094e-05
0.0000e+00
3.2902e-05
2.4104e-04
1.9073e-06
1.1778e-04
1.9073e-06
4.1008e-05
1.9073e-06
0.0000e+00
3.5048e-05
9.5367e-07
3.3140e-05
9.5367e-07
3.1948e-05
1.1339e-03
1.9073e-06
1.9073e-06
4.1008e-05
2.5296e-04
2.8610e-06
1.1921e-06
3.6955e-05
9.5367e-07
3.2902e-05
1.8811e-04
3.0994e-06
9.5367e-07
3.7909e-05
7.2956e-05
3.6955e-05
1.9073e-06
3.2902e-05
2.2292e-04
3.0994e-06
9.5367e-07
3.6001e-05
1.1921e-06
3.2902e-05
1.3709e-04
3.5048e-05
9.5367e-07
3.3140e-05
3.1781e-04
2.8610e-06
4.1008e-05
2.1458e-06
9.5367e-07
3.6001e-05
9.7036e-05
1.9073e-06
1.0800e-04
3.0994e-06
1.9073e-06
8.0109e-05
1.5903e-04
2.1458e-06
1.2589e-04
1.9073e-06
1.1921e-06
3.5048e-05
5.6982e-05
1.9073e-06
0.0000e+00
3.5048e-05
1.8501e-04
3.6001e-05
9.5367e-07
3.3140e-05
9.5367e-07
3.3140e-05
3.1519e-04
1.9073e-06
2.1601e-04
1.9073e-06
2.1935e-05
2.1458e-06
9.5367e-07
3.7193e-05
1.1182e-04
2.8610e-06
1.0896e-04
1.9073e-06
6.9141e-05
3.6955e-05
1.1921e-06
3.2902e-05
2.0099e-04
1.9073e-06
1.6499e-04
1.9073e-06
6.6042e-05
1.9073e-06
9.5367e-07
3.6001e-05
9.5367e-07
8.0824e-05
1.1921e-06
3.3855e-05
1.1921e-06
3.3855e-05
2.0099e-04
3.6001e-05
9.5367e-07
3.2902e-05
3.0208e-04
1.9073e-06
4.6015e-05
2.1458e-06
5.6982e-05
2.1458e-06
0.0000e+00
3.5048e-05
1.1611e-04
8.1062e-05
1.9073e-06
3.4809e-05
6.6042e-05
3.6955e-05
5.9843e-05
3.5048e-05
1.2803e-04
3.5048e-05
9.5367e-07
3.3140e-05
8.7023e-05
3.6001e-05
2.1791e-04
1.9073e-06
9.5367e-07
3.4809e-05
2.1458e-06
3.5048e-05
1.3995e-04
3.6001e-05
2.1458e-06
3.2902e-05
1.7309e-04
2.8610e-06
1.1921e-06
3.5763e-05
5.6982e-05
1.9073e-06
9.5367e-07
3.6001e-05
1.7905e-04
3.5048e-05
1.7405e-04
8.5115e-05
9.5367e-07
3.2902e-05
2.1458e-06
3.2902e-05
1.3709e-04
3.0994e-06
0.0000e+00
3.4094e-05
1.5807e-04
3.5048e-05
9.5367e-07
3.1948e-05
2.1458e-06
3.2902e-05
3.6192e-04
1.9073e-06
2.1458e-06
3.6955e-05
0.0000e+00
3.2902e-05
9.5367e-07
3.1948e-05
9.2983e-05
2.1458e-06
5.7602e-04
1.9073e-06
1.1921e-06
3.7909e-05
0.0000e+00
3.3140e-05
2.0504e-04
1.9073e-06
9.5367e-07
3.6001e-05
1.9073e-06
3.6001e-05
2.2507e-04
3.0994e-06
1.1921e-04
2.8610e-06
8.8930e-05
2.1458e-06
9.5367e-07
3.6001e-05
8.2016e-05
1.9073e-06
9.5367e-07
3.6001e-05
1.0610e-04
3.6001e-05
1.1921e-06
3.2902e-05
6.6042e-05
8.1062e-05
4.0054e-05
3.6001e-05
1.5020e-04
3.6001e-05
9.5367e-07
3.2902e-05
7.7009e-05
3.6001e-05
1.5972e-03
3.0994e-06
9.5367e-07
4.2200e-05
1.6212e-04
2.1458e-06
1.7500e-04
3.0994e-06
2.8992e-04
3.0994e-06
1.9073e-06
1.1015e-04
9.5367e-07
3.4094e-05
3.8385e-04
3.6001e-05
2.4486e-04
3.6001e-05
2.5797e-04
1.9073e-06
2.5392e-04
2.1458e-06
9.5367e-07
3.6001e-05
6.9809e-04
3.0994e-06
9.5367e-07
3.8862e-05
1.5116e-04
2.1458e-06
9.5367e-07
3.8147e-05
9.5367e-07
3.3855e-05
1.2016e-04
1.9073e-06
1.2112e-04
3.0994e-06
8.7023e-05
1.9073e-06
9.5367e-07
3.5048e-05
9.5367e-07
3.2902e-05
2.3413e-04
3.6001e-05
2.0909e-04
2.8610e-06
3.7193e-05
1.9073e-06
5.7936e-05
1.9073e-06
1.3113e-04
2.1458e-06
9.5367e-07
3.6001e-05
8.2970e-05
2.8610e-06
4.6015e-05
1.9073e-06
1.4210e-04
2.1458e-06
1.1086e-04
2.8610e-06
1.1921e-06
3.6001e-05
1.0109e-04
3.4809e-05
2.4819e-04
2.8610e-06
4.0054e-05
2.1458e-06
3.8862e-05
1.9073e-06
1.1921e-06
8.2970e-05
1.9073e-06
3.4094e-05
0.0000e+00
3.3140e-05
3.3855e-05
3.3855e-05
4.0579e-04
1.9073e-06
1.1921e-06
3.4809e-05
0.0000e+00
3.2902e-05
1.5497e-04
3.6001e-05
3.8505e-04
1.0490e-04
1.9073e-06
3.4094e-05
0.0000e+00
3.2902e-05
4.5109e-04
3.6955e-05
1.9073e-06
3.2902e-05
9.5367e-07
3.3140e-05
9.5367e-07
3.2902e-05
0.0000e+00
3.1948e-05
2.8205e-04
1.9073e-06
9.5367e-07
3.6001e-05
9.9897e-05
3.0994e-06
0.0000e+00
3.5048e-05
0.0000e+00
3.2187e-05
9.5367e-07
3.2902e-05
1.7309e-04
3.6001e-05
1.8811e-04
3.6001e-05
1.2708e-04
2.1458e-06
7.9870e-05
4.6968e-05
1.9073e-06
3.6001e-05
1.1921e-06
3.3855e-05
7.7009e-05
3.4809e-05
8.7976e-05
3.5048e-05
1.3208e-04
3.6001e-05
1.9002e-04
2.1458e-06
2.4700e-04
1.9073e-06
9.5367e-07
3.6001e-05
0.0000e+00
8.8930e-05
9.5367e-07
3.4094e-05
1.8811e-04
3.6001e-05
9.5367e-07
3.1948e-05
1.4997e-04
1.9073e-06
9.2983e-05
1.9073e-06
9.5367e-07
3.5048e-05
2.4509e-04
3.0994e-06
1.9073e-06
3.6001e-05
7.1049e-05
8.1778e-05
3.6955e-05
3.5048e-05
2.2793e-04
1.9073e-06
5.5075e-05
1.9073e-06
9.5367e-07
3.5048e-05
1.9073e-06
3.3140e-05
0.0000e+00
3.3140e-05
6.9857e-05
1.9073e-06
9.5367e-07
3.5048e-05
3.5596e-04
1.9073e-06
2.1458e-06
3.6001e-05
2.6798e-04
1.9073e-06
9.5367e-07
3.5048e-05
9.5367e-07
3.2902e-05
1.4615e-04
1.9073e-06
9.5367e-07
3.7909e-05
1.6904e-04
3.0994e-06
2.2602e-04
2.1458e-06
9.5367e-07
4.6015e-05
9.5367e-07
3.3140e-05
1.1921e-06
3.5048e-05
0.0000e+00
3.1948e-05
6.1989e-05
3.4809e-05
2.3603e-04
1.9073e-06
9.5367e-07
3.6001e-05
9.5367e-07
6.6042e-05
9.5367e-07
3.3140e-05
1.1880e-03
2.1458e-06
1.1921e-06
8.2016e-05
1.4186e-04
1.9073e-06
3.1710e-04
2.1458e-06
3.1495e-04
3.0994e-06
1.9073e-06
3.9101e-05
9.5367e-07
3.2902e-05
3.3212e-04
3.0994e-06
1.9073e-06
3.8147e-05
9.2983e-05
3.8147e-05
2.6488e-04
1.9073e-06
9.5367e-07
8.5115e-05
1.9073e-06
3.5048e-05
1.9073e-06
3.3140e-05
1.6403e-04
3.6001e-05
9.5367e-07
3.3140e-05
9.5367e-07
3.2902e-05
3.6001e-05
2.8610e-06
2.1458e-06
3.4809e-05
3.7313e-04
2.1458e-06
9.5367e-07
1.0014e-04
5.2214e-05
1.9073e-06
9.5367e-07
3.6001e-05
1.1015e-04
3.6001e-05
1.9598e-04
3.6001e-05
4.3869e-05
1.9073e-06
9.5367e-07
3.5048e-05
0.0000e+00
3.3140e-05
5.4836e-05
3.6001e-05
1.6379e-04
3.6001e-05
1.2803e-04
3.6001e-05
1.8406e-04
2.1458e-06
5.1975e-05
2.1458e-06
1.9407e-04
1.9073e-06
6.5088e-05
2.8610e-06
3.3140e-05
2.1458e-06
1.9073e-06
3.6001e-05
2.3413e-04
2.8610e-06
4.9114e-05
2.1458e-06
9.5367e-07
3.5048e-05
4.3154e-05
1.9073e-06
9.5367e-07
3.6001e-05
2.7895e-04
1.9073e-06
9.5367e-07
3.6001e-05
2.3198e-04
2.8610e-06
8.7023e-05
1.3614e-04
1.1921e-06
3.6955e-05
8.9884e-05
1.9073e-06
1.9073e-06
3.6001e-05
1.1897e-04
2.1458e-06
9.5367e-07
3.6001e-05
1.9383e-04
1.9073e-06
2.1458e-06
3.5048e-05
1.5497e-04
3.0994e-06
9.5367e-07
3.6001e-05
9.5367e-07
3.4094e-05
8.1062e-05
3.6001e-05
6.1989e-05
3.7193e-05
1.7619e-04
2.8610e-06
2.4986e-04
1.9073e-06
1.9073e-06
8.2016e-05
3.7003e-04
3.6001e-05
2.3389e-04
2.1458e-06
2.2602e-04
3.0994e-06
1.9073e-06
3.6001e-05
9.5367e-07
3.2902e-05
4.3297e-04
2.1458e-06
9.5367e-07
3.5048e-05
1.8907e-04
2.8610e-06
1.4400e-04
1.9073e-06
1.1921e-06
7.9870e-05
4.3154e-05
2.1458e-06
9.5367e-07
3.6001e-05
4.4107e-05
3.6001e-05
1.6308e-04
3.0994e-06
1.1921e-06
3.4809e-05
3.6001e-05
1.9073e-06
1.7786e-04
3.0994e-06
0.0000e+00
3.5048e-05
2.5606e-04
2.1458e-06
1.4591e-04
1.9073e-06
9.5367e-07
8.2970e-05
2.1458e-06
3.3855e-05
9.5367e-07
3.2902e-05
9.5367e-07
3.4094e-05
9.5367e-07
3.2902e-05
1.7810e-04
3.6001e-05
2.0313e-04
1.9073e-06
9.1076e-05
1.9073e-06
9.5367e-07
3.6001e-05
2.8610e-06
3.9101e-05
1.9073e-06
3.3140e-05
2.6488e-04
2.1458e-06
0.0000e+00
3.5048e-05
9.5367e-07
3.2187e-05
1.5521e-04
3.6001e-05
9.5367e-07
3.2187e-05
8.2016e-05
3.6955e-05
1.8191e-04
2.8610e-06
1.9073e-06
3.6001e-05
1.7619e-04
2.1458e-06
9.5367e-07
3.6001e-05
9.5367e-07
3.3140e-05
1.5283e-04
2.8610e-06
1.5807e-04
3.0994e-06
1.7691e-04
2.1458e-06
8.7976e-05
2.1458e-06
1.9073e-06
3.6955e-05
8.4162e-05
2.1458e-06
1.0490e-04
1.9073e-06
1.1206e-04
3.0994e-06
3.1948e-05
2.1458e-06
3.0994e-05
3.6001e-05
1.7810e-04
3.0994e-06
9.5367e-07
3.6001e-05
1.3614e-04
1.0300e-04
1.9073e-06
3.4094e-05
1.1706e-04
3.5048e-05
1.9073e-06
3.4094e-05
4.2915e-05
1.9073e-06
3.9697e-04
1.9073e-06
9.5367e-07
3.6001e-05
9.5367e-07
3.4094e-05
0.0000e+00
3.2902e-05
5.9104e-04
2.1458e-06
2.9707e-04
3.0994e-06
4.6015e-05
1.9073e-06
0.0000e+00
4.1008e-05
3.4904e-04
1.9073e-06
4.2510e-04
1.9073e-06
2.1458e-06
2.0790e-04
9.5367e-07
3.3140e-05
2.5296e-04
3.6001e-05
9.5367e-07
3.2902e-05
7.9298e-04
2.8610e-06
5.0068e-05
3.0994e-06
9.5367e-07
3.6001e-05
2.0440e-03
3.0994e-06
1.9073e-06
4.2915e-05
1.1921e-06
1.3280e-04
2.1458e-06
3.3855e-05
3.7217e-04
3.8147e-05
7.0500e-04
3.0994e-06
1.4997e-04
2.8610e-06
1.1921e-06
3.6955e-05
1.0896e-04
1.9073e-06
9.5367e-07
3.6001e-05
3.4618e-04
3.6955e-05
7.1716e-04
3.0994e-06
5.1808e-04
3.0994e-06
1.9193e-04
2.8610e-06
1.1921e-06
6.2943e-05
7.3791e-04
1.9073e-06
9.5367e-07
3.7909e-05
7.0906e-04
3.0994e-06
7.8106e-04
2.8610e-06
3.8147e-06
2.2511e-03
1.5020e-05
4.1008e-05
6.2299e-04
3.0994e-06
4.0531e-06
1.6499e-04
4.4181e-03
4.4823e-05
3.1018e-04
2.8610e-06
8.7976e-05
3.0994e-06
9.5367e-07
3.6001e-05
9.5367e-07
3.3140e-05
9.5367e-07
3.4094e-05
4.3893e-04
1.9073e-06
1.9073e-06
3.6001e-05
4.4107e-05
3.0994e-06
0.0000e+00
8.6069e-05
1.9073e-06
3.4094e-05
9.5367e-07
3.2902e-05
6.5088e-05
3.8147e-05
9.5367e-07
3.2902e-05
0.0000e+00
3.2902e-05
4.7398e-04
3.0994e-06
4.1962e-05
2.1458e-06
9.5367e-07
3.6001e-05
9.5367e-07
3.4809e-05
3.1495e-04
2.1458e-06
5.8889e-05
1.9073e-06
9.5367e-07
3.6955e-05
2.4080e-05
2.1458e-06
2.4986e-04
1.9073e-06
1.0109e-04
2.1458e-06
9.5367e-07
3.5048e-05
8.7023e-05
3.0994e-06
1.6928e-05
1.9073e-06
6.6996e-05
2.8610e-06
1.9312e-04
2.8610e-06
3.5048e-05
4.6015e-05
1.5783e-04
1.9073e-06
1.8811e-04
2.1458e-06
1.9073e-06
3.6955e-05
9.5367e-07
3.4094e-05
3.9101e-05
2.8610e-06
1.5211e-04
2.1458e-06
0.0000e+00
3.6001e-05
2.3103e-04
2.8610e-06
1.2207e-04
3.0994e-06
1.2803e-04
1.9073e-06
1.3399e-04
1.9073e-06
2.6941e-05
2.1458e-06
1.7881e-05
1.9073e-06
1.1921e-06
2.2292e-04
1.9073e-06
3.3855e-05
9.5367e-07
3.3140e-05
9.5367e-07
3.1948e-05
6.2799e-04
1.9073e-06
0.0000e+00
3.6001e-05
0.0000e+00
3.2902e-05
5.1999e-04
2.1458e-06
5.2929e-05
1.9073e-06
9.5367e-07
3.4809e-05
0.0000e+00
3.2902e-05
1.0991e-04
1.9073e-06
9.5367e-07
3.7193e-05
9.4891e-05
2.1458e-06
0.0000e+00
3.5048e-05
9.5367e-07
3.4094e-05
1.8406e-04
3.6001e-05
1.3995e-04
2.1458e-06
6.7949e-05
3.0994e-06
1.9479e-04
2.8610e-06
2.1458e-06
3.6955e-05
9.5367e-07
3.2902e-05
1.1921e-06
3.2902e-05
3.6001e-05
3.4809e-05
2.9516e-04
1.9073e-06
9.5367e-07
3.6955e-05
8.1062e-05
3.6001e-05
1.7190e-04
3.0994e-06
9.5367e-07
3.6001e-05
1.5998e-04
2.8610e-06
9.5367e-07
3.6001e-05
2.0313e-04
2.1458e-06
4.3869e-05
1.9073e-06
0.0000e+00
3.6001e-05
0.0000e+00
3.2902e-05
3.4094e-05
2.1458e-06
3.5501e-04
1.9073e-06
4.6968e-05
3.0994e-06
9.5367e-07
8.2970e-05
7.8917e-05
3.6955e-05
2.1601e-04
3.0994e-06
1.8501e-04
2.1458e-06
3.7909e-05
2.1458e-06
9.5367e-07
3.6001e-05
0.0000e+00
3.3140e-05
1.1706e-04
1.9073e-06
1.2398e-04
1.9073e-06
1.1802e-04
1.9073e-06
1.1206e-04
3.0994e-06
9.5367e-07
8.2970e-05
1.7214e-04
2.1458e-06
9.5367e-07
3.6001e-05
1.9693e-04
1.9073e-06
0.0000e+00
3.6001e-05
1.6117e-04
2.8610e-06
1.6809e-04
2.1458e-06
2.0981e-05
3.0994e-06
9.5367e-07
3.5048e-05
3.9101e-05
1.9073e-06
0.0000e+00
3.4809e-05
1.4520e-04
1.4305e-04
8.3804e-04
3.8862e-05
2.1458e-06
3.3855e-05
0.0000e+00
3.4094e-05
5.0688e-04
2.8610e-06
1.1921e-06
3.7909e-05
2.3103e-04
3.0994e-06
2.0289e-04
1.9073e-06
1.1921e-06
3.6001e-05
5.6601e-04
2.1458e-06
2.1458e-06
3.6955e-05
0.0000e+00
3.3140e-05
5.5194e-04
1.9073e-06
9.5367e-07
3.6955e-05
1.8692e-04
2.8610e-06
9.5367e-07
3.9101e-05
4.4990e-04
1.9073e-06
1.1921e-06
3.6001e-05
1.9598e-04
2.1458e-06
0.0000e+00
8.7023e-05
9.5367e-07
3.3140e-05
1.9503e-04
1.9073e-06
9.5367e-07
3.7909e-05
1.1921e-06
3.3855e-05
2.9898e-04
3.6001e-05
1.3494e-04
2.1458e-06
9.5367e-07
3.5048e-05
0.0000e+00
3.3140e-05
2.8181e-04
6.2943e-05
1.9073e-06
3.6955e-05
9.5367e-07
3.3140e-05
1.5440e-03
2.1458e-06
5.0744e-01
