1.8193e-02
2.2272e-02
1.7166e-05
2.8878e-02
4.0531e-06
6.9141e-06
9.3222e-05
2.2014e-02
3.0994e-06
6.1989e-06
1.1992e-04
1.2590e-02
8.7905e-04
1.0276e-02
4.1962e-05
3.0994e-06
3.4094e-05
9.5367e-07
3.2902e-05
1.0406e-02
2.8610e-06
1.6928e-05
5.1022e-05
5.5326e-02
2.8610e-06
3.0138e-02
3.0994e-06
1.4033e-02
4.0531e-06
8.1062e-06
5.7936e-05
1.1221e-02
3.8147e-06
1.7166e-05
9.6083e-05
2.8610e-06
3.6001e-05
3.1857e-02
3.0994e-06
1.0078e-02
2.8610e-06
1.1219e-02
2.1458e-06
1.5974e-05
5.2929e-05
1.0455e-02
2.8610e-06
8.8215e-06
7.9870e-05
3.0994e-06
3.3855e-05
1.1921e-06
4.1008e-05
9.5367e-07
3.3140e-05
1.1812e-02
3.0994e-06
5.0068e-06
4.4107e-05
3.1074e-02
1.3208e-04
2.6212e-02
3.0994e-06
5.0068e-06
4.5061e-05
9.5367e-07
4.4107e-05
1.9073e-06
7.7963e-05
2.8610e-06
3.4094e-05
4.5381e-03
6.0081e-05
2.8610e-06
3.6001e-05
1.2729e-02
2.8610e-06
5.0068e-06
6.7949e-05
2.1458e-06
3.5048e-05
2.1458e-06
4.7922e-05
9.5367e-07
5.3167e-05
2.4615e-02
3.0994e-06
2.0010e-03
3.0994e-06
5.9605e-06
4.1962e-05
1.1351e-03
2.8610e-06
5.0068e-06
4.1008e-05
2.1458e-06
3.6001e-05
9.5367e-07
3.4094e-05
1.3580e-03
3.0994e-06
1.9073e-06
4.0054e-05
1.9073e-06
3.4094e-05
9.5367e-07
1.7691e-04
2.8610e-06
3.6001e-05
3.1610e-03
2.8610e-06
2.8610e-06
4.0054e-05
5.9605e-06
4.0054e-05
9.5367e-07
3.4094e-05
9.5367e-07
3.3140e-05
4.9169e-03
4.3869e-05
2.8610e-06
3.4094e-05
3.5250e-03
2.8610e-06
4.0531e-06
4.3154e-05
1.1921e-06
3.1948e-05
3.0994e-06
3.6001e-05
9.5367e-07
3.3140e-05
9.5367e-07
3.1948e-05
9.5367e-07
3.3140e-05
3.2339e-03
3.0994e-06
5.5885e-04
2.8610e-06
2.1458e-06
4.1008e-05
1.1320e-03
1.9073e-06
2.1458e-06
4.1008e-05
4.9305e-04
3.0994e-06
1.9073e-06
3.8147e-05
9.5367e-07
3.4094e-05
1.1921e-06
3.2902e-05
8.1611e-04
3.7909e-05
2.1458e-06
3.3855e-05
9.5367e-07
3.3855e-05
1.1921e-06
3.2902e-05
9.5367e-07
9.0837e-05
3.6621e-03
2.8610e-06
5.0068e-06
4.7922e-05
9.5367e-07
3.4094e-05
5.7960e-03
1.9073e-06
3.0994e-06
4.1008e-05
1.0109e-03
3.9101e-05
1.9073e-06
3.4094e-05
1.4751e-03
1.9073e-06
1.9073e-06
9.7990e-05
3.0994e-06
3.5048e-05
6.6996e-04
3.9101e-05
1.0779e-03
2.8610e-06
1.1921e-06
3.7909e-05
4.4107e-04
3.8147e-05
1.9073e-06
3.3140e-05
3.3660e-03
4.1962e-05
3.0994e-06
9.6083e-05
1.7898e-03
2.8610e-06
3.0994e-06
4.0054e-05
6.9189e-04
3.0994e-06
3.0994e-06
3.8862e-05
1.1921e-06
3.3855e-05
1.1921e-06
3.3855e-05
0.0000e+00
3.3140e-05
1.9073e-06
3.3140e-05
1.9073e-06
3.6955e-05
9.5367e-07
3.2902e-05
9.5367e-07
3.3140e-05
2.7728e-03
1.9073e-06
4.9186e-04
2.8610e-06
1.1921e-06
4.1008e-05
9.5367e-07
3.5048e-05
2.0359e-03
2.8610e-06
2.1458e-06
4.0054e-05
9.5367e-07
9.7990e-05
1.4069e-03
1.9073e-06
9.5367e-07
3.7909e-05
9.5367e-07
3.4094e-05
9.5367e-07
3.3140e-05
1.4160e-03
4.0054e-05
7.5412e-04
2.8610e-06
7.5006e-04
1.9073e-06
3.0994e-06
3.8862e-05
1.1921e-06
9.2983e-05
1.9073e-06
3.3140e-05
1.2450e-03
4.2200e-05
5.1308e-04
3.8862e-05
3.0994e-06
3.3855e-05
1.1921e-06
3.2902e-05
9.6798e-04
3.7909e-05
2.1458e-06
3.3855e-05
9.2506e-04
3.9101e-05
1.4069e-03
4.0054e-05
1.2090e-03
2.1458e-06
2.8610e-06
3.9101e-05
9.5367e-07
3.4094e-05
1.7009e-03
3.0994e-06
3.9387e-04
1.9073e-06
6.0606e-04
1.9073e-06
3.0994e-06
4.1008e-05
1.0419e-03
3.0994e-06
3.8147e-06
3.9816e-05
9.5367e-07
3.4094e-05
2.8491e-04
1.9073e-06
1.9073e-06
3.8147e-05
7.6485e-04
2.8610e-06
9.4509e-04
1.9073e-06
2.1458e-06
3.7909e-05
2.1458e-06
3.3855e-05
9.5367e-07
3.3855e-05
8.4305e-04
1.0204e-04
1.1880e-03
2.8610e-06
3.0994e-06
3.9101e-05
9.5367e-07
3.2902e-05
0.0000e+00
3.2902e-05
1.7850e-03
3.9101e-05
9.3889e-04
2.8610e-06
2.1458e-06
3.8862e-05
6.5303e-04
1.9073e-06
2.1458e-06
1.0586e-04
1.9073e-06
3.3855e-05
9.5367e-07
3.4094e-05
1.7159e-03
1.9073e-06
6.7496e-04
3.0994e-06
1.9073e-06
3.9101e-05
9.5367e-07
3.4094e-05
9.5367e-07
3.4094e-05
9.5367e-07
3.4094e-05
1.9073e-06
3.6001e-05
9.5367e-07
3.2902e-05
9.5367e-07
3.3140e-05
2.1560e-03
4.1008e-05
4.4489e-04
3.9101e-05
5.6601e-04
1.9073e-06
3.0994e-06
3.7909e-05
1.9610e-03
4.0054e-05
2.8610e-06
3.6001e-05
1.1921e-06
3.3855e-05
1.8332e-03
3.0994e-06
1.7560e-03
2.1458e-06
1.0014e-05
4.8161e-05
2.3794e-04
1.9073e-06
3.0994e-06
3.7909e-05
1.9073e-06
3.4094e-05
3.0994e-06
3.6001e-05
9.5367e-07
8.9169e-05
2.8670e-03
2.1458e-06
1.9073e-06
4.1008e-05
5.1620e-03
3.0994e-06
5.9605e-06
5.0068e-05
9.5367e-07
3.3855e-05
9.5367e-07
3.3855e-05
4.0851e-03
1.9073e-06
4.0531e-06
4.4107e-05
7.7105e-04
3.0994e-06
3.8147e-06
3.7909e-05
9.5367e-07
3.2902e-05
9.5367e-07
3.4094e-05
9.5367e-07
3.3140e-05
9.5367e-07
3.2902e-05
2.1341e-03
4.1008e-05
2.1458e-06
3.2902e-05
0.0000e+00
8.5831e-05
1.5440e-03
4.3154e-05
6.7997e-04
2.8610e-06
9.5367e-07
3.6001e-05
1.3061e-03
3.0994e-06
1.9073e-06
4.0054e-05
9.5367e-07
3.3140e-05
9.5367e-07
3.4094e-05
1.0068e-03
4.0054e-05
1.9073e-06
8.8930e-05
1.9073e-06
3.4094e-05
2.1739e-03
2.8610e-06
1.9073e-06
3.9101e-05
9.5367e-07
3.5048e-05
7.4291e-04
3.8147e-05
2.1458e-06
2.3007e-04
2.8610e-06
3.5048e-05
3.4480e-03
2.1458e-06
2.0981e-03
1.9073e-06
7.3195e-04
2.8610e-06
3.4213e-04
2.1458e-06
1.9073e-06
4.1962e-05
1.1921e-06
3.3855e-05
7.4911e-04
3.8147e-05
1.9073e-06
3.4094e-05
6.0201e-04
3.6955e-05
8.2994e-04
4.1008e-05
3.0994e-06
3.5048e-05
4.6992e-04
3.8147e-05
1.9073e-06
3.4094e-05
9.5367e-07
3.2902e-05
6.3515e-04
3.9101e-05
1.9073e-06
3.2902e-05
8.9693e-04
3.7909e-05
1.9073e-06
8.4162e-05
5.8169e-03
4.2915e-05
3.0994e-06
3.3855e-05
1.1921e-06
3.3855e-05
8.8501e-04
4.2915e-05
1.9531e-03
3.0994e-06
9.5367e-07
3.8147e-05
9.5367e-07
3.5048e-05
4.9901e-04
3.0994e-06
1.9073e-06
3.6955e-05
2.5580e-03
2.8610e-06
9.5367e-07
3.9101e-05
9.5367e-07
3.4094e-05
5.8985e-04
1.9073e-06
2.1458e-06
3.6001e-05
1.2980e-03
2.8610e-06
1.1921e-06
3.8862e-05
1.1921e-06
3.2902e-05
9.5367e-07
9.3222e-05
2.1458e-06
3.2902e-05
1.1921e-06
3.2902e-05
1.5941e-03
3.9101e-05
3.0994e-06
3.3855e-05
9.5367e-07
3.4094e-05
9.5367e-07
3.3140e-05
9.5367e-07
3.4094e-05
3.0994e-06
3.6001e-05
3.8590e-03
4.2915e-05
5.8508e-04
4.0054e-05
1.9073e-06
3.3855e-05
1.1470e-03
2.8610e-06
2.1458e-06
3.6955e-05
9.5367e-07
3.3140e-05
9.5367e-07
3.3140e-05
1.5111e-03
4.0054e-05
2.1458e-06
3.3855e-05
7.4005e-04
1.9073e-06
1.1921e-06
3.7909e-05
9.5367e-07
3.3855e-05
9.5367e-07
3.4094e-05
9.5367e-07
3.3140e-05
0.0000e+00
3.2902e-05
1.5171e-03
3.7909e-05
2.1458e-06
3.2902e-05
9.5367e-07
3.2187e-05
9.5367e-07
3.2902e-05
3.3710e-03
1.9073e-06
8.5616e-04
2.8610e-06
2.1458e-06
3.7909e-05
1.0910e-03
1.9073e-06
4.4298e-04
2.8610e-06
3.6216e-04
2.8610e-06
1.9073e-06
3.9101e-05
2.2793e-04
1.9073e-06
1.9073e-06
3.6001e-05
1.1921e-06
3.2902e-05
9.5367e-07
3.3140e-05
9.5367e-07
3.1948e-05
2.1911e-03
3.0994e-06
2.1458e-06
3.8862e-05
9.5367e-07
8.5115e-05
2.1458e-06
3.5048e-05
1.1921e-06
3.2902e-05
9.5367e-07
3.2902e-05
1.4760e-03
3.6955e-05
4.9615e-04
1.9073e-06
9.5367e-07
3.6001e-05
9.5367e-07
3.4094e-05
1.2043e-02
2.8610e-06
6.9141e-06
1.4496e-04
1.2701e-03
3.0994e-06
1.9073e-06
3.9101e-05
2.7521e-03
3.0994e-06
1.7595e-04
2.1458e-06
6.3396e-04
2.8610e-06
3.0994e-06
4.1962e-05
9.5367e-07
3.3855e-05
2.1458e-06
3.3855e-05
9.5367e-07
3.2902e-05
3.0994e-06
2.2292e-04
9.6202e-04
4.1962e-05
9.1410e-03
6.6042e-05
4.7684e-04
8.7976e-05
5.0306e-04
5.8174e-05
1.0362e-03
3.0994e-06
2.7080e-03
2.1458e-06
1.9073e-06
3.8862e-05
9.5367e-07
9.9897e-05
2.1458e-06
4.3869e-05
8.8716e-04
3.8147e-05
1.5419e-03
4.1008e-05
2.8610e-06
3.4094e-05
9.5367e-07
3.3140e-05
1.7629e-03
1.9073e-06
2.1458e-06
3.8862e-05
6.3515e-04
1.0896e-04
3.0994e-06
3.3855e-05
1.1988e-03
2.8610e-06
1.1921e-06
3.6955e-05
1.9073e-06
3.4094e-05
9.5367e-07
3.3140e-05
2.3949e-03
3.0994e-06
1.9073e-06
3.9101e-05
9.5367e-07
3.4094e-05
1.2691e-03
9.2030e-05
1.9073e-06
3.3855e-05
9.5367e-07
3.3140e-05
9.5367e-07
3.3140e-05
9.5367e-07
3.2902e-05
9.5367e-07
3.1948e-05
9.5367e-07
3.3140e-05
3.9790e-03
3.0994e-06
2.8610e-06
1.0085e-04
1.6761e-03
2.1458e-06
1.9073e-06
3.7909e-05
3.4118e-04
2.1458e-06
7.0286e-04
2.8610e-06
9.5367e-07
4.0054e-05
3.8729e-03
3.0994e-06
9.0599e-06
4.6968e-05
9.5367e-07
3.4094e-05
9.5367e-07
3.3140e-05
2.1458e-06
3.5048e-05
1.3909e-03
4.1008e-05
1.9073e-06
3.4094e-05
9.5367e-07
3.3855e-05
1.1921e-06
3.2902e-05
3.6881e-03
4.1962e-05
3.0994e-06
4.2915e-05
9.5367e-07
1.1301e-04
1.9073e-06
3.3855e-05
9.5367e-07
3.4094e-05
9.5367e-07
3.4094e-05
1.7660e-03
3.8862e-05
3.0994e-06
3.5048e-05
9.5367e-07
3.4094e-05
1.6840e-03
4.0054e-05
7.9012e-04
3.9101e-05
1.9073e-06
3.3855e-05
9.5367e-07
3.3140e-05
2.9118e-03
1.9073e-06
2.8610e-06
3.8862e-05
1.2207e-04
3.6001e-05
3.0994e-06
5.7936e-05
7.4196e-04
1.9073e-06
5.0902e-04
1.9073e-06
2.1458e-06
9.2983e-05
1.9073e-06
3.2902e-05
9.5367e-07
6.3181e-05
1.9073e-06
3.4094e-05
9.5367e-07
3.3140e-05
1.9319e-03
1.9073e-06
2.1458e-06
3.7909e-05
1.3242e-03
3.0994e-06
9.5367e-07
3.8147e-05
1.9073e-06
3.6001e-05
9.5367e-07
5.6982e-05
2.1870e-03
2.8610e-06
5.0068e-06
4.5061e-05
9.5367e-07
3.3855e-05
8.2302e-04
4.3869e-05
2.1458e-06
3.4094e-05
4.7994e-04
3.9101e-05
4.0531e-06
3.6001e-05
9.5367e-07
3.4094e-05
0.0000e+00
3.2902e-05
3.1495e-04
3.6001e-05
2.8119e-03
2.8610e-06
5.9605e-06
4.1008e-05
9.5367e-07
3.4094e-05
9.5367e-07
3.3140e-05
2.1458e-06
3.6001e-05
9.5367e-07
3.2902e-05
1.1921e-06
3.3855e-05
1.1921e-06
3.3855e-05
9.5367e-07
3.3140e-05
4.6458e-03
1.9073e-06
3.6216e-04
3.0994e-06
8.7500e-04
1.9073e-06
4.6301e-04
1.9073e-06
4.2915e-05
2.1458e-06
9.5367e-07
9.2030e-05
1.9073e-06
3.2902e-05
1.9073e-06
3.4094e-05
1.2190e-03
3.0994e-06
9.5367e-07
3.8147e-05
2.1005e-04
3.6001e-05
4.0412e-04
2.1458e-06
3.0994e-06
3.7909e-05
6.7806e-04
3.6955e-05
1.5750e-03
1.9073e-06
1.7779e-03
1.9073e-06
3.0994e-06
4.1008e-05
2.2888e-04
3.0994e-06
2.1458e-06
3.8862e-05
9.5367e-07
3.2902e-05
9.5367e-07
6.1035e-05
2.1458e-06
3.3855e-05
1.1921e-06
3.2902e-05
1.6031e-03
2.1458e-06
1.9073e-06
3.8147e-05
9.5367e-07
3.3855e-05
5.3787e-04
3.7909e-05
1.9073e-06
3.2902e-05
9.5367e-07
3.3140e-05
9.5367e-07
3.2902e-05
4.7398e-04
3.6955e-05
1.9073e-06
3.6001e-05
1.1921e-06
3.2902e-05
9.5367e-07
3.2902e-05
1.9073e-06
3.4094e-05
9.5367e-07
3.3140e-05
9.5367e-07
3.1948e-05
1.4532e-03
3.9101e-05
1.9073e-06
8.0824e-05
4.8132e-03
4.6968e-05
5.0068e-06
3.9005e-04
4.9860e-03
3.0994e-06
5.0068e-06
4.9114e-05
1.9073e-06
3.5048e-05
9.5367e-07
3.4094e-05
9.5367e-07
4.2915e-05
2.1458e-06
3.5048e-05
2.8610e-06
3.5048e-05
1.5321e-03
4.0054e-05
3.0994e-06
3.3855e-05
1.1921e-06
3.2902e-05
1.2820e-03
2.8610e-06
2.1458e-06
3.6955e-05
5.9295e-04
3.6955e-05
2.1458e-06
3.3855e-05
1.9073e-06
3.6001e-05
1.0860e-03
3.7909e-05
2.1458e-06
3.2902e-05
6.8712e-04
3.9816e-05
2.1458e-06
3.4094e-05
1.4112e-03
2.1458e-06
2.7394e-04
2.8610e-06
2.1458e-06
3.8862e-05
9.5367e-07
8.3923e-05
1.9073e-06
3.3140e-05
9.5367e-07
3.1948e-05
1.1921e-06
3.2902e-05
1.7309e-04
2.8610e-06
2.1458e-06
3.7909e-05
1.1921e-06
3.3855e-05
1.3971e-03
3.7909e-05
2.1458e-06
8.3923e-05
2.1458e-06
3.3855e-05
9.5367e-07
3.2902e-05
1.7381e-03
3.0994e-06
4.5109e-04
2.1458e-06
2.8610e-06
6.3181e-05
1.9073e-06
3.5048e-05
9.5367e-07
3.3140e-05
9.5367e-07
3.4094e-05
1.9073e-06
3.7193e-05
7.9584e-04
1.9073e-06
5.8317e-04
3.0994e-06
2.8610e-06
3.6955e-05
1.1921e-06
3.2902e-05
2.9500e-03
3.0994e-06
1.9073e-06
4.1008e-05
9.5367e-07
3.3140e-05
2.8610e-06
3.6001e-05
1.1921e-06
8.9884e-05
8.8000e-04
2.1458e-06
2.1458e-06
3.7909e-05
9.5367e-07
3.4094e-05
2.0781e-02
2.8610e-06
5.0068e-06
4.9829e-05
1.7093e-02
4.5061e-05
6.3519e-03
4.6968e-05
4.0531e-06
3.4094e-05
2.1458e-06
4.0054e-05
5.5451e-03
4.1962e-05
4.0531e-06
3.3855e-05
9.5367e-07
3.4094e-05
9.5367e-07
3.3140e-05
9.5367e-07
3.2902e-05
1.7521e-03
2.1458e-06
1.3189e-03
3.0994e-06
9.5367e-07
9.5129e-05
1.9073e-06
3.4094e-05
9.5367e-07
3.4094e-05
6.4087e-04
2.8610e-06
9.5367e-07
3.9101e-05
9.5367e-07
3.4094e-05
1.1921e-06
3.2902e-05
3.6411e-03
2.1458e-06
2.0790e-04
1.9073e-06
8.6069e-05
1.9073e-06
1.9073e-06
9.0122e-05
1.9073e-06
3.3855e-05
5.7936e-05
3.7909e-05
8.1110e-04
3.7193e-05
1.9073e-06
3.4094e-05
9.5367e-07
3.3140e-05
9.5367e-07
3.2902e-05
5.5408e-04
2.1458e-06
1.3080e-03
2.1458e-06
3.0994e-06
3.7909e-05
9.5367e-07
3.3855e-05
1.4160e-03
4.0054e-05
2.1458e-06
3.3855e-05
4.4823e-04
1.9073e-06
1.1921e-06
3.6001e-05
9.5367e-07
3.3140e-05
9.5367e-07
3.4094e-05
2.1458e-06
3.3855e-05
2.9490e-03
4.1962e-05
2.8610e-06
3.2902e-05
2.6894e-04
1.9073e-06
7.1692e-04
1.9073e-06
3.0208e-04
3.0994e-06
1.9073e-06
3.6955e-05
1.4410e-03
3.0994e-06
3.7694e-04
1.9073e-06
9.5367e-07
4.0054e-05
3.0994e-06
3.6001e-05
9.5367e-07
3.6001e-05
1.9073e-06
3.2902e-05
9.8300e-04
4.1008e-05
7.1287e-04
3.6955e-05
1.9073e-06
3.4094e-05
9.5367e-07
3.3140e-05
8.9812e-04
9.2983e-05
4.0531e-06
3.4094e-05
5.3716e-04
3.8147e-05
9.4986e-04
3.7909e-05
1.2131e-03
3.0994e-06
1.9073e-06
4.1008e-05
9.5367e-07
3.2902e-05
9.5367e-07
3.3855e-05
1.1921e-06
9.0837e-05
9.7108e-04
3.0994e-06
1.9073e-06
3.6955e-05
1.1840e-03
2.1458e-06
1.9073e-06
3.6955e-05
1.1921e-06
3.2902e-05
7.6604e-04
3.9101e-05
1.9073e-06
3.4094e-05
1.9879e-03
1.9073e-06
2.1458e-06
1.0490e-04
1.9073e-06
6.0081e-05
6.9785e-04
2.8610e-06
2.1458e-06
3.7909e-05
9.5367e-07
3.4094e-05
9.5367e-07
3.3140e-05
1.1921e-06
3.3855e-05
8.3613e-04
3.6001e-05
2.1458e-06
8.4877e-05
2.1458e-06
3.5048e-05
1.0428e-03
3.7909e-05
6.6805e-04
3.7909e-05
1.9073e-06
3.2902e-05
9.5367e-07
3.3140e-05
9.5367e-07
3.2902e-05
9.5367e-07
3.2902e-05
1.9119e-03
9.7036e-05
2.8610e-06
3.3855e-05
9.5367e-07
3.3855e-05
0.0000e+00
3.3140e-05
9.5367e-07
3.1948e-05
3.1672e-03
1.9073e-06
4.0531e-06
4.6015e-05
1.9073e-06
3.4094e-05
3.8505e-04
3.0994e-06
1.9073e-06
3.6955e-05
8.2898e-04
3.6001e-05
1.1051e-03
3.0994e-06
1.9073e-06
3.6001e-05
9.5367e-07
3.3140e-05
1.1921e-06
3.2902e-05
9.5367e-07
3.3140e-05
6.3801e-04
3.6955e-05
1.0641e-03
3.9101e-05
1.9073e-06
3.3140e-05
9.5367e-07
3.3140e-05
0.0000e+00
3.2902e-05
2.2490e-03
2.8610e-06
6.9523e-04
3.0994e-06
3.2859e-03
3.0994e-06
8.1062e-06
4.2915e-05
1.1921e-06
3.3855e-05
2.8610e-06
3.6955e-05
9.5367e-07
3.2902e-05
1.2100e-03
2.8610e-06
2.1458e-06
3.8862e-05
3.6097e-04
3.7909e-05
8.0514e-04
3.7909e-05
2.1458e-06
3.3855e-05
1.2331e-03
2.1458e-06
1.6370e-03
3.0994e-06
8.0299e-04
1.9073e-06
5.0616e-04
1.9073e-06
4.4680e-04
3.0994e-06
1.9073e-06
4.1008e-05
9.5367e-07
3.3140e-05
9.5367e-07
3.3140e-05
6.9499e-04
3.0994e-06
1.9073e-06
3.6955e-05
1.1690e-03
3.0994e-06
9.5367e-07
1.2803e-04
5.3096e-04
2.1458e-06
3.0994e-06
3.8862e-05
1.4300e-03
2.1458e-06
2.8610e-06
3.7909e-05
1.9073e-06
3.3140e-05
9.5367e-07
3.4094e-05
9.5367e-07
3.2902e-05
1.1921e-06
3.2902e-05
2.1179e-03
2.8610e-06
1.9073e-06
9.2983e-05
2.1458e-06
3.4094e-05
1.3671e-03
3.8862e-05
2.1458e-06
3.2902e-05
1.1921e-06
3.2902e-05
9.5367e-07
3.3140e-05
1.1120e-03
1.9073e-06
4.3201e-04
3.0994e-06
8.8286e-04
1.9073e-06
3.0994e-06
1.4210e-04
6.2609e-04
3.0994e-06
4.7803e-04
3.0994e-06
8.4877e-05
5.0068e-06
3.0994e-06
3.8862e-05
9.5367e-07
3.3140e-05
1.9391e-03
3.0994e-06
2.8610e-06
3.8147e-05
9.5367e-07
3.4094e-05
9.5367e-07
3.2902e-05
2.8620e-03
5.5075e-05
2.7800e-04
1.9073e-06
2.1458e-06
4.0054e-05
9.5367e-07
3.2902e-05
9.5367e-07
3.2902e-05
9.5367e-07
3.3140e-05
9.5367e-07
3.2902e-05
9.5367e-07
3.4094e-05
1.3890e-03
3.0994e-06
1.9073e-06
9.4175e-05
1.9073e-06
3.3140e-05
9.8300e-04
4.0054e-05
6.9308e-04
2.1458e-06
1.9073e-06
3.7193e-05
4.3488e-04
3.7193e-05
4.1769e-03
4.3154e-05
1.7200e-03
2.1458e-06
3.0994e-06
4.0054e-05
6.9904e-04
2.1458e-06
1.9073e-06
3.9101e-05
1.9073e-06
3.6001e-05
4.3297e-04
2.1458e-06
2.8610e-06
3.7193e-05
9.5367e-07
3.3855e-05
9.5367e-07
3.2902e-05
4.6611e-04
3.0994e-06
2.8610e-06
3.7193e-05
2.1458e-06
3.5048e-05
9.5367e-07
3.2902e-05
9.5367e-07
3.4094e-05
3.2401e-03
4.0054e-05
2.8610e-06
3.2902e-05
9.3293e-04
3.8862e-05
2.1458e-06
3.2902e-05
2.4915e-04
8.7023e-05
8.0800e-04
3.8862e-05
3.0994e-06
3.3855e-05
9.2006e-04
6.4850e-05
3.0994e-06
3.3855e-05
1.1051e-03
2.8610e-06
9.5367e-07
3.7909e-05
9.5367e-07
3.3140e-05
9.5367e-07
9.1076e-05
1.9073e-06
3.5048e-05
9.5367e-07
3.3140e-05
9.5367e-07
3.1948e-05
1.1921e-06
3.2902e-05
9.5367e-07
3.3140e-05
9.5367e-07
3.2902e-05
1.1921e-06
3.2902e-05
2.1210e-03
1.9073e-06
4.2295e-04
2.1458e-06
1.9073e-06
4.0054e-05
9.5367e-07
3.4094e-05
9.5367e-07
3.3140e-05
9.5367e-07
3.3140e-05
2.6031e-03
4.1008e-05
4.8089e-04
3.6001e-05
2.8610e-06
5.9128e-05
9.1290e-04
3.9816e-05
3.0994e-06
3.2902e-05
1.1921e-06
3.1948e-05
9.5367e-07
2.0719e-04
2.8610e-06
3.4094e-05
3.4851e-02
2.8610e-06
5.0068e-06
5.0068e-05
1.1925e-02
4.3869e-05
1.1641e-02
2.1458e-06
5.5599e-04
1.9073e-06
2.1458e-06
4.1008e-05
9.5367e-07
3.4094e-05
0.0000e+00
3.2902e-05
9.5367e-07
3.3140e-05
5.1093e-04
3.6001e-05
4.3893e-04
4.5061e-05
1.8990e-03
9.1791e-05
2.3918e-03
2.1458e-06
2.8610e-06
3.9101e-05
3.5810e-04
2.1458e-06
9.5367e-07
4.0054e-05
8.0299e-04
1.9073e-06
2.1458e-06
3.7909e-05
2.7800e-04
5.9843e-05
1.9073e-06
3.3140e-05
1.9698e-03
2.8610e-06
5.0068e-06
7.8917e-05
2.1458e-06
3.3855e-05
9.7799e-04
4.1008e-05
2.6989e-04
3.6955e-05
3.0994e-06
5.2929e-05
3.0994e-06
3.3855e-05
9.5367e-07
3.3140e-05
9.5367e-07
3.3140e-05
2.8610e-06
3.6001e-05
2.3420e-03
4.1008e-05
2.8610e-06
3.2902e-05
9.5367e-07
7.3195e-05
1.2989e-03
3.0994e-06
1.9073e-06
3.9101e-05
9.5367e-07
5.8174e-05
1.9073e-06
3.5048e-05
1.9073e-06
3.6001e-05
1.0591e-03
2.1458e-06
1.9073e-06
3.7909e-05
9.5367e-07
3.4094e-05
5.7101e-04
3.7193e-05
2.1458e-06
3.4094e-05
6.6590e-04
3.6955e-05
6.6304e-04
1.9073e-06
1.1921e-06
8.2970e-05
1.9073e-06
3.4094e-05
7.3195e-04
3.0994e-06
9.5367e-07
3.5048e-05
1.1921e-06
3.3855e-05
3.6407e-04
3.7193e-05
1.0121e-03
1.9073e-06
2.6960e-03
3.0994e-06
7.1526e-06
4.9829e-05
8.0895e-04
1.9073e-06
1.1921e-06
6.3896e-05
2.1458e-06
3.2902e-05
9.5201e-04
3.8862e-05
9.5367e-07
3.4094e-05
9.5367e-07
3.2902e-05
1.1961e-03
1.9073e-06
9.5367e-07
3.6001e-05
1.9073e-06
3.4094e-05
9.5367e-07
5.5075e-05
9.1696e-04
3.7193e-05
1.9073e-06
3.4094e-05
9.5367e-07
3.3140e-05
9.4702e-03
4.1962e-05
3.0994e-06
3.3140e-05
1.7879e-03
4.6015e-05
1.1759e-03
1.9073e-06
1.9813e-04
2.1458e-06
2.1458e-06
3.6955e-05
9.5367e-07
3.4094e-05
1.2231e-03
1.9073e-06
2.1458e-06
3.6001e-05
9.5367e-07
3.3140e-05
9.5367e-07
3.3855e-05
2.1892e-03
3.0994e-06
2.9600e-03
2.8610e-06
4.0531e-06
4.1008e-05
1.9073e-06
3.6001e-05
3.0994e-06
3.9101e-05
7.5793e-04
2.1458e-06
9.5367e-07
3.8147e-05
2.1451e-03
3.9101e-05
2.5702e-04
3.0994e-06
1.9073e-06
3.6001e-05
9.5367e-07
4.0054e-05
2.1458e-06
5.9843e-05
2.1458e-06
6.2943e-05
1.9073e-06
3.3855e-05
9.5367e-07
3.3140e-05
2.0809e-03
1.9073e-06
2.1458e-06
3.7909e-05
9.5367e-07
3.9101e-05
1.9073e-06
3.4094e-05
9.5367e-07
3.4094e-05
1.3045e-02
1.9073e-06
4.0531e-06
4.1008e-05
9.5367e-07
3.3855e-05
9.5367e-07
3.4094e-05
9.3629e-03
4.1962e-05
1.2951e-03
3.9101e-05
2.8610e-06
5.8174e-05
1.9073e-06
3.7193e-05
8.2803e-04
3.7193e-05
3.4070e-03
4.6968e-05
2.8610e-06
3.5048e-05
1.5001e-03
1.9073e-06
1.9073e-06
3.8147e-05
6.6614e-04
2.1458e-06
1.9073e-06
6.2943e-05
1.9073e-06
3.4094e-05
9.5367e-07
5.9128e-05
1.9073e-06
3.4094e-05
2.4550e-03
2.1458e-06
3.2306e-04
2.1458e-06
1.9073e-06
3.8147e-05
9.5367e-07
3.2902e-05
9.5367e-07
3.2902e-05
0.0000e+00
3.2902e-05
9.5367e-07
3.3140e-05
4.9996e-04
3.8862e-05
2.1458e-06
3.2902e-05
4.6830e-03
2.8610e-06
5.6815e-04
2.8610e-06
3.5119e-04
2.8610e-06
2.1458e-06
4.1962e-05
9.5367e-07
3.3140e-05
9.5367e-07
3.3855e-05
1.1921e-06
3.3855e-05
1.2469e-03
1.9073e-06
1.9073e-06
3.7193e-05
6.7902e-04
2.8610e-06
1.9073e-06
3.6001e-05
9.5367e-07
3.3140e-05
1.9200e-03
4.0054e-05
3.8815e-04
3.6001e-05
5.9390e-04
3.5048e-05
1.9073e-06
3.4094e-05
2.1458e-06
3.5048e-05
1.5519e-03
1.9073e-06
9.5367e-07
3.6955e-05
9.5367e-07
4.0054e-05
9.5367e-07
3.3140e-05
9.5367e-07
3.3140e-05
1.1921e-06
3.2902e-05
2.1770e-03
1.9073e-06
2.1458e-06
8.7976e-05
4.6992e-04
3.0994e-06
1.9073e-06
3.5048e-05
6.3610e-04
2.1458e-06
4.7309e-03
2.8610e-06
1.3292e-03
3.0994e-06
2.8610e-06
4.1008e-05
1.6420e-03
3.0994e-06
9.8991e-04
1.9073e-06
3.0994e-06
3.4308e-04
9.1100e-04
2.1458e-06
9.5367e-07
3.6955e-05
1.9073e-06
3.4809e-05
7.9417e-04
1.9073e-06
1.9073e-06
3.6955e-05
6.3705e-04
3.0994e-06
1.9073e-06
3.6001e-05
7.5889e-04
1.9073e-06
1.9073e-06
3.6001e-05
1.4510e-03
3.9101e-05
2.1458e-06
3.4094e-05
1.0772e-03
1.9073e-06
1.9073e-06
4.0054e-05
9.5367e-07
3.4094e-05
1.1921e-06
3.2902e-05
2.2461e-03
4.2200e-05
4.9496e-04
3.6955e-05
2.1458e-06
3.3855e-05
9.5367e-07
3.4094e-05
1.9073e-06
3.5048e-05
9.5367e-07
3.2902e-05
4.6079e-03
4.1962e-05
4.0531e-06
3.2902e-05
1.3862e-03
2.1458e-06
1.9073e-06
4.0054e-05
9.5367e-07
3.3140e-05
2.4209e-03
4.1962e-05
1.0040e-03
1.9073e-06
2.8610e-06
3.7909e-05
9.8896e-04
3.7909e-05
1.9073e-06
3.4094e-05
1.3330e-03
1.9073e-06
3.0994e-06
3.7909e-05
2.0442e-03
3.9101e-05
4.2040e-03
2.1458e-06
1.0679e-03
2.8610e-06
3.0994e-06
4.0054e-05
2.1458e-06
3.6955e-05
6.1393e-04
3.8862e-05
6.4015e-04
3.6001e-05
1.1921e-06
3.2902e-05
1.3540e-03
1.9073e-06
4.9210e-04
2.1458e-06
1.9073e-06
3.6001e-05
9.5367e-07
3.3855e-05
9.5367e-07
5.7220e-05
1.2140e-03
1.9073e-06
2.1458e-06
3.6955e-05
2.5415e-04
1.9073e-06
3.4499e-04
2.8610e-06
9.5367e-07
3.6001e-05
1.0450e-03
3.7909e-05
1.9073e-06
3.2902e-05
2.5320e-03
2.8610e-06
3.0994e-06
4.1962e-05
9.5367e-07
8.0109e-05
4.5586e-04
1.9073e-06
1.1921e-06
3.6955e-05
9.5367e-07
3.3140e-05
6.7997e-04
2.1458e-06
8.5783e-04
1.9073e-06
4.8208e-04
3.0994e-06
4.9186e-04
1.9073e-06
2.0814e-04
2.1458e-06
6.8283e-04
2.8610e-06
2.9683e-04
3.0994e-06
9.5367e-07
3.9101e-05
2.1458e-06
3.6001e-05
2.8460e-03
4.2915e-05
2.0289e-04
1.9073e-06
1.1921e-06
3.6001e-05
1.2219e-03
2.1458e-06
4.8304e-04
3.0994e-06
1.9073e-06
3.7909e-05
9.5367e-07
3.4094e-05
9.5367e-07
3.3140e-05
1.9073e-06
3.6001e-05
9.5367e-07
3.2902e-05
9.5367e-07
3.3140e-05
9.5367e-07
3.3140e-05
9.5367e-07
3.2902e-05
3.4990e-03
4.1008e-05
1.2929e-03
2.1458e-06
1.9073e-06
4.1962e-05
1.9073e-06
5.6028e-05
1.9073e-06
3.2902e-05
1.6539e-03
3.6001e-05
1.9073e-06
3.3140e-05
9.5367e-07
3.2902e-05
1.1921e-06
3.2902e-05
9.5367e-07
3.3140e-05
9.5367e-07
3.3140e-05
1.8749e-03
2.1458e-06
1.9073e-06
3.9101e-05
6.5398e-04
2.1458e-06
9.5367e-07
3.6955e-05
9.5367e-07
3.3140e-05
9.5367e-07
3.0804e-04
3.1209e-04
1.9073e-06
1.1921e-06
3.5048e-05
9.5367e-07
3.4094e-05
4.4770e-03
4.1962e-05
9.0408e-04
3.6955e-05
2.1458e-06
3.3855e-05
1.1921e-06
3.3855e-05
1.5581e-03
3.0994e-06
9.5367e-07
3.8147e-05
1.0450e-03
2.1458e-06
1.1399e-03
1.9073e-06
3.0994e-06
4.0054e-05
2.1458e-06
3.6955e-05
1.1160e-03
3.9101e-05
1.9073e-06
3.2902e-05
9.5367e-07
3.4094e-05
2.2111e-03
3.9101e-05
2.8610e-06
3.3140e-05
6.6590e-04
3.6955e-05
1.9073e-06
5.6982e-05
1.1921e-06
3.3855e-05
1.3161e-03
1.9073e-06
1.9073e-06
3.6001e-05
1.6251e-03
3.0994e-06
3.8147e-06
3.8862e-05
1.1921e-06
3.9816e-05
2.7320e-03
2.8610e-06
1.1921e-06
4.1962e-05
1.9073e-06
5.9128e-05
1.9073e-06
3.5048e-05
1.1921e-06
3.2902e-05
4.0700e-03
3.0994e-06
3.0994e-06
4.2915e-05
2.9840e-03
3.0994e-06
3.8147e-06
4.1008e-05
1.1921e-06
3.8862e-05
9.5367e-07
3.2902e-05
9.5367e-07
8.7023e-05
2.1458e-06
3.3855e-05
2.7838e-03
1.9073e-06
2.2483e-04
1.9073e-06
2.1458e-06
3.9101e-05
9.5367e-07
4.2915e-05
3.0994e-06
3.6955e-05
6.7616e-04
3.6955e-05
7.8297e-04
3.6955e-05
2.1458e-06
3.5048e-05
9.5367e-07
3.4094e-05
1.6370e-03
3.0994e-06
8.6498e-04
2.1458e-06
3.8147e-06
3.9101e-05
9.5367e-07
3.4094e-05
9.5367e-07
3.3140e-05
1.1921e-06
3.2902e-05
9.5367e-07
5.6982e-05
8.0681e-04
3.6955e-05
2.1458e-06
3.3855e-05
9.5367e-07
3.3140e-05
1.8029e-03
3.7909e-05
1.9073e-06
3.3855e-05
1.8640e-03
2.8610e-06
1.1752e-03
2.1458e-06
2.8610e-06
4.1008e-05
9.5367e-07
5.8889e-05
1.9073e-06
3.4094e-05
9.5367e-07
3.3140e-05
9.5367e-07
3.1948e-05
0.0000e+00
3.2902e-05
1.3900e-03
2.8610e-06
1.1921e-06
3.7909e-05
9.5367e-07
3.4094e-05
1.4870e-03
3.0994e-06
3.0994e-06
3.7909e-05
9.5367e-07
3.3140e-05
9.5367e-07
3.1948e-05
9.5367e-07
3.2902e-05
2.0859e-03
3.8862e-05
1.9073e-06
3.2902e-05
1.1921e-06
3.2902e-05
1.3540e-03
1.9073e-06
3.0994e-06
3.7909e-05
5.1191e-03
2.1458e-06
3.0994e-06
3.9816e-05
1.1921e-06
3.2902e-05
9.5367e-07
3.2902e-05
9.5367e-07
3.4094e-05
1.9920e-03
2.1458e-06
9.5367e-07
3.6955e-05
9.5367e-07
5.4836e-05
1.5001e-03
2.1458e-06
1.9073e-06
3.6955e-05
9.5367e-07
1.9121e-04
2.8610e-06
3.5048e-05
2.8219e-03
1.9073e-06
3.0994e-06
4.1008e-05
1.9073e-06
3.4094e-05
9.5367e-07
3.4094e-05
5.6100e-04
6.6042e-05
2.6512e-04
3.6001e-05
6.7711e-04
3.6001e-05
1.0078e-03
3.8862e-05
1.0500e-03
2.8610e-06
1.9073e-06
3.6955e-05
1.9073e-06
3.4094e-05
3.9196e-04
1.9073e-06
1.9073e-06
3.8147e-05
1.9073e-06
3.6001e-05
9.5367e-07
3.4094e-05
1.5130e-03
1.9073e-06
2.1458e-06
3.7909e-05
9.5367e-07
3.3855e-05
4.1721e-03
4.1962e-05
1.4901e-03
2.1458e-06
2.2388e-04
1.9073e-06
3.8600e-04
1.9073e-06
1.9073e-06
6.5088e-05
9.1600e-04
3.0994e-06
3.0994e-06
4.0054e-05
1.1921e-06
3.3855e-05
9.5367e-07
3.3140e-05
4.9996e-04
2.1458e-06
8.1897e-04
1.9073e-06
9.5367e-07
4.0054e-05
8.5902e-04
2.1458e-06
9.5367e-07
3.7193e-05
1.1921e-06
5.7936e-05
2.1458e-06
3.5048e-05
9.5367e-07
3.3140e-05
5.1713e-04
3.7909e-05
2.8610e-06
3.4094e-05
3.3092e-04
1.9073e-06
2.1458e-06
3.6001e-05
1.8787e-04
3.1400e-04
3.0994e-06
6.5804e-05
3.0994e-06
3.4094e-05
2.7111e-03
3.0994e-06
2.8610e-06
4.1008e-05
5.2290e-03
3.0994e-06
1.0931e-03
2.1458e-06
3.0994e-06
4.2915e-05
9.5367e-07
3.3140e-05
9.5367e-07
3.4094e-05
9.5367e-07
7.0095e-05
2.8610e-06
3.3855e-05
9.5367e-07
3.4809e-05
1.7052e-03
4.1008e-05
3.0994e-06
3.4809e-05
2.8419e-04
3.6955e-05
3.5906e-04
3.8147e-05
9.5367e-07
3.3140e-05
4.3988e-04
2.8610e-06
1.9073e-06
3.7193e-05
9.5367e-07
3.4094e-05
1.6212e-04
3.0994e-06
9.5367e-07
3.4094e-05
9.5367e-07
3.2902e-05
9.5367e-07
3.3140e-05
2.1458e-06
5.1975e-05
1.9073e-06
5.4121e-05
1.4071e-03
3.7909e-05
7.5889e-04
2.1458e-06
2.3794e-04
1.9073e-06
2.1458e-06
3.6001e-05
9.5367e-07
3.3140e-05
4.2701e-04
3.7193e-05
1.8692e-04
2.1458e-06
9.5367e-07
3.5048e-05
4.2510e-04
2.1458e-06
9.5367e-07
9.7036e-05
6.1035e-05
3.6001e-05
2.4414e-04
3.6001e-05
1.9073e-06
3.4094e-05
9.5367e-07
3.3140e-05
3.8385e-04
1.9073e-06
3.0708e-04
2.1458e-06
2.4104e-04
1.9073e-06
2.1458e-06
3.6955e-05
1.9073e-06
8.0109e-05
2.5201e-04
3.6955e-05
3.0994e-06
3.4809e-05
1.1921e-06
3.2902e-05
3.7503e-04
3.6001e-05
1.1015e-04
2.1458e-06
1.9073e-06
3.6001e-05
1.1921e-06
3.3855e-05
2.0759e-03
3.0994e-06
3.0994e-06
4.1008e-05
8.2588e-04
2.1458e-06
9.5367e-07
3.8147e-05
9.5367e-07
3.3855e-05
1.1921e-06
3.2902e-05
9.5367e-07
3.3140e-05
9.5367e-07
3.2902e-05
1.1921e-06
3.2902e-05
1.9073e-06
3.4809e-05
1.1921e-06
3.2902e-05
9.5367e-07
3.1948e-05
2.9380e-03
3.0994e-06
3.0994e-06
4.1962e-05
1.9073e-06
3.4094e-05
9.5367e-07
3.3140e-05
9.5367e-07
3.4094e-05
4.1986e-04
3.0994e-06
1.9073e-06
3.8147e-05
1.9073e-06
3.4094e-05
9.5367e-07
3.3140e-05
3.4714e-04
3.6001e-05
2.1458e-06
3.2902e-05
9.5367e-07
3.2902e-05
1.1051e-03
3.0994e-06
1.3685e-04
2.8610e-06
2.1458e-06
5.8889e-05
2.1458e-06
3.3855e-05
4.2105e-04
1.9073e-06
9.5367e-07
3.6001e-05
1.1921e-06
3.3855e-05
1.1921e-06
3.2902e-05
4.0913e-04
3.0994e-06
1.9073e-06
3.6001e-05
2.0790e-04
3.6001e-05
9.4986e-04
2.8610e-06
1.1921e-06
3.6955e-05
9.5367e-07
3.3140e-05
9.5367e-07
3.2902e-05
5.2214e-04
1.9073e-06
7.3910e-04
2.1458e-06
2.2602e-04
3.0994e-06
3.2210e-04
3.0994e-06
2.7895e-04
2.1458e-06
9.5367e-07
3.6955e-05
9.5367e-07
5.2929e-05
1.9073e-06
3.5048e-05
9.5367e-07
3.2902e-05
9.5367e-07
3.2902e-05
1.1921e-06
3.1948e-05
3.3092e-04
3.6955e-05
1.9073e-06
3.2902e-05
9.5367e-07
3.4094e-05
9.5367e-07
5.5075e-05
2.8610e-06
3.4094e-05
9.5367e-07
3.3140e-05
9.6393e-04
3.6001e-05
1.9073e-06
3.3140e-05
9.5367e-07
3.2902e-05
9.5367e-07
3.3140e-05
9.5367e-07
3.3140e-05
2.1458e-06
3.5048e-05
1.4918e-03
1.9073e-06
2.1458e-06
3.6955e-05
1.9073e-06
9.7990e-05
3.0994e-06
3.3855e-05
1.1921e-06
3.2902e-05
7.5006e-04
3.0994e-06
1.9073e-06
3.6001e-05
9.5367e-07
5.6982e-05
1.2016e-04
1.9073e-06
1.1921e-06
3.6001e-05
4.4894e-04
3.7909e-05
1.1015e-04
3.7909e-05
1.2959e+00
