3.0000e+00	3.0000e+00	2.9185e+00	3.3975e+00	7.010133e-06	5.946146e-01	1.964128e-05	5.946146e-01	3.569082e-01	5.751750e-01	0	
3.0000e+00	3.0000e+00	2.8919e+00	3.5569e+00	4.350702e-06	3.638547e-01	1.964128e-05	3.638547e-01	2.215081e-01	4.968100e-01	0	
3.0000e+00	3.0000e+00	2.5714e+00	1.9352e+00	8.970382e-04	1.620628e-02	1.964128e-05	1.620628e-02	4.567107e+01	5.946776e-01	1	
2.5714e+00	1.9352e+00	3.1419e+00	1.6433e+00	2.963713e-04	2.756293e-01	8.970382e-04	2.756293e-01	3.303887e-01	5.878692e-01	0	
2.5714e+00	1.9352e+00	2.6101e+00	2.2855e+00	3.874938e-04	6.747838e-01	8.970382e-04	6.747838e-01	4.319702e-01	3.161920e-01	1	
2.6101e+00	2.2855e+00	2.8063e+00	2.3579e+00	1.925005e-04	8.675974e-01	3.874938e-04	8.675974e-01	4.967834e-01	9.065658e-01	0	
2.6101e+00	2.2855e+00	2.5888e+00	2.0324e+00	7.073469e-04	8.130610e-01	3.874938e-04	8.130610e-01	1.825441e+00	2.244483e-01	1	
2.5888e+00	2.0324e+00	2.4663e+00	2.3500e+00	4.807089e-04	6.925084e-01	7.073469e-04	6.925084e-01	6.795942e-01	6.388952e-01	1	
2.4663e+00	2.3500e+00	1.7240e+00	1.4334e+00	1.289027e-02	1.287734e-02	4.807089e-04	1.287734e-02	2.681514e+01	2.014099e-01	1	
1.7240e+00	1.4334e+00	1.5597e+00	1.4226e+00	1.714505e-02	9.138679e-01	1.289027e-02	9.138679e-01	1.330076e+00	3.180907e-01	1	
1.5597e+00	1.4226e+00	1.7404e+00	9.5543e-01	2.217630e-02	4.541129e-01	1.714505e-02	4.541129e-01	1.293452e+00	8.797797e-01	1	
1.7404e+00	9.5543e-01	1.5986e+00	1.0945e+00	2.436638e-02	8.793236e-01	2.217630e-02	8.793236e-01	1.098758e+00	6.876258e-01	1	
1.5986e+00	1.0945e+00	1.1469e+00	1.3008e+00	3.537752e-02	4.603977e-01	2.436638e-02	4.603977e-01	1.451899e+00	2.797807e-01	1	
1.1469e+00	1.3008e+00	1.3503e+00	1.3894e+00	2.436174e-02	8.529795e-01	3.537752e-02	8.529795e-01	6.886221e-01	9.890503e-01	0	
1.1469e+00	1.3008e+00	2.0956e+00	9.7205e-01	1.104141e-02	4.261703e-02	3.537752e-02	4.261703e-02	3.121024e-01	9.553519e-01	0	
1.1469e+00	1.3008e+00	1.1526e+00	1.5051e+00	2.639059e-02	8.730484e-01	3.537752e-02	8.730484e-01	7.459704e-01	2.822137e-01	1	
1.1526e+00	1.5051e+00	1.0741e+00	6.8118e-01	7.088034e-02	1.169739e-01	2.639059e-02	1.169739e-01	2.685819e+00	5.749237e-01	1	
1.0741e+00	6.8118e-01	1.2906e+00	2.7293e-01	6.667483e-02	5.104193e-01	7.088034e-02	5.104193e-01	9.406675e-01	9.130786e-02	1	
1.2906e+00	2.7293e-01	1.5692e+00	4.6052e-02	4.641563e-02	6.644984e-01	6.667483e-02	6.644984e-01	6.961492e-01	7.793034e-02	1	
1.5692e+00	4.6052e-02	2.0772e+00	-1.8838e-01	1.808021e-02	3.740293e-01	4.641563e-02	3.740293e-01	3.895284e-01	9.364492e-01	0	
1.5692e+00	4.6052e-02	1.1362e+00	1.5867e-01	8.241505e-02	5.322197e-01	4.641563e-02	5.322197e-01	1.775588e+00	9.106583e-01	1	
1.1362e+00	1.5867e-01	1.0171e+00	5.0607e-01	8.347891e-02	6.525908e-01	8.241505e-02	6.525908e-01	1.012909e+00	4.590730e-01	1	
1.0171e+00	5.0607e-01	1.3825e+00	2.9396e-01	5.861929e-02	5.694496e-01	8.347891e-02	5.694496e-01	7.022048e-01	5.521711e-01	1	
1.3825e+00	2.9396e-01	1.7101e+00	3.5708e-01	3.460296e-02	7.024709e-01	5.861929e-02	7.024709e-01	5.902998e-01	6.234274e-01	0	
1.3825e+00	2.9396e-01	2.7045e+00	8.0804e-01	2.963248e-03	1.849493e-03	5.861929e-02	1.849493e-03	5.055074e-02	4.148746e-01	0	
1.3825e+00	2.9396e-01	1.2087e+00	4.9126e-01	6.794847e-02	8.014657e-01	5.861929e-02	8.014657e-01	1.159148e+00	2.936651e-01	1	
1.2087e+00	4.9126e-01	1.1423e+00	1.3444e+00	3.357377e-02	1.009091e-01	6.794847e-02	1.009091e-01	4.941063e-01	4.439083e-02	1	
1.1423e+00	1.3444e+00	1.5161e+00	1.6890e+00	1.211083e-02	4.434321e-01	3.357377e-02	4.434321e-01	3.607231e-01	5.046219e-02	1	
1.5161e+00	1.6890e+00	1.6588e+00	1.8141e+00	7.756560e-03	8.888797e-01	1.211083e-02	8.888797e-01	6.404645e-01	9.165726e-01	0	
1.5161e+00	1.6890e+00	1.2395e+00	2.0971e+00	8.189644e-03	4.654397e-01	1.211083e-02	4.654397e-01	6.762246e-01	7.306027e-01	0	
1.5161e+00	1.6890e+00	1.3723e+00	1.2286e+00	2.918120e-02	4.806933e-01	1.211083e-02	4.806933e-01	2.409512e+00	3.676031e-01	1	
1.3723e+00	1.2286e+00	1.5790e+00	1.0636e+00	2.598855e-02	7.995401e-01	2.918120e-02	7.995401e-01	8.905922e-01	5.146823e-01	1	
1.5790e+00	1.0636e+00	2.1044e+00	1.0861e+00	9.637679e-03	4.190339e-01	2.598855e-02	4.190339e-01	3.708433e-01	2.276431e-02	1	
2.1044e+00	1.0861e+00	2.4039e+00	1.2416e+00	4.095268e-03	6.970050e-01	9.637679e-03	6.970050e-01	4.249227e-01	3.809920e-01	1	
2.4039e+00	1.2416e+00	1.5560e+00	1.6337e+00	1.248765e-02	6.507461e-02	4.095268e-03	6.507461e-02	3.049287e+00	6.259436e-01	1	
1.5560e+00	1.6337e+00	1.4020e+00	1.8359e+00	1.104347e-02	8.129344e-01	1.248765e-02	8.129344e-01	8.843515e-01	2.936873e-01	1	
1.4020e+00	1.8359e+00	1.5725e+00	1.9160e+00	7.374110e-03	8.903393e-01	1.104347e-02	8.903393e-01	6.677349e-01	4.045201e-01	1	
1.5725e+00	1.9160e+00	1.3862e+00	2.4257e+00	3.212321e-03	3.962923e-01	7.374110e-03	3.962923e-01	4.356215e-01	5.476597e-01	0	
1.5725e+00	1.9160e+00	1.0932e+00	1.6644e+00	2.191604e-02	3.981129e-01	7.374110e-03	3.981129e-01	2.972025e+00	1.453426e-01	1	
1.0932e+00	1.6644e+00	1.0735e+00	1.7194e+00	2.039815e-02	9.841724e-01	2.191604e-02	9.841724e-01	9.307409e-01	7.163826e-01	1	
1.0735e+00	1.7194e+00	1.4172e+00	1.9745e+00	8.299610e-03	5.610917e-01	2.039815e-02	5.610917e-01	4.068805e-01	3.810585e-01	1	
1.4172e+00	1.9745e+00	1.2793e+00	2.7947e+00	1.414006e-03	1.145243e-01	8.299610e-03	1.145243e-01	1.703702e-01	3.229419e-01	0	
1.4172e+00	1.9745e+00	1.9756e+00	1.7977e+00	4.492816e-03	3.404747e-01	8.299610e-03	3.404747e-01	5.413286e-01	4.877723e-01	1	
1.9756e+00	1.7977e+00	2.8439e+00	1.4941e+00	9.137462e-04	7.071689e-02	4.492816e-03	7.071689e-02	2.033794e-01	1.693412e-01	1	
2.8439e+00	1.4941e+00	3.3859e+00	1.3718e+00	2.012193e-04	3.789957e-01	9.137462e-04	3.789957e-01	2.202136e-01	2.648717e-01	0	
2.8439e+00	1.4941e+00	2.4465e+00	2.3451e+00	5.104330e-04	6.317872e-02	9.137462e-04	6.317872e-02	5.586158e-01	6.470407e-01	0	
2.8439e+00	1.4941e+00	3.3085e+00	1.2973e+00	2.880419e-04	4.488909e-01	9.137462e-04	4.488909e-01	3.152319e-01	4.381745e-01	0	
2.8439e+00	1.4941e+00	3.0206e+00	2.0536e+00	2.017415e-04	3.392414e-01	9.137462e-04	3.392414e-01	2.207851e-01	9.586426e-01	0	
2.8439e+00	1.4941e+00	2.7070e+00	1.3842e+00	1.565230e-03	9.033413e-01	9.137462e-04	9.033413e-01	1.712981e+00	3.322158e-01	1	
2.7070e+00	1.3842e+00	2.1330e+00	1.9380e+00	2.502445e-03	1.362466e-01	1.565230e-03	1.362466e-01	1.598771e+00	4.822521e-01	1	
2.1330e+00	1.9380e+00	2.5300e+00	1.5262e+00	2.023286e-03	3.578218e-01	2.502445e-03	3.578218e-01	8.085237e-01	4.239247e-01	1	
2.5300e+00	1.5262e+00	2.9787e+00	1.4150e+00	6.923705e-04	5.101022e-01	2.023286e-03	5.101022e-01	3.422010e-01	7.286038e-02	1	
2.9787e+00	1.4150e+00	2.4875e+00	1.6853e+00	1.743621e-03	3.724302e-01	6.923705e-04	3.724302e-01	2.518334e+00	6.646063e-01	1	
2.4875e+00	1.6853e+00	2.7100e+00	1.1782e+00	2.021162e-03	3.815548e-01	1.743621e-03	3.815548e-01	1.159176e+00	4.884809e-01	1	
2.7100e+00	1.1782e+00	3.6173e+00	1.2879e+00	1.000666e-04	7.314719e-02	2.021162e-03	7.314719e-02	4.950946e-02	9.121909e-01	0	
2.7100e+00	1.1782e+00	2.4921e+00	2.2031e+00	6.299864e-04	3.220036e-02	2.021162e-03	3.220036e-02	3.116951e-01	1.962951e-01	1	
2.4921e+00	2.2031e+00	2.4071e+00	2.1117e+00	9.448088e-04	9.474794e-01	6.299864e-04	9.474794e-01	1.499729e+00	5.381770e-01	1	
2.4071e+00	2.1117e+00	1.9622e+00	1.6215e+00	6.235402e-03	2.528636e-01	9.448088e-04	2.528636e-01	6.599644e+00	3.952581e-01	1	
1.9622e+00	1.6215e+00	1.9531e+00	1.2301e+00	1.108901e-02	6.162005e-01	6.235402e-03	6.162005e-01	1.778396e+00	4.387416e-01	1	
1.9531e+00	1.2301e+00	2.1267e+00	1.2096e+00	7.979870e-03	9.041431e-01	1.108901e-02	9.041431e-01	7.196197e-01	5.474846e-01	1	
2.1267e+00	1.2096e+00	2.0469e+00	1.0736e+00	1.100789e-02	9.204127e-01	7.979870e-03	9.204127e-01	1.379457e+00	9.976649e-02	1	
2.0469e+00	1.0736e+00	1.8758e+00	1.4242e+00	9.938865e-03	6.182906e-01	1.100789e-02	6.182906e-01	9.028855e-01	4.733833e-01	1	
1.8758e+00	1.4242e+00	2.3225e+00	1.2308e+00	5.030799e-03	4.744396e-01	9.938865e-03	4.744396e-01	5.061744e-01	6.685146e-01	0	
1.8758e+00	1.4242e+00	2.4670e+00	1.3345e+00	3.115757e-03	3.254607e-01	9.938865e-03	3.254607e-01	3.134922e-01	6.785092e-01	0	
1.8758e+00	1.4242e+00	2.1184e+00	1.2841e+00	7.400399e-03	7.783272e-01	9.938865e-03	7.783272e-01	7.445919e-01	4.274344e-01	1	
2.1184e+00	1.2841e+00	2.3507e+00	1.8674e+00	1.756639e-03	2.902183e-01	7.400399e-03	2.902183e-01	2.373709e-01	6.884423e-01	0	
2.1184e+00	1.2841e+00	2.9391e+00	1.3202e+00	8.863462e-04	1.207721e-01	7.400399e-03	1.207721e-01	1.197701e-01	8.724123e-01	0	
2.1184e+00	1.2841e+00	1.9537e+00	1.0208e+00	1.401858e-02	7.358591e-01	7.400399e-03	7.358591e-01	1.894301e+00	6.442518e-01	1	
1.9537e+00	1.0208e+00	2.1984e+00	1.2503e+00	6.500038e-03	6.997964e-01	1.401858e-02	6.997964e-01	4.636729e-01	9.759630e-01	0	
1.9537e+00	1.0208e+00	2.1469e+00	1.3682e+00	6.229248e-03	6.070886e-01	1.401858e-02	6.070886e-01	4.443564e-01	8.393192e-01	0	
1.9537e+00	1.0208e+00	1.6982e+00	1.2559e+00	1.710261e-02	6.825448e-01	1.401858e-02	6.825448e-01	1.219996e+00	9.520175e-01	1	
1.6982e+00	1.2559e+00	1.6635e+00	7.0659e-01	3.108416e-02	3.859709e-01	1.710261e-02	3.859709e-01	1.817509e+00	2.952502e-01	1	
1.6635e+00	7.0659e-01	1.4497e+00	5.7383e-01	4.720252e-02	8.161251e-01	3.108416e-02	8.161251e-01	1.518539e+00	1.479450e-01	1	
1.4497e+00	5.7383e-01	1.2014e+00	7.7004e-01	5.749920e-02	7.273712e-01	4.720252e-02	7.273712e-01	1.218138e+00	3.849266e-01	1	
1.2014e+00	7.7004e-01	1.0804e+00	6.7368e-01	7.076290e-02	9.230804e-01	5.749920e-02	9.230804e-01	1.230676e+00	8.367439e-02	1	
1.0804e+00	6.7368e-01	1.7305e-02	7.1196e-01	1.235057e-01	2.896662e-02	7.076290e-02	2.896662e-02	1.745346e+00	5.137588e-02	1	
1.7305e-02	7.1196e-01	-2.5596e-01	1.0370e+00	8.996220e-02	5.661420e-01	1.235057e-01	5.661420e-01	7.284052e-01	6.758501e-01	1	
-2.5596e-01	1.0370e+00	-7.8319e-01	1.3837e+00	4.496531e-02	2.866595e-01	8.996220e-02	2.866595e-01	4.998245e-01	7.550618e-01	0	
-2.5596e-01	1.0370e+00	-1.3744e+00	1.7389e+00	1.364694e-02	4.279666e-03	8.996220e-02	4.279666e-03	1.516964e-01	5.914018e-01	0	
-2.5596e-01	1.0370e+00	-6.5683e-01	1.3344e+00	5.265756e-02	4.566441e-01	8.996220e-02	4.566441e-01	5.853298e-01	9.192418e-01	0	
-2.5596e-01	1.0370e+00	-7.5966e-01	1.0496e+00	6.874835e-02	4.499367e-01	8.996220e-02	4.499367e-01	7.641915e-01	7.954731e-01	0	
-2.5596e-01	1.0370e+00	3.3604e-01	8.0632e-01	1.086727e-01	2.817186e-01	8.996220e-02	2.817186e-01	1.207981e+00	3.861065e-01	1	
3.3604e-01	8.0632e-01	6.0039e-01	1.1202e+00	7.096868e-02	5.877115e-01	1.086727e-01	5.877115e-01	6.530499e-01	7.802170e-01	0	
3.3604e-01	8.0632e-01	9.0073e-01	2.2279e-01	1.034823e-01	1.267051e-01	1.086727e-01	1.267051e-01	9.522384e-01	8.027190e-01	1	
9.0073e-01	2.2279e-01	8.8050e-01	2.1869e-01	1.054589e-01	9.933950e-01	1.034823e-01	9.933950e-01	1.019101e+00	8.046537e-01	1	
8.8050e-01	2.1869e-01	1.4766e+00	2.3534e-01	5.204371e-02	3.274604e-01	1.054589e-01	3.274604e-01	4.934976e-01	6.994009e-01	0	
8.8050e-01	2.1869e-01	1.2052e+00	-1.8360e-01	7.570210e-02	4.315242e-01	1.054589e-01	4.315242e-01	7.178352e-01	1.925517e-01	1	
1.2052e+00	-1.8360e-01	1.1060e+00	-7.2451e-01	6.640410e-02	3.866160e-01	7.570210e-02	3.866160e-01	8.771764e-01	7.893325e-01	1	
1.1060e+00	-7.2451e-01	1.4041e+00	-3.4778e-01	5.590297e-02	4.836078e-01	6.640410e-02	4.836078e-01	8.418603e-01	8.194333e-01	1	
1.4041e+00	-3.4778e-01	1.2465e+00	1.1907e-01	7.266467e-02	4.658168e-01	5.590297e-02	4.658168e-01	1.299835e+00	9.361731e-01	1	
1.2465e+00	1.1907e-01	1.3712e+00	-1.9005e-03	6.216719e-02	9.052379e-01	7.266467e-02	9.052379e-01	8.555354e-01	4.396852e-01	1	
1.3712e+00	-1.9005e-03	1.1523e+00	-9.5584e-01	5.189468e-02	4.984623e-02	6.216719e-02	4.984623e-02	8.347600e-01	7.252977e-01	1	
1.1523e+00	-9.5584e-01	1.1399e+00	-8.3900e-01	5.845685e-02	9.527156e-01	5.189468e-02	9.527156e-01	1.126452e+00	7.559422e-01	1	
1.1399e+00	-8.3900e-01	8.2175e-01	-1.3792e+00	4.386588e-02	2.912821e-01	5.845685e-02	2.912821e-01	7.503976e-01	2.637822e-01	1	
8.2175e-01	-1.3792e+00	5.0897e-01	-9.5013e-01	8.903019e-02	4.121628e-01	4.386588e-02	4.121628e-01	2.029600e+00	8.259543e-02	1	
5.0897e-01	-9.5013e-01	2.8327e-01	-4.7853e-01	1.363552e-01	4.233623e-01	8.903019e-02	4.233623e-01	1.531562e+00	9.985144e-01	1	
2.8327e-01	-4.7853e-01	-3.3616e-01	1.8825e-01	1.477698e-01	7.474242e-02	1.363552e-01	7.474242e-02	1.083712e+00	9.732362e-02	1	
-3.3616e-01	1.8825e-01	2.8053e-01	-1.7595e-01	1.506639e-01	2.002359e-01	1.477698e-01	2.002359e-01	1.019585e+00	1.546848e-01	1	
2.8053e-01	-1.7595e-01	-2.9088e-01	-8.5431e-01	1.059162e-01	8.511971e-02	1.506639e-01	8.511971e-02	7.029961e-01	4.877119e-01	1	
-2.9088e-01	-8.5431e-01	-5.5074e-01	-1.0886e+00	7.562125e-02	6.785515e-01	1.059162e-01	6.785515e-01	7.139727e-01	6.843975e-02	1	
-5.5074e-01	-1.0886e+00	-1.1536e-01	-1.0838e+00	8.787817e-02	5.500590e-01	7.562125e-02	5.500590e-01	1.162083e+00	9.599688e-01	1	
-1.1536e-01	-1.0838e+00	-4.5837e-01	-8.7752e-01	9.749542e-02	6.029578e-01	8.787817e-02	6.029578e-01	1.109438e+00	8.796401e-01	1	
-4.5837e-01	-8.7752e-01	4.3763e-01	-1.2271e+00	6.811814e-02	5.524579e-02	9.749542e-02	5.524579e-02	6.986804e-01	2.011307e-01	1	
4.3763e-01	-1.2271e+00	4.8032e-01	-1.9722e+00	2.028031e-02	1.744430e-01	6.811814e-02	1.744430e-01	2.977225e-01	9.398381e-01	0	
4.3763e-01	-1.2271e+00	5.2949e-01	-1.4518e+00	4.822282e-02	8.274013e-01	6.811814e-02	8.274013e-01	7.079292e-01	8.455208e-01	0	
4.3763e-01	-1.2271e+00	8.0277e-01	-1.1364e+00	6.045780e-02	6.391359e-01	6.811814e-02	6.391359e-01	8.875434e-01	7.238564e-01	1	
8.0277e-01	-1.1364e+00	1.1962e+00	-7.7888e-01	5.746295e-02	4.113058e-01	6.045780e-02	4.113058e-01	9.504637e-01	1.507790e-01	1	
1.1962e+00	-7.7888e-01	8.1781e-01	-6.5704e-01	9.180035e-02	6.071137e-01	5.746295e-02	6.071137e-01	1.597557e+00	2.318773e-01	1	
8.1781e-01	-6.5704e-01	6.9638e-01	-2.7723e-01	1.201782e-01	6.052106e-01	9.180035e-02	6.052106e-01	1.309126e+00	4.397036e-01	1	
6.9638e-01	-2.7723e-01	5.5186e-01	-4.8328e-01	1.216107e-01	8.160777e-01	1.201782e-01	8.160777e-01	1.011920e+00	7.658099e-02	1	
5.5186e-01	-4.8328e-01	2.8540e-01	-2.4769e-01	1.481874e-01	6.699027e-01	1.216107e-01	6.699027e-01	1.218539e+00	6.803750e-01	1	
2.8540e-01	-2.4769e-01	3.5988e-01	-5.7802e-02	1.489264e-01	8.734463e-01	1.481874e-01	8.734463e-01	1.004987e+00	8.308800e-01	1	
3.5988e-01	-5.7802e-02	2.6699e-01	1.2334e-01	1.524185e-01	8.738929e-01	1.489264e-01	8.738929e-01	1.023449e+00	7.177228e-01	1	
2.6699e-01	1.2334e-01	-3.2669e-02	9.7063e-02	1.583225e-01	7.497148e-01	1.524185e-01	7.497148e-01	1.038735e+00	5.599689e-01	1	
-3.2669e-02	9.7063e-02	4.1291e-01	-1.0971e-01	1.452728e-01	4.679734e-01	1.583225e-01	4.679734e-01	9.175753e-01	6.232118e-01	1	
4.1291e-01	-1.0971e-01	9.5038e-01	-1.4225e-01	1.002984e-01	4.019850e-01	1.452728e-01	4.019850e-01	6.904145e-01	2.670889e-01	1	
9.5038e-01	-1.4225e-01	8.1337e-01	-1.5919e-01	1.128912e-01	9.372018e-01	1.002984e-01	9.372018e-01	1.125553e+00	9.951434e-01	1	
8.1337e-01	-1.5919e-01	1.1792e+00	3.6765e-01	7.422279e-02	2.750361e-01	1.128912e-01	2.750361e-01	6.574718e-01	6.444739e-01	1	
1.1792e+00	3.6765e-01	7.5816e-01	1.1702e+00	6.020391e-02	7.636737e-02	7.422279e-02	7.636737e-02	8.111242e-01	6.063148e-01	1	
7.5816e-01	1.1702e+00	7.3967e-01	1.2893e+00	5.273036e-02	9.506130e-01	6.020391e-02	9.506130e-01	8.758628e-01	9.724309e-01	0	
7.5816e-01	1.1702e+00	1.3139e+00	2.1547e+00	6.588234e-03	1.833035e-02	6.020391e-02	1.833035e-02	1.094320e-01	1.730592e-01	0	
7.5816e-01	1.1702e+00	1.1291e+00	1.1334e+00	4.426493e-02	6.443517e-01	6.020391e-02	6.443517e-01	7.352501e-01	6.901652e-01	1	
1.1291e+00	1.1334e+00	8.8822e-01	9.0071e-01	7.150529e-02	7.006402e-01	4.426493e-02	7.006402e-01	1.615394e+00	5.806591e-01	1	
8.8822e-01	9.0071e-01	6.2857e-01	1.3014e+00	5.600771e-02	4.878554e-01	7.150529e-02	4.878554e-01	7.832667e-01	4.040346e-01	1	
6.2857e-01	1.3014e+00	6.0296e-01	1.5882e+00	3.759825e-02	7.677380e-01	5.600771e-02	7.677380e-01	6.713050e-01	6.608082e-01	1	
6.0296e-01	1.5882e+00	9.1083e-01	2.1760e+00	9.852121e-03	2.512886e-01	3.759825e-02	2.512886e-01	2.620367e-01	1.505923e-01	1	
9.1083e-01	2.1760e+00	1.1387e+00	1.9491e+00	1.245352e-02	7.201351e-01	9.852121e-03	7.201351e-01	1.264044e+00	9.765200e-01	1	
1.1387e+00	1.9491e+00	1.1047e+00	1.5171e+00	2.735712e-02	5.530676e-01	1.245352e-02	5.530676e-01	2.196738e+00	2.881923e-02	1	
1.1047e+00	1.5171e+00	9.1388e-01	1.7557e+00	2.244543e-02	7.430740e-01	2.735712e-02	7.430740e-01	8.204604e-01	5.611886e-01	1	
9.1388e-01	1.7557e+00	5.1888e-01	1.1685e+00	7.028881e-02	2.079493e-01	2.244543e-02	2.079493e-01	3.131542e+00	9.224276e-01	1	
5.1888e-01	1.1685e+00	8.2170e-01	1.2428e+00	5.245694e-02	7.340813e-01	7.028881e-02	7.340813e-01	7.463056e-01	2.539030e-01	1	
8.2170e-01	1.2428e+00	5.8713e-01	6.4691e-01	1.086647e-01	2.761222e-01	5.245694e-02	2.761222e-01	2.071503e+00	4.570198e-01	1	
5.8713e-01	6.4691e-01	1.8233e-01	9.4888e-01	9.979014e-02	4.482893e-01	1.086647e-01	4.482893e-01	9.183309e-01	7.257306e-01	1	
1.8233e-01	9.4888e-01	-2.6871e-01	9.2488e-01	1.000907e-01	5.257957e-01	9.979014e-02	5.257957e-01	1.003012e+00	9.085029e-01	1	
-2.6871e-01	9.2488e-01	2.9149e-01	1.5517e+00	4.576336e-02	1.092758e-01	1.000907e-01	1.092758e-01	4.572187e-01	6.601359e-01	0	
-2.6871e-01	9.2488e-01	-2.4198e-01	1.3666e+00	6.075555e-02	5.394723e-01	1.000907e-01	5.394723e-01	6.070048e-01	6.348957e-01	0	
-2.6871e-01	9.2488e-01	-2.4060e-01	1.4578e+00	5.343078e-02	4.085329e-01	1.000907e-01	4.085329e-01	5.338235e-01	2.125144e-01	1	
-2.4060e-01	1.4578e+00	-2.4527e-01	1.2634e+00	6.952337e-02	8.839284e-01	5.343078e-02	8.839284e-01	1.301186e+00	2.573800e-01	1	
-2.4527e-01	1.2634e+00	1.6426e-02	9.4208e-01	1.021037e-01	5.815639e-01	6.952337e-02	5.815639e-01	1.468624e+00	6.966675e-02	1	
1.6426e-02	9.4208e-01	1.4911e-01	1.1385e+00	8.232250e-02	8.345119e-01	1.021037e-01	8.345119e-01	8.062638e-01	5.379362e-01	1	
1.4911e-01	1.1385e+00	2.3150e-01	1.7138e+00	3.567632e-02	3.461816e-01	8.232250e-02	3.461816e-01	4.333727e-01	4.179910e-01	1	
2.3150e-01	1.7138e+00	3.5818e-01	1.3233e+00	6.218491e-02	5.874684e-01	3.567632e-02	5.874684e-01	1.743030e+00	8.023847e-01	1	
3.5818e-01	1.3233e+00	4.7044e-01	8.6842e-01	9.772389e-02	5.008626e-01	6.218491e-02	5.008626e-01	1.571505e+00	6.102263e-01	1	
4.7044e-01	8.6842e-01	5.6332e-01	9.0668e-01	9.003364e-02	9.638446e-01	9.772389e-02	9.638446e-01	9.213064e-01	1.813897e-01	1	
5.6332e-01	9.0668e-01	2.0504e-01	6.4877e-01	1.262679e-01	5.410226e-01	9.003364e-02	5.410226e-01	1.402452e+00	3.337284e-03	1	
2.0504e-01	6.4877e-01	-7.6880e-01	6.1058e-01	9.829302e-02	5.112603e-02	1.262679e-01	5.112603e-02	7.784485e-01	6.275857e-01	1	
-7.6880e-01	6.1058e-01	-1.1348e+00	1.3174e+00	3.510033e-02	1.373594e-01	9.829302e-02	1.373594e-01	3.570989e-01	5.536975e-01	0	
-7.6880e-01	6.1058e-01	-7.7681e-01	9.2625e-01	7.664535e-02	7.284013e-01	9.829302e-02	7.284013e-01	7.797640e-01	1.527661e-01	1	
-7.7681e-01	9.2625e-01	-3.6103e-01	-5.4233e-03	1.491111e-01	3.846244e-02	7.664535e-02	3.846244e-02	1.945468e+00	7.193130e-01	1	
-3.6103e-01	-5.4233e-03	-1.1017e+00	-1.9431e-01	8.512543e-02	1.602307e-01	1.491111e-01	1.602307e-01	5.708861e-01	9.866388e-01	0	
-3.6103e-01	-5.4233e-03	2.2626e-01	4.6674e-01	1.391229e-01	1.686685e-01	1.491111e-01	1.686685e-01	9.330156e-01	6.459634e-01	1	
2.2626e-01	4.6674e-01	2.4445e-02	7.0266e-01	1.243021e-01	7.360226e-01	1.391229e-01	7.360226e-01	8.934695e-01	3.483931e-01	1	
2.4445e-02	7.0266e-01	7.1078e-02	3.8564e-01	1.473771e-01	7.216881e-01	1.243021e-01	7.216881e-01	1.185636e+00	8.923600e-01	1	
7.1078e-02	3.8564e-01	6.0443e-01	6.7716e-01	1.054184e-01	3.135394e-01	1.473771e-01	3.135394e-01	7.152973e-01	8.830796e-01	0	
7.1078e-02	3.8564e-01	2.9187e-02	8.7945e-01	1.080653e-01	4.617102e-01	1.473771e-01	4.617102e-01	7.332570e-01	1.133866e-01	1	
2.9187e-02	8.7945e-01	2.3439e-01	6.6013e-01	1.245271e-01	7.503565e-01	1.080653e-01	7.503565e-01	1.152332e+00	5.152966e-01	1	
2.3439e-01	6.6013e-01	1.1297e-01	1.0379e+00	9.228143e-02	6.080922e-01	1.245271e-01	6.080922e-01	7.410549e-01	3.410004e-01	1	
1.1297e-01	1.0379e+00	2.2963e-01	1.2627e+00	6.984814e-02	8.140889e-01	9.228143e-02	8.140889e-01	7.569036e-01	3.067786e-02	1	
2.2963e-01	1.2627e+00	2.6914e-01	1.3620e+00	6.071040e-02	9.598233e-01	6.984814e-02	9.598233e-01	8.691770e-01	3.752074e-01	1	
2.6914e-01	1.3620e+00	-5.1446e-02	1.1432e+00	8.269164e-02	6.211879e-01	6.071040e-02	6.211879e-01	1.362067e+00	4.465103e-02	1	
-5.1446e-02	1.1432e+00	-3.8845e-01	1.3601e+00	5.852431e-02	6.021159e-01	8.269164e-02	6.021159e-01	7.077415e-01	1.491860e-01	1	
-3.8845e-01	1.3601e+00	-4.8086e-01	1.7103e+00	3.284108e-02	6.602252e-01	5.852431e-02	6.602252e-01	5.611529e-01	8.108150e-01	0	
-3.8845e-01	1.3601e+00	-4.5841e-01	1.4720e+00	4.849380e-02	9.420639e-01	5.852431e-02	9.420639e-01	8.286096e-01	8.417462e-01	0	
-3.8845e-01	1.3601e+00	-8.6378e-01	1.9960e+00	1.495173e-02	1.387864e-01	5.852431e-02	1.387864e-01	2.554789e-01	5.619680e-01	0	
-3.8845e-01	1.3601e+00	-6.7134e-01	1.5134e+00	4.041793e-02	7.197738e-01	5.852431e-02	7.197738e-01	6.906177e-01	4.238039e-01	1	
-6.7134e-01	1.5134e+00	-6.1420e-01	1.9279e+00	2.055123e-02	5.756787e-01	4.041793e-02	5.756787e-01	5.084681e-01	6.012776e-03	1	
-6.1420e-01	1.9279e+00	-1.0096e+00	1.5476e+00	2.886895e-02	3.884065e-01	2.055123e-02	3.884065e-01	1.404731e+00	8.278122e-01	1	
-1.0096e+00	1.5476e+00	-1.0255e+00	2.0801e+00	1.081123e-02	4.097020e-01	2.886895e-02	4.097020e-01	3.744934e-01	6.101061e-01	0	
-1.0096e+00	1.5476e+00	-1.0478e+00	1.9872e+00	1.276176e-02	5.413054e-01	2.886895e-02	5.413054e-01	4.420582e-01	6.760257e-01	0	
-1.0096e+00	1.5476e+00	-8.0546e-01	2.5137e+00	4.884734e-03	4.724439e-02	2.886895e-02	4.724439e-02	1.692037e-01	1.181432e-02	1	
-8.0546e-01	2.5137e+00	-7.5326e-01	2.1621e+00	1.157590e-02	6.701503e-01	4.884734e-03	6.701503e-01	2.369811e+00	6.946540e-01	1	
-7.5326e-01	2.1621e+00	1.4247e-01	1.5355e+00	4.846676e-02	2.376679e-02	1.157590e-02	2.376679e-02	4.186868e+00	5.762090e-01	1	
1.4247e-01	1.5355e+00	3.0548e-01	1.7866e+00	3.079224e-02	7.517231e-01	4.846676e-02	7.517231e-01	6.353271e-01	2.127836e-01	1	
3.0548e-01	1.7866e+00	3.8983e-01	2.3002e+00	1.046994e-02	4.266555e-01	3.079224e-02	4.266555e-01	3.400188e-01	6.839979e-01	0	
3.0548e-01	1.7866e+00	-4.5381e-01	1.9262e+00	2.246080e-02	1.544601e-01	3.079224e-02	1.544601e-01	7.294306e-01	8.929418e-01	0	
3.0548e-01	1.7866e+00	5.4637e-01	1.0934e+00	7.540154e-02	1.848636e-01	3.079224e-02	1.848636e-01	2.448719e+00	3.096658e-01	1	
5.4637e-01	1.0934e+00	4.6981e-01	1.3521e+00	5.713265e-02	7.923277e-01	7.540154e-02	7.923277e-01	7.577120e-01	1.384470e-01	1	
4.6981e-01	1.3521e+00	7.9570e-01	1.4226e+00	4.215491e-02	7.027715e-01	5.713265e-02	7.027715e-01	7.378427e-01	2.686786e-01	1	
7.9570e-01	1.4226e+00	1.9632e-01	1.6148e+00	4.238510e-02	2.884125e-01	4.215491e-02	2.884125e-01	1.005460e+00	6.567357e-03	1	
1.9632e-01	1.6148e+00	4.1174e-01	1.4734e+00	4.938426e-02	8.083260e-01	4.238510e-02	8.083260e-01	1.165133e+00	9.873320e-01	1	
4.1174e-01	1.4734e+00	4.2183e-01	1.8239e+00	2.759414e-02	6.774092e-01	4.938426e-02	6.774092e-01	5.587638e-01	6.171573e-01	0	
4.1174e-01	1.4734e+00	1.3405e+00	1.7388e+00	1.429320e-02	5.389106e-02	4.938426e-02	5.389106e-02	2.894283e-01	4.428273e-01	0	
4.1174e-01	1.4734e+00	1.1242e-01	1.5028e+00	5.112801e-02	7.497783e-01	4.938426e-02	7.497783e-01	1.035310e+00	1.768169e-01	1	
1.1242e-01	1.5028e+00	-2.2957e-01	1.2292e+00	7.282430e-02	5.462276e-01	5.112801e-02	5.462276e-01	1.424352e+00	6.752078e-01	1	
-2.2957e-01	1.2292e+00	-1.1306e-01	1.7122e+00	3.651520e-02	4.599620e-01	7.282430e-02	4.599620e-01	5.014150e-01	3.748151e-01	1	
-1.1306e-01	1.7122e+00	-3.7973e-01	1.9339e+00	2.282295e-02	6.830542e-01	3.651520e-02	6.830542e-01	6.250260e-01	8.984927e-01	0	
-1.1306e-01	1.7122e+00	-3.3961e-01	1.7249e+00	3.394199e-02	8.468908e-01	3.651520e-02	8.468908e-01	9.295305e-01	8.431650e-01	1	
-3.3961e-01	1.7249e+00	6.7061e-02	1.8163e+00	3.051222e-02	5.779595e-01	3.394199e-02	5.779595e-01	8.989521e-01	9.933625e-01	0	
-3.3961e-01	1.7249e+00	-8.6361e-02	2.2233e+00	1.339236e-02	3.745502e-01	3.394199e-02	3.745502e-01	3.945661e-01	6.509140e-01	0	
-3.3961e-01	1.7249e+00	-5.4028e-01	7.0435e-01	1.073260e-01	3.385878e-02	3.394199e-02	3.385878e-02	3.162042e+00	5.554207e-01	1	
-5.4028e-01	7.0435e-01	-8.3833e-01	5.0396e-01	9.864198e-02	6.647164e-01	1.073260e-01	6.647164e-01	9.190876e-01	2.465291e-01	1	
-8.3833e-01	5.0396e-01	-1.2776e+00	-1.1680e-02	7.035955e-02	2.370899e-01	9.864198e-02	2.370899e-01	7.132819e-01	1.089444e-01	1	
-1.2776e+00	-1.1680e-02	-1.7533e+00	2.0620e-01	3.350191e-02	4.228923e-01	7.035955e-02	4.228923e-01	4.761531e-01	8.338293e-01	0	
-1.2776e+00	-1.1680e-02	-1.3492e+00	3.4087e-01	6.044047e-02	6.638560e-01	7.035955e-02	6.638560e-01	8.590230e-01	3.683063e-01	1	
-1.3492e+00	3.4087e-01	-9.6193e-01	-4.6606e-01	8.989286e-02	8.137532e-02	6.044047e-02	8.137532e-02	1.487296e+00	3.666577e-01	1	
-9.6193e-01	-4.6606e-01	-1.1431e+00	-5.2064e-01	7.231495e-02	8.894501e-01	8.989286e-02	8.894501e-01	8.044572e-01	3.116849e-01	1	
-1.1431e+00	-5.2064e-01	-1.8993e+00	-1.0715e+00	1.476410e-02	6.453751e-02	7.231495e-02	6.453751e-02	2.041639e-01	7.355632e-01	0	
-1.1431e+00	-5.2064e-01	-9.8969e-01	-4.8120e-01	8.686562e-02	9.197210e-01	7.231495e-02	9.197210e-01	1.201212e+00	5.886689e-01	1	
-9.8969e-01	-4.8120e-01	-1.2065e+00	5.6062e-03	7.686614e-02	4.095393e-01	8.686562e-02	4.095393e-01	8.848857e-01	6.010264e-01	1	
-1.2065e+00	5.6062e-03	-1.4128e+00	5.1397e-01	5.140528e-02	3.883055e-01	7.686614e-02	3.883055e-01	6.687636e-01	7.480326e-01	0	
-1.2065e+00	5.6062e-03	-1.3435e+00	-6.2209e-01	5.318806e-02	2.738238e-01	7.686614e-02	2.738238e-01	6.919569e-01	7.110572e-02	1	
-1.3435e+00	-6.2209e-01	-9.1422e-01	-7.3810e-01	7.980427e-02	5.361636e-01	5.318806e-02	5.361636e-01	1.500417e+00	8.299993e-01	1	
-9.1422e-01	-7.3810e-01	-4.4491e-01	-1.1890e+00	7.109824e-02	2.647688e-01	7.980427e-02	2.647688e-01	8.909077e-01	9.368615e-01	0	
-9.1422e-01	-7.3810e-01	-9.7237e-01	-8.3038e-01	7.027099e-02	9.584170e-01	7.980427e-02	9.584170e-01	8.805418e-01	1.267861e-01	1	
-9.7237e-01	-8.3038e-01	-1.3882e+00	-5.1216e-01	5.325574e-02	4.222117e-01	7.027099e-02	4.222117e-01	7.578623e-01	1.994869e-01	1	
-1.3882e+00	-5.1216e-01	-1.6420e+00	-4.2229e-01	3.780934e-02	7.930874e-01	5.325574e-02	7.930874e-01	7.099581e-01	6.682573e-01	1	
-1.6420e+00	-4.2229e-01	-8.3126e-01	-1.1374e+00	5.899996e-02	2.579316e-02	3.780934e-02	2.579316e-02	1.560460e+00	1.831495e-01	1	
-8.3126e-01	-1.1374e+00	-9.0846e-01	-6.4563e-01	8.552496e-02	4.585523e-01	5.899996e-02	4.585523e-01	1.449577e+00	2.218933e-01	1	
-9.0846e-01	-6.4563e-01	-1.2994e+00	-1.3979e-01	6.775461e-02	2.773508e-01	8.552496e-02	2.773508e-01	7.922203e-01	3.600565e-01	1	
-1.2994e+00	-1.3979e-01	-1.3741e+00	5.1770e-02	6.183462e-02	8.716116e-01	6.775461e-02	8.716116e-01	9.126260e-01	1.768879e-02	1	
-1.3741e+00	5.1770e-02	-1.6418e+00	-3.8801e-01	3.835558e-02	4.344874e-01	6.183462e-02	4.344874e-01	6.202929e-01	4.149469e-01	1	
-1.6418e+00	-3.8801e-01	-1.6657e+00	-7.4539e-01	3.010815e-02	6.661684e-01	3.835558e-02	6.661684e-01	7.849744e-01	3.990113e-01	1	
-1.6657e+00	-7.4539e-01	-2.4563e+00	-8.6830e-01	5.345758e-03	1.345829e-01	3.010815e-02	1.345829e-01	1.775519e-01	1.200940e-01	1	
-2.4563e+00	-8.6830e-01	-2.5441e+00	-8.3209e-01	4.425379e-03	9.670269e-01	5.345758e-03	9.670269e-01	8.278301e-01	7.899240e-01	1	
-2.5441e+00	-8.3209e-01	-2.9356e+00	-7.3178e-01	1.637679e-03	5.971485e-01	4.425379e-03	5.971485e-01	3.700653e-01	1.454699e-01	1	
-2.9356e+00	-7.3178e-01	-2.8739e+00	-1.3267e-01	2.537992e-03	3.201944e-01	1.637679e-03	3.201944e-01	1.549749e+00	4.120809e-01	1	
-2.8739e+00	-1.3267e-01	-2.7742e+00	2.5767e-01	3.282079e-03	5.989932e-01	2.537992e-03	5.989932e-01	1.293179e+00	5.989435e-01	1	
-2.7742e+00	2.5767e-01	-2.6635e+00	2.7920e-01	4.409351e-03	9.559488e-01	3.282079e-03	9.559488e-01	1.343463e+00	4.018775e-01	1	
-2.6635e+00	2.7920e-01	-2.8287e+00	5.0925e-01	2.558491e-03	7.741837e-01	4.409351e-03	7.741837e-01	5.802421e-01	7.606642e-01	0	
-2.6635e+00	2.7920e-01	-2.8394e+00	5.2751e-01	2.458482e-03	7.447708e-01	4.409351e-03	7.447708e-01	5.575610e-01	6.780204e-02	1	
-2.8394e+00	5.2751e-01	-2.7326e+00	2.4828e-01	3.689584e-03	7.523051e-01	2.458482e-03	7.523051e-01	1.500757e+00	2.097339e-01	1	
-2.7326e+00	2.4828e-01	-2.7574e+00	3.2671e-02	3.552510e-03	8.585634e-01	3.689584e-03	8.585634e-01	9.628483e-01	5.801804e-01	1	
-2.7574e+00	3.2671e-02	-2.8177e+00	4.3482e-01	2.733985e-03	5.933284e-01	3.552510e-03	5.933284e-01	7.695925e-01	7.638389e-02	1	
-2.8177e+00	4.3482e-01	-3.1693e+00	9.5623e-01	6.640131e-04	2.890215e-01	2.733985e-03	2.890215e-01	2.428737e-01	7.055163e-01	0	
-2.8177e+00	4.3482e-01	-2.7635e+00	7.8147e-01	2.575259e-03	6.770737e-01	2.733985e-03	6.770737e-01	9.419434e-01	9.238686e-01	1	
-2.7635e+00	7.8147e-01	-3.0725e+00	1.1179e+00	7.594369e-04	5.182380e-01	2.575259e-03	5.182380e-01	2.948973e-01	5.387655e-01	0	
-2.7635e+00	7.8147e-01	-2.6383e+00	5.9384e-01	4.109558e-03	8.484412e-01	2.575259e-03	8.484412e-01	1.595784e+00	4.306733e-01	1	
-2.6383e+00	5.9384e-01	-2.5117e+00	-2.1641e-01	6.634156e-03	1.216077e-01	4.109558e-03	1.216077e-01	1.614323e+00	4.884485e-01	1	
-2.5117e+00	-2.1641e-01	-1.9972e+00	-9.7581e-03	2.165821e-02	3.806826e-01	6.634156e-03	3.806826e-01	3.264651e+00	9.940318e-01	1	
-1.9972e+00	-9.7581e-03	-2.3356e+00	-6.5796e-01	8.381330e-03	1.871137e-01	2.165821e-02	1.871137e-01	3.869817e-01	7.623008e-01	0	
-1.9972e+00	-9.7581e-03	-1.6556e+00	1.5368e-01	3.994954e-02	6.353703e-01	2.165821e-02	6.353703e-01	1.844545e+00	4.531923e-01	1	
-1.6556e+00	1.5368e-01	-2.0907e+00	5.4072e-01	1.545869e-02	3.446924e-01	3.994954e-02	3.446924e-01	3.869554e-01	2.630301e-01	1	
-2.0907e+00	5.4072e-01	-2.5577e+00	6.3056e-01	4.953311e-03	4.905842e-01	1.545869e-02	4.905842e-01	3.204224e-01	7.390396e-01	0	
-2.0907e+00	5.4072e-01	-2.0426e+00	8.1116e-01	1.422103e-02	7.857793e-01	1.545869e-02	7.857793e-01	9.199376e-01	3.214503e-01	1	
-2.0426e+00	8.1116e-01	-2.6417e+00	5.4268e-01	4.192365e-03	2.586767e-01	1.422103e-02	2.586767e-01	2.948004e-01	2.819806e-01	1	
-2.6417e+00	5.4268e-01	-3.1875e+00	1.0659e+00	5.608367e-04	1.666669e-01	4.192365e-03	1.666669e-01	1.337757e-01	5.978121e-01	0	
-2.6417e+00	5.4268e-01	-3.1607e+00	5.2076e-01	9.411720e-04	4.281168e-01	4.192365e-03	4.281168e-01	2.244967e-01	9.983059e-01	0	
-2.6417e+00	5.4268e-01	-2.4617e+00	7.7200e-02	7.666476e-03	4.567352e-01	4.192365e-03	4.567352e-01	1.828676e+00	2.601075e-02	1	
-2.4617e+00	7.7200e-02	-2.9403e+00	2.5502e-01	2.043705e-03	4.405388e-01	7.666476e-03	4.405388e-01	2.665769e-01	9.127490e-01	0	
-2.4617e+00	7.7200e-02	-3.0278e+00	5.0280e-02	1.623787e-03	3.645757e-01	7.666476e-03	3.645757e-01	2.118036e-01	6.508342e-01	0	
-2.4617e+00	7.7200e-02	-2.3193e+00	4.5046e-01	9.764477e-03	6.040952e-01	7.666476e-03	6.040952e-01	1.273659e+00	7.531144e-01	1	
-2.3193e+00	4.5046e-01	-2.2242e+00	1.6000e-01	1.324345e-02	7.428893e-01	9.764477e-03	7.428893e-01	1.356288e+00	7.670914e-01	1	
-2.2242e+00	1.6000e-01	-2.1109e+00	2.0693e-01	1.678440e-02	9.490589e-01	1.324345e-02	9.490589e-01	1.267374e+00	4.607451e-01	1	
-2.1109e+00	2.0693e-01	-1.9281e+00	-6.5049e-01	2.007675e-02	9.006775e-02	1.678440e-02	9.006775e-02	1.196155e+00	7.032453e-01	1	
-1.9281e+00	-6.5049e-01	-1.7160e+00	-6.7281e-01	2.911300e-02	8.629584e-01	2.007675e-02	8.629584e-01	1.450085e+00	9.337578e-01	1	
-1.7160e+00	-6.7281e-01	-1.5817e+00	-1.4403e+00	1.614601e-02	1.491986e-01	2.911300e-02	1.491986e-01	5.545981e-01	5.255861e-01	1	
-1.5817e+00	-1.4403e+00	-9.5711e-01	-1.3242e+00	4.189262e-02	2.817686e-01	1.614601e-02	2.817686e-01	2.594611e+00	6.749657e-02	1	
-9.5711e-01	-1.3242e+00	-1.1178e+00	-3.7118e-01	7.954102e-02	5.371149e-02	4.189262e-02	5.371149e-02	1.898688e+00	9.477998e-01	1	
-1.1178e+00	-3.7118e-01	-1.1608e+00	-2.6508e-01	7.833229e-02	9.547782e-01	7.954102e-02	9.547782e-01	9.848038e-01	5.328432e-01	1	
-1.1608e+00	-2.6508e-01	-1.2839e+00	-9.5456e-02	6.948369e-02	8.671520e-01	7.833229e-02	8.671520e-01	8.870376e-01	2.284186e-01	1	
-1.2839e+00	-9.5456e-02	-1.1420e+00	3.7112e-01	7.739374e-02	4.730685e-01	6.948369e-02	4.730685e-01	1.113840e+00	9.814390e-03	1	
-1.1420e+00	3.7112e-01	-8.6424e-01	8.9939e-01	7.311070e-02	3.267645e-01	7.739374e-02	3.267645e-01	9.446591e-01	6.906926e-01	1	
-8.6424e-01	8.9939e-01	-9.0990e-01	1.0901e+00	5.807920e-02	8.821273e-01	7.311070e-02	8.821273e-01	7.944008e-01	9.049528e-01	0	
-8.6424e-01	8.9939e-01	-4.3791e-01	7.7565e-01	1.070372e-01	5.373386e-01	7.311070e-02	5.373386e-01	1.464042e+00	7.048648e-01	1	
-4.3791e-01	7.7565e-01	-8.9718e-01	9.2863e-01	6.914727e-02	4.782750e-01	1.070372e-01	4.782750e-01	6.460118e-01	4.953559e-01	1	
-8.9718e-01	9.2863e-01	-4.8079e-01	1.0261e+00	8.375608e-02	5.617171e-01	6.914727e-02	5.617171e-01	1.211271e+00	5.848867e-01	1	
-4.8079e-01	1.0261e+00	-3.3714e-01	1.9941e+00	2.058970e-02	4.986679e-02	8.375608e-02	4.986679e-02	2.458293e-01	2.304697e-01	1	
-3.3714e-01	1.9941e+00	-3.7570e-01	2.3889e+00	8.549340e-03	6.083488e-01	2.058970e-02	6.083488e-01	4.152242e-01	3.207432e-01	1	
-3.7570e-01	2.3889e+00	-1.1358e+00	3.3926e+00	2.644320e-04	7.017963e-03	8.549340e-03	7.017963e-03	3.093011e-02	3.812357e-01	0	
-3.7570e-01	2.3889e+00	-4.8342e-01	2.4514e+00	7.016728e-03	9.476520e-01	8.549340e-03	9.476520e-01	8.207333e-01	9.701433e-01	0	
-3.7570e-01	2.3889e+00	-4.8607e-01	2.5761e+00	5.122475e-03	8.582652e-01	8.549340e-03	8.582652e-01	5.991662e-01	2.833289e-01	1	
-4.8607e-01	2.5761e+00	-1.0417e-01	2.3503e+00	9.999627e-03	5.377257e-01	5.122475e-03	5.377257e-01	1.952108e+00	6.684378e-01	1	
-1.0417e-01	2.3503e+00	-5.4680e-01	2.1724e+00	1.294648e-02	4.884628e-01	9.999627e-03	4.884628e-01	1.294697e+00	1.021375e-01	1	
-5.4680e-01	2.1724e+00	-1.3425e-01	1.9935e+00	2.162677e-02	5.287809e-01	1.294648e-02	5.287809e-01	1.670474e+00	1.239899e-01	1	
-1.3425e-01	1.9935e+00	-1.8056e-01	1.5035e+00	5.057106e-02	4.665925e-01	2.162677e-02	4.665925e-01	2.338355e+00	5.532065e-01	1	
-1.8056e-01	1.5035e+00	-1.1439e-02	1.4442e+00	5.608914e-02	8.997371e-01	5.057106e-02	8.997371e-01	1.109115e+00	3.944515e-02	1	
-1.1439e-02	1.4442e+00	-7.7626e-01	9.0877e-01	7.791802e-02	6.527114e-02	5.608914e-02	6.527114e-02	1.389182e+00	1.464808e-01	1	
-7.7626e-01	9.0877e-01	-6.0158e-01	1.2174e+00	6.330181e-02	6.714690e-01	7.791802e-02	6.714690e-01	8.124156e-01	9.737782e-01	0	
-7.7626e-01	9.0877e-01	-1.3018e+00	7.7823e-01	5.038833e-02	3.979091e-01	7.791802e-02	3.979091e-01	6.466839e-01	7.364331e-01	0	
-7.7626e-01	9.0877e-01	-5.3604e-01	5.6933e-01	1.172299e-01	5.794506e-01	7.791802e-02	5.794506e-01	1.504529e+00	8.056908e-01	1	
-5.3604e-01	5.6933e-01	-4.4951e-01	7.2032e-01	1.109873e-01	9.048908e-01	1.172299e-01	9.048908e-01	9.467486e-01	7.354208e-01	1	
-4.4951e-01	7.2032e-01	-9.4431e-01	4.8383e-01	9.064674e-02	3.886130e-01	1.109873e-01	3.886130e-01	8.167309e-01	7.769288e-01	1	
-9.4431e-01	4.8383e-01	-1.2798e+00	5.4285e-01	6.056099e-02	6.922512e-01	9.064674e-02	6.922512e-01	6.680990e-01	5.588298e-02	1	
-1.2798e+00	5.4285e-01	-1.1513e+00	1.1218e+00	4.372640e-02	3.314186e-01	6.056099e-02	3.314186e-01	7.220225e-01	8.611054e-01	0	
-1.2798e+00	5.4285e-01	-8.4152e-01	6.6605e-01	8.947708e-02	5.205534e-01	6.056099e-02	5.205534e-01	1.477471e+00	2.662884e-01	1	
-8.4152e-01	6.6605e-01	-1.0957e+00	2.5181e-02	8.729879e-02	2.252356e-01	8.947708e-02	2.252356e-01	9.756553e-01	6.592068e-01	1	
-1.0957e+00	2.5181e-02	-1.0198e+00	-7.7468e-02	9.434127e-02	9.453321e-01	8.729879e-02	9.453321e-01	1.080671e+00	9.999164e-02	1	
-1.0198e+00	-7.7468e-02	-6.0360e-01	-1.1098e-01	1.318354e-01	5.769294e-01	9.434127e-02	5.769294e-01	1.397431e+00	6.154444e-01	1	
-6.0360e-01	-1.1098e-01	-3.3162e-01	5.7684e-02	1.503897e-01	7.222622e-01	1.318354e-01	7.222622e-01	1.140738e+00	5.847319e-01	1	
-3.3162e-01	5.7684e-02	2.5658e-01	4.2284e-01	1.408318e-01	2.224326e-01	1.503897e-01	2.224326e-01	9.364458e-01	5.870914e-01	1	
2.5658e-01	4.2284e-01	2.7640e-01	-1.6145e-01	1.512063e-01	3.418478e-01	1.408318e-01	3.418478e-01	1.073666e+00	8.469585e-01	1	
2.7640e-01	-1.6145e-01	-3.5973e-01	3.5340e-01	1.401518e-01	1.226689e-01	1.512063e-01	1.226689e-01	9.268915e-01	5.507876e-01	1	
-3.5973e-01	3.5340e-01	-5.9286e-01	3.8799e-01	1.238250e-01	8.362164e-01	1.401518e-01	8.362164e-01	8.835060e-01	4.483638e-01	1	
-5.9286e-01	3.8799e-01	-6.4055e-01	5.2717e-01	1.128172e-01	9.296566e-01	1.238250e-01	9.296566e-01	9.111018e-01	4.142023e-01	1	
-6.4055e-01	5.2717e-01	-8.0736e-01	1.0451e+00	6.654281e-02	3.943427e-01	1.128172e-01	3.943427e-01	5.898288e-01	8.659041e-01	0	
-6.4055e-01	5.2717e-01	-5.6667e-01	3.8030e-01	1.260911e-01	9.141504e-01	1.128172e-01	9.141504e-01	1.117659e+00	1.635757e-01	1	
-5.6667e-01	3.8030e-01	-1.1795e+00	-5.4927e-02	7.926571e-02	1.702090e-01	1.260911e-01	1.702090e-01	6.286385e-01	3.548827e-01	1	
-1.1795e+00	-5.4927e-02	-9.9507e-01	-1.3362e-01	9.614639e-02	8.773027e-01	7.926571e-02	8.773027e-01	1.212963e+00	1.307472e-02	1	
-9.9507e-01	-1.3362e-01	-1.2516e+00	2.7342e-01	7.004842e-02	4.824963e-01	9.614639e-02	4.824963e-01	7.285601e-01	4.452610e-01	1	
-1.2516e+00	2.7342e-01	-7.7806e-01	4.0833e-01	1.081832e-01	4.662285e-01	7.004842e-02	4.662285e-01	1.544406e+00	4.268128e-01	1	
-7.7806e-01	4.0833e-01	-1.5242e+00	-6.3545e-02	4.971668e-02	8.710234e-02	1.081832e-01	8.710234e-02	4.595600e-01	2.486639e-01	1	
-1.5242e+00	-6.3545e-02	-1.7774e+00	4.6881e-01	2.938440e-02	3.357771e-01	4.971668e-02	3.357771e-01	5.910370e-01	3.735358e-01	1	
-1.7774e+00	4.6881e-01	-2.1406e+00	-2.0150e-01	1.577628e-02	1.617530e-01	2.938440e-02	1.617530e-01	5.368930e-01	2.987383e-01	1	
-2.1406e+00	-2.0150e-01	-2.1120e+00	-1.1827e-01	1.699146e-02	9.709257e-01	1.577628e-02	9.709257e-01	1.077026e+00	7.149737e-03	1	
-2.1120e+00	-1.1827e-01	-1.9446e+00	4.2495e-01	2.195300e-02	3.623993e-01	1.699146e-02	3.623993e-01	1.292003e+00	3.337920e-01	1	
-1.9446e+00	4.2495e-01	-1.6229e+00	-8.1200e-02	4.250405e-02	3.233071e-01	2.195300e-02	3.233071e-01	1.936138e+00	3.269164e-01	1	
-1.6229e+00	-8.1200e-02	-1.2225e+00	7.3682e-01	5.746508e-02	7.445699e-02	4.250405e-02	7.445699e-02	1.351991e+00	4.087568e-02	1	
-1.2225e+00	7.3682e-01	-1.8815e+00	8.2171e-01	1.934012e-02	2.502972e-01	5.746508e-02	2.502972e-01	3.365543e-01	9.685550e-01	0	
-1.2225e+00	7.3682e-01	-1.7499e+00	1.5221e-01	3.403099e-02	1.433518e-01	5.746508e-02	1.433518e-01	5.922030e-01	2.955963e-01	1	
-1.7499e+00	1.5221e-01	-2.3832e+00	4.4452e-01	8.425151e-03	2.174401e-01	3.403099e-02	2.174401e-01	2.475729e-01	1.860119e-01	1	
-2.3832e+00	4.4452e-01	-1.8001e+00	5.6730e-01	2.680939e-02	3.279453e-01	8.425151e-03	3.279453e-01	3.182067e+00	7.130875e-01	1	
-1.8001e+00	5.6730e-01	-1.6167e+00	6.8524e-01	3.406413e-02	8.573600e-01	2.680939e-02	8.573600e-01	1.270604e+00	4.942283e-01	1	
-1.6167e+00	6.8524e-01	-2.0895e+00	4.5282e-01	1.619009e-02	4.178637e-01	3.406413e-02	4.178637e-01	4.752828e-01	7.847065e-01	0	
-1.6167e+00	6.8524e-01	-1.6675e+00	-5.1406e-02	3.958066e-02	1.810280e-01	3.406413e-02	1.810280e-01	1.161945e+00	3.643744e-01	1	
-1.6675e+00	-5.1406e-02	-2.2522e+00	5.2169e-01	1.099710e-02	1.224459e-01	3.958066e-02	1.224459e-01	2.778403e-01	1.840242e-01	1	
-2.2522e+00	5.2169e-01	-1.9606e+00	-9.9925e-03	2.328789e-02	3.152331e-01	1.099710e-02	3.152331e-01	2.117639e+00	7.080202e-01	1	
-1.9606e+00	-9.9925e-03	-1.7638e+00	-8.5426e-01	2.332460e-02	9.501468e-02	2.328789e-02	9.501468e-02	1.001576e+00	2.570089e-01	1	
-1.7638e+00	-8.5426e-01	-1.4218e+00	-4.6048e-01	5.210013e-02	4.250802e-01	2.332460e-02	4.250802e-01	2.233699e+00	9.407343e-01	1	
-1.4218e+00	-4.6048e-01	-1.0064e+00	-3.3618e-02	9.585813e-02	3.283241e-01	5.210013e-02	3.283241e-01	1.839883e+00	7.548417e-01	1	
-1.0064e+00	-3.3618e-02	-1.3318e+00	3.4600e-01	6.175500e-02	4.554456e-01	9.585813e-02	4.554456e-01	6.442333e-01	8.233601e-02	1	
-1.3318e+00	3.4600e-01	-1.6649e+00	8.2099e-01	2.841667e-02	3.474895e-01	6.175500e-02	3.474895e-01	4.601517e-01	6.373288e-01	0	
-1.3318e+00	3.4600e-01	-1.2902e+00	6.0506e-01	5.765971e-02	8.021651e-01	6.175500e-02	8.021651e-01	9.336849e-01	7.283818e-01	1	
-1.2902e+00	6.0506e-01	-1.0687e+00	1.2794e-02	8.990053e-02	2.851562e-01	5.765971e-02	2.851562e-01	1.559157e+00	8.608579e-01	1	
-1.0687e+00	1.2794e-02	-8.3098e-01	-6.3057e-02	1.124631e-01	8.188002e-01	8.990053e-02	8.188002e-01	1.250973e+00	3.306798e-01	1	
-8.3098e-01	-6.3057e-02	-9.4062e-01	2.1926e-01	9.982874e-02	7.468206e-01	1.124631e-01	7.468206e-01	8.876574e-01	7.584142e-01	1	
-9.4062e-01	2.1926e-01	-3.6405e-01	-1.6652e-01	1.468996e-01	2.210794e-01	9.982874e-02	2.210794e-01	1.471516e+00	4.591191e-01	1	
-3.6405e-01	-1.6652e-01	-1.1167e+00	-2.0805e-01	8.349401e-02	1.685114e-01	1.468996e-01	1.685114e-01	5.683748e-01	1.872923e-02	1	
-1.1167e+00	-2.0805e-01	-1.4463e+00	-5.8398e-01	4.715346e-02	4.553882e-01	8.349401e-02	4.553882e-01	5.647527e-01	5.741266e-01	0	
-1.1167e+00	-2.0805e-01	-8.9733e-01	-1.4754e-01	1.052559e-01	8.461449e-01	8.349401e-02	8.461449e-01	1.260640e+00	9.485170e-01	1	
-8.9733e-01	-1.4754e-01	-1.3428e+00	-2.0090e-01	6.331406e-02	5.302519e-01	1.052559e-01	5.302519e-01	6.015250e-01	8.219939e-01	0	
-8.9733e-01	-1.4754e-01	-1.0958e+00	-5.6537e-01	7.441787e-02	5.096976e-01	1.052559e-01	5.096976e-01	7.070185e-01	7.194146e-02	1	
-1.0958e+00	-5.6537e-01	-1.5013e+00	-7.3548e-01	3.934673e-02	5.435037e-01	7.441787e-02	5.435037e-01	5.287269e-01	2.377061e-02	1	
-1.5013e+00	-7.3548e-01	-1.6774e+00	-1.0475e+00	2.251901e-02	6.660272e-01	3.934673e-02	6.660272e-01	5.723221e-01	3.391919e-01	1	
-1.6774e+00	-1.0475e+00	-2.1978e+00	-3.0171e-01	1.358964e-02	7.507074e-02	2.251901e-02	7.507074e-02	6.034744e-01	5.940857e-01	1	
-2.1978e+00	-3.0171e-01	-2.4373e+00	-7.0151e-01	6.383316e-03	5.045558e-01	1.358964e-02	5.045558e-01	4.697192e-01	5.327828e-01	0	
-2.1978e+00	-3.0171e-01	-2.3036e+00	-2.4648e-01	1.087176e-02	9.513706e-01	1.358964e-02	9.513706e-01	8.000037e-01	2.911897e-01	1	
-2.3036e+00	-2.4648e-01	-1.7968e+00	-6.5657e-01	2.553588e-02	2.635519e-01	1.087176e-02	2.635519e-01	2.348826e+00	2.006925e-01	1	
-1.7968e+00	-6.5657e-01	-1.3149e+00	-6.4197e-01	5.456498e-02	4.810352e-01	2.553588e-02	4.810352e-01	2.136796e+00	3.380823e-01	1	
-1.3149e+00	-6.4197e-01	-1.2201e+00	-5.7676e-01	6.402228e-02	9.544282e-01	5.456498e-02	9.544282e-01	1.173322e+00	4.303842e-01	1	
-1.2201e+00	-5.7676e-01	-8.6265e-01	-1.1131e+00	5.904517e-02	2.715734e-01	6.402228e-02	2.715734e-01	9.222598e-01	9.945596e-01	0	
-1.2201e+00	-5.7676e-01	-1.4378e+00	-3.7308e-01	5.280381e-02	7.534447e-01	6.402228e-02	7.534447e-01	8.247724e-01	3.913024e-01	1	
-1.4378e+00	-3.7308e-01	-1.8370e+00	-1.1240e+00	1.565789e-02	1.038104e-01	5.280381e-02	1.038104e-01	2.965297e-01	7.853959e-01	0	
-1.4378e+00	-3.7308e-01	-1.3321e+00	-1.1377e+00	3.431218e-02	1.545758e-01	5.280381e-02	1.545758e-01	6.498051e-01	2.318125e-02	1	
-1.3321e+00	-1.1377e+00	-1.1710e+00	-9.1967e-01	5.252944e-02	7.906434e-01	3.431218e-02	7.906434e-01	1.530927e+00	3.989424e-01	1	
-1.1710e+00	-9.1967e-01	-6.6113e-01	-9.5647e-01	8.095641e-02	4.396053e-01	5.252944e-02	4.396053e-01	1.541163e+00	8.686501e-01	1	
-6.6113e-01	-9.5647e-01	-8.0614e-01	-3.5954e-01	1.078040e-01	3.058871e-01	8.095641e-02	3.058871e-01	1.331631e+00	4.066699e-01	1	
-8.0614e-01	-3.5954e-01	-5.0555e-01	-2.1072e-01	1.369870e-01	6.998722e-01	1.078040e-01	6.998722e-01	1.270704e+00	4.581357e-01	1	
-5.0555e-01	-2.1072e-01	4.5010e-01	-4.7076e-01	1.287375e-01	4.639457e-02	1.369870e-01	4.639457e-02	9.397790e-01	4.844645e-01	1	
4.5010e-01	-4.7076e-01	4.8791e-01	-6.0193e-01	1.178826e-01	9.384447e-01	1.287375e-01	9.384447e-01	9.156815e-01	9.661596e-01	0	
4.5010e-01	-4.7076e-01	8.7848e-01	2.2031e-02	1.081778e-01	2.624636e-01	1.287375e-01	2.624636e-01	8.402970e-01	1.461563e-01	1	
8.7848e-01	2.2031e-02	1.8393e-02	-5.8127e-01	1.343935e-01	3.160617e-02	1.081778e-01	3.160617e-02	1.242339e+00	2.009975e-01	1	
1.8393e-02	-5.8127e-01	-5.3772e-01	-2.3621e-01	1.339426e-01	2.608495e-01	1.343935e-01	2.608495e-01	9.966450e-01	9.763753e-02	1	
-5.3772e-01	-2.3621e-01	-6.9463e-01	2.2461e-01	1.219241e-01	4.743361e-01	1.339426e-01	4.743361e-01	9.102715e-01	9.401048e-01	0	
-5.3772e-01	-2.3621e-01	-9.1124e-01	-2.8075e-01	1.010170e-01	6.392279e-01	1.339426e-01	6.392279e-01	7.541815e-01	3.075037e-01	1	
-9.1124e-01	-2.8075e-01	-6.0721e-01	6.9459e-02	1.320409e-01	5.079292e-01	1.010170e-01	5.079292e-01	1.307116e+00	5.837249e-01	1	
-6.0721e-01	6.9459e-02	-4.6825e-01	9.0182e-01	9.497516e-02	1.074533e-01	1.320409e-01	1.074533e-01	7.192859e-01	5.504770e-01	1	
-4.6825e-01	9.0182e-01	-5.4701e-01	9.3728e-01	8.832518e-02	9.717940e-01	9.497516e-02	9.717940e-01	9.299819e-01	7.586325e-01	1	
-5.4701e-01	9.3728e-01	2.1164e-01	1.4146e+00	5.722052e-02	8.078997e-02	8.832518e-02	8.078997e-02	6.478393e-01	2.317120e-01	1	
2.1164e-01	1.4146e+00	2.4958e-01	1.2487e+00	7.074925e-02	9.086015e-01	5.722052e-02	9.086015e-01	1.236431e+00	8.864219e-01	1	
2.4958e-01	1.2487e+00	9.7312e-01	1.3669e+00	3.894807e-02	1.854530e-01	7.074925e-02	1.854530e-01	5.505085e-01	8.349869e-01	0	
2.4958e-01	1.2487e+00	1.8744e-01	1.2121e+00	7.501512e-02	9.786937e-01	7.074925e-02	9.786937e-01	1.060296e+00	4.710219e-01	1	
1.8744e-01	1.2121e+00	9.1836e-02	1.2160e+00	7.566639e-02	9.666647e-01	7.501512e-02	9.666647e-01	1.008682e+00	4.609886e-01	1	
9.1836e-02	1.2160e+00	4.2795e-02	5.4748e-01	1.368789e-01	2.442804e-01	7.566639e-02	2.442804e-01	1.808979e+00	7.217865e-01	1	
4.2795e-02	5.4748e-01	-1.9817e-01	7.6743e-01	1.162529e-01	7.132446e-01	1.368789e-01	7.132446e-01	8.493121e-01	8.830951e-01	0	
4.2795e-02	5.4748e-01	6.1745e-01	-2.4498e-01	1.276441e-01	4.979899e-02	1.368789e-01	4.979899e-02	9.325329e-01	6.891221e-01	1	
6.1745e-01	-2.4498e-01	6.4227e-01	-4.3606e-01	1.177485e-01	8.857612e-01	1.276441e-01	8.857612e-01	9.224753e-01	9.390074e-01	0	
6.1745e-01	-2.4498e-01	6.5184e-01	3.3631e-01	1.216177e-01	3.447532e-01	1.276441e-01	3.447532e-01	9.527875e-01	9.212228e-04	1	
6.5184e-01	3.3631e-01	1.0843e+00	1.7357e-01	8.708943e-02	5.103952e-01	1.216177e-01	5.103952e-01	7.160920e-01	3.679858e-01	1	
1.0843e+00	1.7357e-01	1.4084e+00	5.0368e-01	5.200313e-02	5.096964e-01	8.708943e-02	5.096964e-01	5.971233e-01	8.770172e-01	0	
1.0843e+00	1.7357e-01	1.1805e+00	-3.5938e-01	7.433205e-02	3.978022e-01	8.708943e-02	3.978022e-01	8.535140e-01	2.612151e-01	1	
1.1805e+00	-3.5938e-01	1.9170e+00	-3.1605e-01	2.410651e-02	1.815190e-01	7.433205e-02	1.815190e-01	3.243084e-01	5.061145e-01	0	
1.1805e+00	-3.5938e-01	1.4985e+00	-9.8407e-01	3.191095e-02	2.141994e-01	7.433205e-02	2.141994e-01	4.293028e-01	8.468478e-01	0	
1.1805e+00	-3.5938e-01	1.6467e+00	-3.8259e-01	3.812335e-02	5.034133e-01	7.433205e-02	5.034133e-01	5.128790e-01	2.230559e-01	1	
1.6467e+00	-3.8259e-01	2.3884e+00	-6.6308e-01	7.372600e-03	1.394277e-01	3.812335e-02	1.394277e-01	1.933880e-01	3.158250e-01	0	
1.6467e+00	-3.8259e-01	1.2104e+00	-1.4010e-01	7.575476e-02	4.566037e-01	3.812335e-02	4.566037e-01	1.987096e+00	8.586538e-01	1	
1.2104e+00	-1.4010e-01	1.0182e+00	3.3359e-01	8.964384e-02	4.395872e-01	7.575476e-02	4.395872e-01	1.183343e+00	4.588053e-01	1	
1.0182e+00	3.3359e-01	9.6766e-01	8.5900e-01	6.890686e-02	4.164642e-01	8.964384e-02	4.164642e-01	7.686736e-01	4.196984e-01	1	
9.6766e-01	8.5900e-01	1.1324e+00	1.0678e+00	4.739970e-02	7.974469e-01	6.890686e-02	7.974469e-01	6.878807e-01	5.527826e-01	1	
1.1324e+00	1.0678e+00	1.3991e+00	1.3317e+00	2.463951e-02	6.406316e-01	4.739970e-02	6.406316e-01	5.198242e-01	6.116177e-01	0	
1.1324e+00	1.0678e+00	2.0916e+00	8.6821e-01	1.225065e-02	4.954781e-02	4.739970e-02	4.954781e-02	2.584543e-01	9.490057e-01	0	
1.1324e+00	1.0678e+00	5.8266e-01	9.0193e-01	8.942461e-02	3.549594e-01	4.739970e-02	3.549594e-01	1.886607e+00	8.500960e-01	1	
5.8266e-01	9.0193e-01	5.4573e-01	7.7950e-01	1.012063e-01	9.451622e-01	8.942461e-02	9.451622e-01	1.131750e+00	7.476608e-01	1	
5.4573e-01	7.7950e-01	5.6837e-01	4.1051e-01	1.244738e-01	6.489649e-01	1.012063e-01	6.489649e-01	1.229902e+00	9.754598e-01	1	
5.6837e-01	4.1051e-01	2.7717e-01	-2.1547e-01	1.496433e-01	2.242930e-01	1.244738e-01	2.242930e-01	1.202207e+00	9.078202e-01	1	
2.7717e-01	-2.1547e-01	6.8284e-01	-7.0033e-01	9.864379e-02	2.852958e-01	1.496433e-01	2.852958e-01	6.591929e-01	9.787428e-01	0	
2.7717e-01	-2.1547e-01	-2.3208e-01	-1.8967e-01	1.521642e-01	4.414005e-01	1.496433e-01	4.414005e-01	1.016846e+00	7.311621e-01	1	
-2.3208e-01	-1.8967e-01	-3.3160e-01	-3.0960e-01	1.435914e-01	9.220137e-01	1.521642e-01	9.220137e-01	9.436614e-01	8.124416e-01	1	
-3.3160e-01	-3.0960e-01	-6.9090e-01	-9.7054e-02	1.247733e-01	5.770113e-01	1.435914e-01	5.770113e-01	8.689466e-01	5.094880e-02	1	
-6.9090e-01	-9.7054e-02	-3.9097e-01	2.0925e-02	1.474116e-01	7.189952e-01	1.247733e-01	7.189952e-01	1.181436e+00	6.384973e-01	1	
-3.9097e-01	2.0925e-02	7.5989e-01	1.2014e-01	1.183849e-01	1.537340e-02	1.474116e-01	1.537340e-02	8.030905e-01	7.111707e-01	1	
7.5989e-01	1.2014e-01	2.4206e-01	2.8556e-01	1.483848e-01	3.950333e-01	1.183849e-01	3.950333e-01	1.253410e+00	8.435490e-03	1	
2.4206e-01	2.8556e-01	1.0936e-01	-7.1108e-01	1.228648e-01	4.224190e-02	1.483848e-01	4.224190e-02	8.280146e-01	9.078954e-01	0	
2.4206e-01	2.8556e-01	1.8450e-01	6.2530e-01	1.286842e-01	6.863742e-01	1.483848e-01	6.863742e-01	8.672335e-01	3.769152e-02	1	
1.8450e-01	6.2530e-01	3.6860e-02	6.1559e-01	1.315941e-01	9.289458e-01	1.286842e-01	9.289458e-01	1.022612e+00	9.912275e-01	1	
3.6860e-02	6.1559e-01	4.8422e-01	1.0665e+00	8.015498e-02	2.819602e-01	1.315941e-01	2.819602e-01	6.091079e-01	3.862212e-01	1	
4.8422e-01	1.0665e+00	5.8282e-01	3.2152e-01	1.275300e-01	1.703478e-01	8.015498e-02	1.703478e-01	1.591043e+00	8.881875e-01	1	
5.8282e-01	3.2152e-01	1.0886e+00	6.4699e-01	7.138159e-02	3.211670e-01	1.275300e-01	3.211670e-01	5.597237e-01	1.035172e-01	1	
1.0886e+00	6.4699e-01	8.0604e-01	3.5897e-01	1.078345e-01	5.980669e-01	7.138159e-02	5.980669e-01	1.510676e+00	8.669974e-01	1	
8.0604e-01	3.5897e-01	5.7718e-01	9.0933e-01	8.910987e-02	3.277471e-01	1.078345e-01	3.277471e-01	8.263579e-01	8.688794e-01	0	
8.0604e-01	3.5897e-01	5.0596e-01	6.3880e-02	1.397479e-01	5.718862e-01	1.078345e-01	5.718862e-01	1.295948e+00	6.747309e-01	1	
5.0596e-01	6.3880e-02	5.2887e-01	-3.1958e-01	1.314944e-01	6.272367e-01	1.397479e-01	6.272367e-01	9.409402e-01	5.407870e-01	1	
5.2887e-01	-3.1958e-01	1.6944e-01	-1.8146e-01	1.543249e-01	6.258645e-01	1.314944e-01	6.258645e-01	1.173623e+00	2.011440e-01	1	
1.6944e-01	-1.8146e-01	1.6777e-01	-1.1806e-01	1.558409e-01	9.822950e-01	1.543249e-01	9.822950e-01	1.009824e+00	9.792636e-01	1	
1.6777e-01	-1.1806e-01	2.6201e-01	-5.0081e-01	1.356594e-01	6.121019e-01	1.558409e-01	6.121019e-01	8.704992e-01	6.235534e-01	1	
2.6201e-01	-5.0081e-01	2.6701e-01	6.9904e-02	1.532068e-01	3.594257e-01	1.356594e-01	3.594257e-01	1.129349e+00	5.995197e-01	1	
2.6701e-01	6.9904e-02	6.8522e-01	3.7046e-01	1.175066e-01	4.342388e-01	1.532068e-01	4.342388e-01	7.669803e-01	8.170965e-01	0	
2.6701e-01	6.9904e-02	7.0796e-01	-1.9310e-01	1.215875e-01	4.364540e-01	1.532068e-01	4.364540e-01	7.936164e-01	4.304128e-01	1	
7.0796e-01	-1.9310e-01	1.2073e+00	-5.4821e-01	6.607826e-02	3.077311e-01	1.215875e-01	3.077311e-01	5.434628e-01	4.269978e-01	1	
1.2073e+00	-5.4821e-01	9.2822e-01	-6.0186e-01	8.631159e-02	7.728533e-01	6.607826e-02	7.728533e-01	1.306202e+00	9.442948e-01	1	
9.2822e-01	-6.0186e-01	1.4153e+00	-2.4979e-01	5.666247e-02	3.217010e-01	8.631159e-02	3.217010e-01	6.564874e-01	1.943851e-01	1	
1.4153e+00	-2.4979e-01	7.5586e-01	-3.2864e-01	1.133199e-01	2.506354e-01	5.666247e-02	2.506354e-01	1.999911e+00	1.385952e-01	1	
7.5586e-01	-3.2864e-01	4.1540e-01	-3.6067e-01	1.368053e-01	6.902280e-01	1.133199e-01	6.902280e-01	1.207248e+00	7.722369e-01	1	
4.1540e-01	-3.6067e-01	8.5390e-01	-1.1084e+00	5.980255e-02	9.505548e-02	1.368053e-01	9.505548e-02	4.371362e-01	8.378368e-01	0	
4.1540e-01	-3.6067e-01	4.2717e-01	3.2979e-01	1.375876e-01	2.241319e-01	1.368053e-01	2.241319e-01	1.005718e+00	3.345622e-01	1	
4.2717e-01	3.2979e-01	1.6597e-01	7.3212e-01	1.200735e-01	4.846416e-01	1.375876e-01	4.846416e-01	8.727060e-01	8.267627e-01	1	
1.6597e-01	7.3212e-01	-3.3218e-01	5.3045e-01	1.308457e-01	4.033800e-01	1.200735e-01	4.033800e-01	1.089714e+00	8.360552e-01	1	
-3.3218e-01	5.3045e-01	-3.5205e-01	3.4709e-01	1.408468e-01	8.944082e-01	1.308457e-01	8.944082e-01	1.076434e+00	9.648024e-02	1	
-3.5205e-01	3.4709e-01	-1.4681e-01	7.0049e-01	1.231934e-01	5.902382e-01	1.408468e-01	5.902382e-01	8.746624e-01	4.465229e-01	1	
-1.4681e-01	7.0049e-01	-6.2530e-01	5.4195e-01	1.130150e-01	4.496299e-01	1.231934e-01	4.496299e-01	9.173787e-01	8.597279e-01	1	
-6.2530e-01	5.4195e-01	-4.8374e-01	5.7047e-02	1.413517e-01	4.481086e-01	1.130150e-01	4.481086e-01	1.250734e+00	8.803940e-01	1	
-4.8374e-01	5.7047e-02	1.4198e-01	4.0700e-01	1.450352e-01	1.995893e-01	1.413517e-01	1.995893e-01	1.026059e+00	6.725369e-01	1	
1.4198e-01	4.0700e-01	-3.5937e-02	2.3683e-01	1.546536e-01	8.230812e-01	1.450352e-01	8.230812e-01	1.066317e+00	1.165226e-01	1	
-3.5937e-02	2.3683e-01	-3.1219e-02	-1.9683e-01	1.560256e-01	5.526313e-01	1.546536e-01	5.526313e-01	1.008871e+00	3.701631e-01	1	
-3.1219e-02	-1.9683e-01	7.6675e-02	-3.0062e-01	1.516769e-01	9.274314e-01	1.560256e-01	9.274314e-01	9.721288e-01	5.569177e-01	1	
7.6675e-02	-3.0062e-01	-3.4381e-01	-1.7876e-02	1.499972e-01	4.459103e-01	1.516769e-01	4.459103e-01	9.889253e-01	8.267638e-01	1	
-3.4381e-01	-1.7876e-02	-6.4358e-01	-1.8487e-01	1.271913e-01	6.884844e-01	1.499972e-01	6.884844e-01	8.479578e-01	7.605016e-01	1	
-6.4358e-01	-1.8487e-01	-2.9841e-01	1.5248e-01	1.504648e-01	4.803443e-01	1.271913e-01	4.803443e-01	1.182981e+00	2.762135e-01	1	
-2.9841e-01	1.5248e-01	-4.5994e-01	2.6684e-01	1.381729e-01	8.801184e-01	1.504648e-01	8.801184e-01	9.183073e-01	4.873974e-01	1	
-4.5994e-01	2.6684e-01	-7.9565e-01	4.3472e-01	1.055155e-01	6.404585e-01	1.381729e-01	6.404585e-01	7.636479e-01	3.077516e-01	1	
-7.9565e-01	4.3472e-01	-1.0538e+00	6.2154e-02	9.116779e-02	5.234546e-01	1.055155e-01	5.234546e-01	8.640230e-01	6.996197e-01	1	
-1.0538e+00	6.2154e-02	-1.7640e+00	-4.9856e-01	2.966061e-02	7.700983e-02	9.116779e-02	7.700983e-02	3.253409e-01	5.272356e-01	0	
-1.0538e+00	6.2154e-02	-6.1107e-01	4.4485e-03	1.320482e-01	5.335321e-01	9.116779e-02	5.335321e-01	1.448409e+00	9.409667e-01	1	
-6.1107e-01	4.4485e-03	-3.6589e-01	1.9530e-01	1.460385e-01	7.356765e-01	1.320482e-01	7.356765e-01	1.105948e+00	8.594384e-01	1	
-3.6589e-01	1.9530e-01	-2.4199e-01	9.0450e-01	1.026716e-01	1.968997e-01	1.460385e-01	1.968997e-01	7.030449e-01	1.167451e-01	1	
-2.4199e-01	9.0450e-01	1.0745e-01	3.6393e-01	1.480992e-01	2.725137e-01	1.026716e-01	2.725137e-01	1.442456e+00	1.257125e-01	1	
1.0745e-01	3.6393e-01	5.1253e-01	3.9831e-01	1.289220e-01	5.934631e-01	1.480992e-01	5.934631e-01	8.705111e-01	5.662966e-01	1	
5.1253e-01	3.9831e-01	7.2031e-01	3.7110e-01	1.146175e-01	8.671763e-01	1.289220e-01	8.671763e-01	8.890449e-01	8.685908e-01	1	
7.2031e-01	3.7110e-01	8.5139e-01	6.6744e-01	8.865125e-02	7.164740e-01	1.146175e-01	7.164740e-01	7.734532e-01	3.826631e-01	1	
8.5139e-01	6.6744e-01	9.0447e-01	8.3705e-01	7.447886e-02	9.012215e-01	8.865125e-02	9.012215e-01	8.401332e-01	4.344132e-01	1	
9.0447e-01	8.3705e-01	6.3773e-01	1.0149e+00	7.759337e-02	7.214168e-01	7.447886e-02	7.214168e-01	1.041817e+00	3.472178e-01	1	
6.3773e-01	1.0149e+00	9.3647e-01	1.1649e+00	5.208850e-02	7.015753e-01	7.759337e-02	7.015753e-01	6.713009e-01	6.902293e-01	0	
6.3773e-01	1.0149e+00	9.7527e-01	1.2482e+00	4.539263e-02	5.878264e-01	7.759337e-02	5.878264e-01	5.850066e-01	1.268128e-01	1	
9.7527e-01	1.2482e+00	1.8834e+00	1.4838e+00	8.983599e-03	6.354464e-02	4.539263e-02	6.354464e-02	1.979087e-01	9.108029e-01	0	
9.7527e-01	1.2482e+00	7.3107e-01	1.4155e+00	4.473848e-02	7.564220e-01	4.539263e-02	7.564220e-01	9.855889e-01	3.784660e-01	1	
7.3107e-01	1.4155e+00	5.4905e-01	1.7082e+00	3.182379e-02	6.862371e-01	4.473848e-02	6.862371e-01	7.113293e-01	2.525124e-01	1	
5.4905e-01	1.7082e+00	-5.8420e-01	1.8509e+00	2.419916e-02	1.686997e-02	3.182379e-02	1.686997e-02	7.604109e-01	8.021607e-01	0	
5.4905e-01	1.7082e+00	1.1400e+00	1.4056e+00	3.094231e-02	2.508762e-01	3.182379e-02	2.508762e-01	9.723011e-01	9.343345e-01	1	
1.1400e+00	1.4056e+00	6.4259e-01	1.7427e+00	2.835893e-02	3.218741e-01	3.094231e-02	3.218741e-01	9.165100e-01	2.201028e-01	1	
6.4259e-01	1.7427e+00	8.9672e-01	2.6478e+00	3.197784e-03	6.284391e-02	2.835893e-02	6.284391e-02	1.127611e-01	1.184857e-01	0	
6.4259e-01	1.7427e+00	1.4436e+00	2.0011e+00	7.581563e-03	1.087069e-01	2.835893e-02	1.087069e-01	2.673430e-01	7.131559e-01	0	
6.4259e-01	1.7427e+00	5.6523e-01	2.3404e+00	8.769979e-03	3.196445e-01	2.835893e-02	3.196445e-01	3.092493e-01	5.538841e-01	0	
6.4259e-01	1.7427e+00	3.6764e-01	1.6499e+00	3.813726e-02	7.645721e-01	2.835893e-02	7.645721e-01	1.344806e+00	1.522795e-01	1	
3.6764e-01	1.6499e+00	8.3661e-01	1.2272e+00	5.282009e-02	2.862345e-01	3.813726e-02	2.862345e-01	1.385000e+00	9.776994e-01	1	
8.3661e-01	1.2272e+00	1.2969e+00	1.5745e+00	1.987469e-02	3.519945e-01	5.282009e-02	3.519945e-01	3.762713e-01	8.174933e-01	0	
8.3661e-01	1.2272e+00	1.1473e+00	1.3097e+00	3.495711e-02	7.202568e-01	5.282009e-02	7.202568e-01	6.618146e-01	5.674409e-01	1	
1.1473e+00	1.3097e+00	8.4696e-01	1.2542e+00	5.063758e-02	7.432275e-01	3.495711e-02	7.432275e-01	1.448563e+00	9.888883e-01	1	
8.4696e-01	1.2542e+00	6.6557e-01	8.8046e-01	8.655519e-02	5.800566e-01	5.063758e-02	5.800566e-01	1.709307e+00	9.271715e-01	1	
6.6557e-01	8.8046e-01	8.3247e-01	7.3448e-01	8.593996e-02	8.530394e-01	8.655519e-02	8.530394e-01	9.928920e-01	4.243008e-01	1	
8.3247e-01	7.3448e-01	6.3506e-01	3.2693e-01	1.233207e-01	5.240718e-01	8.593996e-02	5.240718e-01	1.434963e+00	8.810287e-01	1	
6.3506e-01	3.2693e-01	3.4615e-01	5.7945e-01	1.267333e-01	6.278759e-01	1.233207e-01	6.278759e-01	1.027672e+00	1.752516e-01	1	
3.4615e-01	5.7945e-01	2.6216e-01	8.7994e-01	1.044144e-01	7.338145e-01	1.267333e-01	7.338145e-01	8.238909e-01	6.466736e-01	1	
2.6216e-01	8.7994e-01	-1.9525e-01	7.5699e-01	1.172492e-01	4.934309e-01	1.044144e-01	4.934309e-01	1.122922e+00	3.271501e-01	1	
-1.9525e-01	7.5699e-01	1.0148e-01	6.1534e-01	1.310274e-01	7.095290e-01	1.172492e-01	7.095290e-01	1.117512e+00	3.011287e-01	1	
1.0148e-01	6.1534e-01	-5.3511e-01	5.8200e-01	1.164369e-01	2.793873e-01	1.310274e-01	2.793873e-01	8.886452e-01	7.737502e-01	1	
-5.3511e-01	5.8200e-01	4.9463e-01	4.0166e-01	1.299153e-01	3.269396e-02	1.164369e-01	3.269396e-02	1.115757e+00	6.096745e-01	1	
4.9463e-01	4.0166e-01	1.4673e+00	6.6520e-02	5.411551e-02	3.640555e-02	1.299153e-01	3.640555e-02	4.165445e-01	2.592092e-01	1	
1.4673e+00	6.6520e-02	1.0858e+00	2.4851e-01	8.558643e-02	5.690770e-01	5.411551e-02	5.690770e-01	1.581551e+00	1.952530e-01	1	
1.0858e+00	2.4851e-01	7.8382e-01	5.6856e-01	9.959022e-02	5.431562e-01	8.558643e-02	5.431562e-01	1.163622e+00	8.035383e-02	1	
7.8382e-01	5.6856e-01	5.2114e-01	4.6341e-01	1.247997e-01	7.745515e-01	9.959022e-02	7.745515e-01	1.253132e+00	7.897435e-01	1	
5.2114e-01	4.6341e-01	5.0827e-01	-5.8311e-01	1.180019e-01	3.244097e-02	1.247997e-01	3.244097e-02	9.455305e-01	3.604633e-01	1	
5.0827e-01	-5.8311e-01	1.4884e-02	-8.1126e-01	1.145141e-01	3.950723e-01	1.180019e-01	3.950723e-01	9.704425e-01	5.889578e-02	1	
1.4884e-02	-8.1126e-01	-2.9529e-01	-4.4137e-01	1.382241e-01	4.802327e-01	1.145141e-01	4.802327e-01	1.207049e+00	4.348457e-01	1	
-2.9529e-01	-4.4137e-01	-3.7399e-01	-1.0193e+00	8.827662e-02	3.435782e-01	1.382241e-01	3.435782e-01	6.386486e-01	6.153107e-01	1	
-3.7399e-01	-1.0193e+00	-2.2512e-01	-8.7589e-01	1.057364e-01	8.703958e-01	8.827662e-02	8.703958e-01	1.197784e+00	8.656781e-01	1	
-2.2512e-01	-8.7589e-01	2.1709e-02	2.2954e-02	1.590755e-01	6.584680e-02	1.057364e-01	6.584680e-02	1.504454e+00	7.371118e-01	1	
2.1709e-02	2.2954e-02	7.9973e-01	2.6426e-01	1.116284e-01	1.250697e-01	1.590755e-01	1.250697e-01	7.017323e-01	3.316171e-01	1	
7.9973e-01	2.6426e-01	1.1496e+00	-2.6182e-02	8.216160e-02	5.212413e-01	1.116284e-01	5.212413e-01	7.360275e-01	5.205652e-01	1	
1.1496e+00	-2.6182e-02	1.2138e+00	-6.1557e-02	7.604131e-02	9.781587e-01	8.216160e-02	9.781587e-01	9.255092e-01	4.677127e-01	1	
1.2138e+00	-6.1557e-02	1.4699e+00	3.8738e-01	5.012667e-02	4.317091e-01	7.604131e-02	4.317091e-01	6.592032e-01	8.476702e-01	0	
1.2138e+00	-6.1557e-02	1.0381e+00	5.3827e-01	8.033467e-02	2.934087e-01	7.604131e-02	2.934087e-01	1.056461e+00	8.298305e-01	1	
1.0381e+00	5.3827e-01	1.4702e+00	-2.1028e-01	5.282500e-02	9.633643e-02	8.033467e-02	9.633643e-02	6.575616e-01	7.955631e-01	0	
1.0381e+00	5.3827e-01	1.5953e+00	1.2216e+00	2.114140e-02	8.761428e-02	8.033467e-02	8.761428e-02	2.631666e-01	4.593512e-01	0	
1.0381e+00	5.3827e-01	1.6470e+00	7.1254e-01	3.180920e-02	2.839950e-01	8.033467e-02	2.839950e-01	3.959585e-01	5.320007e-01	0	
1.0381e+00	5.3827e-01	1.0894e+00	9.9207e-01	5.375406e-02	5.183823e-01	8.033467e-02	5.183823e-01	6.691265e-01	9.173988e-01	0	
1.0381e+00	5.3827e-01	1.0384e+00	3.0941e-01	8.848930e-02	8.445238e-01	8.033467e-02	8.445238e-01	1.101508e+00	9.182579e-01	1	
1.0384e+00	3.0941e-01	1.8479e+00	5.2296e-01	2.517236e-02	1.112824e-01	8.848930e-02	1.112824e-01	2.844678e-01	7.539994e-01	0	
1.0384e+00	3.0941e-01	4.1606e-01	7.1523e-01	1.130184e-01	1.772398e-01	8.848930e-02	1.772398e-01	1.277198e+00	7.172936e-01	1	
4.1606e-01	7.1523e-01	8.7050e-01	1.1257e+00	5.782445e-02	3.081596e-01	1.130184e-01	3.081596e-01	5.116377e-01	3.538860e-02	1	
8.7050e-01	1.1257e+00	4.8508e-02	1.3349e+00	6.521496e-02	1.050204e-01	5.782445e-02	1.050204e-01	1.127809e+00	5.462029e-01	1	
4.8508e-02	1.3349e+00	-2.8429e-01	9.7603e-01	9.493096e-02	4.705191e-01	6.521496e-02	4.705191e-01	1.455662e+00	5.425064e-01	1	
-2.8429e-01	9.7603e-01	-3.9812e-01	3.2998e-01	1.392380e-01	2.592169e-01	9.493096e-02	2.592169e-01	1.466729e+00	9.018917e-01	1	
-3.9812e-01	3.2998e-01	-6.8091e-01	5.9019e-01	1.060488e-01	6.270162e-01	1.392380e-01	6.270162e-01	7.616374e-01	2.063134e-01	1	
-6.8091e-01	5.9019e-01	-6.2796e-01	2.4368e-01	1.268523e-01	6.775571e-01	1.060488e-01	6.775571e-01	1.196168e+00	5.980024e-01	1	
-6.2796e-01	2.4368e-01	-1.0546e+00	-1.8787e-01	8.967379e-02	3.147330e-01	1.268523e-01	3.147330e-01	7.069152e-01	2.457312e-01	1	
-1.0546e+00	-1.8787e-01	-1.3677e+00	-1.6266e-01	6.163905e-02	7.306814e-01	8.967379e-02	7.306814e-01	6.873697e-01	6.322793e-01	1	
-1.3677e+00	-1.6266e-01	-6.6274e-01	9.5607e-02	1.271921e-01	1.708528e-01	6.163905e-02	1.708528e-01	2.063499e+00	9.036795e-01	1	
-6.6274e-01	9.5607e-02	-1.0165e+00	1.3570e-01	9.406526e-02	6.693089e-01	1.271921e-01	6.693089e-01	7.395528e-01	5.085373e-01	1	
-1.0165e+00	1.3570e-01	-6.8503e-01	5.7799e-01	1.065067e-01	3.828828e-01	9.406526e-02	3.828828e-01	1.132264e+00	2.915997e-01	1	
-6.8503e-01	5.7799e-01	-9.8494e-01	4.2517e-02	9.789770e-02	3.065447e-01	1.065067e-01	3.065447e-01	9.191696e-01	9.828750e-01	0	
-6.8503e-01	5.7799e-01	-7.1894e-01	9.3441e-01	7.943069e-02	6.663955e-01	1.065067e-01	6.663955e-01	7.457813e-01	2.493538e-02	1	
-7.1894e-01	9.3441e-01	-1.0929e-01	3.8280e-01	1.470303e-01	1.203192e-01	7.943069e-02	1.203192e-01	1.851052e+00	7.350175e-01	1	
-1.0929e-01	3.8280e-01	3.7502e-01	4.8082e-01	1.321535e-01	4.637921e-01	1.470303e-01	4.637921e-01	8.988180e-01	1.387142e-01	1	
3.7502e-01	4.8082e-01	8.0936e-02	7.7135e-01	1.178146e-01	5.831334e-01	1.321535e-01	5.831334e-01	8.914981e-01	2.403639e-01	1	
8.0936e-02	7.7135e-01	-1.5147e-03	9.4569e-01	1.017700e-01	8.855753e-01	1.178146e-01	8.855753e-01	8.638152e-01	6.242286e-01	1	
-1.5147e-03	9.4569e-01	2.0894e-01	4.9275e-01	1.379167e-01	4.562052e-01	1.017700e-01	4.562052e-01	1.355180e+00	7.383705e-02	1	
2.0894e-01	4.9275e-01	7.0279e-01	9.8616e-01	7.645223e-02	2.169177e-01	1.379167e-01	2.169177e-01	5.543362e-01	6.385529e-02	1	
7.0279e-01	9.8616e-01	4.0143e-01	8.6233e-01	1.012404e-01	7.138984e-01	7.645223e-02	7.138984e-01	1.324230e+00	8.384655e-01	1	
4.0143e-01	8.6233e-01	5.2579e-01	1.2300e+00	6.505414e-02	6.212462e-01	1.012404e-01	6.212462e-01	6.425712e-01	1.977334e-01	1	
5.2579e-01	1.2300e+00	3.3834e-01	1.2760e+00	6.659287e-02	8.854151e-01	6.505414e-02	8.854151e-01	1.023653e+00	8.196941e-01	1	
3.3834e-01	1.2760e+00	4.0367e-02	9.1214e-01	1.049060e-01	4.983673e-01	6.659287e-02	4.983673e-01	1.575334e+00	4.442489e-01	1	
4.036688e-02	9.121390e-01	
