1.4651e-02
0.0000e+00
1.0336e-02
0.0000e+00
3.7909e-05
0.0000e+00
3.2902e-05
0.0000e+00
3.3140e-05
0.0000e+00
3.2902e-05
0.0000e+00
3.2902e-05
0.0000e+00
3.2902e-05
0.0000e+00
9.1076e-05
0.0000e+00
3.2902e-05
0.0000e+00
3.1948e-05
0.0000e+00
3.1948e-05
0.0000e+00
3.3140e-05
0.0000e+00
3.2902e-05
0.0000e+00
3.1948e-05
0.0000e+00
3.3140e-05
0.0000e+00
3.6001e-05
0.0000e+00
3.2902e-05
0.0000e+00
3.3140e-05
0.0000e+00
3.2902e-05
0.0000e+00
3.3140e-05
0.0000e+00
3.2902e-05
0.0000e+00
3.3140e-05
0.0000e+00
8.3208e-05
0.0000e+00
3.3855e-05
0.0000e+00
3.1948e-05
0.0000e+00
3.2902e-05
0.0000e+00
3.3140e-05
0.0000e+00
3.2902e-05
0.0000e+00
3.2187e-05
0.0000e+00
3.1948e-05
0.0000e+00
3.6001e-05
0.0000e+00
3.3140e-05
0.0000e+00
3.2902e-05
0.0000e+00
3.2902e-05
0.0000e+00
3.2902e-05
0.0000e+00
3.1948e-05
0.0000e+00
3.2187e-05
0.0000e+00
8.7023e-05
0.0000e+00
3.5048e-05
0.0000e+00
3.2902e-05
0.0000e+00
3.2187e-05
0.0000e+00
3.2902e-05
0.0000e+00
3.2902e-05
0.0000e+00
3.2902e-05
0.0000e+00
3.1948e-05
0.0000e+00
8.4877e-05
0.0000e+00
3.3140e-05
0.0000e+00
3.2902e-05
0.0000e+00
3.2902e-05
0.0000e+00
3.3140e-05
0.0000e+00
3.1948e-05
0.0000e+00
3.3140e-05
0.0000e+00
3.3140e-05
0.0000e+00
3.6001e-05
0.0000e+00
3.2902e-05
0.0000e+00
3.3140e-05
0.0000e+00
3.1948e-05
0.0000e+00
3.1948e-05
0.0000e+00
3.3140e-05
0.0000e+00
3.2902e-05
0.0000e+00
8.4162e-05
0.0000e+00
3.4094e-05
0.0000e+00
3.1948e-05
0.0000e+00
3.3140e-05
0.0000e+00
3.1948e-05
0.0000e+00
3.1948e-05
0.0000e+00
3.1948e-05
0.0000e+00
3.1948e-05
0.0000e+00
3.6001e-05
0.0000e+00
3.3140e-05
0.0000e+00
3.2902e-05
0.0000e+00
3.1948e-05
0.0000e+00
3.2187e-05
0.0000e+00
3.1948e-05
0.0000e+00
3.3140e-05
0.0000e+00
8.2970e-05
0.0000e+00
3.2902e-05
0.0000e+00
3.3140e-05
0.0000e+00
3.2902e-05
0.0000e+00
3.1948e-05
0.0000e+00
3.2902e-05
0.0000e+00
3.2902e-05
0.0000e+00
3.3140e-05
0.0000e+00
3.5048e-05
0.0000e+00
3.3140e-05
0.0000e+00
3.2902e-05
0.0000e+00
3.1948e-05
0.0000e+00
3.1948e-05
0.0000e+00
3.2902e-05
0.0000e+00
3.3140e-05
0.0000e+00
8.7976e-05
0.0000e+00
3.2902e-05
0.0000e+00
3.3140e-05
0.0000e+00
3.2902e-05
0.0000e+00
3.2187e-05
0.0000e+00
3.2902e-05
0.0000e+00
3.2902e-05
0.0000e+00
3.3140e-05
0.0000e+00
3.5048e-05
0.0000e+00
3.3140e-05
0.0000e+00
3.2902e-05
0.0000e+00
3.3140e-05
0.0000e+00
3.3140e-05
0.0000e+00
3.2902e-05
0.0000e+00
3.3140e-05
0.0000e+00
8.2016e-05
0.0000e+00
3.2902e-05
0.0000e+00
3.1948e-05
0.0000e+00
3.2902e-05
0.0000e+00
3.1948e-05
0.0000e+00
3.2902e-05
0.0000e+00
3.2902e-05
0.0000e+00
3.3140e-05
0.0000e+00
3.5048e-05
0.0000e+00
3.2902e-05
0.0000e+00
3.1948e-05
0.0000e+00
3.2902e-05
0.0000e+00
3.3140e-05
0.0000e+00
3.2902e-05
0.0000e+00
3.2902e-05
0.0000e+00
8.4162e-05
0.0000e+00
3.2902e-05
0.0000e+00
3.3140e-05
0.0000e+00
3.1948e-05
0.0000e+00
3.1948e-05
0.0000e+00
3.3140e-05
0.0000e+00
3.2902e-05
0.0000e+00
3.2902e-05
0.0000e+00
3.5048e-05
0.0000e+00
3.2902e-05
0.0000e+00
3.2902e-05
0.0000e+00
3.1948e-05
0.0000e+00
3.1948e-05
0.0000e+00
3.2187e-05
0.0000e+00
3.2902e-05
0.0000e+00
5.5075e-05
0.0000e+00
9.2030e-05
0.0000e+00
3.2902e-05
0.0000e+00
3.3140e-05
0.0000e+00
3.2902e-05
0.0000e+00
3.1948e-05
0.0000e+00
4.1008e-05
0.0000e+00
3.3855e-05
0.0000e+00
3.6001e-05
0.0000e+00
3.2902e-05
0.0000e+00
1.3518e-04
0.0000e+00
3.2902e-05
0.0000e+00
3.2902e-05
0.0000e+00
3.2902e-05
0.0000e+00
3.3140e-05
0.0000e+00
5.7936e-05
0.0000e+00
3.2902e-05
0.0000e+00
3.3140e-05
0.0000e+00
3.2902e-05
0.0000e+00
3.2187e-05
0.0000e+00
3.2902e-05
0.0000e+00
3.2902e-05
0.0000e+00
3.3140e-05
0.0000e+00
3.5048e-05
0.0000e+00
3.2902e-05
0.0000e+00
3.3140e-05
0.0000e+00
3.2902e-05
0.0000e+00
3.2902e-05
0.0000e+00
3.3140e-05
0.0000e+00
3.2902e-05
0.0000e+00
5.4121e-05
0.0000e+00
3.3855e-05
0.0000e+00
3.3140e-05
0.0000e+00
3.2902e-05
0.0000e+00
3.2902e-05
0.0000e+00
3.3140e-05
0.0000e+00
3.1948e-05
0.0000e+00
3.2187e-05
0.0000e+00
3.4809e-05
0.0000e+00
3.3140e-05
0.0000e+00
3.2902e-05
0.0000e+00
3.3140e-05
0.0000e+00
3.1948e-05
0.0000e+00
3.3140e-05
0.0000e+00
3.2902e-05
0.0000e+00
5.4121e-05
0.0000e+00
3.2902e-05
0.0000e+00
3.1948e-05
0.0000e+00
3.3140e-05
0.0000e+00
3.2902e-05
0.0000e+00
3.1948e-05
0.0000e+00
3.6001e-05
0.0000e+00
3.2902e-05
0.0000e+00
3.5048e-05
0.0000e+00
3.2902e-05
0.0000e+00
3.2902e-05
0.0000e+00
3.2902e-05
0.0000e+00
3.3140e-05
0.0000e+00
3.3855e-05
0.0000e+00
3.2902e-05
0.0000e+00
5.2929e-05
0.0000e+00
3.4094e-05
0.0000e+00
3.1948e-05
0.0000e+00
3.2187e-05
0.0000e+00
1.6788e-01
0.0000e+00
8.8930e-05
0.0000e+00
8.7023e-05
0.0000e+00
8.7976e-05
0.0000e+00
6.8810e-03
0.0000e+00
3.4094e-05
0.0000e+00
3.4094e-05
0.0000e+00
3.3855e-05
0.0000e+00
3.3140e-05
0.0000e+00
3.2902e-05
0.0000e+00
3.2187e-05
0.0000e+00
1.0705e-04
0.0000e+00
3.6001e-05
0.0000e+00
3.2902e-05
0.0000e+00
3.3140e-05
0.0000e+00
3.2902e-05
0.0000e+00
3.3140e-05
0.0000e+00
3.2902e-05
0.0000e+00
3.1948e-05
0.0000e+00
5.7936e-05
0.0000e+00
3.2902e-05
0.0000e+00
3.2902e-05
0.0000e+00
3.2902e-05
0.0000e+00
3.3140e-05
0.0000e+00
3.1948e-05
0.0000e+00
1.3990e-03
0.0000e+00
3.4094e-05
0.0000e+00
3.6001e-05
0.0000e+00
3.2902e-05
0.0000e+00
3.2902e-05
0.0000e+00
3.2902e-05
0.0000e+00
3.2902e-05
0.0000e+00
3.2902e-05
0.0000e+00
3.1948e-05
0.0000e+00
5.7936e-05
0.0000e+00
3.3140e-05
0.0000e+00
3.1948e-05
0.0000e+00
3.3140e-05
0.0000e+00
3.1948e-05
0.0000e+00
3.2902e-05
0.0000e+00
3.2187e-05
0.0000e+00
3.1948e-05
0.0000e+00
5.5075e-05
0.0000e+00
3.2902e-05
0.0000e+00
3.4094e-05
0.0000e+00
3.2902e-05
0.0000e+00
3.2187e-05
0.0000e+00
3.1948e-05
0.0000e+00
3.1948e-05
0.0000e+00
3.2187e-05
0.0000e+00
3.5048e-05
0.0000e+00
3.3140e-05
0.0000e+00
3.1948e-05
0.0000e+00
3.2902e-05
0.0000e+00
3.3140e-05
0.0000e+00
3.2902e-05
0.0000e+00
3.2187e-05
0.0000e+00
5.3883e-05
0.0000e+00
3.3140e-05
0.0000e+00
3.2902e-05
0.0000e+00
3.3140e-05
0.0000e+00
3.2902e-05
0.0000e+00
3.3140e-05
0.0000e+00
3.2902e-05
0.0000e+00
3.3140e-05
0.0000e+00
3.5048e-05
0.0000e+00
3.3140e-05
0.0000e+00
3.1948e-05
0.0000e+00
3.1948e-05
0.0000e+00
3.2187e-05
0.0000e+00
3.1948e-05
0.0000e+00
3.3140e-05
0.0000e+00
5.2929e-05
0.0000e+00
3.2902e-05
0.0000e+00
3.3140e-05
0.0000e+00
3.1948e-05
0.0000e+00
3.2187e-05
0.0000e+00
3.2902e-05
0.0000e+00
3.3140e-05
0.0000e+00
3.3140e-05
0.0000e+00
3.3855e-05
0.0000e+00
3.3140e-05
0.0000e+00
3.1948e-05
0.0000e+00
3.3140e-05
0.0000e+00
3.2902e-05
0.0000e+00
3.2902e-05
0.0000e+00
3.3140e-05
0.0000e+00
5.1022e-05
0.0000e+00
3.5048e-05
0.0000e+00
3.2902e-05
0.0000e+00
3.2902e-05
0.0000e+00
3.1948e-05
0.0000e+00
3.1948e-05
0.0000e+00
3.1948e-05
0.0000e+00
3.2187e-05
0.0000e+00
5.3883e-05
0.0000e+00
2.2130e-03
0.0000e+00
3.3140e-05
0.0000e+00
3.3855e-05
0.0000e+00
3.2902e-05
0.0000e+00
3.1948e-05
0.0000e+00
3.3140e-05
0.0000e+00
3.2902e-05
0.0000e+00
3.6001e-05
0.0000e+00
3.3140e-05
0.0000e+00
3.2902e-05
0.0000e+00
3.3140e-05
0.0000e+00
3.2902e-05
0.0000e+00
3.3140e-05
0.0000e+00
3.1948e-05
0.0000e+00
5.5075e-05
0.0000e+00
3.2902e-05
0.0000e+00
3.3140e-05
0.0000e+00
3.1948e-05
0.0000e+00
3.3140e-05
0.0000e+00
3.3855e-05
0.0000e+00
3.1948e-05
0.0000e+00
1.5414e-02
0.0000e+00
4.2915e-05
0.0000e+00
3.4094e-05
0.0000e+00
3.4094e-05
0.0000e+00
3.3140e-05
0.0000e+00
3.2902e-05
0.0000e+00
3.2902e-05
0.0000e+00
3.3140e-05
0.0000e+00
6.3896e-05
0.0000e+00
3.4094e-05
0.0000e+00
3.2902e-05
0.0000e+00
3.3140e-05
0.0000e+00
3.1948e-05
0.0000e+00
3.3140e-05
0.0000e+00
3.2902e-05
0.0000e+00
3.2187e-05
0.0000e+00
3.5048e-05
0.0000e+00
3.2902e-05
0.0000e+00
3.2902e-05
0.0000e+00
3.1948e-05
0.0000e+00
3.1948e-05
0.0000e+00
3.3140e-05
0.0000e+00
3.1948e-05
0.0000e+00
5.4121e-05
0.0000e+00
3.2902e-05
0.0000e+00
3.3140e-05
0.0000e+00
3.2902e-05
0.0000e+00
3.3140e-05
0.0000e+00
3.2902e-05
0.0000e+00
3.3140e-05
0.0000e+00
3.2902e-05
0.0000e+00
5.4121e-05
0.0000e+00
3.3855e-05
0.0000e+00
3.3140e-05
0.0000e+00
3.2902e-05
0.0000e+00
3.3140e-05
0.0000e+00
3.2902e-05
0.0000e+00
3.3140e-05
0.0000e+00
3.2902e-05
0.0000e+00
3.5048e-05
0.0000e+00
3.3855e-05
0.0000e+00
3.3140e-05
0.0000e+00
3.1948e-05
0.0000e+00
3.3140e-05
0.0000e+00
3.2902e-05
0.0000e+00
3.3140e-05
0.0000e+00
5.3883e-05
0.0000e+00
3.3140e-05
0.0000e+00
3.2902e-05
0.0000e+00
3.3140e-05
0.0000e+00
3.1948e-05
0.0000e+00
3.3140e-05
0.0000e+00
3.2902e-05
0.0000e+00
3.3140e-05
0.0000e+00
3.6001e-05
0.0000e+00
3.3140e-05
0.0000e+00
3.4809e-05
0.0000e+00
3.3140e-05
0.0000e+00
3.3855e-05
0.0000e+00
3.3140e-05
0.0000e+00
3.2902e-05
0.0000e+00
5.4121e-05
0.0000e+00
3.2902e-05
0.0000e+00
3.3140e-05
0.0000e+00
3.2902e-05
0.0000e+00
3.3140e-05
0.0000e+00
3.2902e-05
0.0000e+00
3.2902e-05
0.0000e+00
3.3140e-05
0.0000e+00
3.6001e-05
0.0000e+00
3.2902e-05
0.0000e+00
3.2902e-05
0.0000e+00
3.2902e-05
0.0000e+00
3.2902e-05
0.0000e+00
3.3140e-05
0.0000e+00
3.1948e-05
0.0000e+00
5.1022e-05
0.0000e+00
3.5048e-05
0.0000e+00
3.2902e-05
0.0000e+00
3.3140e-05
0.0000e+00
3.2902e-05
0.0000e+00
3.2187e-05
0.0000e+00
3.2902e-05
0.0000e+00
3.3140e-05
0.0000e+00
5.3883e-05
0.0000e+00
3.3140e-05
0.0000e+00
3.3855e-05
0.0000e+00
3.3140e-05
0.0000e+00
3.2902e-05
0.0000e+00
3.3140e-05
0.0000e+00
3.3140e-05
0.0000e+00
5.1022e-05
0.0000e+00
3.4094e-05
0.0000e+00
3.4094e-05
0.0000e+00
3.2902e-05
0.0000e+00
3.2902e-05
0.0000e+00
3.3140e-05
0.0000e+00
3.2902e-05
0.0000e+00
3.3140e-05
0.0000e+00
5.3883e-05
0.0000e+00
3.3855e-05
0.0000e+00
3.2902e-05
0.0000e+00
3.2902e-05
0.0000e+00
3.2902e-05
0.0000e+00
3.2902e-05
0.0000e+00
3.2902e-05
0.0000e+00
3.3140e-05
0.0000e+00
3.4809e-05
0.0000e+00
3.4094e-05
0.0000e+00
3.2902e-05
0.0000e+00
9.7990e-05
0.0000e+00
3.2902e-05
0.0000e+00
3.3140e-05
0.0000e+00
3.2902e-05
0.0000e+00
5.6982e-05
0.0000e+00
3.4094e-05
0.0000e+00
3.2902e-05
0.0000e+00
3.1948e-05
0.0000e+00
3.2902e-05
0.0000e+00
3.2902e-05
0.0000e+00
3.3140e-05
0.0000e+00
3.2902e-05
0.0000e+00
3.6001e-05
0.0000e+00
3.3140e-05
0.0000e+00
3.2902e-05
0.0000e+00
3.3140e-05
0.0000e+00
3.2902e-05
0.0000e+00
3.2902e-05
0.0000e+00
3.3140e-05
0.0000e+00
5.3883e-05
0.0000e+00
3.2902e-05
0.0000e+00
3.4094e-05
0.0000e+00
3.2902e-05
0.0000e+00
3.2902e-05
0.0000e+00
3.2902e-05
0.0000e+00
3.2902e-05
0.0000e+00
3.1948e-05
0.0000e+00
3.5048e-05
0.0000e+00
3.2902e-05
0.0000e+00
3.2902e-05
0.0000e+00
3.2902e-05
0.0000e+00
3.2902e-05
0.0000e+00
3.3140e-05
0.0000e+00
3.1948e-05
0.0000e+00
5.1975e-05
0.0000e+00
3.4809e-05
0.0000e+00
3.2902e-05
0.0000e+00
3.3140e-05
0.0000e+00
3.3140e-05
0.0000e+00
3.2902e-05
0.0000e+00
3.3140e-05
0.0000e+00
3.2902e-05
0.0000e+00
5.5075e-05
0.0000e+00
3.2902e-05
0.0000e+00
3.3140e-05
0.0000e+00
3.1948e-05
0.0000e+00
3.3140e-05
0.0000e+00
3.2902e-05
0.0000e+00
3.2902e-05
0.0000e+00
3.3140e-05
0.0000e+00
3.4809e-05
0.0000e+00
3.2902e-05
0.0000e+00
3.4094e-05
0.0000e+00
3.2902e-05
0.0000e+00
3.1948e-05
0.0000e+00
3.3140e-05
0.0000e+00
3.2902e-05
0.0000e+00
5.5075e-05
0.0000e+00
3.3140e-05
0.0000e+00
3.2902e-05
0.0000e+00
3.2902e-05
0.0000e+00
3.1948e-05
0.0000e+00
3.8147e-05
0.0000e+00
3.2902e-05
0.0000e+00
3.3140e-05
0.0000e+00
3.6001e-05
0.0000e+00
3.3140e-05
0.0000e+00
3.2902e-05
0.0000e+00
3.4094e-05
0.0000e+00
3.2902e-05
0.0000e+00
3.3140e-05
0.0000e+00
3.2902e-05
0.0000e+00
5.5075e-05
0.0000e+00
3.2902e-05
0.0000e+00
3.2902e-05
0.0000e+00
3.2902e-05
0.0000e+00
3.3140e-05
0.0000e+00
3.2902e-05
0.0000e+00
3.3140e-05
0.0000e+00
3.2902e-05
0.0000e+00
3.5048e-05
0.0000e+00
3.1948e-05
0.0000e+00
3.1948e-05
0.0000e+00
3.1948e-05
0.0000e+00
3.2902e-05
0.0000e+00
3.1948e-05
0.0000e+00
3.2902e-05
0.0000e+00
5.4121e-05
0.0000e+00
3.3855e-05
0.0000e+00
3.3140e-05
0.0000e+00
3.2902e-05
0.0000e+00
3.3140e-05
0.0000e+00
3.1948e-05
0.0000e+00
3.2902e-05
0.0000e+00
3.3140e-05
0.0000e+00
3.5048e-05
0.0000e+00
3.2187e-05
0.0000e+00
3.1948e-05
0.0000e+00
3.1948e-05
0.0000e+00
3.3140e-05
0.0000e+00
3.2902e-05
0.0000e+00
3.1948e-05
0.0000e+00
1.7517e-01
0.0000e+00
3.3140e-05
0.0000e+00
3.2902e-05
0.0000e+00
3.3140e-05
0.0000e+00
3.2902e-05
0.0000e+00
3.1948e-05
0.0000e+00
3.2902e-05
0.0000e+00
3.2902e-05
0.0000e+00
3.5048e-05
0.0000e+00
3.3140e-05
0.0000e+00
3.3140e-05
0.0000e+00
3.2902e-05
0.0000e+00
3.2187e-05
0.0000e+00
3.2902e-05
0.0000e+00
3.2902e-05
0.0000e+00
5.4121e-05
0.0000e+00
3.2902e-05
0.0000e+00
3.1948e-05
0.0000e+00
3.2902e-05
0.0000e+00
3.2902e-05
0.0000e+00
3.1948e-05
0.0000e+00
3.3140e-05
0.0000e+00
3.2902e-05
0.0000e+00
3.5048e-05
0.0000e+00
3.2902e-05
0.0000e+00
3.3140e-05
0.0000e+00
3.1948e-05
0.0000e+00
3.3140e-05
0.0000e+00
3.1948e-05
0.0000e+00
3.1948e-05
0.0000e+00
5.4121e-05
0.0000e+00
3.3855e-05
0.0000e+00
3.1948e-05
0.0000e+00
3.2902e-05
0.0000e+00
3.2902e-05
0.0000e+00
3.3140e-05
0.0000e+00
3.1948e-05
0.0000e+00
3.2187e-05
0.0000e+00
5.2929e-05
0.0000e+00
3.2902e-05
0.0000e+00
3.3140e-05
0.0000e+00
3.2902e-05
0.0000e+00
3.1948e-05
0.0000e+00
3.3140e-05
0.0000e+00
3.2902e-05
0.0000e+00
8.2970e-05
0.0000e+00
3.4809e-05
0.0000e+00
3.3140e-05
0.0000e+00
3.2902e-05
0.0000e+00
3.2902e-05
0.0000e+00
3.3140e-05
0.0000e+00
3.2902e-05
0.0000e+00
3.1948e-05
0.0000e+00
5.4121e-05
0.0000e+00
3.2902e-05
0.0000e+00
3.3140e-05
0.0000e+00
3.1948e-05
0.0000e+00
3.1948e-05
0.0000e+00
3.1948e-05
0.0000e+00
3.1948e-05
0.0000e+00
3.2187e-05
0.0000e+00
3.4094e-05
0.0000e+00
3.3140e-05
0.0000e+00
3.3140e-05
0.0000e+00
3.2902e-05
0.0000e+00
3.1948e-05
0.0000e+00
3.1948e-05
0.0000e+00
3.1948e-05
0.0000e+00
5.4121e-05
0.0000e+00
3.2902e-05
0.0000e+00
3.2902e-05
0.0000e+00
3.3140e-05
0.0000e+00
3.2902e-05
0.0000e+00
3.3140e-05
0.0000e+00
3.1948e-05
0.0000e+00
3.1948e-05
0.0000e+00
3.5048e-05
0.0000e+00
3.2902e-05
0.0000e+00
3.2902e-05
0.0000e+00
3.2187e-05
0.0000e+00
3.1948e-05
0.0000e+00
3.2902e-05
0.0000e+00
3.3140e-05
0.0000e+00
8.3923e-05
0.0000e+00
3.2902e-05
0.0000e+00
3.3140e-05
0.0000e+00
3.1948e-05
0.0000e+00
3.2902e-05
0.0000e+00
3.3140e-05
0.0000e+00
3.1948e-05
0.0000e+00
3.1948e-05
0.0000e+00
3.5048e-05
0.0000e+00
3.1948e-05
0.0000e+00
3.1948e-05
0.0000e+00
3.1948e-05
0.0000e+00
3.1948e-05
0.0000e+00
3.2902e-05
0.0000e+00
3.3140e-05
0.0000e+00
5.3167e-05
0.0000e+00
3.2902e-05
0.0000e+00
3.2187e-05
0.0000e+00
3.1948e-05
0.0000e+00
3.2902e-05
0.0000e+00
3.3140e-05
0.0000e+00
3.1948e-05
0.0000e+00
3.2902e-05
0.0000e+00
3.5048e-05
0.0000e+00
3.2902e-05
0.0000e+00
3.3140e-05
0.0000e+00
3.2902e-05
0.0000e+00
3.3140e-05
0.0000e+00
3.2902e-05
0.0000e+00
3.2902e-05
0.0000e+00
5.1975e-05
0.0000e+00
3.2902e-05
0.0000e+00
3.2187e-05
0.0000e+00
3.1948e-05
0.0000e+00
3.1948e-05
0.0000e+00
3.2187e-05
0.0000e+00
3.1948e-05
0.0000e+00
3.1948e-05
0.0000e+00
3.5048e-05
0.0000e+00
3.1948e-05
0.0000e+00
3.2902e-05
0.0000e+00
3.3140e-05
0.0000e+00
3.1948e-05
0.0000e+00
3.3140e-05
0.0000e+00
3.3140e-05
0.0000e+00
5.0068e-05
0.0000e+00
3.5048e-05
0.0000e+00
3.1948e-05
0.0000e+00
3.1948e-05
0.0000e+00
3.3140e-05
0.0000e+00
3.2902e-05
0.0000e+00
3.2902e-05
0.0000e+00
3.3140e-05
0.0000e+00
5.3883e-05
0.0000e+00
3.1948e-05
0.0000e+00
3.2902e-05
0.0000e+00
3.3140e-05
0.0000e+00
3.2902e-05
0.0000e+00
3.3140e-05
0.0000e+00
3.2902e-05
0.0000e+00
3.2902e-05
0.0000e+00
3.6001e-05
0.0000e+00
3.2902e-05
0.0000e+00
3.3140e-05
0.0000e+00
3.2902e-05
0.0000e+00
3.3140e-05
0.0000e+00
3.1948e-05
0.0000e+00
3.2902e-05
0.0000e+00
5.3167e-05
0.0000e+00
3.2902e-05
0.0000e+00
3.3140e-05
0.0000e+00
3.2902e-05
0.0000e+00
3.3140e-05
0.0000e+00
3.3140e-05
0.0000e+00
3.2902e-05
0.0000e+00
3.3140e-05
0.0000e+00
3.3855e-05
0.0000e+00
3.2187e-05
0.0000e+00
3.2902e-05
0.0000e+00
3.1948e-05
0.0000e+00
3.1948e-05
0.0000e+00
3.2902e-05
0.0000e+00
3.1948e-05
0.0000e+00
5.3167e-05
0.0000e+00
3.2902e-05
0.0000e+00
3.2902e-05
0.0000e+00
3.3140e-05
0.0000e+00
3.2902e-05
0.0000e+00
3.1948e-05
0.0000e+00
3.2902e-05
0.0000e+00
3.2902e-05
0.0000e+00
3.5048e-05
0.0000e+00
3.1948e-05
0.0000e+00
3.1948e-05
0.0000e+00
3.2187e-05
0.0000e+00
3.1948e-05
0.0000e+00
3.2902e-05
0.0000e+00
3.1948e-05
0.0000e+00
5.0783e-05
0.0000e+00
3.4809e-05
0.0000e+00
3.3140e-05
0.0000e+00
3.2902e-05
0.0000e+00
3.2902e-05
0.0000e+00
3.2187e-05
0.0000e+00
3.2902e-05
0.0000e+00
3.1948e-05
0.0000e+00
3.6001e-05
0.0000e+00
3.2902e-05
0.0000e+00
3.2187e-05
0.0000e+00
3.3140e-05
0.0000e+00
3.1948e-05
0.0000e+00
3.3140e-05
0.0000e+00
3.1948e-05
0.0000e+00
5.1022e-05
0.0000e+00
3.4094e-05
0.0000e+00
3.3140e-05
0.0000e+00
3.1948e-05
0.0000e+00
3.3140e-05
0.0000e+00
3.2902e-05
0.0000e+00
3.2902e-05
0.0000e+00
3.2187e-05
0.0000e+00
4.3154e-05
0.0000e+00
3.2902e-05
0.0000e+00
3.2902e-05
0.0000e+00
7.9107e-04
0.0000e+00
3.6001e-05
0.0000e+00
3.4094e-05
0.0000e+00
3.3855e-05
0.0000e+00
6.6042e-05
0.0000e+00
3.5048e-05
0.0000e+00
3.2902e-05
0.0000e+00
3.3140e-05
0.0000e+00
3.1948e-05
0.0000e+00
3.6001e-05
0.0000e+00
3.3140e-05
0.0000e+00
3.2902e-05
0.0000e+00
5.4121e-05
0.0000e+00
3.2902e-05
0.0000e+00
3.2902e-05
0.0000e+00
3.2902e-05
0.0000e+00
3.2902e-05
0.0000e+00
3.2902e-05
0.0000e+00
3.2902e-05
0.0000e+00
3.3140e-05
0.0000e+00
3.5048e-05
0.0000e+00
3.1948e-05
0.0000e+00
3.1948e-05
0.0000e+00
3.1948e-05
0.0000e+00
3.3140e-05
0.0000e+00
3.1948e-05
0.0000e+00
3.2902e-05
0.0000e+00
5.4121e-05
0.0000e+00
3.1948e-05
0.0000e+00
3.2187e-05
0.0000e+00
3.1948e-05
0.0000e+00
3.1948e-05
0.0000e+00
3.2187e-05
0.0000e+00
3.2902e-05
0.0000e+00
3.1948e-05
0.0000e+00
3.5048e-05
0.0000e+00
3.2902e-05
0.0000e+00
3.3140e-05
0.0000e+00
3.2902e-05
0.0000e+00
3.3140e-05
0.0000e+00
3.1948e-05
0.0000e+00
3.3855e-05
0.0000e+00
5.3167e-05
0.0000e+00
3.1948e-05
0.0000e+00
3.1948e-05
0.0000e+00
3.1948e-05
0.0000e+00
3.2902e-05
0.0000e+00
3.3140e-05
0.0000e+00
4.3869e-05
0.0000e+00
3.3140e-05
0.0000e+00
1.3185e-04
0.0000e+00
3.2902e-05
0.0000e+00
3.2902e-05
0.0000e+00
3.2187e-05
0.0000e+00
3.1948e-05
0.0000e+00
3.1948e-05
0.0000e+00
3.1948e-05
0.0000e+00
5.7936e-05
0.0000e+00
3.3140e-05
0.0000e+00
3.2902e-05
0.0000e+00
3.3140e-05
0.0000e+00
3.2902e-05
0.0000e+00
3.2902e-05
0.0000e+00
3.3140e-05
0.0000e+00
3.1948e-05
0.0000e+00
3.4809e-05
0.0000e+00
3.1948e-05
0.0000e+00
3.1948e-05
0.0000e+00
3.2187e-05
0.0000e+00
3.2902e-05
0.0000e+00
3.3140e-05
0.0000e+00
3.2902e-05
0.0000e+00
5.4121e-05
0.0000e+00
3.2902e-05
0.0000e+00
3.1948e-05
0.0000e+00
3.3140e-05
0.0000e+00
3.2902e-05
0.0000e+00
3.3140e-05
0.0000e+00
3.2902e-05
0.0000e+00
3.1948e-05
0.0000e+00
3.6001e-05
0.0000e+00
3.3140e-05
0.0000e+00
3.2902e-05
0.0000e+00
3.1948e-05
0.0000e+00
3.3140e-05
0.0000e+00
3.2902e-05
0.0000e+00
3.3140e-05
0.0000e+00
5.1022e-05
0.0000e+00
3.5048e-05
0.0000e+00
3.2902e-05
0.0000e+00
3.3140e-05
0.0000e+00
3.1948e-05
0.0000e+00
3.1948e-05
0.0000e+00
3.2902e-05
0.0000e+00
3.2902e-05
0.0000e+00
5.3167e-05
0.0000e+00
3.2902e-05
0.0000e+00
3.2902e-05
0.0000e+00
3.3140e-05
0.0000e+00
3.2902e-05
0.0000e+00
3.2902e-05
0.0000e+00
3.3140e-05
0.0000e+00
3.1948e-05
0.0000e+00
3.5048e-05
0.0000e+00
3.2902e-05
0.0000e+00
3.4094e-05
0.0000e+00
3.2902e-05
0.0000e+00
3.1948e-05
0.0000e+00
3.2902e-05
0.0000e+00
3.3140e-05
0.0000e+00
5.4836e-05
0.0000e+00
3.2902e-05
0.0000e+00
3.2902e-05
0.0000e+00
3.3140e-05
0.0000e+00
3.2902e-05
0.0000e+00
3.2902e-05
0.0000e+00
3.2902e-05
0.0000e+00
3.3140e-05
0.0000e+00
3.6001e-05
0.0000e+00
3.2902e-05
0.0000e+00
3.3140e-05
0.0000e+00
3.1948e-05
0.0000e+00
3.2902e-05
0.0000e+00
3.3140e-05
0.0000e+00
3.2902e-05
0.0000e+00
5.7936e-05
0.0000e+00
3.3140e-05
0.0000e+00
3.2902e-05
0.0000e+00
3.3140e-05
0.0000e+00
3.2902e-05
0.0000e+00
3.3140e-05
0.0000e+00
3.1948e-05
0.0000e+00
3.2902e-05
0.0000e+00
5.4121e-05
0.0000e+00
3.2902e-05
0.0000e+00
3.4094e-05
0.0000e+00
3.1948e-05
0.0000e+00
3.3140e-05
0.0000e+00
3.1948e-05
0.0000e+00
3.1948e-05
0.0000e+00
3.2902e-05
0.0000e+00
3.5048e-05
0.0000e+00
3.2902e-05
0.0000e+00
3.1948e-05
0.0000e+00
3.3140e-05
0.0000e+00
3.2902e-05
0.0000e+00
2.2793e-04
0.0000e+00
3.5048e-05
0.0000e+00
6.6042e-05
0.0000e+00
3.2902e-05
0.0000e+00
3.3140e-05
0.0000e+00
3.2902e-05
0.0000e+00
3.2902e-05
0.0000e+00
3.1948e-05
0.0000e+00
3.2187e-05
0.0000e+00
3.2902e-05
0.0000e+00
3.6001e-05
0.0000e+00
3.1948e-05
0.0000e+00
3.3140e-05
0.0000e+00
3.2902e-05
0.0000e+00
3.2902e-05
0.0000e+00
3.2902e-05
0.0000e+00
3.2902e-05
0.0000e+00
5.4121e-05
0.0000e+00
3.5048e-05
0.0000e+00
3.2902e-05
0.0000e+00
3.3140e-05
0.0000e+00
3.2902e-05
0.0000e+00
3.2187e-05
0.0000e+00
3.2902e-05
0.0000e+00
3.2902e-05
0.0000e+00
5.6982e-05
0.0000e+00
3.2902e-05
0.0000e+00
3.2187e-05
0.0000e+00
3.2902e-05
0.0000e+00
3.2902e-05
0.0000e+00
3.1948e-05
0.0000e+00
3.2902e-05
0.0000e+00
5.5075e-05
0.0000e+00
3.4809e-05
0.0000e+00
3.3140e-05
0.0000e+00
3.2902e-05
0.0000e+00
3.2902e-05
0.0000e+00
3.4094e-05
0.0000e+00
3.2902e-05
0.0000e+00
3.2187e-05
0.0000e+00
5.6028e-05
0.0000e+00
3.3855e-05
0.0000e+00
3.3140e-05
0.0000e+00
3.2902e-05
0.0000e+00
3.3140e-05
0.0000e+00
3.2902e-05
0.0000e+00
3.4094e-05
0.0000e+00
3.2902e-05
0.0000e+00
3.6001e-05
0.0000e+00
3.6001e-05
0.0000e+00
3.2902e-05
0.0000e+00
3.3140e-05
0.0000e+00
3.2902e-05
0.0000e+00
3.4094e-05
0.0000e+00
3.3855e-05
0.0000e+00
5.6982e-05
0.0000e+00
3.3140e-05
0.0000e+00
3.2902e-05
0.0000e+00
3.3140e-05
0.0000e+00
3.2902e-05
0.0000e+00
3.3140e-05
0.0000e+00
3.2902e-05
0.0000e+00
3.3140e-05
0.0000e+00
3.5048e-05
0.0000e+00
3.2902e-05
0.0000e+00
3.2187e-05
0.0000e+00
3.2902e-05
0.0000e+00
3.3140e-05
0.0000e+00
3.1948e-05
0.0000e+00
3.3140e-05
0.0000e+00
6.4953e-02
0.0000e+00
3.8862e-05
0.0000e+00
3.7909e-05
0.0000e+00
3.4094e-05
0.0000e+00
3.2902e-05
0.0000e+00
2.0409e-04
0.0000e+00
3.4094e-05
0.0000e+00
3.2902e-05
0.0000e+00
3.5048e-05
0.0000e+00
3.3140e-05
0.0000e+00
3.3140e-05
0.0000e+00
3.1948e-05
0.0000e+00
3.1948e-05
0.0000e+00
3.1948e-05
0.0000e+00
3.2902e-05
0.0000e+00
5.4121e-05
0.0000e+00
3.2902e-05
0.0000e+00
3.2902e-05
0.0000e+00
3.1948e-05
0.0000e+00
3.2902e-05
0.0000e+00
3.2187e-05
0.0000e+00
3.2902e-05
0.0000e+00
3.1948e-05
0.0000e+00
3.5048e-05
0.0000e+00
3.1948e-05
0.0000e+00
3.1948e-05
0.0000e+00
3.1948e-05
0.0000e+00
3.1948e-05
0.0000e+00
3.1948e-05
0.0000e+00
3.2902e-05
0.0000e+00
5.1975e-05
0.0000e+00
3.5048e-05
0.0000e+00
3.1948e-05
0.0000e+00
3.2187e-05
0.0000e+00
3.1948e-05
0.0000e+00
3.2902e-05
0.0000e+00
3.1948e-05
0.0000e+00
3.2902e-05
0.0000e+00
5.3167e-05
0.0000e+00
3.2902e-05
0.0000e+00
3.2902e-05
0.0000e+00
3.2187e-05
0.0000e+00
3.1948e-05
0.0000e+00
3.2902e-05
0.0000e+00
3.3140e-05
0.0000e+00
3.8862e-05
0.0000e+00
3.4094e-05
0.0000e+00
3.1948e-05
0.0000e+00
3.2187e-05
7.3822e-01
