4.4420e-03
4.0942e-02
2.6941e-05
7.8678e-06
8.7023e-05
1.2877e-02
3.0994e-06
1.9073e-06
4.4823e-05
7.1287e-04
2.8610e-06
2.3484e-04
2.8610e-06
1.1921e-06
4.0054e-05
9.5367e-07
3.3855e-05
1.2951e-03
4.1962e-05
2.7490e-04
9.8944e-05
1.7675e-02
3.0994e-06
4.0531e-06
4.1962e-05
3.5834e-02
3.0994e-06
1.8873e-02
3.0994e-06
2.8610e-06
5.3167e-05
9.5367e-07
3.4094e-05
2.0255e-02
3.0994e-06
5.0068e-06
5.2929e-05
1.1758e-02
6.9141e-05
1.1558e-02
1.7905e-04
4.0531e-06
3.5048e-05
6.9714e-04
3.0994e-06
9.5367e-07
3.6001e-05
4.6921e-04
1.9073e-06
3.0589e-04
1.9073e-06
9.5367e-07
3.7909e-05
1.8311e-04
3.6001e-05
4.5531e-03
2.1458e-06
4.0531e-06
4.2915e-05
1.1921e-06
3.6001e-05
2.4796e-04
3.7193e-05
2.8586e-04
1.9073e-06
1.1921e-06
3.6001e-05
1.0080e-03
1.9073e-06
6.3896e-05
2.1458e-06
4.3297e-04
2.1458e-06
1.9073e-06
3.9101e-05
9.5367e-07
3.3140e-05
8.3923e-05
1.9073e-06
9.5367e-07
1.1396e-04
6.8116e-04
3.0994e-06
9.5367e-07
3.6955e-05
7.4148e-05
3.6001e-05
2.3508e-04
3.6001e-05
9.1696e-04
2.1458e-06
2.8610e-06
4.0054e-05
0.0000e+00
3.4094e-05
8.9884e-05
3.6001e-05
8.7905e-04
1.9073e-06
9.5367e-07
3.6955e-05
1.1730e-03
4.6015e-05
3.0017e-04
1.9073e-06
1.1921e-06
3.7909e-05
2.7061e-03
5.5075e-05
9.0694e-04
2.8610e-06
9.5367e-07
3.7909e-05
2.2101e-04
3.6001e-05
2.9190e-03
3.0994e-06
2.1458e-06
4.1008e-05
0.0000e+00
3.3855e-05
4.1318e-04
3.8147e-05
5.3096e-04
3.0994e-06
2.1458e-06
3.6001e-05
6.3109e-04
2.1458e-06
9.5367e-07
3.6001e-05
0.0000e+00
3.4094e-05
2.4104e-04
2.1458e-06
9.5367e-07
3.5048e-05
9.5367e-07
3.2902e-05
1.0009e-03
2.1458e-06
1.6189e-04
2.8610e-06
1.1921e-06
3.6955e-05
3.2711e-04
1.9073e-06
1.1921e-06
3.6001e-05
2.9588e-04
1.9073e-06
1.0395e-04
1.9073e-06
1.5807e-04
1.9073e-06
9.5367e-07
8.4162e-05
4.0793e-04
3.7193e-05
2.1458e-06
3.3855e-05
1.6499e-04
3.5048e-05
9.3985e-04
1.9073e-06
5.9009e-04
2.1458e-06
9.5367e-07
3.6001e-05
1.9693e-04
2.8610e-06
5.4121e-05
2.8610e-06
1.1921e-06
3.5048e-05
9.5367e-07
3.5048e-05
4.5109e-04
2.1458e-06
1.9073e-06
3.6001e-05
1.6980e-03
2.1458e-06
9.5367e-07
3.9101e-05
9.5367e-07
3.3855e-05
9.2506e-04
1.9073e-06
4.4107e-05
1.9073e-06
1.1921e-06
3.6001e-05
4.4394e-04
8.2970e-05
2.2101e-04
3.6001e-05
9.5367e-07
3.4094e-05
3.0994e-04
3.6955e-05
9.5367e-07
3.2902e-05
0.0000e+00
3.3140e-05
2.0194e-04
3.6001e-05
7.2598e-04
1.9073e-06
9.0837e-05
1.9073e-06
1.9503e-04
2.1458e-06
5.9104e-04
1.9073e-06
3.9911e-04
2.8610e-06
9.5367e-07
3.6001e-05
2.9397e-04
3.0994e-06
2.4915e-04
2.1458e-06
9.5367e-07
3.5048e-05
1.3590e-04
1.9073e-06
2.0504e-04
2.1458e-06
9.5367e-07
3.6001e-05
9.5367e-07
3.3140e-05
2.1100e-04
1.9073e-06
1.9979e-04
4.6015e-05
9.5367e-07
3.6001e-05
2.4390e-04
3.4809e-05
9.5367e-07
3.3855e-05
1.0331e-03
2.1458e-06
3.9291e-04
1.9073e-06
4.6015e-05
1.9073e-06
4.3154e-05
3.0994e-06
9.5367e-07
3.6955e-05
1.1110e-04
3.6001e-05
6.6304e-04
3.0994e-06
1.9073e-06
3.6955e-05
9.5367e-07
3.4094e-05
0.0000e+00
3.2902e-05
2.4819e-04
1.9073e-06
1.1921e-06
3.5048e-05
1.1611e-04
3.6001e-05
1.2803e-04
3.6001e-05
7.4387e-04
2.1458e-06
9.5367e-07
8.2970e-05
9.5367e-07
3.2902e-05
9.5367e-07
3.3140e-05
1.1778e-04
2.8610e-06
2.1458e-06
3.6001e-05
7.6294e-04
2.0480e-04
4.4010e-03
3.0994e-06
3.0994e-06
4.6968e-05
2.2292e-04
3.6001e-05
1.3089e-04
3.6001e-05
3.5787e-04
3.6955e-05
4.6611e-04
1.9073e-06
1.1921e-06
4.0054e-05
9.5367e-07
3.2902e-05
0.0000e+00
3.2902e-05
9.4509e-04
3.0994e-06
9.5367e-07
3.8147e-05
9.5367e-07
3.2902e-05
3.4499e-04
3.7193e-05
2.1458e-06
3.2902e-05
3.1710e-04
3.7909e-05
2.6989e-04
3.7909e-05
3.5191e-04
1.9073e-06
2.1458e-06
3.6955e-05
1.0896e-04
3.6001e-05
1.9073e-06
3.4094e-05
5.5981e-04
4.1008e-05
9.7990e-05
2.1458e-06
1.9073e-06
4.9114e-05
1.8692e-04
1.9073e-06
1.1110e-04
2.1458e-06
1.9073e-06
3.6955e-05
3.9101e-05
4.6015e-05
6.1035e-05
4.5776e-05
8.3923e-05
1.9073e-06
9.5367e-07
8.2016e-05
2.0218e-04
1.9073e-06
9.5367e-07
4.6015e-05
3.8600e-04
2.1458e-06
9.5367e-07
3.6001e-05
1.2059e-03
3.0994e-06
1.9073e-06
3.9101e-05
9.5367e-07
3.4094e-05
3.1781e-04
1.9073e-06
1.1921e-06
3.6001e-05
2.1291e-04
3.0994e-06
1.9073e-06
3.8147e-05
9.5367e-07
3.4094e-05
4.5013e-04
3.0994e-06
9.5367e-07
3.6001e-05
1.6189e-04
3.7909e-05
2.0981e-05
2.8610e-06
1.3685e-04
3.6955e-05
1.0109e-04
3.6955e-05
2.1696e-04
8.5115e-05
1.9073e-06
3.4094e-05
9.5367e-07
3.4094e-05
2.6083e-04
1.9073e-06
9.5367e-07
3.5048e-05
0.0000e+00
3.2902e-05
1.4687e-04
1.9073e-06
1.9073e-05
3.4714e-04
4.2796e-04
1.9073e-06
2.1458e-06
2.5296e-04
1.9073e-06
3.6955e-05
2.1458e-06
3.3855e-05
2.4319e-04
1.9073e-06
1.1921e-06
3.5048e-05
1.7691e-04
1.9073e-06
2.0981e-05
1.9073e-06
2.0814e-04
2.1458e-06
8.4877e-05
1.9073e-06
1.1921e-06
3.6001e-05
1.9073e-06
3.3140e-05
1.9073e-06
3.6001e-05
1.3900e-04
3.7909e-05
3.8099e-04
1.9073e-06
1.9073e-06
3.6001e-05
4.5300e-04
1.9073e-06
7.7963e-05
1.9073e-06
1.1921e-06
3.5048e-05
1.9073e-06
3.4094e-05
4.9114e-05
1.9073e-06
1.9073e-06
8.2970e-05
1.9073e-06
3.4094e-05
0.0000e+00
3.2902e-05
7.0095e-05
2.1458e-06
9.5367e-07
3.5048e-05
1.2088e-04
3.6955e-05
2.0981e-05
1.9073e-06
9.5367e-07
3.5048e-05
2.6011e-04
3.0994e-06
9.5367e-07
8.2016e-05
1.9073e-06
3.6001e-05
9.5367e-07
3.3140e-05
9.5367e-07
3.3140e-05
2.7490e-04
3.6001e-05
9.8944e-05
3.6001e-05
2.1458e-06
3.2902e-05
6.1035e-05
3.6001e-05
2.1601e-04
2.8610e-06
1.9073e-06
3.6001e-05
1.4710e-04
3.0994e-06
9.5367e-07
3.6001e-05
9.5367e-07
3.3140e-05
1.4997e-04
3.7193e-05
1.8120e-05
1.9073e-06
6.6042e-05
3.6001e-05
7.2956e-05
3.6001e-05
1.6284e-04
1.9073e-06
1.1492e-04
1.9073e-06
9.5367e-07
3.5048e-05
1.8811e-04
2.1458e-06
1.6689e-04
1.9073e-06
1.1921e-06
3.5048e-05
1.0204e-04
2.8610e-06
6.6996e-05
1.9073e-06
1.1921e-06
1.7691e-04
3.0994e-06
3.3855e-05
1.4901e-04
3.0994e-06
9.5367e-07
8.7023e-05
1.0204e-04
1.9073e-06
9.5367e-07
3.6001e-05
4.5061e-05
3.6955e-05
1.9884e-04
1.9073e-06
1.1921e-06
3.6001e-05
1.0586e-04
2.8610e-06
5.5075e-05
3.6001e-05
7.5817e-05
3.6001e-05
1.7905e-04
3.6001e-05
3.1948e-05
3.6001e-05
1.9073e-06
3.2902e-05
9.5367e-07
3.3140e-05
2.3890e-04
1.9073e-06
2.1458e-06
3.6001e-05
2.1505e-04
2.8610e-06
3.9506e-04
2.1458e-06
1.9073e-06
3.8147e-05
6.8784e-04
1.9073e-06
2.1458e-06
9.2983e-05
4.4894e-04
2.8610e-06
2.8610e-04
3.0994e-06
4.6968e-05
2.1458e-06
1.3709e-04
1.9073e-06
2.3293e-04
3.0994e-06
1.9073e-06
4.1962e-05
1.9813e-04
2.1458e-06
1.9073e-06
3.6001e-05
3.9101e-04
1.9073e-06
2.1458e-06
3.7909e-05
9.5367e-07
3.2902e-05
2.1458e-06
3.6001e-05
1.6999e-04
3.0994e-06
1.9073e-06
3.6001e-05
9.5367e-07
1.4400e-04
1.8096e-04
3.7193e-05
1.1921e-06
6.7949e-05
1.6689e-04
3.7193e-05
1.0300e-04
2.8610e-06
2.1458e-06
8.6069e-05
1.7023e-04
1.9073e-06
1.3208e-04
3.7193e-05
4.8876e-05
3.6955e-05
3.6955e-05
3.4809e-05
9.5367e-07
3.2902e-05
8.0109e-05
3.5048e-05
2.1458e-06
3.3855e-05
1.6713e-04
9.7036e-05
2.1458e-06
3.4809e-05
0.0000e+00
3.3140e-05
1.0800e-04
3.6001e-05
1.3995e-04
1.9073e-06
2.0409e-04
3.0994e-06
9.5367e-07
3.6001e-05
1.4210e-04
1.9073e-06
9.5367e-07
3.6001e-05
1.1396e-04
2.1458e-06
1.9073e-06
3.6955e-05
5.5075e-05
3.6001e-05
1.4400e-04
3.6001e-05
2.0599e-04
1.9073e-06
2.8849e-05
2.8610e-06
1.9073e-06
3.5048e-05
8.1062e-05
2.1458e-06
1.5998e-04
2.1458e-06
9.5367e-07
3.6001e-05
2.1458e-06
3.3855e-05
1.4591e-04
3.6001e-05
1.0014e-04
3.5048e-05
9.5367e-07
3.4094e-05
1.8811e-04
3.0994e-06
1.1921e-06
3.5048e-05
9.5367e-07
3.1948e-05
2.3198e-04
1.9073e-06
9.5367e-07
3.5048e-05
9.7036e-05
1.9073e-06
2.1458e-06
3.6955e-05
9.5367e-07
3.4094e-05
1.9908e-04
3.6001e-05
2.2507e-04
3.0994e-06
9.5367e-07
3.6001e-05
0.0000e+00
3.4094e-05
1.6093e-04
3.0994e-06
9.5367e-07
3.6001e-05
2.1100e-04
8.2970e-05
9.5367e-07
3.5048e-05
8.6069e-05
1.9073e-06
1.5306e-04
2.1458e-06
9.5367e-07
3.5048e-05
2.1005e-04
1.9073e-06
5.1975e-05
1.9073e-06
8.2970e-05
1.9073e-06
9.5367e-07
3.6001e-05
5.9843e-05
3.5048e-05
1.2684e-04
3.6001e-05
1.9073e-06
3.6001e-05
1.0204e-04
1.9073e-06
9.5367e-07
3.6001e-05
1.4019e-04
2.1458e-06
2.7895e-05
3.5048e-05
9.7990e-05
3.6001e-05
3.0994e-06
3.7909e-05
6.5088e-05
3.6001e-05
1.5092e-04
3.0994e-06
1.4067e-05
3.7909e-05
1.0514e-04
3.6001e-05
2.3699e-04
1.9073e-06
1.1921e-06
3.5048e-05
0.0000e+00
3.2902e-05
0.0000e+00
3.2902e-05
7.1049e-05
3.6001e-05
7.7963e-05
3.6955e-05
1.9073e-06
3.6001e-05
1.9908e-04
3.0994e-06
8.2970e-05
3.7193e-05
1.7595e-04
2.1458e-06
1.5306e-04
1.9073e-06
1.1921e-06
3.6001e-05
9.5367e-07
3.2902e-05
1.0514e-04
1.9073e-06
1.1921e-06
3.6001e-05
1.1301e-04
3.6001e-05
3.5048e-05
3.6001e-05
2.3723e-04
2.1458e-06
9.5367e-07
3.5048e-05
4.8876e-05
3.6955e-05
9.5367e-07
3.3140e-05
1.8787e-04
3.6001e-05
9.5367e-07
3.3140e-05
8.7976e-05
2.8610e-06
1.1921e-06
8.5831e-05
1.7405e-04
3.6001e-05
5.2595e-04
3.7909e-05
1.0705e-04
2.1458e-06
1.3900e-04
3.6955e-05
2.3794e-04
2.1458e-06
1.1301e-04
3.6955e-05
1.9073e-06
3.4094e-05
3.0684e-04
3.6955e-05
1.8787e-04
3.6001e-05
4.6015e-05
2.8610e-06
8.2970e-05
1.9073e-06
2.1458e-06
3.6001e-05
1.2517e-04
3.6001e-05
1.1921e-06
3.2902e-05
6.6996e-05
3.6001e-05
7.2002e-05
3.5048e-05
2.6608e-04
3.0994e-06
6.9141e-05
2.1458e-06
9.5367e-07
3.6001e-05
9.5367e-07
3.4094e-05
1.6999e-04
1.9073e-06
1.3185e-04
1.9073e-06
3.8147e-05
2.1458e-06
9.5367e-07
3.6955e-05
2.0218e-04
2.1458e-06
9.5367e-07
3.6001e-05
1.7500e-04
2.1458e-06
9.5367e-07
3.6001e-05
5.1975e-05
3.6955e-05
1.6093e-04
1.9073e-06
3.4094e-05
3.0994e-06
4.3869e-05
1.9073e-06
7.7009e-05
3.4809e-05
7.4148e-05
3.6001e-05
1.6551e-03
4.1008e-05
1.5807e-04
3.9816e-05
2.1458e-06
3.5048e-05
1.0705e-04
1.9073e-06
9.5367e-07
3.6001e-05
2.5201e-04
1.9073e-06
1.8120e-05
1.9073e-06
4.1008e-05
1.9073e-06
8.7976e-05
3.6001e-05
5.4836e-05
3.6001e-05
2.2101e-04
3.6955e-05
2.9087e-05
2.1458e-06
9.5367e-07
3.5048e-05
5.9843e-05
3.6955e-05
7.5102e-05
3.6001e-05
6.6042e-05
3.6001e-05
7.7009e-05
3.6001e-05
8.3923e-05
3.6001e-05
9.7036e-05
2.1458e-06
1.9503e-04
3.0994e-06
1.6928e-05
2.1458e-06
9.5367e-07
3.5048e-05
1.1396e-04
1.9073e-06
1.2422e-04
3.6001e-05
4.4107e-05
1.9073e-06
0.0000e+00
3.6001e-05
6.4850e-05
3.5048e-05
1.9193e-04
2.8610e-06
9.5367e-07
3.5048e-05
7.2002e-05
3.6001e-05
1.8597e-04
3.0994e-06
9.2983e-05
2.1458e-06
6.3896e-05
8.3923e-05
2.6011e-04
2.8610e-06
2.1458e-06
3.4809e-05
2.0027e-05
1.9073e-06
1.1921e-06
3.5048e-05
9.5367e-07
3.2902e-05
1.4114e-04
3.6955e-05
2.1458e-06
3.3855e-05
1.6308e-04
2.1458e-06
9.5367e-07
8.3923e-05
1.4806e-04
3.6955e-05
1.0586e-04
1.9073e-06
1.1921e-06
3.5048e-05
1.1921e-06
3.3855e-05
7.6056e-05
3.6001e-05
1.7381e-04
1.9073e-06
1.1921e-06
3.4809e-05
9.3937e-05
3.0994e-06
4.0483e-04
1.9073e-06
8.7023e-05
1.9073e-06
2.1291e-04
1.9073e-06
9.5367e-07
3.8147e-05
0.0000e+00
3.2902e-05
9.5367e-07
3.4094e-05
0.0000e+00
3.2902e-05
5.8889e-05
3.6001e-05
1.2898e-04
2.1458e-06
9.5367e-07
3.6001e-05
1.3804e-04
2.8610e-06
1.1921e-06
3.6001e-05
1.1683e-04
2.8610e-06
9.5367e-07
3.6001e-05
0.0000e+00
4.9829e-05
9.4891e-05
3.7193e-05
4.8423e-04
1.9073e-06
1.1921e-06
3.6001e-05
6.6042e-05
2.1458e-06
9.5367e-07
3.5048e-05
2.8706e-04
2.1458e-06
9.5367e-07
3.6001e-05
1.6928e-05
1.9073e-06
1.1921e-06
3.4809e-05
2.1458e-06
3.2902e-05
8.6069e-05
3.5048e-05
8.7976e-05
3.7909e-05
1.5903e-04
2.1458e-06
9.2030e-05
1.9073e-06
4.5776e-05
1.9073e-06
8.9169e-05
3.6001e-05
1.1921e-06
3.2902e-05
8.8930e-05
3.6001e-05
3.6955e-05
3.8862e-05
4.8161e-05
3.7193e-05
1.1802e-04
3.6955e-05
1.2898e-04
3.6955e-05
5.9843e-05
8.3923e-05
1.6212e-04
1.9073e-06
2.2888e-05
3.0994e-06
9.5367e-07
3.5048e-05
9.5367e-07
3.4094e-05
1.5049e-03
2.8610e-06
1.9073e-06
4.0054e-05
2.7394e-04
2.1458e-06
9.9897e-05
1.9073e-06
9.4891e-05
1.9073e-06
4.5085e-04
2.8610e-06
2.1458e-06
9.4891e-05
3.0994e-06
3.6001e-05
3.0994e-05
2.1458e-06
9.5367e-07
3.4094e-05
8.2016e-05
3.8147e-05
2.2602e-04
1.9073e-06
1.8287e-04
1.9073e-06
9.5367e-07
3.6001e-05
9.5367e-07
3.3855e-05
1.3804e-04
2.1458e-06
9.5367e-07
8.4162e-05
2.6608e-04
3.0994e-06
4.3154e-05
3.0994e-06
5.9128e-05
1.9073e-06
3.0994e-06
1.0204e-04
1.5688e-04
8.2970e-05
1.9073e-06
9.7990e-05
4.7922e-05
6.0081e-05
1.1206e-05
5.5075e-05
1.1301e-04
1.2994e-04
8.9884e-05
1.0967e-05
1.0610e-04
9.1076e-05
2.1458e-06
9.7990e-05
2.6512e-04
9.1076e-05
2.1458e-06
8.3923e-05
1.2159e-05
8.2016e-05
2.2793e-04
1.9073e-06
5.9843e-05
2.1458e-06
1.4997e-04
1.9073e-06
9.5367e-07
8.2016e-05
2.1458e-06
3.3855e-05
0.0000e+00
3.2902e-05
3.6001e-04
1.9073e-06
2.0027e-05
1.9073e-06
1.1921e-06
3.6001e-05
9.5367e-07
3.4094e-05
5.9843e-05
3.5048e-05
2.3103e-04
2.1458e-06
9.5367e-07
9.5129e-05
4.6968e-05
3.0994e-06
1.9073e-06
3.6001e-05
1.1683e-04
3.6001e-05
9.5367e-07
3.3140e-05
1.6689e-04
3.7193e-05
9.0837e-05
1.9073e-06
1.1921e-06
3.4809e-05
1.0419e-04
3.6001e-05
1.9073e-06
3.5048e-05
9.5367e-07
3.2902e-05
1.3399e-04
3.6001e-05
1.1277e-04
3.6001e-05
7.2002e-05
3.6001e-05
9.5367e-07
3.2902e-05
1.7595e-04
2.8610e-06
1.1921e-06
3.5048e-05
3.0494e-04
2.1458e-06
7.9870e-05
2.8610e-06
4.1962e-05
2.8610e-06
9.5367e-07
3.6001e-05
8.7976e-05
1.2279e-04
2.2602e-04
1.9073e-06
9.5367e-07
3.6001e-05
3.1686e-04
3.8862e-05
2.3913e-04
3.6955e-05
1.1206e-04
3.0994e-06
3.4094e-05
8.5115e-05
2.2888e-05
1.9073e-06
1.0800e-04
1.9073e-06
1.1921e-06
3.5048e-05
9.5367e-07
3.3855e-05
2.1458e-06
3.2902e-05
2.0504e-04
3.6001e-05
1.6284e-04
3.6955e-05
4.5061e-05
2.1458e-06
9.5367e-07
8.6069e-05
4.7922e-05
3.6001e-05
1.6499e-04
3.6001e-05
9.5367e-07
3.3140e-05
5.4121e-05
1.9073e-06
9.5367e-07
3.6001e-05
2.7299e-04
1.9073e-06
1.3018e-04
2.1458e-06
9.5367e-07
3.6001e-05
7.5102e-05
1.9073e-06
1.9073e-06
3.7193e-05
9.5367e-07
3.2902e-05
1.7905e-04
1.9073e-06
9.5367e-07
3.6001e-05
3.1400e-04
2.8610e-06
9.5367e-07
3.4809e-05
0.0000e+00
3.2902e-05
9.5367e-07
3.3140e-05
5.4836e-05
8.1062e-05
1.5593e-04
2.1458e-06
8.4877e-05
2.8610e-06
2.1458e-06
3.4809e-05
7.2956e-05
3.6001e-05
1.5211e-04
2.1458e-06
9.5367e-07
3.5048e-05
1.6403e-04
3.6001e-05
3.0041e-05
1.9073e-06
1.9073e-06
3.6001e-05
2.1458e-06
8.1062e-05
1.1611e-04
3.6001e-05
9.1791e-05
3.6001e-05
1.9073e-06
3.3140e-05
2.7895e-04
2.1458e-06
9.5367e-07
3.6001e-05
9.5367e-07
3.4094e-05
7.6056e-05
3.6001e-05
9.2983e-05
8.2970e-05
4.0412e-04
3.9101e-05
1.9073e-06
3.4094e-05
2.1386e-04
1.9073e-06
1.1921e-06
3.5048e-05
9.5367e-07
3.2902e-05
1.1921e-06
3.3855e-05
2.0599e-04
1.9073e-06
3.6955e-05
2.1458e-06
1.8787e-04
8.4877e-05
4.9114e-05
3.1996e-04
2.7585e-04
3.7909e-05
7.4863e-05
1.9073e-06
9.5367e-07
3.6001e-05
3.5381e-04
3.7909e-05
6.6042e-05
3.6001e-05
2.4509e-04
1.9073e-06
9.5367e-07
3.9101e-05
1.9073e-06
3.6001e-05
9.5844e-05
2.8610e-06
9.5367e-07
3.6001e-05
2.0003e-04
1.9073e-06
1.5974e-05
1.9073e-06
1.0610e-04
2.1458e-06
2.2006e-04
1.9073e-06
2.0409e-04
1.9073e-06
9.5367e-07
3.4809e-05
0.0000e+00
3.2902e-05
9.5367e-07
3.3140e-05
2.8610e-06
3.5048e-05
1.3304e-04
3.0994e-06
9.5367e-07
3.5048e-05
1.5998e-04
2.1458e-06
2.0599e-04
2.1458e-06
1.9073e-06
3.6001e-05
2.4199e-04
2.1458e-06
4.2915e-05
4.1008e-05
1.9002e-04
3.6001e-05
3.6407e-04
2.1458e-06
2.1458e-06
3.8862e-05
3.9911e-04
2.1458e-06
9.5367e-07
3.5048e-05
1.2302e-04
3.0994e-06
1.3399e-04
3.6001e-05
6.1989e-05
3.0994e-06
9.5367e-07
3.5048e-05
1.6999e-04
1.9073e-06
4.7922e-05
1.9073e-06
9.5367e-07
3.6001e-05
1.8096e-04
3.6001e-05
8.1062e-05
3.0994e-06
1.9073e-06
3.6001e-05
1.8406e-04
3.0994e-06
1.4091e-04
1.9073e-06
9.5367e-07
3.6001e-05
1.3804e-04
3.6955e-05
8.7023e-05
3.6001e-05
1.0300e-04
3.6955e-05
9.5367e-07
8.4162e-05
8.9884e-05
1.9073e-06
1.2207e-04
3.4809e-05
1.9407e-04
2.1458e-06
9.5367e-07
3.6001e-05
3.7909e-04
3.0994e-06
6.6042e-05
3.8147e-05
1.8120e-05
3.6955e-05
1.9073e-06
3.4094e-05
1.8001e-04
1.9073e-06
9.5367e-07
3.6001e-05
3.9816e-05
3.6001e-05
8.2016e-05
3.5048e-05
1.1921e-06
3.2902e-05
1.0610e-04
3.5048e-05
1.7810e-04
2.1458e-06
9.5367e-07
3.6001e-05
9.5367e-07
3.3140e-05
2.0409e-04
1.9073e-06
1.4997e-04
1.9073e-06
1.1921e-06
3.6001e-05
0.0000e+00
3.2902e-05
5.9128e-05
3.6001e-05
1.2279e-04
2.8610e-06
6.6042e-05
3.6955e-05
1.9073e-06
3.4094e-05
2.0194e-04
3.6001e-05
2.1458e-06
3.4809e-05
1.9073e-06
3.6001e-05
2.3317e-04
3.6001e-05
9.5367e-07
3.2902e-05
3.0589e-04
3.6001e-05
9.5367e-07
3.4094e-05
8.2970e-05
2.1458e-06
2.8849e-05
1.9073e-06
8.3923e-05
1.9073e-06
1.1683e-04
6.5804e-05
1.9073e-06
3.6001e-05
1.0300e-04
3.6001e-05
8.9884e-05
3.6001e-05
1.5497e-04
3.6001e-05
1.9073e-06
3.3140e-05
9.5367e-07
3.2902e-05
1.9193e-04
3.6955e-05
1.1301e-04
1.9073e-06
1.3900e-04
2.8610e-06
9.5367e-07
3.6001e-05
0.0000e+00
3.2902e-05
0.0000e+00
3.3140e-05
2.0504e-04
2.8610e-06
9.5367e-07
3.6001e-05
0.0000e+00
3.2902e-05
1.0705e-04
3.6955e-05
9.5367e-07
8.1062e-05
1.3399e-04
3.6001e-05
1.0896e-04
1.9073e-06
2.0027e-05
1.9073e-06
4.7112e-04
3.0994e-06
1.9073e-06
3.6001e-05
9.5367e-07
3.3140e-05
7.2956e-05
3.0994e-06
0.0000e+00
3.5048e-05
7.7009e-05
2.1458e-06
0.0000e+00
7.9870e-05
4.0889e-04
2.8610e-06
1.7166e-05
2.1458e-06
9.5367e-07
3.6955e-05
2.2602e-04
3.6001e-05
1.9073e-06
3.3140e-05
7.4863e-05
3.0994e-06
4.0054e-05
1.9073e-06
4.0054e-05
2.1458e-06
0.0000e+00
3.6001e-05
4.5896e-04
1.9073e-06
2.1458e-06
8.2970e-05
9.5367e-07
3.3140e-05
3.2997e-04
2.1458e-06
9.5367e-07
3.6001e-05
2.9087e-05
2.1458e-06
2.0981e-05
3.0994e-06
4.1008e-05
3.0994e-06
1.9073e-06
3.5048e-05
9.5367e-07
3.4094e-05
1.7285e-04
1.9073e-06
8.7976e-05
2.8610e-06
1.7166e-05
2.1458e-06
9.7036e-05
3.6955e-05
1.2398e-04
1.9073e-06
1.1921e-06
3.5048e-05
1.1921e-06
3.2902e-05
1.2994e-04
3.6955e-05
7.2956e-05
3.6001e-05
8.5831e-05
1.9073e-06
1.2493e-04
3.6001e-05
1.8597e-04
2.8610e-06
9.5367e-07
3.6955e-05
9.5367e-07
3.3855e-05
8.8930e-05
1.9073e-06
6.7234e-05
3.6955e-05
2.0409e-04
3.6001e-05
8.1062e-05
3.0994e-06
9.5367e-07
3.5048e-05
2.0003e-04
2.1458e-06
9.5367e-07
3.6001e-05
2.1458e-06
3.6001e-05
1.4091e-04
2.8610e-06
1.0705e-04
2.1458e-06
9.5367e-07
3.6001e-05
2.0409e-04
3.6001e-05
9.5367e-07
3.3855e-05
1.7095e-04
1.9073e-06
1.1921e-06
3.3855e-05
1.3995e-04
1.9073e-06
4.1008e-05
1.9073e-06
2.5988e-05
1.9073e-06
9.5129e-05
2.1458e-06
9.5367e-07
3.6955e-05
9.5367e-07
3.3140e-05
2.9492e-04
1.9073e-06
1.8597e-04
1.9073e-06
9.5367e-07
3.6001e-05
1.6284e-04
1.9073e-06
1.7166e-05
1.9073e-06
1.6928e-05
2.1458e-06
1.9073e-06
3.6001e-05
5.0902e-04
2.1458e-06
9.5367e-07
3.5048e-05
4.5061e-05
1.9073e-06
1.7166e-05
2.1458e-06
2.0027e-05
3.0994e-06
3.9816e-05
2.8610e-06
1.1921e-06
3.4809e-05
8.4162e-05
3.0994e-06
1.9073e-06
3.5048e-05
3.4809e-05
3.5048e-05
1.3685e-04
3.6955e-05
1.4901e-04
2.1458e-06
9.5367e-07
3.5048e-05
9.5367e-07
3.3140e-05
1.2803e-04
3.6001e-05
1.9073e-06
3.3140e-05
9.5367e-07
3.2902e-05
1.9979e-04
3.6955e-05
1.2708e-04
3.0994e-06
1.0991e-04
2.1458e-06
1.1992e-04
1.9073e-06
9.2030e-05
3.6001e-05
1.1921e-06
3.2902e-05
5.9128e-05
1.1301e-04
1.2112e-04
3.0994e-06
7.9155e-05
3.6001e-05
3.9816e-05
3.5048e-05
6.4850e-05
3.6001e-05
2.0790e-04
1.9073e-06
4.3154e-05
2.1458e-06
9.5367e-07
3.6001e-05
3.7193e-05
3.5048e-05
2.0194e-04
1.9073e-06
9.5367e-07
3.6001e-05
9.1791e-05
1.9073e-06
5.4836e-05
3.6001e-05
1.6284e-04
3.5048e-05
9.5367e-07
3.3140e-05
3.0780e-04
8.2970e-05
2.1458e-06
3.4809e-05
1.9908e-04
3.6001e-05
1.8120e-05
2.1458e-06
2.0027e-05
3.0994e-06
8.5831e-05
2.8610e-06
1.1921e-06
3.6001e-05
2.3890e-04
3.6955e-05
9.5367e-07
3.4094e-05
1.8001e-04
8.1062e-05
2.1935e-05
3.0994e-06
1.8406e-04
1.9073e-06
1.1921e-06
3.5763e-05
9.4175e-05
1.9073e-06
7.9870e-05
1.9073e-06
1.3540e-03
3.0994e-06
4.0531e-06
4.1962e-05
8.8930e-05
3.7909e-05
1.0109e-04
3.6955e-05
1.0014e-04
3.6001e-05
1.9073e-06
3.6001e-05
1.7691e-04
3.6955e-05
8.5115e-05
3.6001e-05
5.6028e-05
3.5048e-05
4.0531e-06
3.8147e-05
3.4094e-04
3.6955e-05
4.6515e-04
1.9073e-06
9.5367e-07
3.6955e-05
3.1304e-04
2.1458e-06
1.9073e-06
3.6955e-05
1.7118e-04
3.6001e-05
2.1458e-06
3.3855e-05
3.9887e-04
4.0054e-05
5.4002e-04
1.9073e-06
2.8610e-06
4.1008e-05
3.6955e-05
1.9073e-06
4.6015e-05
1.9073e-06
1.1706e-04
1.9073e-06
9.5367e-07
9.2983e-05
2.4414e-04
1.9073e-06
2.8133e-05
2.1458e-06
9.5367e-07
3.5048e-05
1.6809e-04
3.0994e-06
9.5367e-07
3.5048e-05
9.3937e-05
3.7193e-05
1.3494e-04
2.1458e-06
9.5367e-07
3.6001e-05
2.0027e-05
3.6001e-05
3.8147e-05
3.6955e-05
9.1076e-05
3.6001e-05
1.0800e-04
3.6001e-05
9.5367e-07
3.4094e-05
3.0684e-04
1.9073e-06
1.0514e-04
2.1458e-06
9.5367e-07
3.6001e-05
9.5367e-07
3.3140e-05
1.9073e-06
8.0109e-05
1.3399e-04
2.1458e-06
9.5367e-07
3.6001e-05
6.1989e-05
3.6955e-05
3.5191e-04
3.6001e-05
2.8181e-04
3.5048e-05
1.0800e-04
1.9073e-06
9.5367e-07
3.5048e-05
1.7810e-04
3.6001e-05
6.1798e-04
3.6955e-05
5.5075e-05
3.6001e-05
2.3198e-04
2.8610e-06
9.5367e-07
3.6001e-05
6.1989e-05
3.6001e-05
2.2817e-04
3.0994e-06
1.1921e-06
3.6001e-05
9.5367e-07
3.3140e-05
9.5367e-07
7.9870e-05
1.7715e-04
3.0994e-06
2.2697e-04
3.0994e-06
1.9073e-06
3.6001e-05
0.0000e+00
3.3140e-05
1.0896e-04
3.0994e-06
9.5367e-07
3.6001e-05
1.9312e-04
3.7193e-05
4.5896e-04
2.1458e-06
9.5367e-07
3.6001e-05
8.3923e-05
1.9073e-06
1.9073e-06
3.6001e-05
4.4107e-05
1.9073e-06
1.0300e-04
1.9073e-06
2.9802e-04
1.9073e-06
9.5367e-07
3.5048e-05
9.5367e-07
3.4094e-05
0.0000e+00
3.3140e-05
0.0000e+00
3.2902e-05
2.2006e-04
2.1458e-06
1.9073e-06
8.2970e-05
2.1458e-06
3.3855e-05
6.5088e-05
3.6001e-05
8.3923e-05
3.6001e-05
1.3614e-04
2.1458e-06
8.3923e-05
3.5048e-05
1.6809e-04
2.1458e-06
4.6968e-05
2.1458e-06
9.5367e-07
3.4094e-05
0.0000e+00
7.9155e-05
8.3923e-05
1.4281e-04
8.9884e-05
3.6955e-05
9.5367e-07
3.3140e-05
2.0599e-04
2.1458e-06
1.2302e-04
3.6001e-05
6.7949e-05
1.9073e-06
2.1458e-06
3.6001e-05
2.3699e-04
2.1458e-06
1.4091e-04
1.9073e-06
9.5367e-07
8.1778e-05
9.5367e-07
3.4094e-05
1.1921e-06
3.2902e-05
1.1516e-04
3.6001e-05
9.2983e-05
3.6955e-05
8.8930e-05
3.4809e-05
2.7895e-04
2.1458e-06
9.5367e-07
3.6955e-05
1.4710e-04
3.0994e-06
1.9073e-06
3.6955e-05
0.0000e+00
3.4094e-05
0.0000e+00
3.3140e-05
9.5367e-07
3.2902e-05
9.4175e-05
3.6955e-05
2.1458e-06
3.2902e-05
2.3413e-04
1.9073e-06
9.5367e-07
3.5048e-05
2.7895e-04
3.6001e-05
1.0395e-04
1.9073e-06
3.0041e-05
3.0994e-06
1.5903e-04
1.9073e-06
9.5367e-07
3.6001e-05
2.9206e-04
2.1458e-06
2.1005e-04
2.1458e-06
1.6284e-04
1.9073e-06
9.5367e-07
3.6001e-05
9.5367e-07
3.4094e-05
9.5367e-07
3.2902e-05
4.6396e-04
1.9073e-06
4.8161e-05
3.6001e-05
1.2803e-04
3.6955e-05
9.5367e-07
3.4094e-05
2.4605e-04
1.9073e-06
1.1921e-06
3.6001e-05
9.5367e-07
3.2902e-05
6.9141e-05
3.0994e-06
1.0490e-04
1.9073e-06
2.7299e-04
1.9073e-06
4.9114e-05
2.1458e-06
5.6982e-05
2.1458e-06
9.5367e-07
3.7193e-05
8.6784e-05
3.5048e-05
1.2207e-04
3.6955e-05
6.1035e-05
3.6001e-05
1.9073e-06
3.4094e-05
1.1921e-06
3.2902e-05
4.4703e-04
2.1458e-06
9.5367e-07
8.4162e-05
9.5367e-07
3.4094e-05
8.4877e-05
1.9073e-06
9.5367e-07
3.4809e-05
1.3208e-04
3.0994e-06
2.0027e-05
3.0994e-06
9.5367e-07
3.5048e-05
9.5367e-07
3.3140e-05
1.1301e-04
3.5048e-05
7.7009e-05
8.3923e-05
1.3399e-04
1.9073e-06
9.5367e-07
3.4809e-05
1.2398e-04
3.6001e-05
1.7881e-05
2.8610e-06
1.3113e-04
3.6955e-05
1.2898e-04
3.6001e-05
4.2200e-05
2.1458e-06
9.5367e-07
3.6001e-05
7.7009e-05
8.3208e-05
1.9073e-06
3.3140e-05
1.4496e-04
3.7193e-05
1.1921e-06
3.3855e-05
7.6056e-05
3.6001e-05
3.6502e-04
1.9073e-06
4.1008e-05
1.9073e-06
2.4080e-05
2.1458e-06
2.0027e-05
2.1458e-06
9.5367e-07
3.6001e-05
9.5367e-07
8.2970e-05
2.1815e-04
3.5048e-05
4.9806e-04
1.9073e-06
1.4091e-04
2.1458e-06
2.3389e-04
1.9073e-06
1.9073e-06
3.6001e-05
1.1921e-06
3.2902e-05
2.3293e-04
2.8610e-06
4.8494e-04
1.9073e-06
1.9073e-06
3.6001e-05
6.1989e-05
2.1458e-06
9.5367e-07
3.6001e-05
0.0000e+00
3.2902e-05
4.3154e-05
1.9073e-06
9.5367e-07
3.5048e-05
2.3890e-04
1.9073e-06
1.9073e-06
3.5048e-05
9.5367e-07
3.2902e-05
9.5367e-07
3.3140e-05
1.3781e-04
8.2970e-05
3.0994e-06
3.3855e-05
2.1291e-04
2.1458e-06
9.5367e-07
3.6001e-05
1.6904e-04
3.6001e-05
9.5367e-07
3.2902e-05
1.5903e-04
1.9073e-06
1.8120e-05
3.0994e-06
2.6298e-04
2.1458e-06
9.5367e-07
3.6001e-05
6.1035e-05
2.1458e-06
9.5367e-07
3.5048e-05
0.0000e+00
3.3140e-05
9.4891e-05
3.6001e-05
5.8794e-04
2.8610e-06
1.0204e-04
1.9073e-06
3.0804e-04
3.8862e-05
1.1921e-06
3.3855e-05
1.1206e-04
3.4809e-05
1.9073e-06
9.7036e-05
2.0194e-04
1.9073e-06
1.1921e-06
3.7909e-05
1.8191e-04
3.6955e-05
1.8716e-04
1.9073e-06
8.8930e-05
2.1458e-06
2.4605e-04
2.1458e-06
1.9073e-06
3.6001e-05
3.7909e-05
1.9073e-06
4.1008e-05
2.1458e-06
1.0395e-04
1.9073e-06
9.5367e-07
1.4186e-04
1.2112e-04
3.6955e-05
1.4496e-04
3.0994e-06
1.3995e-04
2.8610e-06
6.1035e-05
1.9073e-06
9.5367e-07
3.6001e-05
1.1921e-06
1.5688e-04
2.1458e-06
3.5048e-05
2.9492e-04
3.0994e-06
9.5367e-07
3.5048e-05
4.2915e-05
1.9073e-06
1.9073e-06
3.6001e-05
9.1076e-05
1.9073e-06
6.6042e-05
3.6001e-05
9.5367e-07
3.2902e-05
2.1791e-04
3.6001e-05
4.3869e-05
2.8610e-06
2.1458e-06
3.4809e-05
1.7405e-04
3.0994e-06
9.5367e-07
3.5048e-05
2.2197e-04
1.9073e-06
2.8491e-04
1.9073e-06
9.5367e-07
3.6001e-05
4.6015e-05
3.0994e-06
9.5367e-07
3.6001e-05
8.9312e-04
3.0994e-06
4.6968e-05
1.9073e-06
9.5367e-07
3.8862e-05
0.0000e+00
3.3140e-05
1.3995e-04
3.6001e-05
6.3992e-04
1.6284e-04
5.2929e-05
2.1458e-06
9.5367e-07
3.9101e-05
2.8896e-04
3.6001e-05
5.3310e-04
1.9073e-06
9.5367e-07
3.6001e-05
2.0385e-04
1.9073e-06
1.1921e-06
3.5048e-05
1.6785e-04
3.6001e-05
7.7796e-04
8.0824e-05
1.0395e-04
3.6001e-05
9.6083e-05
2.1458e-06
9.5367e-07
3.6955e-05
2.1410e-04
2.1458e-06
2.2793e-04
2.8610e-06
1.1921e-06
3.6001e-05
0.0000e+00
3.2902e-05
9.5367e-07
3.3140e-05
0.0000e+00
3.3140e-05
8.7023e-05
3.6001e-05
6.0081e-05
3.5048e-05
9.5367e-07
3.3140e-05
9.5367e-07
3.4094e-05
1.8907e-04
3.6001e-05
2.2197e-04
1.9073e-06
9.5367e-07
3.6001e-05
1.3304e-04
2.1458e-06
8.3923e-05
3.0994e-06
9.5367e-07
3.6001e-05
8.9169e-05
3.0994e-06
2.3842e-05
2.8610e-06
1.5497e-04
3.6001e-05
3.2091e-04
3.6001e-05
1.1587e-04
3.6001e-05
2.1696e-04
3.8147e-05
1.2994e-04
1.9073e-06
9.5367e-07
3.5048e-05
9.5367e-07
8.2970e-05
9.5844e-05
2.0289e-04
4.9114e-04
2.1458e-06
9.5367e-07
3.5048e-05
1.9073e-05
2.1458e-06
9.5367e-07
3.6955e-05
1.5807e-04
3.6001e-05
7.5817e-05
2.8610e-06
0.0000e+00
3.6001e-05
1.7405e-04
1.9073e-06
4.2915e-05
3.6001e-05
6.6996e-05
2.1458e-06
9.5367e-07
3.6001e-05
2.3007e-04
2.1458e-06
1.0085e-04
1.9073e-06
1.1921e-06
3.5048e-05
9.5367e-07
3.1948e-05
1.3709e-04
3.6001e-05
1.1110e-04
3.0994e-06
2.0981e-05
1.9073e-06
7.0810e-05
9.4891e-05
1.0395e-04
1.9073e-06
1.9503e-04
2.8610e-06
2.9087e-05
2.1458e-06
1.1992e-04
1.9073e-06
2.6894e-04
1.9073e-06
2.2888e-05
1.9073e-06
2.1458e-06
3.4809e-05
4.1962e-05
1.9073e-06
1.1921e-06
3.4809e-05
6.4850e-05
3.6955e-05
1.6809e-04
1.9073e-06
3.8147e-06
3.6955e-05
2.0599e-04
2.1458e-06
1.9073e-06
3.6001e-05
5.1022e-05
3.6001e-05
5.6028e-05
3.6001e-05
1.0800e-04
2.1458e-06
7.1049e-05
3.6001e-05
1.4806e-04
3.6955e-05
9.5367e-07
7.9870e-05
2.1458e-06
3.3855e-05
0.0000e+00
3.2902e-05
1.6689e-04
3.6001e-05
1.2207e-04
3.6001e-05
5.7936e-05
3.4809e-05
9.5367e-07
3.2902e-05
1.2898e-04
1.9073e-06
1.8620e-04
8.1062e-05
3.0041e-05
4.0531e-06
1.9073e-06
3.6001e-05
8.5831e-05
3.6955e-05
2.2292e-04
1.9073e-06
9.2983e-05
2.8610e-06
2.1458e-06
3.6001e-05
1.3900e-04
2.1458e-06
9.5367e-07
3.5048e-05
6.5184e-04
1.9073e-06
1.8620e-04
1.9073e-06
1.3518e-04
1.9073e-06
2.4295e-04
1.9073e-06
9.5367e-07
3.6955e-05
1.1921e-06
3.3855e-05
0.0000e+00
3.2902e-05
2.3389e-04
1.9073e-06
1.1921e-06
3.6001e-05
1.7500e-04
3.6001e-05
9.5367e-07
3.2902e-05
9.5367e-07
8.2016e-05
1.8096e-04
3.6955e-05
1.5807e-04
2.1458e-06
1.1396e-04
1.9073e-06
5.4121e-05
2.8610e-06
1.2398e-04
2.8610e-06
2.1458e-06
3.6001e-05
3.2902e-05
3.5048e-05
1.0705e-04
3.4809e-05
9.7990e-05
3.5048e-05
8.7976e-05
3.6001e-05
1.1802e-04
1.9073e-06
1.9073e-06
3.6001e-05
7.7009e-05
3.5048e-05
9.5367e-07
3.2902e-05
1.8382e-04
1.9073e-06
1.1921e-06
3.6001e-05
7.2002e-05
3.6001e-05
1.5807e-04
8.0109e-05
9.5367e-07
3.6001e-05
2.4199e-04
3.6955e-05
1.2994e-04
3.6001e-05
9.5367e-07
3.3140e-05
1.1921e-06
3.2902e-05
1.7095e-04
1.9073e-06
1.7500e-04
1.9073e-06
1.8120e-05
2.1458e-06
1.1587e-04
2.8610e-06
3.0899e-04
2.8610e-06
9.5367e-07
3.6001e-05
1.1921e-06
3.3855e-05
0.0000e+00
3.3140e-05
5.9843e-05
3.5048e-05
1.9073e-06
3.1948e-05
1.2684e-04
2.8610e-06
8.1062e-05
2.1458e-06
9.5367e-07
3.5048e-05
4.9114e-05
1.9073e-06
1.9002e-04
1.9073e-06
1.3804e-04
3.0994e-06
9.5367e-07
3.6001e-05
9.5367e-07
3.4094e-05
8.8930e-05
3.7193e-05
5.4836e-05
3.5048e-05
1.1802e-04
3.6001e-05
7.3195e-05
3.5048e-05
4.0054e-05
8.5115e-05
1.9073e-06
3.4094e-05
2.4009e-04
3.6955e-05
1.2898e-04
1.9073e-06
2.1458e-06
3.6001e-05
9.5367e-07
3.2902e-05
0.0000e+00
3.3140e-05
7.8917e-05
3.6955e-05
4.9496e-04
1.9073e-06
1.5306e-04
9.2030e-05
3.0804e-04
3.6001e-05
1.5092e-04
3.6001e-05
9.5367e-07
3.3855e-05
6.0081e-05
3.5048e-05
7.9155e-05
3.6001e-05
2.3603e-04
3.4809e-05
2.1005e-04
8.1062e-05
9.5367e-07
3.4809e-05
4.5061e-05
3.0994e-06
4.0054e-05
2.1458e-06
9.5367e-07
3.5048e-05
4.6015e-05
3.6955e-05
2.3699e-04
2.8610e-06
9.5367e-07
3.4809e-05
9.4175e-05
3.6001e-05
8.9884e-05
2.8610e-06
2.4199e-04
1.9073e-06
8.5115e-05
3.0994e-06
2.1458e-06
3.6001e-05
0.0000e+00
3.3140e-05
1.9288e-04
1.9073e-06
1.9073e-06
3.6001e-05
9.5367e-07
3.3855e-05
1.1921e-06
3.3855e-05
1.4806e-04
3.5048e-05
2.5916e-04
2.1458e-06
9.5367e-07
3.6001e-05
1.8501e-04
1.9073e-06
6.5088e-05
3.0994e-06
9.5367e-07
3.6001e-05
9.5367e-07
3.3140e-05
1.8787e-04
3.6001e-05
9.5367e-07
3.4094e-05
6.0797e-05
3.6001e-05
1.2183e-04
8.1062e-05
9.7036e-05
3.5048e-05
6.6042e-05
2.1458e-06
9.5367e-07
3.6001e-05
1.7095e-04
3.6001e-05
2.1100e-04
3.0994e-06
1.3089e-04
1.9073e-06
9.5367e-07
3.4809e-05
1.1921e-06
3.2902e-05
1.1015e-04
3.0994e-06
8.5831e-05
1.9073e-06
2.0981e-05
1.9073e-06
4.4823e-04
2.8610e-06
1.1921e-06
3.6955e-05
2.0027e-05
1.9073e-06
1.3685e-04
2.8610e-06
6.1989e-05
1.9073e-06
9.5367e-07
3.6955e-05
2.0313e-04
2.1458e-06
4.1962e-05
1.9073e-06
1.7381e-04
2.8610e-06
2.1458e-06
3.6001e-05
1.9288e-04
1.9073e-06
9.5367e-07
8.3208e-05
1.9073e-06
3.3140e-05
8.3923e-05
1.9073e-06
6.6042e-05
3.6955e-05
7.8917e-05
3.6001e-05
1.9097e-04
2.8610e-06
1.2493e-04
1.9073e-06
9.5367e-07
3.5048e-05
9.5367e-07
3.2902e-05
4.4107e-05
8.1778e-05
1.9073e-06
3.4094e-05
6.7949e-05
3.6955e-05
8.7023e-05
3.6001e-05
1.9073e-06
3.4094e-05
1.0490e-04
3.6001e-05
1.9503e-04
1.9073e-06
1.2612e-04
3.0994e-06
9.5367e-07
3.6001e-05
5.8889e-05
3.6001e-05
1.9073e-06
3.3140e-05
7.9870e-05
3.6001e-05
9.5367e-07
3.3140e-05
1.7786e-04
3.7909e-05
1.9073e-06
3.4094e-05
2.4486e-04
3.6001e-05
2.7895e-05
2.8610e-06
1.5211e-04
1.9073e-06
1.1921e-06
3.6001e-05
8.8930e-05
3.4809e-05
3.1805e-04
1.9073e-06
9.5367e-07
3.6001e-05
1.1921e-06
3.2902e-05
4.1962e-05
1.9073e-06
1.1921e-06
3.6001e-05
3.8862e-05
3.6001e-05
2.8777e-04
4.6968e-05
2.1458e-06
3.6001e-05
3.9101e-05
2.1458e-06
7.7009e-05
3.6001e-05
1.9503e-04
2.8610e-06
1.1921e-06
3.6001e-05
9.5367e-07
3.3140e-05
8.1778e-05
3.6001e-05
1.3549e-03
4.1008e-05
4.0102e-04
2.1458e-06
1.1611e-04
3.7909e-05
2.1458e-06
3.3855e-05
1.0014e-04
2.1458e-06
9.5367e-07
3.5048e-05
9.5367e-07
3.2902e-05
8.3208e-05
3.6001e-05
9.4891e-05
3.8862e-05
9.7990e-05
3.6001e-05
2.1458e-06
3.5048e-05
1.3804e-04
3.6001e-05
9.5367e-07
3.2902e-05
9.6083e-05
3.5048e-05
1.0109e-04
3.6001e-05
2.0313e-04
3.6955e-05
6.5088e-05
2.8610e-06
1.1921e-06
3.5048e-05
1.9312e-04
2.1458e-06
3.0041e-05
3.0994e-06
9.5367e-07
3.6001e-05
9.1076e-05
2.1458e-06
9.5367e-07
1.1706e-04
2.9302e-04
1.9073e-06
9.5367e-07
3.5048e-05
8.0824e-05
1.9073e-06
6.1989e-05
1.9073e-06
1.1921e-06
3.6001e-05
1.0490e-04
1.9073e-06
9.5367e-07
8.2970e-05
8.2970e-05
3.6001e-05
2.1458e-06
3.2902e-05
1.2207e-04
3.4809e-05
2.9421e-04
1.9073e-06
4.1008e-05
2.8610e-06
3.9101e-05
2.1458e-06
9.5367e-07
3.5048e-05
9.5367e-07
3.3140e-05
1.3995e-04
8.7023e-05
1.5187e-04
1.9073e-06
7.0095e-05
3.6001e-05
1.2493e-04
3.5048e-05
9.5367e-07
3.2902e-05
3.1948e-05
3.4809e-05
2.1601e-04
2.8610e-06
1.1921e-06
3.6955e-05
9.5367e-07
3.3855e-05
1.2589e-04
2.8610e-06
2.1458e-06
3.6001e-05
1.4400e-04
3.6001e-05
2.1601e-04
2.1458e-06
1.9073e-06
3.5048e-05
9.5367e-07
3.2902e-05
2.0099e-04
3.0994e-06
1.6928e-05
1.9073e-06
4.0054e-05
2.8610e-06
2.1458e-06
3.6001e-05
4.2319e-04
2.1458e-06
2.1458e-06
3.6001e-05
9.5367e-07
3.3140e-05
9.5367e-07
3.2902e-05
2.1195e-04
1.9073e-06
9.5367e-07
3.6955e-05
3.8147e-05
2.8610e-06
8.3208e-05
3.6955e-05
1.5402e-04
3.7193e-05
1.9789e-04
3.0994e-06
9.5367e-07
3.6001e-05
9.1076e-05
2.1458e-06
4.1008e-05
2.1458e-06
9.5367e-07
3.5048e-05
1.0395e-04
3.6001e-05
9.5367e-07
3.2902e-05
2.0099e-04
2.8610e-06
4.1008e-05
1.9073e-06
1.1921e-06
3.6001e-05
8.7976e-05
8.3208e-05
1.4901e-04
1.9073e-06
9.5367e-07
3.6001e-05
5.0068e-05
3.6001e-05
1.7905e-04
3.6001e-05
3.1114e-04
3.0994e-06
1.1897e-04
2.1458e-06
9.5367e-07
3.5048e-05
8.7023e-05
3.0994e-06
9.5367e-07
3.5048e-05
9.5367e-07
3.6001e-05
9.5367e-07
3.2902e-05
1.4281e-04
3.6001e-05
1.0800e-04
2.1458e-06
9.5367e-07
3.6001e-05
0.0000e+00
3.2902e-05
1.5116e-04
3.6001e-05
1.8716e-04
2.1458e-06
0.0000e+00
8.6069e-05
1.2398e-04
3.6001e-05
9.7990e-05
3.6001e-05
1.9073e-06
3.4094e-05
1.7405e-04
2.8610e-06
1.1921e-06
3.6955e-05
9.5367e-07
3.4094e-05
4.2510e-04
1.9073e-06
9.5367e-07
3.6001e-05
8.5831e-05
4.6015e-05
1.7881e-05
1.9073e-06
1.1921e-06
3.6001e-05
9.2983e-05
2.1458e-06
1.0085e-04
1.9073e-06
1.2708e-04
3.6955e-05
6.4611e-04
2.1458e-06
4.5061e-05
1.9073e-06
9.0122e-05
2.1458e-06
1.6928e-05
3.0994e-06
1.5974e-05
1.9073e-06
9.0122e-05
2.1458e-06
9.2030e-05
2.1458e-06
9.5367e-07
8.3923e-05
1.1921e-06
3.4809e-05
0.0000e+00
3.2902e-05
9.5367e-07
3.3140e-05
1.9693e-04
3.6955e-05
1.1301e-04
3.5048e-05
7.2908e-04
3.0994e-06
1.6999e-04
2.8610e-06
2.8181e-04
1.9073e-06
9.5367e-07
8.7976e-05
3.0994e-05
2.1458e-06
4.8876e-05
2.8610e-06
1.1921e-06
3.5048e-05
4.9114e-05
3.6955e-05
7.7963e-05
3.5048e-05
1.6999e-04
1.9073e-06
1.1921e-06
3.5048e-05
1.3494e-04
3.5048e-05
1.1110e-04
2.1458e-06
3.8862e-05
4.6015e-05
1.3208e-04
3.6001e-05
4.4107e-05
3.0994e-06
1.4186e-04
1.9073e-06
6.3896e-05
2.8610e-06
9.5367e-07
3.6001e-05
1.2684e-04
1.9073e-06
1.1921e-06
3.6001e-05
1.6785e-04
3.6001e-05
1.1086e-04
1.9073e-06
9.5367e-07
3.4809e-05
1.9073e-06
3.6001e-05
2.9993e-04
1.9073e-06
2.3127e-05
1.9073e-06
2.3198e-04
1.9073e-06
1.1921e-06
3.6001e-05
9.5367e-07
3.4094e-05
9.5367e-07
3.3855e-05
0.0000e+00
3.3140e-05
1.6689e-04
3.6001e-05
7.6056e-05
3.6955e-05
3.9101e-05
3.5048e-05
1.8406e-04
2.1458e-06
1.9073e-06
3.5048e-05
9.5367e-07
3.3140e-05
2.8110e-04
1.9073e-06
9.5367e-07
3.6001e-05
1.4806e-04
1.9073e-06
9.5367e-07
3.6001e-05
4.6015e-05
9.2030e-05
1.3995e-04
1.9073e-06
9.5367e-07
3.6001e-05
1.4305e-04
3.6001e-05
5.9843e-05
3.5048e-05
1.0586e-04
1.9073e-06
3.5048e-05
2.1458e-06
1.0800e-04
1.9073e-06
7.2002e-05
3.6001e-05
1.0300e-04
2.1458e-06
1.3089e-04
8.3923e-05
1.7214e-04
1.9073e-06
9.5367e-07
3.5048e-05
2.0981e-05
3.0994e-06
1.9073e-06
3.5048e-05
2.9087e-04
2.8610e-06
2.5988e-05
1.9073e-06
1.2422e-04
3.6001e-05
1.8597e-04
1.9073e-06
9.5367e-07
3.4809e-05
1.1921e-06
8.1062e-05
1.9073e-06
3.4094e-05
3.0994e-05
3.6001e-05
2.2006e-04
3.0994e-06
2.5105e-04
2.1458e-06
9.5367e-07
3.6955e-05
8.2970e-05
2.8610e-06
9.5367e-07
3.4809e-05
1.1921e-06
3.2902e-05
1.3709e-04
8.2970e-05
2.1458e-06
3.5048e-05
3.8862e-05
3.6001e-05
1.2589e-04
3.6001e-05
1.9503e-04
2.1458e-06
9.0837e-05
1.9073e-06
9.5367e-07
3.4809e-05
0.0000e+00
3.8862e-05
5.0712e-04
2.1458e-06
2.7490e-04
2.1458e-06
9.5367e-07
8.7976e-05
1.1921e-06
3.3855e-05
2.0981e-05
2.1458e-06
2.0027e-05
2.1458e-06
9.5367e-07
3.5048e-05
9.6083e-05
3.6955e-05
1.9073e-06
3.4094e-05
7.1049e-05
2.1458e-06
9.5367e-07
3.5048e-05
2.9087e-05
8.2970e-05
8.9884e-05
3.6001e-05
5.6982e-05
3.5048e-05
9.7990e-05
3.6001e-05
9.8228e-05
3.5048e-05
1.1086e-04
1.9073e-06
2.1458e-06
3.6001e-05
6.3181e-05
3.5048e-05
1.6241e-03
3.0994e-06
1.9073e-06
4.1008e-05
5.1022e-05
1.9073e-06
9.5367e-07
3.6001e-05
1.2708e-04
3.5048e-05
6.2490e-04
2.8610e-06
2.1458e-06
3.7909e-05
1.6499e-04
3.6001e-05
5.1904e-04
1.9073e-06
9.5367e-07
3.3855e-05
2.0385e-04
1.9073e-06
6.1011e-04
2.1458e-06
1.2589e-04
1.9073e-06
9.2983e-05
1.9073e-06
6.5088e-05
3.0994e-06
1.0681e-04
1.9073e-06
9.5367e-07
3.7909e-05
9.5367e-07
3.4094e-05
7.7009e-05
3.6955e-05
3.1948e-05
3.6001e-05
1.4210e-04
3.6955e-05
9.5367e-07
3.5048e-05
1.4710e-04
3.6001e-05
2.1458e-06
3.3855e-05
9.5367e-07
3.2902e-05
1.9097e-04
2.1458e-06
4.1962e-05
1.9073e-06
9.5367e-07
3.6001e-05
0.0000e+00
3.2902e-05
1.1301e-04
8.3208e-05
1.6093e-04
3.6955e-05
2.1458e-06
3.2902e-05
4.9114e-05
3.6001e-05
2.9802e-04
1.9073e-06
1.9073e-06
3.6001e-05
0.0000e+00
3.3140e-05
0.0000e+00
3.3140e-05
9.5367e-07
8.1062e-05
2.5487e-04
1.9073e-06
9.5367e-07
3.5048e-05
3.0208e-04
3.0994e-06
1.6785e-04
1.9073e-06
3.9101e-04
2.1458e-06
9.5367e-07
3.6001e-05
9.5367e-07
3.2902e-05
1.5998e-04
3.6955e-05
4.1008e-05
3.6001e-05
2.5010e-04
4.8161e-05
1.9073e-06
3.6001e-05
2.4414e-04
2.1458e-06
3.0994e-05
1.9073e-06
5.0068e-05
1.9073e-06
1.5998e-04
1.9073e-06
2.0027e-05
1.9073e-06
4.2915e-05
1.9073e-06
1.2016e-04
3.6955e-05
4.1962e-05
3.5048e-05
5.7936e-05
1.9073e-06
9.5367e-07
3.3855e-05
1.4997e-04
3.6955e-05
1.4091e-04
1.9073e-06
9.5367e-07
3.6001e-05
1.1921e-06
3.2902e-05
3.9101e-05
3.6955e-05
1.0896e-04
3.6001e-05
9.7990e-05
3.6001e-05
7.1049e-05
3.4809e-05
1.8096e-04
2.8610e-06
9.5367e-07
3.6001e-05
5.1975e-05
3.6955e-05
3.1495e-04
1.9073e-06
7.7009e-05
1.9073e-06
1.9073e-05
2.1458e-06
1.8191e-04
1.9073e-06
1.1921e-06
3.6001e-05
1.2302e-04
2.1458e-06
9.5367e-07
3.6001e-05
9.5367e-07
7.9155e-05
1.7786e-04
3.7909e-05
1.1301e-04
3.6001e-05
1.1492e-04
2.1458e-06
1.6499e-04
1.9073e-06
9.5367e-07
3.6001e-05
9.5367e-07
3.2902e-05
2.4509e-04
3.6955e-05
1.0896e-04
1.9073e-06
6.2943e-05
1.9073e-06
1.1921e-06
8.2970e-05
9.5367e-07
3.4094e-05
9.5367e-07
3.3140e-05
2.2697e-04
3.0994e-06
1.2898e-04
3.6001e-05
1.1706e-04
2.8610e-06
9.5367e-07
3.6001e-05
6.8188e-05
3.6001e-05
1.7095e-04
1.9073e-06
2.1935e-05
1.9073e-06
1.9073e-06
3.6001e-05
3.9315e-04
1.9073e-06
1.1587e-04
1.9073e-06
6.6042e-05
2.8610e-06
1.1921e-06
3.6001e-05
9.5367e-07
3.4094e-05
2.2888e-04
3.6001e-05
1.3614e-04
2.1458e-06
8.9884e-05
1.9073e-06
4.3607e-04
3.0994e-06
9.5367e-07
3.6001e-05
4.3917e-04
3.0994e-06
9.5367e-07
3.6001e-05
7.9870e-05
1.9073e-06
9.5367e-07
1.5306e-04
2.4605e-04
1.9073e-06
1.9073e-06
3.6001e-05
4.2510e-04
6.2943e-05
1.1706e-04
3.6001e-05
1.0300e-04
3.6001e-05
2.1458e-06
3.6001e-05
1.8191e-04
2.8610e-06
2.1458e-06
3.4809e-05
1.5593e-04
2.1458e-06
9.5367e-07
3.5048e-05
2.4915e-04
2.1458e-06
1.3590e-04
2.8610e-06
9.5367e-07
3.6001e-05
0.0000e+00
3.2902e-05
9.5367e-07
8.2016e-05
1.5688e-04
2.8610e-06
8.6069e-05
3.6001e-05
9.5367e-07
3.2902e-05
1.1921e-06
3.3855e-05
2.6608e-04
2.1458e-06
1.0085e-04
1.9073e-06
1.9073e-05
2.1458e-06
9.5367e-07
3.6001e-05
2.1601e-04
1.9073e-06
6.7949e-05
8.2970e-05
1.4806e-04
2.1458e-06
8.0824e-05
2.8610e-06
0.0000e+00
3.6001e-05
1.4305e-04
3.6001e-05
6.0797e-05
3.6001e-05
1.9073e-06
3.3140e-05
8.7023e-05
2.1458e-06
2.2197e-04
3.0994e-06
9.5367e-07
3.6001e-05
0.0000e+00
8.8215e-05
1.0896e-04
3.6001e-05
4.5061e-05
1.9073e-06
9.7990e-05
3.6001e-05
9.7036e-05
2.1458e-06
8.9884e-05
3.6001e-05
1.1921e-06
3.2902e-05
4.1962e-05
2.8610e-06
2.1458e-06
3.5048e-05
3.7289e-04
8.4162e-05
1.9073e-06
3.4094e-05
9.9897e-05
3.0994e-06
9.7036e-05
3.6955e-05
8.7976e-05
1.9073e-06
6.6996e-05
3.4809e-05
1.4806e-04
2.1458e-06
9.4891e-05
1.9073e-06
9.0122e-05
2.1458e-06
9.5367e-07
3.6001e-05
7.7009e-05
1.9002e-04
2.6512e-04
3.6001e-05
4.5800e-04
2.8610e-06
9.2030e-05
3.0994e-06
9.5367e-07
3.6001e-05
2.5201e-04
3.6001e-05
1.8001e-04
3.0994e-06
9.5367e-07
3.6955e-05
2.2101e-04
2.1458e-06
9.5367e-07
3.6001e-05
0.0000e+00
8.2970e-05
3.0994e-06
3.4094e-05
1.3280e-04
1.9073e-06
1.1921e-06
3.6001e-05
9.5367e-07
3.3140e-05
9.8944e-05
3.5048e-05
1.6999e-04
2.1458e-06
1.1992e-04
1.9073e-06
9.5367e-07
3.4809e-05
9.5367e-07
8.2970e-05
2.6703e-04
2.1458e-06
1.9073e-06
3.6001e-05
9.2030e-05
3.0994e-06
9.5367e-07
3.6001e-05
9.5367e-07
3.3140e-05
9.5367e-07
3.3140e-05
1.1301e-04
3.6955e-05
9.5367e-07
3.3140e-05
1.6189e-04
8.2970e-05
2.8610e-06
3.2902e-05
9.5367e-07
3.4094e-05
8.9717e-04
3.0994e-06
1.9073e-06
3.8147e-05
1.5593e-04
3.0994e-06
1.2803e-04
2.1458e-06
9.5367e-07
3.5048e-05
1.8120e-05
2.1458e-06
1.7285e-04
2.8610e-06
1.4615e-04
2.1458e-06
2.1458e-06
3.6955e-05
9.5367e-07
3.2902e-05
1.8597e-04
1.9073e-06
9.5367e-07
3.4809e-05
3.2496e-04
2.8610e-06
2.1935e-05
1.9073e-06
2.1458e-06
3.6001e-05
1.4400e-04
2.1458e-06
9.5367e-07
3.5048e-05
9.5367e-07
8.1062e-05
8.8930e-05
1.9073e-06
9.5367e-07
3.6001e-05
7.2002e-05
3.6955e-05
7.8917e-05
3.6001e-05
9.5367e-07
3.2902e-05
1.5616e-04
3.6001e-05
4.1008e-05
3.5048e-05
1.0204e-04
8.1062e-05
2.4486e-04
1.9073e-06
1.2994e-04
2.1458e-06
9.5367e-07
3.6001e-05
3.0208e-04
2.1458e-06
9.5367e-07
3.6001e-05
0.0000e+00
3.3140e-05
0.0000e+00
3.2902e-05
3.1614e-04
2.8610e-06
0.0000e+00
3.6001e-05
6.3896e-05
9.2983e-05
5.6791e-04
3.0994e-06
3.2091e-04
1.9073e-06
2.8419e-04
2.1458e-06
9.5367e-07
4.0054e-05
9.5367e-07
3.4094e-05
0.0000e+00
3.3140e-05
5.4288e-04
3.7193e-05
4.3797e-04
3.0994e-06
9.4891e-05
1.9073e-06
1.3208e-04
8.7976e-05
9.5367e-07
3.4094e-05
3.4308e-04
3.5048e-05
2.1660e-03
2.8610e-06
3.0994e-06
4.1008e-05
7.3195e-05
1.9073e-06
9.5367e-07
3.5048e-05
4.8208e-04
2.1458e-06
1.3900e-04
3.8147e-05
9.5367e-07
9.1076e-05
3.4499e-04
3.7193e-05
2.2602e-04
3.6955e-05
9.5367e-07
3.4094e-05
3.4904e-04
4.0054e-05
9.5367e-07
3.3140e-05
3.2592e-04
3.6955e-05
1.4079e-03
1.8597e-04
7.6914e-04
5.5075e-05
1.9073e-06
3.9816e-05
1.7595e-04
3.7193e-05
1.2581e-03
1.9073e-06
3.0994e-06
4.2915e-05
0.0000e+00
3.4809e-05
1.1921e-06
3.8862e-05
7.7982e-03
2.8610e-06
5.0068e-06
5.1022e-05
9.5367e-07
1.2803e-04
1.1706e-04
3.6955e-05
1.9073e-06
3.4094e-05
6.2943e-05
3.5048e-05
4.6897e-04
2.1458e-06
1.9073e-06
3.6001e-05
9.5367e-07
3.4094e-05
9.3937e-05
2.1458e-06
2.0981e-05
3.0994e-06
4.1008e-05
1.9073e-06
8.7976e-05
2.1458e-06
1.7881e-05
2.8610e-06
1.7500e-04
3.6001e-05
1.4281e-04
1.9073e-06
1.2517e-04
2.8610e-06
1.2898e-04
2.8610e-06
3.0994e-05
1.9073e-06
1.1921e-06
3.6001e-05
8.6069e-05
1.9073e-06
3.1209e-04
1.9073e-06
9.5367e-07
3.6001e-05
4.2915e-05
1.9073e-06
3.9816e-05
4.6968e-05
9.5367e-07
3.4809e-05
9.5367e-07
3.2902e-05
1.7309e-04
1.9073e-06
9.1076e-05
2.1458e-06
9.5367e-07
3.5048e-05
6.6996e-05
3.6001e-05
1.4091e-04
3.6001e-05
9.5367e-07
3.3140e-05
1.0109e-04
8.6069e-05
1.9073e-06
3.5048e-05
9.5367e-07
3.2902e-05
1.8907e-04
3.0994e-06
9.5367e-07
3.6001e-05
9.5367e-07
3.4094e-05
1.0800e-04
3.0994e-06
2.2793e-04
3.0994e-06
9.5367e-07
3.6001e-05
7.4148e-05
8.4162e-05
3.7193e-05
3.5048e-05
1.9073e-06
3.2902e-05
9.5367e-07
3.3140e-05
6.6900e-04
2.1458e-06
6.6042e-05
1.9073e-06
1.1921e-06
3.6001e-05
9.5367e-07
3.2902e-05
3.8600e-04
2.1458e-06
2.1458e-06
8.9884e-05
1.0109e-04
1.9073e-06
1.7405e-04
3.7193e-05
9.5367e-07
3.4094e-05
2.1505e-04
1.9073e-06
1.1921e-06
3.6001e-05
9.5367e-07
3.4094e-05
9.5367e-07
3.2902e-05
6.5088e-05
3.5048e-05
1.2994e-04
1.9073e-06
9.5367e-07
3.6001e-05
1.9073e-06
3.3140e-05
1.9789e-04
3.6955e-05
3.6955e-05
3.6001e-05
1.4305e-04
3.6001e-05
5.3167e-05
1.9073e-06
4.0054e-05
1.9073e-06
1.1921e-06
3.6001e-05
8.3923e-05
8.4162e-05
2.6822e-04
2.1458e-06
2.8849e-05
1.9073e-06
2.4199e-04
1.9073e-06
1.5974e-05
2.1458e-06
5.6982e-05
2.1458e-06
7.2956e-05
3.6001e-05
2.0099e-04
2.1458e-06
9.5367e-07
3.6955e-05
1.8597e-04
3.0994e-06
2.0599e-04
2.1458e-06
9.5367e-07
3.7193e-05
1.1921e-06
8.2016e-05
4.0054e-05
2.1458e-06
9.5367e-07
3.4094e-05
9.5367e-07
3.3140e-05
1.7405e-04
3.6001e-05
9.5844e-05
3.6001e-05
2.3913e-04
3.5048e-05
9.5367e-07
3.3140e-05
4.9829e-05
1.9073e-06
7.2002e-05
1.9073e-06
9.5367e-07
3.6001e-05
9.5367e-07
3.2902e-05
8.3923e-05
3.6001e-05
2.5487e-04
1.9073e-06
9.5367e-07
3.6001e-05
0.0000e+00
3.4094e-05
8.4162e-05
3.6001e-05
4.0054e-05
8.3208e-05
8.3208e-05
3.5048e-05
1.9073e-06
3.3140e-05
9.5367e-07
3.1948e-05
1.3113e-04
3.6001e-05
5.6982e-05
3.6001e-05
1.3494e-04
3.7193e-05
9.5367e-07
3.4094e-05
3.8252e-03
9.5129e-05
5.2905e-04
2.8610e-06
1.7118e-04
2.1458e-06
9.5367e-07
3.6955e-05
1.9813e-04
2.1458e-06
2.2888e-04
1.9073e-06
1.1921e-06
3.6001e-05
0.0000e+00
3.2902e-05
3.5000e-04
1.9073e-06
9.0122e-05
3.5048e-05
1.9073e-06
1.0705e-04
1.1292e-03
1.9073e-06
2.1458e-06
4.0054e-05
1.2088e-04
1.9073e-06
1.9073e-06
4.1962e-05
9.5367e-07
3.4094e-05
2.1291e-04
1.9073e-06
9.5367e-07
3.4809e-05
1.8406e-04
3.6001e-05
4.5061e-05
1.9073e-06
1.1921e-06
3.6001e-05
1.9073e-06
3.5048e-05
1.7500e-04
2.1458e-06
1.9073e-06
3.6001e-05
3.2806e-04
1.9073e-06
1.3399e-04
3.0994e-06
4.4107e-05
2.1458e-06
9.5367e-07
3.6001e-05
3.3402e-04
3.9101e-05
1.8835e-05
1.9073e-06
1.1430e-03
2.1458e-06
1.9073e-06
3.9101e-05
5.0718e-01
