1.1548e-02
2.2950e-02
1.8835e-05
1.4078e-02
1.9073e-06
4.0531e-06
3.1590e-04
4.0410e-02
3.0994e-06
4.7191e-02
3.0994e-06
4.0531e-06
4.8161e-05
2.0202e-02
2.1458e-06
5.0068e-06
3.3712e-04
1.8516e-02
3.8147e-06
1.0405e-02
6.6996e-05
1.7001e-02
3.0994e-06
1.8480e-03
1.2708e-04
4.0531e-06
4.2915e-05
9.5367e-07
4.7922e-05
2.4760e-03
8.4877e-05
4.7112e-04
4.0054e-05
8.3079e-03
3.0994e-06
5.9605e-06
9.4891e-05
3.3000e-03
3.6812e-04
1.4060e-03
4.3154e-05
2.7490e-04
3.0994e-06
1.7881e-05
1.9073e-06
2.7204e-04
2.8610e-06
2.2388e-04
1.9073e-06
1.2112e-04
3.0994e-06
2.5105e-04
1.9073e-06
4.1008e-05
2.8610e-06
9.5367e-07
3.9816e-05
4.9186e-04
3.9816e-05
1.0705e-04
1.9073e-06
1.8501e-04
1.9073e-06
1.9381e-03
1.9073e-06
3.3898e-03
2.8610e-06
5.9605e-06
4.8876e-05
1.2951e-03
3.0994e-06
1.3821e-03
2.8610e-06
3.0994e-06
4.1962e-05
8.3492e-03
5.1022e-05
2.2721e-04
3.6955e-05
8.6851e-03
2.8610e-06
2.1458e-06
7.2956e-05
1.3399e-04
2.1458e-06
4.4107e-05
3.7193e-05
8.4162e-05
2.1458e-06
9.5367e-07
3.6955e-05
6.4135e-05
3.6001e-05
6.7949e-05
3.9101e-05
9.5367e-07
3.2902e-05
5.5289e-04
4.2200e-05
1.8330e-03
4.2915e-05
6.1989e-05
1.9073e-06
9.5367e-07
9.2030e-05
3.0899e-04
3.8147e-05
1.3685e-04
3.6955e-05
1.2398e-04
3.6001e-05
1.1301e-04
3.6001e-05
1.2088e-04
3.6001e-05
2.3580e-04
3.0994e-06
3.5596e-04
2.8610e-06
1.1921e-06
3.6955e-05
9.5367e-07
3.6001e-05
1.8001e-04
3.0994e-06
1.4615e-04
3.6955e-05
2.7490e-04
3.6955e-05
4.6015e-05
3.9101e-05
9.1076e-05
3.0994e-06
9.5367e-07
3.5048e-05
4.0054e-05
3.6001e-05
9.7036e-05
3.0994e-06
1.4067e-05
3.0994e-06
1.5402e-04
1.9073e-06
1.5974e-05
1.9073e-06
2.7180e-05
3.6955e-05
1.9073e-06
3.4094e-05
1.3709e-04
3.6955e-05
2.6298e-04
1.9073e-06
4.0054e-05
1.9073e-06
9.5367e-07
3.6001e-05
4.0913e-04
3.0994e-06
1.4997e-04
2.1458e-06
1.4305e-04
2.1458e-06
1.5879e-04
2.8610e-06
2.1458e-06
3.7909e-05
8.6069e-05
2.1458e-06
9.5367e-07
3.8147e-05
9.5367e-07
3.3855e-05
9.5367e-07
3.2902e-05
8.5115e-05
1.9073e-06
9.0837e-05
1.9073e-06
5.6982e-05
1.9073e-06
9.5367e-07
3.6001e-05
4.0054e-05
8.2016e-05
1.2088e-04
2.1458e-06
7.2002e-05
3.0994e-06
4.9829e-05
1.9073e-06
1.1921e-06
3.6955e-05
7.7009e-05
3.0994e-06
1.9073e-06
3.6001e-05
1.9073e-06
3.4094e-05
2.6941e-05
3.6955e-05
5.6028e-05
3.6001e-05
6.8903e-05
1.9073e-06
1.1301e-04
1.9073e-06
7.2956e-05
1.9073e-06
9.5367e-07
3.6001e-05
6.6042e-05
1.9073e-06
9.5367e-07
3.4809e-05
4.1008e-05
3.5048e-05
9.5367e-07
3.2902e-05
8.9169e-05
5.3167e-05
9.9182e-05
8.1062e-05
3.8505e-04
2.1458e-06
2.3508e-04
2.1458e-06
9.5367e-07
3.6001e-05
5.5075e-05
2.1458e-06
9.5367e-07
3.6001e-05
1.1921e-06
3.3855e-05
6.4301e-04
1.9073e-06
9.5367e-07
3.7909e-05
3.6287e-04
3.0994e-06
1.0650e-03
4.9114e-05
5.9605e-06
1.0610e-04
2.0027e-05
3.0994e-06
9.8944e-05
2.8610e-06
8.9169e-05
3.6001e-05
4.3154e-05
2.1458e-06
9.5367e-07
3.5048e-05
2.4295e-04
3.0994e-06
9.5367e-07
3.5048e-05
1.7166e-05
3.0994e-06
8.3923e-05
1.9073e-06
1.4067e-05
2.1458e-06
1.9073e-06
3.6001e-05
4.0054e-05
3.5048e-05
9.7990e-05
3.6001e-05
6.1989e-05
1.9073e-06
5.1022e-05
1.9073e-06
2.5034e-05
1.9073e-06
1.5092e-04
1.9073e-06
3.6955e-05
1.9073e-06
1.1921e-06
3.6001e-05
7.9870e-05
1.9073e-06
1.0204e-04
1.9073e-06
9.5367e-07
8.3923e-05
1.9073e-06
3.2902e-05
1.1301e-04
3.5048e-05
9.2030e-05
3.6001e-05
3.3689e-04
1.9073e-06
4.8709e-04
3.0994e-06
1.9073e-06
4.0054e-05
1.5020e-05
1.9073e-06
5.4121e-05
3.0994e-06
9.5367e-07
3.7909e-05
8.5115e-05
2.1458e-06
9.5367e-07
3.6001e-05
1.3494e-04
1.9073e-06
1.1921e-06
3.4809e-05
1.1921e-06
3.2902e-05
5.5075e-05
3.5048e-05
5.0068e-05
3.6955e-05
2.4199e-04
1.9073e-06
1.3304e-04
1.9073e-06
4.1008e-05
2.8610e-06
9.8944e-05
8.2970e-05
3.1686e-04
2.8610e-06
2.5797e-04
1.9073e-06
9.5367e-07
3.6955e-05
8.5115e-05
1.9073e-06
1.1921e-06
1.3185e-04
2.1458e-06
3.3855e-05
2.4295e-04
1.9073e-06
2.2173e-05
3.6001e-05
1.8096e-04
3.0994e-06
7.2002e-05
1.9073e-06
1.5974e-05
1.9073e-06
4.0054e-05
3.7193e-05
1.2684e-04
2.8610e-06
9.4175e-05
1.9073e-06
3.7909e-05
3.0994e-06
4.6015e-05
2.1458e-06
2.6226e-05
1.9073e-06
1.2684e-04
2.8610e-06
8.2970e-05
1.9073e-06
4.2200e-05
2.1458e-06
2.1195e-04
2.1458e-06
4.1962e-05
1.9073e-06
9.5367e-07
3.6001e-05
8.4162e-05
2.1458e-06
2.9516e-04
3.0994e-06
4.1962e-05
1.9073e-06
3.1631e-03
5.1022e-05
9.3937e-05
4.6015e-05
1.4285e-02
6.6996e-05
4.0531e-06
4.9829e-05
7.4959e-03
3.0994e-06
2.0564e-02
2.8610e-06
1.0141e-02
3.0994e-06
5.3420e-03
2.8610e-06
6.1989e-05
3.0994e-06
9.5367e-07
2.5606e-04
7.8917e-05
3.6001e-05
7.6141e-03
3.0994e-06
1.8909e-03
2.8610e-06
4.0793e-04
3.0994e-06
9.5367e-07
4.1962e-05
1.1370e-03
2.8610e-06
2.8610e-06
4.4107e-05
9.5367e-07
3.2902e-05
0.0000e+00
3.2902e-05
4.9520e-03
1.5092e-04
1.8361e-03
4.9114e-05
1.8201e-03
2.8610e-06
1.9770e-03
5.1975e-05
1.0261e-02
4.3869e-05
2.3201e-03
2.8610e-06
3.8147e-06
4.7922e-05
1.2302e-04
1.9073e-06
2.5034e-05
3.6001e-05
5.6982e-05
1.1516e-04
2.7728e-03
4.0531e-06
1.2088e-04
1.9073e-06
1.1921e-06
3.8862e-05
1.3614e-04
2.1458e-06
9.5367e-07
1.1611e-04
6.2101e-03
3.0994e-06
9.3937e-05
1.9073e-06
1.4720e-03
3.0994e-06
1.2493e-04
2.8610e-06
5.9605e-04
4.4107e-05
5.0068e-05
1.9073e-06
2.1458e-06
3.7909e-05
5.7912e-04
4.3154e-05
1.7190e-04
2.8610e-06
1.4067e-05
1.9073e-06
1.6904e-04
3.9101e-05
5.8007e-04
1.9073e-06
1.5187e-04
3.8862e-05
4.8161e-05
3.6001e-05
1.7595e-04
3.6001e-05
3.8600e-04
2.1458e-06
1.9073e-06
3.8147e-05
1.4591e-04
1.9073e-06
3.8409e-04
2.1458e-06
9.5367e-07
3.6955e-05
9.5367e-07
3.3855e-05
2.0814e-04
2.8610e-06
2.1458e-06
3.5048e-05
1.3828e-05
2.8610e-06
1.4141e-03
2.8610e-06
2.8610e-06
4.6968e-05
1.9693e-04
3.7909e-05
9.4604e-04
1.9073e-06
4.0531e-06
4.4107e-05
6.2799e-04
1.9073e-06
6.4301e-04
4.4823e-05
1.3995e-04
3.6955e-05
2.7013e-04
3.0994e-06
9.5367e-07
3.6001e-05
3.1209e-04
3.0994e-06
4.6015e-05
2.1458e-06
9.5367e-07
1.3709e-04
2.7204e-04
3.6001e-05
6.5088e-04
1.9073e-06
9.1791e-05
2.1458e-06
1.8835e-05
2.8610e-06
1.1206e-04
1.9073e-06
6.6042e-05
3.0994e-06
1.9073e-06
3.9101e-05
1.6499e-04
1.9073e-06
2.1458e-06
6.5804e-05
9.5367e-07
3.4094e-05
3.8600e-04
2.1458e-06
1.4687e-04
1.9073e-06
1.9407e-04
3.0994e-06
3.3808e-04
3.0994e-06
4.4918e-04
2.1458e-06
1.9073e-06
9.2030e-05
2.9199e-03
4.4107e-05
2.2380e-03
2.8610e-06
2.7990e-04
1.9073e-06
2.1458e-06
4.1962e-05
1.1430e-03
2.8610e-06
1.4892e-03
3.0994e-06
1.9503e-04
6.3896e-05
1.9073e-06
1.0109e-04
6.5684e-04
4.1008e-05
1.2860e-03
4.6015e-05
2.5649e-03
4.6968e-05
8.3685e-04
2.8610e-06
8.8716e-04
2.1458e-06
5.5408e-04
2.8610e-06
2.2817e-04
2.8610e-06
6.0606e-04
2.8610e-06
2.2483e-04
1.9073e-06
2.1458e-06
1.5187e-04
4.6620e-03
2.8610e-06
1.9073e-06
1.4305e-04
4.1599e-03
5.6028e-05
5.8103e-04
1.9073e-06
1.7595e-04
3.0994e-06
1.9073e-06
3.9101e-05
0.0000e+00
3.2902e-05
1.1921e-06
3.2902e-05
5.3096e-04
1.9073e-06
1.9073e-06
3.9101e-05
4.0579e-03
3.0994e-06
1.6999e-04
2.1458e-06
1.9073e-06
1.0395e-04
2.9588e-04
1.9073e-06
9.5367e-07
3.8862e-05
1.2207e-04
3.8147e-05
3.8004e-04
2.1458e-06
1.0180e-04
1.9073e-06
9.5367e-07
4.3869e-05
1.2021e-03
1.9193e-04
3.5000e-04
1.9073e-06
9.5367e-07
3.6955e-05
1.1396e-04
3.6001e-05
3.2783e-04
2.8610e-06
2.1458e-06
3.7909e-05
5.9295e-04
1.9073e-06
2.0313e-04
2.1458e-06
9.7990e-05
2.1458e-06
9.7036e-05
2.1458e-06
9.5367e-07
3.6955e-05
1.3089e-04
3.6001e-05
4.0293e-04
2.8610e-06
2.1458e-06
3.6955e-05
0.0000e+00
3.2902e-05
3.4094e-04
1.9073e-06
9.8944e-05
2.1458e-06
9.5367e-07
3.6001e-05
5.8007e-04
3.7193e-05
3.1900e-04
2.8610e-06
1.1683e-04
1.9073e-06
6.7949e-05
2.1458e-06
2.5034e-05
3.9101e-05
6.9857e-05
3.0994e-06
9.4891e-05
1.9073e-06
2.1458e-06
3.6001e-05
4.4823e-05
3.6955e-05
8.5115e-05
2.1458e-06
7.9870e-05
1.9073e-06
6.6042e-05
3.4809e-05
8.3208e-05
2.1458e-06
9.5367e-07
8.0109e-05
8.7976e-05
3.4809e-04
1.8597e-04
1.9073e-06
9.4891e-05
1.9073e-06
1.1921e-06
3.7909e-05
1.7190e-04
1.9073e-06
9.5367e-07
3.5048e-05
1.7500e-04
1.9073e-06
1.3113e-04
2.1458e-06
3.9816e-05
1.9073e-06
1.1921e-06
3.6001e-05
1.0586e-04
9.4891e-05
8.7976e-05
1.9073e-06
9.5367e-07
3.4809e-05
2.1505e-04
1.9073e-06
1.1921e-06
3.5763e-05
8.0824e-05
1.9073e-06
1.1921e-06
3.3855e-05
7.0810e-05
1.9073e-06
8.1062e-05
3.0994e-06
1.9073e-06
3.6001e-05
9.5367e-07
7.9155e-05
1.9073e-06
3.4809e-05
2.1458e-06
3.3855e-05
1.2898e-04
1.9073e-06
1.1921e-06
3.6001e-05
1.3900e-04
3.6955e-05
8.7976e-05
2.1458e-06
9.5367e-07
3.6001e-05
9.5367e-07
3.4094e-05
6.1989e-05
5.7817e-04
5.0068e-06
8.5831e-05
1.6713e-04
2.1458e-06
5.6982e-05
3.7909e-05
9.2983e-05
2.8610e-06
9.5367e-07
3.7193e-05
8.8930e-05
1.9073e-06
7.1049e-05
2.1458e-06
1.0490e-04
1.9073e-06
1.1921e-06
3.5048e-05
3.5381e-04
2.8610e-06
2.1458e-06
3.6955e-05
3.5882e-04
2.8610e-06
1.9407e-04
2.1458e-06
6.7496e-04
2.8610e-06
2.1458e-06
3.8862e-05
5.4908e-04
3.0994e-06
1.3614e-04
1.9073e-06
1.5616e-04
2.1458e-06
9.5367e-07
3.6001e-05
9.5367e-07
3.3140e-05
0.0000e+00
9.2983e-05
3.6311e-04
3.0994e-06
9.5367e-07
3.6955e-05
0.0000e+00
3.3855e-05
4.8161e-05
7.0095e-05
1.6594e-04
1.9073e-06
8.8930e-05
3.6001e-05
6.9141e-05
1.9073e-06
1.4615e-04
2.1458e-06
9.5367e-07
3.6955e-05
4.0054e-05
3.0994e-06
1.8835e-05
2.8610e-06
9.5367e-07
3.6955e-05
9.5367e-07
3.4094e-05
9.5367e-07
3.2902e-05
4.3154e-05
3.5048e-05
1.3304e-04
2.1458e-06
9.5367e-07
3.5048e-05
4.0054e-05
3.4809e-05
1.0109e-04
3.0994e-06
1.9073e-06
3.6001e-05
4.3154e-05
3.6001e-05
8.2970e-05
3.0994e-06
1.1492e-04
2.1458e-06
3.6001e-05
2.1458e-06
9.5367e-07
3.6001e-05
5.6028e-05
3.6955e-05
9.5367e-07
3.2902e-05
9.8944e-05
1.9073e-06
9.5367e-07
3.5048e-05
1.4305e-04
7.8678e-06
3.6001e-05
1.9073e-06
8.7023e-05
1.9073e-06
1.1706e-04
3.0994e-06
3.6955e-05
2.1458e-06
7.2002e-05
2.1458e-06
9.3937e-05
3.6955e-05
7.1049e-05
2.8610e-06
0.0000e+00
3.6001e-05
0.0000e+00
3.3140e-05
1.0395e-04
3.6955e-05
8.6784e-05
2.8610e-06
3.8147e-05
2.8610e-06
3.0899e-04
3.0994e-06
9.5367e-07
3.6955e-05
9.5367e-07
3.4094e-05
1.8001e-04
3.6955e-05
2.2602e-04
3.9816e-05
1.0300e-04
3.6001e-05
4.1962e-05
3.6001e-05
4.1199e-04
2.8610e-06
1.9073e-06
6.3896e-05
2.3794e-04
1.9073e-06
4.4823e-05
2.8610e-06
8.5115e-05
2.1458e-06
9.7036e-05
1.9073e-06
1.6432e-03
3.0994e-06
3.2902e-04
1.9073e-06
2.2197e-04
3.0994e-06
1.9693e-04
3.0994e-06
9.5367e-07
4.2915e-05
9.5367e-07
3.4094e-05
2.4796e-04
8.4877e-05
2.1005e-04
1.9073e-06
1.1921e-06
3.6001e-05
2.5392e-04
2.8610e-06
9.5367e-07
3.6001e-05
1.1683e-04
3.6001e-05
1.0991e-04
3.6001e-05
2.6011e-04
3.0994e-06
2.1458e-06
3.5048e-05
1.0586e-04
3.5048e-05
1.6999e-04
3.6001e-05
4.1962e-05
3.8147e-05
9.2983e-05
2.1458e-06
2.4509e-04
2.8610e-06
8.9884e-05
3.0994e-06
1.4901e-04
3.0994e-06
9.8944e-05
1.9073e-06
2.1458e-06
3.6955e-05
1.1301e-04
3.6001e-05
5.1808e-04
3.0994e-06
2.3603e-04
3.0994e-06
1.4496e-04
1.9073e-06
9.5367e-07
3.9101e-05
8.7023e-05
2.1458e-06
2.4104e-04
2.8610e-06
9.5367e-07
3.7909e-05
6.9809e-04
3.0994e-06
6.6042e-05
2.8610e-06
9.5367e-07
3.6955e-05
2.2411e-04
1.9073e-06
2.6703e-04
2.8610e-06
1.3828e-05
2.8610e-06
1.9073e-06
1.0204e-04
1.4901e-04
1.9073e-06
1.9073e-06
3.8147e-05
1.1992e-04
3.6001e-05
2.5487e-04
1.9073e-06
1.1921e-06
3.5048e-05
1.0681e-04
3.6001e-05
2.5988e-04
1.9073e-06
9.5367e-07
6.5088e-05
1.6403e-04
3.0994e-06
9.5367e-07
8.9884e-05
1.1420e-04
3.6001e-05
3.5310e-04
3.6001e-05
4.6015e-05
3.6001e-05
6.0081e-05
3.5048e-05
6.0081e-05
3.5048e-05
4.1890e-04
2.8610e-06
1.7405e-04
3.0994e-06
1.1206e-04
2.1458e-06
9.5367e-07
9.6083e-05
1.9073e-06
3.4094e-05
4.8590e-04
2.8610e-06
3.0041e-05
1.9073e-06
9.5367e-07
3.9101e-05
6.3586e-04
2.8610e-06
1.9073e-06
4.0054e-05
0.0000e+00
3.4094e-05
2.3603e-04
3.7909e-05
4.9710e-04
3.0994e-06
1.5187e-04
1.9073e-06
2.1005e-04
2.1458e-06
0.0000e+00
3.6001e-05
9.5367e-07
3.3140e-05
2.4486e-04
1.9073e-06
9.5367e-07
3.5048e-05
3.8910e-04
2.1458e-06
9.5367e-07
3.6001e-05
9.5367e-07
3.4094e-05
6.4397e-04
2.8610e-06
1.9073e-06
4.1962e-05
1.2207e-04
3.7193e-05
2.7895e-04
2.1458e-06
2.8300e-04
2.1458e-06
9.5367e-07
3.6955e-05
0.0000e+00
3.2902e-05
4.2105e-04
5.9843e-05
1.0014e-04
3.8147e-05
9.5367e-07
1.8406e-04
8.8406e-04
1.9073e-06
4.5919e-04
1.9073e-06
1.8907e-04
2.1458e-06
1.9097e-04
3.0994e-06
9.5367e-07
3.9101e-05
1.9598e-04
2.1458e-06
9.5367e-07
3.5048e-05
2.3890e-04
1.9073e-06
8.6069e-05
3.0994e-06
1.0109e-04
2.1458e-06
9.5367e-07
3.6001e-05
1.7405e-04
8.5831e-05
1.1015e-04
3.6001e-05
1.6618e-04
3.6001e-05
1.1301e-04
3.4809e-05
2.0599e-04
3.5048e-05
6.0081e-05
3.5048e-05
8.7976e-05
3.0994e-06
9.5367e-07
3.5048e-05
2.6703e-04
2.1458e-06
5.1904e-04
2.1458e-06
2.7895e-05
4.0054e-05
1.9073e-06
3.4094e-05
9.5367e-07
3.4094e-05
3.4404e-04
1.9073e-06
1.9693e-04
2.8610e-06
1.4782e-04
2.8610e-06
1.0014e-04
3.0994e-06
9.5367e-07
3.9101e-05
7.1692e-04
2.8610e-06
5.1975e-05
1.9073e-06
4.0054e-05
2.1458e-06
3.6955e-05
2.1458e-06
3.6001e-05
2.1458e-06
3.6001e-05
2.1458e-06
1.6212e-05
2.1458e-06
9.5367e-07
3.6955e-05
3.8147e-05
3.0994e-06
3.3307e-04
1.9073e-06
2.0099e-04
4.1008e-05
1.8311e-04
2.1458e-06
9.5367e-07
3.5048e-05
2.6989e-04
1.9073e-06
2.1458e-06
9.2030e-05
5.3883e-05
1.9073e-06
1.1921e-06
3.6001e-05
1.9598e-04
3.0994e-06
5.6028e-05
1.9073e-06
1.8811e-04
2.1458e-06
9.5367e-07
3.7193e-05
9.8944e-05
2.1458e-06
4.6968e-05
3.6001e-05
1.6499e-04
3.6001e-05
2.5988e-05
2.3603e-04
9.0599e-04
3.0994e-06
2.8610e-06
4.4823e-05
2.7704e-04
2.8610e-06
9.5367e-07
3.6001e-05
2.1195e-04
2.1458e-06
6.1989e-05
2.8610e-06
6.2943e-05
4.4107e-05
4.1962e-05
3.6955e-05
1.4901e-04
2.1458e-06
2.3842e-05
1.1086e-04
5.4121e-05
3.0994e-06
4.0531e-06
8.2970e-05
1.5306e-04
2.1458e-06
1.6928e-05
1.9073e-06
3.6001e-05
7.7009e-05
4.6992e-04
3.8147e-05
8.7738e-03
2.8610e-06
6.2299e-04
2.1458e-06
1.9073e-06
4.2200e-05
2.3580e-04
1.9073e-06
1.6999e-04
1.9073e-06
9.3937e-05
2.8610e-06
2.0840e-03
3.0994e-06
2.2101e-04
2.1458e-06
1.3804e-04
2.1458e-06
3.3689e-04
2.8610e-06
3.3402e-04
1.9073e-06
1.3399e-04
1.9073e-06
9.5367e-07
4.1962e-05
1.8096e-04
2.8610e-06
2.2507e-04
1.9073e-06
9.5367e-07
3.7193e-05
3.6192e-04
2.8610e-06
2.1458e-06
9.3937e-05
4.3011e-04
3.0994e-06
9.5367e-07
3.8147e-05
9.5367e-07
3.4094e-05
3.2783e-04
2.8610e-06
4.2915e-05
2.1458e-06
1.0109e-04
3.8862e-05
2.3699e-04
2.8610e-06
2.7895e-05
3.6001e-05
1.3018e-04
2.1458e-06
9.5367e-07
3.5048e-05
2.1601e-04
4.1962e-05
2.1195e-04
3.7909e-05
4.2510e-04
6.1989e-06
1.9073e-06
3.6955e-05
3.6311e-04
1.9073e-06
9.5367e-07
4.7207e-05
3.2320e-03
1.9073e-06
8.7976e-05
2.1458e-06
9.5367e-07
4.5061e-05
1.5497e-04
1.1587e-04
1.0705e-04
3.0994e-06
3.7909e-05
3.0994e-06
2.4080e-05
3.0994e-06
4.7207e-05
1.9073e-06
6.5088e-05
1.9073e-06
1.5211e-04
2.1458e-06
8.2016e-05
1.9073e-06
1.5903e-04
1.9073e-06
3.3307e-04
2.1458e-06
9.5367e-07
3.8147e-05
1.1921e-06
3.3855e-05
2.1815e-04
8.3923e-05
3.4094e-04
2.1458e-06
9.5367e-07
3.9101e-05
9.5367e-07
3.3140e-05
5.0068e-05
2.1458e-06
3.9101e-04
3.6955e-05
1.3900e-04
1.9073e-06
4.0054e-05
1.9073e-06
9.5367e-07
3.4809e-05
3.3617e-04
3.0994e-06
1.9073e-06
4.0054e-05
1.7786e-04
3.6955e-05
3.0899e-04
3.9101e-05
1.6594e-04
3.0994e-06
1.0014e-04
2.8610e-06
9.0122e-05
2.1458e-06
4.3869e-05
2.8610e-06
1.6618e-04
1.9073e-06
1.0211e-03
3.0994e-06
9.3937e-05
4.1008e-05
2.2292e-04
3.7909e-05
3.1710e-04
1.0109e-04
3.8600e-04
2.1458e-06
9.5367e-07
3.6001e-05
2.6894e-04
3.0994e-06
2.1005e-04
2.8610e-06
1.1921e-06
3.6001e-05
8.7023e-05
1.9073e-06
9.5367e-07
3.6001e-05
1.9884e-04
3.6001e-05
4.1962e-05
3.0994e-06
1.4591e-04
8.2016e-05
1.1492e-04
3.6001e-05
1.7881e-04
1.9073e-06
1.8978e-04
3.6001e-05
4.5061e-05
3.6001e-05
4.6301e-04
2.1458e-06
1.9073e-06
3.7909e-05
9.5367e-07
3.4094e-05
4.7922e-05
3.6001e-05
5.2905e-04
1.0586e-04
2.2793e-04
1.9073e-06
3.8719e-04
3.0994e-06
1.7810e-04
1.9073e-06
2.9182e-04
1.9073e-06
1.8716e-04
2.1458e-06
9.5367e-07
4.1008e-05
3.3402e-04
1.9073e-06
3.6502e-04
1.9073e-06
2.1458e-06
3.7909e-05
9.3937e-05
2.8610e-06
1.9073e-06
3.9101e-05
3.2806e-04
3.0994e-06
2.6083e-04
1.9073e-06
4.1008e-05
3.0994e-06
1.4400e-04
3.6955e-05
5.7507e-04
1.9073e-06
9.5367e-07
3.6955e-05
9.5367e-07
3.2902e-05
1.8501e-04
2.8610e-06
2.1458e-06
3.8862e-05
3.1400e-04
1.9073e-06
1.3614e-04
2.1458e-06
2.4700e-04
3.0994e-06
1.9073e-06
3.9101e-05
4.9829e-05
3.5048e-05
3.1996e-04
3.8147e-05
2.3794e-04
3.6955e-05
1.6189e-04
2.8610e-06
9.5367e-07
3.6001e-05
6.2943e-05
5.8174e-05
3.3283e-04
3.7909e-05
4.2915e-05
3.6955e-05
3.9005e-04
2.1458e-06
1.5688e-04
1.9073e-06
2.1458e-06
3.6955e-05
3.6001e-04
3.0994e-06
2.2006e-04
2.1458e-06
9.4891e-05
1.9073e-06
4.6301e-04
2.8610e-06
4.4107e-05
2.1458e-06
1.5092e-04
1.9073e-06
9.5367e-07
3.9101e-05
1.2803e-04
1.9073e-06
1.0395e-04
3.0994e-06
9.5367e-07
3.7193e-05
1.6785e-04
3.6955e-05
1.5688e-04
3.6955e-05
4.1199e-04
2.1458e-06
9.5367e-07
3.6001e-05
6.5088e-05
3.6001e-05
2.1458e-06
3.2902e-05
8.5831e-05
1.9073e-06
9.5367e-07
8.4877e-05
1.8001e-04
3.0994e-06
3.8695e-04
3.0994e-06
4.6015e-05
2.1458e-06
8.7976e-05
2.1458e-06
1.1086e-04
1.9073e-06
9.5367e-07
3.6955e-05
1.7500e-04
2.1458e-06
8.7976e-05
2.1458e-06
1.5974e-05
1.9073e-06
8.8930e-05
3.6001e-05
3.4094e-05
2.1458e-06
9.5367e-07
8.7976e-05
2.1458e-06
3.3855e-05
2.9087e-05
3.9101e-05
4.9710e-04
2.8610e-06
4.1008e-05
1.9073e-06
3.5048e-05
3.0994e-06
1.9908e-04
2.1458e-06
1.3494e-04
3.0994e-06
6.1035e-05
3.0994e-06
1.4687e-04
3.0994e-06
9.5367e-07
3.8147e-05
1.2898e-04
2.1458e-06
9.5367e-07
8.4162e-05
2.8205e-04
2.8610e-06
1.3614e-04
2.1458e-06
5.6982e-05
1.9073e-06
1.9073e-06
3.9101e-05
5.6410e-04
3.0994e-06
2.1458e-06
3.7909e-05
8.7976e-05
1.9073e-06
1.0300e-04
2.1458e-06
9.5367e-07
3.6001e-05
3.4094e-05
3.6001e-05
1.6594e-04
3.6001e-05
2.4819e-04
3.0994e-06
3.0041e-05
2.1458e-06
4.5061e-05
3.8862e-05
8.7976e-05
1.9073e-06
9.5367e-07
3.6001e-05
3.8862e-05
3.6001e-05
2.9993e-04
3.6955e-05
8.4877e-05
3.5048e-05
2.1458e-06
3.5048e-05
3.9983e-04
3.7909e-05
8.2970e-05
1.9073e-06
9.0122e-05
2.1458e-06
9.7036e-05
1.9073e-06
3.4404e-04
2.8610e-06
4.8161e-05
4.1008e-05
1.1802e-04
3.7193e-05
2.2697e-04
3.8147e-05
1.1802e-04
3.6001e-05
1.1301e-04
3.6955e-05
1.1706e-04
3.6001e-05
1.8477e-04
3.0994e-06
2.9397e-04
3.6955e-05
1.9097e-04
2.8610e-06
2.1458e-06
3.6955e-05
1.4806e-04
2.1458e-06
9.5367e-07
3.5048e-05
2.3794e-04
3.7193e-05
1.8620e-04
2.1458e-06
4.9829e-05
3.6955e-05
1.2898e-04
3.6001e-05
1.6618e-04
3.6001e-05
2.1601e-04
2.1458e-06
9.5367e-07
3.6001e-05
5.6696e-04
2.8610e-06
9.5367e-07
3.7909e-05
4.2892e-04
2.8610e-06
2.1935e-05
8.7023e-05
1.9073e-06
3.4094e-05
9.5367e-07
4.0007e-04
2.7204e-04
2.1458e-06
9.5367e-07
3.9101e-05
5.9843e-05
2.3985e-04
2.0885e-04
4.0054e-05
2.5821e-04
2.1458e-06
9.5367e-07
3.6001e-05
2.8706e-04
6.0081e-05
2.2101e-04
3.0994e-06
1.1706e-04
2.1458e-06
2.0885e-04
3.7909e-05
9.7990e-05
3.6001e-05
6.5804e-05
3.6001e-05
2.4295e-04
3.6001e-05
3.2115e-04
1.9073e-06
4.4179e-04
1.9073e-06
9.2030e-05
3.0994e-06
9.5367e-07
3.8147e-05
4.3154e-05
3.0994e-06
9.5367e-07
3.6001e-05
1.0800e-04
3.6001e-05
3.6907e-04
1.9073e-06
2.2006e-04
1.9073e-06
1.0300e-04
5.9843e-05
2.6608e-04
3.0994e-06
9.7990e-05
1.9073e-06
1.5903e-04
3.0994e-06
9.5367e-07
3.6955e-05
3.0017e-04
1.0800e-04
1.3494e-04
3.6001e-05
2.6798e-04
3.7193e-05
8.0395e-04
3.0994e-06
1.9073e-06
3.7909e-05
4.1008e-05
3.6001e-05
1.3089e-04
3.8147e-05
2.7704e-04
2.1458e-06
1.0819e-03
3.0994e-06
6.4135e-05
1.2398e-04
1.9097e-04
3.0994e-06
9.5367e-07
3.7909e-05
2.7108e-04
1.9073e-06
1.0490e-04
2.8610e-06
7.4482e-04
2.8610e-06
2.1458e-06
3.9816e-05
1.1921e-06
3.3855e-05
2.6798e-04
1.9073e-06
1.5497e-04
1.9073e-06
9.5367e-07
3.6001e-05
4.1008e-05
1.9073e-06
1.5998e-04
1.9073e-06
3.5000e-04
2.1458e-06
1.6904e-04
2.1458e-06
3.9816e-05
1.9073e-06
1.1921e-06
3.6001e-05
3.5691e-04
2.8610e-06
1.1516e-04
4.0054e-05
2.5797e-04
3.7909e-05
2.7108e-04
3.0994e-06
1.9073e-06
3.6001e-05
4.1795e-04
2.8610e-06
1.1921e-06
8.6069e-05
1.9073e-06
3.5048e-05
1.6785e-04
3.6001e-05
2.8801e-04
2.1458e-06
1.3494e-04
1.9073e-06
2.3890e-04
1.9073e-06
1.3568e-03
2.8610e-06
2.8610e-06
4.5061e-05
2.9302e-04
2.1458e-06
9.5367e-07
3.7193e-05
2.5702e-04
2.1458e-06
5.1975e-05
1.9073e-06
2.5201e-04
3.9101e-05
3.3092e-04
2.8610e-06
1.1921e-06
3.6001e-05
9.5367e-07
3.2902e-05
3.6781e-02
3.0994e-06
8.1062e-06
5.1022e-05
9.5367e-07
3.5048e-05
1.6638e-02
3.0994e-06
1.0204e-04
2.1458e-06
1.1516e-04
1.9073e-06
2.8491e-04
2.1458e-06
4.1962e-05
3.0994e-06
1.4997e-04
4.1962e-05
4.7922e-05
3.6001e-05
2.4581e-04
3.6001e-05
4.6015e-05
3.6001e-05
1.3018e-04
3.6001e-05
2.3293e-04
1.9073e-06
9.7990e-05
2.8610e-06
1.3113e-05
1.0395e-04
3.5787e-04
1.9073e-06
1.8120e-05
3.0994e-06
9.5367e-07
3.7909e-05
9.5367e-07
3.3855e-05
9.5367e-07
3.4094e-05
1.4091e-04
2.8610e-06
3.6955e-05
1.9073e-06
1.1921e-06
3.6955e-05
1.3685e-04
3.6001e-05
7.9489e-04
3.0994e-06
4.6015e-05
1.9073e-06
3.8862e-05
1.9073e-06
1.9073e-06
4.1008e-05
2.3699e-04
1.9073e-06
1.1921e-06
3.8147e-05
1.5340e-03
2.8610e-06
1.1921e-06
4.1008e-05
9.5367e-07
3.3855e-05
1.5306e-04
2.8610e-06
9.5367e-07
8.2493e-04
3.0112e-04
2.1458e-06
1.2589e-04
1.9073e-06
2.1219e-04
2.1458e-06
1.9073e-06
4.1008e-05
0.0000e+00
3.4094e-05
2.4796e-04
3.7909e-05
4.1199e-04
2.8610e-06
1.9073e-06
3.6955e-05
1.1921e-06
3.2902e-05
3.0398e-04
1.0800e-04
1.4400e-04
3.6955e-05
2.3508e-04
2.1458e-06
1.7405e-04
3.6001e-05
1.8001e-04
2.1458e-06
1.9503e-04
3.5048e-05
4.5061e-05
3.6001e-05
6.0081e-05
3.4809e-05
4.1890e-04
1.9073e-06
4.2892e-04
1.9073e-06
1.9073e-06
4.1962e-05
1.3018e-04
2.1458e-06
4.2510e-04
4.3154e-05
1.5211e-04
3.6955e-05
2.4796e-04
2.1458e-06
4.2679e-03
2.8610e-06
1.3185e-04
1.9073e-06
2.3332e-03
3.0994e-06
4.0293e-04
2.8610e-06
5.3167e-05
1.9073e-06
1.5497e-04
2.1458e-06
4.1962e-05
3.0994e-06
9.5367e-07
9.6083e-05
2.6298e-04
1.9073e-06
4.1008e-05
3.0994e-06
1.3590e-04
1.9073e-06
8.7023e-05
2.8610e-06
2.2006e-04
2.1458e-06
1.9073e-06
3.8147e-05
1.1396e-04
3.7193e-05
2.6011e-04
2.1458e-06
9.5367e-07
3.9101e-05
2.0390e-03
2.8610e-06
2.8610e-06
1.3113e-04
1.9073e-06
3.4094e-05
1.9693e-04
3.6001e-05
2.5892e-04
3.0994e-06
9.5367e-07
3.5048e-05
4.5204e-04
3.0994e-06
4.1962e-05
2.1458e-06
9.5367e-07
4.1008e-05
1.1492e-03
2.1458e-06
3.0994e-06
4.4823e-05
4.8304e-04
3.0994e-06
9.8944e-05
1.9073e-06
1.6212e-04
2.1458e-06
2.9993e-04
3.0994e-06
1.9073e-06
3.8147e-05
9.9897e-05
3.0994e-06
9.5367e-07
3.6001e-05
1.0021e-03
3.0994e-06
8.9884e-05
1.9073e-06
1.0180e-04
2.8610e-06
9.5367e-07
3.6955e-05
1.1492e-04
3.6001e-05
1.1110e-04
3.6955e-05
4.3893e-04
1.9073e-06
2.1458e-06
4.1962e-05
8.8930e-05
3.0994e-06
3.9101e-05
2.8610e-06
1.1921e-06
3.6001e-05
9.5367e-07
3.3140e-05
1.5783e-04
1.9073e-06
1.0395e-04
2.8610e-06
1.1921e-06
3.5048e-05
2.4199e-04
5.0068e-05
1.7881e-05
1.9073e-06
1.1921e-06
3.6001e-05
1.0300e-04
3.0994e-06
1.6904e-04
1.9073e-06
1.3828e-05
2.8610e-06
8.4162e-05
3.0994e-06
8.0824e-05
1.9073e-06
2.1458e-06
3.6001e-05
4.9114e-05
3.6001e-05
1.4114e-04
3.0994e-06
1.0014e-05
3.6001e-05
1.9073e-06
4.7922e-05
1.3113e-04
2.1458e-06
9.5367e-07
3.5048e-05
5.6982e-05
3.6001e-05
6.7949e-05
3.6001e-05
2.9802e-05
1.9073e-06
9.5367e-07
3.5048e-05
1.8835e-05
3.6001e-05
1.4281e-04
1.9073e-06
9.5367e-07
3.6001e-05
1.9383e-04
3.6955e-05
1.0800e-04
4.3869e-05
1.1683e-04
3.5048e-05
1.7786e-04
3.6955e-05
1.1492e-04
1.9073e-06
1.5974e-05
1.9073e-06
2.9612e-04
3.0994e-06
9.5367e-07
4.6968e-05
1.0014e-04
2.1458e-06
1.9073e-06
4.9114e-05
3.2902e-05
3.4809e-05
6.3181e-05
1.9073e-06
1.9073e-06
3.6955e-05
1.0705e-04
2.1458e-06
9.5367e-07
3.5048e-05
3.9101e-05
4.5061e-05
5.6982e-05
4.9114e-05
5.3883e-05
1.9073e-06
2.1458e-06
3.6001e-05
4.8876e-05
3.6001e-05
4.6015e-05
3.7193e-05
3.7909e-05
4.6968e-05
8.5115e-05
3.6955e-05
1.3995e-04
3.0994e-06
9.5367e-07
4.6968e-05
9.1076e-05
3.0994e-06
1.9073e-06
8.3923e-05
1.6928e-05
1.9073e-06
1.2517e-04
2.1458e-06
3.6955e-05
3.0994e-06
1.9073e-06
3.7909e-05
1.1611e-04
3.0994e-06
1.7691e-04
2.1458e-06
8.3923e-05
2.8610e-06
1.3113e-05
1.9073e-06
9.5367e-07
3.6001e-05
1.1921e-06
3.3855e-05
9.5367e-07
7.8917e-05
1.6189e-04
1.9073e-06
2.6941e-05
2.1458e-06
1.3089e-04
1.9073e-06
3.1948e-05
3.0994e-06
7.9870e-05
2.8610e-06
2.3127e-05
3.6001e-05
1.5521e-04
1.9073e-06
5.8889e-05
1.9073e-06
9.5367e-07
4.6015e-05
9.5367e-07
3.2902e-05
7.7009e-05
1.9073e-06
9.5367e-07
9.6798e-05
1.2493e-04
1.9073e-06
3.7909e-05
2.1458e-06
9.1076e-05
3.0994e-06
9.5367e-07
4.6015e-05
4.0054e-05
3.4809e-05
6.2943e-05
3.6001e-05
4.5061e-05
1.9073e-06
9.5367e-07
3.4809e-05
9.5367e-07
4.5061e-05
1.2112e-04
3.0994e-06
9.5367e-07
4.6968e-05
4.4107e-05
4.7207e-05
1.5974e-05
3.6001e-05
3.2187e-05
3.5048e-05
9.2983e-05
2.8610e-06
1.1992e-04
1.9073e-06
7.4148e-05
3.6001e-05
1.0967e-05
4.5776e-05
1.0228e-03
8.7976e-05
2.0981e-05
1.9073e-06
3.6955e-05
1.9073e-06
9.5367e-07
3.6001e-05
1.5688e-04
2.8610e-06
2.2173e-05
3.0994e-06
9.5367e-07
3.6001e-05
9.5367e-07
4.6015e-05
1.1396e-04
3.6001e-05
9.5367e-07
3.3140e-05
8.8930e-05
1.9073e-06
1.4067e-05
2.1458e-06
7.5102e-05
3.6001e-05
1.2302e-04
2.1458e-06
4.7922e-05
3.0994e-06
3.6001e-05
1.9073e-06
9.5367e-07
5.7220e-04
1.4880e-03
4.0770e-05
2.0149e-02
3.0994e-06
2.0504e-04
2.1458e-06
1.0991e-04
1.9073e-06
9.0122e-05
3.0994e-06
8.1062e-05
5.8889e-05
1.9073e-06
6.0081e-05
1.8001e-04
1.9073e-06
9.5367e-07
3.6955e-05
3.0088e-04
1.9073e-06
1.1921e-06
3.6955e-05
3.8099e-04
1.9073e-06
1.1992e-04
1.9073e-06
1.1921e-06
3.7909e-05
3.2210e-04
2.1458e-06
9.5367e-07
3.6955e-05
1.4870e-03
2.1458e-06
1.9073e-06
4.1962e-05
6.2943e-05
3.6001e-05
6.7592e-04
3.0994e-06
9.5367e-07
3.7193e-05
4.1008e-05
1.9073e-06
9.5367e-07
3.6001e-05
1.0705e-04
3.6955e-05
8.0013e-04
3.0994e-06
1.9073e-06
1.9002e-04
3.9718e-03
1.9073e-06
1.2302e-04
2.1458e-06
9.5367e-07
2.2411e-04
5.2929e-05
7.3910e-05
1.8597e-04
3.6001e-05
1.2398e-04
3.6001e-05
4.4417e-04
1.9073e-06
9.6798e-05
2.8610e-06
1.5712e-04
3.0994e-06
1.9073e-06
8.2970e-05
1.1802e-04
3.6001e-05
1.1611e-04
3.8862e-05
5.3501e-04
3.0994e-06
1.3828e-05
1.9073e-06
1.1587e-04
1.9073e-06
1.5020e-05
1.9073e-06
2.0099e-04
3.0994e-06
3.6001e-05
1.9073e-06
4.4823e-05
1.9073e-06
2.8849e-05
1.9073e-06
9.5367e-07
4.1962e-05
4.0054e-05
1.9908e-04
7.4863e-05
1.9073e-06
1.1921e-06
3.6001e-05
4.6492e-04
2.8610e-06
7.9155e-05
3.9101e-05
9.5367e-07
3.3140e-05
4.4107e-05
3.8147e-05
1.4422e-03
3.0994e-06
1.9073e-06
4.2200e-05
1.2269e-02
3.0994e-06
5.7411e-04
3.0994e-06
1.7810e-04
1.9073e-06
1.9073e-06
4.4107e-05
7.1406e-04
2.8610e-06
3.0994e-06
4.5061e-05
2.2197e-04
3.0994e-06
1.2803e-04
1.9073e-06
2.1458e-06
3.6955e-05
2.9588e-04
1.9073e-06
2.2197e-04
1.9073e-06
1.1921e-06
4.0054e-05
6.1035e-05
9.0122e-05
2.5470e-03
3.0994e-06
1.5497e-04
3.0994e-06
9.5367e-07
8.2970e-05
2.2984e-04
2.8610e-06
2.1458e-06
3.6955e-05
4.7588e-04
2.8610e-06
1.1921e-06
5.6100e-04
1.3511e-03
6.7949e-05
4.5800e-04
4.1962e-05
1.0631e-03
3.0994e-06
8.7023e-05
1.9073e-06
9.5367e-07
4.3869e-05
9.5367e-07
3.5048e-05
7.3190e-03
1.9073e-06
3.0994e-06
1.9693e-04
1.6904e-04
2.1458e-06
9.1076e-05
3.0994e-06
1.1086e-04
1.9073e-06
1.1921e-06
3.6001e-05
2.8801e-04
3.0994e-06
1.9073e-06
8.8930e-05
4.6968e-05
3.6001e-05
6.1035e-05
3.6001e-05
3.6120e-04
3.6955e-05
2.6298e-04
1.9073e-06
1.1301e-04
2.1458e-06
9.5367e-07
3.6001e-05
1.1921e-06
3.2902e-05
1.1706e-04
3.6001e-05
7.0095e-05
3.5048e-05
2.3198e-04
3.6001e-05
4.4823e-05
3.6001e-05
3.2306e-04
1.9073e-06
1.1921e-06
3.5048e-05
1.6499e-03
3.0994e-06
3.4785e-04
1.9073e-06
1.3304e-04
2.1458e-06
1.5974e-05
1.9073e-06
9.5367e-07
9.4175e-05
1.9073e-06
6.2943e-05
8.0109e-05
3.6955e-05
1.3804e-04
2.1458e-06
9.5367e-07
3.6955e-05
6.8188e-05
3.6001e-05
1.4114e-04
3.0994e-06
1.9073e-06
3.6001e-05
3.6502e-04
3.0994e-06
9.5367e-07
6.2943e-05
1.4997e-04
3.0994e-06
6.1035e-05
2.1458e-06
9.5367e-07
3.6001e-05
0.0000e+00
3.2902e-05
6.0081e-05
3.5048e-05
3.5379e-03
3.0994e-06
3.0994e-06
1.9240e-03
5.8293e-04
1.9073e-06
2.1458e-06
3.7909e-05
2.7394e-04
1.9073e-06
1.1921e-06
9.6798e-05
1.1802e-04
3.6955e-05
4.5204e-04
3.0994e-06
9.5367e-07
3.6955e-05
3.3903e-04
3.0994e-06
1.9073e-06
4.1008e-05
1.1492e-04
3.6001e-05
8.7285e-04
1.9073e-06
1.2898e-04
1.9073e-06
2.1458e-06
3.8862e-05
1.1086e-04
2.8610e-06
1.1921e-06
3.7909e-05
3.4094e-05
5.4121e-05
3.3855e-05
3.6001e-05
3.4809e-05
6.9857e-05
1.8597e-04
2.1458e-06
9.5367e-07
8.2016e-05
4.2915e-05
3.6001e-05
8.7976e-05
9.0122e-05
4.1008e-05
2.1458e-06
2.2101e-04
1.9073e-06
8.4162e-05
2.1458e-06
2.9087e-05
2.1458e-06
9.5367e-07
3.6001e-05
9.5367e-07
6.1035e-05
3.1018e-04
3.6955e-05
2.0719e-04
2.1458e-06
9.5367e-07
3.6001e-05
6.1035e-05
8.6069e-05
1.1206e-04
3.6001e-05
1.1492e-04
3.6001e-05
3.5596e-04
2.1458e-06
9.5367e-07
3.6001e-05
5.9128e-05
3.6001e-05
1.0610e-04
3.6001e-05
3.9506e-04
2.1458e-06
1.2999e-03
3.0994e-06
2.1195e-04
1.9073e-06
1.9073e-06
1.2612e-04
2.7704e-04
3.0994e-06
9.5367e-07
3.6955e-05
1.0800e-04
3.6001e-05
3.1781e-04
1.9073e-06
9.5367e-07
3.6001e-05
1.4379e-03
2.8610e-06
4.4823e-05
3.0994e-06
6.0070e-03
3.0994e-06
1.2398e-04
2.1458e-06
1.5903e-04
2.1458e-06
9.7036e-05
2.1458e-06
2.1458e-06
4.2915e-05
6.4993e-04
2.8610e-06
1.0300e-04
1.9073e-06
9.5105e-04
2.8610e-06
5.6815e-04
1.9073e-06
1.9073e-06
4.1008e-05
9.2030e-05
3.0994e-06
2.0695e-04
3.0994e-06
9.5367e-07
2.9516e-04
1.7595e-04
4.1962e-05
6.9141e-05
2.8610e-06
1.5020e-05
3.6955e-05
2.1458e-06
4.3869e-05
4.3821e-04
3.0994e-06
9.5367e-07
3.6955e-05
3.2902e-04
1.9073e-06
9.5367e-07
3.6001e-05
3.4094e-04
3.0994e-06
0.0000e+00
3.9101e-05
9.5367e-07
3.2902e-05
3.4809e-04
1.3089e-04
1.5402e-04
3.6955e-05
8.5115e-05
2.1458e-06
1.4067e-05
2.1458e-06
5.1022e-05
1.9073e-06
1.1921e-06
3.5048e-05
4.1008e-05
3.5048e-05
7.8917e-05
3.6001e-05
4.1008e-05
3.5048e-05
7.8917e-05
2.8610e-06
2.1458e-06
3.6001e-05
8.7023e-05
2.1458e-06
9.5367e-07
3.5048e-05
1.9288e-04
3.6001e-05
1.0109e-04
1.9073e-06
1.9073e-06
3.5048e-05
1.0610e-04
3.6001e-05
1.6212e-04
3.6001e-05
1.1206e-04
8.2016e-05
5.6028e-05
3.7909e-05
8.1062e-05
3.6955e-05
1.7166e-05
3.5048e-05
1.3399e-04
3.6955e-05
1.9073e-06
3.4094e-05
5.1022e-05
3.6001e-05
7.1049e-05
3.5048e-05
1.0610e-04
8.3923e-05
9.5367e-07
3.4094e-05
9.5367e-07
3.3140e-05
0.0000e+00
3.1948e-05
9.5367e-07
3.2902e-05
5.1975e-05
3.7193e-05
8.5831e-05
3.6001e-05
1.0991e-04
1.9073e-06
1.0490e-04
1.9073e-06
2.1458e-06
3.6001e-05
2.5034e-05
1.9073e-06
5.3167e-05
2.1458e-06
9.5367e-07
3.5048e-05
9.5367e-07
5.6815e-04
4.6301e-04
4.1008e-05
3.1400e-04
2.1458e-06
9.5367e-07
3.6955e-05
2.8801e-04
2.8610e-06
9.5367e-07
1.1492e-04
5.4002e-04
4.0054e-05
1.3208e-04
1.9073e-06
1.6499e-04
1.9073e-06
1.5020e-05
1.9073e-06
4.1008e-05
3.6955e-05
9.5367e-07
8.1062e-05
4.1962e-05
8.9884e-05
2.3007e-04
2.1458e-06
9.5367e-07
3.6955e-05
5.7936e-05
8.9884e-05
1.2708e-04
3.7909e-05
7.1049e-05
2.1458e-06
8.2016e-05
2.1458e-06
9.5367e-07
3.5048e-05
9.5367e-07
3.2902e-05
9.5367e-07
3.1948e-05
3.9101e-05
3.5048e-05
1.0490e-04
1.9073e-06
1.9073e-06
8.3923e-05
3.0994e-06
3.2902e-05
6.9141e-05
3.6955e-05
7.0095e-05
2.1458e-06
9.5367e-07
3.5048e-05
7.8917e-05
3.6001e-05
2.1458e-06
3.5048e-05
1.0586e-04
3.6001e-05
3.1710e-04
2.1458e-06
1.9073e-06
3.6001e-05
2.0385e-04
2.8610e-06
2.1458e-06
3.6001e-05
1.1182e-04
3.5048e-05
1.1182e-04
3.5048e-05
1.5783e-04
3.6001e-05
1.1182e-04
3.6001e-05
1.3304e-04
3.6001e-05
4.1962e-05
3.6001e-05
1.9193e-04
2.1458e-06
3.6955e-05
3.0994e-06
9.5367e-07
3.5048e-05
6.9857e-05
1.9073e-06
2.2173e-05
2.1458e-06
9.5367e-07
3.6001e-05
9.5367e-07
3.3140e-05
6.9857e-05
3.6001e-05
1.1396e-04
1.9073e-06
3.7909e-05
2.8610e-06
9.3937e-05
1.9073e-06
1.1921e-06
3.5048e-05
9.8944e-05
1.9073e-06
1.5020e-05
1.9073e-06
1.9193e-04
1.9073e-06
2.1458e-06
3.6001e-05
6.4850e-05
1.9073e-06
6.3896e-05
1.9073e-06
1.1301e-04
2.8610e-06
6.5088e-05
2.1458e-06
1.9073e-06
3.6955e-05
9.5129e-05
2.1458e-06
1.1182e-04
1.9073e-06
1.4710e-04
2.1458e-06
1.6928e-05
1.9073e-06
1.5974e-05
1.9073e-06
1.1921e-06
3.6001e-05
9.5367e-07
3.2902e-05
1.3709e-04
3.8147e-05
1.0300e-04
5.7936e-05
1.1587e-04
2.8610e-06
1.5974e-05
1.9073e-06
7.2956e-05
2.8610e-06
2.3127e-05
8.5115e-05
1.7595e-04
2.1458e-06
3.8862e-05
1.9073e-06
6.1035e-05
1.9073e-06
9.5367e-07
3.7193e-05
4.6015e-05
3.6001e-05
4.0054e-05
3.5048e-05
1.0800e-04
2.1458e-06
2.2888e-05
1.9073e-06
7.2002e-05
1.9073e-06
7.7009e-05
1.9073e-06
6.3181e-05
2.1458e-06
9.5367e-07
3.6955e-05
8.8930e-05
3.5048e-05
8.6069e-05
1.9073e-06
0.0000e+00
3.6001e-05
6.0797e-05
3.6001e-05
7.8917e-05
1.9073e-06
1.6618e-04
3.0994e-06
1.7285e-04
1.9073e-06
1.9073e-06
3.5048e-05
1.5974e-05
1.9073e-06
9.5367e-07
8.5115e-05
1.9073e-06
3.2902e-05
2.2197e-04
2.1458e-06
2.4080e-05
2.1458e-06
1.9073e-06
3.6955e-05
7.7009e-05
3.0994e-06
9.5367e-07
3.6001e-05
6.1989e-05
1.9073e-06
1.1921e-06
3.6001e-05
1.2589e-04
2.1458e-06
1.4067e-05
2.1458e-06
4.2200e-05
3.6955e-05
3.2187e-05
3.5048e-05
1.4806e-04
1.9073e-06
8.4877e-05
1.9073e-06
2.3127e-05
3.0994e-06
8.8930e-05
3.0994e-06
1.9073e-06
3.6001e-05
9.2030e-05
3.6955e-05
7.2956e-05
3.6001e-05
1.8215e-04
3.6955e-05
1.0140e-03
2.8610e-06
2.1458e-06
3.9816e-05
0.0000e+00
3.2902e-05
6.6400e-04
3.0994e-06
4.0054e-05
2.1458e-06
9.5367e-07
8.5115e-05
2.9802e-04
2.1458e-06
4.0054e-05
2.1458e-06
9.5367e-07
3.6001e-05
3.5031e-03
3.0994e-06
2.9397e-04
2.1458e-06
1.1921e-06
4.8876e-05
1.8811e-04
2.1458e-06
4.1008e-05
3.0994e-06
9.5367e-07
1.1587e-04
3.4213e-04
3.0994e-06
0.0000e+00
6.1035e-05
5.6231e-03
5.1975e-05
1.5581e-03
3.0994e-06
1.9073e-06
4.1008e-05
1.5903e-04
2.1458e-06
2.2006e-04
5.7936e-05
1.9073e-06
3.8147e-05
7.2331e-03
3.0994e-06
1.1396e-04
2.8610e-06
3.3808e-04
2.1458e-06
9.5367e-07
4.1008e-05
0.0000e+00
3.2902e-05
8.7714e-04
3.0994e-06
1.9073e-06
3.7909e-05
0.0000e+00
3.2902e-05
9.5367e-07
8.7976e-05
2.1291e-04
3.8862e-05
1.1086e-04
3.6001e-05
3.5787e-04
3.0994e-06
5.9128e-05
3.0994e-06
9.5367e-07
4.2915e-05
4.1986e-04
1.9073e-06
2.3198e-04
3.0994e-06
1.9073e-06
3.8147e-05
3.8695e-04
3.0994e-06
9.5367e-07
9.6083e-05
4.8494e-04
1.9073e-06
4.1008e-05
1.9073e-06
1.5512e-03
2.1458e-06
1.8001e-04
2.1458e-06
5.6028e-05
2.1458e-06
2.5511e-04
1.9073e-06
6.4993e-04
2.1458e-06
7.4911e-04
3.0994e-06
1.9073e-06
1.3018e-04
3.0994e-06
4.1008e-05
1.0610e-04
3.6955e-05
2.1458e-06
1.0180e-04
1.3614e-04
3.0994e-06
2.2888e-05
3.6955e-05
1.7810e-04
3.0994e-06
9.7990e-05
1.0777e-02
5.0879e-04
2.8610e-06
2.2221e-04
4.1008e-05
2.3794e-04
1.9073e-06
9.2030e-05
3.6955e-05
1.8001e-04
3.0994e-06
2.1005e-04
1.9073e-06
1.2112e-04
1.9073e-06
9.5367e-07
3.6001e-05
1.3113e-04
3.6001e-05
1.8120e-04
3.5048e-05
1.1301e-04
3.6001e-05
3.0184e-04
3.6001e-05
3.4499e-04
1.9073e-06
4.0054e-05
3.0994e-06
3.2091e-04
2.8610e-06
9.5367e-07
3.7909e-05
9.5367e-07
3.5048e-05
3.1996e-04
1.9073e-06
9.7036e-05
2.1458e-06
2.5988e-04
1.9073e-06
1.1015e-04
2.1458e-06
9.2030e-05
1.9073e-06
1.5187e-04
3.8862e-05
1.1706e-04
3.6001e-05
1.9097e-04
2.8610e-06
7.3195e-05
1.9073e-06
6.2227e-05
1.9073e-06
1.7500e-04
2.1458e-06
1.0395e-04
4.1008e-05
1.9181e-03
2.8610e-06
4.4107e-05
4.3154e-05
3.7885e-04
1.9073e-06
1.0896e-04
1.9073e-06
6.7949e-05
1.9073e-06
5.6982e-05
3.8147e-05
1.1206e-04
3.8147e-05
5.2214e-05
3.9101e-05
1.4687e-04
1.9073e-06
2.9087e-04
1.9073e-06
2.6941e-05
1.9073e-06
4.1008e-05
3.0994e-06
1.1587e-04
1.9073e-06
1.1921e-06
3.6955e-05
2.5511e-04
3.6955e-05
5.9843e-05
3.6955e-05
6.8903e-04
3.0994e-06
4.1008e-05
2.8610e-06
4.1008e-05
2.8610e-06
1.1301e-04
1.9073e-06
2.1458e-06
3.8862e-05
9.6083e-05
2.1458e-06
9.5367e-07
3.5048e-05
2.9206e-04
3.0994e-06
9.5367e-07
3.6001e-05
6.4135e-05
1.9073e-06
9.5367e-07
3.6001e-05
0.0000e+00
3.1948e-05
1.2803e-04
2.1458e-06
6.3896e-05
2.1458e-06
6.2943e-05
1.9073e-06
2.3127e-05
8.2970e-05
2.1458e-06
3.3855e-05
1.3709e-04
3.0994e-06
9.5367e-07
3.5048e-05
0.0000e+00
3.4094e-05
1.1992e-04
1.9073e-06
4.0054e-05
3.9101e-05
2.4199e-04
3.7909e-05
1.4806e-04
2.1458e-06
9.5367e-07
8.2970e-05
1.8120e-05
2.1458e-06
6.1989e-05
3.7193e-05
1.5378e-04
1.9073e-06
1.5020e-05
1.9073e-06
2.1458e-06
3.6955e-05
1.1897e-04
3.0994e-06
1.5974e-05
1.9073e-06
1.9503e-04
3.0994e-06
1.9073e-06
3.6001e-05
6.8188e-05
3.5048e-05
1.9073e-06
8.1062e-05
1.9073e-06
3.3140e-05
4.7898e-04
3.7909e-05
1.1492e-04
3.7909e-05
1.8215e-04
3.6001e-05
1.6618e-04
3.5048e-05
4.3869e-05
3.6001e-05
2.7394e-04
3.6001e-05
3.8218e-04
3.0994e-06
1.9073e-06
3.6955e-05
1.8001e-04
1.9073e-06
3.6955e-05
1.9073e-06
3.5048e-05
2.8610e-06
9.5367e-07
3.6001e-05
2.1458e-06
3.3855e-05
1.0800e-04
3.0994e-06
9.5367e-07
3.6001e-05
4.1008e-05
3.6001e-05
7.9870e-05
3.6955e-05
9.3937e-05
3.6955e-05
1.2994e-04
2.1458e-06
9.5367e-07
3.5048e-05
3.9101e-05
1.9073e-06
1.1206e-04
1.9073e-06
2.5988e-05
2.1458e-06
9.5367e-07
3.6001e-05
9.5367e-07
3.3140e-05
7.6056e-05
3.6001e-05
1.0610e-04
3.5048e-05
1.4067e-05
2.1458e-06
2.3293e-04
2.1458e-06
1.5020e-05
2.1458e-06
1.5020e-05
2.1458e-06
1.5020e-05
2.1458e-06
9.5367e-07
3.6001e-05
1.0300e-04
3.6001e-05
1.5974e-05
1.9073e-06
1.0490e-04
1.9073e-06
4.1962e-05
3.6955e-05
1.3995e-04
3.0994e-06
9.5367e-07
3.6001e-05
5.1975e-05
2.1458e-06
9.5367e-07
3.5048e-05
8.2970e-05
2.8610e-06
2.1458e-06
3.4809e-05
9.5367e-07
3.4094e-05
9.5367e-07
3.3140e-05
2.0194e-04
1.9073e-06
7.4148e-05
1.9073e-06
1.1921e-06
8.2016e-05
1.0681e-04
1.9073e-06
1.1921e-06
3.6001e-05
1.1301e-04
2.1458e-06
9.5367e-07
3.5048e-05
9.5367e-07
3.4094e-05
1.5903e-04
2.1458e-06
9.5367e-07
3.6001e-05
1.1396e-04
1.9073e-06
1.1611e-04
3.0994e-06
1.9073e-06
8.2970e-05
3.6001e-05
3.6955e-05
1.0395e-04
3.7193e-05
9.5367e-07
3.2902e-05
9.5367e-07
3.4094e-05
1.1921e-06
3.2902e-05
2.3699e-04
3.6001e-05
4.8161e-05
1.9073e-06
1.5020e-05
2.1458e-06
3.8862e-05
4.6015e-05
3.7909e-05
3.0994e-06
9.5367e-07
3.6001e-05
1.6189e-04
3.0994e-06
1.2875e-05
1.9073e-06
1.6212e-04
3.6955e-05
1.5020e-05
1.9073e-06
3.6001e-05
1.9073e-06
1.1921e-06
3.6001e-05
9.5367e-07
3.3855e-05
1.1516e-04
3.6001e-05
2.6798e-04
2.8610e-06
1.1921e-06
3.6001e-05
0.0000e+00
3.3140e-05
7.2002e-05
1.9073e-06
3.1948e-05
1.9073e-06
9.5367e-07
3.5048e-05
1.7691e-04
1.9073e-06
6.5088e-05
3.6955e-05
1.9073e-06
3.2902e-05
1.2207e-04
2.1458e-06
1.6928e-05
1.9073e-06
1.0514e-04
1.9073e-06
1.3089e-04
1.9073e-06
9.5367e-07
3.5048e-05
9.5367e-07
3.2902e-05
2.3389e-04
3.6955e-05
1.1301e-04
3.6001e-05
2.4486e-04
1.9073e-06
1.1921e-06
3.4809e-05
2.5511e-04
1.9073e-06
9.5367e-07
8.2970e-05
1.4687e-04
3.6955e-05
1.3399e-04
1.9073e-06
9.5367e-07
3.4809e-05
3.7718e-04
3.6955e-05
4.1962e-05
1.9073e-06
6.5088e-05
2.1458e-06
3.8862e-05
1.9073e-06
3.6001e-05
1.9073e-06
4.9114e-05
3.0994e-06
9.5367e-07
3.6001e-05
2.9087e-05
3.6001e-05
4.1008e-05
3.6001e-05
9.5367e-07
3.2902e-05
3.9101e-05
3.5048e-05
3.3140e-05
3.5048e-05
6.8903e-05
3.5048e-05
5.0068e-05
3.6001e-05
1.2684e-04
2.8610e-06
1.7881e-05
1.9073e-06
1.1921e-06
3.6001e-05
1.9073e-06
3.3140e-05
1.0490e-04
3.4809e-05
3.9101e-05
2.1458e-06
9.5367e-07
3.5048e-05
8.1062e-05
3.0994e-06
2.1505e-04
3.5048e-05
3.7909e-05
1.9073e-06
1.3113e-05
2.8610e-06
2.3127e-05
3.0994e-06
1.9073e-06
3.6001e-05
9.5367e-07
3.3140e-05
2.9778e-04
2.8610e-06
1.1921e-06
3.4809e-05
1.4782e-05
1.9073e-06
9.5367e-07
3.5048e-05
0.0000e+00
3.3140e-05
1.0586e-04
3.7193e-05
3.8862e-05
2.8610e-06
9.5367e-07
3.6001e-05
6.9141e-05
1.9073e-06
3.0994e-05
1.9073e-06
9.5367e-07
3.6001e-05
3.8862e-05
3.6001e-05
8.2970e-05
3.6001e-05
9.4891e-05
1.9073e-06
2.1458e-06
3.6001e-05
5.6982e-05
3.6001e-05
1.5020e-05
3.6001e-05
1.3590e-04
1.9073e-06
1.9073e-05
1.9073e-06
3.3855e-05
2.8610e-06
2.1458e-06
3.6001e-05
9.5367e-07
3.2902e-05
1.3804e-04
1.9073e-06
9.5367e-07
3.4809e-05
2.8205e-04
1.9073e-06
1.8811e-04
3.0994e-06
4.2915e-05
3.0994e-06
4.0054e-05
5.0068e-05
1.9073e-06
3.8147e-05
8.3923e-05
3.9101e-05
1.9073e-06
3.4094e-05
3.1948e-05
3.4809e-05
3.0994e-05
3.6001e-05
3.3402e-04
2.1458e-06
3.6955e-05
1.9073e-06
5.2929e-05
1.9073e-06
1.8120e-05
3.0994e-06
3.0041e-05
8.4162e-05
6.2943e-05
4.5776e-05
1.6093e-04
3.7193e-05
1.9073e-06
3.5048e-05
3.7599e-04
3.0994e-06
9.5367e-07
3.6955e-05
1.8787e-04
1.9073e-06
9.5367e-07
3.7193e-05
3.9816e-05
1.9073e-06
8.2970e-05
1.9073e-06
1.0419e-04
1.9073e-06
1.4615e-04
2.1458e-06
9.5367e-07
3.6955e-05
4.5991e-04
1.9073e-06
1.9073e-06
3.6955e-05
6.0081e-05
9.3222e-05
6.5923e-04
4.5061e-05
6.1989e-05
3.6001e-05
2.8801e-04
3.6955e-05
9.5367e-07
1.1015e-04
3.6788e-04
1.9073e-06
2.1458e-06
3.6955e-05
1.7881e-04
3.6955e-05
2.6298e-04
1.9073e-06
2.1100e-04
1.9073e-06
1.1921e-06
3.6955e-05
4.6015e-05
3.6001e-05
1.2803e-04
3.5048e-05
1.6022e-04
8.6069e-05
5.1975e-05
3.6001e-05
4.5609e-04
1.9073e-06
1.4186e-04
1.9073e-06
4.7922e-05
1.9073e-06
9.5367e-07
3.8147e-05
2.8896e-04
2.1458e-06
2.5392e-04
1.9073e-06
2.6941e-05
3.0994e-06
9.5367e-07
3.6001e-05
4.2105e-04
1.9073e-06
9.6083e-05
2.1458e-06
9.5367e-07
8.2970e-05
4.7207e-05
3.6001e-05
2.9492e-04
3.6955e-05
1.9598e-04
1.9073e-06
9.5367e-07
3.6001e-05
2.3913e-04
2.1458e-06
1.1182e-04
1.9073e-06
1.1921e-06
3.5048e-05
2.6584e-04
3.6001e-05
4.9829e-05
8.2970e-05
3.1710e-04
1.9073e-06
9.5367e-07
3.6001e-05
2.7204e-04
3.8147e-05
6.2394e-04
2.1458e-06
1.7190e-04
2.8610e-06
2.2602e-04
1.9073e-06
9.5367e-07
3.8862e-05
6.6996e-05
3.6955e-05
3.8099e-04
2.1458e-06
9.5367e-07
8.5115e-05
9.7990e-05
3.6001e-05
8.6069e-05
4.0054e-05
2.7394e-04
1.9073e-06
2.1458e-06
3.7909e-05
1.1706e-04
3.6001e-05
9.1791e-05
3.5048e-05
9.5367e-07
3.3140e-05
1.3490e-03
1.9073e-06
2.1458e-06
9.4891e-05
5.4121e-05
3.7193e-05
1.9193e-04
3.6955e-05
1.1706e-04
3.6001e-05
1.1396e-04
3.6001e-05
2.3794e-04
2.8610e-06
1.0014e-04
3.6955e-05
8.0109e-05
1.9073e-06
4.1962e-05
6.4135e-05
2.8086e-04
1.9073e-06
3.0041e-05
3.8147e-05
3.0684e-04
1.9073e-06
9.5367e-07
3.8862e-05
1.7166e-05
2.1458e-06
6.6996e-05
2.1458e-06
3.7384e-04
3.0994e-06
1.9073e-06
3.9101e-05
1.2933e-02
3.0994e-06
5.0068e-06
5.0068e-05
8.3113e-04
2.8610e-06
5.8889e-05
2.8610e-06
4.0531e-06
4.8161e-05
8.7900e-03
5.4121e-05
6.1688e-03
5.2929e-05
1.6844e-02
1.9073e-06
6.9141e-06
5.1022e-05
4.4703e-04
3.9101e-05
3.6349e-03
3.0994e-06
5.0068e-06
7.7009e-05
1.7214e-04
1.1706e-04
1.3590e-04
3.6001e-05
2.6107e-04
2.1458e-06
9.5367e-07
3.6955e-05
5.4312e-04
2.1458e-06
1.6093e-04
1.9073e-06
9.5367e-07
3.8862e-05
2.5296e-04
1.9073e-06
1.1921e-06
3.6001e-05
1.2589e-04
3.6001e-05
4.0603e-04
6.2943e-05
1.0204e-04
1.9073e-06
1.1921e-06
3.7909e-05
0.0000e+00
3.4094e-05
1.5402e-04
3.6955e-05
1.1611e-04
3.6955e-05
4.9615e-04
2.1458e-06
9.5367e-07
3.6955e-05
2.1100e-04
1.9073e-06
3.7599e-04
1.9073e-06
6.7949e-05
1.9073e-06
4.1962e-05
2.1458e-06
9.5367e-07
3.9101e-05
3.1185e-04
2.8610e-06
1.1921e-06
3.6955e-05
2.1505e-04
3.6001e-05
1.3931e-03
3.0994e-06
1.9073e-06
3.9816e-05
1.1015e-04
2.1458e-06
1.9073e-06
3.5048e-05
1.0800e-04
9.5129e-05
1.1802e-04
3.6955e-05
2.5797e-04
3.0994e-06
1.9073e-06
3.5048e-05
6.9029e-03
1.9073e-06
1.9073e-06
7.2002e-05
9.5916e-04
2.1458e-06
9.5367e-07
3.9101e-05
4.8089e-04
2.8610e-06
1.1921e-06
3.6955e-05
6.6042e-05
2.1458e-06
1.9073e-06
3.6001e-05
2.0599e-04
2.1458e-06
1.0395e-04
3.0994e-06
9.5367e-07
3.6001e-05
2.7204e-04
1.9097e-04
3.7789e-04
2.8610e-06
9.5367e-07
3.6001e-05
9.5367e-07
3.3140e-05
3.6383e-04
2.8610e-06
8.7976e-05
1.9073e-06
1.7791e-03
3.0994e-06
3.2997e-04
1.9073e-06
9.7036e-05
1.9073e-06
1.6594e-04
1.9073e-06
6.2013e-04
2.1458e-06
4.3869e-05
1.9073e-06
4.0054e-05
2.1458e-06
1.9503e-04
1.9073e-06
1.1802e-04
1.9073e-06
2.1458e-06
4.1008e-05
2.3890e-04
3.0994e-06
9.5367e-07
3.6955e-05
9.5367e-07
3.3855e-05
1.1492e-04
3.6001e-05
4.3201e-04
1.9073e-06
1.3590e-04
2.8610e-06
9.2983e-05
1.9073e-06
1.0681e-04
1.9073e-06
1.1921e-06
3.6955e-05
3.1996e-04
3.7193e-05
3.6097e-04
1.9073e-06
4.6968e-05
2.8610e-06
1.6713e-04
2.1458e-06
2.9397e-04
3.0994e-06
4.1962e-05
3.0994e-06
9.5367e-07
9.1076e-05
1.5807e-04
3.7193e-05
1.1492e-04
3.6001e-05
3.2806e-04
1.9073e-06
9.5367e-07
3.6955e-05
3.5095e-04
3.0994e-06
1.4806e-04
1.9073e-06
9.7990e-05
2.1458e-06
9.5367e-07
3.6955e-05
1.0896e-04
3.6001e-05
4.3893e-04
4.2200e-05
2.3890e-04
3.7193e-05
1.4782e-05
2.8610e-06
5.8174e-05
1.9073e-06
2.2483e-04
8.8215e-06
2.2578e-04
1.9073e-06
3.3140e-05
3.0994e-06
9.5367e-07
3.9101e-05
2.5487e-04
1.9073e-06
4.1509e-04
2.1458e-06
4.2391e-04
2.8610e-06
6.9141e-05
2.1458e-06
1.3494e-04
1.9073e-06
9.5367e-07
3.6955e-05
7.7963e-05
3.0994e-06
1.9073e-06
3.6001e-05
2.1696e-04
3.6001e-05
2.0599e-04
1.9073e-06
1.2207e-04
1.9073e-06
1.0514e-04
2.1458e-06
9.5367e-07
3.6001e-05
9.5367e-07
3.3140e-05
1.1396e-04
2.1458e-06
4.0054e-05
1.9073e-06
3.6955e-05
2.1458e-06
1.3995e-04
2.8610e-06
9.5367e-07
3.7193e-05
3.8695e-04
2.1458e-06
4.0054e-05
2.1458e-06
9.5367e-07
3.6001e-05
1.6403e-04
2.1458e-06
3.4094e-05
2.8610e-06
1.1921e-06
3.5048e-05
0.0000e+00
3.2902e-05
9.4891e-05
1.9073e-06
1.1921e-06
3.6001e-05
3.5048e-05
3.6001e-05
6.9904e-04
3.0994e-06
4.1008e-05
2.8610e-06
4.1008e-05
3.0994e-06
2.5988e-05
2.8610e-06
1.5020e-05
2.8610e-06
8.1062e-05
3.0994e-06
1.5974e-05
2.1458e-06
8.3923e-05
3.7909e-05
1.0313e-02
3.0994e-06
7.1526e-06
1.4281e-04
9.5367e-07
3.4094e-05
6.1893e-04
4.5061e-05
5.2500e-04
1.9073e-06
9.5367e-07
3.9101e-05
4.2915e-05
2.1458e-06
9.5367e-07
3.6001e-05
1.4710e-04
6.9141e-05
1.8220e-03
4.8161e-05
4.1103e-04
3.0994e-06
1.0109e-04
2.1458e-06
9.5367e-07
3.6955e-05
5.0211e-04
3.0994e-06
9.5367e-07
3.8147e-05
2.4486e-04
1.9073e-06
1.5306e-04
3.0994e-06
4.8995e-04
1.9073e-06
9.5367e-07
3.7909e-05
1.4019e-04
1.9073e-06
4.1008e-05
2.8610e-06
1.3113e-04
3.0994e-06
4.1962e-05
3.0994e-06
9.5367e-07
3.6955e-05
1.7095e-04
3.6955e-05
2.5892e-04
2.8610e-06
9.5367e-07
3.6001e-05
2.9397e-04
4.0054e-05
1.2779e-04
3.6955e-05
3.3903e-04
3.7909e-05
8.1587e-04
1.9073e-06
4.1962e-05
2.1458e-06
4.2915e-05
3.0994e-06
9.5367e-07
4.1962e-05
7.1502e-04
1.9073e-06
4.1962e-05
2.1458e-06
1.0085e-04
1.9073e-06
9.5367e-07
3.8862e-05
0.0000e+00
3.3855e-05
3.2401e-04
1.9073e-06
9.5367e-07
3.7909e-05
4.1509e-04
3.0994e-06
9.5367e-07
3.6955e-05
2.1005e-04
3.7909e-05
9.7990e-05
3.8147e-05
1.7881e-04
3.6001e-05
5.8699e-04
1.9073e-06
2.1458e-06
3.7909e-05
9.5367e-07
3.4094e-05
1.8883e-04
1.9073e-06
9.0122e-05
2.1458e-06
2.0003e-04
2.1458e-06
1.9073e-06
1.1206e-04
9.4175e-05
1.9073e-06
1.1921e-06
3.5048e-05
1.2875e-05
1.9073e-06
9.5367e-07
3.6001e-05
2.1458e-06
3.3855e-05
6.1035e-05
3.6955e-05
8.7023e-05
3.0994e-06
1.3208e-04
3.6955e-05
4.0054e-05
9.1791e-05
1.6999e-04
3.7909e-05
4.9031e-03
2.8610e-06
2.1458e-06
4.2915e-05
3.5620e-04
2.1458e-06
1.4591e-04
1.9073e-06
9.5367e-07
3.4809e-05
1.9097e-04
2.8610e-06
1.1921e-06
3.5048e-05
1.3018e-04
3.7193e-05
1.0800e-04
9.6083e-05
1.7691e-04
3.6001e-05
3.7193e-04
2.1458e-06
9.5367e-07
3.6001e-05
1.4842e-03
4.9829e-05
1.2517e-04
3.6955e-05
2.3198e-04
3.6955e-05
2.6202e-04
1.9073e-06
9.5367e-07
3.6001e-05
5.0700e-03
5.1022e-05
1.2898e-04
3.6955e-05
3.0017e-04
3.8147e-05
3.2210e-04
1.9073e-06
1.2612e-04
3.0994e-06
9.5367e-07
3.6955e-05
3.5501e-04
3.8147e-05
3.0804e-04
2.1458e-06
9.5367e-07
3.6001e-05
3.2592e-04
3.0994e-06
2.2318e-03
3.0994e-06
8.1062e-05
2.1458e-06
4.1008e-05
3.0994e-06
4.1962e-05
1.9073e-06
3.0899e-04
3.0994e-06
9.5367e-07
4.8161e-05
4.3488e-04
2.8610e-06
2.1458e-06
3.8862e-05
1.2016e-04
3.6001e-05
1.1802e-04
3.6001e-05
3.1686e-04
2.8610e-06
1.1921e-06
3.6955e-05
1.1802e-04
3.6955e-05
1.0896e-04
3.7193e-05
1.8001e-04
3.6955e-05
1.1110e-04
3.6001e-05
1.0190e-03
1.9073e-06
1.1206e-04
1.9073e-06
9.5367e-07
4.1008e-05
5.1212e-04
3.0994e-06
9.4175e-05
2.1458e-06
2.5582e-04
1.9073e-06
9.9182e-05
2.1458e-06
1.7881e-05
1.9073e-06
1.1921e-06
3.8862e-05
1.7691e-04
3.0994e-06
1.6928e-05
2.1458e-06
1.2207e-04
4.7922e-05
7.2002e-05
2.8610e-06
9.5367e-07
3.6001e-05
3.3855e-05
1.9073e-06
9.0599e-06
5.8174e-05
5.6028e-05
2.1458e-06
9.5367e-07
3.8147e-05
1.8883e-04
1.9073e-06
1.5616e-04
2.8610e-06
2.1458e-06
3.6001e-05
8.2016e-05
1.9073e-06
1.1921e-06
3.5048e-05
1.1182e-04
2.8610e-06
6.3896e-05
1.9073e-06
3.8862e-05
1.9073e-06
7.5102e-05
3.0994e-06
9.5367e-07
6.1035e-05
3.6001e-05
3.7193e-05
1.1492e-04
3.7193e-05
3.6955e-05
2.8610e-06
1.1921e-06
3.5048e-05
2.0981e-04
2.8610e-06
1.1921e-06
4.6968e-05
9.5367e-07
3.3140e-05
1.2207e-04
4.7922e-05
3.4094e-05
4.7922e-05
2.1458e-06
3.2902e-05
3.9101e-05
5.0068e-06
9.5367e-07
3.5048e-05
9.5367e-07
3.3140e-05
3.9101e-05
2.1458e-06
3.6001e-05
6.5088e-05
5.6028e-05
4.8161e-05
1.9073e-06
5.5075e-05
2.2793e-04
4.6015e-05
3.5191e-04
1.9073e-06
9.4891e-05
3.0994e-06
9.5367e-07
3.6001e-05
1.2517e-04
1.9073e-06
2.3842e-05
3.6955e-05
1.3995e-04
1.9073e-06
5.8174e-05
3.0994e-06
3.7193e-05
2.1458e-06
9.5367e-07
4.6968e-05
1.0395e-04
5.8889e-05
5.0068e-05
2.1458e-06
9.5367e-07
3.6001e-05
9.5367e-07
3.2902e-05
1.2708e-04
2.1458e-06
4.6015e-05
3.6001e-05
9.5367e-07
3.2902e-05
6.2943e-05
3.6001e-05
3.8695e-04
1.9073e-06
1.9073e-06
6.8188e-05
1.0395e-04
2.1458e-06
2.3103e-04
2.1458e-06
4.0054e-05
2.1458e-06
3.8004e-04
3.6001e-05
7.7009e-05
5.0783e-05
1.2493e-04
2.8610e-06
2.1458e-06
3.6955e-05
3.8862e-05
1.9073e-06
1.5402e-04
2.1458e-06
9.5367e-07
3.6001e-05
2.4080e-05
2.2173e-05
1.1992e-04
3.0994e-06
1.2112e-04
1.9073e-06
6.8188e-05
1.9073e-06
2.3842e-05
4.7207e-05
1.3781e-04
2.8610e-06
9.3937e-05
2.1458e-06
9.5367e-07
3.5048e-05
0.0000e+00
4.5061e-05
1.5020e-05
3.7193e-05
1.9073e-06
3.3140e-05
9.4891e-05
2.1458e-06
1.4091e-04
1.9073e-06
1.6928e-05
2.1458e-06
9.4891e-05
1.9073e-06
9.5367e-07
3.6001e-05
3.0994e-05
8.6069e-05
7.3910e-05
2.8610e-06
2.1458e-06
3.6001e-05
1.2898e-04
5.1975e-05
1.5712e-04
2.1458e-06
9.5367e-07
5.9128e-05
4.1008e-05
2.8610e-06
2.5988e-05
1.9073e-06
1.4997e-04
1.9073e-06
3.5048e-05
1.9073e-06
1.5020e-05
1.9073e-06
9.5367e-07
3.6001e-05
4.6015e-05
3.5048e-05
1.9073e-06
3.3140e-05
1.2803e-04
2.8610e-06
1.3304e-04
1.9073e-06
2.5988e-05
2.8610e-06
1.4997e-04
6.1035e-05
9.5367e-07
3.3140e-05
1.9073e-06
3.4094e-05
1.0991e-04
1.9073e-06
2.4080e-05
3.6001e-05
4.6015e-05
2.8610e-06
1.1921e-06
3.6955e-05
6.2943e-05
3.6001e-05
5.4216e-04
4.0054e-05
2.1961e-03
3.0994e-06
2.1458e-06
4.2915e-05
1.2994e-04
3.6955e-05
1.9503e-04
2.8610e-06
1.4760e-03
2.8610e-06
2.8610e-06
4.0054e-05
2.8801e-04
1.9073e-06
3.0994e-04
2.8610e-06
1.9073e-06
3.7909e-05
0.0000e+00
3.2902e-05
4.1008e-04
7.0095e-05
1.1492e-04
3.0994e-06
9.5367e-07
3.6001e-05
2.1911e-04
2.1458e-06
8.7976e-05
3.0994e-06
1.6594e-04
2.1458e-06
1.1611e-04
2.1458e-06
1.1921e-06
3.6955e-05
1.7595e-04
3.5048e-05
1.0777e-04
3.6001e-05
4.0698e-04
6.1035e-05
1.3614e-04
1.9073e-06
4.8161e-05
2.1458e-06
2.1005e-04
3.7909e-05
3.1614e-04
2.1458e-06
9.5367e-07
3.6955e-05
0.0000e+00
3.3140e-05
1.6904e-04
1.9073e-06
1.8978e-04
1.9073e-06
1.6499e-04
1.9073e-06
3.3998e-04
2.8610e-06
1.3494e-04
1.9073e-06
1.9073e-06
6.8903e-05
1.8883e-04
3.0994e-06
1.0610e-04
3.6955e-05
3.1209e-04
2.1458e-06
1.3089e-04
2.8610e-06
1.1921e-06
3.6001e-05
3.4189e-04
1.9073e-06
1.4114e-04
3.9101e-05
1.4806e-04
3.6955e-05
2.3603e-04
1.9073e-06
1.3590e-04
6.8903e-05
1.6904e-04
3.0994e-06
1.4305e-04
2.1458e-06
4.5061e-05
3.6955e-05
1.0800e-04
3.6001e-05
2.9087e-04
3.6001e-05
1.5903e-04
1.9073e-06
9.5367e-07
3.6001e-05
4.3988e-04
1.9073e-06
2.1458e-06
3.8862e-05
1.0991e-04
5.1022e-05
2.1458e-06
3.6001e-05
6.8903e-05
3.6001e-05
1.7905e-04
3.6955e-05
3.2001e-03
5.2929e-05
4.9114e-04
2.1458e-06
1.9073e-06
3.9101e-05
2.6512e-04
2.8610e-06
1.3494e-04
2.1458e-06
9.5367e-07
3.7193e-05
1.9312e-04
2.1458e-06
9.2030e-05
3.7193e-05
1.4591e-04
3.6001e-05
2.2697e-04
1.9073e-06
2.0599e-04
2.1458e-06
3.6192e-04
3.8862e-05
1.2622e-03
2.8610e-06
4.0531e-06
4.3154e-05
6.4683e-04
3.0994e-06
9.3937e-05
3.0994e-06
1.3804e-04
2.1458e-06
1.5092e-04
9.7990e-05
3.2592e-04
2.8610e-06
2.1458e-06
3.6955e-05
9.5367e-07
3.4094e-05
2.1982e-04
1.9073e-06
3.7479e-04
3.7909e-05
1.9002e-04
1.9073e-06
6.1989e-05
1.9073e-06
4.0054e-05
2.1458e-06
9.5367e-07
3.6001e-05
2.8610e-04
3.0994e-06
5.3167e-05
3.0994e-06
1.6618e-04
3.8147e-05
1.5903e-04
1.9073e-06
1.1921e-06
3.6001e-05
2.3293e-04
3.6955e-05
5.2595e-04
3.0994e-06
9.5367e-07
3.7193e-05
1.8597e-04
2.1458e-06
1.4997e-04
3.0994e-06
9.5367e-07
3.6955e-05
2.1458e-06
3.6001e-05
2.2483e-04
3.0994e-06
1.4687e-04
1.9073e-06
3.5119e-04
2.8610e-06
1.6689e-04
2.1458e-06
4.0054e-05
2.1458e-06
9.5367e-07
4.0054e-05
5.9843e-05
3.6001e-05
1.6403e-04
3.7193e-05
1.5783e-04
3.6955e-05
4.0007e-04
7.7963e-05
2.1815e-04
2.8610e-06
1.5211e-04
2.1458e-06
9.5367e-07
3.6955e-05
5.1618e-04
3.0994e-06
1.9073e-06
3.9101e-05
1.7810e-04
1.9073e-06
7.1049e-05
1.9073e-06
9.5367e-07
3.6955e-05
2.0599e-04
3.6001e-05
3.5000e-04
1.9073e-06
1.1921e-06
3.6955e-05
2.2941e-03
3.0994e-06
7.2956e-05
1.9073e-06
9.5367e-07
4.4823e-05
5.3096e-04
3.9101e-05
2.2984e-04
3.0994e-06
1.2708e-04
2.1458e-06
9.5367e-07
3.6955e-05
4.1008e-04
3.0994e-06
2.6608e-04
1.9073e-06
1.1921e-06
4.0054e-05
1.0586e-04
1.9073e-06
1.0180e-04
3.6955e-05
1.8907e-04
1.9073e-06
7.6485e-04
2.8610e-06
1.2517e-04
3.0994e-06
3.1304e-04
4.1008e-05
3.0994e-04
4.0054e-05
1.8692e-04
3.0994e-06
9.0837e-05
1.9073e-06
9.5844e-05
2.8610e-06
9.8944e-05
5.6982e-05
1.2989e-03
4.2915e-05
4.6206e-04
3.8147e-05
1.2279e-04
1.9073e-06
9.5367e-07
3.6001e-05
3.0303e-04
1.9073e-06
1.4496e-04
3.0994e-06
1.1611e-04
3.0994e-06
9.5367e-07
3.6955e-05
2.6798e-04
3.7193e-05
1.5092e-04
2.1458e-06
1.9073e-06
6.9141e-05
1.9193e-04
2.1458e-06
1.6308e-04
2.1458e-06
9.5367e-07
3.6001e-05
4.8685e-04
1.9073e-06
9.5367e-07
3.6955e-05
9.7036e-05
1.9073e-06
9.2983e-05
3.6001e-05
1.1301e-04
3.6001e-05
1.2493e-04
3.9101e-05
6.9857e-05
3.6955e-05
2.7704e-04
3.8147e-05
2.5105e-04
3.6955e-05
1.1516e-04
3.6001e-05
7.8449e-03
3.0994e-06
2.4390e-04
1.9073e-06
2.1458e-06
4.1962e-05
1.9503e-04
1.9073e-06
1.5497e-04
1.9073e-06
8.6784e-05
2.8610e-06
9.3222e-05
1.9073e-06
4.7922e-05
3.6001e-05
1.7285e-04
3.6001e-05
4.7922e-05
3.6001e-05
2.0218e-04
3.6001e-05
1.9813e-04
2.1458e-06
3.6502e-04
4.2200e-05
2.1696e-04
1.9073e-06
4.6968e-05
3.7909e-05
5.2214e-04
2.9993e-04
1.3800e-03
1.9073e-06
3.8147e-06
4.4823e-05
4.8709e-04
3.9816e-05
2.6298e-04
1.9073e-06
9.5367e-07
3.5048e-05
1.6785e-04
3.0994e-06
2.6917e-04
2.1458e-06
2.4796e-04
2.1458e-06
1.3804e-04
3.0994e-06
9.5367e-07
3.8862e-05
9.3937e-05
2.1458e-06
1.3399e-04
1.9073e-06
4.0054e-05
2.1458e-06
9.5367e-07
3.6001e-05
2.8610e-04
3.6001e-05
2.2817e-04
3.6001e-05
2.0194e-04
1.9073e-06
4.9829e-05
3.6955e-05
2.0790e-04
3.4809e-05
9.2030e-05
5.6982e-05
1.3399e-04
2.8610e-06
2.5296e-04
3.6001e-05
2.1291e-04
3.6001e-05
9.7036e-05
1.9073e-06
8.7023e-05
1.9073e-06
2.4009e-04
2.8610e-06
1.5211e-04
2.1458e-06
1.7381e-04
1.9073e-06
9.5367e-07
3.6955e-05
9.5367e-07
3.2902e-05
3.5689e-03
9.3937e-05
3.6311e-04
1.9073e-06
1.6403e-04
3.0994e-06
9.6011e-04
1.9073e-06
3.4285e-04
2.8610e-06
3.3212e-04
1.9073e-06
9.5367e-07
4.3154e-05
5.9199e-04
2.1458e-06
9.5367e-07
5.5790e-05
1.9073e-06
3.4094e-05
1.2302e-04
2.1458e-06
7.0810e-05
9.2030e-05
4.2915e-05
7.1049e-05
4.9829e-05
3.6955e-05
4.0054e-05
7.0095e-05
1.4591e-04
2.1458e-06
9.5367e-07
6.6042e-05
4.6968e-05
1.9073e-06
9.5367e-07
3.6001e-05
1.7285e-04
2.8610e-06
1.2159e-05
3.6955e-05
4.8876e-05
3.6001e-05
9.1076e-05
5.4121e-05
9.5367e-07
3.5048e-05
2.8300e-04
2.8610e-06
1.9073e-06
4.1008e-05
2.7180e-05
3.7193e-05
3.3140e-05
6.1035e-05
9.8944e-05
1.9073e-06
1.2994e-04
1.9073e-06
1.9073e-06
3.6001e-05
9.2030e-05
1.9073e-06
2.1458e-06
3.9816e-05
4.0054e-05
5.3883e-05
1.2994e-04
2.8610e-06
1.1921e-06
3.6001e-05
4.0054e-05
3.6001e-05
1.2898e-04
2.1458e-06
1.2708e-04
4.1008e-05
2.1458e-06
3.6001e-05
2.7585e-04
3.7909e-05
4.5061e-05
1.9073e-06
1.1921e-06
4.2295e-04
1.2398e-04
4.7922e-05
3.4094e-04
9.7990e-05
1.2190e-03
5.0068e-05
2.5034e-05
2.1458e-06
1.9073e-06
7.1049e-05
8.1062e-05
3.0994e-06
6.8903e-05
2.8610e-06
1.1921e-06
5.8889e-05
7.9870e-05
3.5048e-05
2.7895e-05
5.9843e-05
2.5797e-04
2.1458e-06
8.7976e-05
3.0994e-06
1.9073e-06
5.7936e-05
1.2708e-04
1.9073e-06
1.9073e-06
3.8147e-05
9.5367e-07
6.1035e-05
1.2898e-04
2.8610e-06
7.9155e-05
2.1458e-06
2.3842e-05
3.6955e-05
3.6001e-05
5.4121e-05
9.4891e-05
1.9073e-06
3.0041e-05
5.6028e-05
1.0912e+00
