1.8176e-02
2.2336e-02
9.9897e-05
1.6138e-02
5.2929e-05
5.6982e-05
3.5048e-05
6.3902e-02
7.7963e-05
6.9141e-06
4.6968e-05
3.4124e-02
5.0068e-05
3.0366e-02
4.0531e-06
6.9141e-06
1.1611e-04
3.8147e-06
1.1830e-03
4.0482e-02
5.1022e-05
5.9605e-06
3.5048e-05
9.5367e-07
3.4094e-05
9.5367e-07
3.4094e-05
9.5367e-07
3.3140e-05
2.0034e-02
4.0531e-06
1.1897e-04
5.6028e-05
4.4788e-02
5.1975e-05
2.2483e-02
3.0994e-06
1.1921e-05
5.3167e-05
9.5367e-07
3.4094e-05
2.1277e-02
2.8610e-06
7.1526e-06
4.8876e-05
2.0723e-02
5.1975e-05
6.1989e-06
3.2902e-05
1.1457e-02
1.0980e-02
3.3140e-05
5.0068e-05
2.0604e-02
6.8712e-04
5.9605e-06
3.4094e-05
0.0000e+00
3.2902e-05
4.0652e-02
5.4121e-05
1.5333e-02
2.8610e-06
7.8678e-06
4.5061e-05
1.5349e-03
4.2915e-05
2.1935e-05
3.6955e-05
9.5367e-07
3.4094e-05
2.2459e-03
4.3869e-05
2.5489e-03
9.0122e-05
4.0531e-06
3.3855e-05
1.7613e-02
3.0994e-06
5.0068e-06
4.1962e-05
2.1505e-04
2.1458e-06
1.9073e-06
1.3407e-02
5.2111e-03
1.9073e-06
5.9605e-06
4.2200e-05
4.5490e-04
3.7909e-05
1.8039e-03
4.0054e-05
1.9073e-06
3.3140e-05
9.5844e-05
3.8862e-05
1.0421e-03
3.0994e-06
3.0994e-06
3.8862e-05
1.2550e-03
3.0994e-06
3.5191e-04
1.9073e-06
3.6693e-04
2.8610e-06
2.1458e-06
4.0054e-05
1.1921e-06
3.3855e-05
5.6195e-04
3.0994e-06
1.9073e-06
3.8147e-05
4.8778e-03
3.0994e-06
6.9141e-06
4.1008e-05
1.3459e-03
4.1962e-05
4.0531e-06
3.6955e-05
2.8701e-03
4.1008e-05
2.1458e-06
3.2902e-05
6.7616e-04
2.1458e-06
1.9073e-06
3.9101e-05
3.1590e-04
3.7909e-05
2.1458e-06
3.3855e-05
2.0950e-03
2.1458e-06
6.3896e-04
2.8610e-06
2.1458e-06
9.8944e-05
2.1458e-06
3.2902e-05
7.3099e-04
3.9101e-05
2.8610e-06
3.4094e-05
9.5367e-07
3.3140e-05
9.5367e-07
3.2902e-05
1.5042e-03
2.8610e-06
1.1950e-03
3.0994e-06
3.0994e-06
4.1008e-05
3.0899e-04
3.6955e-05
1.9073e-06
3.4094e-05
1.0729e-03
1.9073e-06
1.1921e-06
3.6955e-05
9.5367e-07
3.3140e-05
9.5367e-07
3.4094e-05
1.8589e-03
4.2200e-05
5.8379e-03
4.1962e-05
8.1420e-04
2.1458e-06
2.8610e-06
4.0054e-05
1.0791e-03
4.1008e-05
3.0994e-06
3.3140e-05
4.3416e-04
2.1458e-06
1.9073e-06
3.9101e-05
1.1871e-03
2.1458e-06
1.9073e-06
3.8862e-05
9.5367e-07
3.5048e-05
1.0250e-03
3.9816e-05
2.8610e-06
3.4094e-05
4.1349e-03
4.1008e-05
6.2084e-04
1.9073e-06
4.4012e-04
3.0994e-06
3.0994e-06
3.8862e-05
9.5367e-07
3.4094e-05
1.1730e-03
3.0994e-06
1.9073e-06
3.8862e-05
7.8201e-04
1.9073e-06
1.8811e-04
1.9073e-06
2.1458e-06
3.7909e-05
5.9295e-04
2.1458e-06
1.9073e-06
3.8147e-05
9.5367e-07
3.4094e-05
9.5367e-07
3.2902e-05
9.5367e-07
3.3140e-05
9.5367e-07
3.2902e-05
1.3151e-03
1.0180e-04
1.1592e-03
3.9101e-05
1.9073e-06
3.4094e-05
8.4400e-04
4.0054e-05
7.6294e-04
3.7909e-05
2.1458e-06
3.2902e-05
4.5609e-04
3.6955e-05
1.6632e-03
3.0994e-06
4.0531e-06
1.0395e-04
2.1458e-06
3.3855e-05
9.5367e-07
3.4094e-05
1.6010e-03
4.0054e-05
2.2697e-04
3.0994e-06
3.0994e-06
3.8862e-05
7.1001e-04
3.9101e-05
6.3896e-04
3.6955e-05
1.1861e-03
2.1458e-06
4.0531e-06
9.6798e-05
3.0994e-06
3.5048e-05
6.9404e-04
3.9101e-05
1.9073e-06
3.5048e-05
1.3180e-03
4.0054e-05
1.7090e-03
4.1008e-05
2.9492e-04
1.9073e-06
4.2105e-04
1.9073e-06
3.0994e-06
3.7909e-05
2.7609e-04
3.0994e-06
1.9073e-06
4.0054e-05
6.3992e-04
3.0994e-06
7.3791e-04
2.8610e-06
1.1921e-06
3.8862e-05
1.1921e-06
3.3855e-05
1.1230e-03
3.9101e-05
3.7193e-04
3.7909e-05
3.2592e-04
3.6955e-05
4.3702e-04
3.7909e-05
2.1458e-06
3.3855e-05
7.8607e-04
3.0994e-06
2.1458e-06
3.7909e-05
6.0511e-04
3.8147e-05
1.3800e-03
3.0994e-06
3.0994e-06
3.7909e-05
9.5367e-07
3.3140e-05
3.9911e-04
9.7990e-05
1.1182e-03
5.2929e-05
1.0400e-03
3.9101e-05
2.8610e-06
3.4094e-05
9.5367e-07
3.3855e-05
1.0409e-03
2.1458e-06
1.9073e-06
3.8147e-05
9.5367e-07
3.4094e-05
5.8198e-04
3.6955e-05
3.0994e-06
3.6001e-05
7.1287e-04
2.8610e-06
3.0994e-06
3.6955e-05
9.5367e-07
3.4094e-05
1.2720e-03
3.8862e-05
3.1614e-04
3.7193e-05
1.8907e-04
3.6001e-05
4.6802e-04
3.9101e-05
3.7384e-04
3.7909e-05
1.2209e-03
3.0994e-06
1.9073e-06
3.7909e-05
9.5367e-07
3.4094e-05
2.1250e-03
3.8147e-05
1.9073e-06
3.3140e-05
8.8191e-04
3.8862e-05
1.9073e-06
3.4094e-05
5.5003e-04
1.9073e-06
1.9073e-06
3.7909e-05
1.1921e-06
3.3855e-05
9.5367e-07
3.2902e-05
3.9949e-03
1.9073e-06
2.7299e-04
1.9073e-06
4.9496e-04
1.9073e-06
2.1458e-06
4.0054e-05
9.5367e-07
3.3140e-05
4.4179e-04
3.7909e-05
1.9073e-06
3.5048e-05
7.5030e-03
2.8610e-06
4.0531e-06
4.1962e-05
1.1921e-06
3.3855e-05
9.5367e-07
3.4094e-05
9.5367e-07
3.3140e-05
3.1109e-03
1.9073e-06
2.1100e-04
1.9073e-06
2.9421e-04
2.1458e-06
1.9073e-06
9.7990e-05
3.2306e-04
3.7909e-05
1.0929e-03
1.9073e-06
2.1458e-06
3.9816e-05
9.5367e-07
3.3855e-05
1.0281e-03
4.1008e-05
1.9073e-06
3.3855e-05
9.5367e-07
3.2902e-05
1.2960e-03
8.7976e-05
1.9073e-06
6.6996e-05
1.9073e-06
3.2902e-05
5.9104e-04
3.8862e-05
2.0871e-03
4.1008e-05
4.2295e-04
3.7193e-05
1.6594e-04
3.7193e-05
1.9002e-04
3.6001e-05
3.9792e-04
1.9073e-06
2.8610e-06
3.6955e-05
2.4891e-03
3.8147e-05
1.2429e-03
4.0054e-05
3.1590e-04
2.1458e-06
1.9693e-04
1.9073e-06
2.1458e-06
3.6955e-05
2.5349e-03
4.5061e-05
2.0003e-04
1.9073e-06
1.9073e-06
3.8147e-05
5.1188e-04
3.6955e-05
9.8491e-04
2.8610e-06
2.1458e-06
3.6001e-05
4.8590e-04
3.8862e-05
1.4122e-03
2.1458e-06
3.0994e-06
3.9816e-05
9.5367e-07
3.3855e-05
6.9904e-04
3.7909e-05
5.2991e-03
1.3494e-04
3.5596e-04
3.0994e-06
9.5367e-07
3.6955e-05
2.9182e-04
2.8610e-06
1.1921e-06
3.6955e-05
1.5030e-03
3.0994e-06
2.1458e-06
4.0770e-05
1.0478e-03
3.6955e-05
1.9073e-06
3.3855e-05
0.0000e+00
3.3140e-05
2.1458e-06
3.6955e-05
6.3300e-04
3.6001e-05
1.9073e-06
3.6955e-05
5.8317e-04
3.6955e-05
2.4562e-03
3.0994e-06
9.2793e-04
2.8610e-06
3.0994e-06
4.1962e-05
4.6587e-04
3.7909e-05
2.1458e-06
9.0837e-05
6.9213e-04
2.1458e-06
1.9073e-06
3.6001e-05
6.6900e-04
3.7909e-05
2.1458e-06
3.2902e-05
1.3919e-03
2.8610e-06
1.9073e-06
3.6955e-05
6.0511e-04
2.8610e-06
2.1696e-04
3.0994e-06
1.4989e-03
1.9073e-06
3.8147e-06
2.3413e-04
2.8610e-06
3.5048e-05
9.5367e-07
3.4094e-05
9.9397e-04
3.8862e-05
5.2810e-04
3.6955e-05
6.9213e-04
3.0994e-06
1.9073e-06
3.6001e-05
5.5695e-04
3.6001e-05
3.1304e-04
8.7023e-05
3.1996e-04
4.0054e-05
1.2610e-03
2.8610e-06
9.1076e-05
2.8610e-06
2.1458e-06
3.7909e-05
9.5367e-07
3.2902e-05
4.9305e-04
1.9073e-06
9.5367e-07
5.1975e-05
1.3185e-04
3.6955e-05
1.8406e-04
3.6001e-05
8.9598e-04
3.6955e-05
7.1692e-04
1.9073e-06
2.1458e-06
3.6955e-05
9.5367e-07
3.3140e-05
2.2068e-03
3.9101e-05
2.3079e-04
1.9073e-06
1.1921e-06
3.6001e-05
1.1940e-03
3.6001e-05
2.1458e-06
2.1505e-04
9.5916e-04
2.1458e-06
9.5367e-07
3.7193e-05
9.5367e-07
3.3855e-05
9.5367e-07
3.2902e-05
9.5367e-07
3.1948e-05
1.1039e-03
3.6001e-05
9.5367e-07
3.3140e-05
1.1930e-03
9.1076e-05
1.9073e-06
3.4094e-05
1.2012e-03
3.0994e-06
2.1458e-06
3.7909e-05
9.5367e-07
3.2902e-05
0.0000e+00
3.4094e-05
8.9598e-04
3.7193e-05
2.1458e-06
3.3855e-05
5.9199e-04
8.9884e-05
2.1458e-06
3.6001e-05
9.5367e-07
3.3140e-05
1.2394e-02
4.2915e-05
3.0994e-06
3.3855e-05
1.1921e-06
3.2902e-05
3.4981e-03
3.0994e-06
3.4189e-04
1.9073e-06
2.8610e-06
4.1962e-05
9.5367e-07
9.7990e-05
9.7299e-04
1.9073e-06
8.3811e-03
3.0994e-06
5.0068e-06
4.1962e-05
9.8395e-04
1.9073e-06
2.5105e-04
3.0994e-06
6.1584e-04
1.9073e-06
2.3699e-04
4.1008e-05
7.7701e-04
3.0994e-06
2.5606e-04
3.6955e-05
3.3960e-03
2.8610e-06
2.1458e-06
1.0300e-04
1.9073e-06
3.3855e-05
9.5367e-07
3.3140e-05
7.0691e-04
3.7909e-05
1.7631e-03
3.9101e-05
6.2895e-04
3.6955e-05
6.1607e-04
3.0994e-06
3.3879e-04
1.9073e-06
1.9073e-06
3.7909e-05
9.2006e-04
2.1458e-06
9.5367e-07
3.6001e-05
1.9979e-03
3.8862e-05
2.1458e-06
3.2902e-05
9.5367e-07
3.1948e-05
0.0000e+00
3.3140e-05
7.3290e-04
3.8862e-05
1.9073e-06
3.8862e-05
2.2039e-03
2.8610e-06
1.5402e-04
3.7909e-05
2.1458e-06
3.2902e-05
9.5367e-07
3.3140e-05
2.0759e-03
4.1962e-05
1.1871e-03
3.0994e-06
1.9073e-06
3.7909e-05
9.5367e-07
3.3140e-05
3.5882e-04
3.6001e-05
4.1509e-04
3.6001e-05
4.7016e-04
3.6001e-05
1.9073e-06
3.4094e-05
9.5367e-07
3.3140e-05
1.6458e-03
1.9073e-06
1.9073e-06
3.7909e-05
1.1921e-06
3.2902e-05
6.9940e-03
2.8610e-06
7.3600e-04
3.0994e-06
3.3903e-04
3.0994e-06
9.5367e-07
4.2915e-05
9.5367e-07
3.4094e-05
9.5367e-07
3.4094e-05
9.5367e-07
3.2902e-05
9.5367e-07
3.4094e-05
8.1110e-04
4.0054e-05
1.9073e-06
3.3855e-05
1.0760e-03
2.1458e-06
9.5367e-07
3.7193e-05
2.1458e-06
3.3855e-05
1.0340e-03
3.7909e-05
2.1458e-06
3.2902e-05
1.9190e-03
3.0994e-06
4.0531e-06
4.1008e-05
9.5367e-07
3.2902e-05
7.2408e-04
2.1458e-06
2.8610e-06
3.8147e-05
4.7302e-04
2.1458e-06
2.5797e-04
3.6955e-05
9.5367e-07
3.2902e-05
2.3358e-03
3.7909e-05
6.7210e-04
3.8862e-05
2.1458e-06
3.3855e-05
9.5367e-07
3.2902e-05
6.2609e-04
9.1076e-05
2.8610e-06
3.3855e-05
5.8699e-04
3.7909e-05
1.5211e-04
2.1458e-06
1.9073e-06
3.5048e-05
8.5092e-04
3.7909e-05
4.6492e-04
1.9073e-06
1.9073e-06
3.6001e-05
9.5367e-07
3.3140e-05
1.0121e-03
2.8610e-06
1.9073e-06
5.3167e-05
1.9073e-06
3.5048e-05
2.5749e-03
2.8610e-06
1.9073e-06
4.1008e-05
5.3596e-04
3.8862e-05
4.5419e-04
3.0994e-06
2.9683e-04
1.9073e-06
1.9073e-06
3.7909e-05
2.8942e-03
1.9073e-06
5.9605e-06
7.2956e-05
2.1458e-06
3.3855e-05
1.1921e-06
3.1948e-05
3.2601e-03
2.8610e-06
4.3893e-04
1.9073e-06
1.1110e-04
3.0994e-06
9.5367e-07
4.0054e-05
9.5367e-07
3.4094e-05
9.5367e-07
3.2902e-05
1.9073e-06
3.6001e-05
9.5367e-07
3.2902e-05
2.8610e-06
4.0054e-05
5.9509e-04
1.9073e-06
9.5367e-07
3.6955e-05
1.0159e-03
3.9101e-05
1.9073e-06
3.4094e-05
8.2517e-04
3.0994e-06
9.5367e-07
3.6001e-05
2.9588e-04
3.7909e-05
4.9996e-04
3.6955e-05
1.9073e-06
3.3140e-05
5.7292e-04
3.7909e-05
5.4216e-04
3.8147e-05
2.1458e-06
3.3855e-05
3.0971e-03
2.8610e-06
2.1458e-06
4.0054e-05
2.1458e-06
3.6001e-05
7.8702e-04
2.1458e-06
3.7503e-04
2.1458e-06
1.9073e-06
3.8147e-05
9.5367e-07
3.2902e-05
4.9806e-04
1.9073e-06
2.6798e-04
2.8610e-06
9.5367e-07
3.9101e-05
9.5367e-07
3.4094e-05
9.5367e-07
9.5129e-05
1.9073e-06
3.5048e-05
1.1420e-03
3.6955e-05
1.9073e-06
3.3140e-05
9.5367e-07
3.2902e-05
1.1921e-06
3.1948e-05
8.3613e-04
3.7909e-05
9.5367e-07
3.3855e-05
3.5906e-04
2.8610e-06
2.1601e-04
1.9073e-06
2.1458e-06
3.6955e-05
9.5367e-07
3.1948e-05
9.5367e-07
4.3869e-05
2.3959e-03
2.8610e-06
4.2942e-03
3.0994e-06
1.2760e-03
2.8610e-06
5.0068e-06
2.3079e-04
3.0994e-06
3.4094e-05
2.9948e-03
1.9073e-06
2.8610e-06
4.1008e-05
9.5367e-07
3.4094e-05
1.1921e-06
3.2902e-05
1.1921e-06
3.3855e-05
8.0705e-04
3.8862e-05
4.9400e-04
3.7193e-05
2.3198e-04
2.8610e-06
2.1458e-06
3.6001e-05
2.1458e-06
3.6001e-05
8.9598e-04
3.6001e-05
1.1220e-03
1.9073e-06
2.1458e-06
3.6955e-05
2.1291e-04
3.6001e-05
4.7302e-04
3.6001e-05
1.9073e-06
3.2902e-05
6.4492e-04
3.6001e-05
6.5994e-04
4.1008e-05
3.0994e-06
3.5048e-05
9.5367e-07
3.3140e-05
9.5367e-07
3.2902e-05
8.4615e-04
3.0994e-06
1.9073e-06
3.6955e-05
5.2214e-04
1.9073e-06
1.3304e-04
1.9073e-06
1.1921e-06
3.5048e-05
9.5367e-07
1.2302e-04
7.9107e-04
2.1458e-06
9.1791e-04
1.9073e-06
2.8610e-06
3.9101e-05
9.5367e-07
3.4094e-05
4.6706e-04
3.0994e-06
9.5367e-07
3.8147e-05
1.1921e-06
3.2902e-05
1.1921e-06
3.2902e-05
9.5367e-07
8.9169e-05
1.9939e-03
2.8610e-06
2.1458e-06
3.7909e-05
9.5367e-07
3.2902e-05
2.8551e-03
4.1962e-05
3.0994e-06
3.4094e-05
3.3498e-04
1.9073e-06
9.5367e-07
3.6001e-05
9.5367e-07
3.3140e-05
2.1458e-06
3.3855e-05
7.2002e-04
1.9073e-06
1.9073e-06
3.6955e-05
2.5392e-04
2.8610e-06
1.9073e-06
3.6001e-05
9.5367e-07
3.2902e-05
1.5615e-02
4.6968e-05
5.0068e-06
3.2902e-05
2.1629e-02
2.8610e-06
1.2994e-04
1.3685e-04
1.1687e-02
1.9073e-06
3.8147e-06
4.2200e-05
8.4686e-04
1.9073e-06
2.1458e-06
3.6955e-05
1.1439e-03
3.8862e-05
7.8011e-04
1.9073e-06
6.0797e-04
2.8610e-06
2.1458e-06
3.7909e-05
9.5367e-07
3.2902e-05
1.9073e-06
3.6001e-05
9.5367e-07
3.3140e-05
2.8396e-04
3.0994e-06
1.9073e-06
3.6001e-05
1.1921e-06
3.2902e-05
9.5367e-07
3.3140e-05
1.5459e-03
3.8862e-05
3.0994e-06
3.4094e-05
2.6741e-03
3.8147e-05
1.9073e-06
3.4094e-05
9.5367e-07
3.2902e-05
5.7602e-04
1.9073e-06
9.1076e-05
2.1458e-06
7.3791e-04
3.6955e-05
1.0459e-03
1.9073e-06
2.1458e-06
3.6955e-05
5.5003e-04
2.1458e-06
1.9073e-06
1.0180e-04
2.8610e-06
3.6001e-05
9.5367e-07
3.4094e-05
7.0906e-04
3.0994e-06
1.9073e-06
3.7909e-05
8.9097e-04
3.8862e-05
1.0900e-03
3.0994e-06
1.9073e-06
4.0054e-05
9.5367e-07
3.2902e-05
1.9073e-06
3.6001e-05
4.5204e-04
3.0994e-06
1.9073e-06
3.8147e-05
2.2349e-03
1.9073e-06
1.9073e-06
6.2943e-05
3.1090e-04
3.6001e-05
6.4993e-04
2.1458e-06
1.9073e-06
3.6001e-05
5.8413e-04
3.0994e-06
8.1706e-04
4.0054e-05
1.9073e-06
3.6001e-05
8.6284e-04
2.8610e-06
1.1301e-04
1.9073e-06
4.2415e-04
3.0994e-06
3.0994e-06
3.7909e-05
4.7612e-04
3.6955e-05
4.4918e-04
3.9101e-05
5.0187e-04
2.8610e-06
1.1921e-06
3.6955e-05
6.2108e-04
8.7976e-05
4.0102e-04
3.0994e-06
2.1458e-06
3.6955e-05
2.2962e-03
3.2902e-05
1.9073e-06
3.9101e-05
9.5367e-07
3.3855e-05
9.5367e-07
3.4094e-05
9.5367e-07
3.4094e-05
9.5367e-07
3.3855e-05
2.1458e-06
3.6001e-05
9.5367e-07
3.3140e-05
1.4210e-03
3.8147e-05
9.7394e-04
3.0994e-06
4.0913e-04
2.1458e-06
2.1458e-06
3.7909e-05
3.3998e-04
3.6955e-05
1.4129e-03
3.0994e-06
9.5367e-07
3.8147e-05
2.1458e-06
3.6955e-05
9.5367e-07
3.4094e-05
1.1921e-06
3.3855e-05
2.1458e-06
3.3855e-05
1.1921e-06
3.2902e-05
1.1590e-03
6.9857e-05
7.9703e-04
3.7909e-05
3.5596e-04
1.9073e-06
2.1458e-06
3.7909e-05
3.4714e-04
3.6001e-05
1.4601e-03
2.1458e-06
1.8311e-04
3.0994e-06
2.1458e-06
3.6955e-05
2.0909e-04
3.6001e-05
1.1191e-03
3.0994e-06
1.9073e-06
3.8862e-05
1.9693e-04
3.6955e-05
2.1458e-06
8.9884e-05
4.8709e-04
3.9101e-05
2.4199e-04
3.8147e-05
2.2984e-04
6.2943e-05
2.1458e-06
3.5048e-05
1.5750e-03
1.9073e-06
2.8610e-06
4.2200e-05
7.6604e-04
3.8862e-05
1.1032e-03
5.6982e-05
1.9073e-06
3.6955e-05
1.1921e-06
3.2902e-05
9.5367e-07
3.2902e-05
9.5367e-07
3.3140e-05
0.0000e+00
3.2902e-05
1.1799e-03
3.9101e-05
1.1749e-03
1.9073e-06
9.5367e-07
3.6955e-05
1.4961e-03
4.9114e-05
8.7309e-04
3.9101e-05
1.9073e-06
3.4094e-05
9.5367e-07
3.3140e-05
9.5367e-07
3.3855e-05
0.0000e+00
3.4094e-05
4.6492e-04
4.0054e-05
3.4130e-03
1.0300e-04
3.0994e-06
3.3855e-05
5.1713e-04
4.0054e-05
1.9073e-06
3.4094e-05
1.0819e-03
3.0994e-06
4.6015e-04
4.0054e-05
2.9140e-03
3.0994e-06
1.9073e-06
3.9101e-05
9.5367e-07
3.3140e-05
9.5367e-07
3.5048e-05
1.1921e-06
3.3855e-05
1.0600e-03
3.9816e-05
8.0585e-04
2.8610e-06
4.9305e-04
2.1458e-06
9.5367e-07
3.6955e-05
1.1921e-06
3.2902e-05
9.5367e-07
3.3140e-05
7.0095e-04
8.9169e-05
2.8610e-06
3.6001e-05
6.0201e-04
3.7909e-05
1.9073e-06
3.4094e-05
9.5367e-07
3.3140e-05
9.7585e-04
4.1008e-05
9.0694e-04
3.0994e-06
1.9073e-06
3.7193e-05
6.9189e-04
7.9870e-05
2.7299e-04
3.9816e-05
5.6696e-04
3.9101e-05
3.3283e-04
3.6955e-05
2.8801e-04
3.6001e-05
1.4811e-03
3.7909e-05
1.9073e-06
3.3140e-05
4.1986e-04
1.9073e-06
2.1458e-06
3.6955e-05
2.0814e-04
3.0994e-06
2.1458e-06
3.8862e-05
3.2210e-04
2.1458e-06
9.5367e-07
3.6955e-05
9.5367e-07
3.4094e-05
9.5367e-07
3.4094e-05
9.5367e-07
3.3855e-05
2.1458e-06
8.3923e-05
7.3004e-04
1.9073e-06
2.8610e-06
3.8147e-05
3.2969e-03
4.0054e-05
1.9073e-06
3.4094e-05
1.6379e-03
2.8610e-06
3.0994e-06
2.7299e-04
9.9421e-04
2.1458e-06
4.6802e-04
3.0994e-06
4.0293e-04
2.8610e-06
2.1458e-06
4.1008e-05
4.0197e-04
3.6955e-05
2.8610e-06
1.7810e-04
3.7289e-04
1.9073e-06
2.1458e-06
3.6955e-05
9.5367e-07
3.4094e-05
9.2697e-04
2.1458e-06
3.4595e-04
1.9073e-06
2.1458e-06
3.8862e-05
6.8021e-04
2.1458e-06
1.9073e-06
3.6001e-05
4.0741e-03
1.2302e-04
8.3995e-04
3.9101e-05
8.0490e-04
3.6955e-05
1.9073e-06
3.4094e-05
1.9789e-04
2.8610e-06
7.8201e-04
2.8610e-06
2.1458e-06
4.1008e-05
9.5367e-07
3.4094e-05
9.5367e-07
3.2902e-05
2.7740e-03
4.1008e-05
3.0994e-06
3.3855e-05
7.7105e-04
1.9073e-06
2.1458e-06
3.7909e-05
9.5367e-07
3.4094e-05
9.5367e-07
3.3140e-05
6.3109e-04
5.4121e-05
2.9993e-04
3.6955e-05
5.4502e-04
3.9101e-05
1.9073e-06
3.4094e-05
5.1498e-04
3.6955e-05
5.9009e-04
3.8862e-05
1.4615e-04
2.1458e-06
1.1859e-03
3.8862e-05
4.5204e-04
1.9073e-06
9.5367e-07
5.8889e-05
7.5889e-04
3.9101e-05
3.0994e-06
6.2943e-05
3.7313e-04
3.0994e-06
1.8208e-03
2.1458e-06
1.9073e-06
3.8147e-05
5.0497e-04
6.0797e-05
2.1458e-06
3.2902e-05
9.5367e-07
3.2902e-05
4.5800e-04
2.1458e-06
9.5367e-07
3.6001e-05
1.9073e-06
3.6001e-05
1.1921e-06
3.2902e-05
9.5367e-07
3.3140e-05
6.7210e-04
3.7909e-05
2.1458e-06
3.3855e-05
4.3416e-04
2.1458e-06
3.9792e-04
3.6001e-05
6.4492e-04
3.8862e-05
1.9073e-06
3.6001e-05
2.8262e-03
3.0994e-06
3.7909e-05
4.1962e-05
1.9073e-06
3.4094e-05
2.2586e-02
5.0068e-05
5.0068e-06
3.3855e-05
1.0560e-02
4.1962e-05
1.2033e-02
4.4107e-05
1.0082e-02
4.6015e-05
6.0797e-04
3.7193e-05
1.9073e-06
3.4094e-05
9.5367e-07
3.2902e-05
4.6682e-04
3.7909e-05
2.1458e-06
3.3855e-05
1.1921e-06
3.2902e-05
2.6309e-03
2.8610e-06
4.1795e-04
4.1008e-05
2.1949e-03
2.8610e-06
7.2122e-04
4.1008e-05
6.4492e-04
4.1962e-05
2.8610e-06
3.9101e-05
9.5367e-07
3.4094e-05
1.1921e-06
3.2902e-05
3.4094e-04
3.6001e-05
1.6382e-03
3.0994e-06
1.9073e-06
8.6784e-05
1.9073e-06
3.4094e-05
1.3709e-03
3.0994e-06
2.1458e-06
4.1962e-05
1.6904e-04
3.6955e-05
2.3103e-04
3.7909e-05
1.0791e-03
4.1008e-05
9.9111e-04
2.1458e-06
1.9073e-06
3.7193e-05
1.9073e-06
6.7949e-05
9.5105e-04
3.7909e-05
2.1458e-06
3.1948e-05
3.4094e-04
4.0054e-05
6.1989e-05
5.0068e-05
1.0586e-04
3.6001e-05
9.5367e-07
5.2929e-05
3.4904e-04
5.7936e-05
3.0994e-06
3.6001e-05
9.5367e-07
3.2902e-05
5.4002e-04
6.5088e-05
3.0994e-06
3.4809e-05
4.4203e-04
3.6001e-05
1.9789e-04
3.7909e-05
6.7616e-04
3.6955e-05
7.9393e-04
2.1458e-06
1.9073e-06
3.6955e-05
9.5367e-07
5.6028e-05
1.9073e-06
3.4094e-05
7.0500e-04
3.6955e-05
4.1509e-04
3.0994e-06
9.5367e-07
3.6001e-05
3.4499e-04
3.6001e-05
5.4502e-04
3.7193e-05
1.9073e-06
3.5048e-05
3.2351e-03
3.0994e-06
2.5606e-04
4.1962e-05
2.1458e-06
3.2902e-05
1.0450e-03
3.7909e-05
9.8014e-04
2.1458e-06
9.5367e-07
3.6001e-05
2.0790e-04
1.9073e-06
9.5367e-07
3.5048e-05
7.1120e-04
2.8610e-06
1.1921e-06
3.6001e-05
9.5367e-07
3.3140e-05
9.1622e-03
6.2943e-05
5.0068e-06
3.4094e-05
5.6100e-04
1.9073e-06
3.0994e-06
3.6955e-05
1.3859e-03
3.8862e-05
5.3716e-04
6.1989e-05
5.5385e-04
7.3910e-05
3.0994e-06
3.3855e-05
1.0750e-03
3.0994e-06
9.5367e-07
3.8147e-05
9.5367e-07
3.2902e-05
9.5367e-07
3.2902e-05
9.0909e-04
3.6955e-05
9.5367e-07
5.6982e-05
1.9073e-05
3.8147e-05
1.9059e-03
3.8862e-05
1.9073e-06
3.9101e-05
9.5367e-07
3.4094e-05
3.5911e-03
2.8610e-06
2.8586e-04
1.9073e-06
2.1901e-03
3.0994e-06
5.9915e-04
1.9073e-06
9.5367e-07
4.1008e-05
1.9073e-06
6.6996e-05
2.8706e-04
3.0994e-06
9.5367e-07
3.8147e-05
9.5367e-07
4.0054e-05
9.3794e-04
2.8610e-06
2.1458e-06
3.8862e-05
1.1356e-02
5.2929e-05
5.0068e-06
4.1008e-05
5.8985e-04
2.8610e-06
6.5184e-04
2.8610e-06
2.1458e-06
7.8917e-05
2.1458e-06
3.3855e-05
5.1904e-04
3.6955e-05
7.2408e-04
3.9101e-05
7.8750e-03
5.1022e-05
7.1287e-04
3.9101e-05
9.3293e-04
3.7909e-05
1.9073e-06
5.9128e-05
1.9073e-06
4.2915e-05
1.4601e-03
3.9101e-05
3.2489e-03
4.5061e-05
2.8610e-06
3.4094e-05
9.4199e-04
3.9816e-05
1.9073e-06
3.3140e-05
9.5367e-07
3.2902e-05
1.1730e-03
6.7949e-05
9.1004e-04
3.8147e-05
3.0994e-04
3.6001e-05
1.6499e-04
3.5048e-05
4.9090e-04
3.6001e-05
5.7220e-04
3.6001e-05
2.1458e-06
3.1948e-05
9.5367e-07
3.3140e-05
1.9073e-06
3.5048e-05
3.1209e-04
2.1458e-06
1.9073e-06
3.7193e-05
8.8501e-04
3.7909e-05
3.4161e-03
4.3154e-05
1.1759e-03
2.8610e-06
1.9073e-06
3.9101e-05
9.5367e-07
3.2902e-05
9.5367e-07
5.9843e-05
2.1458e-06
3.3855e-05
9.0218e-04
3.0994e-06
1.9073e-06
3.6001e-05
1.2710e-03
1.9073e-06
2.1458e-06
3.6001e-05
3.3998e-04
3.6001e-05
1.1241e-03
3.0994e-06
1.1740e-03
3.0994e-06
4.2105e-04
2.1458e-06
7.4601e-04
2.8610e-06
6.6614e-04
2.1458e-06
9.5367e-07
3.9101e-05
2.2292e-04
1.9073e-06
7.9894e-04
3.8862e-05
9.5367e-07
3.3140e-05
9.9397e-04
3.0994e-06
1.7595e-04
1.9073e-06
9.5367e-07
3.7909e-05
2.5296e-04
3.6001e-05
6.4588e-04
3.0994e-06
9.5367e-07
8.2970e-05
1.9073e-06
3.5048e-05
1.0250e-03
3.6001e-05
3.9952e-03
4.3869e-05
6.4516e-04
1.9073e-06
1.9073e-06
4.4107e-05
9.5367e-07
3.5048e-05
9.5367e-07
3.4094e-05
9.5367e-07
7.1049e-05
4.5319e-03
4.4107e-05
2.8610e-06
3.3855e-05
9.5367e-07
3.3140e-05
9.5367e-07
3.3140e-05
1.3518e-03
3.6001e-05
1.9073e-06
3.2902e-05
6.0391e-04
3.6001e-05
1.9073e-06
3.5048e-05
9.5367e-07
3.3140e-05
6.5494e-04
3.6001e-05
2.0640e-03
2.8610e-06
9.5367e-07
3.6955e-05
6.3300e-04
2.1458e-06
1.9073e-06
3.9101e-05
1.8649e-03
2.8610e-06
2.1458e-06
4.0054e-05
3.4904e-04
6.4135e-05
6.7091e-04
4.0054e-05
3.0010e-03
4.4107e-05
2.8610e-06
3.3855e-05
5.7602e-04
3.0994e-06
2.1458e-06
3.6001e-05
1.6370e-03
1.9073e-06
3.0994e-06
3.9816e-05
1.1921e-06
3.2902e-05
2.1458e-06
3.5048e-05
9.5367e-07
3.2902e-05
2.9879e-03
4.0054e-05
2.1458e-06
4.1008e-05
9.5367e-07
1.5783e-04
3.3040e-03
1.9073e-06
2.1458e-06
4.1962e-05
1.1921e-06
3.2902e-05
1.1921e-06
3.5048e-05
2.1300e-03
4.1008e-05
3.9399e-03
2.8610e-06
3.0994e-06
4.1008e-05
1.2071e-03
1.9073e-06
6.2394e-04
2.8610e-06
1.9073e-06
3.9101e-05
6.1989e-04
3.6001e-05
3.6192e-04
3.6001e-05
3.0589e-04
5.9843e-05
2.1458e-06
3.3855e-05
1.1921e-06
3.2902e-05
1.5609e-03
1.9073e-06
9.5367e-07
3.6001e-05
1.1921e-06
3.2902e-05
9.5367e-07
3.2902e-05
9.4199e-04
3.7909e-05
3.5596e-04
5.9128e-05
1.9073e-06
1.7905e-04
8.7905e-04
3.6001e-05
1.9138e-03
4.4823e-05
4.0531e-06
3.3140e-05
9.5367e-07
3.3140e-05
9.5367e-07
3.2902e-05
1.0970e-03
3.6955e-05
6.2203e-04
3.6955e-05
2.1458e-06
3.1948e-05
9.5367e-07
3.3140e-05
2.5797e-04
3.6001e-05
2.1458e-06
3.2902e-05
8.7905e-04
3.6955e-05
1.1921e-06
3.2902e-05
6.3610e-04
5.8174e-05
3.3412e-03
3.0994e-06
1.0014e-05
5.0068e-05
2.0695e-04
3.9816e-05
5.1713e-04
2.1458e-06
1.9073e-06
6.6996e-05
2.1458e-06
3.2902e-05
8.9908e-04
3.7909e-05
1.9073e-06
3.3855e-05
2.1458e-06
3.5048e-05
1.2579e-03
3.6955e-05
1.9073e-06
3.2902e-05
9.5367e-07
3.3140e-05
1.9193e-04
3.0994e-06
1.9073e-06
3.4094e-05
9.5367e-07
3.3140e-05
3.2580e-03
4.0054e-05
2.8610e-06
3.6001e-05
4.0293e-04
4.3869e-05
2.1458e-06
4.6015e-05
9.0504e-04
1.9073e-06
9.5367e-07
3.6001e-05
1.6329e-03
3.6955e-05
2.6584e-04
1.9073e-06
2.1458e-06
4.0054e-05
3.1996e-04
3.0994e-06
1.9073e-06
6.2943e-05
4.9114e-04
3.6001e-05
1.1921e-06
3.2902e-05
9.5367e-07
3.3140e-05
9.5367e-07
3.2902e-05
0.0000e+00
3.2902e-05
1.9581e-03
3.7909e-05
3.8261e-03
3.0994e-06
4.0531e-06
8.0109e-05
1.9073e-06
3.4094e-05
2.1458e-06
3.5048e-05
8.8382e-04
3.6955e-05
4.7708e-04
3.9101e-05
1.2898e-04
3.6001e-05
2.5296e-04
2.8610e-06
2.1458e-06
5.1975e-05
9.5367e-07
5.6982e-05
2.1458e-06
3.2902e-05
1.6489e-03
4.0054e-05
1.0951e-03
2.8610e-06
2.1458e-06
3.7909e-05
1.0650e-03
7.2002e-05
1.5469e-03
3.8862e-05
3.9721e-04
3.9101e-05
2.9802e-04
6.1989e-05
2.1458e-06
3.4809e-05
7.1502e-04
3.6001e-05
4.1008e-04
1.9073e-06
1.9073e-06
3.6955e-05
9.4199e-04
1.9073e-06
9.5367e-07
3.6001e-05
3.3593e-04
3.6001e-05
1.8811e-03
2.1458e-06
9.7394e-04
2.8610e-06
2.8610e-06
1.0204e-04
1.9073e-06
3.3855e-05
1.0519e-03
3.6955e-05
2.5520e-03
1.9073e-06
3.0994e-06
4.0054e-05
9.5367e-07
4.1962e-05
3.0994e-06
4.1008e-05
2.3580e-03
4.1962e-05
3.0994e-06
6.6996e-05
4.0779e-03
1.9073e-06
1.9073e-06
4.5061e-05
9.5367e-07
3.5048e-05
1.1921e-06
3.3855e-05
9.5367e-07
3.2902e-05
7.3600e-04
2.1458e-06
1.9073e-06
3.8147e-05
4.3297e-04
3.7193e-05
2.1458e-06
3.5048e-05
1.0500e-03
3.7193e-05
5.6219e-04
3.6955e-05
4.9615e-04
3.6001e-05
9.5367e-07
3.4094e-05
9.5367e-07
3.2902e-05
1.1921e-06
3.2902e-05
1.7481e-03
3.0994e-06
2.1458e-06
3.7909e-05
9.5367e-07
3.3140e-05
1.4091e-04
1.9073e-06
1.1921e-06
3.6001e-05
9.5701e-04
3.6955e-05
2.1458e-06
3.2902e-05
3.9506e-04
3.5048e-05
2.5370e-03
1.9073e-06
2.0218e-04
2.1458e-06
6.5899e-04
1.9073e-06
1.9073e-06
4.1008e-05
9.5367e-07
3.3855e-05
1.1921e-06
3.3855e-05
1.4701e-03
1.9073e-06
9.5367e-07
3.7909e-05
4.7684e-04
1.9073e-06
9.5367e-07
3.7193e-05
4.3988e-04
3.6001e-05
1.9073e-06
5.8889e-05
4.4608e-04
1.9073e-06
4.8208e-04
3.8147e-05
4.4703e-04
3.6001e-05
2.1458e-06
3.3855e-05
5.7006e-04
3.6001e-05
1.9073e-06
3.3140e-05
1.5881e-03
3.8862e-05
2.1458e-06
6.3896e-05
1.9073e-06
3.4094e-05
8.4400e-04
3.7193e-05
5.0058e-03
4.1962e-05
3.0994e-06
3.4094e-05
1.1921e-06
3.2902e-05
9.6703e-04
3.7193e-05
1.9073e-06
5.6028e-05
4.6396e-04
3.6001e-05
4.6301e-04
3.6001e-05
2.1458e-06
3.3855e-05
9.5296e-04
3.6001e-05
6.2799e-04
3.6001e-05
2.1458e-06
3.2902e-05
2.7289e-03
4.1962e-05
3.0994e-06
5.8889e-05
8.3995e-04
1.9073e-06
1.9073e-06
3.6001e-05
9.5367e-07
3.3140e-05
9.5367e-07
3.2902e-05
2.8300e-04
3.6001e-05
6.2799e-04
3.6955e-05
4.8399e-04
3.8147e-05
1.0278e-03
6.1035e-05
1.9073e-06
3.4094e-05
9.5367e-07
3.3140e-05
1.3859e-03
3.0994e-06
1.9073e-06
3.7193e-05
9.5367e-07
3.2902e-05
1.1921e-06
3.3855e-05
3.1900e-04
3.6001e-05
6.2394e-04
6.1035e-05
2.1458e-06
3.3855e-05
1.1921e-06
3.2902e-05
4.9679e-03
4.3154e-05
6.6495e-04
3.8147e-05
1.9073e-06
3.5048e-05
0.0000e+00
3.3140e-05
5.5289e-04
1.9073e-06
9.5367e-07
6.4135e-05
9.0194e-04
4.1008e-05
1.9073e-06
3.3855e-05
5.7006e-04
3.0994e-06
9.5367e-07
3.8147e-05
3.3498e-04
3.7193e-05
2.1458e-06
5.1022e-05
1.1909e-03
3.7909e-05
1.9073e-06
3.3855e-05
1.9073e-06
3.5048e-05
2.8610e-06
3.5048e-05
1.9073e-06
3.3140e-05
6.0892e-04
3.7909e-05
2.1505e-04
3.6955e-05
1.8501e-04
3.6001e-05
1.3540e-03
4.2915e-05
1.1261e-03
3.0994e-06
4.0531e-06
3.9101e-05
3.8195e-04
1.9073e-06
4.7398e-04
4.1008e-05
5.5878e-03
4.5061e-05
9.1505e-04
4.3869e-05
3.0994e-06
3.4094e-05
4.8995e-04
3.9101e-05
2.1601e-04
1.2088e-04
3.0994e-06
7.4863e-05
2.1458e-06
3.2902e-05
3.2496e-04
1.9073e-06
1.1921e-06
3.6001e-05
3.7622e-04
2.1458e-06
9.5367e-07
3.5048e-05
3.7098e-04
3.6955e-05
2.1219e-04
3.6955e-05
1.1921e-06
5.6028e-05
1.9073e-06
3.6001e-05
9.5367e-07
3.4094e-05
7.2002e-05
1.9073e-06
1.9073e-06
3.6001e-05
1.2062e-03
3.6955e-05
5.8007e-04
1.9073e-06
1.9073e-06
3.7193e-05
3.7289e-04
3.6001e-05
2.8610e-06
9.7990e-05
3.0994e-06
3.4094e-05
2.8682e-04
3.6955e-05
1.9407e-04
3.9101e-05
2.9588e-04
3.6001e-05
8.7976e-05
3.0994e-06
1.6785e-04
3.5048e-05
2.0099e-04
1.9073e-06
9.5367e-07
3.5048e-05
1.6880e-04
3.6955e-05
1.9073e-06
3.3140e-05
3.9005e-04
3.6001e-05
2.5201e-04
3.6001e-05
1.0991e-04
3.7193e-05
1.9073e-06
3.3140e-05
2.1458e-06
3.2902e-05
9.5367e-07
5.3883e-05
4.5609e-04
3.6955e-05
1.9073e-06
3.4094e-05
3.1185e-04
3.6001e-05
3.8385e-04
3.6001e-05
2.6393e-04
3.7193e-05
1.9073e-06
3.4094e-05
3.1996e-04
2.1458e-06
1.9073e-06
3.5048e-05
1.9073e-06
3.4809e-05
3.3140e-05
3.6955e-05
6.1703e-04
3.7909e-05
1.9073e-06
1.8382e-04
3.9101e-04
3.6955e-05
1.6191e-03
1.9073e-06
1.1640e-03
2.8610e-06
6.7949e-05
2.1458e-06
9.5367e-07
4.1962e-05
1.9073e-06
3.4809e-05
7.0119e-04
3.0994e-06
5.7936e-05
2.1458e-06
9.5367e-07
4.0054e-05
5.5099e-04
2.1458e-06
1.9002e-04
2.1458e-06
1.9073e-06
3.8147e-05
2.4390e-04
1.9073e-06
3.3212e-04
1.9073e-06
9.5367e-07
3.6001e-05
9.5367e-07
5.6982e-05
1.9073e-06
3.4809e-05
3.1018e-04
3.5048e-05
2.3794e-04
1.9073e-06
2.1458e-06
3.7909e-05
9.5367e-07
3.4094e-05
1.3399e-04
2.1458e-06
3.0398e-04
3.6955e-05
2.1458e-06
3.3855e-05
9.5367e-07
5.6028e-05
3.8695e-04
3.6001e-05
1.9073e-06
3.4094e-05
9.5367e-07
3.3140e-05
1.7285e-04
3.6001e-05
2.5392e-04
3.6001e-05
1.6403e-04
3.6001e-05
1.6904e-04
3.6001e-05
6.1989e-05
3.6001e-05
1.9288e-04
3.6001e-05
1.9073e-06
3.4094e-05
1.2939e-03
2.8610e-06
1.1921e-06
3.6955e-05
9.5367e-07
3.2187e-05
4.8184e-04
3.6955e-05
9.5367e-07
3.3140e-05
2.7013e-04
3.6001e-05
3.2401e-04
3.7909e-05
2.1458e-06
3.3855e-05
1.8692e-04
3.6001e-05
1.9073e-06
3.3140e-05
0.0000e+00
3.2902e-05
4.3011e-04
3.0994e-06
9.5367e-07
3.5048e-05
3.5906e-04
5.7936e-05
1.9073e-06
3.5048e-05
1.5402e-04
3.6001e-05
1.9073e-06
3.2902e-05
2.0599e-04
3.6001e-05
9.5367e-07
3.3855e-05
8.6498e-04
1.9073e-06
1.2994e-04
1.9073e-06
2.1458e-06
3.5048e-05
2.1291e-04
3.9101e-05
1.5402e-04
1.9073e-06
9.5367e-07
3.4809e-05
5.1904e-04
3.6955e-05
3.1495e-04
3.0994e-06
1.9073e-06
3.6001e-05
3.1304e-04
2.1458e-06
1.9073e-06
3.4809e-05
3.6907e-04
3.0994e-06
6.2943e-05
2.1458e-06
1.9073e-06
3.6955e-05
1.1802e-04
3.0994e-06
4.1103e-04
2.8610e-06
1.0920e-04
3.0994e-06
3.3784e-04
3.7909e-05
1.2964e+00
