8.0228e-02
0.0000e+00
7.2002e-05
0.0000e+00
4.1008e-05
0.0000e+00
4.0054e-05
0.0000e+00
3.5048e-05
0.0000e+00
3.1948e-05
0.0000e+00
3.1948e-05
0.0000e+00
3.2187e-05
0.0000e+00
1.8001e-04
0.0000e+00
3.3855e-05
0.0000e+00
3.3140e-05
0.0000e+00
3.3140e-05
0.0000e+00
3.3855e-05
0.0000e+00
3.2187e-05
0.0000e+00
3.1948e-05
0.0000e+00
3.2902e-05
0.0000e+00
4.0054e-05
0.0000e+00
4.8876e-05
0.0000e+00
3.4094e-05
0.0000e+00
3.4094e-05
0.0000e+00
3.5048e-05
0.0000e+00
3.3855e-05
0.0000e+00
3.3140e-05
0.0000e+00
1.8287e-04
0.0000e+00
3.2902e-05
0.0000e+00
3.3140e-05
0.0000e+00
3.2902e-05
0.0000e+00
3.1948e-05
0.0000e+00
3.2902e-05
0.0000e+00
3.3140e-05
0.0000e+00
3.2902e-05
0.0000e+00
3.5048e-05
0.0000e+00
3.2902e-05
0.0000e+00
3.2902e-05
0.0000e+00
3.2902e-05
0.0000e+00
3.4094e-05
0.0000e+00
3.2902e-05
0.0000e+00
3.1948e-05
0.0000e+00
9.4175e-05
0.0000e+00
3.3855e-05
0.0000e+00
3.3140e-05
0.0000e+00
3.1948e-05
0.0000e+00
3.2187e-05
0.0000e+00
3.4094e-05
0.0000e+00
3.2902e-05
0.0000e+00
3.1948e-05
0.0000e+00
3.5048e-05
0.0000e+00
3.2902e-05
0.0000e+00
3.2187e-05
0.0000e+00
3.2902e-05
0.0000e+00
3.3140e-05
0.0000e+00
3.2902e-05
0.0000e+00
3.4094e-05
0.0000e+00
8.0109e-05
0.0000e+00
3.2902e-05
0.0000e+00
3.3140e-05
0.0000e+00
3.1948e-05
0.0000e+00
3.3140e-05
0.0000e+00
3.2902e-05
0.0000e+00
3.1948e-05
0.0000e+00
3.3140e-05
0.0000e+00
3.5048e-05
0.0000e+00
3.3140e-05
0.0000e+00
3.3140e-05
0.0000e+00
3.2902e-05
0.0000e+00
3.3140e-05
0.0000e+00
3.2902e-05
0.0000e+00
1.5430e-03
0.0000e+00
1.1396e-04
0.0000e+00
3.4094e-05
0.0000e+00
3.2902e-05
0.0000e+00
3.3140e-05
0.0000e+00
3.1948e-05
0.0000e+00
3.3140e-05
0.0000e+00
3.2902e-05
0.0000e+00
3.2902e-05
0.0000e+00
3.4809e-05
0.0000e+00
3.3140e-05
0.0000e+00
3.2902e-05
0.0000e+00
3.3140e-05
0.0000e+00
3.2902e-05
0.0000e+00
3.2902e-05
0.0000e+00
3.1948e-05
0.0000e+00
7.7963e-05
0.0000e+00
3.3140e-05
0.0000e+00
3.1948e-05
0.0000e+00
3.2902e-05
0.0000e+00
3.3140e-05
0.0000e+00
3.2902e-05
0.0000e+00
3.1948e-05
0.0000e+00
3.3140e-05
0.0000e+00
3.5763e-05
0.0000e+00
3.3140e-05
0.0000e+00
3.2902e-05
0.0000e+00
3.3140e-05
0.0000e+00
3.1948e-05
0.0000e+00
3.2902e-05
0.0000e+00
3.3140e-05
0.0000e+00
1.4806e-04
0.0000e+00
3.3855e-05
0.0000e+00
3.2902e-05
0.0000e+00
3.3140e-05
0.0000e+00
3.3140e-05
0.0000e+00
3.1948e-05
0.0000e+00
3.2187e-05
0.0000e+00
3.2902e-05
0.0000e+00
3.5048e-05
0.0000e+00
3.2187e-05
0.0000e+00
3.2902e-05
0.0000e+00
3.3140e-05
0.0000e+00
3.2902e-05
0.0000e+00
3.3140e-05
0.0000e+00
3.2902e-05
0.0000e+00
8.0109e-05
0.0000e+00
3.1948e-05
0.0000e+00
3.3140e-05
0.0000e+00
3.2902e-05
0.0000e+00
3.3140e-05
0.0000e+00
6.8030e-03
0.0000e+00
3.6001e-05
0.0000e+00
3.4094e-05
0.0000e+00
1.2684e-04
0.0000e+00
3.4094e-05
0.0000e+00
3.2902e-05
0.0000e+00
3.2902e-05
0.0000e+00
3.2902e-05
0.0000e+00
3.2902e-05
0.0000e+00
3.3140e-05
0.0000e+00
3.2902e-05
0.0000e+00
8.8930e-05
0.0000e+00
3.6001e-05
0.0000e+00
3.2902e-05
0.0000e+00
6.6042e-05
0.0000e+00
3.6001e-05
0.0000e+00
3.3140e-05
0.0000e+00
3.2902e-05
0.0000e+00
9.5129e-05
0.0000e+00
3.3855e-05
0.0000e+00
3.3140e-05
0.0000e+00
3.2902e-05
0.0000e+00
3.3140e-05
0.0000e+00
3.1948e-05
0.0000e+00
3.2902e-05
0.0000e+00
3.3140e-05
0.0000e+00
3.6001e-05
0.0000e+00
3.2902e-05
0.0000e+00
3.3140e-05
0.0000e+00
3.2902e-05
0.0000e+00
3.3140e-05
0.0000e+00
3.2902e-05
0.0000e+00
3.3140e-05
0.0000e+00
2.8491e-04
0.0000e+00
3.6001e-05
0.0000e+00
3.3140e-05
0.0000e+00
3.2902e-05
0.0000e+00
3.3140e-05
0.0000e+00
3.0460e-03
0.0000e+00
3.6001e-05
0.0000e+00
3.6001e-05
0.0000e+00
3.6001e-05
0.0000e+00
3.2902e-05
0.0000e+00
3.3140e-05
0.0000e+00
3.1948e-05
0.0000e+00
2.4691e-03
0.0000e+00
4.6968e-05
0.0000e+00
3.3855e-05
0.0000e+00
1.1206e-04
0.0000e+00
3.6001e-05
0.0000e+00
3.3140e-05
0.0000e+00
3.2902e-05
0.0000e+00
3.3140e-05
0.0000e+00
3.2902e-05
0.0000e+00
3.3140e-05
0.0000e+00
3.2902e-05
0.0000e+00
1.1110e-04
0.0000e+00
3.5048e-05
0.0000e+00
3.3855e-05
0.0000e+00
3.3140e-05
0.0000e+00
3.2902e-05
0.0000e+00
3.3140e-05
0.0000e+00
3.2902e-05
0.0000e+00
3.3140e-05
0.0000e+00
3.5048e-05
0.0000e+00
3.2187e-05
0.0000e+00
3.2902e-05
0.0000e+00
3.1948e-05
0.0000e+00
3.1948e-05
0.0000e+00
3.5048e-05
0.0000e+00
3.2902e-05
0.0000e+00
7.7963e-05
0.0000e+00
3.3140e-05
0.0000e+00
3.2902e-05
0.0000e+00
3.2187e-05
0.0000e+00
3.1948e-05
0.0000e+00
3.1948e-05
0.0000e+00
3.3140e-05
0.0000e+00
3.2902e-05
0.0000e+00
3.9101e-05
0.0000e+00
3.2902e-05
0.0000e+00
4.6968e-05
0.0000e+00
3.4094e-05
0.0000e+00
3.2902e-05
0.0000e+00
3.1948e-05
0.0000e+00
3.3140e-05
0.0000e+00
1.9530e-02
0.0000e+00
3.5048e-05
0.0000e+00
3.2902e-05
0.0000e+00
3.3140e-05
0.0000e+00
3.2902e-05
0.0000e+00
3.6001e-05
0.0000e+00
3.3140e-05
0.0000e+00
3.2902e-05
0.0000e+00
3.6001e-05
0.0000e+00
1.4400e-04
0.0000e+00
3.3140e-05
0.0000e+00
3.1948e-05
0.0000e+00
3.2187e-05
0.0000e+00
3.1948e-05
0.0000e+00
1.0991e-04
0.0000e+00
8.0824e-05
0.0000e+00
3.2187e-05
0.0000e+00
3.2902e-05
0.0000e+00
1.0896e-04
0.0000e+00
3.2902e-05
0.0000e+00
3.2902e-05
0.0000e+00
3.1948e-05
0.0000e+00
3.2902e-05
0.0000e+00
3.8862e-05
0.0000e+00
3.3140e-05
0.0000e+00
3.2902e-05
0.0000e+00
3.4094e-05
0.0000e+00
6.0081e-05
0.0000e+00
3.5048e-05
0.0000e+00
3.2902e-05
0.0000e+00
8.2016e-05
0.0000e+00
3.4094e-05
0.0000e+00
3.2902e-05
0.0000e+00
3.2902e-05
0.0000e+00
3.2187e-05
0.0000e+00
3.1948e-05
0.0000e+00
5.8889e-05
0.0000e+00
3.3855e-05
0.0000e+00
2.4700e-04
0.0000e+00
3.3140e-05
0.0000e+00
2.4104e-04
0.0000e+00
3.3855e-05
0.0000e+00
3.3140e-05
0.0000e+00
3.2902e-05
0.0000e+00
3.1948e-05
0.0000e+00
6.3009e-03
0.0000e+00
3.6001e-05
0.0000e+00
3.4094e-05
0.0000e+00
1.5211e-04
0.0000e+00
3.3855e-05
0.0000e+00
3.4094e-05
0.0000e+00
3.2902e-05
0.0000e+00
3.3140e-05
0.0000e+00
3.5048e-05
0.0000e+00
3.1948e-05
0.0000e+00
3.3140e-05
0.0000e+00
3.1948e-05
0.0000e+00
3.3140e-05
0.0000e+00
3.3140e-05
0.0000e+00
3.1948e-05
0.0000e+00
8.9169e-05
0.0000e+00
3.2902e-05
0.0000e+00
3.3140e-05
0.0000e+00
3.2902e-05
0.0000e+00
3.2902e-05
0.0000e+00
3.1948e-05
0.0000e+00
3.1948e-05
0.0000e+00
3.2187e-05
0.0000e+00
3.6001e-05
0.0000e+00
3.3855e-05
0.0000e+00
3.2902e-05
0.0000e+00
3.1948e-05
0.0000e+00
3.1948e-05
0.0000e+00
1.4997e-04
0.0000e+00
3.6001e-05
0.0000e+00
8.1062e-05
0.0000e+00
3.3116e-04
0.0000e+00
3.2902e-05
0.0000e+00
3.3140e-05
0.0000e+00
3.2902e-05
0.0000e+00
4.0054e-05
0.0000e+00
3.6955e-05
0.0000e+00
3.2902e-05
0.0000e+00
3.5048e-05
0.0000e+00
4.0054e-05
0.0000e+00
3.6001e-05
0.0000e+00
3.2902e-05
0.0000e+00
3.3140e-05
0.0000e+00
3.2902e-05
0.0000e+00
1.1110e-04
0.0000e+00
7.9870e-05
0.0000e+00
2.3317e-04
0.0000e+00
3.2902e-05
0.0000e+00
3.3140e-05
0.0000e+00
3.2902e-05
0.0000e+00
3.3140e-05
0.0000e+00
3.8004e-04
0.0000e+00
3.3855e-05
0.0000e+00
8.2970e-05
0.0000e+00
1.5187e-04
0.0000e+00
3.5048e-05
0.0000e+00
3.3140e-05
0.0000e+00
3.2902e-05
0.0000e+00
3.2902e-05
0.0000e+00
3.7909e-05
0.0000e+00
1.1110e-04
0.0000e+00
3.5048e-05
0.0000e+00
3.2902e-05
0.0000e+00
3.0613e-04
0.0000e+00
3.5048e-05
0.0000e+00
3.3855e-05
0.0000e+00
3.1948e-05
0.0000e+00
3.3855e-05
0.0000e+00
9.0122e-05
0.0000e+00
3.2902e-05
0.0000e+00
3.2187e-05
0.0000e+00
3.2902e-05
0.0000e+00
3.1948e-05
0.0000e+00
3.1948e-05
0.0000e+00
3.2902e-05
0.0000e+00
3.7718e-04
0.0000e+00
3.6001e-05
0.0000e+00
3.2902e-05
0.0000e+00
3.2902e-05
0.0000e+00
3.1948e-05
0.0000e+00
5.6720e-04
0.0000e+00
3.3855e-05
0.0000e+00
3.4094e-05
0.0000e+00
2.1005e-04
0.0000e+00
3.4094e-05
0.0000e+00
1.1396e-04
0.0000e+00
3.3855e-05
0.0000e+00
3.3140e-05
0.0000e+00
3.1948e-05
0.0000e+00
3.2902e-05
0.0000e+00
1.6999e-04
0.0000e+00
3.6001e-05
0.0000e+00
2.5296e-04
0.0000e+00
3.4094e-05
0.0000e+00
3.3140e-05
0.0000e+00
3.2902e-05
0.0000e+00
1.5306e-04
0.0000e+00
3.4094e-05
0.0000e+00
8.2016e-05
0.0000e+00
3.2902e-05
0.0000e+00
1.1206e-04
0.0000e+00
3.4094e-05
0.0000e+00
3.1948e-05
0.0000e+00
3.2187e-05
0.0000e+00
3.2902e-05
0.0000e+00
1.0705e-04
0.0000e+00
3.4809e-05
0.0000e+00
3.2902e-05
0.0000e+00
3.2902e-05
0.0000e+00
3.9887e-04
0.0000e+00
3.6001e-05
0.0000e+00
3.2902e-05
0.0000e+00
3.2902e-05
0.0000e+00
1.0190e-03
0.0000e+00
3.9816e-05
0.0000e+00
3.3140e-05
0.0000e+00
3.2902e-05
0.0000e+00
3.2091e-04
0.0000e+00
3.2902e-05
0.0000e+00
3.1948e-05
0.0000e+00
3.2902e-05
0.0000e+00
3.6001e-05
0.0000e+00
3.2902e-05
0.0000e+00
3.2187e-05
0.0000e+00
3.5048e-05
0.0000e+00
3.3140e-05
0.0000e+00
3.2902e-05
0.0000e+00
3.2902e-05
0.0000e+00
7.6056e-05
0.0000e+00
3.6001e-05
0.0000e+00
3.3140e-05
0.0000e+00
3.2902e-05
0.0000e+00
3.3140e-05
0.0000e+00
3.1948e-05
0.0000e+00
3.1948e-05
0.0000e+00
3.3140e-05
0.0000e+00
1.0490e-04
0.0000e+00
3.4094e-05
0.0000e+00
3.2902e-05
0.0000e+00
3.3140e-05
0.0000e+00
3.2902e-05
0.0000e+00
3.2187e-05
0.0000e+00
3.1948e-05
0.0000e+00
5.5075e-05
0.0000e+00
3.6001e-05
0.0000e+00
3.2902e-05
0.0000e+00
3.3140e-05
0.0000e+00
3.1948e-05
0.0000e+00
3.3140e-05
0.0000e+00
3.2902e-05
0.0000e+00
5.7936e-05
0.0000e+00
7.7963e-05
0.0000e+00
3.2902e-05
0.0000e+00
3.3140e-05
0.0000e+00
3.2902e-05
0.0000e+00
3.1948e-05
0.0000e+00
3.3140e-05
0.0000e+00
3.2902e-05
0.0000e+00
3.5048e-05
0.0000e+00
3.5048e-05
0.0000e+00
3.3140e-05
0.0000e+00
3.2902e-05
0.0000e+00
3.3140e-05
0.0000e+00
3.1948e-05
0.0000e+00
3.3140e-05
0.0000e+00
2.3416e-01
0.0000e+00
8.4877e-05
0.0000e+00
3.4094e-05
0.0000e+00
3.2902e-05
0.0000e+00
3.3140e-05
0.0000e+00
3.2902e-05
0.0000e+00
3.2902e-05
0.0000e+00
3.2902e-05
0.0000e+00
3.3140e-05
0.0000e+00
3.6001e-05
0.0000e+00
3.2902e-05
0.0000e+00
3.3140e-05
0.0000e+00
3.2902e-05
0.0000e+00
3.2902e-05
0.0000e+00
3.2902e-05
0.0000e+00
3.3140e-05
0.0000e+00
7.7009e-05
0.0000e+00
3.3140e-05
0.0000e+00
3.2902e-05
0.0000e+00
3.3140e-05
0.0000e+00
3.1948e-05
0.0000e+00
3.1948e-05
0.0000e+00
3.2187e-05
0.0000e+00
3.2902e-05
0.0000e+00
3.6001e-05
0.0000e+00
3.3140e-05
0.0000e+00
3.1948e-05
0.0000e+00
3.2187e-05
0.0000e+00
3.1948e-05
0.0000e+00
3.2902e-05
0.0000e+00
3.2187e-05
0.0000e+00
7.7963e-05
0.0000e+00
3.4094e-05
0.0000e+00
3.2902e-05
0.0000e+00
3.3140e-05
0.0000e+00
3.2902e-05
0.0000e+00
3.2902e-05
0.0000e+00
3.3140e-05
0.0000e+00
3.1948e-05
0.0000e+00
7.7963e-05
0.0000e+00
3.2902e-05
0.0000e+00
3.3140e-05
0.0000e+00
3.1948e-05
0.0000e+00
3.1948e-05
0.0000e+00
3.1948e-05
0.0000e+00
3.2902e-05
0.0000e+00
3.2187e-05
0.0000e+00
3.5048e-05
0.0000e+00
3.2902e-05
0.0000e+00
3.2187e-05
0.0000e+00
3.2902e-05
0.0000e+00
3.2902e-05
0.0000e+00
3.3140e-05
0.0000e+00
3.1948e-05
0.0000e+00
7.7009e-05
0.0000e+00
1.1961e-03
0.0000e+00
3.6955e-05
0.0000e+00
3.4094e-05
0.0000e+00
3.2902e-05
0.0000e+00
3.1948e-05
0.0000e+00
3.1948e-05
0.0000e+00
3.1948e-05
0.0000e+00
3.5048e-05
0.0000e+00
3.1948e-05
0.0000e+00
3.1948e-05
0.0000e+00
3.1948e-05
0.0000e+00
3.1948e-05
0.0000e+00
3.1948e-05
0.0000e+00
3.1948e-05
0.0000e+00
7.8917e-05
0.0000e+00
3.3140e-05
0.0000e+00
3.2902e-05
0.0000e+00
3.2187e-05
0.0000e+00
3.2902e-05
0.0000e+00
3.1948e-05
0.0000e+00
3.2187e-05
0.0000e+00
3.2902e-05
0.0000e+00
3.5048e-05
0.0000e+00
3.3140e-05
0.0000e+00
3.1948e-05
0.0000e+00
3.3140e-05
0.0000e+00
3.1948e-05
0.0000e+00
3.1948e-05
0.0000e+00
3.3140e-05
0.0000e+00
7.7963e-05
0.0000e+00
3.1948e-05
0.0000e+00
3.2187e-05
0.0000e+00
3.1948e-05
0.0000e+00
3.2902e-05
0.0000e+00
3.3140e-05
0.0000e+00
3.3855e-05
0.0000e+00
3.3140e-05
0.0000e+00
3.5048e-05
0.0000e+00
3.1948e-05
0.0000e+00
3.3140e-05
0.0000e+00
3.1948e-05
0.0000e+00
3.3140e-05
0.0000e+00
3.3140e-05
0.0000e+00
3.2902e-05
0.0000e+00
7.5817e-05
0.0000e+00
3.5048e-05
0.0000e+00
3.6001e-05
0.0000e+00
3.3855e-05
0.0000e+00
3.2902e-05
0.0000e+00
3.1948e-05
0.0000e+00
3.2902e-05
0.0000e+00
3.3140e-05
0.0000e+00
7.8201e-05
0.0000e+00
3.2902e-05
0.0000e+00
3.1948e-05
0.0000e+00
3.1948e-05
0.0000e+00
3.1948e-05
0.0000e+00
3.1948e-05
0.0000e+00
3.3140e-05
0.0000e+00
3.1948e-05
0.0000e+00
3.4094e-05
0.0000e+00
3.2902e-05
0.0000e+00
3.3140e-05
0.0000e+00
3.2902e-05
0.0000e+00
3.1948e-05
0.0000e+00
3.1948e-05
0.0000e+00
3.1948e-05
0.0000e+00
7.7009e-05
0.0000e+00
3.3140e-05
0.0000e+00
3.2902e-05
0.0000e+00
3.2187e-05
0.0000e+00
3.1948e-05
0.0000e+00
3.2902e-05
0.0000e+00
3.2187e-05
0.0000e+00
3.2902e-05
0.0000e+00
3.6001e-05
0.0000e+00
3.1948e-05
0.0000e+00
3.1948e-05
0.0000e+00
3.1948e-05
0.0000e+00
3.2902e-05
0.0000e+00
3.2187e-05
0.0000e+00
3.2902e-05
0.0000e+00
7.7963e-05
0.0000e+00
3.5048e-05
0.0000e+00
3.2187e-05
0.0000e+00
3.2902e-05
0.0000e+00
3.1948e-05
0.0000e+00
3.2187e-05
0.0000e+00
3.1948e-05
0.0000e+00
3.3140e-05
0.0000e+00
8.0109e-05
0.0000e+00
3.3140e-05
0.0000e+00
3.3140e-05
0.0000e+00
3.2902e-05
0.0000e+00
3.3140e-05
0.0000e+00
3.2902e-05
0.0000e+00
3.2902e-05
0.0000e+00
3.2187e-05
0.0000e+00
3.5048e-05
0.0000e+00
3.1948e-05
0.0000e+00
3.1948e-05
0.0000e+00
3.2187e-05
0.0000e+00
3.2902e-05
0.0000e+00
3.2902e-05
0.0000e+00
3.3140e-05
0.0000e+00
2.2070e-03
0.0000e+00
4.8161e-05
0.0000e+00
3.2902e-05
0.0000e+00
3.4094e-05
0.0000e+00
3.2902e-05
0.0000e+00
3.2902e-05
0.0000e+00
3.1948e-05
0.0000e+00
3.3140e-05
0.0000e+00
3.6955e-05
0.0000e+00
3.3140e-05
0.0000e+00
3.2902e-05
0.0000e+00
3.3140e-05
0.0000e+00
3.2902e-05
0.0000e+00
3.1948e-05
0.0000e+00
3.2187e-05
0.0000e+00
8.3923e-05
0.0000e+00
3.1948e-05
0.0000e+00
3.2902e-05
0.0000e+00
3.2902e-05
0.0000e+00
3.3140e-05
0.0000e+00
3.2902e-05
0.0000e+00
3.2902e-05
0.0000e+00
3.2902e-05
0.0000e+00
3.5048e-05
0.0000e+00
3.3140e-05
0.0000e+00
3.2902e-05
0.0000e+00
3.3140e-05
0.0000e+00
3.1948e-05
0.0000e+00
3.3140e-05
0.0000e+00
3.2902e-05
0.0000e+00
8.2016e-05
0.0000e+00
3.2902e-05
0.0000e+00
3.2187e-05
0.0000e+00
3.2902e-05
0.0000e+00
3.2187e-05
0.0000e+00
3.2902e-05
0.0000e+00
4.2200e-05
0.0000e+00
3.3855e-05
0.0000e+00
3.6001e-05
0.0000e+00
3.3140e-05
0.0000e+00
3.2902e-05
0.0000e+00
3.3140e-05
0.0000e+00
3.2902e-05
0.0000e+00
3.1948e-05
0.0000e+00
3.2902e-05
0.0000e+00
8.1062e-05
0.0000e+00
3.6001e-05
0.0000e+00
3.2902e-05
0.0000e+00
3.2902e-05
0.0000e+00
3.2902e-05
0.0000e+00
3.1948e-05
0.0000e+00
3.3140e-05
0.0000e+00
3.2902e-05
0.0000e+00
8.2970e-05
0.0000e+00
3.4094e-05
0.0000e+00
3.2902e-05
0.0000e+00
3.1948e-05
0.0000e+00
3.2902e-05
0.0000e+00
3.3140e-05
0.0000e+00
3.2902e-05
0.0000e+00
3.1948e-05
0.0000e+00
3.6001e-05
0.0000e+00
3.3140e-05
0.0000e+00
3.2902e-05
0.0000e+00
3.2187e-05
0.0000e+00
3.1948e-05
0.0000e+00
3.1948e-05
0.0000e+00
3.2187e-05
0.0000e+00
3.2902e-05
0.0000e+00
3.6001e-05
0.0000e+00
3.2902e-05
0.0000e+00
3.2187e-05
0.0000e+00
3.1948e-05
0.0000e+00
3.1948e-05
0.0000e+00
3.3140e-05
0.0000e+00
3.1948e-05
0.0000e+00
7.8917e-05
0.0000e+00
3.2902e-05
0.0000e+00
3.3140e-05
0.0000e+00
3.2902e-05
0.0000e+00
3.2902e-05
0.0000e+00
3.1948e-05
0.0000e+00
3.2902e-05
0.0000e+00
3.1948e-05
0.0000e+00
3.6001e-05
0.0000e+00
3.2902e-05
0.0000e+00
3.3140e-05
0.0000e+00
3.2902e-05
0.0000e+00
3.2187e-05
0.0000e+00
3.2902e-05
0.0000e+00
3.3140e-05
0.0000e+00
3.2902e-05
0.0000e+00
3.4809e-05
0.0000e+00
3.2187e-05
0.0000e+00
3.2902e-05
0.0000e+00
3.3140e-05
0.0000e+00
3.2902e-05
0.0000e+00
3.2902e-05
0.0000e+00
3.3140e-05
0.0000e+00
7.7009e-05
0.0000e+00
3.3140e-05
0.0000e+00
3.3140e-05
0.0000e+00
3.2902e-05
0.0000e+00
3.2187e-05
0.0000e+00
3.2902e-05
0.0000e+00
3.2902e-05
0.0000e+00
3.2187e-05
0.0000e+00
3.5048e-05
0.0000e+00
3.2902e-05
0.0000e+00
3.1948e-05
0.0000e+00
3.2902e-05
0.0000e+00
3.3140e-05
0.0000e+00
3.2902e-05
0.0000e+00
3.2902e-05
0.0000e+00
7.6056e-05
0.0000e+00
3.5048e-05
0.0000e+00
3.2902e-05
0.0000e+00
3.1948e-05
0.0000e+00
3.2902e-05
0.0000e+00
3.2187e-05
0.0000e+00
3.2902e-05
0.0000e+00
3.2902e-05
0.0000e+00
7.7009e-05
0.0000e+00
3.2902e-05
0.0000e+00
3.3140e-05
0.0000e+00
3.2902e-05
0.0000e+00
3.2902e-05
0.0000e+00
3.3140e-05
0.0000e+00
3.2902e-05
0.0000e+00
3.1948e-05
0.0000e+00
3.5048e-05
0.0000e+00
3.2902e-05
0.0000e+00
3.1948e-05
0.0000e+00
3.2902e-05
0.0000e+00
3.1948e-05
0.0000e+00
3.3140e-05
0.0000e+00
3.1948e-05
0.0000e+00
7.7009e-05
0.0000e+00
3.2902e-05
0.0000e+00
3.3140e-05
0.0000e+00
3.2902e-05
0.0000e+00
3.3140e-05
0.0000e+00
3.2902e-05
0.0000e+00
3.2902e-05
0.0000e+00
3.1948e-05
0.0000e+00
2.8515e-04
0.0000e+00
3.4809e-05
0.0000e+00
3.2902e-05
0.0000e+00
3.2902e-05
0.0000e+00
3.2902e-05
0.0000e+00
3.4094e-05
0.0000e+00
3.2902e-05
0.0000e+00
8.2016e-05
0.0000e+00
3.4094e-05
0.0000e+00
3.3855e-05
0.0000e+00
3.3140e-05
0.0000e+00
3.2902e-05
0.0000e+00
3.3140e-05
0.0000e+00
3.1948e-05
0.0000e+00
3.2902e-05
0.0000e+00
7.7963e-05
0.0000e+00
3.3855e-05
0.0000e+00
3.3140e-05
0.0000e+00
3.2902e-05
0.0000e+00
3.3140e-05
0.0000e+00
3.2902e-05
0.0000e+00
3.3140e-05
0.0000e+00
3.2902e-05
0.0000e+00
3.4809e-05
0.0000e+00
3.3140e-05
0.0000e+00
3.1948e-05
0.0000e+00
3.6001e-05
0.0000e+00
3.1948e-05
0.0000e+00
3.1948e-05
0.0000e+00
3.2902e-05
0.0000e+00
7.9155e-05
0.0000e+00
3.2902e-05
0.0000e+00
3.3140e-05
0.0000e+00
3.2902e-05
0.0000e+00
3.2902e-05
0.0000e+00
3.3140e-05
0.0000e+00
3.2902e-05
0.0000e+00
3.3140e-05
0.0000e+00
3.5048e-05
0.0000e+00
3.3140e-05
0.0000e+00
3.2902e-05
0.0000e+00
4.3154e-05
0.0000e+00
3.2902e-05
0.0000e+00
3.3140e-05
0.0000e+00
3.2902e-05
0.0000e+00
9.0122e-05
0.0000e+00
3.4094e-05
0.0000e+00
3.3855e-05
0.0000e+00
3.1948e-05
0.0000e+00
3.1948e-05
0.0000e+00
3.3140e-05
0.0000e+00
3.2902e-05
0.0000e+00
3.3140e-05
0.0000e+00
7.8917e-05
0.0000e+00
3.4094e-05
0.0000e+00
3.2902e-05
0.0000e+00
3.2902e-05
0.0000e+00
3.3140e-05
0.0000e+00
3.2902e-05
0.0000e+00
3.2902e-05
0.0000e+00
3.3140e-05
0.0000e+00
3.6001e-05
0.0000e+00
3.3140e-05
0.0000e+00
3.2902e-05
0.0000e+00
3.1948e-05
0.0000e+00
3.2187e-05
0.0000e+00
3.1948e-05
0.0000e+00
3.1948e-05
0.0000e+00
8.1062e-05
0.0000e+00
3.4094e-05
0.0000e+00
3.2902e-05
0.0000e+00
3.3140e-05
0.0000e+00
3.2902e-05
0.0000e+00
3.2902e-05
0.0000e+00
3.3140e-05
0.0000e+00
3.2902e-05
0.0000e+00
9.6083e-05
0.0000e+00
3.3140e-05
0.0000e+00
3.2902e-05
0.0000e+00
3.1948e-05
0.0000e+00
3.2187e-05
0.0000e+00
3.2902e-05
0.0000e+00
3.1948e-05
0.0000e+00
3.1948e-05
0.0000e+00
3.5048e-05
0.0000e+00
3.2902e-05
0.0000e+00
4.1008e-05
0.0000e+00
3.2902e-05
0.0000e+00
6.9696e-02
0.0000e+00
3.4094e-05
0.0000e+00
3.3140e-05
0.0000e+00
9.2030e-05
0.0000e+00
3.3855e-05
0.0000e+00
3.3140e-05
0.0000e+00
3.2902e-05
0.0000e+00
3.2902e-05
0.0000e+00
3.2187e-05
0.0000e+00
3.1948e-05
0.0000e+00
3.1948e-05
0.0000e+00
3.6001e-05
0.0000e+00
3.1948e-05
0.0000e+00
3.3140e-05
0.0000e+00
3.2902e-05
0.0000e+00
3.2187e-05
0.0000e+00
3.2902e-05
0.0000e+00
3.2902e-05
0.0000e+00
7.3910e-05
0.0000e+00
3.5048e-05
0.0000e+00
3.1948e-05
0.0000e+00
3.2902e-05
0.0000e+00
3.2902e-05
0.0000e+00
3.3140e-05
0.0000e+00
3.2902e-05
0.0000e+00
3.2902e-05
0.0000e+00
7.7009e-05
0.0000e+00
3.3140e-05
0.0000e+00
3.2902e-05
0.0000e+00
3.3140e-05
0.0000e+00
3.2902e-05
0.0000e+00
3.1948e-05
0.0000e+00
3.1948e-05
0.0000e+00
3.2902e-05
0.0000e+00
3.4809e-05
0.0000e+00
3.2902e-05
0.0000e+00
3.3140e-05
0.0000e+00
3.1948e-05
0.0000e+00
3.1948e-05
0.0000e+00
3.3140e-05
0.0000e+00
3.2902e-05
0.0000e+00
7.6056e-05
0.0000e+00
3.5048e-05
0.0000e+00
3.2902e-05
0.0000e+00
3.2187e-05
0.0000e+00
3.2902e-05
0.0000e+00
3.2902e-05
0.0000e+00
3.1948e-05
0.0000e+00
3.1948e-05
0.0000e+00
7.7009e-05
0.0000e+00
3.2902e-05
0.0000e+00
3.3140e-05
0.0000e+00
3.2902e-05
0.0000e+00
3.2902e-05
0.0000e+00
3.3140e-05
0.0000e+00
3.2902e-05
0.0000e+00
3.2902e-05
0.0000e+00
3.6001e-05
0.0000e+00
3.2902e-05
0.0000e+00
3.1948e-05
0.0000e+00
3.3140e-05
0.0000e+00
3.2902e-05
0.0000e+00
5.9128e-05
0.0000e+00
3.2902e-05
0.0000e+00
7.8917e-05
0.0000e+00
3.2902e-05
0.0000e+00
3.3140e-05
0.0000e+00
3.1948e-05
0.0000e+00
3.3140e-05
0.0000e+00
3.1948e-05
0.0000e+00
3.1948e-05
0.0000e+00
3.3140e-05
0.0000e+00
3.6955e-05
0.0000e+00
4.2915e-05
0.0000e+00
3.3140e-05
0.0000e+00
3.1948e-05
0.0000e+00
3.1948e-05
0.0000e+00
3.1948e-05
0.0000e+00
3.2902e-05
0.0000e+00
1.0705e-04
0.0000e+00
3.6001e-05
0.0000e+00
3.1948e-05
0.0000e+00
3.3140e-05
0.0000e+00
3.1948e-05
0.0000e+00
3.2187e-05
0.0000e+00
3.2902e-05
0.0000e+00
3.2902e-05
0.0000e+00
7.9155e-05
0.0000e+00
3.2902e-05
0.0000e+00
3.2187e-05
0.0000e+00
3.1948e-05
0.0000e+00
3.1948e-05
0.0000e+00
3.3140e-05
0.0000e+00
3.2902e-05
0.0000e+00
3.1948e-05
0.0000e+00
3.4094e-05
0.0000e+00
3.2902e-05
0.0000e+00
3.3140e-05
0.0000e+00
3.2902e-05
0.0000e+00
3.1948e-05
0.0000e+00
3.3140e-05
0.0000e+00
3.9740e-03
0.0000e+00
1.0109e-04
0.0000e+00
3.2902e-05
0.0000e+00
3.3140e-05
0.0000e+00
3.2902e-05
0.0000e+00
3.3140e-05
0.0000e+00
3.1948e-05
0.0000e+00
3.3140e-05
0.0000e+00
3.2902e-05
0.0000e+00
3.4809e-05
0.0000e+00
3.2902e-05
0.0000e+00
3.1948e-05
0.0000e+00
3.3140e-05
0.0000e+00
3.2902e-05
0.0000e+00
3.3140e-05
0.0000e+00
3.3855e-05
0.0000e+00
7.9155e-05
0.0000e+00
3.3855e-05
0.0000e+00
3.3140e-05
0.0000e+00
3.1948e-05
0.0000e+00
3.3140e-05
0.0000e+00
3.1948e-05
0.0000e+00
3.3140e-05
0.0000e+00
3.6001e-05
0.0000e+00
3.5048e-05
0.0000e+00
3.2902e-05
0.0000e+00
3.3140e-05
0.0000e+00
3.2902e-05
0.0000e+00
3.2902e-05
0.0000e+00
3.3140e-05
0.0000e+00
3.2902e-05
0.0000e+00
7.8201e-05
0.0000e+00
3.1948e-05
0.0000e+00
3.2902e-05
0.0000e+00
3.3140e-05
0.0000e+00
3.1948e-05
0.0000e+00
3.3140e-05
0.0000e+00
3.2902e-05
0.0000e+00
3.3140e-05
0.0000e+00
3.6001e-05
0.0000e+00
7.2002e-05
0.0000e+00
3.8147e-05
0.0000e+00
3.2902e-05
0.0000e+00
3.3140e-05
0.0000e+00
3.2902e-05
0.0000e+00
3.2187e-05
0.0000e+00
7.9870e-05
0.0000e+00
3.5048e-05
0.0000e+00
3.4094e-05
0.0000e+00
3.2902e-05
0.0000e+00
3.3140e-05
0.0000e+00
3.1948e-05
0.0000e+00
3.1948e-05
0.0000e+00
3.3140e-05
0.0000e+00
7.8917e-05
0.0000e+00
3.4094e-05
0.0000e+00
3.2902e-05
0.0000e+00
3.3140e-05
0.0000e+00
3.2902e-05
0.0000e+00
3.1948e-05
0.0000e+00
3.3140e-05
0.0000e+00
3.2902e-05
0.0000e+00
3.5048e-05
0.0000e+00
3.2902e-05
0.0000e+00
3.1948e-05
0.0000e+00
3.1948e-05
0.0000e+00
3.1948e-05
0.0000e+00
3.1948e-05
0.0000e+00
3.3140e-05
0.0000e+00
7.9870e-05
0.0000e+00
3.2902e-05
0.0000e+00
3.2902e-05
0.0000e+00
3.3140e-05
0.0000e+00
3.1948e-05
0.0000e+00
3.1948e-05
0.0000e+00
3.3140e-05
0.0000e+00
3.2902e-05
0.0000e+00
3.3855e-05
0.0000e+00
3.2902e-05
0.0000e+00
3.2902e-05
0.0000e+00
3.9101e-05
0.0000e+00
3.3855e-05
0.0000e+00
3.4094e-05
0.0000e+00
3.2902e-05
0.0000e+00
8.5115e-05
0.0000e+00
3.2902e-05
0.0000e+00
3.2902e-05
0.0000e+00
3.2902e-05
0.0000e+00
3.3140e-05
0.0000e+00
3.2902e-05
0.0000e+00
3.3140e-05
0.0000e+00
3.1948e-05
0.0000e+00
3.5048e-05
7.3322e-01
