3.0000e+00	3.0000e+00	3.3586e+00	2.1745e+00	5.315056e-05	1.320746e-01	1.964128e-05	1.320746e-01	2.706064e+00	1.321606e-01	1	
3.3586e+00	2.1745e+00	2.9864e+00	2.4100e+00	1.009243e-04	2.137134e-01	5.315056e-05	2.137134e-01	1.898839e+00	9.586716e-01	1	
2.9864e+00	2.4100e+00	2.9226e+00	2.1404e+00	2.250363e-04	2.342112e-01	1.009243e-04	2.342112e-01	2.229752e+00	3.695657e-01	1	
2.9226e+00	2.1404e+00	2.8849e+00	1.6518e+00	6.340653e-04	2.061399e-01	2.250363e-04	2.061399e-01	2.817614e+00	5.351600e-01	1	
2.8849e+00	1.6518e+00	2.2889e+00	6.6920e-01	9.267746e-03	8.861461e-02	6.340653e-04	8.861461e-02	1.461639e+01	4.088193e-01	1	
2.2889e+00	6.6920e-01	2.4533e+00	8.2040e-01	5.606551e-03	2.391686e-01	9.267746e-03	2.391686e-01	6.049531e-01	8.102519e-01	0	
2.2889e+00	6.6920e-01	2.1802e+00	-3.8801e-01	1.370833e-02	1.028990e-01	9.267746e-03	1.028990e-01	1.479144e+00	6.450246e-01	1	
2.1802e+00	-3.8801e-01	2.0674e+00	-9.8722e-01	1.153585e-02	1.859949e-01	1.370833e-02	1.859949e-01	8.415215e-01	5.853061e-01	1	
2.0674e+00	-9.8722e-01	2.1305e+00	-1.5359e+00	5.057762e-03	1.959520e-01	1.153585e-02	1.959520e-01	4.384385e-01	8.304431e-01	0	
2.0674e+00	-9.8722e-01									2
1.8297e+00	2.3891e+00									0.8000
