3.9351e-02
0.0000e+00
1.6212e-04
0.0000e+00
3.6001e-05
0.0000e+00
3.2902e-05
0.0000e+00
3.3855e-05
0.0000e+00
3.2902e-05
0.0000e+00
3.2902e-05
0.0000e+00
3.4094e-05
0.0000e+00
1.5998e-04
0.0000e+00
3.2902e-05
0.0000e+00
3.3140e-05
0.0000e+00
3.2902e-05
0.0000e+00
7.1049e-05
0.0000e+00
3.4809e-05
0.0000e+00
3.3140e-05
0.0000e+00
3.2902e-05
0.0000e+00
3.4809e-05
0.0000e+00
3.2902e-05
0.0000e+00
3.2902e-05
0.0000e+00
3.2187e-05
0.0000e+00
3.2902e-05
0.0000e+00
3.2187e-05
0.0000e+00
3.2902e-05
0.0000e+00
8.2970e-05
0.0000e+00
3.3140e-05
0.0000e+00
3.2902e-05
0.0000e+00
3.3140e-05
0.0000e+00
3.2902e-05
0.0000e+00
3.3140e-05
0.0000e+00
3.2902e-05
0.0000e+00
3.2902e-05
0.0000e+00
5.0068e-05
0.0000e+00
3.4094e-05
0.0000e+00
3.2902e-05
0.0000e+00
3.2187e-05
0.0000e+00
3.1948e-05
0.0000e+00
3.1948e-05
0.0000e+00
3.3140e-05
0.0000e+00
9.5844e-05
0.0000e+00
3.3140e-05
0.0000e+00
3.2902e-05
0.0000e+00
3.2902e-05
0.0000e+00
3.2187e-05
0.0000e+00
3.1948e-05
0.0000e+00
3.1948e-05
0.0000e+00
3.2187e-05
0.0000e+00
3.5048e-05
0.0000e+00
3.1948e-05
0.0000e+00
3.1948e-05
0.0000e+00
3.3140e-05
0.0000e+00
3.2902e-05
0.0000e+00
3.2902e-05
0.0000e+00
3.3140e-05
0.0000e+00
7.7009e-05
0.0000e+00
3.2902e-05
0.0000e+00
3.3140e-05
0.0000e+00
3.2902e-05
0.0000e+00
3.1948e-05
0.0000e+00
3.1948e-05
0.0000e+00
3.2902e-05
0.0000e+00
3.3140e-05
0.0000e+00
3.5048e-05
0.0000e+00
3.2902e-05
0.0000e+00
3.3140e-05
0.0000e+00
3.3140e-05
0.0000e+00
8.9908e-04
0.0000e+00
3.5048e-05
0.0000e+00
3.3855e-05
0.0000e+00
1.0014e-04
0.0000e+00
3.5048e-05
0.0000e+00
3.1948e-05
0.0000e+00
3.1948e-05
0.0000e+00
3.1948e-05
0.0000e+00
3.1948e-05
0.0000e+00
3.1948e-05
0.0000e+00
3.2902e-05
0.0000e+00
7.7963e-05
0.0000e+00
3.3140e-05
0.0000e+00
3.2902e-05
0.0000e+00
3.3140e-05
0.0000e+00
3.2902e-05
0.0000e+00
3.1948e-05
0.0000e+00
3.3140e-05
0.0000e+00
3.2902e-05
0.0000e+00
3.6001e-05
0.0000e+00
3.3140e-05
0.0000e+00
3.2902e-05
0.0000e+00
3.1948e-05
0.0000e+00
3.2187e-05
0.0000e+00
3.1948e-05
0.0000e+00
3.2902e-05
0.0000e+00
7.7963e-05
0.0000e+00
3.2902e-05
0.0000e+00
3.1948e-05
0.0000e+00
3.3140e-05
0.0000e+00
3.1948e-05
0.0000e+00
3.4094e-05
0.0000e+00
3.2902e-05
0.0000e+00
3.2902e-05
0.0000e+00
3.3855e-05
0.0000e+00
3.3140e-05
0.0000e+00
3.1948e-05
0.0000e+00
3.1948e-05
0.0000e+00
3.3140e-05
0.0000e+00
3.1948e-05
0.0000e+00
3.3140e-05
0.0000e+00
7.7009e-05
0.0000e+00
3.3140e-05
0.0000e+00
3.2902e-05
0.0000e+00
3.3140e-05
0.0000e+00
3.1948e-05
0.0000e+00
3.1948e-05
0.0000e+00
3.2902e-05
0.0000e+00
3.3140e-05
0.0000e+00
3.5048e-05
0.0000e+00
3.1948e-05
0.0000e+00
3.3140e-05
0.0000e+00
3.1948e-05
0.0000e+00
3.4094e-05
0.0000e+00
3.2187e-05
0.0000e+00
3.2902e-05
0.0000e+00
7.5102e-05
0.0000e+00
3.4809e-05
0.0000e+00
3.3140e-05
0.0000e+00
3.2902e-05
0.0000e+00
3.3140e-05
0.0000e+00
3.1948e-05
0.0000e+00
3.2902e-05
0.0000e+00
3.3140e-05
0.0000e+00
7.7009e-05
0.0000e+00
3.2902e-05
0.0000e+00
3.3140e-05
0.0000e+00
3.2902e-05
0.0000e+00
3.2902e-05
0.0000e+00
3.2187e-05
0.0000e+00
3.2902e-05
0.0000e+00
3.2187e-05
0.0000e+00
3.4094e-05
0.0000e+00
3.2902e-05
0.0000e+00
3.1948e-05
0.0000e+00
3.1948e-05
0.0000e+00
3.2902e-05
0.0000e+00
3.3140e-05
0.0000e+00
3.2902e-05
0.0000e+00
7.7009e-05
0.0000e+00
3.2902e-05
0.0000e+00
3.2902e-05
0.0000e+00
3.1948e-05
0.0000e+00
3.3140e-05
0.0000e+00
3.1948e-05
0.0000e+00
3.2902e-05
0.0000e+00
3.3140e-05
0.0000e+00
3.5048e-05
0.0000e+00
3.2902e-05
0.0000e+00
3.3140e-05
0.0000e+00
3.2902e-05
0.0000e+00
3.2902e-05
0.0000e+00
3.3140e-05
0.0000e+00
3.1948e-05
0.0000e+00
7.4148e-05
0.0000e+00
3.4809e-05
0.0000e+00
3.1948e-05
0.0000e+00
3.2902e-05
0.0000e+00
3.3140e-05
0.0000e+00
3.1948e-05
0.0000e+00
3.0994e-05
0.0000e+00
3.3140e-05
0.0000e+00
7.7009e-05
0.0000e+00
3.2902e-05
0.0000e+00
3.3140e-05
0.0000e+00
3.2902e-05
0.0000e+00
3.2902e-05
0.0000e+00
3.3140e-05
0.0000e+00
3.2902e-05
0.0000e+00
3.3140e-05
0.0000e+00
3.5048e-05
0.0000e+00
3.2902e-05
0.0000e+00
3.2902e-05
0.0000e+00
3.3140e-05
0.0000e+00
3.2902e-05
0.0000e+00
3.1948e-05
0.0000e+00
3.2187e-05
0.0000e+00
7.4863e-05
0.0000e+00
3.5048e-05
0.0000e+00
3.2187e-05
0.0000e+00
3.2902e-05
0.0000e+00
3.3140e-05
0.0000e+00
3.5048e-05
0.0000e+00
2.4421e-03
0.0000e+00
4.0054e-05
0.0000e+00
9.3937e-05
0.0000e+00
3.2902e-05
0.0000e+00
3.2902e-05
0.0000e+00
3.3140e-05
0.0000e+00
3.2902e-05
0.0000e+00
3.1948e-05
0.0000e+00
3.2187e-05
0.0000e+00
3.1948e-05
0.0000e+00
3.4809e-05
0.0000e+00
3.2187e-05
0.0000e+00
3.2902e-05
0.0000e+00
3.6001e-05
0.0000e+00
3.2187e-05
0.0000e+00
3.1948e-05
0.0000e+00
3.2902e-05
0.0000e+00
8.2016e-05
0.0000e+00
3.3140e-05
0.0000e+00
3.1948e-05
0.0000e+00
3.4809e-05
0.0000e+00
3.2902e-05
0.0000e+00
3.2902e-05
0.0000e+00
3.3140e-05
0.0000e+00
3.2902e-05
0.0000e+00
3.5048e-05
0.0000e+00
3.2902e-05
0.0000e+00
3.1948e-05
0.0000e+00
3.3140e-05
0.0000e+00
3.2902e-05
0.0000e+00
3.1948e-05
0.0000e+00
3.3140e-05
0.0000e+00
7.5817e-05
0.0000e+00
3.3855e-05
0.0000e+00
3.1948e-05
0.0000e+00
3.2902e-05
0.0000e+00
3.2902e-05
0.0000e+00
3.3140e-05
0.0000e+00
3.2902e-05
0.0000e+00
3.3140e-05
0.0000e+00
7.7009e-05
0.0000e+00
2.0781e-01
0.0000e+00
3.4094e-05
0.0000e+00
3.2902e-05
0.0000e+00
3.3140e-05
0.0000e+00
3.2902e-05
0.0000e+00
3.3140e-05
0.0000e+00
3.1948e-05
0.0000e+00
3.5048e-05
0.0000e+00
3.2187e-05
0.0000e+00
3.2902e-05
0.0000e+00
3.2902e-05
0.0000e+00
3.3140e-05
0.0000e+00
3.2902e-05
0.0000e+00
3.3140e-05
0.0000e+00
7.7963e-05
0.0000e+00
3.2902e-05
0.0000e+00
3.2902e-05
0.0000e+00
3.1948e-05
0.0000e+00
3.2187e-05
0.0000e+00
3.1948e-05
0.0000e+00
3.1948e-05
0.0000e+00
3.3140e-05
0.0000e+00
3.5048e-05
0.0000e+00
3.1948e-05
0.0000e+00
3.3140e-05
0.0000e+00
3.2902e-05
0.0000e+00
3.3140e-05
0.0000e+00
3.2902e-05
0.0000e+00
3.1948e-05
0.0000e+00
8.3208e-05
0.0000e+00
3.3855e-05
0.0000e+00
3.3140e-05
0.0000e+00
3.3140e-05
0.0000e+00
3.1948e-05
0.0000e+00
3.1948e-05
0.0000e+00
3.1948e-05
0.0000e+00
3.2902e-05
0.0000e+00
3.6001e-05
0.0000e+00
3.3140e-05
0.0000e+00
3.1948e-05
0.0000e+00
3.2187e-05
0.0000e+00
3.2902e-05
0.0000e+00
3.3140e-05
0.0000e+00
3.2187e-05
0.0000e+00
7.6056e-05
0.0000e+00
3.3855e-05
0.0000e+00
3.3140e-05
0.0000e+00
3.2902e-05
0.0000e+00
3.2187e-05
0.0000e+00
3.1948e-05
0.0000e+00
3.1948e-05
0.0000e+00
3.3140e-05
0.0000e+00
7.7009e-05
0.0000e+00
3.2902e-05
0.0000e+00
3.2187e-05
0.0000e+00
3.2902e-05
0.0000e+00
3.3140e-05
0.0000e+00
3.1948e-05
0.0000e+00
3.2902e-05
0.0000e+00
3.3140e-05
0.0000e+00
3.4809e-05
0.0000e+00
3.2187e-05
0.0000e+00
3.2902e-05
0.0000e+00
3.3140e-05
0.0000e+00
3.2902e-05
0.0000e+00
3.1948e-05
0.0000e+00
3.3140e-05
0.0000e+00
7.7963e-05
0.0000e+00
3.3140e-05
0.0000e+00
3.1948e-05
0.0000e+00
3.2902e-05
0.0000e+00
3.1948e-05
0.0000e+00
3.2902e-05
0.0000e+00
3.1948e-05
0.0000e+00
3.1948e-05
0.0000e+00
3.5048e-05
0.0000e+00
1.1032e-03
0.0000e+00
3.3855e-05
0.0000e+00
3.2902e-05
0.0000e+00
3.1948e-05
0.0000e+00
3.3140e-05
0.0000e+00
3.1948e-05
0.0000e+00
8.6069e-05
0.0000e+00
3.2902e-05
0.0000e+00
3.3140e-05
0.0000e+00
3.2902e-05
0.0000e+00
3.1948e-05
0.0000e+00
3.1948e-05
0.0000e+00
3.2902e-05
0.0000e+00
3.3140e-05
0.0000e+00
3.5048e-05
0.0000e+00
3.2902e-05
0.0000e+00
3.3140e-05
0.0000e+00
3.2902e-05
0.0000e+00
3.2187e-05
0.0000e+00
3.2902e-05
0.0000e+00
3.1948e-05
0.0000e+00
7.7009e-05
0.0000e+00
3.3140e-05
0.0000e+00
3.2902e-05
0.0000e+00
3.4094e-05
0.0000e+00
3.2902e-05
0.0000e+00
3.1948e-05
0.0000e+00
3.3140e-05
0.0000e+00
3.2902e-05
0.0000e+00
3.5048e-05
0.0000e+00
3.1948e-05
0.0000e+00
3.3140e-05
0.0000e+00
3.2902e-05
0.0000e+00
3.2187e-05
0.0000e+00
3.3140e-05
0.0000e+00
3.1948e-05
0.0000e+00
7.7009e-05
0.0000e+00
3.3140e-05
0.0000e+00
3.1948e-05
0.0000e+00
3.3140e-05
0.0000e+00
3.2902e-05
0.0000e+00
3.1948e-05
0.0000e+00
3.1948e-05
0.0000e+00
3.3140e-05
0.0000e+00
3.4094e-05
0.0000e+00
3.2902e-05
0.0000e+00
3.1948e-05
0.0000e+00
3.3140e-05
0.0000e+00
3.1948e-05
0.0000e+00
3.1948e-05
0.0000e+00
3.1948e-05
0.0000e+00
7.7009e-05
0.0000e+00
3.3140e-05
0.0000e+00
3.1948e-05
0.0000e+00
3.2902e-05
0.0000e+00
3.1948e-05
0.0000e+00
3.2902e-05
0.0000e+00
6.7592e-04
0.0000e+00
3.4809e-05
0.0000e+00
3.5048e-05
0.0000e+00
3.2902e-05
0.0000e+00
3.1948e-05
0.0000e+00
3.2902e-05
0.0000e+00
3.1948e-05
0.0000e+00
3.3140e-05
0.0000e+00
3.2902e-05
0.0000e+00
7.7009e-05
0.0000e+00
3.5048e-05
0.0000e+00
3.5048e-05
0.0000e+00
3.1948e-05
0.0000e+00
3.1948e-05
0.0000e+00
3.3140e-05
0.0000e+00
3.1948e-05
0.0000e+00
3.1948e-05
0.0000e+00
7.7009e-05
0.0000e+00
3.3140e-05
0.0000e+00
3.2902e-05
0.0000e+00
3.2902e-05
0.0000e+00
3.6559e-03
0.0000e+00
3.7909e-05
0.0000e+00
3.2902e-05
0.0000e+00
3.2902e-05
0.0000e+00
3.6001e-05
0.0000e+00
3.4094e-05
0.0000e+00
3.2902e-05
0.0000e+00
3.2902e-05
0.0000e+00
3.3140e-05
0.0000e+00
3.1948e-05
0.0000e+00
3.1948e-05
0.0000e+00
8.1778e-05
0.0000e+00
3.2902e-05
0.0000e+00
3.1948e-05
0.0000e+00
3.3140e-05
0.0000e+00
4.2915e-05
0.0000e+00
3.2187e-05
0.0000e+00
3.1948e-05
0.0000e+00
3.2902e-05
0.0000e+00
3.5048e-05
0.0000e+00
3.2902e-05
0.0000e+00
5.8579e-04
0.0000e+00
3.4809e-05
0.0000e+00
1.1611e-04
0.0000e+00
3.2902e-05
0.0000e+00
3.2902e-05
0.0000e+00
9.7036e-05
0.0000e+00
3.5048e-05
0.0000e+00
3.2902e-05
0.0000e+00
3.3140e-05
0.0000e+00
3.2902e-05
0.0000e+00
3.2187e-05
0.0000e+00
3.2902e-05
0.0000e+00
3.2902e-05
0.0000e+00
8.0824e-05
0.0000e+00
3.4094e-05
0.0000e+00
3.3855e-05
0.0000e+00
3.3140e-05
0.0000e+00
3.2902e-05
0.0000e+00
3.3140e-05
0.0000e+00
3.2902e-05
0.0000e+00
7.8201e-05
0.0000e+00
3.4809e-05
0.0000e+00
3.3140e-05
0.0000e+00
4.1962e-05
0.0000e+00
3.2902e-05
0.0000e+00
3.3140e-05
0.0000e+00
3.1948e-05
0.0000e+00
3.1948e-05
0.0000e+00
8.5831e-05
0.0000e+00
3.4094e-05
0.0000e+00
3.2902e-05
0.0000e+00
3.3140e-05
0.0000e+00
3.2902e-05
0.0000e+00
3.1948e-05
0.0000e+00
3.2902e-05
0.0000e+00
7.5102e-05
0.0000e+00
3.5048e-05
0.0000e+00
3.1948e-05
0.0000e+00
3.1948e-05
0.0000e+00
3.3140e-05
0.0000e+00
3.1948e-05
0.0000e+00
3.1948e-05
0.0000e+00
3.3140e-05
0.0000e+00
7.7963e-05
0.0000e+00
3.4094e-05
0.0000e+00
3.2902e-05
0.0000e+00
3.2902e-05
0.0000e+00
3.2187e-05
0.0000e+00
3.1948e-05
0.0000e+00
3.3140e-05
0.0000e+00
3.2902e-05
0.0000e+00
3.5048e-05
0.0000e+00
3.3140e-05
0.0000e+00
3.2902e-05
0.0000e+00
3.1948e-05
0.0000e+00
3.3140e-05
0.0000e+00
3.2902e-05
0.0000e+00
3.2187e-05
0.0000e+00
7.7963e-05
0.0000e+00
3.2902e-05
0.0000e+00
3.3140e-05
0.0000e+00
3.2902e-05
0.0000e+00
3.2902e-05
0.0000e+00
3.3140e-05
0.0000e+00
3.2902e-05
0.0000e+00
3.1948e-05
0.0000e+00
3.5048e-05
0.0000e+00
3.2902e-05
0.0000e+00
3.2902e-05
0.0000e+00
3.3140e-05
0.0000e+00
3.2902e-05
0.0000e+00
3.1948e-05
0.0000e+00
3.3140e-05
0.0000e+00
7.7963e-05
0.0000e+00
3.3855e-05
0.0000e+00
3.3140e-05
0.0000e+00
3.2902e-05
0.0000e+00
3.1948e-05
0.0000e+00
3.3140e-05
0.0000e+00
3.2902e-05
0.0000e+00
3.1948e-05
0.0000e+00
3.5048e-05
0.0000e+00
3.2902e-05
0.0000e+00
3.3140e-05
0.0000e+00
3.2902e-05
0.0000e+00
3.1948e-05
0.0000e+00
3.1948e-05
0.0000e+00
3.1948e-05
0.0000e+00
7.5102e-05
0.0000e+00
3.3855e-05
0.0000e+00
3.3140e-05
0.0000e+00
3.1948e-05
0.0000e+00
3.1948e-05
0.0000e+00
3.3140e-05
0.0000e+00
3.2902e-05
0.0000e+00
3.1948e-05
0.0000e+00
7.7963e-05
0.0000e+00
3.2902e-05
0.0000e+00
3.3140e-05
0.0000e+00
3.1948e-05
0.0000e+00
3.1948e-05
0.0000e+00
3.1948e-05
0.0000e+00
3.2187e-05
0.0000e+00
3.2902e-05
0.0000e+00
3.5048e-05
0.0000e+00
3.3140e-05
0.0000e+00
3.2902e-05
0.0000e+00
3.1948e-05
0.0000e+00
3.1948e-05
0.0000e+00
3.3140e-05
0.0000e+00
3.1948e-05
0.0000e+00
7.7963e-05
0.0000e+00
3.3140e-05
0.0000e+00
3.1948e-05
0.0000e+00
3.3140e-05
0.0000e+00
3.1948e-05
0.0000e+00
3.2902e-05
0.0000e+00
3.3140e-05
0.0000e+00
3.2902e-05
0.0000e+00
3.4809e-05
0.0000e+00
3.1948e-05
0.0000e+00
3.1948e-05
0.0000e+00
3.2187e-05
0.0000e+00
3.1948e-05
0.0000e+00
3.1948e-05
0.0000e+00
3.2187e-05
0.0000e+00
7.7963e-05
0.0000e+00
3.2902e-05
0.0000e+00
3.2187e-05
0.0000e+00
3.1948e-05
0.0000e+00
3.1948e-05
0.0000e+00
3.2187e-05
0.0000e+00
3.2902e-05
0.0000e+00
3.3140e-05
0.0000e+00
3.5048e-05
0.0000e+00
3.2902e-05
0.0000e+00
3.2187e-05
0.0000e+00
3.1948e-05
0.0000e+00
3.1948e-05
0.0000e+00
3.2187e-05
0.0000e+00
3.1948e-05
0.0000e+00
7.7963e-05
0.0000e+00
3.3140e-05
0.0000e+00
3.1948e-05
0.0000e+00
3.1948e-05
0.0000e+00
3.2187e-05
0.0000e+00
3.1948e-05
0.0000e+00
6.1989e-05
0.0000e+00
3.4094e-05
0.0000e+00
3.5048e-05
0.0000e+00
3.2902e-05
0.0000e+00
3.3140e-05
0.0000e+00
3.2902e-05
0.0000e+00
3.3140e-05
0.0000e+00
3.2902e-05
0.0000e+00
3.6001e-05
0.0000e+00
7.7963e-05
0.0000e+00
3.2902e-05
0.0000e+00
3.1948e-05
0.0000e+00
3.1948e-05
0.0000e+00
3.1948e-05
0.0000e+00
3.2187e-05
0.0000e+00
3.2902e-05
0.0000e+00
3.2902e-05
0.0000e+00
3.5048e-05
0.0000e+00
3.2902e-05
0.0000e+00
3.1948e-05
0.0000e+00
3.3140e-05
0.0000e+00
3.1948e-05
0.0000e+00
3.2902e-05
0.0000e+00
3.3140e-05
0.0000e+00
7.7963e-05
0.0000e+00
3.2902e-05
0.0000e+00
3.1948e-05
0.0000e+00
3.1948e-05
0.0000e+00
3.1948e-05
0.0000e+00
3.3140e-05
0.0000e+00
3.3140e-05
0.0000e+00
3.1948e-05
0.0000e+00
3.5048e-05
0.0000e+00
3.3140e-05
0.0000e+00
3.1948e-05
0.0000e+00
3.2187e-05
0.0000e+00
3.1948e-05
0.0000e+00
3.1948e-05
0.0000e+00
3.2187e-05
0.0000e+00
7.6056e-05
0.0000e+00
3.4809e-05
0.0000e+00
3.4094e-05
0.0000e+00
3.2902e-05
0.0000e+00
3.3140e-05
0.0000e+00
3.1948e-05
0.0000e+00
3.1948e-05
0.0000e+00
3.3140e-05
0.0000e+00
7.7963e-05
0.0000e+00
3.3140e-05
0.0000e+00
3.3140e-05
0.0000e+00
3.2902e-05
0.0000e+00
3.3140e-05
0.0000e+00
3.2902e-05
0.0000e+00
3.2902e-05
0.0000e+00
3.3140e-05
0.0000e+00
4.0054e-05
0.0000e+00
3.3140e-05
0.0000e+00
3.1948e-05
0.0000e+00
3.3140e-05
0.0000e+00
3.2902e-05
0.0000e+00
3.2902e-05
0.0000e+00
3.1948e-05
0.0000e+00
7.9870e-05
0.0000e+00
3.3140e-05
0.0000e+00
3.2902e-05
0.0000e+00
3.1948e-05
0.0000e+00
3.2187e-05
0.0000e+00
3.1948e-05
0.0000e+00
3.2902e-05
0.0000e+00
3.2187e-05
0.0000e+00
3.4094e-05
0.0000e+00
3.1948e-05
0.0000e+00
3.3140e-05
0.0000e+00
3.2902e-05
0.0000e+00
3.1948e-05
0.0000e+00
3.3140e-05
0.0000e+00
2.0535e-01
0.0000e+00
1.1206e-04
0.0000e+00
3.4094e-05
0.0000e+00
1.5152e-03
0.0000e+00
1.0085e-04
0.0000e+00
3.4094e-05
0.0000e+00
8.2016e-05
0.0000e+00
3.2902e-05
0.0000e+00
4.6015e-05
0.0000e+00
5.2810e-04
0.0000e+00
3.2902e-05
0.0000e+00
4.5061e-05
0.0000e+00
3.3140e-05
0.0000e+00
4.1962e-05
0.0000e+00
3.5048e-05
0.0000e+00
3.2902e-05
0.0000e+00
1.1921e-04
0.0000e+00
3.5048e-05
0.0000e+00
3.2902e-05
0.0000e+00
4.6968e-05
0.0000e+00
3.4094e-05
0.0000e+00
4.2915e-05
0.0000e+00
3.3855e-05
0.0000e+00
3.2187e-05
0.0000e+00
3.6001e-05
0.0000e+00
5.2595e-04
0.0000e+00
3.4094e-05
0.0000e+00
4.6015e-05
0.0000e+00
3.4094e-05
0.0000e+00
3.1948e-05
0.0000e+00
6.0081e-05
0.0000e+00
1.7095e-04
0.0000e+00
5.2500e-04
0.0000e+00
3.4094e-05
0.0000e+00
4.6015e-05
0.0000e+00
3.2902e-05
0.0000e+00
3.3140e-05
0.0000e+00
3.5048e-05
0.0000e+00
3.2902e-05
0.0000e+00
1.1706e-04
0.0000e+00
3.0720e-03
0.0000e+00
3.8862e-05
0.0000e+00
5.7411e-04
0.0000e+00
3.5048e-05
0.0000e+00
7.4863e-05
0.0000e+00
3.3140e-05
0.0000e+00
3.2902e-05
0.0000e+00
3.8147e-05
0.0000e+00
3.4094e-05
0.0000e+00
3.3140e-05
0.0000e+00
3.2902e-05
0.0000e+00
3.3140e-05
0.0000e+00
3.1948e-05
0.0000e+00
3.2902e-05
0.0000e+00
3.2902e-05
0.0000e+00
3.7193e-05
0.0000e+00
3.2902e-05
0.0000e+00
3.2902e-05
0.0000e+00
3.4094e-05
0.0000e+00
3.2902e-05
0.0000e+00
3.3140e-05
0.0000e+00
3.2902e-05
0.0000e+00
9.7036e-05
0.0000e+00
3.4094e-05
0.0000e+00
3.3140e-05
0.0000e+00
3.1948e-05
0.0000e+00
3.2902e-05
0.0000e+00
3.3140e-05
0.0000e+00
3.4094e-05
0.0000e+00
3.4094e-05
0.0000e+00
3.7193e-05
0.0000e+00
3.3140e-05
0.0000e+00
3.2902e-05
0.0000e+00
3.3140e-05
0.0000e+00
3.2902e-05
0.0000e+00
3.2187e-05
0.0000e+00
3.2902e-05
0.0000e+00
9.0122e-05
0.0000e+00
3.6001e-05
0.0000e+00
3.2902e-05
0.0000e+00
3.3140e-05
0.0000e+00
3.2902e-05
0.0000e+00
3.2902e-05
0.0000e+00
3.4094e-05
0.0000e+00
3.2902e-05
0.0000e+00
9.2983e-05
0.0000e+00
3.3140e-05
0.0000e+00
9.0837e-05
0.0000e+00
3.4809e-05
0.0000e+00
3.2902e-05
0.0000e+00
3.3140e-05
0.0000e+00
3.4094e-05
0.0000e+00
3.2902e-05
0.0000e+00
3.6001e-05
0.0000e+00
3.2902e-05
0.0000e+00
3.2902e-05
0.0000e+00
3.1948e-05
0.0000e+00
3.3140e-05
0.0000e+00
3.2902e-05
0.0000e+00
3.3140e-05
0.0000e+00
9.0837e-05
0.0000e+00
3.3855e-05
0.0000e+00
3.4094e-05
0.0000e+00
3.2902e-05
0.0000e+00
3.3140e-05
0.0000e+00
3.2902e-05
0.0000e+00
3.1948e-05
0.0000e+00
3.2187e-05
0.0000e+00
3.5048e-05
0.0000e+00
3.2902e-05
0.0000e+00
3.3140e-05
0.0000e+00
3.1948e-05
0.0000e+00
3.2902e-05
0.0000e+00
3.4094e-05
0.0000e+00
3.2902e-05
0.0000e+00
8.9169e-05
0.0000e+00
3.5048e-05
0.0000e+00
3.2902e-05
0.0000e+00
3.6955e-05
0.0000e+00
3.3140e-05
0.0000e+00
3.2902e-05
0.0000e+00
3.3140e-05
0.0000e+00
3.3855e-05
0.0000e+00
8.7023e-05
0.0000e+00
3.2902e-05
0.0000e+00
3.3140e-05
0.0000e+00
3.2902e-05
0.0000e+00
3.3140e-05
0.0000e+00
3.2902e-05
0.0000e+00
3.3140e-05
0.0000e+00
3.2902e-05
0.0000e+00
4.3869e-05
0.0000e+00
3.2902e-05
0.0000e+00
3.3140e-05
0.0000e+00
3.3140e-05
0.0000e+00
3.2902e-05
0.0000e+00
3.2187e-05
0.0000e+00
3.1948e-05
0.0000e+00
9.0122e-05
0.0000e+00
3.2902e-05
0.0000e+00
3.1948e-05
0.0000e+00
3.4094e-05
0.0000e+00
3.2902e-05
0.0000e+00
3.2187e-05
0.0000e+00
3.1948e-05
0.0000e+00
3.3140e-05
0.0000e+00
3.5048e-05
0.0000e+00
3.1948e-05
0.0000e+00
3.1948e-05
0.0000e+00
3.2902e-05
0.0000e+00
3.2187e-05
0.0000e+00
3.1948e-05
0.0000e+00
3.1948e-05
0.0000e+00
9.6083e-05
0.0000e+00
3.5048e-05
0.0000e+00
3.2902e-05
0.0000e+00
3.1948e-05
0.0000e+00
5.9843e-05
0.0000e+00
3.3140e-05
0.0000e+00
3.2902e-05
0.0000e+00
3.3140e-05
0.0000e+00
8.0109e-05
0.0000e+00
3.4094e-05
0.0000e+00
3.1948e-05
0.0000e+00
3.1948e-05
0.0000e+00
3.1948e-05
0.0000e+00
3.2902e-05
0.0000e+00
3.2902e-05
0.0000e+00
3.3140e-05
0.0000e+00
3.4094e-05
0.0000e+00
3.1948e-05
0.0000e+00
3.1948e-05
0.0000e+00
3.2187e-05
0.0000e+00
3.2902e-05
0.0000e+00
3.3140e-05
0.0000e+00
3.1948e-05
0.0000e+00
7.7963e-05
0.0000e+00
3.3140e-05
0.0000e+00
3.2902e-05
0.0000e+00
3.2902e-05
0.0000e+00
3.2187e-05
0.0000e+00
3.1948e-05
0.0000e+00
3.2902e-05
0.0000e+00
3.3140e-05
0.0000e+00
3.5048e-05
0.0000e+00
3.1948e-05
0.0000e+00
3.3140e-05
0.0000e+00
3.1948e-05
0.0000e+00
3.2902e-05
0.0000e+00
3.3140e-05
0.0000e+00
3.1948e-05
0.0000e+00
7.7963e-05
0.0000e+00
3.4809e-05
0.0000e+00
3.3140e-05
0.0000e+00
3.1948e-05
0.0000e+00
3.1948e-05
0.0000e+00
4.1008e-05
0.0000e+00
3.2902e-05
0.0000e+00
3.2902e-05
0.0000e+00
7.7963e-05
0.0000e+00
3.2902e-05
0.0000e+00
3.3140e-05
0.0000e+00
3.2902e-05
0.0000e+00
3.1948e-05
0.0000e+00
3.2187e-05
0.0000e+00
3.3140e-05
0.0000e+00
7.4863e-05
0.0000e+00
3.5048e-05
0.0000e+00
3.3855e-05
0.0000e+00
3.2187e-05
0.0000e+00
3.1948e-05
0.0000e+00
3.1948e-05
0.0000e+00
3.2187e-05
0.0000e+00
3.1948e-05
0.0000e+00
9.0122e-05
0.0000e+00
3.2902e-05
0.0000e+00
3.2187e-05
0.0000e+00
3.1948e-05
0.0000e+00
3.1948e-05
0.0000e+00
3.2187e-05
0.0000e+00
3.1948e-05
0.0000e+00
3.1948e-05
0.0000e+00
3.5048e-05
0.0000e+00
3.2902e-05
0.0000e+00
3.3140e-05
0.0000e+00
3.2902e-05
0.0000e+00
3.1948e-05
0.0000e+00
3.3140e-05
0.0000e+00
3.1948e-05
0.0000e+00
9.1076e-05
0.0000e+00
3.2902e-05
0.0000e+00
3.3140e-05
0.0000e+00
3.2902e-05
0.0000e+00
3.1948e-05
0.0000e+00
3.2187e-05
0.0000e+00
3.2902e-05
0.0000e+00
3.1948e-05
0.0000e+00
3.6001e-05
0.0000e+00
3.2902e-05
0.0000e+00
3.3140e-05
0.0000e+00
3.2902e-05
0.0000e+00
3.2902e-05
0.0000e+00
3.3140e-05
0.0000e+00
3.2902e-05
0.0000e+00
7.6056e-05
0.0000e+00
3.5048e-05
0.0000e+00
3.2902e-05
0.0000e+00
3.3140e-05
0.0000e+00
3.2902e-05
0.0000e+00
3.2902e-05
0.0000e+00
3.2187e-05
0.0000e+00
3.1948e-05
0.0000e+00
7.7963e-05
0.0000e+00
3.2187e-05
0.0000e+00
3.2902e-05
0.0000e+00
3.2902e-05
0.0000e+00
3.3140e-05
0.0000e+00
3.1948e-05
0.0000e+00
3.1948e-05
0.0000e+00
3.3140e-05
0.0000e+00
3.4809e-05
0.0000e+00
3.2187e-05
0.0000e+00
3.1948e-05
0.0000e+00
3.1948e-05
0.0000e+00
3.2187e-05
0.0000e+00
3.1948e-05
0.0000e+00
3.1948e-05
0.0000e+00
8.2016e-05
0.0000e+00
3.4094e-05
0.0000e+00
3.2902e-05
0.0000e+00
3.1948e-05
0.0000e+00
3.2187e-05
0.0000e+00
3.2902e-05
0.0000e+00
3.1948e-05
0.0000e+00
3.3140e-05
0.0000e+00
3.5048e-05
0.0000e+00
3.1948e-05
0.0000e+00
3.3140e-05
0.0000e+00
3.2902e-05
0.0000e+00
3.1948e-05
0.0000e+00
3.2187e-05
0.0000e+00
3.2902e-05
0.0000e+00
7.6056e-05
0.0000e+00
3.2902e-05
0.0000e+00
3.3140e-05
0.0000e+00
3.2902e-05
0.0000e+00
3.2187e-05
0.0000e+00
3.1948e-05
0.0000e+00
3.1948e-05
0.0000e+00
3.2187e-05
0.0000e+00
3.5048e-05
0.0000e+00
3.1948e-05
0.0000e+00
3.2187e-05
0.0000e+00
3.1948e-05
0.0000e+00
3.3140e-05
0.0000e+00
3.1948e-05
0.0000e+00
3.2902e-05
0.0000e+00
7.6056e-05
0.0000e+00
3.4094e-05
0.0000e+00
3.1948e-05
0.0000e+00
3.2187e-05
0.0000e+00
3.1948e-05
0.0000e+00
3.3140e-05
0.0000e+00
3.4094e-05
0.0000e+00
3.6955e-05
0.0000e+00
7.7963e-05
0.0000e+00
3.3140e-05
0.0000e+00
3.1948e-05
0.0000e+00
3.3140e-05
0.0000e+00
3.1948e-05
0.0000e+00
3.1948e-05
0.0000e+00
3.3140e-05
0.0000e+00
3.2902e-05
0.0000e+00
3.5048e-05
0.0000e+00
3.3140e-05
0.0000e+00
3.3855e-05
0.0000e+00
3.2902e-05
0.0000e+00
3.3140e-05
0.0000e+00
3.1948e-05
0.0000e+00
3.3140e-05
0.0000e+00
7.7009e-05
0.0000e+00
3.2902e-05
0.0000e+00
3.1948e-05
0.0000e+00
3.2902e-05
0.0000e+00
3.3140e-05
0.0000e+00
3.2902e-05
0.0000e+00
3.1948e-05
0.0000e+00
3.1948e-05
0.0000e+00
3.4094e-05
0.0000e+00
3.1948e-05
0.0000e+00
1.1773e-01
0.0000e+00
3.3140e-05
0.0000e+00
3.2902e-05
0.0000e+00
3.1948e-05
0.0000e+00
3.3140e-05
0.0000e+00
1.5807e-04
0.0000e+00
3.5048e-05
0.0000e+00
3.2902e-05
0.0000e+00
3.3140e-05
0.0000e+00
3.1948e-05
0.0000e+00
3.2187e-05
0.0000e+00
3.2902e-05
0.0000e+00
3.1948e-05
0.0000e+00
7.9155e-05
0.0000e+00
3.2902e-05
0.0000e+00
3.3140e-05
0.0000e+00
3.1948e-05
0.0000e+00
3.2187e-05
0.0000e+00
3.3140e-05
0.0000e+00
3.2902e-05
0.0000e+00
3.3140e-05
0.0000e+00
3.5048e-05
0.0000e+00
3.1948e-05
0.0000e+00
3.3140e-05
0.0000e+00
3.2902e-05
0.0000e+00
3.3140e-05
0.0000e+00
3.1948e-05
0.0000e+00
3.2902e-05
0.0000e+00
7.7009e-05
0.0000e+00
3.4094e-05
0.0000e+00
3.3140e-05
0.0000e+00
3.2902e-05
0.0000e+00
3.6001e-05
0.0000e+00
3.2902e-05
0.0000e+00
3.3140e-05
0.0000e+00
3.1948e-05
0.0000e+00
3.5048e-05
0.0000e+00
3.2902e-05
0.0000e+00
3.1948e-05
0.0000e+00
3.2902e-05
0.0000e+00
3.3140e-05
0.0000e+00
3.1948e-05
0.0000e+00
3.1948e-05
0.0000e+00
7.4863e-05
7.5209e-01
