3.0000e+00	3.0000e+00	2.7935e+00	3.0550e+00	3.024255e-05	2.399602e-01	1.964128e-05	2.399602e-01	1.539744e+00	6.864014e-01	1	
2.7935e+00	3.0550e+00									2
3.9331e+00	2.4237e+00	3.7342e+00	2.8535e+00	2.545222e-06	2.087157e-01	3.691107e-06	2.087157e-01	6.895550e-01	9.386428e-01	0	
3.9331e+00	2.4237e+00	4.5997e+00	2.6567e-01	3.911375e-06	4.621564e-03	3.691107e-06	4.621564e-03	1.059675e+00	9.413977e-01	1	
4.5997e+00	2.6567e-01	4.2563e+00	1.3287e+00	7.667943e-06	9.380236e-02	3.911375e-06	9.380236e-02	1.960422e+00	8.079110e-01	1	
4.2563e+00	1.3287e+00	4.4763e+00	3.3059e+00	3.002676e-08	1.129133e-02	7.667943e-06	1.129133e-02	3.915882e-03	7.577036e-01	0	
4.2563e+00	1.3287e+00	3.3903e+00	1.6337e+00	1.337723e-04	1.287207e-01	7.667943e-06	1.287207e-01	1.744565e+01	3.602589e-01	1	
3.3903e+00	1.6337e+00	3.7369e+00	1.3333e+00	6.072416e-05	2.109913e-01	1.337723e-04	2.109913e-01	4.539369e-01	9.841448e-02	1	
3.7369e+00	1.3333e+00	2.9587e+00	-2.2401e-01	1.949854e-03	2.329446e-02	6.072416e-05	2.329446e-02	3.211002e+01	7.283312e-02	1	
2.9587e+00	-2.2401e-01	3.0973e+00	-1.5849e-01	1.297957e-03	2.441585e-01	1.949854e-03	2.441585e-01	6.656691e-01	1.397946e-01	1	
3.0973e+00	-1.5849e-01									0.8000
