2.7000e-02
1.4997e-04
6.7949e-05
2.6941e-05
3.6001e-05
1.1921e-06
3.2902e-05
5.0068e-06
3.4094e-05
6.0296e-04
3.8147e-05
2.5730e-03
3.0994e-06
3.0994e-06
5.1022e-05
1.9073e-06
3.4094e-05
2.3794e-04
4.4107e-05
4.8399e-04
3.6001e-05
1.8551e-03
2.1458e-06
2.7204e-04
3.0994e-06
9.5367e-07
4.0054e-05
9.5367e-07
3.2902e-05
9.5367e-07
3.4094e-05
0.0000e+00
3.4094e-05
8.9502e-04
2.8610e-06
1.9073e-06
4.0054e-05
9.5367e-07
3.4094e-05
0.0000e+00
3.4094e-05
0.0000e+00
3.1948e-05
3.6192e-04
1.9073e-06
3.7789e-04
1.9073e-06
1.1921e-06
3.6001e-05
0.0000e+00
3.3140e-05
1.8420e-03
2.8610e-06
4.3511e-04
1.9073e-06
1.9073e-06
3.9816e-05
2.1458e-06
3.2902e-05
9.5367e-07
3.3140e-05
0.0000e+00
3.2902e-05
1.1921e-06
3.2902e-05
2.8205e-04
3.9101e-05
9.3699e-04
3.6001e-05
2.1458e-06
7.9870e-05
9.5367e-07
3.2902e-05
1.7459e-03
3.0994e-06
4.0531e-06
4.0054e-05
9.5367e-07
3.4094e-05
0.0000e+00
3.2902e-05
0.0000e+00
3.2902e-05
1.3549e-03
3.9101e-05
6.5949e-03
1.4400e-04
1.0352e-03
3.9101e-05
1.9073e-06
2.6798e-04
5.0068e-06
3.9411e-04
1.9073e-06
3.2902e-05
6.0339e-03
2.1458e-06
1.9073e-06
4.1962e-05
1.1921e-06
3.2902e-05
9.5367e-07
8.9169e-05
9.5367e-07
3.4094e-05
1.0180e-04
1.9073e-06
1.1921e-06
3.5048e-05
1.7721e-02
4.3869e-05
4.0531e-06
3.4094e-05
9.5367e-07
3.3855e-05
2.3246e-02
2.8610e-06
3.0994e-06
4.4107e-05
1.9073e-06
3.6955e-05
2.2020e-03
2.8610e-06
9.5367e-07
3.9816e-05
0.0000e+00
3.3855e-05
3.7909e-04
3.8147e-05
1.1921e-06
6.1989e-05
1.0782e-02
2.8610e-06
1.9073e-06
4.6015e-05
9.5367e-07
3.1900e-04
1.0046e-02
4.5061e-05
1.1841e-02
4.3154e-05
7.9260e-03
4.5061e-05
3.8147e-06
3.2902e-05
0.0000e+00
3.3140e-05
1.8070e-03
3.8862e-05
2.6081e-03
3.0994e-06
2.1458e-06
4.1962e-05
1.9073e-06
3.6001e-05
2.5020e-03
3.0994e-06
5.4288e-04
1.9073e-06
2.1458e-06
4.1008e-05
9.5367e-07
3.2902e-05
2.7585e-04
1.9073e-06
1.3490e-03
3.0994e-06
4.0531e-06
4.1962e-05
9.5367e-07
3.3140e-05
9.5367e-07
9.3937e-05
1.0431e-03
2.8610e-06
1.9073e-06
3.9101e-05
9.5367e-07
3.2902e-05
1.1921e-06
1.4186e-04
1.0180e-02
4.1962e-05
2.8610e-06
3.2902e-05
1.4980e-03
1.9073e-06
9.5367e-07
3.6955e-05
1.9073e-06
3.6001e-05
4.4298e-04
1.9073e-06
1.2579e-03
2.8610e-06
1.9073e-06
1.1802e-04
1.9073e-06
1.0610e-04
9.5367e-07
9.9182e-05
2.8281e-03
4.1008e-05
4.2200e-04
3.7909e-05
1.7021e-03
2.8610e-06
3.0994e-06
1.1802e-04
2.8419e-04
3.7909e-05
5.2309e-04
3.6955e-05
4.1931e-03
4.3154e-05
4.0531e-06
3.3855e-05
9.5367e-07
3.3140e-05
9.5367e-07
3.2902e-05
1.8148e-03
4.1008e-05
1.4582e-03
2.8610e-06
3.0994e-06
4.6015e-05
9.5367e-07
9.1505e-04
5.0068e-06
3.5048e-05
9.5367e-07
3.4094e-05
9.5367e-07
3.2902e-05
1.1921e-06
3.2902e-05
4.6501e-03
2.1458e-06
2.1458e-06
9.2983e-05
1.9073e-06
3.5048e-05
9.5367e-07
3.3140e-05
0.0000e+00
3.3140e-05
1.7018e-03
2.8610e-06
7.0691e-04
3.0994e-06
9.5367e-07
4.7207e-05
1.1921e-06
3.2902e-05
8.2290e-03
2.1458e-06
4.0531e-06
1.4496e-04
2.3082e-02
2.1458e-06
8.2803e-04
3.0994e-06
9.5367e-07
4.1008e-05
9.5367e-07
3.2902e-05
3.8099e-04
2.1458e-06
0.0000e+00
3.6001e-05
9.5367e-07
3.4094e-05
2.1887e-04
1.9073e-06
1.1921e-06
3.5048e-05
9.5367e-07
8.2970e-05
1.9073e-06
3.4094e-05
9.5367e-07
3.4094e-05
1.2538e-03
4.1008e-05
2.8610e-06
3.4094e-05
4.3392e-04
3.0994e-06
1.9073e-06
3.9101e-05
9.5367e-07
3.3140e-05
9.5367e-07
8.6069e-05
2.8150e-03
4.1962e-05
2.1458e-06
3.2902e-05
2.0711e-03
3.0994e-06
2.1887e-04
1.9073e-06
9.5367e-07
3.8862e-05
0.0000e+00
1.6189e-04
1.0014e-05
4.9114e-05
4.3702e-04
2.1458e-06
4.9710e-04
3.0994e-06
9.5367e-07
3.8147e-05
1.1921e-06
3.3855e-05
6.3014e-04
3.6955e-05
1.1921e-06
3.3855e-05
0.0000e+00
3.4094e-05
9.5367e-07
3.3140e-05
6.5899e-04
3.6001e-05
1.1921e-06
7.8917e-05
9.5367e-07
3.6001e-05
1.5268e-03
1.9073e-06
9.5367e-07
3.9101e-05
9.5367e-07
3.4094e-05
9.5367e-07
3.2902e-05
1.1921e-06
3.3855e-05
9.5367e-07
3.3140e-05
0.0000e+00
7.6056e-05
9.5367e-07
3.4809e-05
1.5271e-03
3.7909e-05
9.3603e-04
3.7193e-05
2.1458e-06
3.3855e-05
5.0116e-04
1.9073e-06
1.1921e-06
3.7909e-05
1.9097e-04
3.0994e-06
9.2101e-04
2.1458e-06
1.9073e-06
3.6955e-05
2.1458e-06
3.6001e-05
9.5367e-07
3.3855e-05
0.0000e+00
3.2187e-05
0.0000e+00
3.2902e-05
0.0000e+00
3.2902e-05
1.9073e-06
3.5048e-05
1.1992e-04
1.9073e-06
9.5367e-07
3.7193e-05
1.0180e-03
3.6955e-05
4.0412e-04
3.6955e-05
1.1921e-06
3.2902e-05
2.8110e-04
3.6001e-05
2.1458e-06
3.2902e-05
0.0000e+00
3.3140e-05
5.9700e-04
3.6001e-05
4.8614e-04
1.9073e-06
2.1458e-06
3.6001e-05
9.5367e-07
3.2902e-05
5.1308e-04
2.1458e-06
9.5367e-07
3.6955e-05
5.4812e-04
2.1458e-06
1.9073e-06
3.6955e-05
5.6720e-04
1.9073e-06
5.2810e-04
3.0994e-06
9.5367e-07
3.8862e-05
0.0000e+00
3.3140e-05
2.1458e-06
3.6001e-05
6.3682e-04
3.7909e-05
1.2159e-03
3.9816e-05
2.1458e-06
3.2902e-05
1.0159e-03
2.1458e-06
9.5367e-07
3.6955e-05
1.1921e-06
3.2902e-05
0.0000e+00
3.3140e-05
9.5367e-07
3.6001e-05
9.5367e-07
3.3140e-05
1.1921e-06
3.2902e-05
9.5367e-07
3.3140e-05
1.4591e-04
2.1458e-06
9.5367e-07
3.5048e-05
9.5367e-07
3.3140e-05
1.3494e-04
1.9073e-06
9.5367e-07
8.3208e-05
2.1100e-03
2.8610e-06
1.9073e-06
3.7909e-05
1.1921e-06
3.3855e-05
0.0000e+00
3.3140e-05
3.9101e-04
2.1458e-06
9.5367e-07
3.5048e-05
6.2895e-04
3.7909e-05
2.1458e-06
3.3855e-05
1.1921e-06
3.5048e-05
3.9482e-04
3.6955e-05
2.1458e-06
3.2902e-05
9.5367e-07
3.3140e-05
9.5367e-07
3.2902e-05
1.1430e-03
1.9073e-06
1.7095e-04
2.8610e-06
2.3103e-04
1.9073e-06
9.5367e-07
3.6955e-05
2.6941e-05
2.8610e-06
2.4009e-04
3.6001e-05
7.7915e-04
2.1458e-06
9.5367e-07
3.9101e-05
9.5367e-07
3.3855e-05
1.9240e-03
5.3167e-05
2.8610e-06
3.4094e-05
9.5367e-07
4.3154e-05
9.5367e-07
9.0122e-05
1.9073e-06
3.6001e-05
0.0000e+00
3.3140e-05
9.5367e-07
4.5061e-05
1.4739e-03
3.7193e-05
1.9073e-06
3.4094e-05
1.7500e-04
1.9073e-06
2.7680e-04
2.8610e-06
3.8815e-04
2.8610e-06
3.7909e-04
3.0994e-06
1.9073e-06
9.8944e-05
1.1921e-06
3.3855e-05
3.4881e-04
4.1962e-05
4.0889e-04
4.6015e-05
1.1921e-06
3.6001e-05
0.0000e+00
3.2902e-05
0.0000e+00
3.7909e-05
9.5367e-07
3.3140e-05
5.1713e-04
3.7193e-05
1.1692e-03
2.1458e-06
9.5367e-07
4.6968e-05
9.5367e-07
3.3855e-05
6.7496e-04
1.9073e-06
9.5367e-07
3.6001e-05
9.5367e-07
3.6001e-05
1.1921e-06
3.2902e-05
1.1630e-03
9.2030e-05
1.9073e-06
3.5048e-05
2.1458e-06
3.6955e-05
0.0000e+00
3.3140e-05
4.6802e-04
3.6001e-05
5.9199e-04
1.9073e-06
9.5367e-07
3.6955e-05
4.0388e-04
3.6955e-05
9.5367e-07
8.4162e-05
9.5367e-07
3.2902e-05
7.8321e-04
3.6955e-05
9.5367e-07
4.5061e-05
9.5367e-07
3.2902e-05
5.7697e-04
3.6001e-05
1.8787e-04
2.8610e-06
2.1458e-06
3.6001e-05
2.0099e-04
8.3923e-05
6.2513e-04
5.6028e-05
1.9073e-06
3.3140e-05
9.5367e-07
3.7909e-05
8.2421e-04
3.0994e-06
1.1921e-06
3.6955e-05
4.5705e-04
3.8147e-05
1.9073e-06
4.5061e-05
1.0970e-03
9.9897e-05
3.5906e-04
1.9073e-06
9.5367e-07
3.6001e-05
9.5367e-07
3.4094e-05
9.5367e-07
3.3140e-05
5.3287e-04
3.8862e-05
4.3321e-04
3.6001e-05
5.1498e-04
3.6001e-05
9.5367e-07
5.6505e-04
1.1599e-03
1.9073e-06
2.1458e-06
3.8862e-05
2.6894e-04
1.9073e-06
9.5367e-07
3.6955e-05
7.2908e-04
3.8147e-05
5.4193e-04
3.6001e-05
2.6917e-04
2.1458e-06
9.5367e-07
3.6001e-05
1.1206e-04
3.6001e-05
9.5367e-07
3.6001e-05
2.1458e-06
3.1948e-05
0.0000e+00
3.3140e-05
8.5497e-04
3.7193e-05
2.9993e-04
3.7193e-05
4.7684e-04
3.6955e-05
2.3293e-04
3.0994e-06
9.5367e-07
3.6001e-05
2.1458e-06
3.6001e-05
4.2582e-04
3.6001e-05
9.5367e-07
3.2902e-05
4.9901e-04
3.7909e-05
5.7817e-04
3.6001e-05
6.8903e-04
3.6955e-05
7.8106e-04
3.6955e-05
1.7109e-03
9.4891e-05
8.7714e-04
3.0994e-06
9.5367e-07
3.6955e-05
9.5367e-07
3.4094e-05
6.8593e-04
1.9073e-06
9.5367e-07
3.7193e-05
9.5367e-07
3.3855e-05
9.5367e-07
3.3140e-05
3.6631e-03
3.0994e-06
1.0431e-03
9.0122e-05
1.9073e-06
3.6001e-05
9.5367e-07
3.3140e-05
0.0000e+00
3.3140e-05
1.0450e-03
3.0994e-06
1.9073e-06
4.0054e-05
2.7809e-03
1.9073e-06
1.9073e-06
4.1008e-05
1.1921e-06
3.3855e-05
9.5367e-07
8.6069e-05
1.1201e-03
2.1458e-06
9.5367e-07
3.7909e-05
0.0000e+00
1.0991e-04
1.9073e-06
3.6955e-05
9.5367e-07
3.3140e-05
9.5367e-07
3.2902e-05
1.1921e-06
3.2902e-05
9.5367e-07
2.7299e-04
1.1921e-06
3.2902e-05
1.5280e-03
1.9073e-06
1.9073e-06
3.8147e-05
1.5359e-03
3.0994e-06
5.8103e-04
3.0994e-06
9.5367e-07
4.1008e-05
3.7909e-04
3.9101e-05
4.2486e-04
1.9073e-06
9.5367e-07
3.6001e-05
1.9073e-06
3.6001e-05
2.1150e-03
1.9073e-06
2.8610e-06
3.9101e-05
9.5367e-07
3.4094e-05
2.1458e-06
2.5797e-04
9.5367e-07
2.8400e-03
9.0599e-06
2.8300e-04
9.5367e-07
1.5903e-04
5.0299e-03
9.5844e-05
2.8205e-04
1.9073e-06
2.1458e-06
3.8862e-05
0.0000e+00
3.4094e-05
7.5006e-04
3.8147e-05
9.5367e-07
3.2902e-05
1.1921e-06
3.2902e-05
0.0000e+00
3.3140e-05
1.7428e-03
1.0204e-04
2.8610e-06
3.2902e-05
1.5571e-03
2.1458e-06
9.5367e-07
3.8862e-05
1.1921e-06
3.3855e-05
2.1100e-04
1.9073e-06
3.3092e-04
1.9073e-06
9.5367e-07
3.6955e-05
9.5367e-07
3.3140e-05
0.0000e+00
7.8917e-05
2.1458e-06
3.6955e-05
3.6311e-04
3.6955e-05
4.7803e-04
1.9073e-06
9.5367e-07
3.7193e-05
9.5367e-07
3.2902e-05
1.2720e-03
3.9101e-05
1.7049e-03
1.9073e-06
3.0494e-04
3.7909e-05
1.9073e-06
1.1015e-04
4.8590e-04
2.1458e-06
9.5367e-07
3.6955e-05
1.1990e-03
2.8610e-06
1.9073e-06
3.8147e-05
1.2150e-03
2.5105e-04
7.7796e-04
1.9073e-06
9.5367e-07
3.7909e-05
6.4611e-04
3.0994e-06
9.5367e-07
3.7909e-05
1.9073e-06
3.6001e-05
9.5367e-07
3.4094e-05
0.0000e+00
3.3140e-05
9.5367e-07
3.2902e-05
9.5367e-07
3.3140e-05
9.5367e-07
2.3317e-04
1.9073e-06
3.5048e-05
1.2550e-03
1.1897e-04
4.1294e-04
4.1962e-05
5.7697e-04
3.8147e-05
4.3201e-04
3.0994e-06
9.5367e-07
1.4591e-04
1.1921e-06
3.3855e-05
6.6614e-04
3.8147e-05
6.2203e-04
2.4104e-04
2.1458e-06
8.7023e-05
5.5385e-04
4.0054e-05
3.4881e-04
1.1516e-04
4.0221e-04
5.0068e-05
1.9073e-06
3.4094e-05
4.2796e-04
3.7193e-05
6.6900e-04
3.6001e-05
1.6713e-04
1.9073e-06
5.3692e-04
2.1458e-06
1.7786e-04
1.9073e-06
1.9073e-06
3.8147e-05
1.0204e-04
3.0994e-06
3.5048e-05
2.8610e-06
4.0507e-04
3.7909e-05
1.9073e-06
3.2902e-05
7.4387e-04
3.6001e-05
9.5367e-07
3.3140e-05
9.5367e-07
3.1948e-05
0.0000e+00
7.8917e-05
1.9073e-06
3.3855e-05
7.9393e-04
1.9073e-06
9.5367e-07
3.7193e-05
7.1001e-04
2.1458e-06
5.4097e-04
3.7193e-05
9.5367e-07
3.3140e-05
1.1921e-06
3.2902e-05
0.0000e+00
3.3140e-05
1.0920e-03
1.9073e-06
1.9073e-06
3.8147e-05
9.5367e-07
3.3855e-05
9.5367e-07
3.3140e-05
1.0540e-03
4.0054e-05
5.5408e-04
3.6955e-05
1.9073e-06
3.3140e-05
1.4980e-03
2.1458e-06
1.2469e-03
2.8610e-06
1.9073e-06
4.1008e-05
9.5367e-07
3.2902e-05
9.5367e-07
3.4094e-05
4.9400e-04
4.1008e-05
9.5367e-07
3.2902e-05
0.0000e+00
3.3140e-05
9.0098e-04
3.0994e-06
9.5367e-07
3.9101e-05
9.5367e-07
8.5115e-05
3.0808e-03
2.8610e-06
1.1261e-03
1.9073e-06
4.4584e-04
2.8610e-06
9.5367e-07
4.1962e-05
9.5367e-07
3.4094e-05
9.3603e-04
1.9073e-06
9.5367e-07
4.1008e-05
0.0000e+00
3.4094e-05
8.2207e-04
2.1458e-06
9.5367e-07
8.6069e-05
9.5367e-07
3.4094e-05
0.0000e+00
3.3140e-05
1.9073e-06
3.2902e-05
3.5405e-04
3.0994e-06
1.9073e-06
3.7193e-05
9.5367e-07
3.3855e-05
9.5367e-07
3.3140e-05
0.0000e+00
8.1062e-05
1.9073e-06
3.4094e-05
5.1308e-04
3.6955e-05
9.5367e-07
3.3140e-05
6.1488e-04
3.7909e-05
9.5367e-07
3.2902e-05
9.5367e-07
3.3140e-05
2.6202e-04
3.6001e-05
4.4608e-04
1.0014e-04
1.9073e-06
3.4094e-05
7.5412e-04
3.0994e-06
2.8560e-03
2.8610e-06
2.1458e-06
4.0054e-05
9.5367e-07
3.4094e-05
5.8889e-04
3.6001e-05
8.5187e-04
3.8862e-05
9.5367e-07
3.2902e-05
8.2302e-04
3.8862e-05
2.1458e-06
3.3855e-05
9.5367e-07
3.3140e-05
9.5367e-07
3.2902e-05
6.5708e-04
2.8610e-06
2.2006e-04
3.8147e-05
1.3831e-03
1.9073e-06
2.4960e-03
2.8610e-06
4.0531e-06
4.1962e-05
1.9073e-06
3.7193e-05
2.1458e-06
3.9101e-05
1.2589e-03
1.9073e-06
0.0000e+00
3.6955e-05
0.0000e+00
3.2902e-05
9.5367e-07
3.3140e-05
9.5367e-07
3.3855e-05
1.6451e-03
1.9073e-06
2.1458e-06
9.9897e-05
9.5367e-07
3.6955e-05
9.5367e-07
3.4094e-05
2.8181e-04
3.6955e-05
3.1805e-04
3.6001e-05
1.1921e-06
3.2902e-05
4.8399e-04
3.6001e-05
9.5367e-07
3.3140e-05
5.7316e-04
3.6001e-05
1.1921e-06
3.2902e-05
0.0000e+00
3.3140e-05
9.5367e-07
3.2902e-05
5.7817e-04
3.6001e-05
9.5367e-07
3.3140e-05
1.3230e-03
3.6955e-05
1.1921e-06
7.9870e-05
7.9703e-04
1.9073e-06
9.5367e-07
3.6001e-05
4.0359e-03
3.0994e-06
8.8906e-04
2.1458e-06
1.9073e-06
4.3154e-05
9.5367e-07
3.4094e-05
9.5367e-07
3.3855e-05
9.5367e-07
3.3140e-05
9.5367e-07
8.6069e-05
1.9073e-06
3.5048e-05
9.5367e-07
3.3140e-05
9.5367e-07
3.1948e-05
6.0110e-03
4.4107e-05
2.0695e-04
3.6001e-05
9.5367e-07
3.2902e-05
4.0317e-04
3.6955e-05
9.5367e-07
8.8930e-05
9.5367e-07
3.4094e-05
3.8600e-04
3.8862e-05
9.1696e-04
4.0054e-05
1.9073e-06
3.4094e-05
9.5367e-07
3.4094e-05
1.3008e-03
1.9073e-06
9.5367e-07
3.7909e-05
1.5402e-04
2.1458e-06
1.9073e-06
3.6001e-05
6.9118e-04
2.8610e-06
9.5367e-07
3.6955e-05
3.1710e-04
3.7193e-05
2.0599e-04
3.6001e-05
1.4710e-04
3.6001e-05
6.8688e-04
1.9073e-06
2.1458e-06
3.6955e-05
0.0000e+00
8.1062e-05
4.6206e-04
2.8610e-06
9.5367e-07
3.6001e-05
9.5701e-04
2.1458e-06
9.5367e-07
3.6001e-05
0.0000e+00
3.3140e-05
9.5367e-07
3.2902e-05
0.0000e+00
3.2902e-05
0.0000e+00
3.2187e-05
1.1921e-06
3.5048e-05
9.8896e-04
3.6955e-05
1.1921e-06
3.3855e-05
0.0000e+00
3.2902e-05
4.6086e-04
3.6001e-05
8.5497e-04
1.9073e-06
9.5367e-07
3.6001e-05
1.1921e-06
3.3855e-05
3.5095e-04
9.3937e-05
2.1458e-06
3.3855e-05
9.5367e-07
3.1018e-04
1.5049e-03
2.8610e-06
3.0994e-06
4.0054e-05
1.0860e-03
4.1008e-05
5.2500e-04
2.1458e-06
9.5367e-07
3.6001e-05
4.3893e-04
3.6955e-05
4.9400e-04
3.9816e-05
2.9087e-04
3.6001e-05
1.9999e-03
1.9073e-06
1.9073e-06
3.8147e-05
9.6798e-05
2.8610e-06
1.1921e-06
3.6955e-05
2.1887e-04
1.9073e-06
6.9380e-04
2.8610e-06
9.5367e-07
3.6955e-05
1.9193e-04
1.9073e-06
9.5367e-07
3.6001e-05
9.5367e-07
3.2902e-05
0.0000e+00
3.3140e-05
3.8791e-04
2.8610e-06
2.1458e-06
3.6955e-05
0.0000e+00
3.2902e-05
9.5367e-07
3.3140e-05
1.1261e-03
2.1458e-06
9.5367e-07
8.6069e-05
1.9073e-06
3.4094e-05
9.5367e-07
3.2902e-05
0.0000e+00
3.2902e-05
0.0000e+00
3.3140e-05
7.1406e-04
3.6955e-05
9.5367e-07
3.3140e-05
9.5367e-07
3.2902e-05
2.1458e-06
3.6955e-05
1.8349e-03
1.9073e-06
3.7599e-04
2.8610e-06
1.1921e-06
3.9816e-05
1.1921e-06
3.3855e-05
9.5367e-07
3.3140e-05
0.0000e+00
3.3140e-05
3.8600e-04
1.9073e-06
1.1921e-06
3.6001e-05
5.9795e-04
8.6069e-05
9.5367e-07
3.3855e-05
9.5367e-07
3.4094e-05
0.0000e+00
3.3140e-05
9.4199e-04
3.6955e-05
2.1458e-06
3.2902e-05
7.7510e-04
3.6001e-05
3.0303e-04
1.9073e-06
9.5367e-07
8.5115e-05
1.9073e-06
3.4094e-05
9.5367e-07
1.2612e-04
9.5367e-07
3.3140e-05
1.1921e-06
3.3855e-05
9.5367e-07
3.3140e-05
3.3903e-04
3.6001e-05
3.7599e-04
2.1458e-06
9.5367e-07
8.2016e-05
1.4319e-03
3.6955e-05
9.1100e-04
3.8147e-05
1.9073e-06
3.4094e-05
9.5367e-07
3.3855e-05
1.7619e-04
2.1458e-06
1.9073e-06
3.6001e-05
9.5367e-07
3.4094e-05
9.5367e-07
8.8930e-05
8.6713e-04
3.7909e-05
1.2550e-03
1.9073e-06
2.2602e-04
1.9073e-06
9.5367e-07
3.7909e-05
0.0000e+00
3.2902e-05
1.1921e-06
3.2902e-05
3.2997e-04
3.6955e-05
1.9073e-06
3.4094e-05
1.9073e-06
3.5048e-05
6.4015e-04
3.6955e-05
9.5367e-07
3.4094e-05
3.2210e-04
3.6955e-05
6.2799e-04
1.9073e-06
2.1458e-06
3.6001e-05
9.5367e-07
3.4094e-05
5.7316e-04
3.6955e-05
9.5367e-07
3.5048e-05
6.5994e-04
3.0994e-06
9.5367e-07
3.6001e-05
4.2796e-04
3.6001e-05
1.9073e-06
3.3140e-05
3.7694e-04
3.0994e-06
1.9073e-06
3.6001e-05
9.5367e-07
3.3140e-05
1.9073e-06
8.0109e-05
2.1458e-06
3.5048e-05
9.5367e-07
3.2902e-05
2.4579e-03
2.8610e-06
5.0902e-04
2.8610e-06
1.1921e-06
3.8862e-05
1.1921e-06
3.8862e-05
6.9118e-04
3.0994e-06
5.8389e-04
1.9073e-06
9.5367e-07
3.8147e-05
9.5367e-07
8.3923e-05
2.1458e-06
3.3855e-05
1.0312e-03
3.9101e-05
6.0701e-04
1.9073e-06
9.5367e-07
3.6955e-05
9.5367e-07
3.4094e-05
0.0000e+00
3.1948e-05
9.5367e-07
3.3140e-05
6.7902e-04
8.4162e-05
8.8191e-04
3.7909e-05
9.5367e-07
3.3140e-05
0.0000e+00
3.2902e-05
0.0000e+00
3.2902e-05
0.0000e+00
3.2902e-05
1.1921e-06
3.3855e-05
0.0000e+00
3.2187e-05
1.9073e-06
3.5048e-05
3.8700e-03
4.3869e-05
2.8610e-06
3.3140e-05
9.5367e-07
3.4094e-05
1.1921e-06
3.3855e-05
9.5367e-07
3.9101e-05
9.5367e-07
3.4094e-05
5.2729e-03
3.0994e-06
1.9073e-06
4.3154e-05
9.5367e-07
7.8797e-04
5.9605e-06
3.1090e-04
1.4241e-03
2.1458e-06
1.9073e-06
4.5061e-05
1.9073e-06
3.4094e-05
9.5367e-07
3.3140e-05
2.8396e-04
3.6001e-05
4.0317e-04
9.2030e-05
2.1458e-06
3.3855e-05
1.3402e-03
3.0994e-06
0.0000e+00
3.7909e-05
1.1921e-06
3.3855e-05
0.0000e+00
3.3140e-05
1.0128e-03
4.1008e-05
1.2069e-03
2.8610e-06
9.5367e-07
4.0054e-05
2.3127e-05
5.6982e-05
2.1458e-06
3.3855e-05
2.3310e-03
2.8610e-06
1.1921e-06
4.0054e-05
1.9407e-04
2.8610e-06
9.5367e-07
4.3869e-05
2.1458e-06
3.3855e-05
6.1607e-04
4.0054e-05
6.0105e-04
8.5115e-05
2.5988e-04
3.6955e-05
9.5367e-07
3.3140e-05
9.5367e-07
3.6955e-05
2.1458e-06
3.2902e-05
9.5367e-07
3.2902e-05
8.3804e-04
3.6955e-05
2.1458e-06
3.2902e-05
2.8610e-06
3.5048e-05
1.0080e-03
3.0994e-06
9.5367e-07
1.0014e-04
1.9073e-06
3.4094e-05
8.6403e-04
1.9073e-06
1.1921e-06
3.6955e-05
0.0000e+00
3.3140e-05
0.0000e+00
3.2902e-05
9.5367e-07
8.2016e-05
9.5367e-07
3.2902e-05
6.9284e-04
3.6001e-05
6.7902e-04
1.9073e-06
9.5367e-07
3.6001e-05
0.0000e+00
3.3140e-05
0.0000e+00
3.1948e-05
5.3406e-04
3.7193e-05
3.9291e-04
9.9182e-05
9.5367e-07
3.5048e-05
1.4806e-04
2.1458e-06
9.5367e-07
3.6001e-05
9.5367e-07
3.3140e-05
4.6182e-04
3.6955e-05
1.9073e-06
3.4094e-05
4.3797e-04
3.6955e-05
1.9073e-06
3.4094e-05
5.3787e-04
3.6955e-05
2.6107e-04
3.7909e-05
2.1629e-03
1.9073e-06
1.1921e-06
3.6955e-05
9.5367e-07
3.4094e-05
0.0000e+00
3.2902e-05
3.9601e-04
3.6001e-05
3.9196e-04
3.6955e-05
2.1458e-06
3.6001e-05
9.5367e-07
3.2902e-05
2.1458e-06
3.3855e-05
3.5310e-04
3.4809e-05
1.1921e-06
3.2902e-05
9.5367e-07
3.2902e-05
0.0000e+00
3.3140e-05
5.5885e-04
7.9870e-05
2.1458e-06
3.5048e-05
5.7316e-04
3.6955e-05
2.1458e-06
3.3855e-05
0.0000e+00
3.3140e-05
9.5367e-07
3.2902e-05
8.8120e-04
3.6955e-05
8.0013e-04
1.9073e-06
1.9073e-06
3.6001e-05
1.9073e-06
3.6001e-05
1.1921e-06
3.2902e-05
4.1199e-04
3.6001e-05
9.5367e-07
3.4094e-05
1.9073e-06
3.6001e-05
9.9683e-04
4.1008e-05
3.8300e-03
4.4107e-05
3.4595e-04
9.0122e-05
1.2207e-04
2.8610e-06
1.1921e-06
3.6001e-05
2.2984e-04
2.8610e-06
1.1921e-06
3.5048e-05
8.5378e-04
1.9073e-06
9.5367e-07
7.3910e-05
2.1458e-06
3.3855e-05
9.5367e-07
3.3140e-05
2.4660e-03
2.8610e-06
2.8610e-06
4.1008e-05
9.5367e-07
3.3855e-05
9.5367e-07
3.4094e-05
1.4160e-03
3.7909e-05
6.1798e-04
3.0994e-06
1.9073e-06
3.9101e-05
9.5367e-07
3.4094e-05
0.0000e+00
2.7490e-04
7.8297e-04
8.7976e-05
1.9073e-06
3.4094e-05
9.5367e-07
3.4094e-05
1.4069e-03
3.0994e-06
1.9073e-06
3.6955e-05
1.1921e-06
3.2902e-05
0.0000e+00
3.3140e-05
6.9499e-04
1.9073e-06
2.8682e-04
1.9073e-06
3.7718e-04
2.1458e-06
2.9016e-04
2.8610e-06
9.5367e-07
3.6955e-05
9.5367e-07
3.4094e-05
9.5367e-07
3.2902e-05
5.7817e-04
2.1458e-06
9.5367e-07
3.6001e-05
1.1611e-04
1.9073e-06
9.5367e-07
3.3855e-05
9.5367e-07
3.2902e-05
1.1897e-04
3.6001e-05
4.1890e-04
3.5048e-05
2.2912e-04
3.0994e-06
6.8283e-04
1.9073e-06
9.5367e-07
3.6955e-05
0.0000e+00
3.2902e-05
0.0000e+00
3.2902e-05
9.5367e-07
3.3140e-05
0.0000e+00
7.7963e-05
6.7806e-04
2.1458e-06
1.2302e-04
2.1458e-06
2.3985e-04
3.6955e-05
3.5405e-04
2.1458e-06
9.5367e-07
3.5048e-05
3.0684e-04
3.6001e-05
1.9073e-06
3.5048e-05
8.8692e-04
2.8610e-06
2.1458e-06
3.6955e-05
9.5367e-07
8.7976e-05
4.1008e-04
3.7193e-05
3.4690e-04
3.7193e-05
2.1100e-04
3.6001e-05
9.5367e-07
3.2902e-05
9.5367e-07
3.3140e-05
6.7210e-04
3.6955e-05
6.9690e-04
2.8610e-06
2.1458e-06
8.4877e-05
1.8215e-04
3.6001e-05
1.9073e-06
3.4094e-05
1.0896e-04
1.3399e-04
1.9073e-06
3.4094e-05
9.5367e-07
3.2902e-05
0.0000e+00
3.2902e-05
1.3859e-03
3.8147e-05
6.7806e-04
3.6955e-05
2.1458e-06
3.3855e-05
1.1790e-03
1.9073e-06
1.1921e-06
3.6001e-05
0.0000e+00
3.2902e-05
5.4097e-04
1.9073e-06
9.5367e-07
3.5048e-05
9.5367e-07
3.3855e-05
1.1921e-06
7.9870e-05
1.9073e-06
3.4094e-05
5.9199e-04
3.6001e-05
2.3699e-04
3.8147e-05
9.5367e-07
3.3140e-05
5.3191e-04
3.6955e-05
2.9302e-04
1.9181e-03
5.9605e-06
4.2915e-05
2.3291e-03
5.1975e-05
1.9073e-06
4.1008e-05
0.0000e+00
3.3140e-05
3.6788e-04
3.6001e-05
1.9073e-06
3.3140e-05
0.0000e+00
3.3140e-05
3.1018e-04
3.0994e-06
1.9073e-06
3.7909e-05
1.1921e-06
3.2902e-05
7.4005e-04
3.6955e-05
1.1921e-06
3.2902e-05
9.5367e-07
3.4094e-05
5.1785e-04
3.6955e-05
9.5367e-07
3.3140e-05
9.5367e-07
3.4094e-05
4.1103e-04
3.6001e-05
1.9073e-06
9.7036e-05
3.7060e-03
2.8610e-06
1.9073e-06
4.1962e-05
0.0000e+00
3.4094e-05
9.5367e-07
3.2902e-05
1.1921e-06
3.2902e-05
9.5367e-07
3.3140e-05
2.5680e-03
4.1962e-05
3.0994e-06
8.2016e-05
2.1458e-06
3.3855e-05
2.1458e-06
3.3855e-05
9.5367e-07
6.6996e-05
3.7620e-03
4.4107e-05
3.8147e-06
3.4094e-05
9.5367e-07
3.4094e-05
1.2050e-03
3.9816e-05
3.0994e-06
3.5048e-05
0.0000e+00
3.2902e-05
8.7094e-04
2.1458e-06
3.6693e-04
3.0994e-06
1.9073e-06
3.6955e-05
3.1519e-04
3.6955e-05
1.6999e-04
2.8610e-06
2.1458e-06
3.8862e-05
9.5367e-07
3.4094e-05
8.5497e-04
4.4823e-05
1.9073e-06
3.6955e-05
9.5367e-07
3.2902e-05
0.0000e+00
3.3140e-05
1.1921e-06
3.2902e-05
9.5367e-07
3.2902e-05
7.4410e-04
3.8147e-05
3.8505e-04
3.6001e-05
9.5367e-07
8.3923e-05
9.5367e-07
3.4094e-05
4.3178e-04
3.8862e-05
2.3103e-04
3.6001e-05
8.0204e-04
3.6955e-05
5.5599e-04
1.9073e-06
3.4904e-04
3.0994e-06
9.5367e-07
3.6955e-05
1.1921e-06
3.3855e-05
9.5367e-07
3.5048e-05
9.5367e-07
3.3140e-05
9.5367e-07
3.1948e-05
0.0000e+00
3.3140e-05
8.7285e-04
3.6955e-05
9.5367e-07
3.2902e-05
1.2801e-03
3.9101e-05
1.9073e-06
1.1611e-04
1.9073e-06
3.5048e-05
8.6308e-04
3.8147e-05
3.1090e-04
3.6001e-05
7.9012e-04
3.6955e-05
3.0994e-04
2.1458e-06
0.0000e+00
3.6001e-05
6.2943e-05
1.9073e-06
9.5367e-07
3.6001e-05
1.8215e-04
3.6001e-05
9.5367e-07
3.2902e-05
1.9073e-06
3.4094e-05
0.0000e+00
3.3140e-05
9.2816e-04
2.1458e-06
9.5367e-07
3.6955e-05
0.0000e+00
3.2902e-05
9.5367e-07
3.1948e-05
9.8205e-04
8.3923e-05
1.9073e-06
3.2902e-05
9.5367e-07
3.3140e-05
5.4216e-04
2.1458e-06
9.5367e-07
3.6001e-05
8.8000e-04
2.1458e-06
3.1900e-04
3.0994e-06
9.5367e-07
3.6001e-05
0.0000e+00
3.3140e-05
9.5367e-07
8.0109e-05
2.7299e-04
3.6001e-05
9.5367e-07
3.3140e-05
2.6989e-04
3.6001e-05
1.9073e-06
3.4094e-05
9.5367e-07
3.2902e-05
1.0211e-03
4.1008e-05
5.0092e-04
2.8610e-06
2.1458e-06
8.7976e-05
1.9073e-06
3.4094e-05
9.5367e-07
3.2902e-05
0.0000e+00
3.2902e-05
5.0807e-04
3.6001e-05
6.0010e-04
3.9101e-05
3.0994e-04
3.8862e-05
2.4741e-03
4.2915e-05
3.0994e-06
3.5048e-05
5.6041e-01
