3.0000e+00	3.0000e+00	3.9331e+00	2.4237e+00	3.691107e-06	9.717175e-02	1.964128e-05	9.717175e-02	1.879260e-01	4.894145e-03	1	
3.9331e+00	2.4237e+00									2
2.7935e+00	3.0550e+00	2.7776e+00	2.9252e+00	4.659745e-05	2.453781e-01	3.024255e-05	2.453781e-01	1.540791e+00	3.366442e-01	1	
2.7776e+00	2.9252e+00	2.2636e+00	2.1301e+00	1.270539e-03	1.234380e-01	4.659745e-05	1.234380e-01	2.726627e+01	5.703725e-01	1	
2.2636e+00	2.1301e+00	1.4433e+00	2.0295e+00	7.162698e-03	1.458493e-01	1.270539e-03	1.458493e-01	5.637528e+00	8.192327e-02	1	
1.4433e+00	2.0295e+00									2
9.4197e-01	3.6278e+00	1.8297e+00	2.3891e+00	1.719595e-03	4.051466e-02	1.416498e-04	4.051466e-02	1.213976e+01	2.334137e-01	1	
1.8297e+00	2.3891e+00	2.7139e+00	1.9475e+00	6.010664e-04	1.159382e-01	1.719595e-03	1.159382e-01	3.495396e-01	6.876361e-01	0	
1.8297e+00	2.3891e+00									2
2.6594e+00	2.7211e+00	4.4360e+00	1.8502e+00	1.532416e-06	1.167820e-02	1.143274e-04	1.167820e-02	1.340376e-02	8.167603e-01	0	
2.6594e+00	2.7211e+00									0.8000
