1.9727e-02
1.4091e-04
7.0095e-05
7.7491e-03
4.1962e-05
3.3855e-05
3.6001e-05
0.0000e+00
3.3140e-05
4.4799e-04
3.6001e-05
1.9073e-06
4.1008e-05
9.5367e-07
3.5048e-05
0.0000e+00
1.6880e-04
2.9142e-03
4.4107e-05
2.8610e-06
3.2902e-05
6.2108e-04
3.8147e-05
9.5367e-07
3.4094e-05
1.1921e-06
3.2902e-05
9.5367e-07
3.3140e-05
0.0000e+00
3.2902e-05
1.2600e-03
1.9073e-06
9.5367e-07
3.9816e-05
9.5367e-07
3.4094e-05
1.8001e-03
2.1458e-06
9.5367e-07
3.6001e-05
9.5367e-07
3.4094e-05
0.0000e+00
3.3140e-05
0.0000e+00
3.2902e-05
0.0000e+00
7.7009e-05
2.1458e-06
3.5048e-05
1.1921e-06
3.1948e-05
9.5367e-07
3.2187e-05
3.5095e-04
2.1458e-06
9.5367e-07
3.7909e-05
1.1921e-06
3.2902e-05
2.6393e-04
4.2796e-04
8.2517e-04
8.7976e-05
2.8610e-06
3.6001e-05
3.7599e-04
1.9073e-06
9.5367e-07
3.6001e-05
1.2159e-03
3.7909e-05
2.1458e-06
3.3855e-05
9.5367e-07
3.3140e-05
2.7089e-03
1.9073e-06
2.1458e-06
4.2915e-05
9.5367e-07
9.5129e-05
9.5367e-07
3.4094e-05
9.5367e-07
3.3140e-05
8.0838e-03
4.3154e-05
2.8610e-06
3.3855e-05
9.5367e-07
3.4094e-05
0.0000e+00
3.2902e-05
6.1350e-03
4.2915e-05
3.0994e-06
3.6001e-05
9.5367e-07
3.4094e-05
1.1921e-06
3.3855e-05
0.0000e+00
3.3140e-05
1.2178e-03
1.9073e-06
1.6306e-02
1.9073e-06
4.0531e-06
2.1505e-04
4.0531e-06
3.8862e-05
0.0000e+00
2.7609e-04
2.1458e-06
3.0494e-04
1.9073e-06
3.7909e-05
9.5367e-07
3.3140e-05
2.4822e-02
4.2915e-05
3.0994e-06
3.3855e-05
1.1921e-06
1.5593e-04
1.9073e-06
3.5048e-05
0.0000e+00
8.6069e-05
1.7130e-03
3.9101e-05
1.9073e-06
4.9996e-04
1.9073e-06
3.4094e-05
2.0094e-02
4.4107e-05
1.1495e-02
4.4107e-05
4.0531e-06
3.5048e-05
9.5367e-07
1.3590e-04
1.9073e-06
4.1008e-05
9.8162e-03
4.3869e-05
3.0994e-06
3.2902e-05
9.5367e-07
3.2902e-05
1.3690e-03
4.1008e-05
3.6180e-03
2.1458e-06
1.9073e-06
4.2200e-05
9.5367e-07
3.3855e-05
1.9073e-06
3.7193e-05
0.0000e+00
3.2902e-05
2.0962e-03
3.0994e-06
2.1458e-06
4.1962e-05
9.5367e-07
3.4094e-05
0.0000e+00
3.2902e-05
1.1921e-06
3.2902e-05
5.2979e-03
2.8610e-06
4.0531e-06
5.0068e-05
2.1458e-06
4.0770e-05
6.1421e-03
4.3869e-05
3.0994e-06
3.2902e-05
1.1921e-06
3.2902e-05
2.1021e-03
1.9073e-06
1.9073e-06
4.1008e-05
9.5367e-07
3.3140e-05
9.5367e-07
3.4094e-05
3.4652e-03
2.1458e-06
9.5367e-07
4.0054e-05
8.6617e-04
1.9073e-06
1.9073e-06
3.7909e-05
1.1921e-06
3.3855e-05
8.6999e-04
4.1962e-05
1.9073e-06
3.4094e-05
1.5740e-03
4.1962e-05
5.1498e-04
1.1086e-04
4.2820e-03
6.6042e-05
3.0994e-06
3.3855e-05
0.0000e+00
3.3140e-05
0.0000e+00
3.3140e-05
6.8998e-03
3.0994e-06
5.0068e-06
4.7922e-05
9.5367e-07
3.3855e-05
0.0000e+00
1.2183e-04
1.1921e-06
3.6001e-05
0.0000e+00
3.2902e-05
1.1921e-06
3.2902e-05
3.6960e-03
1.9073e-06
3.0994e-06
4.3869e-05
9.5367e-07
3.3855e-05
9.5367e-07
3.4094e-05
9.5367e-07
3.3140e-05
9.6362e-03
3.0994e-06
1.9073e-06
4.4823e-05
1.1921e-06
3.3855e-05
1.0190e-03
1.9073e-06
2.1458e-06
3.9101e-05
1.1921e-06
3.3855e-05
1.1921e-06
3.1948e-05
9.5367e-07
3.3140e-05
1.9073e-06
1.0610e-04
2.0660e-02
2.8610e-06
2.8610e-06
4.2200e-05
9.5367e-07
3.3855e-05
0.0000e+00
3.2902e-05
9.5367e-07
3.3140e-05
9.5367e-07
3.3140e-05
7.8082e-04
1.9073e-06
1.0111e-03
2.1458e-06
8.3923e-05
1.9073e-06
9.5367e-07
3.8862e-05
0.0000e+00
3.4094e-05
0.0000e+00
3.2902e-05
1.1921e-06
3.2902e-05
0.0000e+00
3.3140e-05
9.5367e-07
3.2902e-05
9.5367e-07
3.3140e-05
3.9799e-03
1.0991e-04
4.0531e-06
9.2983e-05
9.5367e-07
5.3167e-05
2.4259e-03
1.9073e-06
9.5367e-07
3.8862e-05
6.9594e-04
2.1458e-06
9.5367e-07
3.8147e-05
0.0000e+00
3.2902e-05
1.1921e-06
3.3855e-05
2.1458e-06
3.5048e-05
9.5367e-07
3.2902e-05
1.1921e-06
3.2902e-05
1.1370e-03
2.1458e-06
0.0000e+00
3.6955e-05
0.0000e+00
3.3140e-05
2.7394e-04
3.7909e-05
1.9073e-06
3.4094e-05
2.1458e-06
3.6001e-05
1.9073e-06
3.4094e-05
0.0000e+00
3.3140e-05
1.1921e-06
3.2902e-05
9.9611e-04
3.8147e-05
1.0099e-03
2.1458e-06
9.5367e-07
3.6955e-05
9.5367e-07
3.4094e-05
9.5367e-07
8.0109e-05
1.0250e-03
3.7909e-05
3.8886e-04
1.9073e-06
0.0000e+00
3.6001e-05
1.1921e-06
3.4809e-05
1.1921e-06
3.3855e-05
0.0000e+00
3.2187e-05
0.0000e+00
3.2902e-05
9.5367e-07
8.4162e-05
9.5367e-07
3.3140e-05
1.1921e-06
3.2902e-05
9.5367e-07
3.3140e-05
9.5367e-07
3.4094e-05
0.0000e+00
3.2902e-05
3.3250e-03
1.9073e-06
1.1921e-06
3.7909e-05
9.5367e-07
8.2016e-05
2.1458e-06
3.3855e-05
0.0000e+00
3.3140e-05
0.0000e+00
3.3140e-05
0.0000e+00
3.2902e-05
9.5367e-07
3.3140e-05
0.0000e+00
3.2902e-05
0.0000e+00
3.3140e-05
9.5367e-07
3.5048e-05
9.5367e-07
3.4094e-05
0.0000e+00
3.3140e-05
1.8671e-03
3.7909e-05
6.0987e-04
2.8610e-06
2.1458e-06
3.6001e-05
5.4884e-04
2.8610e-06
2.1458e-06
3.6955e-05
3.7408e-04
2.1315e-04
8.2898e-04
1.9073e-06
9.5367e-07
3.8147e-05
0.0000e+00
3.3140e-05
9.5367e-07
3.3855e-05
1.9391e-03
1.9073e-06
2.1458e-06
3.8862e-05
9.5367e-07
3.4094e-05
0.0000e+00
3.3140e-05
2.1458e-06
3.6001e-05
1.1921e-06
3.3855e-05
9.5367e-07
3.3140e-05
9.5367e-07
3.1948e-05
0.0000e+00
3.2902e-05
1.4305e-04
3.0994e-06
1.9073e-06
3.6001e-05
9.5367e-07
3.3140e-05
1.1921e-06
3.5048e-05
9.5367e-07
3.2902e-05
0.0000e+00
3.2902e-05
2.4180e-03
3.7193e-05
1.0018e-03
1.9073e-06
2.6202e-04
1.9073e-06
9.5367e-07
3.8862e-05
9.5367e-07
3.4094e-05
9.5367e-07
7.9155e-05
9.5367e-07
3.5048e-05
9.5367e-07
3.3140e-05
0.0000e+00
3.1948e-05
9.5367e-07
3.3140e-05
1.1921e-06
3.2902e-05
9.5367e-07
3.3140e-05
9.5367e-07
3.1948e-05
1.3611e-03
8.2970e-05
3.0994e-06
3.2902e-05
9.5367e-07
3.4094e-05
9.5367e-07
3.3140e-05
1.1921e-06
3.3855e-05
1.1899e-03
3.6955e-05
9.5367e-07
3.3140e-05
9.5367e-07
8.7023e-05
2.1458e-06
1.6785e-04
2.1009e-03
4.2915e-05
3.0994e-06
3.2902e-05
1.1921e-06
3.3855e-05
3.3402e-04
1.9073e-06
8.6904e-04
2.1458e-06
0.0000e+00
3.6955e-05
4.7398e-04
2.1458e-06
9.5367e-07
4.0054e-05
2.1458e-06
3.6001e-05
1.1921e-06
3.3855e-05
0.0000e+00
3.8147e-05
9.5367e-07
3.3140e-05
8.6308e-04
3.8147e-05
9.5367e-07
3.4094e-05
7.4697e-04
2.1458e-06
1.9073e-06
3.8147e-05
1.0302e-03
2.8610e-06
9.5367e-07
3.7193e-05
9.5367e-07
3.3855e-05
1.1921e-06
4.4823e-05
1.1802e-04
2.8610e-06
6.4707e-04
2.1458e-06
4.1294e-04
3.0994e-06
9.5367e-07
3.6001e-05
2.1458e-06
3.4809e-05
1.1921e-06
8.2970e-05
1.9073e-06
3.4094e-05
9.5367e-07
3.2902e-05
4.3988e-04
3.6955e-05
7.6485e-04
3.5310e-04
2.1458e-06
3.6001e-05
5.4193e-04
3.0994e-06
9.5367e-07
3.6001e-05
0.0000e+00
8.4162e-05
6.3896e-04
4.9114e-05
1.9073e-06
3.4094e-05
9.5367e-07
3.7909e-05
2.7490e-04
3.6001e-05
1.9073e-06
4.5061e-05
8.2684e-04
3.6955e-05
1.9073e-06
4.6015e-05
2.8610e-06
4.6968e-05
9.8491e-04
2.1458e-06
9.5367e-07
3.6955e-05
1.1921e-06
3.3855e-05
0.0000e+00
3.3140e-05
8.1587e-04
3.6955e-05
1.1921e-06
3.6001e-05
9.5367e-07
3.2902e-05
9.5367e-07
3.7193e-05
0.0000e+00
3.2902e-05
1.1752e-03
3.6955e-05
1.1051e-03
1.9073e-06
3.0994e-06
4.1008e-05
0.0000e+00
3.3140e-05
1.1921e-06
3.3855e-05
2.1458e-06
3.4809e-05
9.5367e-07
9.6083e-05
9.9492e-04
4.6968e-05
3.4595e-04
3.6001e-05
1.9073e-06
4.3154e-05
1.9073e-06
3.5048e-05
9.5367e-07
3.3140e-05
9.5367e-07
4.4823e-05
2.1458e-06
8.1062e-05
1.9073e-06
3.5048e-05
3.5472e-03
3.0994e-06
5.4097e-04
3.0994e-06
9.5367e-07
3.9101e-05
1.1921e-06
3.4809e-05
0.0000e+00
3.2902e-05
6.7902e-04
2.1458e-06
9.5367e-07
3.9101e-05
9.5367e-07
3.3855e-05
2.8610e-06
3.7193e-05
0.0000e+00
3.2902e-05
9.5367e-07
3.3140e-05
1.2875e-05
3.5048e-05
1.0459e-03
1.9073e-06
1.1921e-06
3.7909e-05
8.4305e-04
1.9073e-06
1.1396e-04
3.0994e-06
9.5367e-07
3.6955e-05
5.5599e-04
3.6955e-05
6.2203e-04
3.7193e-05
2.1458e-06
3.3855e-05
1.3731e-03
3.7909e-05
9.5367e-07
3.2902e-05
1.1921e-06
3.7909e-05
9.5367e-07
3.4094e-05
9.5367e-07
8.7023e-05
1.1921e-06
3.5048e-05
0.0000e+00
3.2902e-05
1.2400e-03
2.8610e-06
9.5367e-07
3.7193e-05
5.5149e-03
4.2915e-05
1.9073e-06
3.3855e-05
9.5367e-07
3.4094e-05
2.0370e-03
2.1458e-06
1.9073e-06
9.0837e-05
6.0701e-04
1.9073e-06
9.5367e-07
3.7193e-05
1.8489e-03
3.0994e-06
1.9073e-06
3.9816e-05
0.0000e+00
3.3855e-05
9.5367e-07
3.4094e-05
9.5367e-07
3.3140e-05
1.1921e-06
3.3855e-05
1.5593e-04
1.9073e-06
2.6488e-04
2.1458e-06
9.5367e-07
3.6001e-05
9.5367e-07
3.2902e-05
9.5367e-07
3.3140e-05
9.5367e-07
3.3855e-05
0.0000e+00
3.2902e-05
4.4107e-04
2.1458e-06
1.9073e-06
3.7909e-05
1.1921e-06
3.6001e-05
4.0689e-03
4.2915e-05
3.0994e-06
3.4094e-05
1.1921e-06
3.2902e-05
8.9717e-04
2.8610e-06
1.1921e-06
3.6955e-05
7.8797e-04
3.6955e-05
1.9073e-06
3.5048e-05
9.5367e-07
3.7193e-05
1.1921e-06
3.6001e-05
0.0000e+00
3.2902e-05
1.1921e-06
3.2902e-05
0.0000e+00
3.3140e-05
1.0412e-02
2.1458e-06
1.9073e-06
4.3154e-05
1.1802e-04
2.1458e-06
8.8930e-05
2.1458e-06
6.1989e-04
1.9073e-06
1.9073e-06
3.6001e-05
5.3191e-04
2.8610e-06
9.5367e-07
3.6001e-05
7.2002e-05
5.5099e-04
2.1458e-06
3.6955e-05
7.4601e-04
3.6955e-05
1.3559e-03
2.8610e-06
1.1921e-06
3.8862e-05
9.5367e-07
8.7976e-05
2.1458e-06
3.3855e-05
3.3712e-04
2.1458e-06
1.9073e-06
4.1008e-05
1.1921e-06
3.3855e-05
9.5367e-07
3.3140e-05
8.9002e-04
2.1458e-06
9.5367e-07
3.6955e-05
0.0000e+00
3.3140e-05
1.9073e-06
3.6001e-05
0.0000e+00
3.2902e-05
2.4891e-03
4.1008e-05
5.9795e-04
1.2803e-04
8.6498e-04
1.9073e-06
1.1921e-06
4.6968e-05
1.1921e-06
3.3855e-05
0.0000e+00
3.2902e-05
0.0000e+00
8.7023e-05
1.8671e-03
3.9816e-05
2.1458e-06
3.2902e-05
9.5367e-07
3.4094e-05
0.0000e+00
3.3140e-05
7.6389e-04
3.0994e-06
9.5367e-07
3.6001e-05
1.1921e-06
3.6955e-05
9.5367e-07
8.5115e-05
9.5367e-07
3.4094e-05
6.5684e-04
1.9073e-06
1.6372e-03
1.9073e-06
1.1921e-06
3.7909e-05
1.9073e-06
3.4094e-05
5.8389e-04
3.9101e-05
3.8004e-04
6.7949e-05
1.9073e-06
3.5048e-05
1.2429e-03
1.9073e-06
9.5367e-07
3.6955e-05
6.9141e-06
8.5115e-05
5.5790e-04
3.6955e-05
8.9097e-04
2.8610e-06
1.9073e-06
7.9870e-05
4.0603e-04
3.7909e-05
7.8392e-04
1.9073e-06
0.0000e+00
3.6001e-05
9.5367e-07
3.5048e-05
5.7292e-04
3.6955e-05
9.5367e-07
3.2902e-05
9.5367e-07
3.3140e-05
9.5367e-07
3.2902e-05
0.0000e+00
3.3140e-05
0.0000e+00
3.1948e-05
9.5367e-07
8.0109e-05
2.2349e-03
1.9073e-06
9.5367e-07
3.6955e-05
8.7404e-04
2.1458e-06
9.5367e-07
3.6955e-05
7.2956e-05
1.9073e-06
8.2016e-05
1.9073e-06
1.1921e-06
3.6001e-05
9.5367e-07
3.3855e-05
0.0000e+00
3.1948e-05
9.5367e-07
3.6001e-05
2.1458e-06
3.2902e-05
0.0000e+00
3.2902e-05
9.5367e-07
3.3140e-05
9.5367e-07
3.2902e-05
1.1921e-06
3.2902e-05
9.5367e-07
3.3140e-05
2.0719e-03
1.9073e-06
2.1458e-06
8.9884e-05
5.9104e-04
4.0054e-05
7.2980e-04
4.0054e-05
2.8610e-06
3.4094e-05
9.5367e-07
3.4094e-05
2.1660e-03
4.1008e-05
1.9073e-06
3.2902e-05
9.5367e-07
3.4094e-05
1.9073e-06
3.5048e-05
1.6930e-03
2.8610e-06
1.9073e-06
3.9816e-05
2.2390e-03
1.9073e-06
9.5367e-07
4.1008e-05
9.5367e-07
3.4094e-05
9.5367e-07
3.2902e-05
9.5367e-07
3.3140e-05
0.0000e+00
8.7023e-05
2.7010e-03
3.0994e-06
1.9073e-06
3.9816e-05
9.5367e-07
3.2902e-05
0.0000e+00
3.3140e-05
9.5367e-07
3.3140e-05
9.5367e-07
3.2902e-05
9.5367e-07
3.4094e-05
1.0769e-03
2.8610e-06
3.0994e-06
4.1008e-05
9.5367e-07
3.4094e-05
9.5367e-07
3.3855e-05
0.0000e+00
3.3140e-05
1.2169e-03
3.8862e-05
2.1458e-06
3.3855e-05
0.0000e+00
3.2902e-05
9.5367e-07
7.7963e-05
2.1458e-06
3.6001e-05
5.5695e-04
3.6955e-05
8.8286e-04
1.9073e-06
2.1458e-06
3.6955e-05
9.5367e-07
3.2902e-05
0.0000e+00
3.2902e-05
3.8910e-04
2.8610e-06
1.1921e-06
3.6001e-05
4.7398e-04
2.1458e-06
1.9073e-06
3.6955e-05
3.0839e-03
1.9073e-06
9.5367e-07
4.1008e-05
9.5367e-07
3.4094e-05
5.0306e-04
3.6001e-05
9.2506e-04
3.8862e-05
1.9073e-06
3.2902e-05
9.5010e-04
3.9101e-05
3.3307e-04
2.1458e-06
9.1887e-04
1.9073e-06
1.1921e-06
3.6955e-05
9.5367e-07
3.2902e-05
0.0000e+00
3.3140e-05
0.0000e+00
3.1948e-05
9.5367e-07
3.4094e-05
0.0000e+00
3.2902e-05
9.5367e-07
1.4114e-04
5.0592e-04
5.0068e-06
9.5367e-07
3.7909e-05
7.8106e-04
5.0068e-06
9.5367e-07
9.1076e-05
1.9073e-06
8.8930e-05
1.1921e-06
8.7976e-05
4.5059e-03
4.1962e-05
3.6812e-04
2.1458e-06
9.5367e-07
8.5115e-05
8.5187e-04
3.0994e-06
4.0412e-04
2.1458e-06
9.5367e-07
3.9101e-05
0.0000e+00
3.2902e-05
9.5367e-07
3.4094e-05
4.8304e-04
1.9073e-06
0.0000e+00
3.6001e-05
9.5367e-07
3.4094e-05
0.0000e+00
8.0824e-05
5.6291e-04
2.1458e-06
9.5367e-07
3.6955e-05
9.5367e-07
3.3140e-05
1.8101e-03
3.8147e-05
3.4881e-04
1.9073e-06
0.0000e+00
3.6001e-05
1.1921e-06
3.3855e-05
0.0000e+00
3.3140e-05
9.5367e-07
8.1062e-05
9.5367e-07
3.4094e-05
0.0000e+00
3.2902e-05
9.5367e-07
3.4094e-05
3.2918e-03
3.0994e-06
1.9073e-06
4.1962e-05
9.5367e-07
3.4094e-05
9.5367e-07
3.4094e-05
9.5367e-07
8.6069e-05
9.5367e-07
3.4094e-05
8.5962e-03
1.9073e-06
2.2483e-04
3.0994e-06
5.4693e-04
1.9073e-06
2.1458e-06
4.1962e-05
9.5367e-07
4.1962e-05
1.1921e-06
3.3855e-05
1.1921e-06
3.6001e-05
9.3198e-04
2.8610e-06
1.9073e-06
3.9101e-05
9.5367e-07
3.5048e-05
9.5367e-07
3.4094e-05
9.5367e-07
3.2902e-05
1.1921e-06
3.2902e-05
1.4961e-03
3.7909e-05
3.0994e-06
3.3855e-05
8.5402e-04
1.9073e-06
9.5367e-07
3.6955e-05
2.2101e-04
3.6001e-05
2.1791e-04
3.6955e-05
1.9073e-06
3.3140e-05
9.5367e-07
3.1948e-05
1.1921e-06
3.2902e-05
9.5367e-07
3.4094e-05
1.3819e-03
8.2970e-05
3.3998e-04
2.1458e-06
0.0000e+00
3.6001e-05
9.5367e-07
3.3140e-05
3.5501e-04
2.8610e-06
9.5367e-07
3.6001e-05
9.5367e-07
3.1948e-05
3.9506e-04
3.6001e-05
1.9073e-06
3.4094e-05
2.1458e-06
3.6001e-05
5.4383e-04
3.6955e-05
2.3699e-04
3.6001e-05
4.9591e-04
2.1458e-06
3.4189e-04
2.1458e-06
9.5367e-07
3.6001e-05
9.5367e-07
3.1948e-05
0.0000e+00
3.2902e-05
1.1921e-06
7.7963e-05
1.9073e-06
3.5048e-05
3.5970e-03
1.9073e-06
1.9073e-06
4.1008e-05
9.5367e-07
3.2902e-05
9.2196e-04
3.8147e-05
4.3583e-04
3.6955e-05
2.1458e-06
3.3855e-05
2.0041e-03
1.9073e-06
1.1921e-06
8.8930e-05
2.1458e-06
3.3855e-05
9.5367e-07
3.3140e-05
9.5367e-07
3.4094e-05
0.0000e+00
3.2902e-05
1.5402e-04
3.0994e-06
9.5367e-07
3.6955e-05
0.0000e+00
3.3855e-05
9.5367e-07
8.0109e-05
4.2796e-04
3.6001e-05
7.9393e-04
2.1458e-06
9.5367e-07
3.6001e-05
7.3504e-04
3.0994e-06
1.9073e-06
3.6001e-05
9.5367e-07
3.3140e-05
0.0000e+00
3.3140e-05
0.0000e+00
3.1948e-05
1.9073e-06
3.6001e-05
0.0000e+00
3.3140e-05
9.5367e-07
3.2902e-05
0.0000e+00
3.2902e-05
9.5367e-07
3.3140e-05
0.0000e+00
3.2902e-05
2.1458e-06
3.2902e-05
0.0000e+00
7.9155e-05
9.5367e-07
3.4094e-05
2.0030e-03
2.1458e-06
9.5367e-07
3.9101e-05
1.6959e-03
2.8610e-06
9.5367e-07
3.9101e-05
9.5367e-07
3.3140e-05
9.5367e-07
3.4094e-05
1.1730e-03
1.9073e-06
2.2006e-04
1.9073e-06
9.8944e-05
6.1989e-05
2.1458e-06
3.8862e-05
2.1458e-06
3.2902e-05
3.1304e-04
1.9073e-06
9.5367e-07
3.6001e-05
9.5367e-07
3.3855e-05
0.0000e+00
3.2902e-05
0.0000e+00
3.3140e-05
0.0000e+00
7.7009e-05
9.5367e-07
3.5048e-05
1.2100e-03
3.7909e-05
2.7800e-04
1.9073e-06
1.9073e-06
3.8147e-05
9.5367e-07
3.4094e-05
9.5367e-07
3.2902e-05
1.9150e-03
3.6001e-05
8.5688e-04
3.6955e-05
6.3109e-04
3.0994e-06
9.5367e-07
3.6001e-05
9.5367e-07
3.4094e-05
5.0902e-04
2.8610e-06
0.0000e+00
3.6955e-05
9.5367e-07
3.4094e-05
0.0000e+00
3.2902e-05
3.8099e-04
3.6001e-05
1.9073e-06
1.8311e-04
1.9073e-06
3.4094e-05
5.3191e-04
3.6955e-05
9.5367e-07
3.3140e-05
6.3515e-04
3.7193e-05
1.9073e-06
3.4094e-05
9.5367e-07
3.2902e-05
4.2105e-04
3.6001e-05
1.9073e-06
3.6001e-05
3.9792e-04
3.6955e-05
3.6097e-04
3.6955e-05
9.5367e-07
3.1948e-05
2.4295e-04
3.6955e-05
7.7701e-04
3.7193e-05
9.5367e-07
3.3140e-05
1.1921e-06
3.2902e-05
1.9073e-06
3.6001e-05
2.1291e-04
1.9073e-06
1.1921e-06
3.6955e-05
0.0000e+00
3.3140e-05
1.1921e-06
3.2902e-05
9.5367e-07
3.3140e-05
9.5367e-07
3.3140e-05
9.5367e-07
3.3855e-05
1.9073e-06
3.6001e-05
3.5341e-03
3.0994e-06
1.9073e-06
4.0054e-05
9.5367e-07
3.4094e-05
9.5367e-07
3.3855e-05
8.2517e-04
3.9101e-05
9.5367e-07
3.3140e-05
1.0519e-03
2.1458e-06
9.5367e-07
9.2030e-05
1.1921e-06
3.2902e-05
1.0340e-03
1.9073e-06
1.1921e-06
3.8862e-05
9.5367e-07
3.2902e-05
0.0000e+00
3.3140e-05
9.5367e-07
3.2902e-05
4.8995e-04
3.6955e-05
6.2799e-04
8.4877e-05
9.5367e-07
3.4809e-05
1.1921e-06
3.2902e-05
8.3208e-04
3.6955e-05
9.5367e-07
3.3855e-05
8.0800e-04
1.9073e-06
9.5367e-07
3.6001e-05
0.0000e+00
3.3855e-05
2.5530e-03
3.0994e-06
4.0531e-06
1.1301e-04
1.9073e-06
4.0054e-05
9.5367e-07
3.3140e-05
9.5367e-07
3.3140e-05
7.7119e-03
2.8610e-06
1.9073e-06
4.3154e-05
9.5367e-07
3.3855e-05
1.1921e-06
3.3855e-05
7.2956e-05
2.8610e-06
4.3893e-04
1.9073e-06
2.1458e-06
3.8862e-05
1.1921e-06
3.3855e-05
1.0014e-04
2.1458e-06
9.5367e-07
4.1962e-05
1.3330e-03
1.9073e-06
3.9196e-04
1.9073e-06
2.1458e-06
3.8862e-05
0.0000e+00
3.3140e-05
0.0000e+00
8.7023e-05
1.9073e-06
3.4094e-05
3.8910e-04
3.8147e-05
9.0218e-04
3.8147e-05
2.1458e-06
3.2902e-05
2.3899e-03
1.9073e-06
1.9073e-06
3.9816e-05
1.1921e-06
3.2902e-05
9.5367e-07
7.9155e-05
9.5367e-07
3.5048e-05
9.5367e-07
3.3140e-05
9.5367e-07
3.1948e-05
9.5367e-07
3.3140e-05
1.9560e-03
4.0054e-05
7.1311e-04
3.9101e-05
9.5367e-07
3.4094e-05
0.0000e+00
8.3923e-05
9.5367e-07
3.6001e-05
1.3711e-03
2.1458e-06
9.5367e-07
3.6955e-05
9.5367e-07
3.3140e-05
3.4690e-04
1.9073e-06
0.0000e+00
3.6001e-05
9.5367e-07
3.3140e-05
6.2585e-04
3.0994e-06
9.5367e-07
8.2016e-05
4.5300e-04
3.7909e-05
9.5367e-07
3.3140e-05
2.7800e-04
3.6955e-05
6.0296e-04
1.9073e-06
1.1921e-06
3.6001e-05
9.5367e-07
3.2902e-05
1.1921e-06
3.2902e-05
0.0000e+00
7.5102e-05
1.9073e-06
3.6001e-05
0.0000e+00
3.2902e-05
9.5367e-07
3.4094e-05
9.0885e-04
3.6955e-05
6.0892e-04
3.6955e-05
9.5367e-07
3.3140e-05
0.0000e+00
3.3140e-05
1.1921e-06
7.9870e-05
2.1458e-06
3.2902e-05
9.5105e-04
3.6955e-05
1.1921e-06
3.2902e-05
8.2397e-04
3.6955e-05
9.5367e-07
3.4094e-05
2.5892e-04
3.6001e-05
2.1601e-04
3.6955e-05
2.0759e-03
3.0994e-06
9.5367e-07
1.1206e-04
5.5194e-04
1.9073e-06
1.1921e-06
3.6955e-05
0.0000e+00
3.2902e-05
1.1921e-06
3.3855e-05
6.2609e-04
2.1458e-06
9.5367e-07
3.6001e-05
9.5367e-07
3.2902e-05
1.1921e-06
7.9870e-05
2.1458e-06
3.2902e-05
1.0521e-03
2.1458e-06
9.5367e-07
3.6001e-05
0.0000e+00
3.3140e-05
9.5367e-07
3.3855e-05
8.1015e-04
1.9073e-06
1.5187e-04
1.9073e-06
3.0041e-05
1.9073e-06
1.1921e-06
3.6001e-05
1.9073e-06
3.6001e-05
9.1696e-04
2.1458e-06
9.5367e-07
3.6001e-05
2.4295e-04
1.9073e-06
1.1921e-06
3.6955e-05
9.5367e-07
3.4094e-05
9.5367e-07
3.2902e-05
0.0000e+00
3.2902e-05
9.6989e-04
1.5402e-04
1.6601e-03
4.4107e-05
3.0994e-06
6.1035e-05
1.9073e-06
3.5048e-05
3.0200e-03
1.9073e-06
2.1458e-06
4.1962e-05
9.5367e-07
3.4094e-05
2.9993e-04
3.6955e-05
1.9073e-06
8.4162e-05
7.8487e-04
1.9073e-06
9.5367e-07
3.6955e-05
5.7602e-04
7.3910e-05
1.9073e-06
3.4094e-05
9.5367e-07
7.7009e-05
1.9073e-06
3.5048e-05
3.9070e-03
3.0994e-06
2.1458e-06
4.0770e-05
9.5367e-07
8.5115e-05
1.9073e-06
3.4094e-05
9.5367e-07
3.2902e-05
8.3709e-04
2.1458e-06
1.4350e-03
2.1458e-06
1.9073e-06
3.9101e-05
0.0000e+00
3.2902e-05
9.5367e-07
3.3140e-05
6.8784e-04
1.9073e-06
1.2112e-04
1.9073e-06
2.1458e-06
3.6955e-05
9.5367e-07
3.3855e-05
0.0000e+00
3.2902e-05
0.0000e+00
4.6015e-05
1.1091e-03
2.1458e-06
9.5367e-07
3.6001e-05
0.0000e+00
3.3140e-05
9.5367e-07
3.3140e-05
9.5367e-07
3.4094e-05
0.0000e+00
3.3140e-05
9.5367e-07
3.2902e-05
0.0000e+00
3.2902e-05
9.5367e-07
3.2187e-05
7.8988e-04
2.1458e-06
9.5367e-07
3.6955e-05
9.5367e-07
3.3140e-05
1.9073e-06
3.6001e-05
1.3440e-03
1.9073e-06
2.1458e-06
3.6955e-05
9.5367e-07
3.3855e-05
0.0000e+00
3.2902e-05
9.5367e-07
3.3140e-05
9.5367e-07
3.1948e-05
6.7210e-04
3.6955e-05
1.1921e-06
7.8917e-05
3.8695e-04
3.6955e-05
9.5367e-07
3.3140e-05
1.1921e-06
3.2902e-05
6.2799e-04
3.7193e-05
4.2081e-04
3.6955e-05
9.5367e-07
3.3140e-05
3.4595e-04
3.7193e-05
2.1458e-06
3.6001e-05
9.5367e-07
3.3140e-05
9.0599e-04
1.9073e-06
9.5367e-07
3.6001e-05
3.4785e-04
3.6001e-05
1.9073e-06
3.4094e-05
0.0000e+00
3.2902e-05
9.5367e-07
3.3140e-05
8.4186e-04
1.9073e-06
9.5367e-07
3.6001e-05
6.1512e-04
1.9073e-06
1.1921e-06
3.5048e-05
0.0000e+00
3.2902e-05
9.5797e-04
3.6001e-05
5.9605e-04
3.6955e-05
1.1921e-06
3.2902e-05
6.1917e-04
9.7990e-05
2.1458e-06
3.5048e-05
1.4100e-03
3.0994e-06
1.1921e-06
3.6001e-05
2.8586e-04
1.9073e-06
9.5367e-07
3.6001e-05
2.4986e-04
1.9073e-06
9.5367e-07
3.4809e-05
1.1921e-06
3.3855e-05
9.5367e-07
3.4094e-05
1.9073e-06
3.6001e-05
8.8906e-04
3.0994e-06
3.5870e-03
2.8610e-06
5.9605e-06
4.3154e-05
9.5367e-07
3.4094e-05
9.5367e-07
3.3855e-05
0.0000e+00
3.3140e-05
0.0000e+00
3.3140e-05
9.5367e-07
1.0490e-04
8.9097e-04
1.9073e-06
1.1921e-06
3.6001e-05
1.1921e-06
3.2902e-05
9.5367e-07
3.2187e-05
1.0779e-03
4.0054e-05
2.1458e-06
3.2902e-05
9.5367e-07
3.3140e-05
1.0819e-03
2.1458e-06
1.5998e-04
2.1458e-06
9.5367e-07
3.6001e-05
4.4799e-04
3.0994e-06
3.1271e-03
3.0994e-06
2.8610e-06
4.1008e-05
1.1921e-06
3.3855e-05
2.1789e-03
2.1458e-06
3.0994e-06
4.2915e-05
4.2605e-04
2.1458e-06
9.5367e-07
7.5102e-05
1.9073e-06
8.9169e-05
9.5367e-07
3.2902e-05
0.0000e+00
3.2902e-05
9.5367e-07
3.2902e-05
4.7359e-03
2.8610e-06
2.1458e-06
4.1962e-05
9.5367e-07
3.3140e-05
2.8300e-04
2.8610e-06
2.1458e-06
3.6955e-05
1.9073e-06
3.6001e-05
9.5367e-07
3.4094e-05
9.5367e-07
3.2902e-05
1.1921e-06
3.2902e-05
0.0000e+00
3.3140e-05
2.2469e-03
1.9073e-06
9.5367e-07
3.8147e-05
1.9073e-06
3.4094e-05
1.1921e-06
3.3855e-05
0.0000e+00
3.2902e-05
9.5367e-07
3.3140e-05
9.5367e-07
3.3140e-05
9.5367e-07
3.1948e-05
9.5367e-07
3.3140e-05
9.5367e-07
3.3140e-05
1.1818e-03
8.3923e-05
7.9107e-04
2.1458e-06
9.5367e-07
3.6955e-05
0.0000e+00
3.4094e-05
1.2088e-04
3.5048e-05
8.4901e-04
3.6955e-05
9.5367e-07
3.2902e-05
9.5367e-07
3.3140e-05
9.5367e-07
7.7009e-05
9.5367e-07
3.5048e-05
9.5367e-07
3.3140e-05
1.0991e-04
3.0994e-06
1.9073e-06
3.6955e-05
1.1921e-06
3.1948e-05
1.5631e-03
2.1458e-06
9.5367e-07
3.6955e-05
9.5367e-07
3.4094e-05
9.5367e-07
8.0109e-05
2.1458e-06
3.3855e-05
0.0000e+00
3.2902e-05
9.5367e-07
3.3140e-05
2.4128e-03
3.7909e-05
5.1498e-04
2.8610e-06
9.5367e-07
3.8147e-05
3.2496e-04
1.9073e-06
9.5367e-07
3.6001e-05
1.9073e-06
3.6001e-05
2.1458e-06
3.2902e-05
9.5367e-07
3.3140e-05
9.5367e-07
3.2902e-05
9.5367e-07
3.2902e-05
1.7741e-03
1.9073e-06
9.5367e-07
3.6001e-05
5.5003e-04
3.0994e-06
1.9073e-06
8.2970e-05
9.5367e-07
3.3855e-05
0.0000e+00
3.3140e-05
0.0000e+00
3.2902e-05
1.0271e-03
3.7193e-05
7.3290e-04
1.9073e-06
9.5367e-07
3.6001e-05
0.0000e+00
3.2902e-05
9.5367e-07
7.8917e-05
9.5367e-07
3.2902e-05
1.1921e-06
3.2902e-05
1.0509e-03
1.9073e-06
9.0122e-05
1.9073e-06
2.8992e-04
3.0994e-06
9.5367e-07
3.6001e-05
9.5367e-07
3.4094e-05
8.2898e-04
2.1458e-06
9.5367e-07
3.7909e-05
1.1921e-06
3.6001e-05
0.0000e+00
3.2902e-05
1.1921e-06
3.2902e-05
9.5367e-07
3.3140e-05
7.2193e-04
3.7909e-05
1.9073e-06
3.4094e-05
0.0000e+00
3.3140e-05
4.3180e-03
2.8610e-06
2.8610e-06
4.4107e-05
5.6124e-01
