2.3300e-02
8.7404e-04
7.2002e-05
2.8610e-06
3.4094e-05
1.1706e-04
3.6001e-05
9.5367e-07
3.3140e-05
1.0641e-01
2.8610e-06
8.1062e-06
1.3421e-02
1.0014e-05
5.7259e-03
1.4279e-03
4.7207e-05
5.0068e-06
3.8147e-05
5.0068e-06
4.3869e-05
1.9499e-02
2.1458e-06
7.1526e-06
7.7009e-05
1.9073e-06
3.5048e-05
3.6955e-05
3.6001e-05
9.5367e-07
3.4094e-05
1.0010e-01
3.0994e-06
6.1989e-06
1.2183e-04
1.9073e-06
3.5048e-05
9.5367e-07
4.6968e-05
2.1458e-06
4.6968e-05
9.5367e-07
3.3855e-05
9.5367e-07
3.2902e-05
9.5367e-07
3.3140e-05
7.3840e-02
1.9073e-06
1.0484e-02
2.1458e-06
5.0068e-06
2.2415e-02
8.8215e-06
3.5048e-05
9.5367e-07
3.5048e-05
4.1616e-02
2.8610e-06
2.0205e-02
2.8610e-06
8.1062e-06
4.1962e-05
9.5367e-07
3.2902e-05
9.5367e-07
3.3140e-05
9.5367e-07
3.4094e-05
1.7758e-02
1.9073e-06
5.9605e-06
6.1989e-05
2.1458e-06
3.3855e-05
9.5367e-07
3.4094e-05
9.5367e-07
5.0068e-05
1.9073e-06
3.4094e-05
9.5367e-07
3.3140e-05
2.1256e-02
1.9073e-06
5.0068e-06
1.4006e-02
8.1062e-06
3.6001e-05
9.5367e-07
3.2902e-05
5.7778e-03
1.9073e-06
5.0068e-06
4.8161e-05
1.9073e-06
3.4094e-05
9.5367e-07
3.4094e-05
9.5367e-07
3.2902e-05
1.1921e-06
1.0085e-04
1.9073e-06
3.4094e-05
1.1921e-06
3.2902e-05
9.5367e-07
3.2902e-05
9.5367e-07
3.4094e-05
9.5367e-07
3.3140e-05
4.7219e-03
2.8610e-06
3.8147e-06
4.1962e-05
5.8899e-03
2.8610e-06
5.0068e-06
1.3304e-04
1.9073e-06
3.4094e-05
9.5367e-07
3.3140e-05
1.0359e-03
2.1458e-06
2.8610e-06
3.7909e-05
9.5367e-07
3.3140e-05
9.5367e-07
3.3140e-05
9.5367e-07
3.3855e-05
3.9041e-03
1.9073e-06
5.0068e-06
4.0054e-05
9.5367e-07
3.4094e-05
9.5367e-07
3.2902e-05
1.1921e-06
3.2902e-05
9.5367e-07
3.3140e-05
9.5367e-07
3.4094e-05
9.5367e-07
3.4094e-05
1.1921e-06
8.4877e-05
4.8852e-03
3.0994e-06
5.0068e-06
4.1962e-05
9.5367e-07
3.4094e-05
9.5367e-07
3.4094e-05
9.5367e-07
3.4094e-05
1.9300e-03
2.8610e-06
2.8610e-06
3.9101e-05
6.9690e-04
1.9073e-06
2.1458e-06
9.9897e-05
2.1458e-06
3.2902e-05
7.8790e-03
1.9073e-06
5.0068e-06
4.1008e-05
9.5367e-07
3.4094e-05
9.5367e-07
3.2902e-05
1.1921e-06
3.3855e-05
2.3580e-03
2.8610e-06
4.1103e-04
3.0994e-06
9.5367e-07
1.0490e-04
8.9002e-04
1.9073e-06
1.9073e-06
3.6955e-05
2.6720e-03
2.8610e-06
5.0068e-06
4.2915e-05
9.5367e-07
3.4094e-05
9.5367e-07
3.3140e-05
9.5367e-07
3.3140e-05
9.5367e-07
3.2902e-05
1.1921e-06
9.9897e-05
1.9073e-06
3.2902e-05
9.5367e-07
3.3140e-05
9.5367e-07
3.3140e-05
9.5367e-07
3.4094e-05
1.1921e-06
3.3855e-05
9.5367e-07
3.2902e-05
1.6351e-03
3.0994e-06
3.0994e-06
9.9897e-05
1.9073e-06
3.4094e-05
4.8499e-03
2.8610e-06
5.0068e-06
4.1008e-05
1.1921e-06
3.3855e-05
2.1310e-03
1.9073e-06
7.0715e-04
2.1458e-06
1.9073e-06
4.0054e-05
9.5367e-07
3.4094e-05
9.5367e-07
9.5129e-05
1.2851e-03
3.0994e-06
1.9073e-06
3.8147e-05
1.9073e-06
3.5048e-05
9.5367e-07
3.4094e-05
9.5367e-07
3.2902e-05
0.0000e+00
3.3855e-05
3.0298e-03
1.9073e-06
5.9986e-04
2.8610e-06
2.1458e-06
1.0490e-04
1.1921e-06
3.5048e-05
1.0059e-03
2.1458e-06
2.8610e-06
4.0054e-05
8.8716e-04
1.9073e-06
8.4710e-04
1.9073e-06
2.1458e-06
3.8862e-05
9.5367e-07
3.2902e-05
9.5367e-07
3.3140e-05
9.5367e-07
3.3140e-05
1.9073e-06
3.6001e-05
9.5367e-07
3.2902e-05
9.5367e-07
3.4094e-05
9.5367e-07
3.3140e-05
9.5367e-07
3.2902e-05
9.5367e-07
3.3855e-05
9.5367e-07
3.4094e-05
9.5367e-07
8.2970e-05
2.1458e-06
3.4094e-05
9.5367e-07
3.3855e-05
9.5367e-07
3.4094e-05
5.0011e-03
2.1458e-06
4.0531e-06
4.1008e-05
3.2060e-03
3.0994e-06
6.6495e-04
1.9073e-06
2.1458e-06
4.1008e-05
5.9199e-04
2.1458e-06
2.8610e-06
3.8862e-05
1.1690e-03
2.8610e-06
2.1458e-06
3.7909e-05
9.5367e-07
3.2902e-05
9.5367e-07
3.3140e-05
0.0000e+00
3.3140e-05
1.1921e-06
3.2902e-05
9.5367e-07
3.2902e-05
1.9073e-06
3.4809e-05
1.1921e-06
3.2902e-05
9.5367e-07
3.3140e-05
9.5367e-07
3.3140e-05
1.1921e-06
3.2902e-05
1.1921e-06
3.2902e-05
9.5367e-07
3.4094e-05
9.5367e-07
8.2970e-05
1.1921e-06
3.2902e-05
6.8440e-03
1.9073e-06
4.4489e-04
1.9073e-06
2.1458e-06
4.1008e-05
9.5367e-07
3.2902e-05
1.2288e-03
1.9073e-06
2.1458e-06
3.8862e-05
1.1921e-06
3.3855e-05
9.5367e-07
8.7976e-05
2.1458e-06
3.6001e-05
9.5367e-07
3.3855e-05
1.1921e-06
3.3855e-05
1.1921e-06
3.3855e-05
9.5367e-07
3.3140e-05
0.0000e+00
3.4094e-05
1.9073e-06
3.4809e-05
1.1921e-06
8.3923e-05
1.9073e-06
3.4094e-05
9.5367e-07
3.4094e-05
1.1921e-06
3.3855e-05
9.5367e-07
3.4094e-05
9.5367e-07
3.4094e-05
9.5367e-07
3.3140e-05
1.1921e-06
3.2902e-05
1.9073e-06
3.6001e-05
9.5367e-07
3.4094e-05
9.5367e-07
3.3140e-05
9.5367e-07
3.2902e-05
0.0000e+00
3.3855e-05
9.5367e-07
3.4094e-05
2.0010e-02
1.9073e-06
5.0068e-06
4.1008e-05
1.9073e-06
3.6001e-05
1.2200e-03
3.0994e-06
4.0531e-06
3.9101e-05
9.5367e-07
3.4094e-05
1.5299e-03
3.0994e-06
3.0994e-06
4.1962e-05
9.5367e-07
3.4094e-05
8.9598e-04
2.1458e-06
7.9298e-04
3.0994e-06
3.0994e-06
9.2030e-05
1.9073e-06
3.4094e-05
1.1921e-06
3.2902e-05
9.5367e-07
3.3140e-05
0.0000e+00
3.3140e-05
3.0582e-03
2.1458e-06
3.0994e-06
3.9816e-05
9.5367e-07
3.4094e-05
0.0000e+00
8.3208e-05
9.5367e-07
3.5048e-05
4.1130e-03
3.0994e-06
3.0994e-06
4.1008e-05
9.5367e-07
3.3140e-05
2.8338e-03
2.8610e-06
6.3205e-04
2.1458e-06
1.9073e-06
4.1008e-05
7.9918e-04
3.0994e-06
7.1096e-04
3.0994e-06
1.9073e-06
3.8862e-05
6.1488e-04
3.0994e-06
1.9073e-06
3.6955e-05
9.5367e-07
3.3855e-05
6.8998e-04
2.8610e-06
3.0994e-06
3.7909e-05
6.4707e-04
2.1458e-06
1.9073e-06
3.6001e-05
6.0241e-03
3.0994e-06
5.0068e-06
4.1962e-05
9.5367e-07
8.9169e-05
1.0879e-03
2.8610e-06
3.2401e-04
2.8610e-06
1.9073e-06
4.0054e-05
9.5367e-07
3.2902e-05
9.5367e-07
3.3140e-05
2.0800e-03
2.1458e-06
6.3396e-04
3.0994e-06
1.9073e-06
3.8147e-05
9.5367e-07
3.2902e-05
9.5367e-07
8.7023e-05
2.2640e-03
3.0994e-06
2.8610e-06
3.6955e-05
9.5367e-07
3.4094e-05
9.5367e-07
3.1948e-05
1.1921e-06
3.2902e-05
9.5367e-07
3.3140e-05
9.5367e-07
3.4094e-05
2.8720e-03
2.1458e-06
3.0994e-06
4.1008e-05
9.5367e-07
3.4094e-05
9.5367e-07
3.3855e-05
0.0000e+00
3.3855e-05
9.5367e-07
3.2902e-05
4.2760e-03
2.1458e-06
4.6396e-04
1.9073e-06
3.0994e-06
4.1008e-05
5.3692e-04
3.0994e-06
2.1458e-06
3.6001e-05
9.5367e-07
3.4094e-05
9.5367e-07
3.4094e-05
1.9090e-03
2.1458e-06
2.8610e-06
4.0054e-05
9.5367e-07
3.3855e-05
9.5367e-07
3.3140e-05
9.5367e-07
3.4094e-05
1.9073e-06
6.4135e-05
9.5367e-07
3.4094e-05
9.5367e-07
3.3140e-05
2.1350e-03
3.0994e-06
2.8610e-06
3.9101e-05
9.5367e-07
3.4094e-05
9.5367e-07
3.2902e-05
2.8460e-03
2.1458e-06
2.1458e-06
1.0490e-04
2.1458e-06
3.6001e-05
1.0760e-03
1.9073e-06
1.9073e-06
3.6955e-05
9.5367e-07
3.4094e-05
9.5367e-07
3.2902e-05
9.5367e-07
3.2902e-05
9.5367e-07
3.2902e-05
9.5367e-07
9.3937e-05
2.1458e-06
3.5048e-05
9.5367e-07
3.3855e-05
3.8240e-03
2.8610e-06
3.0994e-06
4.0054e-05
9.5367e-07
3.4094e-05
9.5367e-07
3.3140e-05
0.0000e+00
3.2902e-05
1.1921e-06
3.3855e-05
2.3239e-03
2.8610e-06
2.1458e-06
3.7909e-05
9.5367e-07
3.2902e-05
9.5367e-07
3.3140e-05
9.5367e-07
3.3140e-05
1.1702e-03
2.1458e-06
1.9073e-06
3.6955e-05
9.5367e-07
3.3140e-05
1.3581e-02
2.1458e-06
5.9605e-06
4.1962e-05
9.5367e-07
3.4094e-05
9.5367e-07
3.4094e-05
9.5367e-07
3.2902e-05
2.8598e-03
2.8610e-06
3.8147e-06
4.0054e-05
9.5367e-07
3.2902e-05
9.5367e-07
3.4094e-05
9.9251e-03
2.8610e-06
6.2895e-04
2.8610e-06
2.2984e-04
1.9073e-06
8.2207e-04
2.1458e-06
1.8001e-04
3.0994e-06
9.5367e-07
6.2943e-05
5.0306e-04
2.8610e-06
2.1458e-06
4.5776e-05
3.5598e-03
2.8610e-06
1.2300e-03
2.8610e-06
5.0068e-06
4.5061e-05
9.5367e-07
3.5048e-05
2.1458e-06
3.6001e-05
9.5367e-07
3.3140e-05
2.4490e-03
3.0994e-06
1.9073e-06
3.8147e-05
8.7690e-04
1.9073e-06
1.9073e-06
3.8147e-05
9.5367e-07
5.4121e-05
9.5367e-07
3.6001e-05
4.3702e-04
3.0994e-06
1.9073e-06
3.6955e-05
9.5367e-07
3.3855e-05
3.4931e-03
2.1458e-06
3.0994e-06
3.7909e-05
9.5367e-07
3.2902e-05
0.0000e+00
3.3140e-05
9.5367e-07
3.2902e-05
1.1921e-06
3.2902e-05
2.1458e-06
3.6001e-05
9.5367e-07
3.2902e-05
0.0000e+00
3.2902e-05
4.8821e-03
2.1458e-06
5.0068e-06
4.1008e-05
9.5367e-07
3.3140e-05
1.4961e-03
2.8610e-06
9.5367e-07
3.6001e-05
4.3988e-04
1.9073e-06
7.1311e-04
3.0994e-06
1.9073e-06
3.7193e-05
9.5367e-07
3.4094e-05
1.1921e-06
2.3603e-04
4.6079e-03
2.1458e-06
5.0068e-06
4.1008e-05
9.5367e-07
3.4094e-05
9.5367e-07
3.4094e-05
3.4220e-03
3.0994e-06
4.0531e-06
9.2983e-05
1.9073e-06
3.3855e-05
9.5367e-07
3.4094e-05
9.5367e-07
3.3140e-05
0.0000e+00
3.2902e-05
1.9090e-03
1.9073e-06
4.0531e-06
3.9101e-05
2.1458e-06
3.4809e-05
1.6270e-03
1.9073e-06
5.4002e-04
3.0994e-06
9.5367e-07
4.0054e-05
9.5367e-07
3.4094e-05
1.5380e-03
2.8610e-06
1.9073e-06
3.9101e-05
2.2600e-03
3.0994e-06
3.0994e-06
4.0054e-05
1.1921e-06
6.1989e-05
4.1986e-04
1.9073e-06
2.1458e-06
1.1683e-04
1.9073e-06
3.6001e-05
9.5367e-07
3.3140e-05
9.5367e-07
3.2902e-05
1.1921e-06
3.2902e-05
2.0881e-03
2.1458e-06
1.9073e-06
7.2956e-05
1.9073e-06
3.4094e-05
9.5367e-07
3.3140e-05
8.7619e-04
1.9073e-06
9.5367e-07
3.6001e-05
9.5367e-07
3.4094e-05
9.5367e-07
3.2902e-05
0.0000e+00
3.2902e-05
4.0359e-03
3.0994e-06
3.8147e-06
4.1008e-05
5.4693e-04
2.1458e-06
9.5367e-07
3.6001e-05
2.1458e-06
3.4809e-05
1.1921e-06
3.3855e-05
3.5000e-04
1.9073e-06
2.1458e-06
3.7909e-05
6.2990e-04
1.9073e-06
2.1458e-06
3.7909e-05
9.5367e-07
3.3140e-05
9.5367e-07
3.2902e-05
1.1921e-06
1.7691e-04
1.9073e-06
3.5048e-05
9.5367e-07
3.3140e-05
0.0000e+00
3.3140e-05
0.0000e+00
3.2902e-05
9.5367e-07
3.2902e-05
9.5367e-07
3.3140e-05
9.5367e-07
3.4094e-05
2.8610e-06
3.6001e-05
9.5367e-07
3.3140e-05
9.5367e-07
3.3140e-05
9.5367e-07
3.3855e-05
9.2101e-03
3.0994e-06
5.0068e-06
4.3154e-05
6.5780e-04
2.8610e-06
1.9073e-06
3.9101e-05
2.9588e-04
1.9073e-06
6.2513e-04
2.1458e-06
1.9073e-06
3.8147e-05
6.2203e-04
1.9073e-06
2.1458e-06
3.6955e-05
9.5367e-07
3.4094e-05
9.5367e-07
3.3855e-05
9.5367e-07
3.2902e-05
9.5367e-07
3.3140e-05
9.5367e-07
9.8944e-05
2.1458e-06
3.4809e-05
1.1921e-06
3.3855e-05
0.0000e+00
3.3140e-05
9.5367e-07
3.2902e-05
5.0771e-03
2.1458e-06
4.0531e-06
4.0054e-05
9.5367e-07
3.3140e-05
1.1921e-06
8.6069e-05
5.1188e-04
1.9073e-06
9.5367e-07
3.7909e-05
9.5367e-07
3.3140e-05
9.5367e-07
3.2902e-05
1.1921e-06
3.2902e-05
9.5367e-07
1.7810e-04
2.1458e-06
3.3855e-05
1.3151e-03
3.0994e-06
1.9073e-06
9.3937e-05
2.2850e-03
3.0994e-06
2.8610e-06
3.7909e-05
9.5367e-07
3.4094e-05
9.5367e-07
8.0109e-05
2.1458e-06
3.8862e-05
9.5367e-07
3.3140e-05
9.5367e-07
3.4094e-05
9.5367e-07
1.4710e-04
1.9073e-06
3.4094e-05
9.3999e-03
2.8610e-06
4.7684e-06
4.1962e-05
9.5367e-07
3.3140e-05
4.9496e-04
2.1458e-06
1.9073e-06
3.7193e-05
1.2939e-03
2.1458e-06
1.9073e-06
3.7193e-05
9.5367e-07
8.8930e-05
1.2622e-03
1.9073e-06
1.9073e-06
3.6001e-05
5.1999e-04
2.1458e-06
1.9073e-06
3.7193e-05
9.5367e-07
3.2902e-05
9.5367e-07
3.2902e-05
9.5367e-07
3.3140e-05
1.2999e-03
1.9073e-06
2.1458e-06
1.0085e-04
9.5367e-07
3.6001e-05
1.1921e-06
3.2902e-05
9.5367e-07
3.3140e-05
8.4281e-04
1.9073e-06
2.1458e-06
3.6001e-05
8.6188e-04
1.9073e-06
2.1458e-06
3.8862e-05
9.5367e-07
3.2902e-05
9.5367e-07
9.0122e-05
1.9073e-06
3.4094e-05
9.5367e-07
3.3140e-05
9.5367e-07
3.3855e-05
1.1921e-06
3.3855e-05
9.5367e-07
3.3140e-05
9.5367e-07
3.2902e-05
1.1921e-06
3.2902e-05
1.9073e-06
3.6001e-05
1.1921e-06
3.2902e-05
3.6612e-03
3.0994e-06
4.0531e-06
4.0054e-05
9.5367e-07
6.1035e-05
1.9073e-06
3.6001e-05
3.9291e-04
1.9073e-06
2.1458e-06
3.6955e-05
9.5367e-07
3.0303e-04
2.1458e-06
3.3855e-05
0.0000e+00
3.2902e-05
1.1921e-06
3.2902e-05
9.5367e-07
3.3140e-05
9.5367e-07
3.1948e-05
3.5136e-02
3.0994e-06
6.6049e-03
1.9073e-06
5.0068e-06
4.1962e-05
1.9073e-06
3.6001e-05
1.1027e-02
2.8610e-06
5.0068e-06
4.1962e-05
2.1458e-06
3.2902e-05
1.1921e-06
3.4809e-05
9.5367e-07
3.4094e-05
9.5367e-07
3.3140e-05
9.5367e-07
3.4094e-05
1.1921e-06
9.6083e-05
1.6851e-03
2.1458e-06
2.8610e-06
3.9816e-05
1.1921e-06
3.3855e-05
9.5367e-07
3.2902e-05
9.5367e-07
3.4094e-05
2.1510e-03
3.0994e-06
3.2740e-03
2.8610e-06
3.0994e-06
4.1962e-05
9.5367e-07
9.8228e-05
9.5367e-07
3.4094e-05
9.5367e-07
3.2902e-05
1.3630e-03
2.8610e-06
3.4904e-04
1.9073e-06
1.9073e-06
3.6955e-05
9.5367e-07
3.4094e-05
9.5367e-07
3.2902e-05
9.5367e-07
3.3855e-05
1.9073e-06
3.6001e-05
1.1921e-06
3.3855e-05
9.5367e-07
3.4094e-05
2.9681e-03
2.1458e-06
4.0531e-06
4.0054e-05
9.5367e-07
3.4094e-05
9.5367e-07
3.4094e-05
1.1921e-06
3.3855e-05
1.9073e-06
3.7193e-05
9.5367e-07
3.4094e-05
2.2619e-03
3.0994e-06
3.0994e-06
3.8862e-05
9.5367e-07
3.2902e-05
9.5367e-07
3.3140e-05
9.5367e-07
3.3140e-05
1.1921e-06
3.2902e-05
3.1171e-03
1.9073e-06
4.0531e-06
4.0054e-05
9.5367e-07
3.4094e-05
9.5367e-07
3.2902e-05
1.1921e-06
3.3855e-05
9.5367e-07
3.6955e-05
2.7881e-03
3.0994e-06
2.4104e-04
2.1458e-06
1.9073e-06
3.9101e-05
9.5367e-07
8.2970e-05
1.4260e-03
1.9073e-06
2.8610e-06
3.8147e-05
5.0592e-04
2.1458e-06
6.7496e-04
3.0994e-06
1.9073e-06
3.9101e-05
9.5367e-07
3.4094e-05
9.5367e-07
3.3140e-05
9.5367e-07
3.4094e-05
1.1921e-06
1.0180e-04
2.1458e-06
3.3855e-05
1.1921e-06
3.3855e-05
3.2170e-03
2.8610e-06
3.0994e-06
3.9101e-05
1.9073e-06
3.2902e-05
1.1821e-03
2.1458e-06
1.9073e-06
3.9101e-05
9.0694e-04
2.8610e-06
9.5367e-07
9.2983e-05
1.9073e-06
3.4094e-05
9.5367e-07
3.3140e-05
0.0000e+00
3.4094e-05
9.5367e-07
5.6028e-05
2.1458e-06
3.6001e-05
1.1921e-06
3.3855e-05
2.5411e-03
2.8610e-06
3.0994e-06
8.8930e-05
1.1921e-06
3.5048e-05
1.2839e-03
2.1458e-06
2.8992e-04
1.9073e-06
2.1458e-06
3.8862e-05
9.5367e-07
3.2902e-05
9.5367e-07
3.4094e-05
1.9073e-06
1.0395e-04
1.6630e-03
3.0994e-06
1.9073e-06
3.6001e-05
1.9073e-06
3.6001e-05
2.1458e-06
3.8862e-05
9.5367e-07
3.5048e-05
9.5367e-07
3.3140e-05
0.0000e+00
3.3140e-05
1.1921e-06
3.2902e-05
0.0000e+00
3.3140e-05
3.9399e-03
2.8610e-06
6.9785e-04
2.8610e-06
2.1458e-06
4.0054e-05
9.5367e-07
3.4094e-05
1.1921e-06
3.3855e-05
9.5367e-07
3.4094e-05
9.5367e-07
3.2187e-05
1.9770e-03
3.0994e-06
4.9400e-04
1.9073e-06
2.1458e-06
3.7909e-05
2.1458e-06
3.5048e-05
9.5367e-07
3.2902e-05
1.1921e-06
3.2902e-05
9.5367e-07
3.4094e-05
9.5367e-07
3.2902e-05
1.1921e-06
3.2902e-05
3.1199e-03
1.9073e-06
5.4002e-04
1.9073e-06
1.9073e-06
9.7990e-05
1.9073e-06
3.3855e-05
9.5367e-07
3.2902e-05
4.4429e-03
1.9073e-06
6.5899e-04
2.8610e-06
1.9073e-06
4.0054e-05
9.5367e-07
3.2902e-05
9.5367e-07
3.3855e-05
2.7881e-03
1.9073e-06
1.9073e-06
1.0204e-04
1.9073e-06
3.6001e-05
1.1921e-06
3.2902e-05
9.5367e-07
3.2902e-05
9.5367e-07
3.2902e-05
2.2738e-03
2.8610e-06
2.8610e-06
3.9101e-05
1.0710e-03
1.9073e-06
2.1458e-06
3.7909e-05
9.5367e-07
8.7023e-05
1.1921e-06
3.3855e-05
1.1921e-06
3.2902e-05
9.5367e-07
3.3140e-05
9.5367e-07
6.3896e-05
2.0468e-03
1.9073e-06
4.0531e-06
7.0095e-05
1.9073e-06
3.4094e-05
9.5367e-07
9.2983e-05
1.9073e-06
3.5048e-05
9.5367e-07
3.3140e-05
3.2380e-03
3.0994e-06
3.0994e-06
3.9816e-05
1.1921e-06
3.3855e-05
9.5367e-07
3.1948e-05
9.5367e-07
3.4094e-05
9.5367e-07
8.6069e-05
1.9073e-06
3.4094e-05
9.5367e-07
5.6028e-05
2.1458e-06
3.4809e-05
1.1921e-06
3.3855e-05
9.5367e-07
3.4094e-05
9.5367e-07
3.3140e-05
9.5367e-07
3.4094e-05
2.3551e-03
3.0994e-06
2.0559e-03
4.4823e-05
1.4067e-05
1.0514e-04
1.9073e-06
8.9169e-05
1.9422e-03
2.8610e-06
1.9073e-06
3.8147e-05
9.5367e-07
3.4094e-05
0.0000e+00
3.3855e-05
1.1921e-06
3.3855e-05
9.5367e-07
9.5844e-05
2.1458e-06
3.2902e-05
9.5367e-07
3.4094e-05
9.5367e-07
3.3140e-05
9.5367e-07
3.4094e-05
9.5367e-07
3.2902e-05
5.0950e-03
1.9073e-06
4.2796e-04
2.1458e-06
3.3402e-04
1.9073e-06
2.6894e-04
2.1458e-06
2.4068e-03
3.0994e-06
2.1939e-03
1.9073e-06
4.0531e-06
4.0054e-05
9.5367e-07
3.2902e-05
2.1458e-06
3.8862e-05
9.5367e-07
3.3855e-05
9.5367e-07
3.2902e-05
9.5367e-07
3.4094e-05
0.0000e+00
9.1076e-05
1.9073e-06
3.4094e-05
9.5367e-07
3.2902e-05
2.8389e-03
1.9073e-06
3.8147e-06
4.0770e-05
9.5367e-07
3.3855e-05
1.1921e-06
8.3923e-05
3.3610e-03
1.9073e-06
2.1458e-06
3.9101e-05
8.6689e-04
1.9073e-06
2.1458e-06
3.6955e-05
3.2091e-04
1.9073e-06
4.9114e-04
2.1458e-06
9.5367e-07
4.0054e-05
7.6604e-04
2.1458e-06
1.9073e-06
3.7909e-05
1.1921e-06
3.3855e-05
9.5367e-07
3.3140e-05
2.1458e-06
9.4891e-05
1.9073e-06
3.6001e-05
9.5367e-07
3.3855e-05
9.5367e-07
3.3140e-05
9.5367e-07
3.4094e-05
9.5367e-07
3.4094e-05
9.5367e-07
3.5048e-05
9.5367e-07
3.3855e-05
1.1921e-06
8.2970e-05
1.9073e-06
5.8174e-05
2.1458e-06
3.3855e-05
1.1921e-06
3.2902e-05
1.1921e-06
3.2902e-05
9.5367e-07
3.3140e-05
9.5367e-07
3.4094e-05
6.4299e-03
2.8610e-06
6.8092e-04
2.1458e-06
1.9073e-06
4.0054e-05
7.6795e-04
1.9073e-06
2.1458e-06
3.7909e-05
9.5367e-07
8.0109e-05
1.9073e-06
3.5048e-05
9.5367e-07
3.4094e-05
9.5367e-07
3.4094e-05
9.5367e-07
3.4094e-05
4.3396e-02
3.0994e-06
1.0560e-02
1.9073e-06
4.0531e-06
4.9114e-05
9.5367e-07
3.4094e-05
9.5367e-07
3.4094e-05
9.5367e-07
3.1948e-05
9.5367e-07
3.2902e-05
5.9180e-03
2.1458e-06
6.5994e-04
3.0994e-06
1.8699e-03
2.8610e-06
1.8868e-03
1.9073e-06
4.0197e-04
3.8862e-05
2.8610e-06
4.1008e-05
1.1921e-06
3.3855e-05
8.2016e-04
3.0994e-06
3.0994e-06
3.7909e-05
7.2217e-04
1.9073e-06
9.5367e-07
4.0054e-05
9.5367e-07
3.4094e-05
9.5367e-07
5.2929e-05
1.9073e-06
3.5048e-05
2.9690e-03
1.9073e-06
3.1304e-04
1.9073e-06
1.4186e-04
3.0994e-06
9.5367e-07
6.5088e-05
1.9073e-06
3.4094e-05
9.5367e-07
3.4094e-05
9.5367e-07
3.2902e-05
2.2211e-03
3.0994e-06
2.8610e-06
6.7949e-05
1.9073e-06
3.4094e-05
9.5367e-07
3.5048e-05
9.5367e-07
3.3140e-05
9.5367e-07
3.3855e-05
1.1921e-06
1.1897e-04
1.9073e-06
3.4094e-05
1.9519e-03
2.1458e-06
1.6689e-04
2.8610e-06
9.5367e-07
6.3896e-05
7.7415e-04
2.1458e-06
1.9073e-06
3.9101e-05
3.8481e-04
1.9073e-06
9.5367e-07
3.6001e-05
9.5367e-07
3.4094e-05
9.5367e-07
3.2902e-05
0.0000e+00
3.4094e-05
9.5367e-07
3.3140e-05
1.9073e-06
3.5048e-05
1.9341e-03
2.1458e-06
7.3981e-04
2.8610e-06
2.1458e-06
3.8862e-05
9.5367e-07
3.4094e-05
3.3779e-03
2.8610e-06
3.8147e-06
4.1008e-05
9.5367e-07
3.4094e-05
8.9979e-04
1.9073e-06
2.1458e-06
6.6042e-05
1.9073e-06
3.4094e-05
9.5367e-07
3.3140e-05
9.5367e-07
3.4094e-05
1.1921e-06
3.3855e-05
9.5367e-07
3.2902e-05
2.6989e-03
1.9073e-06
2.1458e-06
3.7909e-05
9.5367e-07
5.4836e-05
9.1982e-03
3.0994e-06
5.0068e-06
4.1962e-05
1.9181e-03
2.1458e-06
6.2203e-04
2.1458e-06
1.9073e-06
3.9101e-05
9.5367e-07
3.2902e-05
1.1921e-06
3.2902e-05
9.5367e-07
3.2902e-05
9.5367e-07
5.4121e-05
1.7090e-03
3.0994e-06
1.9073e-06
3.6001e-05
1.1921e-06
3.2902e-05
9.5367e-07
3.2902e-05
9.5367e-07
3.3140e-05
9.5367e-07
3.2902e-05
1.1921e-06
3.2902e-05
9.5367e-07
3.2902e-05
9.5367e-07
3.5048e-05
6.9239e-03
1.9073e-06
4.0531e-06
3.9816e-05
1.1921e-06
3.3855e-05
1.1921e-06
3.2902e-05
9.5367e-07
3.3140e-05
9.5367e-07
3.4094e-05
9.5367e-07
3.2902e-05
1.9073e-06
3.6001e-05
9.5367e-07
3.4094e-05
9.5367e-07
3.3140e-05
1.1921e-06
3.3855e-05
1.1921e-06
3.8862e-05
9.5367e-07
3.3855e-05
1.5969e-02
1.9073e-06
7.5698e-04
2.8610e-06
9.5367e-07
7.2002e-05
1.9073e-06
3.5048e-05
9.5201e-03
2.8610e-06
5.5504e-04
2.8610e-06
2.1458e-06
4.0054e-05
9.5367e-07
3.2902e-05
1.6851e-03
2.1458e-06
7.0095e-04
1.9073e-06
2.1458e-06
1.8597e-04
9.5367e-07
3.9101e-05
9.5367e-07
6.6042e-05
1.9073e-06
3.3855e-05
4.6861e-03
3.0994e-06
3.0994e-06
4.1008e-05
9.5367e-07
3.4094e-05
9.5367e-07
3.3140e-05
1.7948e-03
1.9073e-06
1.9073e-06
3.8862e-05
9.5367e-07
3.3855e-05
1.9073e-06
3.5048e-05
9.5367e-07
3.4094e-05
9.5367e-07
3.3140e-05
1.0591e-03
1.9073e-06
6.6209e-04
3.0994e-06
2.8610e-06
6.2943e-05
1.9073e-06
3.7193e-05
1.1921e-06
3.3855e-05
1.1921e-06
5.7936e-05
1.9073e-06
3.4094e-05
4.4351e-03
3.0994e-06
2.5797e-04
2.1458e-06
9.5367e-07
4.0054e-05
1.5011e-03
1.9073e-06
9.5367e-07
3.6001e-05
1.9073e-06
3.4094e-05
9.5367e-07
3.3140e-05
9.5367e-07
5.7936e-05
3.4680e-03
3.0994e-06
4.2701e-04
2.1458e-06
5.3000e-04
2.1458e-06
9.5367e-07
3.9101e-05
9.5367e-07
3.4094e-05
1.0951e-03
3.0994e-06
9.5367e-07
3.6001e-05
2.8276e-04
1.9073e-06
2.1458e-06
3.7909e-05
1.1921e-06
3.3855e-05
1.9073e-06
3.5048e-05
9.5367e-07
3.3140e-05
0.0000e+00
3.3140e-05
1.8449e-03
2.1458e-06
1.0951e-03
2.8610e-06
1.1921e-06
3.6955e-05
2.6798e-04
1.9073e-06
9.5367e-07
3.4809e-05
9.5367e-07
3.3855e-05
1.1921e-06
3.5048e-05
9.5367e-07
3.3855e-05
1.1921e-06
3.2902e-05
9.5367e-07
3.2902e-05
9.5367e-07
3.3140e-05
9.5367e-07
3.4094e-05
1.0541e-02
3.0994e-06
5.0068e-06
4.1962e-05
2.1458e-06
3.6001e-05
9.5367e-07
3.4094e-05
0.0000e+00
3.2902e-05
9.5367e-07
3.4809e-05
2.6329e-03
1.9073e-06
4.0531e-06
4.0054e-05
9.5367e-07
3.5048e-05
0.0000e+00
3.2902e-05
0.0000e+00
6.3896e-05
2.1458e-06
3.3855e-05
3.7379e-03
3.0994e-06
3.7694e-04
2.1458e-06
1.9073e-06
4.1008e-05
9.5367e-07
3.2902e-05
9.5367e-07
3.3140e-05
9.5367e-07
3.3140e-05
4.2651e-03
2.1458e-06
5.0068e-06
6.9857e-05
1.1921e-06
3.3855e-05
1.1921e-06
3.2902e-05
9.5367e-07
4.4107e-05
2.1689e-03
2.8610e-06
3.0994e-06
4.0054e-05
9.5367e-07
3.3140e-05
3.7339e-03
1.9073e-06
3.0994e-06
4.0054e-05
1.9073e-06
4.1008e-05
7.0214e-04
1.9073e-06
2.6679e-03
3.0994e-06
2.8610e-06
3.9101e-05
9.5367e-07
1.2112e-04
1.9073e-06
3.5048e-05
4.8630e-03
2.1458e-06
1.2360e-03
1.9073e-06
6.1703e-04
1.9073e-06
1.1921e-06
4.1008e-05
1.9073e-06
3.4809e-05
9.5367e-07
3.2902e-05
1.1921e-06
3.3855e-05
1.4460e-03
1.9073e-06
2.1458e-06
3.6955e-05
8.5592e-04
1.9073e-06
1.9073e-06
3.7193e-05
9.5367e-07
3.3855e-05
9.5367e-07
3.3855e-05
9.5367e-07
3.4809e-05
2.0061e-03
2.1458e-06
1.9073e-06
3.7909e-05
9.5367e-07
3.4094e-05
9.5367e-07
3.1948e-05
1.1921e-06
3.2902e-05
9.5367e-07
3.3140e-05
9.5367e-07
3.2902e-05
9.5367e-07
3.4094e-05
9.5367e-07
3.3140e-05
9.5367e-07
3.1948e-05
1.1921e-06
3.2902e-05
5.3921e-03
2.1458e-06
4.0531e-06
4.1008e-05
9.5367e-07
3.3140e-05
1.1098e-03
2.8610e-06
2.1458e-06
6.3896e-05
2.1458e-06
3.3855e-05
3.3920e-03
2.8610e-06
5.0068e-06
4.1008e-05
9.5367e-07
3.4094e-05
4.5395e-04
3.0994e-06
2.1458e-06
5.3883e-05
9.5367e-07
3.3855e-05
9.5367e-07
3.2902e-05
9.5367e-07
1.0896e-04
2.1458e-06
3.5048e-05
9.5367e-07
3.2902e-05
9.5367e-07
3.3140e-05
9.5367e-07
3.2902e-05
1.1921e-06
3.1948e-05
2.8341e-03
1.9073e-06
2.4428e-03
1.9073e-06
3.0994e-06
3.8862e-05
2.1458e-06
3.5048e-05
9.5367e-07
3.2902e-05
1.7750e-03
1.9073e-06
9.5367e-07
3.6001e-05
1.1921e-06
3.2902e-05
9.5367e-07
3.3140e-05
9.5367e-07
3.1948e-05
1.1921e-06
3.2902e-05
1.9073e-06
3.4094e-05
9.5367e-07
3.3140e-05
9.5367e-07
3.2902e-05
1.1921e-06
3.2902e-05
9.5367e-07
3.4094e-05
9.5367e-07
3.2902e-05
9.5367e-07
3.2902e-05
9.5367e-07
5.2929e-05
1.9073e-06
3.3140e-05
8.1320e-03
2.8610e-06
5.8007e-04
3.0994e-06
1.9073e-06
4.0054e-05
9.5367e-07
3.2902e-05
9.5367e-07
3.3140e-05
1.9073e-06
3.5048e-05
8.0490e-04
2.8610e-06
2.1458e-06
6.8903e-05
2.1458e-06
3.5048e-05
9.5367e-07
3.4094e-05
4.0951e-03
3.0994e-06
3.0994e-06
3.8862e-05
9.5367e-07
3.3855e-05
2.5902e-03
2.1458e-06
2.8610e-06
4.0054e-05
5.6005e-04
2.1458e-06
9.5367e-07
5.9128e-05
1.9073e-06
3.5048e-05
1.1771e-03
3.0994e-06
1.9073e-06
3.6001e-05
7.6699e-04
2.1458e-06
1.9073e-06
3.6955e-05
9.5367e-07
3.3140e-05
2.2719e-03
2.8610e-06
3.0994e-06
3.7909e-05
1.4291e-03
3.0994e-06
1.9073e-06
6.5088e-05
9.5367e-07
3.3855e-05
1.9073e-06
3.4094e-05
9.5367e-07
3.9101e-05
5.3248e-03
2.8610e-06
4.7684e-06
4.1008e-05
1.2019e-03
3.0994e-06
1.9073e-06
3.6955e-05
9.5367e-07
3.4094e-05
1.9073e-06
3.5048e-05
9.5367e-07
3.2902e-05
9.5367e-07
3.3140e-05
9.5367e-07
3.4094e-05
3.9649e-03
2.1458e-06
3.0994e-06
4.0054e-05
8.3280e-04
2.8610e-06
2.7418e-04
1.9073e-06
1.1921e-06
3.5048e-05
1.9073e-06
3.5048e-05
2.1458e-06
3.5048e-05
1.1921e-06
3.2902e-05
9.5367e-07
3.3140e-05
9.5367e-07
3.2902e-05
9.5367e-07
3.2902e-05
9.5367e-07
3.3140e-05
9.5367e-07
5.4121e-05
3.7279e-03
1.9073e-06
3.0994e-06
3.7909e-05
9.5367e-07
3.2902e-05
1.3230e-03
2.1458e-06
1.9073e-06
3.9816e-05
1.1921e-06
3.3855e-05
9.5367e-07
3.2902e-05
9.5367e-07
3.3140e-05
2.1458e-06
3.5048e-05
9.5367e-07
3.2902e-05
1.1921e-06
3.2902e-05
2.6591e-03
3.0994e-06
4.0531e-06
3.9816e-05
9.5367e-07
3.3855e-05
9.5367e-07
3.3855e-05
9.5367e-07
3.2902e-05
3.2029e-03
1.9073e-06
3.4404e-04
3.0994e-06
1.9073e-06
3.8862e-05
1.1921e-06
3.3855e-05
1.1921e-06
3.1948e-05
2.2969e-03
1.9073e-06
2.8610e-06
4.0054e-05
9.5367e-07
3.3140e-05
9.6393e-04
3.0994e-06
1.9073e-06
3.6001e-05
1.9073e-06
3.4094e-05
9.5367e-07
3.3140e-05
5.2161e-03
2.8610e-06
5.0068e-06
4.8161e-05
9.5367e-07
3.4094e-05
1.6589e-03
1.9073e-06
1.9073e-06
3.7193e-05
4.9686e-04
3.0994e-06
6.9094e-04
3.0994e-06
9.5367e-07
5.8174e-05
1.9073e-06
3.5048e-05
9.5367e-07
3.2187e-05
9.5367e-07
3.2902e-05
9.5367e-07
3.3140e-05
9.5367e-07
3.3140e-05
9.5367e-07
3.2902e-05
4.4501e-03
1.9073e-06
4.2415e-04
1.9073e-06
6.3491e-04
2.5988e-05
6.5303e-04
2.8610e-06
1.9073e-06
4.1008e-05
9.5367e-07
3.3140e-05
9.5367e-07
3.2902e-05
9.5367e-07
3.3855e-05
9.5367e-07
3.3140e-05
9.5367e-07
3.3140e-05
9.5367e-07
3.4094e-05
2.1458e-06
3.5048e-05
1.1921e-06
3.2902e-05
9.5367e-07
3.3140e-05
7.4649e-03
2.8610e-06
3.8290e-04
3.0994e-06
9.5367e-07
4.2200e-05
9.5367e-07
3.2902e-05
9.5367e-07
3.5048e-05
9.5367e-07
6.6996e-05
9.5367e-07
3.4094e-05
9.5367e-07
3.4094e-05
9.5367e-07
3.4094e-05
9.5367e-07
3.4094e-05
3.0148e-03
3.0994e-06
2.8610e-06
4.1008e-05
1.3540e-03
1.9073e-06
1.9073e-06
3.9101e-05
1.9073e-06
3.6001e-05
1.1921e-06
3.2902e-05
9.5367e-07
3.5048e-05
8.8000e-04
1.9073e-06
1.6499e-04
1.9073e-06
2.0814e-04
2.8610e-06
1.4210e-04
2.1458e-06
1.6189e-04
1.9073e-06
2.1458e-06
3.8862e-05
9.5367e-07
3.4094e-05
2.2850e-03
2.8610e-06
3.8004e-04
2.1458e-06
1.9073e-06
4.1008e-05
4.9615e-04
1.9073e-06
1.9073e-06
3.8862e-05
2.1458e-06
3.3855e-05
1.1921e-06
3.2902e-05
1.1921e-06
3.2902e-05
9.5367e-07
3.4094e-05
0.0000e+00
6.2943e-05
7.5181e-03
2.8610e-06
5.0068e-06
4.2200e-05
2.8491e-04
3.0994e-06
1.7691e-04
3.0994e-06
1.9073e-06
3.8147e-05
9.5367e-07
3.3855e-05
1.1921e-06
3.2902e-05
9.5367e-07
3.4094e-05
9.5367e-07
5.6028e-05
8.7595e-04
1.9073e-06
2.1458e-06
3.7909e-05
9.5367e-07
3.3855e-05
9.5367e-07
3.3140e-05
9.5367e-07
3.2902e-05
1.4920e-03
1.9073e-06
6.0105e-04
1.9073e-06
9.5367e-07
3.9101e-05
3.0899e-04
1.9073e-06
1.1921e-06
5.8889e-05
4.1604e-04
2.1458e-06
1.9073e-06
3.7193e-05
9.5367e-07
3.4094e-05
3.7980e-04
1.9073e-06
2.1458e-06
3.6001e-05
4.4179e-04
1.9073e-06
8.4162e-05
2.8610e-06
2.1458e-06
3.6001e-05
9.5367e-07
3.2902e-05
2.1458e-06
3.5048e-05
9.5367e-07
3.3855e-05
6.0010e-04
1.9073e-06
9.5367e-07
3.5048e-05
9.5367e-07
3.2902e-05
7.7605e-04
3.0994e-06
1.9073e-06
3.6001e-05
1.1921e-06
3.2902e-05
1.7905e-04
2.1458e-06
1.9073e-06
3.6001e-05
1.1921e-06
3.2902e-05
9.5367e-07
3.3140e-05
9.9897e-04
3.0994e-06
1.9073e-06
3.8147e-05
1.9073e-06
3.4094e-05
9.5367e-07
3.4094e-05
9.5367e-07
3.3855e-05
1.9073e-06
3.5048e-05
2.1458e-06
3.3855e-05
1.2720e-03
1.9073e-06
2.8610e-06
4.0054e-05
9.5367e-07
3.4094e-05
9.5367e-07
3.2902e-05
1.1921e-06
3.2902e-05
9.5367e-07
3.2187e-05
1.1921e-06
5.6982e-05
9.5367e-07
3.4094e-05
9.5367e-07
3.3140e-05
9.5367e-07
3.2902e-05
4.0851e-03
1.9073e-06
4.0531e-06
4.1008e-05
2.0409e-04
3.0994e-06
1.9073e-06
3.8147e-05
1.1921e-06
3.3855e-05
1.9073e-06
3.5048e-05
9.5367e-07
3.3140e-05
8.1491e-04
1.9073e-06
1.4591e-04
2.8610e-06
1.1921e-06
3.5048e-05
9.5367e-07
3.2902e-05
9.5367e-07
3.2902e-05
9.5367e-07
3.3140e-05
9.5367e-07
5.6982e-05
9.3794e-04
3.0994e-06
2.9707e-04
2.1458e-06
9.5367e-07
3.6955e-05
3.6502e-04
1.9073e-06
2.1696e-04
3.0994e-06
9.5367e-07
3.6955e-05
2.1601e-04
1.9073e-06
1.9073e-06
3.6001e-05
9.5367e-07
2.7299e-04
2.1458e-06
5.6982e-05
1.9073e-06
3.5048e-05
9.5367e-07
3.4094e-05
9.5367e-07
3.4094e-05
9.5367e-07
3.3855e-05
1.8821e-03
2.1458e-06
9.5367e-07
3.6001e-05
1.1921e-06
3.3855e-05
9.5367e-07
5.1975e-05
1.9073e-06
3.6001e-05
6.8688e-04
2.8610e-06
1.1921e-06
3.6001e-05
9.5367e-07
3.3140e-05
1.1921e-06
3.2902e-05
9.5367e-07
3.4094e-05
0.0000e+00
3.3140e-05
8.4591e-04
2.1458e-06
9.5367e-07
5.7936e-05
2.1458e-06
3.3855e-05
1.1921e-06
3.2902e-05
9.5367e-07
3.3140e-05
9.5367e-07
3.3140e-05
1.3480e-03
1.9073e-06
2.1458e-06
3.7909e-05
9.5367e-07
3.2902e-05
9.5367e-07
5.9128e-05
1.9073e-06
3.3140e-05
9.5367e-07
3.4094e-05
9.5367e-07
3.2902e-05
9.5367e-07
3.4094e-05
9.5367e-07
3.4094e-05
9.5367e-07
3.4094e-05
1.4999e-03
2.1458e-06
4.1294e-04
3.0994e-06
2.5702e-04
2.1458e-06
1.2953e+00
