6.4251e-03
2.3293e-04
7.3910e-05
1.1505e-02
7.9870e-05
5.3883e-05
3.7193e-05
2.0488e-02
3.0994e-06
5.0068e-06
4.6015e-05
3.9601e-04
4.4107e-05
1.8597e-04
2.8610e-06
1.2219e-03
2.8610e-06
3.0994e-06
4.5061e-05
2.6608e-04
4.1008e-05
3.3188e-04
3.6001e-05
1.7551e-02
2.8610e-06
3.5772e-02
3.0994e-06
1.8898e-02
3.0994e-06
5.0068e-06
6.2943e-05
1.0107e-02
3.0994e-06
6.9141e-06
4.4107e-05
1.0042e-02
5.4836e-05
1.1444e-02
3.2306e-04
1.1574e-02
5.1022e-05
5.9605e-06
3.6001e-05
8.2421e-04
1.9073e-06
3.1018e-04
2.1458e-06
1.9073e-06
3.9816e-05
4.6897e-04
2.1458e-06
1.7810e-04
2.1458e-06
1.9073e-06
3.7193e-05
4.4589e-03
2.8610e-06
3.0994e-06
4.2915e-05
4.2796e-04
2.1458e-06
1.0395e-04
1.9073e-06
9.5367e-07
3.6955e-05
1.2207e-04
3.6001e-05
7.0000e-04
3.0994e-06
1.9073e-06
3.6955e-05
9.5367e-07
2.4295e-04
3.0994e-06
3.3855e-05
4.3106e-04
3.6955e-05
1.8382e-04
1.9073e-06
5.5003e-04
3.0994e-06
2.2507e-04
1.9073e-06
1.4210e-04
3.0994e-06
2.6393e-04
1.9073e-06
2.6798e-04
2.8610e-06
2.1458e-06
4.1008e-05
5.7387e-04
3.8862e-05
2.2817e-04
2.1458e-06
5.1284e-04
1.9073e-06
2.1458e-06
3.6955e-05
1.6489e-03
3.0994e-06
1.2898e-04
1.9073e-06
3.0994e-06
4.3869e-05
4.1914e-04
2.1458e-06
2.8610e-06
4.3154e-05
2.5849e-03
4.5061e-05
9.4986e-04
1.9073e-06
2.4462e-03
2.1935e-05
2.9206e-04
3.0994e-06
1.9073e-06
4.3154e-05
2.2292e-04
2.1458e-06
5.5909e-04
3.0994e-06
1.5903e-04
1.9073e-06
2.1458e-06
3.8862e-05
5.0306e-04
3.0994e-06
1.9073e-06
3.6001e-05
9.5367e-07
3.2902e-05
9.5367e-07
3.3140e-05
9.5367e-07
3.2902e-05
3.4690e-04
3.6001e-05
5.8198e-04
3.6001e-05
2.1458e-06
8.1062e-05
2.1458e-06
3.2902e-05
1.1921e-06
3.1948e-05
1.7810e-04
3.0994e-06
9.6703e-04
1.9073e-06
1.1921e-06
3.6001e-05
6.6042e-05
3.5048e-05
5.4193e-04
1.9073e-06
2.1458e-06
3.5048e-05
9.5367e-07
7.8917e-05
8.8406e-04
3.0994e-06
2.8491e-04
1.9073e-06
9.5367e-07
3.6001e-05
4.1199e-04
1.9073e-06
2.1458e-06
3.5048e-05
9.5367e-07
7.2002e-05
1.9073e-06
3.3140e-05
7.0500e-04
1.9073e-06
1.9073e-06
3.6001e-05
3.8695e-04
3.0994e-06
1.9073e-06
3.4809e-05
9.5367e-07
3.2902e-05
1.3289e-03
3.8862e-05
7.1001e-04
3.6001e-05
1.9073e-06
3.3140e-05
9.5367e-07
3.1948e-05
9.6917e-04
1.9073e-06
2.1458e-06
8.2016e-05
2.9492e-04
2.1458e-06
1.9073e-06
3.5048e-05
1.1921e-06
3.3855e-05
2.8801e-04
2.1458e-06
9.5367e-07
3.6001e-05
6.6686e-04
1.9073e-06
1.9073e-06
3.6001e-05
1.1921e-06
3.3855e-05
9.5010e-04
1.9073e-06
2.1410e-04
3.0994e-06
3.0994e-06
3.6955e-05
9.5367e-07
3.3140e-05
0.0000e+00
3.2902e-05
3.4094e-04
1.9073e-06
3.5691e-04
2.1458e-06
9.5367e-07
3.6001e-05
9.5367e-07
3.3140e-05
1.1301e-04
1.9073e-06
1.1921e-06
3.5048e-05
2.7013e-04
3.5048e-05
1.6904e-04
3.5048e-05
2.6202e-04
3.5048e-05
1.9073e-06
3.1948e-05
7.2289e-04
3.6001e-05
9.5367e-07
3.2902e-05
7.6318e-04
1.9073e-06
4.4823e-05
2.8610e-06
1.5712e-04
2.1458e-06
2.6393e-04
3.0994e-06
1.9073e-06
3.6001e-05
1.4400e-04
3.0994e-06
9.5367e-07
3.5048e-05
9.5367e-07
3.4094e-05
9.5367e-07
3.3140e-05
0.0000e+00
3.2902e-05
5.7602e-04
3.5763e-05
5.4622e-04
1.9073e-06
2.1458e-06
8.2016e-05
1.9073e-06
3.3140e-05
1.5712e-04
1.9073e-06
1.9073e-06
3.4809e-05
1.1921e-06
3.3855e-05
1.0769e-03
4.0531e-06
2.9969e-03
1.9073e-06
4.0531e-06
4.1962e-05
1.7750e-03
2.8610e-06
4.0531e-06
4.0054e-05
1.8001e-04
3.6955e-05
2.8992e-04
3.6955e-05
1.9073e-06
3.4094e-05
2.2197e-04
2.1458e-06
1.9073e-06
5.9128e-05
1.9073e-06
3.5048e-05
6.4015e-04
4.0054e-05
4.2796e-04
2.1458e-06
3.3689e-04
2.8610e-06
1.1921e-06
8.9884e-05
3.1900e-04
1.9073e-06
3.6693e-04
1.9073e-06
2.1458e-06
3.8862e-05
2.4080e-04
1.9073e-06
3.9816e-04
2.1458e-06
1.9073e-06
3.7193e-05
4.4990e-04
2.8610e-06
9.5367e-07
3.6955e-05
9.5367e-07
3.4094e-05
2.0003e-04
2.1458e-06
1.9073e-06
3.6001e-05
3.9101e-04
1.9073e-06
8.6069e-05
1.9073e-06
1.0490e-04
1.9073e-06
7.2002e-05
2.8610e-06
9.5367e-07
3.6001e-05
1.4400e-04
3.0994e-06
1.9073e-06
3.6001e-05
1.1921e-06
4.2915e-05
1.5497e-04
3.7909e-05
2.1458e-06
2.2793e-04
7.3910e-04
4.1962e-05
2.8610e-06
3.5048e-05
3.5810e-04
3.6955e-05
2.1458e-06
3.3855e-05
9.5367e-07
3.2902e-05
6.7401e-04
2.1458e-06
9.5367e-07
4.0054e-05
1.9073e-06
8.9884e-05
3.8600e-04
2.1458e-06
2.2388e-04
1.9073e-06
1.9073e-06
3.6955e-05
9.5367e-07
3.2902e-05
3.3998e-04
3.0994e-06
9.2030e-05
3.0994e-06
1.9073e-06
3.6001e-05
9.5367e-07
3.2902e-05
3.1090e-04
1.9073e-06
2.1458e-06
8.4877e-05
2.0027e-05
2.8610e-06
1.5712e-04
1.9073e-06
9.5367e-07
3.6001e-05
3.0303e-04
2.1458e-06
1.9073e-06
3.6001e-05
6.6400e-04
1.9073e-06
2.9302e-04
3.0994e-06
1.9073e-06
4.0054e-05
2.6894e-04
2.1458e-06
5.6028e-05
2.1458e-06
1.9073e-06
3.6955e-05
3.0994e-06
3.6001e-05
5.9128e-05
3.6955e-05
2.1100e-04
1.9073e-06
6.3181e-05
2.1458e-06
1.9073e-06
3.6001e-05
9.5367e-07
3.4094e-05
1.3804e-04
3.6955e-05
1.1897e-04
3.6001e-05
3.5048e-05
2.1458e-06
4.1080e-04
1.9073e-06
3.1614e-04
1.9073e-06
9.5367e-07
3.6001e-05
9.0837e-05
1.9073e-06
1.9073e-05
3.0994e-06
4.1008e-05
2.8610e-06
4.1008e-05
2.1458e-06
9.4891e-05
1.9073e-06
3.3140e-05
3.0994e-06
6.0797e-05
2.8610e-06
9.5367e-07
3.5048e-05
9.5367e-07
3.4094e-05
1.0610e-04
2.1458e-06
1.9073e-06
3.6001e-05
1.1420e-04
2.1458e-06
1.9073e-06
3.6001e-05
5.7936e-05
1.9073e-06
2.1458e-06
3.6001e-05
3.4904e-04
3.7909e-05
7.2002e-05
3.4809e-05
1.5116e-04
1.9073e-06
9.5844e-05
1.9073e-06
1.1206e-04
2.1458e-06
1.9073e-06
3.6001e-05
1.9073e-06
3.3140e-05
1.6785e-04
1.9073e-06
1.1802e-04
2.8610e-06
2.1458e-06
3.5048e-05
9.5367e-07
3.3855e-05
1.2207e-04
3.6001e-05
1.9002e-04
2.8610e-06
1.2398e-04
1.9073e-06
1.1921e-06
8.7976e-05
1.5187e-04
1.9073e-06
9.5367e-07
3.6001e-05
9.5367e-07
3.2902e-05
9.5367e-07
3.2902e-05
3.0494e-04
3.6955e-05
4.4823e-05
1.9073e-06
1.1921e-06
3.5048e-05
1.1921e-06
1.1706e-04
1.9073e-06
8.3923e-05
5.3883e-05
1.9073e-06
2.1458e-06
3.6955e-05
3.3903e-04
3.0994e-06
1.5211e-04
3.0994e-06
9.5367e-07
3.6001e-05
9.5367e-07
3.4094e-05
7.8917e-05
3.6001e-05
1.8096e-04
2.1458e-06
9.5367e-07
3.6001e-05
2.8205e-04
1.9073e-06
2.4080e-05
2.1458e-06
3.9816e-05
1.9073e-06
1.1921e-06
3.6001e-05
1.2088e-04
3.5048e-05
1.9073e-06
3.3140e-05
9.5367e-07
3.4094e-05
4.9615e-04
2.1458e-06
9.5367e-07
3.6955e-05
2.1458e-06
9.2030e-05
6.5494e-04
3.8147e-05
1.9073e-06
3.4094e-05
7.5388e-04
2.1458e-06
4.0531e-06
4.1008e-05
1.1921e-06
3.3855e-05
4.4799e-04
1.9073e-06
1.0300e-04
2.1458e-06
1.4496e-04
3.0994e-06
2.0099e-04
3.0994e-06
1.1206e-04
2.1458e-06
9.5367e-07
8.8930e-05
3.2902e-05
3.0994e-06
1.7500e-04
3.0994e-06
1.9073e-06
3.6001e-05
9.5367e-07
3.4094e-05
9.5367e-07
3.3140e-05
2.7823e-04
3.6955e-05
2.1458e-06
3.2902e-05
3.1710e-04
3.6955e-05
3.0994e-06
3.5048e-05
7.0810e-05
3.7909e-05
1.5497e-04
3.6955e-05
4.2915e-05
3.3855e-05
2.4009e-04
3.0994e-06
3.0994e-05
1.9073e-06
9.2983e-05
1.9073e-06
2.1458e-06
3.6001e-05
2.0504e-04
2.1458e-06
1.9073e-06
9.6083e-05
9.5367e-07
3.5048e-05
1.0419e-04
2.8610e-06
1.1921e-06
3.6001e-05
1.2302e-04
3.5048e-05
1.7500e-04
2.1458e-06
9.5367e-07
3.6001e-05
1.5593e-04
1.9073e-06
2.1458e-06
3.6001e-05
2.1458e-06
3.2902e-05
2.2006e-04
1.9073e-06
6.5088e-05
2.1458e-06
1.7905e-04
1.9073e-06
1.1921e-06
3.5048e-05
9.5367e-07
3.4094e-05
9.5367e-07
3.2902e-05
2.1458e-06
3.3855e-05
2.4915e-04
3.6001e-05
1.9073e-06
3.3140e-05
1.9073e-06
3.5048e-05
1.4305e-04
3.6955e-05
9.7990e-05
3.6001e-05
1.3900e-04
3.0994e-06
9.5367e-07
3.6001e-05
4.6968e-05
1.9073e-06
9.5367e-07
3.5048e-05
1.4615e-04
3.5048e-05
1.9073e-06
7.9155e-05
1.9073e-06
3.6001e-05
2.0719e-04
3.6001e-05
1.0991e-04
1.9073e-06
2.1458e-06
3.6001e-05
1.1921e-06
3.2902e-05
2.1458e-06
3.2902e-05
6.6042e-05
1.7214e-04
1.5998e-04
3.6001e-05
2.1815e-04
2.1458e-06
1.9073e-06
3.4809e-05
1.1921e-06
3.3855e-05
1.4901e-04
1.9073e-06
9.5367e-07
3.6001e-05
3.8481e-04
2.8610e-06
2.1458e-06
3.5048e-05
9.5367e-07
3.2902e-05
1.1921e-06
3.2902e-05
1.0300e-04
2.1458e-06
8.0109e-05
1.9073e-06
2.1458e-06
3.5048e-05
9.0837e-05
2.8610e-06
2.1458e-06
3.6001e-05
1.8787e-04
1.9073e-06
2.1458e-06
3.6001e-05
2.1005e-04
1.9073e-06
1.1921e-06
3.5048e-05
5.4693e-04
2.1458e-06
9.7036e-05
1.9073e-06
3.0994e-06
3.6955e-05
1.6785e-04
1.9073e-06
1.3900e-04
1.9073e-06
2.1458e-06
3.6955e-05
9.5367e-07
3.3140e-05
3.8862e-05
1.9073e-06
9.5367e-07
3.6001e-05
2.8706e-04
2.1458e-06
1.2088e-04
2.1458e-06
9.5367e-07
3.5048e-05
1.0300e-04
8.2970e-05
3.9101e-05
3.6001e-05
8.7976e-05
2.1458e-06
1.9073e-06
3.4809e-05
1.6713e-04
2.1458e-06
1.9073e-06
3.6001e-05
1.5521e-04
3.6001e-05
1.9073e-06
3.2902e-05
2.9588e-04
2.8610e-06
6.8188e-05
2.1458e-06
3.0994e-06
3.6001e-05
4.1962e-05
3.4809e-05
8.7023e-05
3.6001e-05
1.9073e-06
3.4094e-05
1.2898e-04
3.6955e-05
1.1921e-06
3.2902e-05
2.1458e-06
3.3855e-05
9.5367e-07
7.9155e-05
6.1893e-04
2.8610e-06
2.1458e-06
3.7909e-05
6.2943e-05
3.6001e-05
3.4714e-04
3.8147e-05
1.9073e-06
3.4094e-05
3.4499e-04
3.7909e-05
2.8300e-04
1.9073e-06
2.9898e-04
3.0994e-06
2.8610e-06
3.9101e-05
2.8610e-06
3.6001e-05
2.0504e-04
2.1458e-06
5.6982e-05
2.1458e-06
1.9073e-06
3.6001e-05
2.1458e-06
3.2902e-05
1.0920e-04
3.6001e-05
7.7009e-05
3.5048e-05
1.2207e-04
3.7193e-05
9.5367e-07
9.3937e-05
9.7036e-05
1.9073e-06
1.1921e-06
3.6001e-05
1.2589e-04
3.4809e-05
1.3995e-04
2.1458e-06
9.5367e-07
3.5048e-05
9.5367e-07
3.2902e-05
3.3498e-04
1.9073e-06
6.1035e-05
2.8610e-06
2.5988e-05
1.9073e-06
1.9503e-04
1.9073e-06
7.5102e-05
3.0994e-06
2.1458e-06
3.6001e-05
1.1706e-04
1.9073e-06
1.1921e-06
3.6955e-05
1.5402e-04
3.0994e-06
1.9073e-06
3.5048e-05
1.7760e-03
1.9073e-06
1.3185e-04
2.8610e-06
1.0109e-04
2.1458e-06
1.9073e-06
4.1008e-05
9.5367e-07
3.3140e-05
1.2994e-04
3.6001e-05
1.9073e-06
3.4094e-05
9.5367e-07
3.1948e-05
1.2779e-04
3.7909e-05
1.9312e-04
2.1458e-06
9.5367e-07
3.6955e-05
9.5367e-07
3.2902e-05
1.9073e-06
3.4094e-05
3.5310e-04
1.9073e-06
6.7949e-05
1.9073e-06
9.8944e-05
3.0994e-06
1.1086e-04
1.9073e-06
7.9155e-05
2.1458e-06
9.5367e-07
3.6001e-05
1.9073e-06
3.2902e-05
2.5392e-04
3.0994e-06
1.0800e-04
1.9073e-06
1.9073e-06
3.7193e-05
7.3195e-05
3.5048e-05
2.8610e-06
3.5048e-05
1.9073e-06
3.4094e-05
1.3304e-04
3.5048e-05
1.0896e-04
3.6001e-05
9.2030e-05
3.0994e-06
9.5367e-07
3.5048e-05
1.2612e-04
3.6001e-05
1.9073e-06
3.2902e-05
1.6594e-04
8.2016e-05
1.9073e-06
3.2902e-05
2.0313e-04
1.9073e-06
2.1458e-06
3.6001e-05
1.0085e-04
3.0994e-06
1.6499e-04
1.9073e-06
2.1458e-06
3.6001e-05
1.2302e-04
1.9073e-06
8.7023e-05
1.9073e-06
1.0705e-04
2.1458e-06
1.9073e-06
3.6001e-05
2.1458e-06
3.5048e-05
8.5831e-05
1.9073e-06
1.9073e-06
3.6001e-05
1.3208e-04
3.5048e-05
6.7949e-05
3.6001e-05
1.9073e-06
3.2902e-05
1.0014e-04
3.7193e-05
2.8706e-04
1.9073e-06
9.5367e-07
8.2970e-05
1.9073e-06
3.3140e-05
9.5367e-07
3.2902e-05
1.3399e-04
3.0994e-06
2.1386e-04
2.8610e-06
2.1696e-04
1.9073e-06
9.3937e-05
1.9073e-06
9.5367e-07
3.6001e-05
7.5102e-05
3.0994e-06
8.9884e-05
1.9073e-06
9.5367e-07
3.7193e-05
2.1458e-06
3.6001e-05
1.1992e-04
1.9073e-06
1.5593e-04
1.9073e-06
2.1458e-06
3.6001e-05
3.5906e-04
2.1458e-06
1.7786e-04
1.9073e-06
2.1458e-06
3.6955e-05
9.5367e-07
3.3140e-05
1.2994e-04
3.5048e-05
2.1458e-06
7.7009e-05
3.0994e-06
3.5048e-05
1.9288e-04
1.9073e-06
8.2970e-05
1.9073e-06
2.1458e-06
3.4809e-05
2.0313e-04
2.1458e-06
1.2398e-04
3.0994e-06
9.5367e-07
3.6001e-05
2.1458e-06
3.2902e-05
1.3995e-04
3.6001e-05
1.9073e-06
8.0109e-05
1.8287e-04
1.9073e-06
2.1696e-04
2.1458e-06
1.0395e-04
1.9073e-06
1.9073e-06
3.6001e-05
2.4819e-04
1.9073e-06
1.4114e-04
2.1458e-06
9.5367e-07
3.6001e-05
9.5367e-07
3.2902e-05
7.1049e-05
1.9073e-06
9.5367e-07
3.5048e-05
1.4882e-03
2.1458e-06
2.8205e-04
2.8610e-06
3.3855e-05
2.8610e-06
4.5061e-05
2.1458e-06
9.5367e-07
4.1008e-05
5.4598e-04
1.9073e-06
9.5367e-07
3.8862e-05
9.5367e-07
3.4094e-05
9.5367e-07
3.3140e-05
1.6189e-04
1.9073e-06
9.5367e-07
8.7023e-05
2.1386e-04
1.9073e-06
9.5367e-07
3.6001e-05
9.5367e-07
3.2902e-05
9.5367e-07
3.2902e-05
9.5367e-07
3.3140e-05
3.1090e-04
1.9073e-06
9.5367e-07
3.4809e-05
3.3402e-04
1.9073e-06
9.5367e-07
3.7193e-05
2.0885e-04
1.9073e-06
5.0068e-06
3.0994e-06
1.1921e-06
7.6056e-05
2.9516e-04
1.9073e-06
2.1458e-06
3.6955e-05
1.5998e-04
3.6001e-05
1.5807e-04
3.7193e-05
7.2002e-05
7.2956e-05
4.5109e-04
2.1458e-06
6.6996e-05
2.1458e-06
1.0300e-04
1.9073e-06
1.0014e-04
2.1458e-06
2.1458e-06
3.6001e-05
9.5367e-07
9.2983e-05
2.1458e-06
3.4094e-05
8.3923e-05
2.1458e-06
1.2589e-04
2.8610e-06
4.2319e-04
2.8610e-06
1.1897e-04
1.9073e-06
2.2173e-05
1.9073e-06
4.0770e-05
2.8610e-06
6.0081e-05
2.1458e-06
5.7936e-05
2.1458e-06
2.8610e-06
3.6001e-05
1.8501e-04
1.9073e-06
2.1458e-06
3.7909e-05
5.3883e-05
3.6955e-05
1.6904e-04
2.1458e-06
9.5367e-07
3.5048e-05
1.1301e-04
3.5048e-05
1.2207e-04
2.1458e-06
9.5367e-07
3.6001e-05
2.1458e-06
3.5048e-05
8.1062e-05
1.9073e-06
2.1458e-06
3.6001e-05
2.9397e-04
2.1458e-06
1.9073e-06
3.6001e-05
8.2970e-05
3.6001e-05
1.9073e-06
3.4094e-05
2.0695e-04
2.1458e-06
1.6499e-04
1.9073e-06
1.9073e-06
8.2970e-05
2.8610e-06
3.3855e-05
2.2602e-04
3.0994e-06
7.7963e-05
1.9073e-06
9.5367e-07
3.4809e-05
9.5367e-07
3.4094e-05
2.7609e-04
3.8147e-05
6.5684e-04
1.9073e-06
9.2983e-05
1.9073e-06
9.5367e-07
3.7193e-05
8.3923e-05
1.9073e-06
2.2173e-05
1.9073e-06
9.5367e-07
3.7909e-05
9.5367e-07
3.2902e-05
0.0000e+00
3.3140e-05
3.1781e-04
1.9073e-06
1.8120e-04
1.9073e-06
4.1962e-05
2.1458e-06
1.1921e-06
3.6955e-05
1.3494e-04
1.9073e-06
9.6083e-05
1.9073e-06
1.9073e-06
8.6069e-05
2.1458e-06
3.3855e-05
2.1458e-06
3.3855e-05
9.5367e-07
3.2902e-05
3.5095e-04
3.0994e-06
9.5367e-07
3.6001e-05
9.5367e-07
3.3140e-05
0.0000e+00
3.3140e-05
0.0000e+00
8.2016e-05
2.8610e-06
3.3140e-05
1.9002e-04
3.7193e-05
4.1962e-05
3.5048e-05
2.3293e-04
1.9073e-06
9.5367e-07
3.4809e-05
2.1458e-06
3.2902e-05
9.5367e-07
3.3140e-05
3.1996e-04
3.0994e-06
3.0994e-06
3.6001e-05
6.6042e-05
1.9073e-06
9.5367e-07
3.6001e-05
2.0003e-04
3.0994e-06
7.7009e-05
2.1458e-06
9.2030e-05
3.0994e-06
1.9073e-06
3.6001e-05
9.5367e-07
3.2902e-05
1.9073e-06
3.3140e-05
3.0088e-04
1.9073e-06
3.0994e-06
3.6001e-05
6.9857e-05
3.6955e-05
1.9073e-06
3.2902e-05
2.3103e-04
2.1458e-06
9.5367e-07
3.6001e-05
1.2398e-04
1.9073e-06
2.1458e-06
3.3855e-05
8.7023e-05
3.6001e-05
1.1897e-04
3.4499e-04
1.7309e-04
1.9073e-06
2.7180e-05
2.8610e-06
1.3494e-04
2.1458e-06
4.8876e-05
1.9073e-06
1.9073e-06
3.6955e-05
1.0800e-04
3.6001e-05
2.1458e-06
3.2902e-05
3.8600e-04
1.9073e-06
4.4107e-04
2.1458e-06
9.5367e-07
3.6001e-05
2.1458e-06
8.7976e-05
5.1904e-04
1.9073e-06
1.1301e-04
1.9073e-06
9.8228e-05
1.9073e-06
1.1921e-06
3.6955e-05
9.5367e-07
3.3140e-05
9.5367e-07
3.4094e-05
2.2984e-04
2.8610e-06
1.3900e-04
1.9073e-06
9.5367e-07
3.6001e-05
1.1921e-06
8.2016e-05
1.9073e-06
3.4094e-05
2.2793e-04
3.0994e-06
9.5367e-07
1.0800e-04
3.9101e-05
2.1458e-06
1.9073e-06
3.5048e-05
2.9397e-04
1.9073e-06
9.5367e-07
3.6001e-05
1.1921e-06
3.2902e-05
2.0504e-04
2.1458e-06
9.5367e-07
8.4162e-05
1.6093e-04
2.1458e-06
9.5367e-07
3.6001e-05
2.1601e-04
2.1458e-06
2.8300e-04
7.2002e-05
1.0896e-04
1.9073e-06
1.9073e-06
3.6955e-05
1.9312e-04
3.6001e-05
2.5606e-04
3.5048e-05
2.1601e-04
3.0994e-06
1.3900e-04
2.1458e-06
3.0994e-06
3.7909e-05
1.3709e-04
3.6955e-05
2.1458e-06
3.3855e-05
1.1921e-06
3.2902e-05
1.5402e-04
3.5048e-05
2.6608e-04
2.1458e-06
8.1062e-05
2.1458e-06
9.5367e-07
3.6001e-05
7.5102e-05
3.0994e-06
3.0994e-06
3.6001e-05
1.0490e-04
1.9073e-06
9.5367e-07
3.6955e-05
1.5211e-04
3.5048e-05
1.1420e-04
3.6001e-05
8.8930e-05
3.5048e-05
1.8883e-04
3.0994e-06
9.5367e-07
3.5048e-05
5.4121e-05
9.3937e-05
2.2602e-04
1.9073e-06
9.5367e-07
3.6001e-05
9.5367e-07
3.2902e-05
4.7612e-04
2.1458e-06
3.3855e-05
1.9073e-06
1.2898e-04
1.9073e-06
2.7180e-05
2.8610e-06
9.5367e-07
3.7909e-05
2.1696e-04
1.9073e-06
2.1458e-06
3.6001e-05
1.3804e-04
2.8610e-06
6.9857e-05
1.9073e-06
2.1458e-06
3.6001e-05
9.7990e-05
3.0994e-06
1.9073e-06
3.5048e-05
1.4615e-04
3.4094e-05
1.9073e-06
3.3140e-05
1.7381e-04
2.8610e-06
2.1458e-06
3.6001e-05
1.2803e-04
3.6001e-05
1.9073e-06
3.4809e-05
7.9155e-05
3.6001e-05
5.8174e-05
3.5048e-05
9.1076e-05
3.6001e-05
1.2708e-04
1.9073e-06
1.1921e-06
3.5048e-05
3.0279e-04
3.7909e-05
2.1458e-06
3.2902e-05
1.3590e-04
3.4809e-05
2.1458e-06
3.2902e-05
1.1921e-06
3.3855e-05
9.5367e-07
3.4094e-05
9.5367e-07
3.3140e-05
3.3593e-04
3.6001e-05
2.2006e-04
3.0994e-06
4.6015e-05
2.1458e-06
1.2207e-04
3.0994e-06
1.9073e-06
8.2970e-05
1.1802e-04
2.1458e-06
9.5367e-07
3.5048e-05
2.8706e-04
3.0994e-06
2.8849e-05
3.0994e-06
9.5367e-07
3.5048e-05
5.2929e-05
2.8610e-06
2.1458e-06
3.6001e-05
9.5367e-07
3.4094e-05
1.7500e-04
3.6001e-05
5.1022e-05
1.9073e-06
9.5367e-07
3.6001e-05
1.2898e-04
3.6001e-05
1.9073e-06
3.3140e-05
1.2803e-04
3.6001e-05
1.6308e-04
1.9073e-06
1.1921e-06
3.6001e-05
2.3079e-04
6.1035e-05
1.9073e-06
7.7963e-05
2.8610e-06
3.5048e-05
9.5367e-07
3.2902e-05
9.5367e-07
3.3140e-05
9.5367e-07
3.1948e-05
9.5367e-07
3.2902e-05
5.5909e-04
1.9073e-06
1.1921e-06
3.6001e-05
9.5367e-07
7.2002e-05
1.2493e-04
3.6955e-05
1.9073e-06
3.4094e-05
9.5367e-07
3.3140e-05
9.5367e-07
3.2902e-05
2.1458e-06
3.3855e-05
9.5367e-07
3.3140e-05
5.9795e-04
2.1458e-06
9.5367e-07
3.6955e-05
3.8409e-04
3.0994e-06
2.6941e-05
2.1458e-06
9.5367e-07
3.5048e-05
8.7976e-05
3.0994e-06
2.0981e-05
2.1458e-06
9.5367e-07
3.6001e-05
1.9073e-05
2.1458e-06
1.6499e-04
2.1458e-06
2.6941e-05
3.0994e-06
9.5367e-07
3.5048e-05
9.5367e-07
3.4094e-05
1.1683e-04
3.6001e-05
1.9073e-06
3.3140e-05
6.2943e-05
2.8610e-06
1.9073e-06
3.7193e-05
1.5998e-04
3.6001e-05
1.1110e-04
3.6001e-05
7.7009e-05
3.4809e-05
2.2507e-04
3.0994e-06
9.5367e-07
3.6001e-05
2.4891e-04
3.0994e-06
4.1962e-05
1.9073e-06
9.5367e-07
3.6955e-05
5.2929e-05
3.6001e-05
3.2902e-04
2.1458e-06
2.7895e-05
1.9073e-06
1.0514e-04
2.1458e-06
9.5367e-07
3.6001e-05
9.5367e-07
3.2902e-05
9.5367e-07
3.3140e-05
1.1492e-04
3.7193e-05
1.2517e-04
3.6955e-05
1.2803e-04
1.9073e-06
2.1458e-06
3.6001e-05
2.3794e-04
2.1458e-06
3.0041e-05
1.9073e-06
1.6379e-04
1.9073e-06
2.1458e-06
3.6001e-05
9.7990e-05
2.1458e-06
8.8930e-05
3.0994e-06
9.5367e-07
3.6955e-05
3.0994e-06
3.5048e-05
7.4863e-05
1.9073e-06
1.1921e-06
3.6001e-05
2.4891e-04
3.6001e-05
5.1022e-05
1.9073e-06
2.1458e-06
3.4809e-05
2.7108e-04
3.0994e-06
1.7881e-05
1.9073e-06
9.0122e-05
2.8610e-06
2.1458e-06
3.5048e-05
2.8086e-04
1.9073e-06
9.5367e-07
3.6001e-05
9.5367e-07
3.3140e-05
9.5367e-07
3.3855e-05
1.1921e-06
3.3855e-05
9.5367e-07
3.3140e-05
2.4104e-04
2.8610e-06
9.5367e-07
3.4809e-05
3.3140e-05
8.3208e-05
1.1802e-04
2.8610e-06
2.1458e-06
3.6001e-05
1.1206e-04
3.5048e-05
1.9002e-04
3.0994e-06
9.5367e-07
3.5048e-05
9.5367e-07
3.4094e-05
0.0000e+00
3.2902e-05
1.8620e-04
3.5048e-05
6.4850e-05
8.2016e-05
4.6968e-05
3.5048e-05
1.3185e-04
3.6001e-05
7.4863e-05
3.6001e-05
1.4091e-04
1.9073e-06
1.4114e-04
2.1458e-06
1.9073e-06
5.5075e-05
7.7009e-05
3.6001e-05
1.7500e-04
2.8610e-06
9.5367e-07
8.4162e-05
9.0837e-05
3.5048e-05
1.9073e-06
3.3140e-05
1.9789e-04
1.9073e-06
7.7963e-05
1.9073e-06
1.4710e-04
2.1458e-06
8.8930e-05
3.0994e-06
1.9073e-06
3.6001e-05
2.1791e-04
1.9073e-06
2.1458e-06
3.6001e-05
3.2687e-04
1.9073e-06
3.0041e-05
2.8610e-06
1.0800e-04
1.9073e-06
2.1458e-06
3.6955e-05
9.5367e-07
3.2902e-05
1.1921e-06
3.2902e-05
9.5367e-07
3.3140e-05
9.5367e-07
3.4094e-05
2.6608e-04
3.7193e-05
1.0610e-04
2.1458e-06
9.5367e-07
8.7023e-05
1.9073e-06
3.3855e-05
2.9016e-04
1.9073e-06
9.5367e-07
3.6001e-05
9.5367e-07
3.4094e-05
9.5367e-07
3.4094e-05
1.8096e-04
3.6001e-05
1.2481e-03
4.7207e-05
7.5817e-05
1.2589e-04
3.0994e-06
3.4094e-05
9.1791e-05
3.6001e-05
2.1005e-04
3.0994e-06
2.3484e-04
1.9073e-06
8.6069e-05
3.0994e-06
2.7895e-05
1.9073e-06
3.1590e-04
2.8610e-06
1.9073e-06
3.6955e-05
3.9601e-04
2.1458e-06
9.5367e-07
3.6001e-05
4.1389e-04
1.9073e-06
2.8396e-04
3.0994e-06
3.0994e-06
3.7909e-05
2.3603e-04
2.1458e-06
1.9073e-06
3.6955e-05
1.1921e-06
3.2902e-05
5.9414e-04
4.0054e-05
1.9073e-06
3.4094e-05
9.5367e-07
3.4094e-05
1.9789e-04
2.8610e-06
9.5367e-07
3.8147e-05
2.1195e-04
3.6001e-05
1.1921e-06
3.3855e-05
1.1921e-06
3.2902e-05
1.9073e-06
3.4094e-05
3.5095e-04
1.9073e-06
8.7023e-05
1.9073e-06
9.5367e-07
3.7909e-05
9.5367e-07
8.2970e-05
2.0313e-04
2.1458e-06
1.9073e-06
3.6001e-05
1.4091e-04
1.9073e-06
9.5367e-07
3.4809e-05
1.1921e-06
3.2902e-05
1.3304e-04
3.6001e-05
7.4148e-05
3.6001e-05
9.5367e-07
3.3855e-05
1.1611e-04
3.0994e-06
1.1921e-06
3.5048e-05
1.6284e-04
3.6001e-05
9.5367e-07
3.3140e-05
2.1482e-04
2.8610e-06
2.1458e-06
3.5048e-05
6.7282e-04
1.9073e-06
3.0041e-05
2.1458e-06
1.0896e-04
2.8610e-06
1.9073e-06
3.4809e-05
2.1791e-04
3.6001e-05
7.3004e-04
1.9073e-06
1.9073e-06
3.7909e-05
2.1458e-06
3.6001e-05
1.0395e-04
3.4809e-05
1.4520e-04
3.6955e-05
9.2983e-05
2.8610e-06
9.5367e-07
3.4809e-05
1.1921e-06
7.9870e-05
1.0514e-04
3.5048e-05
1.9097e-04
3.6001e-05
4.2915e-05
2.1458e-06
1.5497e-04
2.1458e-06
9.5367e-07
3.6001e-05
1.4997e-04
1.9073e-06
3.1018e-04
2.1458e-06
3.0994e-06
3.6955e-05
3.1400e-04
3.0994e-06
2.5988e-05
2.1458e-06
3.6955e-05
1.9073e-06
2.1458e-06
3.6001e-05
1.9073e-06
3.4094e-05
1.0705e-04
3.6001e-05
2.1458e-06
3.3855e-05
9.5367e-07
3.4094e-05
9.5367e-07
3.2187e-05
4.7922e-05
3.7193e-05
3.0589e-04
8.3923e-05
1.0395e-04
2.1458e-06
9.6083e-05
2.8610e-06
9.5367e-07
3.5048e-05
1.8501e-04
2.1458e-06
1.9073e-06
3.6001e-05
7.2002e-05
3.6955e-05
1.5402e-04
2.1458e-06
9.5367e-07
3.6001e-05
4.8876e-05
1.9073e-06
1.6999e-04
1.9073e-06
1.9073e-06
3.6001e-05
2.1100e-04
3.6001e-05
1.9073e-06
3.4094e-05
1.4186e-04
3.6955e-05
2.1410e-04
3.0994e-06
1.9073e-06
3.6001e-05
9.5367e-07
3.2902e-05
1.9884e-04
1.9073e-06
1.1921e-06
7.9870e-05
3.0994e-06
3.3855e-05
2.1458e-06
3.3855e-05
2.6703e-04
1.9073e-06
1.4710e-04
2.1458e-06
1.9073e-06
3.5048e-05
7.8917e-05
3.6001e-05
9.5367e-07
3.4094e-05
1.8191e-04
3.0994e-06
1.9073e-06
3.5048e-05
8.9169e-05
2.1458e-06
4.6968e-05
1.9073e-06
9.5367e-07
3.5048e-05
1.5402e-04
3.4809e-05
5.9128e-05
3.6001e-05
1.9312e-04
2.1458e-06
1.9073e-06
3.5048e-05
2.1458e-06
3.3855e-05
5.1308e-04
3.0994e-06
2.6941e-05
2.1458e-06
1.8835e-05
3.0994e-06
1.9073e-06
3.5048e-05
6.0081e-05
2.1458e-06
9.5367e-07
3.3855e-05
1.1921e-06
3.2902e-05
6.5207e-04
2.1458e-06
9.5367e-07
3.6001e-05
9.5367e-07
3.3140e-05
4.2987e-04
2.8610e-06
1.1921e-06
3.6001e-05
2.8014e-04
2.1458e-06
9.5367e-07
3.6001e-05
9.5367e-07
3.4094e-05
2.5797e-04
2.1458e-06
9.5367e-07
3.6001e-05
9.5367e-07
3.4094e-05
9.5367e-07
3.3140e-05
1.5783e-04
3.5048e-05
2.2602e-04
1.9073e-06
1.7500e-04
2.1458e-06
9.5367e-07
3.6001e-05
1.1516e-04
2.1458e-06
1.9073e-06
3.6001e-05
2.1195e-04
1.9073e-06
2.1458e-06
3.6001e-05
9.5367e-07
3.2902e-05
1.1921e-06
3.2902e-05
1.9693e-04
3.6001e-05
4.8876e-05
1.9073e-06
2.1458e-06
3.5048e-05
2.6393e-04
1.9073e-06
9.5367e-07
3.6001e-05
9.0122e-05
2.1458e-06
9.5367e-07
3.4094e-05
9.5367e-07
3.2902e-05
1.8406e-04
1.9073e-06
1.1992e-04
1.9073e-06
1.9073e-06
3.4094e-05
9.5844e-05
8.7023e-05
2.0003e-04
2.1458e-06
1.9073e-06
3.6001e-05
9.5367e-07
3.4094e-05
2.6393e-04
2.1458e-06
1.9073e-06
3.6001e-05
1.3518e-04
1.9073e-06
8.2016e-05
1.9073e-06
6.9141e-05
1.9073e-06
1.2112e-04
1.9073e-06
1.9073e-06
3.6001e-05
1.9073e-06
3.5048e-05
2.1601e-04
1.9073e-06
2.9612e-04
2.1458e-06
4.1962e-05
2.1458e-06
4.1008e-05
3.0994e-06
2.1219e-05
2.8610e-06
4.2200e-05
2.8610e-06
1.1897e-04
1.9073e-06
3.0994e-06
3.6001e-05
9.5367e-07
3.2187e-05
2.4819e-04
3.6001e-05
2.1458e-06
7.9870e-05
1.9073e-06
3.3855e-05
4.0102e-04
3.7193e-05
3.4785e-04
3.6001e-05
3.6907e-04
1.9073e-06
9.5367e-07
3.6001e-05
9.5367e-07
3.1948e-05
9.5367e-07
3.2902e-05
9.5367e-07
8.1062e-05
1.9073e-06
3.4094e-05
9.5367e-07
3.2902e-05
2.5105e-04
3.6001e-05
1.5521e-04
2.1458e-06
1.9073e-06
3.5048e-05
9.5367e-07
3.3140e-05
1.1587e-04
3.6955e-05
9.9897e-05
8.3923e-05
2.1458e-06
3.3855e-05
2.0909e-04
3.0994e-06
1.9073e-06
3.5763e-05
1.4615e-04
2.1458e-06
1.1396e-04
2.1458e-06
9.5367e-07
3.6001e-05
5.8174e-05
3.6955e-05
1.9073e-06
3.2902e-05
1.2898e-04
8.2970e-05
1.9073e-06
3.4094e-05
9.5367e-07
3.3140e-05
2.6894e-04
2.7013e-04
2.8610e-06
3.6955e-05
9.5367e-07
3.3140e-05
3.5191e-04
1.5497e-04
2.2793e-04
2.1458e-06
9.4891e-05
2.8610e-06
2.1458e-06
9.7990e-05
1.3494e-04
3.6955e-05
1.9073e-06
3.4094e-05
4.0698e-04
2.1458e-06
9.5367e-07
3.6001e-05
4.3869e-05
2.1458e-06
9.5367e-07
3.5048e-05
2.5892e-04
1.9073e-06
1.9073e-06
3.5048e-05
9.5367e-07
3.3140e-05
1.9073e-06
3.6001e-05
9.5367e-07
3.4094e-05
2.1601e-04
3.7193e-05
1.9073e-06
3.3140e-05
1.4806e-04
3.6955e-05
2.2697e-04
3.0994e-06
9.5367e-07
3.6001e-05
9.5367e-07
4.9114e-05
2.1458e-06
3.5048e-05
1.9383e-04
3.4809e-05
1.1611e-04
2.1458e-06
8.1062e-05
1.9073e-06
1.2898e-04
3.0994e-06
9.5367e-07
3.6001e-05
3.6955e-05
3.5048e-05
1.1396e-04
1.9073e-06
2.2221e-04
1.9073e-06
2.8133e-05
1.9073e-06
1.1086e-04
1.9073e-06
1.9073e-06
8.4162e-05
1.1396e-04
2.1458e-06
9.5367e-07
3.6001e-05
4.0293e-04
1.9073e-06
9.5367e-07
3.4809e-05
9.7036e-05
1.9073e-06
6.2704e-04
1.9073e-06
3.0994e-06
3.7909e-05
1.1921e-06
3.2902e-05
9.5367e-07
3.2902e-05
4.1485e-04
1.9073e-06
4.7517e-04
2.1458e-06
3.6955e-05
3.0994e-06
2.1458e-06
4.0054e-05
9.5367e-07
3.4094e-05
8.3208e-04
1.9073e-06
2.1458e-06
3.6001e-05
9.5367e-07
3.2902e-05
2.2697e-04
3.5048e-05
1.6904e-04
8.4162e-05
8.9192e-04
2.8610e-06
4.0531e-06
1.2708e-04
4.4894e-04
1.9073e-06
3.0994e-06
3.8862e-05
2.1458e-06
3.3855e-05
8.9169e-05
3.5048e-05
1.8597e-04
1.9073e-06
9.5367e-07
3.6001e-05
9.5367e-07
8.2016e-05
2.8610e-06
3.3855e-05
2.8992e-04
1.9073e-06
7.4148e-05
2.1458e-06
1.9073e-06
3.6001e-05
9.5367e-07
3.3140e-05
9.5367e-07
3.1948e-05
1.4400e-04
3.6001e-05
1.9073e-06
3.4094e-05
2.6584e-04
1.9073e-06
1.9073e-06
3.6001e-05
1.3018e-04
1.9073e-06
9.5367e-07
3.6001e-05
9.5367e-07
3.4094e-05
9.5367e-07
3.2902e-05
5.5003e-04
3.0994e-06
1.9002e-04
3.0994e-06
2.0504e-04
2.8610e-06
1.9503e-04
1.9073e-06
2.1458e-06
3.6001e-05
3.4094e-05
1.9073e-06
9.5367e-07
3.6001e-05
5.2881e-04
2.8610e-06
2.1458e-06
3.6001e-05
1.6689e-04
1.9073e-06
2.1458e-06
3.6001e-05
9.5367e-07
3.2902e-05
1.8716e-04
3.6001e-05
2.1458e-06
3.2902e-05
9.5367e-07
8.1778e-05
1.9073e-06
3.3140e-05
4.0793e-04
1.9073e-06
2.1458e-06
3.5763e-05
1.1921e-06
3.2902e-05
1.3995e-04
3.6955e-05
1.9073e-06
3.3140e-05
6.4850e-05
1.9073e-06
1.1921e-06
3.4809e-05
6.7949e-05
3.6001e-05
9.5844e-05
3.6955e-05
1.9073e-06
3.2902e-05
1.0300e-04
3.7193e-05
1.3709e-04
3.7193e-05
1.8287e-04
1.9073e-06
9.5367e-07
3.5048e-05
6.5088e-05
3.5048e-05
1.1015e-04
3.5048e-05
9.5367e-07
3.2902e-05
9.5367e-07
3.4094e-05
9.5367e-07
3.1948e-05
2.1458e-06
3.3855e-05
2.3818e-04
3.6001e-05
1.1396e-04
3.6001e-05
9.5844e-05
1.8883e-04
5.4121e-05
3.4809e-05
1.5688e-04
2.1458e-06
9.5367e-07
3.4094e-05
1.6904e-04
2.1458e-06
1.9073e-06
3.6001e-05
3.9101e-05
3.5048e-05
9.6083e-05
3.5048e-05
1.9073e-06
3.3140e-05
1.9073e-06
3.4809e-05
2.1458e-06
3.3855e-05
4.1914e-04
3.0994e-06
6.6042e-05
2.8610e-06
1.1921e-06
3.5048e-05
9.5367e-07
3.2902e-05
9.5367e-07
3.3140e-05
3.4404e-04
2.1458e-06
7.5102e-05
1.9073e-06
1.6499e-04
1.9073e-06
1.2088e-04
2.1458e-06
1.9073e-06
3.6001e-05
9.5367e-07
3.4094e-05
8.6069e-05
3.6001e-05
2.1458e-06
3.2902e-05
9.5129e-05
3.6001e-05
1.9073e-06
3.2902e-05
6.1798e-04
3.4809e-05
2.9111e-04
3.0994e-06
1.5187e-04
2.1458e-06
9.5367e-07
3.6001e-05
9.5367e-07
3.3140e-05
9.5367e-07
3.1948e-05
3.7503e-04
2.1458e-06
1.7595e-04
2.1458e-06
9.5367e-07
3.5048e-05
5.6982e-05
1.9073e-06
2.1458e-06
3.5048e-05
1.3781e-04
9.7990e-05
6.6996e-05
3.6001e-05
1.2183e-04
3.6001e-05
1.9073e-06
3.3140e-05
1.0204e-04
3.5048e-05
1.4091e-04
1.9073e-06
8.1062e-05
2.8610e-06
1.2016e-04
2.1458e-06
1.8001e-04
1.9073e-06
9.5367e-07
3.6001e-05
1.0204e-04
1.9073e-06
1.1396e-04
1.9073e-06
4.4107e-05
2.1458e-06
1.9073e-06
3.6001e-05
1.3494e-04
3.6001e-05
9.7990e-05
2.1458e-06
9.2030e-05
2.1458e-06
1.4496e-04
3.0994e-06
1.2684e-04
1.9073e-06
2.6011e-04
2.1458e-06
1.9073e-06
3.6001e-05
1.1921e-06
3.2902e-05
2.1458e-06
3.5048e-05
1.3995e-04
3.5048e-05
2.1458e-06
3.2902e-05
1.5497e-04
3.6955e-05
5.7936e-05
1.9073e-06
9.5367e-07
3.5048e-05
9.5367e-07
3.3140e-05
8.8930e-05
3.6001e-05
3.3307e-04
3.0994e-06
9.5367e-07
3.6001e-05
1.6809e-04
3.0994e-06
2.6941e-05
2.1458e-06
8.3923e-05
3.0994e-06
9.5367e-07
3.5048e-05
9.5367e-07
3.4094e-05
1.8692e-04
2.1458e-06
9.5367e-07
3.6001e-05
1.3900e-04
2.1458e-06
1.0300e-04
2.1458e-06
1.1086e-04
1.9073e-06
7.7009e-05
1.9073e-06
1.2398e-04
1.9073e-06
1.9073e-06
3.6001e-05
7.9870e-05
3.5048e-05
1.9073e-06
3.3140e-05
3.7599e-04
3.0994e-06
4.7922e-05
2.1458e-06
9.5367e-07
3.6001e-05
9.5367e-07
3.3140e-05
9.5367e-07
8.1062e-05
5.0092e-04
2.8610e-06
2.1458e-06
3.6001e-05
4.1580e-04
1.9073e-06
1.9073e-06
3.6001e-05
3.1090e-04
3.6001e-05
1.4114e-04
3.0994e-06
9.2983e-05
2.8610e-06
2.3508e-04
2.1458e-06
1.0610e-04
2.1458e-06
1.9073e-06
3.6001e-05
1.9073e-06
3.6001e-05
1.9073e-06
3.3140e-05
2.2507e-04
1.9073e-06
8.6069e-05
1.9073e-06
1.0109e-04
2.1458e-06
9.5367e-07
3.6001e-05
9.5367e-07
3.4094e-05
2.8682e-04
2.8610e-06
2.1458e-06
3.6001e-05
6.4135e-05
3.6001e-05
2.1005e-04
3.0994e-06
1.9073e-06
3.5048e-05
3.8862e-05
2.8610e-06
1.1921e-06
3.6001e-05
3.8147e-05
2.1458e-06
1.9073e-06
3.6001e-05
2.1005e-04
3.6001e-05
1.0490e-04
3.6001e-05
2.2984e-04
1.9073e-06
1.7500e-04
1.9073e-06
1.9073e-06
3.6001e-05
9.5367e-07
3.3855e-05
0.0000e+00
3.3140e-05
9.5367e-07
3.3140e-05
2.2388e-04
3.6001e-05
1.6594e-04
3.0994e-06
1.0705e-04
3.0994e-06
9.5367e-07
3.6001e-05
1.1110e-04
8.2016e-05
3.0994e-06
3.3855e-05
1.1921e-06
3.2902e-05
3.0613e-04
1.9073e-06
1.7715e-04
2.1458e-06
9.5367e-07
3.6001e-05
1.2898e-04
2.1458e-06
7.2002e-05
1.9073e-06
2.5988e-05
1.9073e-06
9.5367e-07
3.6001e-05
1.1921e-06
7.8917e-05
1.6594e-04
3.6001e-05
9.7990e-05
1.9073e-06
2.9182e-04
2.8610e-06
9.5367e-07
3.5048e-05
9.5367e-07
3.3140e-05
9.5367e-07
3.3140e-05
1.1921e-06
3.2902e-05
0.0000e+00
3.3140e-05
0.0000e+00
8.0109e-05
1.9073e-06
3.4094e-05
3.9601e-04
2.1458e-06
1.4305e-04
1.9073e-06
1.4806e-04
1.9073e-06
2.1458e-06
3.6001e-05
3.3855e-05
3.6001e-05
9.1076e-05
3.6001e-05
2.1458e-06
3.2902e-05
8.6069e-05
8.1062e-05
8.3923e-05
2.8610e-06
1.1921e-06
3.5048e-05
1.9312e-04
2.1458e-06
9.5367e-07
3.5048e-05
5.6028e-05
3.5048e-05
1.4114e-04
3.6001e-05
5.8889e-05
2.8610e-06
1.1921e-06
3.6001e-05
1.5092e-04
3.6001e-05
9.7036e-05
2.1458e-06
9.5367e-07
3.6001e-05
1.1110e-04
3.6001e-05
3.0994e-06
3.2902e-05
9.7990e-05
3.4809e-05
1.3900e-04
1.9073e-06
1.9073e-06
3.5048e-05
1.9073e-06
3.4094e-05
1.7595e-04
1.1587e-04
2.1458e-06
3.3855e-05
1.7619e-04
3.5048e-05
9.5367e-07
3.2902e-05
8.3923e-05
3.6001e-05
8.7976e-05
3.5048e-05
1.8692e-04
2.8610e-06
8.5115e-05
2.1458e-06
8.1062e-05
2.8610e-06
5.2214e-05
1.9073e-06
1.9073e-06
3.6001e-05
5.0783e-05
3.6001e-05
8.2970e-05
2.1458e-06
9.5367e-07
3.5048e-05
3.4499e-04
1.9073e-06
1.1110e-04
1.9073e-06
7.3910e-05
1.9073e-06
1.9073e-06
3.6001e-05
1.5402e-04
1.9073e-06
1.9073e-06
3.6001e-05
1.6460e-03
1.9073e-06
2.8610e-06
4.3154e-05
9.5367e-07
3.2902e-05
1.1921e-06
3.3855e-05
1.1921e-06
3.3855e-05
2.7895e-04
1.9073e-06
8.5115e-05
1.9073e-06
1.9073e-06
3.6001e-05
1.6999e-04
2.1458e-06
1.9073e-06
3.5048e-05
7.6056e-05
3.5048e-05
1.7595e-04
2.1458e-06
8.9884e-05
1.9073e-06
1.3614e-04
2.1458e-06
9.5367e-07
3.5048e-05
1.9312e-04
1.9073e-06
1.1015e-04
2.1458e-06
1.9073e-06
3.9101e-05
9.5367e-07
3.4094e-05
9.5367e-07
3.2902e-05
2.8610e-06
3.4809e-05
1.1015e-04
3.5048e-05
1.8597e-04
3.6001e-05
2.1458e-06
3.4094e-05
2.5892e-04
3.4809e-05
2.1458e-06
3.3855e-05
0.0000e+00
3.2902e-05
9.5367e-07
7.8917e-05
6.7949e-05
3.5048e-05
1.4091e-04
3.6001e-05
1.0610e-04
3.0994e-06
1.9073e-06
3.5048e-05
3.3689e-04
1.9073e-06
1.1921e-06
3.5048e-05
2.1458e-06
3.3855e-05
1.1921e-06
3.2902e-05
9.5367e-07
1.0514e-04
1.9073e-06
3.8147e-05
1.5402e-04
3.5048e-05
2.3699e-04
3.0994e-06
9.5367e-07
3.4809e-05
9.5367e-07
3.4094e-05
2.1315e-04
2.1458e-06
7.2002e-05
3.0994e-06
1.1015e-04
2.1458e-06
1.9073e-06
3.6001e-05
1.9073e-06
3.6001e-05
9.5367e-07
3.3140e-05
3.8505e-04
3.0994e-06
1.9073e-06
3.5048e-05
4.7922e-05
1.9073e-06
1.2898e-04
1.9073e-06
9.5367e-07
3.4809e-05
1.5402e-04
1.9073e-06
9.5367e-07
3.7193e-05
9.5367e-07
7.7963e-05
3.0994e-06
3.5048e-05
2.6679e-04
1.9073e-06
8.7976e-05
1.9073e-06
1.6713e-04
3.0994e-06
8.9884e-05
2.8610e-06
1.1015e-04
1.9073e-06
2.1458e-06
3.6955e-05
4.4107e-05
3.6001e-05
3.1304e-04
2.1458e-06
1.9073e-06
3.7193e-05
9.5367e-07
8.2970e-05
1.9073e-06
3.3140e-05
1.8287e-04
2.8610e-06
7.9155e-05
1.9073e-06
1.1206e-04
1.9073e-06
1.3399e-04
1.9073e-06
2.1458e-06
3.6001e-05
8.0824e-05
1.9073e-06
1.0395e-04
1.9073e-06
9.5367e-07
3.6001e-05
1.3590e-04
3.5048e-05
1.0109e-04
2.1458e-06
6.3896e-05
1.9073e-06
3.3140e-05
3.6955e-05
1.8597e-04
3.6001e-05
9.5367e-07
3.2902e-05
1.1086e-04
1.9073e-06
1.7786e-04
1.9073e-06
9.5367e-07
3.5048e-05
4.4107e-05
3.0994e-06
9.5367e-07
3.6001e-05
9.7990e-05
3.5048e-05
2.1458e-06
3.3855e-05
8.4162e-05
3.6001e-05
1.9073e-06
3.4094e-05
1.6189e-04
3.6001e-05
1.9073e-06
3.4094e-05
9.5367e-07
3.3140e-05
5.4693e-04
2.8610e-06
1.9073e-06
8.3923e-05
8.6069e-05
2.1458e-06
7.7963e-05
3.0994e-06
9.5367e-07
3.6001e-05
6.3896e-05
3.6001e-05
1.3804e-04
3.6001e-05
1.9073e-06
3.3140e-05
1.9073e-06
3.3140e-05
9.5367e-07
3.3140e-05
1.9073e-06
3.5048e-05
2.8396e-04
3.6001e-05
8.4877e-05
3.6955e-05
2.4986e-04
2.1458e-06
9.5367e-07
3.5048e-05
9.5367e-07
3.3140e-05
9.5367e-07
3.3140e-05
3.0994e-06
3.5048e-05
2.1458e-06
3.5048e-05
5.9485e-04
1.9073e-06
9.5367e-07
3.6001e-05
3.6001e-05
1.9073e-06
1.1921e-06
3.3855e-05
9.5367e-07
3.3855e-05
3.9911e-04
2.1458e-06
9.9897e-05
1.9073e-06
9.5367e-07
3.6955e-05
3.0184e-04
2.3890e-04
2.4080e-05
3.6955e-05
2.8396e-04
3.7909e-05
2.6011e-04
2.1458e-06
1.9073e-06
3.6001e-05
9.5367e-07
3.3855e-05
9.5367e-07
3.2902e-05
3.1209e-04
1.9073e-06
8.1062e-05
1.9073e-06
2.1458e-06
8.5831e-05
1.1110e-04
2.1458e-06
1.9073e-06
3.6001e-05
2.1005e-04
2.1458e-06
9.5367e-07
3.5048e-05
9.5129e-05
3.6001e-05
1.9073e-06
3.3140e-05
1.9789e-04
1.9073e-06
9.5367e-07
3.4809e-05
1.1921e-06
7.8917e-05
2.1458e-06
3.5048e-05
1.1182e-04
3.6955e-05
1.3709e-04
3.6001e-05
1.4305e-04
2.1458e-06
9.8944e-05
2.1458e-06
7.0095e-05
2.1458e-06
2.2507e-04
1.9073e-06
9.5367e-07
3.6001e-05
4.3869e-05
2.8610e-06
9.5367e-07
3.6001e-05
1.1897e-04
2.8610e-06
9.5367e-07
3.6001e-05
1.1921e-06
3.2902e-05
2.1601e-04
3.6001e-05
1.0300e-04
3.6001e-05
2.5201e-04
2.1458e-06
3.0041e-05
1.9073e-06
9.5367e-07
3.5048e-05
9.5367e-07
3.4094e-05
2.0814e-04
3.6001e-05
1.5807e-04
3.0994e-06
2.5988e-05
3.0994e-06
7.6771e-05
1.9073e-06
1.3781e-04
3.0994e-06
1.9073e-06
3.6001e-05
9.5367e-07
3.3140e-05
3.1495e-04
3.0994e-06
4.4823e-05
1.9073e-06
2.1458e-06
3.6955e-05
9.5367e-07
7.8917e-05
3.4809e-05
3.5048e-05
8.4877e-05
3.6955e-05
1.0395e-04
3.6001e-05
3.0041e-05
3.4809e-05
2.2721e-04
1.9073e-06
1.1921e-06
3.6001e-05
9.5367e-07
3.2902e-05
1.0800e-04
8.2970e-05
2.0695e-04
2.8610e-06
1.9073e-06
3.6001e-05
2.1291e-04
2.1458e-06
8.2970e-05
2.1458e-06
9.5367e-07
3.5048e-05
4.0054e-05
3.0994e-06
1.7500e-04
2.1458e-06
9.1076e-05
3.0994e-06
2.1458e-06
3.5048e-05
6.1035e-05
3.6001e-05
1.5497e-04
2.8610e-06
3.0994e-06
3.6001e-05
8.2970e-05
3.0994e-06
1.9073e-06
3.4094e-05
3.2401e-04
3.0994e-06
7.2002e-05
3.0994e-06
6.7949e-05
1.9073e-06
1.1301e-04
3.0994e-06
4.1008e-05
2.1458e-06
9.5367e-07
3.6001e-05
1.7309e-04
2.1458e-06
4.2295e-04
2.8610e-06
2.1458e-06
8.6069e-05
2.5988e-04
3.0994e-06
9.5367e-07
3.6001e-05
9.5367e-07
3.3140e-05
3.2687e-04
2.8610e-06
2.0981e-05
1.9073e-06
6.7949e-05
1.9073e-06
2.1458e-06
3.6955e-05
4.0054e-05
2.8610e-06
9.5367e-07
3.5048e-05
1.5402e-04
1.9073e-06
9.1076e-05
2.1458e-06
1.0395e-04
2.1458e-06
8.8930e-05
2.8610e-06
1.1921e-06
3.6001e-05
8.3923e-05
3.7193e-05
1.7595e-04
2.1458e-06
9.0837e-05
1.9073e-06
1.1652e-03
3.0994e-06
4.0531e-06
4.1008e-05
1.9383e-04
1.9073e-06
2.1458e-06
3.5048e-05
9.5367e-07
9.6083e-05
3.7694e-04
3.7909e-05
6.7902e-04
2.1458e-06
1.1396e-04
1.9073e-06
2.1458e-06
3.8862e-05
4.4513e-04
1.9073e-06
1.1921e-06
3.6001e-05
9.5367e-07
3.2902e-05
1.1921e-06
3.2902e-05
6.4397e-04
3.6001e-04
1.2183e-04
1.9073e-06
1.1921e-06
3.6001e-05
9.5367e-07
3.2902e-05
1.1921e-06
3.2902e-05
8.5115e-05
3.5048e-05
1.1492e-04
3.6955e-05
1.5903e-04
2.1458e-06
9.5367e-07
3.5048e-05
2.2507e-04
2.1458e-06
1.0514e-04
3.0994e-06
2.1458e-06
3.5048e-05
9.5367e-07
3.2902e-05
1.1921e-06
3.2902e-05
9.5367e-07
3.2902e-05
8.2016e-05
2.1458e-06
2.5988e-04
2.8610e-06
9.5367e-07
3.4809e-05
1.0514e-04
3.6001e-05
1.1802e-04
2.1458e-06
9.2983e-05
3.0994e-06
1.9073e-06
3.5048e-05
7.1049e-05
3.5048e-05
2.1458e-06
3.2902e-05
9.5367e-07
3.3140e-05
1.9073e-06
3.3140e-05
2.8491e-04
3.6001e-05
1.6212e-04
2.1458e-06
2.1458e-06
3.6001e-05
1.9073e-06
3.4094e-05
3.7789e-04
1.9073e-06
9.5367e-07
3.6001e-05
4.3201e-04
1.9073e-06
1.9717e-04
1.9073e-06
3.4809e-05
2.8610e-06
9.5367e-07
3.7193e-05
3.7098e-04
1.9073e-06
2.1458e-06
3.6001e-05
1.9503e-04
1.9073e-06
2.0027e-05
1.9073e-06
1.1921e-06
3.6001e-05
9.5367e-07
3.2902e-05
1.1921e-06
3.1948e-05
3.1805e-04
2.1458e-06
5.7936e-05
1.9073e-06
2.1458e-06
3.6001e-05
9.5367e-07
3.3140e-05
8.9169e-05
3.6001e-05
1.7095e-04
1.9073e-06
9.5367e-07
3.6001e-05
8.3923e-05
2.1458e-06
7.3910e-05
2.1458e-06
9.5367e-07
3.4094e-05
2.4986e-04
2.8610e-06
8.3923e-05
2.8610e-06
2.1458e-06
3.6001e-05
9.5367e-07
3.3140e-05
2.9492e-04
2.1458e-06
2.0003e-04
2.1458e-06
4.4823e-05
3.0994e-06
9.5367e-07
3.7193e-05
2.0790e-04
2.1458e-06
8.2970e-05
1.9073e-06
9.5367e-07
3.6001e-05
1.1921e-06
3.3855e-05
5.6982e-05
3.6001e-05
3.4285e-04
2.1458e-06
8.7023e-05
2.1458e-06
1.9073e-06
3.6955e-05
5.3167e-05
8.2970e-05
9.5129e-05
3.6001e-05
1.1921e-06
3.3855e-05
2.6917e-04
2.8610e-06
9.5367e-07
3.6001e-05
9.5367e-07
3.3140e-05
9.5367e-07
3.3140e-05
9.5367e-07
3.2902e-05
1.4400e-04
8.3923e-05
1.0705e-04
3.6001e-05
7.4148e-05
3.6001e-05
2.1458e-06
3.5048e-05
2.3389e-04
2.1458e-06
9.5367e-07
3.6001e-05
1.0800e-04
1.9073e-06
1.9073e-06
3.6001e-05
9.5367e-07
3.2902e-05
4.8208e-04
1.9073e-06
4.1962e-05
1.9073e-06
1.1587e-04
3.0994e-06
9.5367e-07
3.6001e-05
8.7976e-05
1.9073e-06
2.1458e-06
3.5048e-05
9.5367e-07
4.0054e-05
3.3808e-04
2.8610e-06
1.1921e-06
3.5048e-05
6.2585e-04
1.9073e-06
9.5367e-07
3.6001e-05
1.9073e-06
3.4809e-05
1.1921e-06
3.2902e-05
9.5367e-07
3.3140e-05
5.1904e-04
1.9073e-06
9.5367e-07
3.6001e-05
2.6608e-04
3.6955e-05
5.9104e-04
1.9073e-06
8.3923e-05
1.9073e-06
9.5367e-07
3.8147e-05
1.8120e-04
1.9073e-06
1.4591e-04
2.1458e-06
1.9073e-06
3.6001e-05
1.3518e-04
1.9073e-06
1.1921e-06
3.6001e-05
1.5998e-04
2.1458e-06
9.5367e-07
3.6001e-05
9.5367e-07
3.3140e-05
2.0099e-04
3.0994e-06
2.1458e-06
3.6001e-05
7.6056e-05
3.6001e-05
1.0800e-04
1.9073e-06
2.2817e-04
3.0994e-06
2.5034e-05
1.9073e-06
9.5367e-07
3.4809e-05
1.1921e-06
3.2902e-05
9.5367e-07
3.2187e-05
1.1301e-04
3.6001e-05
2.6703e-04
1.9073e-06
1.9073e-06
3.6001e-05
1.1516e-04
3.6001e-05
2.1458e-06
3.2902e-05
2.5892e-04
1.9073e-06
6.5088e-05
2.1458e-06
4.1962e-05
1.9073e-06
9.5367e-07
3.6001e-05
5.6028e-05
3.4809e-05
2.1458e-06
3.4094e-05
2.9516e-04
2.8610e-06
9.5367e-07
8.2970e-05
1.9073e-06
3.3140e-05
6.0081e-05
3.5048e-05
9.8944e-05
3.6001e-05
7.9870e-05
3.3855e-05
2.1458e-06
3.4094e-05
2.1458e-06
3.3855e-05
4.2009e-04
3.0994e-06
1.9073e-06
8.5115e-05
1.1492e-04
1.9073e-06
1.9073e-06
3.6001e-05
5.6982e-05
3.6001e-05
9.2983e-05
3.5048e-05
5.0783e-05
3.5048e-05
2.0289e-04
2.1458e-06
9.5367e-07
3.5048e-05
9.5367e-07
3.2187e-05
6.1035e-05
8.2970e-05
4.3154e-05
3.5048e-05
2.1696e-04
3.6955e-05
2.6393e-04
3.6001e-05
4.5514e-04
2.8610e-06
1.0896e-04
1.9073e-06
1.9073e-06
3.6001e-05
2.8896e-04
2.1458e-06
9.5367e-07
3.6001e-05
9.5367e-07
1.5497e-04
2.7108e-04
3.0994e-06
1.1992e-04
2.1458e-06
1.9073e-06
3.6001e-05
9.5367e-07
3.4094e-05
1.2994e-04
1.9073e-06
9.1076e-05
3.0994e-06
1.3304e-04
2.1458e-06
9.5367e-07
3.6001e-05
1.4591e-04
1.9073e-06
1.1921e-06
3.3855e-05
2.1458e-06
3.5048e-05
2.1601e-04
1.9073e-06
1.1921e-06
3.4809e-05
1.1921e-06
3.2902e-05
6.1035e-05
2.1458e-06
5.6982e-05
2.1458e-06
2.7490e-04
1.9073e-06
3.6001e-05
3.0994e-06
1.2803e-04
3.0994e-06
8.9884e-05
1.9073e-06
9.5367e-07
3.6001e-05
1.1921e-06
8.2016e-05
8.3923e-05
3.6955e-05
1.9073e-06
3.4094e-05
9.0289e-04
2.8610e-06
9.5367e-07
3.8147e-05
8.2016e-05
3.0994e-06
1.9073e-06
3.5048e-05
2.4891e-04
1.9073e-06
9.5367e-07
3.6001e-05
2.1458e-06
8.9884e-05
5.3167e-05
3.6001e-05
9.3937e-05
3.5048e-05
4.7922e-05
3.6001e-05
2.0599e-04
3.6001e-05
1.9073e-06
3.4094e-05
5.9843e-05
1.9073e-06
2.1458e-06
3.5048e-05
1.1301e-04
1.9073e-06
2.1458e-06
3.5048e-05
9.5367e-07
3.3140e-05
1.8883e-04
3.6001e-05
4.9829e-05
3.5048e-05
8.7976e-05
3.6001e-05
9.5367e-07
3.2902e-05
2.4819e-04
2.1458e-06
1.9073e-06
3.6001e-05
6.5088e-05
8.2016e-05
2.8300e-04
1.9073e-06
1.9073e-06
3.6001e-05
1.6904e-04
1.9073e-06
1.5998e-04
1.9073e-06
9.5367e-07
3.6001e-05
1.1921e-06
3.3855e-05
3.5310e-04
2.1458e-06
9.5367e-07
3.6001e-05
1.5903e-04
2.1458e-06
3.6502e-04
2.1458e-06
1.9073e-06
3.8147e-05
9.5367e-07
3.2902e-05
1.1921e-06
3.2902e-05
9.5367e-07
3.2902e-05
5.4193e-04
3.9816e-05
6.5303e-04
2.8610e-06
3.0994e-06
3.6955e-05
2.7418e-04
3.6001e-05
2.8610e-06
3.6001e-05
3.0708e-04
3.6001e-05
1.9073e-06
3.4094e-05
3.7217e-04
3.6001e-05
1.6899e-03
4.4107e-05
5.1594e-04
3.0994e-06
1.0586e-04
2.8610e-06
2.8396e-04
1.9073e-06
2.1458e-06
3.8862e-05
2.3007e-04
3.7193e-05
1.9073e-06
3.4094e-05
6.6519e-04
2.1458e-06
9.5367e-07
3.6955e-05
1.1921e-06
3.2902e-05
2.8801e-04
8.0109e-05
3.0994e-06
4.0054e-05
3.8695e-04
3.7193e-05
1.8609e-03
3.0994e-06
3.0994e-06
4.1008e-05
6.9499e-04
3.0994e-06
7.5293e-04
2.1458e-06
4.0531e-06
4.1008e-05
9.5367e-07
3.3140e-05
4.1199e-04
3.0994e-06
3.0220e-03
3.8147e-06
7.8678e-06
4.9829e-05
6.3300e-04
3.0994e-06
5.0068e-06
4.6015e-05
3.2306e-04
4.3154e-05
1.8382e-04
1.9073e-06
1.4305e-04
2.1458e-06
1.9073e-06
3.6001e-05
2.5034e-05
1.9073e-06
4.0007e-04
3.0994e-06
2.5988e-05
3.0994e-06
9.5367e-07
3.6001e-05
4.1962e-05
1.9073e-06
8.9169e-05
1.9073e-06
9.5367e-07
3.5048e-05
2.9492e-04
1.9073e-06
1.9073e-06
3.9101e-05
4.4823e-05
1.9073e-06
9.5367e-07
3.6001e-05
9.5367e-07
3.4094e-05
9.5367e-07
5.4121e-05
2.8610e-06
3.4094e-05
2.5296e-04
3.6001e-05
2.1458e-06
3.2902e-05
2.8610e-06
3.4809e-05
1.1921e-06
3.2902e-05
3.1304e-04
2.1458e-06
9.5367e-07
3.6001e-05
9.5367e-07
3.3140e-05
9.5367e-07
3.3140e-05
3.0518e-04
1.9073e-06
9.5367e-07
3.6001e-05
4.6015e-05
8.4162e-05
1.1301e-04
1.9073e-06
1.1110e-04
3.0994e-06
9.5367e-07
3.6001e-05
9.5367e-07
3.3140e-05
3.4094e-04
3.0994e-06
9.5367e-07
3.6955e-05
9.5367e-07
3.2902e-05
9.5367e-07
3.3140e-05
1.2493e-04
8.0824e-05
2.0289e-04
2.1458e-06
1.5688e-04
2.8610e-06
2.5034e-05
1.9073e-06
9.5367e-07
3.6001e-05
1.1921e-06
3.2902e-05
6.1107e-04
2.1458e-06
9.5367e-07
3.6001e-05
6.6996e-05
3.0994e-06
2.9802e-04
2.1458e-06
1.9073e-06
3.6001e-05
5.5075e-05
3.0994e-06
1.9073e-06
3.6955e-05
2.1815e-04
3.6955e-05
2.9397e-04
1.9073e-06
7.0095e-05
2.1458e-06
6.0081e-05
1.9073e-06
1.9073e-06
3.6001e-05
7.6056e-05
1.9073e-06
9.5367e-07
3.6001e-05
9.5367e-07
3.2902e-05
1.1921e-06
8.0824e-05
1.5020e-04
3.6001e-05
2.5487e-04
1.9073e-06
6.8903e-05
2.1458e-06
9.5367e-07
3.6001e-05
9.5367e-07
3.2902e-05
9.5367e-07
3.4094e-05
9.5367e-07
3.3140e-05
3.5191e-04
1.9073e-06
3.0994e-06
8.1778e-05
1.9073e-06
3.5048e-05
1.2493e-04
3.6955e-05
1.9073e-06
3.3140e-05
0.0000e+00
3.2902e-05
1.3709e-04
3.6001e-05
2.3389e-04
1.9073e-06
1.0705e-04
3.0994e-06
1.9073e-06
3.5048e-05
2.4295e-04
2.8610e-06
1.9073e-06
3.6001e-05
9.5367e-07
3.2902e-05
1.9073e-06
3.3140e-05
1.9073e-06
3.2902e-05
1.8597e-04
2.1458e-06
5.0068e-05
3.5048e-05
2.1410e-04
1.9073e-06
1.9073e-06
3.6955e-05
1.9073e-06
7.9870e-05
2.1458e-06
3.4094e-05
2.2602e-04
1.9073e-06
1.1921e-06
3.5048e-05
2.1458e-06
3.2902e-05
8.8930e-05
3.5048e-05
8.4877e-05
3.6001e-05
9.1076e-05
1.9073e-06
2.1458e-06
3.6001e-05
1.5998e-04
3.6001e-05
1.9693e-04
1.9073e-06
8.2970e-05
1.9073e-06
1.9073e-06
3.5048e-05
9.5367e-07
3.2902e-05
2.1911e-04
3.0994e-06
8.2970e-05
2.1458e-06
9.5367e-07
3.5048e-05
9.5367e-07
3.3140e-05
4.0500e-03
1.9073e-06
3.8385e-04
2.8610e-06
5.4121e-05
2.8610e-06
2.1815e-04
3.0994e-06
1.9073e-06
4.1962e-05
1.4710e-04
2.1458e-06
9.5367e-07
3.6001e-05
2.7394e-04
3.0994e-06
9.5367e-07
3.6001e-05
3.0208e-04
3.7193e-05
5.8413e-04
2.1458e-06
1.9073e-06
3.6955e-05
2.1458e-06
3.6001e-05
9.5367e-07
1.8215e-04
1.5187e-04
2.8610e-06
2.1458e-06
3.6001e-05
4.8709e-04
4.0054e-05
4.2915e-05
1.9073e-06
1.6212e-04
3.6001e-05
2.1458e-06
3.2902e-05
1.8501e-04
2.8610e-06
2.2078e-04
2.8610e-06
2.0027e-05
1.9073e-06
6.9141e-05
2.1458e-06
1.9073e-06
3.6001e-05
9.5367e-07
3.3855e-05
9.5367e-07
3.1948e-05
4.4894e-04
3.0994e-06
3.0684e-04
3.0994e-06
5.0068e-05
1.9073e-06
1.1921e-06
4.6968e-05
1.9073e-06
3.4094e-05
4.8654e-01
