1.7552e-02
2.2421e-02
1.5020e-05
3.5048e-05
6.9857e-05
6.8473e-02
3.0994e-06
6.9141e-06
5.0068e-05
1.9073e-06
2.2221e-04
3.5320e-02
4.6968e-05
1.0496e-02
7.5817e-05
3.8147e-06
3.6001e-05
6.1485e-02
4.0531e-06
6.9141e-06
5.0783e-05
2.1458e-06
3.5048e-05
9.5367e-07
3.5048e-05
1.2302e-04
3.7909e-05
1.4067e-05
3.6001e-05
2.1458e-06
3.5048e-05
6.1989e-06
3.5048e-05
7.6104e-02
3.0994e-06
7.1526e-06
5.0068e-05
1.1921e-06
3.3855e-05
2.1458e-06
1.4091e-04
2.1458e-06
3.4094e-05
5.2943e-02
3.8147e-06
6.9141e-06
5.1022e-05
1.0400e-02
2.8610e-06
1.1731e-02
3.0994e-06
1.0014e-05
4.5061e-05
1.0365e-02
5.2214e-05
5.9605e-06
3.3855e-05
1.1921e-06
3.3855e-05
4.1317e-02
5.6028e-05
1.6226e-02
8.3923e-05
1.0312e-02
3.0994e-06
5.0068e-06
9.6083e-05
1.9073e-06
5.6028e-05
2.8610e-06
1.0419e-04
5.1482e-03
2.1458e-06
4.0531e-06
4.3154e-05
1.0181e-02
3.0994e-06
7.1120e-03
3.0994e-06
5.0068e-06
4.6968e-05
9.5367e-07
3.3855e-05
9.5367e-07
3.2902e-05
2.1005e-04
3.8147e-05
1.9264e-02
2.8610e-06
1.0309e-03
2.1458e-06
1.9073e-06
8.4162e-05
9.8395e-04
1.9073e-06
3.9411e-04
2.1458e-06
2.2602e-04
3.0994e-06
9.1195e-04
2.8610e-06
4.1103e-04
1.9073e-06
2.1458e-06
4.1962e-05
9.5367e-07
3.3140e-05
9.5367e-07
3.3140e-05
9.5367e-07
8.7976e-05
1.9073e-06
3.3855e-05
1.9073e-06
3.4094e-05
1.7350e-03
2.1458e-06
1.9073e-06
4.2200e-05
5.6250e-03
4.4823e-05
2.9101e-03
3.0994e-06
2.8610e-06
4.0770e-05
2.1458e-06
3.3855e-05
1.1921e-06
9.2030e-05
1.3478e-03
2.8610e-06
1.9073e-06
4.1008e-05
2.1458e-06
3.3855e-05
2.1458e-06
3.3855e-05
8.9812e-04
3.9101e-05
1.9073e-06
3.3855e-05
2.3551e-03
3.0994e-06
4.0531e-06
4.1962e-05
1.9073e-06
3.6001e-05
1.9073e-06
3.4094e-05
9.5367e-07
3.4094e-05
9.5367e-07
3.3140e-05
9.5367e-07
3.4094e-05
3.2470e-03
2.1458e-06
3.0994e-06
4.1962e-05
4.5395e-04
1.9073e-06
2.1458e-06
8.8930e-05
2.1458e-06
3.3855e-05
3.2592e-04
3.8147e-05
2.8610e-06
3.5048e-05
7.5951e-03
3.0994e-06
6.9141e-06
7.9870e-05
2.1458e-06
3.4094e-05
1.6611e-03
1.9073e-06
1.9073e-06
4.0054e-05
2.8610e-06
3.7193e-05
1.9073e-06
3.2902e-05
9.5367e-07
3.2902e-05
1.5481e-03
4.1008e-05
4.8995e-04
3.8147e-05
2.8610e-06
3.4094e-05
8.5306e-04
3.6955e-05
1.9073e-06
1.3113e-04
3.1638e-03
4.3154e-05
3.8147e-06
3.4094e-05
9.5367e-07
3.3140e-05
9.5367e-07
3.4094e-05
9.5367e-07
3.3140e-05
9.5367e-07
3.3855e-05
3.7210e-03
2.1458e-06
2.8610e-06
9.5129e-05
1.9073e-06
3.6001e-05
8.4805e-04
3.0994e-06
2.0790e-04
3.0994e-06
1.9073e-06
3.9816e-05
9.5367e-07
3.3855e-05
9.5367e-07
3.2902e-05
9.5367e-07
3.4094e-05
9.5367e-07
3.3140e-05
2.0161e-03
2.8610e-06
2.8610e-06
4.0054e-05
9.5367e-07
3.4094e-05
2.1300e-03
2.1458e-06
4.0531e-06
4.0054e-05
4.8399e-04
2.1458e-06
2.1458e-06
3.7909e-05
1.1921e-06
3.2902e-05
1.3750e-03
4.1962e-05
2.8610e-06
1.0586e-04
1.5271e-03
2.1458e-06
1.9073e-06
3.9101e-05
7.2908e-04
3.0994e-06
5.0688e-04
1.9073e-06
3.0994e-06
4.0054e-05
1.2460e-03
2.1458e-06
1.9073e-06
3.8147e-05
9.5367e-07
3.2902e-05
1.3440e-03
3.0994e-06
1.9073e-06
9.5129e-05
1.9073e-06
3.6001e-05
1.9271e-03
2.1458e-06
1.9073e-06
4.0770e-05
2.1458e-06
3.3855e-05
1.1921e-06
3.2902e-05
9.5367e-07
3.4094e-05
9.5367e-07
3.2902e-05
9.5367e-07
8.9169e-05
3.0994e-06
3.6955e-05
9.5367e-07
3.6907e-04
2.8419e-03
3.0994e-06
1.5612e-03
1.9073e-06
4.3702e-04
2.8610e-06
3.6097e-04
1.9073e-06
3.7718e-04
2.1458e-06
1.9073e-06
4.1008e-05
1.1921e-06
3.3855e-05
1.1921e-06
3.3855e-05
1.9073e-06
3.6001e-05
1.2681e-03
4.1008e-05
5.3978e-04
4.1008e-05
3.0994e-06
3.3855e-05
1.4551e-03
2.1458e-06
1.1139e-03
1.9073e-06
6.1321e-04
1.9073e-06
1.9073e-06
4.0054e-05
1.9073e-06
3.4094e-05
2.8610e-06
4.1962e-05
1.9073e-06
3.3140e-05
9.5367e-07
3.4094e-05
1.9810e-03
3.0994e-06
4.0531e-06
3.9816e-05
1.1921e-06
3.3855e-05
4.7278e-04
2.8610e-06
2.1458e-06
3.6955e-05
1.4601e-03
3.0994e-06
6.2799e-04
2.1458e-06
1.5688e-04
3.0994e-06
4.3702e-04
2.1458e-06
3.0994e-06
3.8862e-05
3.8600e-04
3.8862e-05
9.9587e-04
1.9073e-06
1.9073e-06
3.9816e-05
1.1921e-06
3.3855e-05
1.9791e-03
4.0054e-05
1.0920e-03
2.8610e-06
2.1458e-06
9.7036e-05
1.9073e-06
3.4094e-05
9.5367e-07
3.4094e-05
9.5367e-07
3.3140e-05
9.5367e-07
3.4094e-05
3.9489e-03
1.9073e-06
7.1812e-04
3.0994e-06
3.0994e-06
4.1962e-05
6.4301e-04
3.0994e-06
1.9073e-06
1.0085e-04
6.7019e-04
2.1458e-06
1.9073e-06
3.8147e-05
4.3201e-04
3.0994e-06
2.8610e-06
4.4107e-05
2.1458e-06
3.4809e-05
9.5367e-07
3.2902e-05
1.9073e-06
3.4094e-05
9.1350e-03
2.8610e-06
3.8147e-06
1.0395e-04
1.9073e-06
3.6001e-05
9.5367e-07
3.2902e-05
1.9200e-03
3.0994e-06
4.3797e-04
2.1458e-06
2.8610e-06
4.1008e-05
6.0916e-04
1.9073e-06
6.4015e-04
2.1458e-06
1.9073e-06
3.9816e-05
1.1921e-06
3.3855e-05
1.1921e-06
2.1696e-04
1.3490e-03
4.2200e-05
3.0994e-06
3.4094e-05
7.6985e-04
2.8610e-06
1.1001e-03
1.9073e-06
1.7231e-03
2.8610e-06
1.8811e-04
3.0994e-06
1.8787e-04
3.0994e-06
9.5367e-07
4.1962e-05
2.1791e-04
3.0994e-06
8.3899e-04
1.9073e-06
2.7549e-03
2.8610e-06
4.0531e-06
4.3154e-05
1.1921e-06
3.2902e-05
2.1458e-06
3.3855e-05
9.5367e-07
3.2902e-05
1.1990e-03
3.8147e-05
1.9073e-06
3.5048e-05
9.5367e-07
9.9182e-05
3.3379e-03
3.0994e-06
2.8610e-06
9.2983e-05
1.9073e-06
3.5048e-05
6.5088e-04
3.7909e-05
7.7701e-04
4.0054e-05
1.9073e-06
3.4094e-05
1.3819e-03
1.9073e-06
6.9213e-04
2.1458e-06
9.5367e-07
4.0054e-05
9.5367e-07
3.2902e-05
2.1458e-06
3.5048e-05
9.5367e-07
3.2902e-05
9.5367e-07
3.2902e-05
5.8980e-03
4.3869e-05
1.5361e-03
3.0994e-06
3.0994e-06
4.1008e-05
1.9073e-06
3.3140e-05
9.5367e-07
3.4094e-05
1.1420e-03
1.9073e-06
2.8610e-06
3.8147e-05
1.9073e-06
3.4094e-05
5.7888e-04
3.6955e-05
1.9441e-03
4.1962e-05
1.3649e-03
3.0994e-06
5.4407e-04
3.0994e-06
3.0994e-06
3.9816e-05
1.1921e-06
3.2902e-05
2.8610e-06
3.7193e-05
1.1861e-03
2.1458e-06
1.9073e-06
3.6955e-05
9.5367e-07
3.3855e-05
9.5367e-07
3.4094e-05
9.5367e-07
3.3140e-05
1.0018e-03
3.7909e-05
2.1458e-06
3.4094e-05
1.7228e-03
5.0783e-05
2.8610e-06
3.9101e-05
1.9073e-06
3.4094e-05
9.5367e-07
3.3140e-05
2.7859e-03
3.0994e-06
3.0994e-06
3.9101e-05
9.5367e-07
3.2902e-05
1.1199e-03
1.9073e-06
5.4598e-04
1.9073e-06
4.5204e-04
3.0994e-06
5.3000e-04
2.8610e-06
3.0994e-06
4.0054e-05
8.8596e-04
1.9073e-06
2.1458e-06
3.7909e-05
3.5810e-04
3.0994e-06
1.9073e-06
3.7193e-05
3.7694e-04
2.1458e-06
2.1982e-04
1.9073e-06
9.8705e-04
2.8610e-06
2.9206e-04
2.1458e-06
2.4199e-04
1.9073e-06
1.1921e-06
7.2002e-05
3.0994e-06
3.6955e-05
2.1820e-03
3.8862e-05
2.1458e-06
3.3855e-05
9.5367e-07
3.4094e-05
1.2102e-03
3.6955e-05
2.1458e-06
3.2902e-05
1.1921e-06
3.2902e-05
9.5367e-07
3.3140e-05
2.1458e-06
3.4809e-05
9.5367e-07
3.3855e-05
2.4321e-03
2.1458e-06
1.9073e-06
3.8147e-05
9.5367e-07
3.3140e-05
1.2329e-03
3.7909e-05
9.6798e-04
1.9073e-06
1.1921e-06
3.7909e-05
9.5367e-07
9.5129e-05
2.8610e-06
3.4094e-05
9.5367e-07
3.3140e-05
1.1139e-03
3.6955e-05
5.4383e-04
1.9073e-06
1.9073e-06
3.6955e-05
9.5367e-07
3.2902e-05
9.5367e-07
3.4094e-05
1.2099e-02
9.7990e-05
5.0068e-06
2.8586e-04
4.0531e-06
3.5048e-05
1.8461e-03
4.0054e-05
3.0994e-06
3.4809e-05
1.1921e-06
3.2902e-05
9.5367e-07
3.3140e-05
9.5367e-07
3.4094e-05
3.1049e-03
4.6015e-05
8.1899e-03
1.9073e-06
3.0994e-06
4.1962e-05
2.1458e-06
3.3855e-05
1.1110e-03
4.1008e-05
1.0400e-03
3.0994e-06
3.0994e-06
3.7909e-05
5.3096e-04
3.8862e-05
4.0793e-04
3.6955e-05
2.4159e-03
1.9073e-06
1.8096e-04
4.1962e-05
2.1458e-06
3.3855e-05
1.1392e-03
3.9101e-05
2.1598e-03
2.8610e-06
1.1921e-06
4.1008e-05
9.5367e-07
3.4094e-05
9.5367e-07
3.4094e-05
9.5367e-07
1.0300e-04
1.6692e-03
3.9101e-05
1.9073e-06
3.3140e-05
8.4805e-04
3.6955e-05
1.9073e-06
3.4094e-05
9.5367e-07
3.3140e-05
2.2171e-03
1.9073e-06
3.8147e-06
3.8862e-05
1.1170e-03
1.9073e-06
3.0994e-06
3.7909e-05
1.3399e-03
3.6001e-05
1.9073e-06
3.4094e-05
2.0280e-03
3.0994e-06
4.9400e-04
3.0994e-06
1.9073e-06
3.9816e-05
4.3917e-04
2.8610e-06
6.1512e-04
2.1458e-06
4.4799e-04
2.1458e-06
2.8610e-06
3.9101e-05
4.5490e-04
8.8930e-05
3.0994e-06
3.4809e-05
9.5367e-07
3.4094e-05
1.1761e-03
3.7909e-05
2.1458e-06
4.0054e-05
4.4394e-04
3.7909e-05
5.2650e-03
4.3869e-05
4.0531e-06
3.4094e-05
2.6951e-03
3.0994e-06
2.8610e-06
6.7949e-05
1.9073e-06
3.4094e-05
9.5367e-07
3.3140e-05
9.5367e-07
3.2902e-05
1.1921e-06
3.2902e-05
1.0500e-03
3.7909e-05
9.0909e-04
3.0994e-06
9.5367e-07
9.0837e-05
2.1458e-06
3.4094e-05
1.0049e-03
3.0994e-06
1.9073e-06
3.7909e-05
1.2641e-03
1.9073e-06
3.0994e-06
4.0054e-05
4.8184e-04
2.8610e-06
6.8212e-04
2.1458e-06
2.8610e-06
3.7909e-05
9.5367e-07
3.5048e-05
1.9073e-06
3.6955e-05
1.0130e-03
3.8862e-05
2.1458e-06
3.4094e-05
2.6259e-03
3.0994e-06
1.9073e-06
3.8147e-05
9.5367e-07
5.6028e-05
6.9308e-04
2.1458e-06
1.9073e-06
3.9101e-05
8.3494e-04
3.0994e-06
1.9073e-06
9.0122e-05
2.8610e-06
3.4094e-05
9.5367e-07
3.4094e-05
9.6989e-04
3.6955e-05
1.9073e-06
3.2902e-05
9.5367e-07
3.3140e-05
9.5367e-07
3.2902e-05
8.8811e-04
3.9816e-05
1.9073e-06
3.7193e-05
9.5367e-07
3.4094e-05
9.5367e-07
3.3855e-05
9.5367e-07
3.4094e-05
4.0281e-03
3.0994e-06
1.9073e-06
4.1962e-05
4.4584e-04
3.6955e-05
2.1458e-06
3.3855e-05
5.3501e-04
1.9073e-06
1.9073e-06
3.9101e-05
9.5367e-07
3.2902e-05
9.5367e-07
3.2902e-05
3.2060e-03
4.2915e-05
3.0994e-06
3.4094e-05
1.9073e-06
3.4094e-05
1.1921e-06
3.2902e-05
3.0994e-06
3.6001e-05
9.5367e-07
3.4094e-05
9.5367e-07
3.3140e-05
9.5367e-07
3.2902e-05
9.5367e-07
3.3855e-05
9.5367e-07
1.6379e-04
4.4382e-03
3.0994e-06
3.0994e-06
4.0054e-05
1.9073e-06
3.6001e-05
2.1458e-06
3.3855e-05
1.2591e-03
2.1458e-06
1.9073e-06
3.8147e-05
4.6897e-04
3.6955e-05
1.9073e-06
3.5048e-05
1.0240e-03
1.9073e-06
1.9073e-06
3.8862e-05
1.1921e-06
3.3855e-05
6.1512e-04
4.0054e-05
2.1458e-06
3.4094e-05
1.4699e-03
3.8862e-05
2.8610e-06
5.2190e-04
4.0531e-06
3.5048e-05
1.1921e-06
3.2902e-05
9.5367e-07
3.2902e-05
9.5367e-07
1.0514e-04
1.9073e-06
3.3140e-05
9.5367e-07
3.2902e-05
2.1458e-06
3.3855e-05
1.8492e-03
1.9073e-06
2.1458e-06
4.0054e-05
1.5669e-03
4.0054e-05
3.0994e-06
3.3855e-05
1.1921e-06
8.4877e-05
2.8610e-06
3.6001e-05
5.0092e-04
3.6955e-05
2.1458e-06
3.3855e-05
8.4496e-04
1.9073e-06
1.1921e-06
3.6955e-05
1.3900e-04
2.1458e-06
1.9073e-06
3.4809e-05
9.5367e-07
3.2902e-05
5.5695e-04
8.8930e-05
3.0994e-06
3.3855e-05
3.5372e-03
4.6968e-05
4.0531e-06
7.7009e-05
1.9073e-06
5.4836e-05
2.1458e-06
5.3883e-05
1.9073e-06
3.5048e-05
9.5367e-07
3.3855e-05
2.1458e-06
3.6001e-05
7.7419e-03
2.8610e-06
4.0531e-06
4.1962e-05
3.2496e-04
3.9101e-05
1.9073e-06
3.2902e-05
9.5367e-07
3.3140e-05
9.3603e-04
1.9073e-06
1.9073e-06
3.7909e-05
1.5340e-03
1.9073e-06
2.6917e-04
2.8610e-06
2.1458e-06
3.7909e-05
2.6894e-04
3.6955e-05
6.6996e-04
1.9073e-06
6.6996e-04
3.0994e-06
1.9073e-06
4.0054e-05
9.5367e-07
3.3140e-05
9.5367e-07
3.4094e-05
6.1989e-04
3.0994e-06
1.9073e-06
3.8147e-05
8.9192e-04
2.1458e-06
9.5367e-07
3.6955e-05
1.9217e-04
2.1458e-06
9.5367e-07
3.5048e-05
9.5367e-07
3.3140e-05
9.5367e-07
3.2902e-05
1.7560e-03
2.8610e-06
1.1921e-06
3.8862e-05
9.5367e-07
3.3855e-05
2.1458e-06
3.5048e-05
1.1921e-06
3.2902e-05
1.9073e-06
3.6001e-05
1.9073e-06
3.4094e-05
2.0199e-03
1.9073e-06
3.0994e-06
3.9101e-05
9.5367e-07
3.4094e-05
2.7108e-03
1.9073e-06
4.0531e-06
1.1301e-04
2.1458e-06
3.4094e-05
1.1921e-06
3.2902e-05
2.1458e-06
3.3855e-05
9.5367e-07
3.2902e-05
9.5367e-07
3.3140e-05
9.5367e-07
3.4094e-05
6.2895e-04
2.1458e-06
2.8610e-06
8.7976e-05
2.8610e-06
3.5048e-05
1.1686e-02
2.8610e-06
5.9605e-06
5.0068e-05
1.0651e-02
3.0994e-06
5.9605e-06
2.2111e-03
1.0080e-02
5.5075e-05
1.5198e-02
2.8610e-06
5.0068e-06
4.7922e-05
1.1921e-06
1.1086e-04
2.0442e-03
3.0994e-06
7.9393e-04
2.8610e-06
1.8096e-04
1.9073e-06
9.5367e-07
3.9816e-05
2.1458e-06
3.3855e-05
2.7800e-04
1.9073e-06
2.1458e-06
3.6001e-05
9.5367e-07
3.2902e-05
9.5367e-07
3.3855e-05
9.5367e-07
9.4891e-05
2.1458e-06
3.3855e-05
2.2800e-03
1.9073e-06
3.0994e-06
4.0054e-05
2.4390e-03
2.1458e-06
3.0994e-06
3.8862e-05
1.1921e-06
3.3855e-05
1.1921e-06
3.3855e-05
9.5367e-07
3.3140e-05
1.9073e-06
3.6001e-05
2.1482e-03
2.1458e-06
2.8610e-06
3.7909e-05
9.5367e-07
3.3140e-05
7.4291e-04
3.0994e-06
1.9073e-06
3.6955e-05
2.1458e-06
3.2902e-05
9.5367e-07
3.3140e-05
9.5367e-07
8.5115e-05
2.8610e-06
3.4094e-05
2.4259e-03
3.0994e-06
2.1458e-06
4.1008e-05
9.5367e-07
7.1049e-05
1.9073e-06
3.4094e-05
9.5367e-07
3.4094e-05
9.5367e-07
3.4094e-05
9.5367e-07
9.7990e-05
3.1340e-03
4.1962e-05
3.6597e-04
2.1458e-06
3.3998e-04
1.9073e-06
1.9073e-06
3.6955e-05
9.5367e-07
3.4094e-05
9.5367e-07
3.4094e-05
1.1690e-03
3.7193e-05
2.1458e-06
3.2902e-05
9.5367e-07
8.7023e-05
1.9073e-06
3.4094e-05
9.5367e-07
3.7193e-05
1.9073e-06
3.4094e-05
2.8570e-03
2.1458e-06
3.0994e-06
3.9816e-05
9.5367e-07
3.3855e-05
9.5367e-07
3.3855e-05
1.1261e-03
1.2684e-04
1.9073e-06
3.4094e-05
4.8900e-04
3.8147e-05
9.5296e-04
3.6955e-05
1.9073e-06
3.4094e-05
9.5367e-07
3.4499e-04
3.0994e-06
3.4094e-05
1.1921e-06
3.2902e-05
1.9073e-06
3.6001e-05
1.9073e-06
3.3140e-05
9.5367e-07
3.3140e-05
2.8100e-03
1.9073e-06
1.1921e-06
3.8862e-05
2.1458e-06
3.3855e-05
1.4269e-03
1.9073e-06
1.1921e-06
3.8862e-05
3.6597e-04
1.4806e-04
2.8610e-06
3.6001e-05
9.5367e-07
3.2902e-05
3.0994e-06
3.4094e-05
7.2503e-04
1.9073e-06
2.1458e-06
3.6955e-05
1.5099e-03
1.9073e-06
3.4809e-04
2.1458e-06
7.8392e-04
2.8610e-06
9.7990e-05
1.9073e-06
2.1458e-06
1.9288e-04
3.2210e-04
3.9101e-05
1.3080e-03
3.7909e-05
3.3498e-04
3.0994e-06
1.6594e-04
3.0994e-06
1.9073e-06
3.6955e-05
9.5367e-07
3.3855e-05
1.3380e-03
2.8610e-06
3.0994e-06
6.1989e-05
6.2418e-04
3.0994e-06
2.4700e-04
1.9073e-06
1.6117e-04
1.9073e-06
2.1458e-06
3.8862e-05
2.1458e-06
3.3855e-05
1.1921e-06
3.3855e-05
2.1458e-06
5.7936e-05
2.3739e-03
4.1962e-05
8.5092e-04
2.8610e-06
1.9073e-06
3.7193e-05
1.9073e-06
9.6083e-05
1.9073e-06
3.3140e-05
1.1921e-06
3.2902e-05
9.5367e-07
3.2902e-05
2.1310e-03
2.1458e-06
3.0994e-06
3.9816e-05
2.0940e-03
1.9073e-06
5.0116e-04
2.1458e-06
2.8610e-06
4.1008e-05
9.5367e-07
1.8501e-04
1.9073e-06
3.3855e-05
2.1458e-06
5.5790e-05
5.6887e-04
3.0994e-06
3.6001e-03
3.0994e-06
5.0068e-06
4.3154e-05
5.8103e-04
1.9073e-06
9.5367e-07
3.7909e-05
3.6216e-04
3.0994e-06
3.0994e-06
4.0054e-05
7.2789e-04
3.8862e-05
3.0994e-06
3.3855e-05
3.8600e-04
1.9073e-06
2.1458e-06
3.7909e-05
2.5418e-03
3.9101e-05
1.2450e-03
3.0994e-06
2.8610e-06
4.0054e-05
1.9073e-06
6.9141e-05
1.9073e-06
3.4094e-05
2.1458e-06
3.5048e-05
7.8297e-04
3.6955e-05
2.1458e-06
3.2902e-05
1.3099e-03
3.6955e-05
5.8794e-04
3.0994e-06
1.9073e-06
3.8862e-05
9.5367e-07
3.2902e-05
4.6396e-04
1.9073e-06
9.5367e-07
2.2888e-04
2.1458e-06
3.3855e-05
2.1241e-03
2.1458e-06
5.1594e-04
1.9073e-06
5.9795e-04
2.1458e-06
3.6287e-04
1.9073e-06
2.6011e-04
2.1458e-06
1.2689e-03
1.9073e-06
3.0994e-06
3.7909e-05
9.5367e-07
3.3855e-05
9.5367e-07
3.2902e-05
1.9073e-06
3.6001e-05
9.5367e-07
3.4094e-05
9.5367e-07
3.4094e-05
9.5367e-07
3.2902e-05
9.5367e-07
3.2902e-05
9.5367e-07
3.4094e-05
9.5367e-07
3.3140e-05
1.9073e-06
8.7976e-05
1.9073e-06
3.6001e-05
9.5367e-07
3.5048e-05
1.3030e-03
3.9101e-05
2.9509e-03
4.1962e-05
3.0994e-06
7.4863e-05
2.1458e-06
3.3855e-05
1.6360e-03
4.1008e-05
3.0994e-06
9.3937e-05
2.0170e-03
3.0994e-06
2.8610e-06
4.2200e-05
1.0118e-03
2.8610e-06
1.1921e-06
3.7909e-05
1.1921e-06
3.3855e-05
9.5367e-07
3.3855e-05
9.5367e-07
3.2902e-05
1.3402e-03
1.9073e-06
2.1458e-06
9.0122e-05
7.9870e-05
6.4135e-05
3.6812e-04
3.6955e-05
3.3712e-04
3.8147e-05
2.4700e-04
3.8147e-05
4.7190e-03
3.0994e-06
8.7404e-04
1.9073e-06
1.9073e-06
4.2200e-05
9.5367e-07
3.2902e-05
4.5395e-04
3.0994e-06
1.9073e-06
3.7193e-05
1.1921e-06
3.3855e-05
1.1921e-06
3.4809e-05
2.4481e-03
2.8610e-06
4.0531e-06
4.1962e-05
9.5367e-07
3.2902e-05
9.5367e-07
3.3140e-05
9.5367e-07
1.2589e-04
2.1458e-06
3.6001e-05
9.5367e-07
3.3140e-05
2.9230e-03
3.0994e-06
2.8610e-06
3.9101e-05
4.6301e-04
3.6955e-05
2.1458e-06
3.2902e-05
1.0870e-03
2.1458e-06
2.8610e-06
3.8862e-05
9.5367e-07
8.3923e-05
1.9150e-03
2.1458e-06
9.4891e-05
2.1458e-06
9.5367e-07
6.6042e-05
8.3613e-04
1.9073e-06
2.1458e-06
4.0054e-05
1.9073e-06
3.5048e-05
3.6311e-04
3.0994e-06
2.1660e-03
2.8610e-06
1.9073e-06
4.0054e-05
9.5367e-07
9.2030e-05
3.2020e-04
1.9073e-06
1.1921e-06
3.8862e-05
1.1921e-06
3.3855e-05
9.5367e-07
3.3855e-05
9.5367e-07
3.2902e-05
7.2002e-04
2.1458e-06
1.9073e-06
3.8147e-05
9.5367e-07
3.3140e-05
2.1458e-06
3.5048e-05
8.8811e-04
3.8862e-05
4.8113e-04
3.9101e-05
1.9073e-06
3.4094e-05
3.1381e-03
3.0994e-06
4.0531e-06
4.3869e-05
1.9709e-02
2.8610e-06
7.1526e-06
8.8930e-05
1.0816e-02
2.8610e-06
1.0314e-02
8.7023e-05
1.0014e-05
4.9114e-05
1.0426e-02
1.2112e-04
4.2908e-03
4.1962e-05
2.1458e-06
3.2902e-05
5.1212e-04
1.9073e-06
3.0994e-06
4.1008e-05
9.5367e-07
3.4094e-05
9.5367e-07
3.4094e-05
1.5149e-03
3.6955e-05
1.5879e-03
4.2200e-05
7.4387e-04
3.6955e-05
1.9629e-03
3.9101e-05
5.8389e-04
3.7909e-05
2.1458e-06
3.2902e-05
9.5367e-07
3.2902e-05
7.9703e-04
2.1458e-06
2.1458e-06
4.0054e-05
4.2105e-04
3.7909e-05
1.1821e-03
2.8610e-06
1.1911e-03
2.8610e-06
7.8678e-06
4.6015e-05
1.1921e-06
7.8917e-05
3.6502e-04
5.9843e-05
2.5487e-04
3.9816e-05
1.3809e-03
2.1458e-06
4.5896e-04
1.9073e-06
2.1458e-06
3.8862e-05
1.1072e-03
2.8610e-06
2.1458e-06
3.7909e-05
2.9802e-04
3.0994e-06
3.7909e-04
1.9073e-06
1.0705e-04
1.9073e-06
2.1458e-06
3.7909e-05
4.5109e-04
1.9073e-06
2.1458e-06
3.7909e-05
9.5367e-07
3.5048e-05
1.9073e-06
3.5048e-05
3.2210e-04
3.7193e-05
7.2622e-04
1.9073e-06
2.3103e-04
2.8610e-06
3.5691e-04
2.1458e-06
1.9073e-06
3.7909e-05
6.2013e-04
3.6001e-05
2.1458e-06
3.4094e-05
9.5367e-07
3.2902e-05
9.0194e-04
2.1458e-06
9.5367e-07
3.6001e-05
2.1458e-06
3.2902e-05
9.5367e-07
3.3140e-05
8.2588e-04
3.6955e-05
6.8498e-04
3.6001e-05
2.4486e-04
2.8610e-06
9.5367e-07
3.6001e-05
3.1800e-03
8.2016e-05
4.0412e-04
2.1458e-06
1.9073e-06
3.8862e-05
1.0359e-03
3.7909e-05
4.4012e-04
2.1458e-06
3.7289e-04
1.9073e-06
3.1090e-04
3.0994e-06
1.9073e-06
3.7193e-05
9.5367e-07
3.2902e-05
9.5367e-07
1.0085e-04
9.5797e-04
6.1035e-05
2.1458e-06
3.6955e-05
9.5367e-07
3.4094e-05
1.0405e-02
1.9073e-06
2.6703e-04
7.8678e-06
7.0214e-04
1.9073e-06
1.9073e-06
4.1008e-05
9.5367e-07
3.4094e-05
9.5367e-07
3.3140e-05
1.0099e-03
1.9073e-06
1.9073e-06
4.4107e-05
8.3494e-04
1.9073e-06
2.1458e-06
3.6001e-05
9.5367e-07
3.4094e-05
1.2958e-03
1.9073e-06
2.1458e-06
3.6955e-05
1.9073e-06
3.4094e-05
9.5367e-07
3.3140e-05
1.9073e-06
6.5088e-05
1.9073e-06
3.4094e-05
9.5367e-07
3.4094e-05
5.9221e-03
4.1962e-05
3.0994e-06
3.4094e-05
9.5367e-07
3.2902e-05
1.1921e-06
3.3855e-05
9.5367e-07
3.3140e-05
9.5367e-07
6.1035e-05
2.1458e-06
3.3855e-05
4.1389e-03
2.8610e-06
3.0994e-06
3.9101e-05
1.0405e-02
3.0994e-06
4.3106e-04
2.1458e-06
1.9073e-06
4.2915e-05
3.6192e-04
2.8610e-06
1.9073e-06
3.9101e-05
1.5240e-03
3.0994e-06
7.8490e-03
3.0994e-06
8.8406e-04
1.9073e-06
6.4492e-04
3.0994e-06
2.8610e-06
4.1962e-05
9.5367e-07
8.5831e-05
3.0994e-06
3.5048e-05
1.4839e-03
3.8147e-05
3.0890e-03
4.8876e-05
9.7609e-04
2.1458e-06
1.9073e-06
4.3869e-05
3.0994e-06
3.6001e-05
2.8610e-06
3.6001e-05
2.1479e-03
1.9073e-06
6.5398e-04
1.9073e-06
1.9908e-04
2.1458e-06
5.1904e-04
3.0994e-06
2.6512e-04
1.9073e-06
1.1921e-06
3.8862e-05
1.1921e-06
3.3855e-05
9.5367e-07
3.2902e-05
9.5367e-07
5.7936e-05
2.1458e-06
3.5048e-05
4.8685e-04
3.7909e-05
4.2980e-03
3.0994e-06
5.7483e-04
3.0994e-06
2.8610e-06
4.1962e-05
1.1921e-06
3.3855e-05
9.5367e-07
3.2902e-05
9.5367e-07
3.3140e-05
3.4213e-04
3.6955e-05
5.3811e-04
3.6001e-05
2.1458e-06
3.2902e-05
1.6291e-03
3.6001e-05
4.9400e-04
2.8610e-06
2.1458e-06
3.6001e-05
1.1921e-06
3.2902e-05
9.5367e-07
3.2902e-05
2.5940e-03
3.9101e-05
4.9996e-04
3.6001e-05
7.0786e-04
3.6955e-05
1.9073e-06
3.3140e-05
9.5367e-07
3.3140e-05
7.3791e-04
3.6001e-05
1.9073e-06
3.2902e-05
1.3442e-03
6.0081e-05
1.9073e-06
3.4094e-05
5.3287e-04
3.0994e-06
1.9073e-06
3.8147e-05
9.5367e-07
3.3140e-05
3.9721e-04
2.1458e-06
1.9073e-06
3.6001e-05
1.8599e-03
1.9073e-06
2.1458e-06
3.6001e-05
9.5367e-07
8.2016e-05
3.0994e-06
3.3855e-05
9.5367e-07
3.2902e-05
9.5367e-07
3.4094e-05
7.6721e-03
3.0994e-06
3.0994e-06
4.1962e-05
9.5367e-07
3.4094e-05
9.5367e-07
3.4094e-05
9.5367e-07
3.4094e-05
2.3301e-03
4.0054e-05
4.6992e-04
3.0994e-06
1.9073e-06
3.7193e-05
1.1921e-06
3.3855e-05
7.9918e-04
2.8610e-06
9.5367e-07
3.6955e-05
1.5481e-03
3.8147e-05
8.4996e-04
1.9073e-06
1.9073e-06
3.6001e-05
1.6611e-03
2.8610e-06
5.0068e-06
4.7207e-05
1.9073e-06
3.4094e-05
7.9203e-04
4.0054e-05
3.7680e-03
3.0994e-06
5.0068e-06
4.9114e-05
1.9073e-06
3.4094e-05
4.7398e-04
2.1458e-06
9.5367e-07
3.6955e-05
7.5698e-04
3.6955e-05
1.9073e-06
3.4094e-05
9.5367e-07
3.3140e-05
0.0000e+00
3.2902e-05
2.1458e-06
3.5048e-05
2.0540e-03
3.9816e-05
2.1458e-06
3.4094e-05
9.5367e-07
5.5075e-05
4.9410e-03
2.8610e-06
1.9073e-06
4.6015e-05
1.9073e-06
3.3855e-05
9.5367e-07
3.4094e-05
3.5181e-03
2.1458e-06
3.8147e-06
4.2200e-05
9.5367e-07
3.2902e-05
1.1921e-06
3.3855e-05
3.6440e-03
6.7949e-05
1.0068e-03
3.9101e-05
1.1268e-03
2.8610e-06
2.6107e-04
2.1458e-06
9.5367e-07
3.6955e-05
1.1921e-06
3.3855e-05
5.2500e-04
1.9073e-06
2.1458e-06
3.6001e-05
9.5367e-07
3.2902e-05
1.0340e-03
6.0081e-05
1.0319e-03
1.9073e-06
2.4009e-04
2.1458e-06
1.9073e-06
3.6955e-05
1.2019e-03
1.9073e-06
4.7612e-04
1.9073e-06
9.5367e-07
3.6001e-05
9.5367e-07
3.3140e-05
9.5367e-07
3.2902e-05
2.5601e-03
2.1458e-06
4.9305e-04
1.9073e-06
1.9073e-06
6.9141e-05
1.9073e-06
4.3154e-05
4.0984e-04
2.8610e-06
2.1458e-06
3.7909e-05
9.5367e-07
3.3855e-05
9.8801e-04
3.6955e-05
6.2585e-04
1.9073e-06
1.9073e-06
3.6001e-05
5.7602e-04
3.6955e-05
3.1221e-03
2.1458e-06
2.0194e-04
2.8610e-06
2.1458e-06
4.1008e-05
9.5367e-07
3.4094e-05
9.5367e-07
3.2902e-05
1.1420e-03
4.0054e-05
1.9073e-06
3.4094e-05
5.2404e-04
1.9073e-06
1.1921e-06
3.7909e-05
1.9073e-06
3.5048e-05
1.1921e-06
3.3855e-05
9.0098e-04
3.0994e-06
1.9073e-06
3.6001e-05
1.0931e-03
2.1458e-06
9.5367e-07
3.6955e-05
9.5367e-07
3.1495e-04
2.1319e-03
3.6955e-05
4.9186e-04
1.9073e-06
1.9073e-06
3.6001e-05
9.5367e-07
3.2902e-05
1.7400e-03
3.6955e-05
1.9073e-06
3.4094e-05
6.7496e-04
1.9073e-06
1.9073e-06
3.6001e-05
7.2122e-04
1.9073e-06
1.1921e-06
3.6955e-05
9.5367e-07
3.4094e-05
1.9073e-06
3.5048e-05
9.5367e-07
3.2902e-05
1.8799e-03
2.8610e-06
2.1458e-06
3.7909e-05
5.5909e-04
2.1458e-06
1.9073e-06
3.7193e-05
2.1458e-06
3.3855e-05
1.1921e-06
3.2902e-05
4.8161e-03
2.8610e-06
4.8995e-04
2.1458e-06
1.6189e-04
1.9073e-06
9.5367e-07
4.1008e-05
2.1458e-06
3.3855e-05
1.1921e-06
3.2902e-05
1.1981e-03
3.0994e-06
3.0994e-06
4.0054e-05
2.8610e-06
3.6955e-05
9.5367e-07
3.4094e-05
3.6070e-03
3.0994e-06
8.5902e-04
2.1458e-06
1.9073e-06
4.1008e-05
3.1090e-04
3.8862e-05
6.4206e-04
1.9073e-06
2.1458e-06
3.6001e-05
9.5367e-07
3.3140e-05
9.5367e-07
3.2902e-05
1.0841e-03
3.7193e-05
1.9073e-06
3.5048e-05
1.1911e-03
1.9073e-06
9.5367e-07
3.6955e-05
9.5367e-07
3.4094e-05
1.7941e-03
4.2915e-05
3.0994e-06
3.4094e-05
1.5628e-03
3.7909e-05
1.8630e-03
1.9073e-06
4.0531e-06
4.0054e-05
1.9073e-06
4.1008e-05
1.9073e-06
3.4094e-05
3.2921e-03
4.2200e-05
1.6248e-03
1.9073e-06
3.8147e-06
4.4107e-05
1.6210e-03
2.1458e-06
2.1458e-06
3.8862e-05
9.5367e-07
3.3140e-05
9.5367e-07
1.1921e-04
2.8610e-06
3.5048e-05
9.5367e-07
3.3855e-05
2.1710e-03
3.8862e-05
1.9073e-06
3.3855e-05
5.7411e-04
3.5048e-05
1.3330e-03
1.9073e-06
2.1458e-06
3.6001e-05
9.5367e-07
5.9128e-05
1.9073e-06
3.4094e-05
9.5367e-07
3.3140e-05
9.5367e-07
3.2902e-05
2.1458e-06
3.4094e-05
9.5367e-07
3.2902e-05
2.1510e-03
2.8610e-06
2.1458e-06
3.7909e-05
8.2397e-04
5.9843e-05
4.9901e-04
2.1458e-06
1.9073e-06
3.6001e-05
1.3421e-03
1.9073e-06
9.5367e-07
3.7193e-05
9.5367e-07
3.6097e-04
1.3192e-03
2.1458e-06
1.9073e-06
4.1008e-05
2.1458e-06
3.3855e-05
9.5367e-07
6.0081e-05
1.3502e-03
2.1458e-06
2.8610e-06
3.9101e-05
1.4150e-03
3.0994e-06
9.5367e-07
3.8147e-05
3.3998e-04
1.9073e-06
9.5367e-07
3.6001e-05
4.4799e-04
3.6955e-05
6.6781e-04
3.6955e-05
3.5810e-04
2.8610e-06
1.9073e-06
5.9128e-05
1.9073e-06
3.4094e-05
1.7118e-03
3.7909e-05
3.0994e-06
3.2902e-05
1.1921e-06
3.2902e-05
5.5521e-03
3.0994e-06
8.8215e-06
4.2200e-05
1.1921e-06
3.3855e-05
1.1501e-03
1.9073e-06
1.9073e-06
3.8862e-05
6.7115e-04
1.9073e-06
2.1458e-06
3.6955e-05
5.1498e-04
3.6001e-05
2.1458e-06
3.3855e-05
5.5003e-04
3.5048e-05
1.0951e-03
3.6955e-05
2.5780e-03
2.1458e-06
3.0994e-06
6.7949e-05
3.3402e-04
2.1458e-06
1.9073e-06
3.6955e-05
9.5367e-07
3.3855e-05
5.6410e-04
2.1458e-06
1.9073e-06
3.6955e-05
3.4809e-04
3.7193e-05
6.1584e-04
3.6001e-05
5.2094e-04
4.0054e-05
8.3303e-04
6.0797e-05
3.0994e-06
3.4094e-05
1.0319e-03
1.9073e-06
9.5367e-07
3.8147e-05
9.5367e-07
3.3140e-05
9.5367e-07
4.1008e-05
9.7799e-04
2.1458e-06
4.8685e-04
1.9073e-06
1.1921e-06
3.8862e-05
9.5367e-07
5.8889e-05
1.9073e-06
3.4094e-05
4.6031e-03
4.4107e-05
1.0140e-03
3.8147e-05
1.9073e-06
3.4094e-05
9.5367e-07
3.3140e-05
9.5367e-07
3.4094e-05
1.3719e-03
2.8610e-06
3.0994e-06
6.7949e-05
3.0994e-06
3.5048e-05
9.5367e-07
3.2902e-05
1.1921e-06
3.2902e-05
1.0600e-03
4.0054e-05
2.8610e-06
3.2902e-05
1.1020e-03
3.8862e-05
2.1458e-06
3.4094e-05
2.8610e-06
3.5048e-05
1.9073e-06
3.5048e-05
2.1458e-06
3.3855e-05
7.9393e-04
3.7909e-05
1.8215e-04
3.7193e-05
1.2589e-04
3.6001e-05
1.3494e-04
3.6001e-05
1.4482e-03
7.2956e-05
3.4785e-04
2.8610e-06
1.9073e-06
2.1887e-04
8.5998e-04
4.1008e-05
6.2389e-03
3.0994e-06
2.8610e-06
4.1962e-05
1.1530e-03
1.9073e-06
2.5487e-04
3.0994e-06
9.5367e-07
4.2200e-05
1.9073e-06
3.5048e-05
4.9996e-04
2.5988e-05
3.0994e-06
3.6955e-05
1.1921e-06
3.3855e-05
1.3709e-04
4.0054e-05
1.9073e-06
3.3855e-05
2.8396e-04
3.6955e-05
3.7193e-04
3.6001e-05
1.9073e-06
3.4094e-05
9.5367e-07
5.6028e-05
1.9073e-06
3.3855e-05
2.7609e-04
2.1458e-06
1.9073e-06
3.6955e-05
1.0202e-03
3.6001e-05
1.9813e-04
3.0994e-06
9.3412e-04
2.1458e-06
4.6015e-05
2.1458e-06
9.5367e-07
3.7193e-05
1.1921e-06
3.2902e-05
4.9615e-04
2.1458e-06
1.9073e-06
3.8147e-05
2.8014e-04
3.6001e-05
2.1458e-06
3.2902e-05
1.7810e-04
3.6955e-05
1.9073e-06
3.4094e-05
9.5367e-07
3.4094e-05
3.8004e-04
3.6001e-05
1.9073e-06
3.4809e-05
6.1011e-04
2.1458e-06
2.3007e-04
1.9073e-06
1.1921e-06
3.6955e-05
9.5367e-07
3.4094e-05
9.5367e-07
3.3140e-05
9.5367e-07
3.2902e-05
4.6992e-04
3.7193e-05
3.8719e-04
2.8610e-06
1.1921e-06
8.4877e-05
4.4799e-04
2.1458e-06
9.5367e-07
3.6001e-05
2.1458e-06
3.3855e-05
9.5367e-07
3.3140e-05
1.4091e-04
1.9073e-06
4.9806e-04
2.1458e-06
5.9390e-04
1.9073e-06
3.0994e-06
3.9101e-05
5.3596e-04
2.1458e-06
1.9073e-06
8.4162e-05
2.8610e-06
3.5048e-05
9.5367e-07
3.3140e-05
9.5367e-07
3.4094e-05
4.6897e-04
2.1458e-06
1.9073e-06
3.6001e-05
1.9073e-06
3.3140e-05
9.5367e-07
3.3855e-05
2.1458e-06
5.6982e-05
1.9073e-06
3.4094e-05
3.0994e-06
3.5048e-05
1.9073e-06
3.3140e-05
2.1458e-06
3.2902e-05
1.1921e-06
3.2902e-05
9.5367e-07
3.4094e-05
4.1950e-03
3.0994e-06
4.8113e-04
1.9073e-06
2.1458e-06
4.1008e-05
1.3089e-04
1.9073e-06
9.5367e-07
3.7193e-05
9.5367e-07
3.4094e-05
1.1921e-06
3.2902e-05
3.4714e-04
3.6001e-05
2.1458e-06
3.4094e-05
5.4979e-04
1.9073e-06
9.5367e-07
5.8889e-05
2.1458e-06
3.3855e-05
2.1911e-04
3.0994e-06
2.1601e-04
2.1458e-06
2.9397e-04
1.9073e-06
1.6999e-04
2.1458e-06
9.5367e-07
3.6001e-05
1.9407e-04
3.8862e-05
2.0003e-04
3.6001e-05
1.8716e-04
2.1458e-06
2.8610e-06
5.7220e-05
2.8610e-06
3.6955e-05
1.5502e-03
3.0994e-06
1.9073e-06
3.9101e-05
3.7289e-04
3.0994e-06
1.9073e-06
6.5088e-05
2.1458e-06
3.6001e-05
9.5367e-07
3.4094e-05
3.3879e-04
3.6001e-05
2.1458e-06
5.8889e-05
1.9073e-06
3.2902e-05
9.5367e-07
3.3140e-05
9.5367e-07
3.3140e-05
7.9989e-04
3.6001e-05
2.2888e-04
1.9073e-06
2.1458e-06
3.6001e-05
2.1291e-04
1.9073e-06
2.1458e-06
3.6001e-05
4.0102e-04
1.9073e-06
1.9073e-06
3.6001e-05
6.2299e-04
1.9073e-06
2.4509e-04
1.9073e-06
9.5367e-07
3.7909e-05
2.1458e-06
3.3855e-05
9.5367e-07
3.2902e-05
2.6011e-04
3.7909e-05
3.0994e-06
3.3855e-05
7.3600e-04
1.9073e-06
1.9073e-06
3.6001e-05
3.1018e-04
1.9073e-06
1.9073e-06
3.6001e-05
9.5367e-07
3.2902e-05
0.0000e+00
3.3140e-05
9.5367e-07
3.2902e-05
1.1921e-06
3.1948e-05
4.3011e-04
5.9128e-05
4.5991e-04
3.6955e-05
1.2953e+00
