3.0000e+00	3.0000e+00	2.6206e+00	2.9345e+00	6.927432e-05	2.214869e-01	1.964128e-05	2.214869e-01	3.526976e+00	5.949242e-01	1	
2.6206e+00	2.9345e+00	4.3362e+00	1.7244e+00	2.972255e-06	7.944718e-03	6.927432e-05	7.944718e-03	4.290558e-02	1.096316e-02	1	
4.3362e+00	1.7244e+00	4.5093e+00	2.9683e+00	7.466944e-08	7.252915e-02	2.972255e-06	7.252915e-02	2.512216e-02	9.434327e-01	0	
4.3362e+00	1.7244e+00	3.7808e+00	1.4424e+00	4.425954e-05	1.836478e-01	2.972255e-06	1.836478e-01	1.489090e+01	1.705929e-01	1	
3.7808e+00	1.4424e+00	3.9757e+00	1.9910e+00	8.104490e-06	1.908313e-01	4.425954e-05	1.908313e-01	1.831129e-01	2.291864e-01	0	
3.7808e+00	1.4424e+00	2.3627e+00	1.8026e+00	1.923018e-03	4.669648e-02	4.425954e-05	4.669648e-02	4.344867e+01	3.372651e-01	1	
2.3627e+00	1.8026e+00									2
3.1825e+00	2.6196e+00	2.6594e+00	2.7211e+00	1.143274e-04	1.992101e-01	3.253568e-05	1.992101e-01	3.513907e+00	1.800452e-01	1	
2.6594e+00	2.7211e+00									2
1.8297e+00	2.3891e+00									2
2.0674e+00	-9.8722e-01									0.8000
