3.0000e+00	3.0000e+00	2.0797e+00	2.6772e+00	5.085289e-04	1.182756e-01	1.964128e-05	1.182756e-01	2.589082e+01	1.260806e-01	1	
2.0797e+00	2.6772e+00	2.9312e+00	1.1723e+00	1.090579e-03	2.406037e-02	5.085289e-04	2.406037e-02	2.144576e+00	3.910966e-02	1	
2.9312e+00	1.1723e+00									2
2.5374e+00	3.3251e+00	2.1881e+00	3.2262e+00	7.979236e-05	2.243448e-01	2.528337e-05	2.243448e-01	3.155923e+00	7.026571e-01	1	
2.1881e+00	3.2262e+00	9.4197e-01	3.6278e+00	1.416498e-04	6.517180e-02	7.979236e-05	6.517180e-02	1.775230e+00	8.784634e-01	1	
9.4197e-01	3.6278e+00									2
1.4433e+00	2.0295e+00	5.1743e-01	3.0123e+00	1.490386e-03	5.985615e-02	7.162698e-03	5.985615e-02	2.080761e-01	4.633144e-01	0	
1.4433e+00	2.0295e+00									2
2.3627e+00	1.8026e+00	1.8256e+00	6.2932e-01	2.466702e-02	6.770898e-02	1.923018e-03	6.770898e-02	1.282724e+01	8.173315e-01	1	
1.8256e+00	6.2932e-01	1.6040e+00	4.2388e-01	4.018801e-02	2.315618e-01	2.466702e-02	2.315618e-01	1.629220e+00	7.708538e-01	1	
1.6040e+00	4.2388e-01									0.9000
