2.6670e-03
1.7839e-02
2.1458e-06
1.9073e-06
4.1008e-05
2.0504e-04
0.0000e+00
2.1458e-06
2.5034e-05
2.1458e-06
2.2888e-05
9.5367e-07
2.4796e-05
9.5367e-07
2.1935e-05
1.1921e-06
2.2888e-05
9.5367e-07
3.5048e-05
2.1458e-06
2.2888e-05
2.1458e-06
2.1935e-05
9.5367e-07
2.2173e-05
7.0059e-03
1.1921e-06
9.5367e-07
2.3127e-05
9.5367e-07
2.1935e-05
1.1921e-06
2.0981e-05
9.5367e-07
3.0994e-05
1.9073e-06
2.1935e-05
2.1458e-06
2.1935e-05
9.5367e-07
2.1935e-05
1.9073e-06
2.0981e-05
2.1458e-06
2.1935e-05
1.0731e-03
0.0000e+00
1.9073e-06
2.3127e-05
9.5367e-07
3.0041e-05
1.1921e-06
2.2888e-05
1.9073e-06
2.2173e-05
1.9073e-06
2.0981e-05
9.5367e-07
2.0981e-05
1.9073e-06
2.0981e-05
1.0202e-03
9.5367e-07
5.0068e-06
0.0000e+00
1.1921e-06
2.2888e-05
1.4901e-04
1.1921e-06
2.1458e-06
2.2888e-05
3.0994e-06
2.1935e-05
3.9005e-04
1.1921e-06
1.9073e-06
2.1935e-05
2.1458e-06
2.1935e-05
9.5367e-07
2.2173e-05
9.5367e-07
2.0981e-05
9.5367e-07
2.2173e-05
7.5293e-04
9.5367e-07
1.9073e-06
2.4080e-05
1.9073e-06
2.2173e-05
1.9073e-06
2.0981e-05
1.1921e-06
2.0981e-05
2.3293e-04
9.5367e-07
2.1458e-06
2.1935e-05
9.0122e-05
9.5367e-07
3.7003e-04
0.0000e+00
9.5367e-07
3.2187e-05
1.9073e-06
2.1935e-05
1.1921e-06
2.0981e-05
9.5367e-07
2.1219e-05
1.1921e-06
2.0981e-05
1.9073e-06
2.0981e-05
7.6199e-04
9.5367e-07
1.9073e-06
2.3127e-05
1.9073e-06
2.9087e-05
9.5367e-07
2.3127e-05
4.4894e-04
0.0000e+00
2.1458e-06
2.1935e-05
9.5367e-07
2.0981e-05
5.2929e-05
0.0000e+00
9.5367e-07
2.5034e-05
9.5367e-07
2.0981e-05
2.1458e-06
2.0981e-05
9.5367e-07
3.0041e-05
3.0994e-06
2.1935e-05
9.5367e-07
2.0981e-05
2.4891e-04
0.0000e+00
8.2707e-04
9.5367e-07
1.9073e-06
2.3127e-05
1.9073e-06
2.2173e-05
9.5367e-07
2.0981e-05
9.5367e-07
2.0981e-05
1.9073e-06
2.2173e-05
9.5367e-07
2.1935e-05
2.1458e-06
2.1935e-05
9.5367e-07
2.1219e-05
9.5367e-07
2.0981e-05
2.1458e-06
2.0981e-05
9.5367e-07
2.0981e-05
9.5367e-07
2.7895e-05
1.2290e-03
0.0000e+00
2.1458e-06
2.1935e-05
5.1022e-05
9.5367e-07
1.9073e-06
2.2173e-05
4.0102e-04
0.0000e+00
9.5367e-07
2.2888e-05
1.9073e-06
2.2173e-05
1.9073e-06
2.0981e-05
9.5367e-07
3.0041e-05
2.1458e-06
2.1935e-05
1.1921e-06
2.0981e-05
9.5367e-07
2.0981e-05
7.2718e-04
0.0000e+00
5.0068e-06
0.0000e+00
9.5367e-07
2.2173e-05
9.5367e-07
2.0981e-05
9.5129e-05
0.0000e+00
1.9073e-06
2.2173e-05
2.1458e-06
2.2888e-05
1.9073e-06
2.2173e-05
1.9073e-06
2.0981e-05
1.1921e-06
2.0981e-05
1.9073e-06
2.0981e-05
3.1090e-04
1.1921e-06
3.8099e-04
9.5367e-07
2.1458e-06
2.1935e-05
7.3504e-04
0.0000e+00
1.9073e-06
2.3127e-05
1.9073e-06
2.1935e-05
9.2030e-05
0.0000e+00
9.5367e-07
2.0981e-05
9.5367e-07
2.2173e-05
9.5367e-07
2.0981e-05
4.0054e-05
0.0000e+00
9.5367e-07
2.2173e-05
1.9073e-06
3.0041e-05
9.5367e-07
2.3127e-05
1.9073e-06
2.0981e-05
1.1921e-06
2.1935e-05
9.5367e-07
2.0981e-05
9.5367e-07
2.0981e-05
1.9073e-06
2.0981e-05
2.1458e-06
2.0981e-05
9.5367e-07
2.7895e-05
2.1458e-06
2.0981e-05
1.6210e-03
1.1921e-06
1.9073e-06
2.2888e-05
2.1458e-06
2.0981e-05
9.5367e-07
2.1935e-05
9.5367e-07
2.0981e-05
9.5367e-07
2.1219e-05
1.9073e-06
3.0041e-05
1.9073e-06
2.0981e-05
6.1035e-05
0.0000e+00
2.1458e-06
2.2888e-05
2.1458e-06
0.0000e+00
9.5367e-07
2.1935e-05
9.5367e-07
2.1935e-05
1.9073e-06
2.1935e-05
9.5367e-07
2.0981e-05
1.9073e-06
2.3127e-05
1.9073e-06
2.0981e-05
9.5367e-07
2.1219e-05
9.5367e-07
2.0981e-05
9.5367e-07
2.0981e-05
1.7710e-03
9.5367e-07
2.8610e-06
2.5034e-05
1.9073e-06
2.2173e-05
1.9073e-06
2.2173e-05
3.1781e-04
9.5367e-07
1.9073e-06
2.2173e-05
9.5367e-07
2.0981e-05
4.5300e-04
9.5367e-07
1.9073e-06
2.3127e-05
1.3590e-04
0.0000e+00
9.5367e-07
2.0981e-05
9.5367e-07
2.0981e-05
2.1458e-06
3.0041e-05
9.5367e-07
2.5034e-05
1.9073e-06
2.2173e-05
9.5367e-07
2.0027e-05
1.9073e-06
2.1219e-05
9.5367e-07
2.0981e-05
2.1458e-06
2.0981e-05
9.5367e-07
2.1935e-05
1.1199e-03
0.0000e+00
1.9073e-06
2.4080e-05
9.5367e-07
2.0981e-05
1.1921e-06
2.0981e-05
9.5367e-07
2.0981e-05
1.9073e-06
2.2173e-05
9.5367e-07
2.0981e-05
2.1458e-06
2.0981e-05
3.0994e-06
2.2888e-05
6.8593e-04
0.0000e+00
1.9073e-06
2.3127e-05
1.9073e-06
2.1935e-05
2.1458e-06
2.0981e-05
9.5367e-07
2.1935e-05
1.1921e-06
2.0981e-05
9.5367e-07
2.0981e-05
1.9073e-06
2.3127e-05
9.5367e-07
2.0981e-05
1.2832e-03
0.0000e+00
4.0054e-05
0.0000e+00
1.9073e-06
2.1935e-05
9.5367e-07
2.1935e-05
3.1996e-04
0.0000e+00
9.5367e-07
2.1935e-05
1.1921e-06
2.0981e-05
3.3116e-04
0.0000e+00
3.0994e-06
9.5367e-07
1.9073e-06
2.3127e-05
2.0981e-05
0.0000e+00
4.3917e-04
0.0000e+00
1.9073e-06
2.3127e-05
9.5367e-07
2.0981e-05
1.9073e-06
2.1219e-05
9.5367e-07
2.0981e-05
9.5367e-07
2.9087e-05
9.5367e-07
2.2888e-05
9.5367e-07
2.2173e-05
1.9073e-06
2.0981e-05
7.1907e-04
0.0000e+00
3.0994e-06
0.0000e+00
9.5367e-07
2.3127e-05
1.9073e-06
2.0981e-05
1.1277e-04
0.0000e+00
9.5367e-07
2.0981e-05
1.9073e-06
2.2888e-05
3.0994e-06
0.0000e+00
9.5367e-07
2.2173e-05
1.9073e-06
2.1935e-05
2.1458e-06
2.1935e-05
1.9073e-06
2.2173e-05
1.9073e-06
2.0981e-05
9.5367e-07
2.2173e-05
1.9073e-06
2.3127e-05
9.5367e-07
2.0981e-05
9.5367e-07
2.0981e-05
9.5367e-07
2.1219e-05
9.5367e-07
2.0981e-05
2.1458e-06
2.0981e-05
9.5367e-07
2.0981e-05
9.5367e-07
2.9802e-05
3.0994e-06
2.1935e-05
2.1458e-06
2.0981e-05
9.5367e-07
2.0981e-05
2.1458e-06
2.0981e-05
9.5367e-07
2.0981e-05
2.1458e-06
2.0981e-05
2.5630e-03
9.5367e-07
5.0068e-06
7.7963e-05
2.8610e-06
5.6982e-05
2.8515e-04
9.5367e-07
3.0994e-06
5.6028e-05
3.0994e-06
5.3883e-05
3.0994e-06
5.2929e-05
1.9073e-06
5.6028e-05
9.0599e-06
9.5367e-07
2.8610e-06
5.3883e-05
2.8610e-06
7.5102e-05
3.2902e-05
0.0000e+00
3.0994e-06
5.6028e-05
2.8610e-06
5.3167e-05
3.0994e-06
5.1975e-05
4.0531e-06
5.2929e-05
5.8389e-04
9.5367e-07
3.8147e-06
5.4836e-05
3.0994e-06
5.2929e-05
4.0531e-06
5.6982e-05
2.8610e-06
5.3883e-05
5.9605e-06
5.2929e-05
3.0994e-05
9.5367e-07
3.0994e-06
5.3883e-05
4.6897e-04
0.0000e+00
2.8610e-06
5.5075e-05
2.8610e-06
5.3883e-05
2.8610e-06
7.4148e-05
4.0531e-06
5.4121e-05
2.8610e-06
5.4121e-05
2.8610e-06
5.4121e-05
3.8004e-04
9.5367e-07
2.8610e-06
5.7220e-05
3.0994e-06
5.4121e-05
2.1458e-06
5.2929e-05
1.0967e-05
9.5367e-07
4.0531e-06
5.7936e-05
3.0994e-06
5.1975e-05
1.9073e-06
5.2929e-05
3.0994e-06
5.2929e-05
3.5048e-05
9.5367e-07
2.8610e-06
5.5075e-05
2.8610e-06
6.1035e-05
9.0599e-06
1.1921e-06
8.0895e-04
9.5367e-07
2.8610e-06
7.7009e-05
9.0599e-06
9.5367e-07
3.0994e-06
5.6028e-05
3.0994e-06
5.1975e-05
2.8610e-06
5.3883e-05
2.8610e-06
5.2214e-05
2.1458e-06
5.3883e-05
4.1389e-04
0.0000e+00
4.0531e-06
5.6028e-05
3.0994e-06
5.6982e-05
9.0599e-06
0.0000e+00
2.8610e-06
6.1035e-05
3.0994e-06
5.4121e-05
3.0994e-06
5.2929e-05
2.8610e-06
5.2929e-05
1.1921e-05
1.1921e-06
2.1458e-06
5.3883e-05
6.8092e-04
0.0000e+00
4.0531e-06
5.8174e-05
4.0531e-06
5.3883e-05
6.7949e-05
9.5367e-07
3.0994e-06
5.6982e-05
2.8610e-06
5.3167e-05
2.1458e-06
5.2929e-05
1.9073e-06
5.2929e-05
2.8610e-06
5.3167e-05
2.8610e-06
5.6028e-05
4.0531e-06
5.3883e-05
2.8610e-06
5.2929e-05
3.0994e-06
5.4121e-05
3.0994e-06
6.1035e-05
4.0531e-06
5.5075e-05
2.8610e-06
5.3167e-05
3.0994e-06
7.1049e-05
5.3287e-04
9.5367e-07
2.0909e-04
1.1921e-06
4.0531e-06
5.8174e-05
6.1035e-05
1.1921e-06
3.0994e-06
5.5075e-05
2.3794e-04
0.0000e+00
6.9141e-06
1.1921e-06
3.0994e-06
5.6028e-05
2.8610e-06
5.5075e-05
3.0994e-06
5.4121e-05
3.0994e-06
5.6982e-05
4.0531e-06
5.3167e-05
2.8300e-04
9.5367e-07
3.0994e-06
5.6028e-05
3.0994e-06
5.2929e-05
3.0994e-06
5.3883e-05
1.5211e-04
0.0000e+00
2.8610e-06
5.5790e-05
3.0994e-06
8.2016e-05
1.7166e-05
9.5367e-07
1.9073e-06
5.5790e-05
3.0994e-06
5.3883e-05
2.8610e-06
6.0797e-05
3.0994e-06
5.2929e-05
2.8610e-06
5.2929e-05
2.8610e-06
5.3167e-05
3.0994e-06
7.3910e-05
3.0994e-06
5.4836e-05
3.0994e-06
5.2929e-05
2.8610e-06
5.1975e-05
3.8099e-04
9.5367e-07
2.8610e-06
6.1989e-05
3.0994e-06
5.3883e-05
4.0531e-06
5.2929e-05
3.0994e-06
7.3910e-05
4.0531e-06
5.5075e-05
3.0994e-06
5.2929e-05
7.5889e-04
0.0000e+00
5.1975e-05
1.1921e-06
2.8014e-04
9.5367e-07
1.9073e-06
5.6982e-05
3.0994e-06
5.2929e-05
1.0014e-05
9.5367e-07
2.8610e-06
5.3883e-05
1.9073e-06
7.2956e-05
3.0994e-06
5.3883e-05
3.0994e-06
6.1035e-05
3.0994e-06
5.2929e-05
4.0531e-06
5.3883e-05
2.8610e-06
5.2929e-05
3.0994e-06
5.1975e-05
3.0994e-06
5.2929e-05
7.3409e-04
9.5367e-07
3.0994e-06
5.6982e-05
3.0994e-06
5.3167e-05
3.0994e-06
5.2929e-05
1.9073e-06
5.2929e-05
3.0994e-06
5.6982e-05
2.8610e-06
5.4121e-05
3.0994e-06
5.4121e-05
2.3389e-04
9.5367e-07
2.8610e-06
6.4850e-05
5.1022e-05
9.5367e-07
1.9073e-06
5.4836e-05
2.8610e-06
5.4121e-05
2.8610e-06
5.4121e-05
4.7684e-06
5.1975e-05
3.0994e-06
5.2929e-05
2.8610e-06
7.3910e-05
7.1883e-04
9.5367e-07
9.9897e-05
1.1921e-06
3.0994e-06
5.6982e-05
2.8610e-06
5.3167e-05
3.0994e-06
5.4121e-05
3.0994e-06
5.2929e-05
1.9073e-06
5.2929e-05
3.0994e-06
5.3167e-05
2.8610e-06
5.7936e-05
1.2779e-04
9.5367e-07
2.8610e-06
5.6982e-05
3.0994e-06
5.3883e-05
2.8610e-06
5.2929e-05
1.9073e-06
5.3167e-05
5.9605e-04
0.0000e+00
4.0531e-06
6.1989e-05
2.8610e-06
5.2929e-05
4.0531e-06
5.6982e-05
2.8610e-06
5.2929e-05
3.7122e-04
9.5367e-07
3.8147e-06
5.5790e-05
3.0994e-06
5.3883e-05
3.1948e-05
9.5367e-07
5.3883e-05
0.0000e+00
3.0994e-06
6.2943e-05
3.0994e-06
5.5075e-05
4.0531e-06
5.6982e-05
2.8610e-06
5.6028e-05
2.8610e-06
5.3167e-05
3.0994e-06
5.2929e-05
2.8610e-06
5.3883e-05
3.9291e-04
0.0000e+00
3.0994e-06
5.5075e-05
2.8610e-06
6.0081e-05
4.0531e-06
5.6982e-05
7.8678e-06
9.5367e-07
2.1458e-06
5.5075e-05
5.0712e-04
9.5367e-07
4.0531e-06
5.3883e-05
3.0994e-06
5.2929e-05
2.8610e-06
5.3167e-05
3.0994e-06
6.0081e-05
3.0994e-06
7.1049e-05
4.0531e-06
5.6028e-05
4.0531e-06
5.2929e-05
2.8610e-06
5.4121e-05
4.4894e-04
9.5367e-07
3.0994e-06
5.3883e-05
2.1458e-06
5.3883e-05
2.8610e-06
6.0797e-05
3.0994e-06
5.2929e-05
4.0531e-06
5.6982e-05
2.8610e-06
5.4121e-05
4.0531e-06
5.3167e-05
3.0994e-06
5.1975e-05
2.8610e-06
5.2929e-05
3.0994e-06
5.1975e-05
2.8610e-06
5.2929e-05
3.0994e-06
6.9141e-05
3.0994e-06
5.4121e-05
3.0994e-06
5.2929e-05
3.0994e-06
5.1975e-05
6.8092e-04
9.5367e-07
3.0994e-06
5.6028e-05
2.8610e-06
5.1975e-05
4.0531e-06
5.5075e-05
3.0994e-06
7.3910e-05
4.0531e-06
5.5075e-05
2.8610e-06
5.5075e-05
5.1594e-04
1.1921e-06
2.1458e-06
5.5075e-05
2.1458e-06
5.2929e-05
2.5034e-05
9.5367e-07
3.0994e-06
5.5075e-05
2.1458e-06
5.3883e-05
4.0531e-06
6.4135e-05
3.0994e-06
5.3883e-05
3.0994e-06
5.1975e-05
4.4990e-04
9.5367e-07
1.9073e-06
5.6028e-05
2.8610e-06
5.5790e-05
3.0994e-06
5.3883e-05
2.8610e-06
5.2929e-05
2.8610e-06
8.1062e-05
4.0531e-06
5.6028e-05
3.0994e-06
5.2929e-05
1.9073e-06
5.3883e-05
3.8147e-06
5.3167e-05
3.0994e-06
5.1975e-05
3.0994e-06
5.2929e-05
2.8610e-06
6.9141e-05
2.8610e-06
5.7936e-05
6.1989e-06
5.1975e-05
2.8610e-06
5.3167e-05
3.0994e-06
5.2929e-05
7.9703e-04
9.5367e-07
3.0994e-06
5.4836e-05
3.0994e-06
5.4836e-05
3.0994e-06
7.2002e-05
5.0068e-06
5.4836e-05
3.0994e-06
6.1035e-05
3.0994e-06
5.4121e-05
3.0994e-06
5.3883e-05
3.0994e-06
5.1975e-05
3.0994e-06
5.1975e-05
1.9073e-06
5.1975e-05
3.0994e-06
7.5102e-05
4.0531e-06
5.5075e-05
2.8610e-06
5.4121e-05
1.4067e-05
0.0000e+00
6.7902e-04
9.5367e-07
3.0994e-06
5.5075e-05
1.2875e-05
0.0000e+00
2.1458e-06
5.3883e-05
3.0994e-06
5.1975e-05
2.8610e-06
7.2002e-05
5.1975e-05
0.0000e+00
6.9213e-04
0.0000e+00
2.1458e-06
5.6982e-05
2.8610e-06
5.4121e-05
1.0920e-04
9.5367e-07
4.0531e-06
5.4836e-05
3.0994e-06
5.2929e-05
2.8610e-06
5.1975e-05
3.0994e-06
8.0824e-05
4.2391e-04
9.5367e-07
2.8610e-06
5.5075e-05
2.8610e-06
5.2214e-05
5.9605e-06
5.3883e-05
2.8610e-06
5.2929e-05
2.8610e-06
5.2214e-05
4.0531e-06
5.3167e-05
3.0994e-06
7.1049e-05
3.8147e-06
5.6028e-05
9.0599e-06
9.5367e-07
3.0994e-06
5.3883e-05
1.9073e-06
5.3883e-05
2.8610e-06
5.3883e-05
4.0531e-06
5.2929e-05
2.8610e-06
5.5075e-05
3.8147e-06
6.8903e-05
4.0531e-06
5.4836e-05
3.0994e-06
5.3883e-05
2.8610e-06
5.3883e-05
3.8147e-06
5.1975e-05
3.0994e-06
5.4121e-05
3.0994e-06
5.2929e-05
3.0994e-06
5.9843e-05
3.0994e-06
7.2956e-05
9.1290e-04
9.5367e-07
3.8147e-06
5.6982e-05
7.1526e-06
5.2929e-05
1.9073e-06
5.4121e-05
3.2306e-04
0.0000e+00
4.0531e-06
5.6028e-05
2.8610e-06
5.2929e-05
2.3794e-04
9.5367e-07
3.0994e-06
7.5102e-05
4.0531e-06
5.4121e-05
1.8811e-04
0.0000e+00
3.0994e-06
5.4836e-05
3.0994e-06
5.2929e-05
3.8147e-06
5.2214e-05
3.0994e-06
5.2929e-05
2.8610e-06
5.1975e-05
3.0994e-06
6.8903e-05
4.0531e-06
5.6982e-05
2.8610e-06
5.3167e-05
3.8147e-06
5.3883e-05
4.1485e-04
9.5367e-07
2.8610e-06
5.5075e-05
2.8610e-06
5.3167e-05
3.4213e-04
9.5367e-07
1.0204e-04
0.0000e+00
3.0994e-06
9.4175e-05
5.9605e-06
5.6982e-05
3.0994e-06
5.4121e-05
2.1458e-06
5.6028e-05
1.9073e-06
5.4121e-05
2.1458e-06
5.2929e-05
2.8610e-06
5.1975e-05
2.8610e-06
5.1975e-05
3.0994e-06
7.1049e-05
5.0068e-06
5.2929e-05
2.8610e-06
5.4121e-05
2.8610e-06
5.4836e-05
2.8610e-06
5.2929e-05
5.7578e-04
9.5367e-07
2.8610e-06
5.4836e-05
3.0994e-06
5.2929e-05
1.9073e-06
8.2970e-05
1.0967e-05
5.6028e-05
2.8610e-06
5.4121e-05
2.8610e-06
5.3167e-05
3.0994e-06
5.4121e-05
3.0994e-06
5.1975e-05
2.8610e-06
5.1975e-05
2.9206e-04
9.5367e-07
3.0994e-06
7.6056e-05
4.0531e-06
5.4121e-05
2.1005e-04
9.5367e-07
2.3413e-04
0.0000e+00
3.0994e-06
5.6028e-05
5.2214e-05
0.0000e+00
2.8610e-06
5.3167e-05
3.0994e-06
5.1975e-05
2.8610e-06
5.2929e-05
2.8610e-06
5.3167e-05
2.8610e-06
5.4836e-05
1.9073e-06
5.3883e-05
6.4588e-04
9.5367e-07
2.8610e-06
5.5790e-05
1.2708e-04
9.5367e-07
2.3007e-04
9.5367e-07
1.0967e-05
1.1921e-06
3.0994e-06
5.6028e-05
1.8001e-04
9.5367e-07
2.8610e-06
5.5790e-05
2.8610e-06
5.6028e-05
3.0994e-06
5.3883e-05
3.0994e-06
5.5075e-05
3.0994e-06
5.2929e-05
5.0068e-06
5.1975e-05
2.8610e-06
5.3167e-05
3.9601e-04
0.0000e+00
2.8610e-06
5.6982e-05
1.5211e-04
1.7166e-05
4.0531e-06
5.6982e-05
3.0994e-06
5.4121e-05
3.0994e-06
5.4121e-05
5.9605e-06
5.3883e-05
2.8610e-06
5.4121e-05
1.8406e-04
9.5367e-07
4.0531e-06
5.6028e-05
2.0790e-04
9.5367e-07
2.8610e-06
7.5102e-05
4.0531e-06
5.4836e-05
3.0994e-06
5.1975e-05
1.6928e-05
1.1921e-06
3.0994e-06
5.5075e-05
3.0994e-06
5.2929e-05
2.8610e-06
5.2929e-05
3.9482e-04
0.0000e+00
2.8610e-06
5.5075e-05
3.0994e-06
5.6028e-05
2.8610e-06
5.3883e-05
2.8610e-06
5.3883e-05
8.8215e-06
9.5367e-07
3.0994e-06
5.3167e-05
3.0994e-06
5.2929e-05
3.9005e-04
1.1921e-06
3.0994e-06
5.6028e-05
2.8610e-06
7.2002e-05
4.0531e-06
5.6982e-05
2.0504e-04
9.5367e-07
7.8678e-06
9.5367e-07
2.8610e-06
5.5075e-05
2.8610e-06
5.3167e-05
7.4148e-05
9.5367e-07
2.8610e-06
6.2943e-05
3.8147e-06
5.3883e-05
1.5879e-04
0.0000e+00
8.8215e-06
9.5367e-07
2.8610e-06
5.6982e-05
3.0994e-06
5.2929e-05
3.0994e-06
5.3883e-05
5.9605e-06
5.3167e-05
3.0994e-06
5.1975e-05
2.8610e-06
5.2214e-05
3.0994e-06
5.2929e-05
2.8610e-06
6.9141e-05
4.0531e-06
5.3167e-05
3.0994e-06
6.1035e-05
2.8610e-06
5.3167e-05
7.4506e-04
9.5367e-07
3.0994e-06
5.4836e-05
3.0994e-06
5.8889e-05
2.2697e-04
1.1921e-06
3.0994e-06
5.4121e-05
4.0531e-06
5.6982e-05
5.3811e-04
1.1921e-06
2.8610e-06
5.6028e-05
3.0994e-06
5.3883e-05
1.5807e-04
9.5367e-07
7.8678e-06
9.5367e-07
5.3167e-05
9.5367e-07
2.8610e-06
5.4836e-05
2.8610e-06
5.2929e-05
3.0994e-06
7.0095e-05
3.8147e-06
5.6982e-05
3.0994e-06
5.2929e-05
3.0994e-06
5.2929e-05
2.8610e-06
5.1975e-05
3.0994e-06
5.3883e-05
3.0994e-06
5.4121e-05
2.1315e-04
0.0000e+00
3.3188e-04
1.1921e-06
3.0994e-06
7.5102e-05
8.1062e-06
0.0000e+00
3.0994e-06
5.3883e-05
3.0994e-06
5.2929e-05
2.8610e-06
5.2929e-05
2.8610e-06
6.1035e-05
7.7009e-05
0.0000e+00
4.3297e-04
1.1921e-06
1.6928e-05
9.5367e-07
1.9073e-06
5.5075e-05
3.0994e-06
5.6028e-05
2.8610e-06
5.3883e-05
2.8610e-06
5.2929e-05
1.9073e-06
6.0081e-05
1.0681e-04
9.5367e-07
6.1297e-04
0.0000e+00
2.8610e-06
5.4836e-05
3.0994e-06
5.1975e-05
6.3896e-05
0.0000e+00
3.0994e-06
7.5102e-05
4.0531e-06
5.5075e-05
1.3185e-04
9.5367e-07
3.0994e-06
5.5075e-05
4.0531e-06
5.4121e-05
3.0994e-06
5.3883e-05
4.0531e-06
5.2929e-05
2.7585e-04
9.5367e-07
5.9605e-06
0.0000e+00
8.3923e-05
0.0000e+00
4.0531e-06
5.9843e-05
1.9073e-06
5.3883e-05
2.8610e-06
5.2929e-05
1.9073e-06
5.3167e-05
3.0994e-06
5.2929e-05
3.0708e-04
9.5367e-07
3.0994e-06
5.6982e-05
3.0994e-06
5.2929e-05
4.0531e-06
5.4836e-05
3.0994e-06
6.0081e-05
3.0994e-06
5.3883e-05
2.8610e-06
5.2929e-05
4.0531e-06
5.3167e-05
3.0994e-06
5.2929e-05
2.8610e-06
5.2929e-05
3.0994e-06
7.2956e-05
4.0531e-06
5.3883e-05
3.0994e-06
5.3883e-05
2.8610e-06
5.2929e-05
4.0531e-06
5.3167e-05
3.0994e-06
5.3883e-05
3.0994e-06
5.1975e-05
8.4901e-04
9.5367e-07
3.8147e-06
7.5817e-05
3.0994e-06
5.6982e-05
3.0994e-06
6.0081e-05
2.8610e-06
5.3167e-05
2.1458e-06
5.3883e-05
3.0994e-06
5.2929e-05
6.3086e-04
9.5367e-07
4.7684e-06
5.4836e-05
1.8120e-05
0.0000e+00
2.8610e-06
8.3208e-05
3.4308e-04
1.1921e-06
1.1921e-05
9.5367e-07
1.2803e-04
9.5367e-07
1.9073e-06
5.6982e-05
3.0994e-06
5.4121e-05
3.0994e-06
5.2929e-05
2.8610e-06
5.1975e-05
3.0994e-06
5.4121e-05
1.2898e-04
9.5367e-07
3.8147e-06
5.8174e-05
3.0994e-06
5.3167e-05
2.1458e-06
5.1975e-05
2.8610e-06
5.3167e-05
3.0994e-06
5.1975e-05
2.8610e-06
5.2214e-05
3.0994e-06
5.1975e-05
7.6103e-04
0.0000e+00
5.0068e-06
5.8889e-05
2.8610e-06
5.3167e-05
3.0994e-06
5.1975e-05
5.9605e-06
5.1975e-05
1.9073e-06
5.4121e-05
2.0885e-04
9.5367e-07
3.0994e-06
5.6028e-05
8.8215e-06
9.5367e-07
5.6982e-05
9.5367e-07
3.8147e-06
5.8889e-05
2.8610e-06
5.4121e-05
2.8610e-06
5.3167e-05
3.0994e-06
5.1975e-05
2.8610e-06
5.1975e-05
2.1458e-06
5.1975e-05
2.8610e-06
5.2929e-05
3.0994e-06
6.9141e-05
4.0531e-06
5.5075e-05
2.8610e-06
5.1975e-05
3.0994e-06
6.0081e-05
3.0994e-06
5.4121e-05
6.7210e-04
9.5367e-07
4.0531e-06
5.4836e-05
2.6703e-04
1.1921e-06
4.0531e-06
5.4121e-05
3.0994e-06
5.6982e-05
3.0994e-06
5.4121e-05
4.0531e-06
5.3167e-05
2.1458e-06
5.2929e-05
2.8610e-06
5.2929e-05
6.1989e-06
5.2929e-05
2.8610e-06
5.3167e-05
3.0994e-06
6.7949e-05
3.8147e-06
5.6028e-05
3.0994e-06
5.2929e-05
2.8610e-06
5.9843e-05
4.1795e-04
0.0000e+00
3.0994e-06
5.6028e-05
2.8610e-06
5.3883e-05
2.8610e-06
5.4121e-05
2.8610e-06
7.3195e-05
3.0994e-06
5.6982e-05
2.8610e-06
5.3883e-05
2.8610e-06
5.9843e-05
3.0994e-06
5.2929e-05
3.8147e-06
5.2929e-05
2.8300e-04
9.5367e-07
2.8610e-06
5.4121e-05
2.8610e-06
5.1975e-05
2.8610e-06
5.6028e-05
2.8610e-06
5.2929e-05
2.8610e-06
5.1975e-05
3.0994e-06
5.2929e-05
2.8610e-06
5.3167e-05
3.0994e-06
5.9128e-05
3.0994e-06
5.2929e-05
1.0169e-03
9.5367e-07
4.0531e-06
5.8174e-05
3.0994e-06
5.4121e-05
3.0994e-06
5.3883e-05
3.0994e-06
5.3883e-05
3.0994e-06
5.2929e-05
1.9073e-06
5.4121e-05
1.3113e-05
1.1921e-06
3.0994e-06
5.4121e-05
4.0531e-06
5.6982e-05
2.8610e-06
5.3167e-05
3.0994e-06
5.4121e-05
3.0994e-06
6.0081e-05
5.1498e-04
0.0000e+00
3.0994e-06
5.6982e-05
1.9073e-06
5.4121e-05
2.8610e-06
5.3167e-05
4.0531e-06
5.5075e-05
3.0994e-06
5.3167e-05
3.0994e-06
5.7936e-05
2.8610e-06
5.5790e-05
3.0994e-06
5.1975e-05
2.8610e-06
5.3167e-05
3.0994e-06
5.3883e-05
3.0994e-06
7.2002e-05
3.8147e-06
5.3883e-05
2.8610e-06
5.3167e-05
9.7108e-04
9.5367e-07
3.0994e-06
5.5075e-05
2.8610e-06
5.3167e-05
1.2517e-04
9.5367e-07
3.0994e-06
5.4836e-05
3.0994e-06
5.2929e-05
4.0531e-06
6.3181e-05
3.0994e-06
5.3167e-05
3.0994e-06
5.2929e-05
3.0994e-06
5.2929e-05
1.0967e-05
1.1921e-06
3.0994e-06
5.5075e-05
3.0994e-06
5.2929e-05
4.4298e-04
1.1921e-06
3.0994e-06
7.6056e-05
2.2173e-05
0.0000e+00
3.0994e-06
5.6028e-05
4.0531e-06
5.4121e-05
3.0994e-06
5.3167e-05
3.0994e-06
5.1975e-05
3.6001e-04
9.5367e-07
3.0994e-06
5.4836e-05
3.0994e-06
5.2929e-05
2.8610e-06
7.3910e-05
4.0531e-06
5.3883e-05
2.5105e-04
0.0000e+00
2.1458e-06
5.6028e-05
2.3484e-04
9.5367e-07
3.8147e-06
5.6028e-05
3.0994e-06
5.3883e-05
4.0531e-06
5.1975e-05
2.9802e-04
9.5367e-07
3.0994e-06
7.7009e-05
4.0531e-06
5.4121e-05
3.0994e-06
5.4121e-05
3.0994e-06
5.1975e-05
2.8610e-06
5.1975e-05
2.1458e-06
5.3883e-05
2.1458e-06
5.2929e-05
1.9073e-06
5.3167e-05
4.0531e-06
5.6982e-05
3.0994e-06
5.4121e-05
3.4404e-04
9.5367e-07
3.8147e-06
5.6028e-05
2.8610e-06
5.2929e-05
2.8610e-06
5.1975e-05
3.5501e-04
0.0000e+00
3.0994e-06
5.5075e-05
3.0994e-06
7.4148e-05
1.1206e-05
9.5367e-07
5.9843e-05
9.5367e-07
2.6202e-04
0.0000e+00
1.3113e-04
9.5367e-07
3.0994e-06
5.5075e-05
6.2943e-05
9.5367e-07
2.8610e-06
5.5075e-05
2.8610e-06
5.1975e-05
1.9073e-06
5.2929e-05
3.0994e-06
7.0095e-05
4.0531e-06
6.4135e-05
4.7803e-04
0.0000e+00
3.0994e-06
5.6028e-05
3.8147e-06
5.2929e-05
2.8610e-06
5.3167e-05
3.0994e-06
5.2929e-05
3.0994e-06
5.2929e-05
1.9073e-06
7.1049e-05
4.0531e-06
5.6982e-05
3.0994e-06
5.2929e-05
2.8610e-06
5.3883e-05
2.8610e-06
5.2929e-05
2.8610e-06
5.3167e-05
3.0994e-06
5.2929e-05
3.0994e-06
5.2929e-05
4.0531e-06
7.4863e-05
4.0531e-06
5.4121e-05
3.0994e-06
5.2929e-05
3.0994e-06
5.2929e-05
6.2704e-04
9.5367e-07
3.0994e-06
5.6028e-05
3.0994e-06
5.3167e-05
3.5906e-04
0.0000e+00
4.0531e-06
6.1035e-05
1.0014e-05
9.5367e-07
1.9073e-06
5.6982e-05
2.8610e-06
5.2929e-05
2.8610e-06
5.4121e-05
4.0531e-06
5.8174e-05
4.2105e-04
0.0000e+00
3.0994e-06
5.5075e-05
3.0994e-06
5.4121e-05
2.8610e-06
7.5102e-05
4.0531e-06
5.4121e-05
1.9073e-06
5.4121e-05
3.0994e-06
5.1975e-05
2.8610e-06
5.2929e-05
3.0994e-06
5.2929e-05
3.0994e-06
5.2929e-05
2.8610e-06
5.2929e-05
4.0531e-06
5.6028e-05
3.8147e-06
5.2929e-05
1.9073e-06
5.3167e-05
3.5048e-05
0.0000e+00
3.0994e-06
5.5075e-05
3.0994e-06
6.0081e-05
2.8610e-06
5.4121e-05
2.8610e-06
5.5075e-05
2.8610e-06
7.4148e-05
4.0531e-06
5.5075e-05
4.0531e-06
5.2929e-05
1.0080e-03
0.0000e+00
2.8610e-06
5.3883e-05
2.8610e-06
5.2929e-05
2.8610e-06
5.4121e-05
1.3709e-04
0.0000e+00
2.7609e-04
9.5367e-07
3.0994e-06
7.5102e-05
4.0531e-06
5.5075e-05
3.0994e-06
5.3883e-05
3.0994e-06
5.1975e-05
2.5702e-04
9.5367e-07
3.0994e-06
5.3883e-05
1.6093e-04
9.5367e-07
3.8147e-06
5.3883e-05
3.0994e-06
5.3883e-05
7.0095e-05
9.5367e-07
3.0994e-06
5.8889e-05
3.0994e-06
5.3883e-05
1.9073e-06
5.4121e-05
2.8610e-06
5.3167e-05
3.0994e-06
5.3167e-05
3.0994e-06
5.4121e-05
3.8409e-04
0.0000e+00
4.0531e-06
7.7009e-05
1.4496e-04
9.5367e-07
4.0531e-06
6.0081e-05
4.0531e-06
5.4121e-05
3.0994e-06
5.2929e-05
2.8205e-04
9.5367e-07
1.9073e-06
5.4836e-05
3.0994e-06
5.3883e-05
1.9073e-06
6.1989e-05
4.0531e-06
5.6982e-05
1.9073e-06
5.2929e-05
1.9073e-06
5.4121e-05
3.0994e-06
5.4121e-05
3.0994e-06
5.2929e-05
1.4067e-05
9.5367e-07
5.0068e-06
0.0000e+00
3.0994e-06
5.4836e-05
3.0994e-06
7.2002e-05
4.8518e-04
9.5367e-07
3.0994e-06
5.6982e-05
1.9598e-04
0.0000e+00
2.8610e-06
5.4836e-05
3.0994e-06
5.2929e-05
2.8610e-06
5.2929e-05
1.4740e-01
