9.2364e-02
0.0000e+00
7.6056e-05
0.0000e+00
3.5048e-05
0.0000e+00
1.0705e-04
0.0000e+00
3.4809e-05
0.0000e+00
3.2902e-05
0.0000e+00
3.2902e-05
0.0000e+00
5.5790e-05
0.0000e+00
1.6999e-04
0.0000e+00
3.5048e-05
0.0000e+00
3.2902e-05
0.0000e+00
3.3140e-05
0.0000e+00
3.2902e-05
0.0000e+00
3.2902e-05
0.0000e+00
3.2187e-05
0.0000e+00
3.1948e-05
0.0000e+00
4.2915e-05
0.0000e+00
3.1948e-05
0.0000e+00
3.1948e-05
0.0000e+00
3.3140e-05
0.0000e+00
3.2902e-05
0.0000e+00
3.1948e-05
0.0000e+00
3.1948e-05
0.0000e+00
8.5831e-05
0.0000e+00
3.4094e-05
0.0000e+00
3.3855e-05
0.0000e+00
3.2187e-05
0.0000e+00
3.1948e-05
0.0000e+00
3.1948e-05
0.0000e+00
3.3140e-05
0.0000e+00
3.1948e-05
0.0000e+00
3.4809e-05
0.0000e+00
3.2187e-05
0.0000e+00
3.2902e-05
0.0000e+00
3.4809e-05
0.0000e+00
1.0490e-03
0.0000e+00
3.3140e-05
0.0000e+00
3.1948e-05
0.0000e+00
1.4114e-04
0.0000e+00
6.1309e-03
0.0000e+00
1.2218e-02
0.0000e+00
5.1975e-05
0.0000e+00
7.8416e-04
0.0000e+00
3.3855e-05
0.0000e+00
1.2708e-04
0.0000e+00
3.2902e-05
0.0000e+00
3.6001e-05
0.0000e+00
6.2943e-05
0.0000e+00
3.2902e-05
0.0000e+00
3.2902e-05
0.0000e+00
3.2902e-05
0.0000e+00
3.2187e-05
0.0000e+00
3.2902e-05
0.0000e+00
1.0705e-04
0.0000e+00
3.3855e-05
0.0000e+00
3.3140e-05
0.0000e+00
3.1948e-05
0.0000e+00
3.2187e-05
0.0000e+00
3.1948e-05
0.0000e+00
3.2902e-05
0.0000e+00
6.1035e-05
0.0000e+00
3.6001e-05
0.0000e+00
3.2902e-05
0.0000e+00
3.1948e-05
0.0000e+00
3.1948e-05
0.0000e+00
6.0081e-05
0.0000e+00
3.3855e-05
0.0000e+00
3.1948e-05
0.0000e+00
7.7009e-05
0.0000e+00
3.1948e-05
0.0000e+00
3.1948e-05
0.0000e+00
1.5807e-04
0.0000e+00
3.3855e-05
0.0000e+00
3.2902e-05
0.0000e+00
3.2902e-05
0.0000e+00
3.2902e-05
0.0000e+00
3.6001e-05
0.0000e+00
3.2902e-05
0.0000e+00
3.2902e-05
0.0000e+00
3.2902e-05
0.0000e+00
2.8801e-04
0.0000e+00
3.3140e-05
0.0000e+00
3.1948e-05
0.0000e+00
7.7009e-05
0.0000e+00
4.1962e-05
0.0000e+00
3.2902e-05
0.0000e+00
3.3140e-05
0.0000e+00
3.2902e-05
0.0000e+00
3.6001e-05
0.0000e+00
3.2902e-05
0.0000e+00
3.2902e-05
0.0000e+00
2.5415e-04
0.0000e+00
3.2902e-05
0.0000e+00
3.3140e-05
0.0000e+00
3.2902e-05
0.0000e+00
3.3140e-05
0.0000e+00
1.3399e-04
0.0000e+00
3.2902e-05
0.0000e+00
3.1948e-05
0.0000e+00
6.0081e-05
0.0000e+00
3.3855e-05
0.0000e+00
3.3140e-05
0.0000e+00
3.2902e-05
0.0000e+00
3.3140e-05
0.0000e+00
3.3855e-05
0.0000e+00
3.6001e-05
0.0000e+00
8.0109e-05
0.0000e+00
3.3855e-05
0.0000e+00
3.3140e-05
0.0000e+00
3.2902e-05
0.0000e+00
3.1948e-05
0.0000e+00
3.1948e-05
0.0000e+00
3.1948e-05
0.0000e+00
3.2902e-05
0.0000e+00
5.8889e-05
0.0000e+00
3.3140e-05
0.0000e+00
3.2902e-05
0.0000e+00
3.1948e-05
0.0000e+00
3.3140e-05
0.0000e+00
3.2902e-05
0.0000e+00
3.1948e-05
0.0000e+00
7.8917e-05
0.0000e+00
3.2902e-05
0.0000e+00
3.2902e-05
0.0000e+00
3.2902e-05
0.0000e+00
5.9128e-05
0.0000e+00
3.2902e-05
0.0000e+00
3.2902e-05
0.0000e+00
3.2902e-05
0.0000e+00
3.4094e-05
0.0000e+00
3.3140e-05
0.0000e+00
3.2902e-05
0.0000e+00
3.5048e-05
0.0000e+00
3.4094e-05
0.0000e+00
3.2902e-05
0.0000e+00
3.1948e-05
0.0000e+00
9.9897e-05
0.0000e+00
3.3140e-05
0.0000e+00
3.3855e-05
0.0000e+00
3.2902e-05
0.0000e+00
3.3140e-05
0.0000e+00
3.2902e-05
0.0000e+00
3.2187e-05
0.0000e+00
3.1948e-05
0.0000e+00
8.1062e-05
0.0000e+00
3.2902e-05
0.0000e+00
3.2902e-05
0.0000e+00
3.2902e-05
0.0000e+00
3.1948e-05
0.0000e+00
3.1948e-05
0.0000e+00
3.2902e-05
0.0000e+00
3.3140e-05
0.0000e+00
3.5048e-05
0.0000e+00
3.1948e-05
0.0000e+00
5.6982e-05
0.0000e+00
3.3140e-05
0.0000e+00
3.3140e-05
0.0000e+00
3.1948e-05
0.0000e+00
3.3140e-05
0.0000e+00
7.7963e-05
0.0000e+00
5.6028e-05
0.0000e+00
3.4809e-05
0.0000e+00
3.3140e-05
0.0000e+00
3.2902e-05
0.0000e+00
3.3140e-05
0.0000e+00
3.3140e-05
0.0000e+00
3.1948e-05
0.0000e+00
3.6001e-05
0.0000e+00
3.2902e-05
0.0000e+00
3.2902e-05
0.0000e+00
3.1948e-05
0.0000e+00
3.3140e-05
0.0000e+00
3.2902e-05
0.0000e+00
3.1948e-05
0.0000e+00
3.1948e-05
0.0000e+00
3.5048e-05
0.0000e+00
3.6001e-05
0.0000e+00
3.1948e-05
0.0000e+00
3.2902e-05
0.0000e+00
3.3140e-05
0.0000e+00
1.3304e-04
0.0000e+00
3.3855e-05
0.0000e+00
8.2970e-05
0.0000e+00
3.4094e-05
0.0000e+00
3.6001e-05
0.0000e+00
3.1948e-05
0.0000e+00
3.2902e-05
0.0000e+00
4.1962e-05
0.0000e+00
2.1696e-04
0.0000e+00
3.2902e-05
0.0000e+00
6.6042e-05
0.0000e+00
3.2902e-05
0.0000e+00
3.3140e-05
0.0000e+00
3.2902e-05
0.0000e+00
3.1948e-05
0.0000e+00
3.2187e-05
0.0000e+00
3.6001e-05
0.0000e+00
8.0109e-05
0.0000e+00
3.1948e-05
0.0000e+00
3.1948e-05
0.0000e+00
3.3140e-05
0.0000e+00
3.5048e-05
0.0000e+00
3.1948e-05
0.0000e+00
3.2902e-05
0.0000e+00
3.2187e-05
0.0000e+00
3.5048e-05
0.0000e+00
3.6001e-05
0.0000e+00
3.2902e-05
0.0000e+00
3.2902e-05
0.0000e+00
3.2187e-05
0.0000e+00
3.2902e-05
0.0000e+00
3.3140e-05
0.0000e+00
7.8917e-05
0.0000e+00
5.8889e-05
0.0000e+00
3.2902e-05
0.0000e+00
3.3140e-05
0.0000e+00
3.2902e-05
0.0000e+00
3.2902e-05
0.0000e+00
3.2187e-05
0.0000e+00
3.1948e-05
0.0000e+00
3.6001e-05
0.0000e+00
3.2902e-05
0.0000e+00
3.3140e-05
0.0000e+00
3.2902e-05
0.0000e+00
3.3140e-05
0.0000e+00
3.2902e-05
0.0000e+00
5.8889e-05
0.0000e+00
8.6069e-05
0.0000e+00
3.2902e-05
0.0000e+00
3.2902e-05
0.0000e+00
3.3140e-05
0.0000e+00
6.0797e-05
0.0000e+00
3.3140e-05
0.0000e+00
3.1948e-05
0.0000e+00
3.1948e-05
0.0000e+00
7.9870e-05
0.0000e+00
3.3140e-05
0.0000e+00
3.2902e-05
0.0000e+00
3.1948e-05
0.0000e+00
3.2902e-05
0.0000e+00
3.1948e-05
0.0000e+00
3.2902e-05
0.0000e+00
1.1442e-03
0.0000e+00
3.6955e-05
0.0000e+00
3.4094e-05
0.0000e+00
3.2902e-05
0.0000e+00
3.3140e-05
0.0000e+00
3.2902e-05
0.0000e+00
3.3140e-05
0.0000e+00
3.2902e-05
0.0000e+00
1.0109e-04
0.0000e+00
3.6955e-05
0.0000e+00
3.3140e-05
0.0000e+00
3.2902e-05
0.0000e+00
3.1948e-05
0.0000e+00
3.3140e-05
0.0000e+00
3.2902e-05
0.0000e+00
1.3113e-04
0.0000e+00
3.6001e-05
0.0000e+00
3.2902e-05
0.0000e+00
3.3140e-05
0.0000e+00
3.2902e-05
0.0000e+00
1.6499e-04
0.0000e+00
3.3140e-05
0.0000e+00
3.1948e-05
0.0000e+00
8.5115e-05
0.0000e+00
3.7909e-05
0.0000e+00
3.1948e-05
0.0000e+00
3.2902e-05
0.0000e+00
3.2902e-05
0.0000e+00
3.2187e-05
0.0000e+00
3.3593e-04
0.0000e+00
3.3140e-05
0.0000e+00
3.5048e-05
0.0000e+00
3.8862e-05
0.0000e+00
3.3855e-05
0.0000e+00
3.3140e-05
0.0000e+00
2.3389e-04
0.0000e+00
3.4094e-05
0.0000e+00
3.1948e-05
0.0000e+00
7.8917e-05
0.0000e+00
2.3890e-04
0.0000e+00
3.2902e-05
0.0000e+00
3.1948e-05
0.0000e+00
3.1948e-05
0.0000e+00
3.1948e-05
0.0000e+00
6.2943e-05
0.0000e+00
3.3855e-05
0.0000e+00
8.3923e-05
0.0000e+00
3.2902e-05
0.0000e+00
3.1948e-05
0.0000e+00
3.2902e-05
0.0000e+00
3.3140e-05
0.0000e+00
3.1948e-05
0.0000e+00
2.3603e-04
0.0000e+00
3.2902e-05
0.0000e+00
3.5048e-05
0.0000e+00
3.3140e-05
0.0000e+00
3.2902e-05
0.0000e+00
3.6001e-05
0.0000e+00
3.4094e-05
0.0000e+00
3.3140e-05
0.0000e+00
3.2902e-05
0.0000e+00
4.3511e-04
0.0000e+00
3.4094e-05
0.0000e+00
3.2902e-05
0.0000e+00
3.4094e-05
0.0000e+00
1.7381e-04
0.0000e+00
3.4094e-05
0.0000e+00
3.3140e-05
0.0000e+00
3.2902e-05
0.0000e+00
3.7909e-05
0.0000e+00
3.3140e-05
0.0000e+00
3.2902e-05
0.0000e+00
3.3140e-05
0.0000e+00
1.2228e-03
0.0000e+00
3.4809e-05
0.0000e+00
3.3140e-05
0.0000e+00
2.2101e-04
0.0000e+00
3.3855e-05
0.0000e+00
3.3140e-05
0.0000e+00
3.0184e-04
0.0000e+00
3.3855e-05
0.0000e+00
3.2902e-05
0.0000e+00
3.3140e-05
0.0000e+00
1.7285e-04
0.0000e+00
6.0081e-05
0.0000e+00
3.2902e-05
0.0000e+00
1.8406e-04
0.0000e+00
3.2902e-05
0.0000e+00
3.1948e-05
0.0000e+00
3.1948e-05
0.0000e+00
3.1948e-05
0.0000e+00
4.1008e-05
0.0000e+00
2.0289e-04
0.0000e+00
5.5075e-05
0.0000e+00
7.1049e-05
0.0000e+00
6.1989e-05
0.0000e+00
3.6001e-05
0.0000e+00
3.7193e-05
0.0000e+00
5.4836e-05
0.0000e+00
8.3804e-04
0.0000e+00
3.4094e-05
0.0000e+00
3.2902e-05
0.0000e+00
3.3140e-05
0.0000e+00
2.9898e-04
0.0000e+00
3.3140e-05
0.0000e+00
3.1948e-05
0.0000e+00
3.1948e-05
0.0000e+00
3.6955e-05
0.0000e+00
3.2902e-05
0.0000e+00
3.1948e-05
0.0000e+00
3.2902e-05
0.0000e+00
3.2187e-05
0.0000e+00
5.5289e-04
0.0000e+00
3.4094e-05
0.0000e+00
8.9884e-05
0.0000e+00
3.3140e-05
0.0000e+00
1.1148e-03
0.0000e+00
4.1008e-05
0.0000e+00
5.3883e-05
0.0000e+00
4.1962e-05
0.0000e+00
3.3140e-05
0.0000e+00
3.1948e-05
0.0000e+00
3.5048e-05
0.0000e+00
3.2902e-05
0.0000e+00
4.1199e-04
0.0000e+00
3.4094e-05
0.0000e+00
4.1008e-05
0.0000e+00
3.2902e-05
0.0000e+00
3.2187e-05
0.0000e+00
9.7036e-05
0.0000e+00
3.5048e-05
0.0000e+00
3.6001e-05
0.0000e+00
3.2902e-05
0.0000e+00
3.1948e-05
0.0000e+00
3.1948e-05
0.0000e+00
3.2902e-05
0.0000e+00
3.9101e-05
0.0000e+00
8.4877e-05
0.0000e+00
3.4094e-05
0.0000e+00
3.1948e-05
0.0000e+00
3.1948e-05
0.0000e+00
3.1948e-05
0.0000e+00
2.0485e-01
0.0000e+00
3.3140e-05
0.0000e+00
3.2902e-05
0.0000e+00
3.5048e-05
0.0000e+00
5.4598e-04
0.0000e+00
3.3140e-05
0.0000e+00
3.2902e-05
0.0000e+00
3.7909e-05
0.0000e+00
3.3140e-05
0.0000e+00
3.1948e-05
0.0000e+00
8.5115e-05
0.0000e+00
3.3855e-05
0.0000e+00
3.2187e-05
0.0000e+00
3.1948e-05
0.0000e+00
3.2902e-05
0.0000e+00
3.2187e-05
0.0000e+00
3.1948e-05
0.0000e+00
3.1948e-05
0.0000e+00
3.3855e-05
0.0000e+00
3.2902e-05
0.0000e+00
3.2902e-05
0.0000e+00
3.3140e-05
0.0000e+00
3.2902e-05
0.0000e+00
3.2902e-05
0.0000e+00
3.3140e-05
0.0000e+00
7.7009e-05
0.0000e+00
3.2902e-05
0.0000e+00
3.2187e-05
0.0000e+00
3.1948e-05
0.0000e+00
3.1948e-05
0.0000e+00
3.1948e-05
0.0000e+00
3.3140e-05
0.0000e+00
3.1948e-05
0.0000e+00
7.7963e-05
0.0000e+00
3.3140e-05
0.0000e+00
3.1948e-05
0.0000e+00
3.1948e-05
0.0000e+00
3.1948e-05
0.0000e+00
3.2187e-05
0.0000e+00
3.2902e-05
0.0000e+00
3.1948e-05
0.0000e+00
3.4809e-05
0.0000e+00
3.3140e-05
0.0000e+00
3.1948e-05
0.0000e+00
3.1948e-05
0.0000e+00
3.2902e-05
0.0000e+00
3.2187e-05
0.0000e+00
3.1948e-05
0.0000e+00
8.1062e-05
0.0000e+00
3.2902e-05
0.0000e+00
3.3140e-05
0.0000e+00
3.2902e-05
0.0000e+00
3.2902e-05
0.0000e+00
3.1948e-05
0.0000e+00
3.1948e-05
0.0000e+00
3.2902e-05
0.0000e+00
3.6001e-05
0.0000e+00
1.8718e-03
0.0000e+00
3.3140e-05
0.0000e+00
3.2902e-05
0.0000e+00
3.3140e-05
0.0000e+00
5.7387e-04
0.0000e+00
3.5048e-05
0.0000e+00
8.6069e-05
0.0000e+00
3.3140e-05
0.0000e+00
3.2902e-05
0.0000e+00
3.2902e-05
0.0000e+00
3.3140e-05
0.0000e+00
3.3855e-05
0.0000e+00
3.2187e-05
0.0000e+00
1.4448e-03
0.0000e+00
3.6001e-05
0.0000e+00
3.1948e-05
0.0000e+00
3.2902e-05
0.0000e+00
3.3140e-05
0.0000e+00
3.6955e-05
0.0000e+00
3.3140e-05
0.0000e+00
3.1948e-05
0.0000e+00
7.6056e-05
0.0000e+00
3.5048e-05
0.0000e+00
3.2902e-05
0.0000e+00
3.4094e-05
0.0000e+00
3.2902e-05
0.0000e+00
3.2902e-05
0.0000e+00
3.2187e-05
0.0000e+00
3.1948e-05
0.0000e+00
7.7963e-05
0.0000e+00
3.3140e-05
0.0000e+00
3.1948e-05
0.0000e+00
3.1948e-05
0.0000e+00
3.2187e-05
0.0000e+00
3.1948e-05
0.0000e+00
3.1948e-05
0.0000e+00
3.3140e-05
0.0000e+00
3.5048e-05
0.0000e+00
3.2902e-05
0.0000e+00
3.2902e-05
0.0000e+00
3.2902e-05
0.0000e+00
3.1948e-05
0.0000e+00
3.1948e-05
0.0000e+00
3.2902e-05
0.0000e+00
7.7009e-05
0.0000e+00
3.1948e-05
0.0000e+00
3.2902e-05
0.0000e+00
3.2902e-05
0.0000e+00
3.3140e-05
0.0000e+00
3.1948e-05
0.0000e+00
3.1948e-05
0.0000e+00
3.3140e-05
0.0000e+00
3.5048e-05
0.0000e+00
3.1948e-05
0.0000e+00
3.3140e-05
0.0000e+00
3.2902e-05
0.0000e+00
3.1948e-05
0.0000e+00
3.2187e-05
0.0000e+00
3.2902e-05
0.0000e+00
7.7963e-05
0.0000e+00
3.2902e-05
0.0000e+00
3.3140e-05
0.0000e+00
3.1948e-05
0.0000e+00
3.2187e-05
0.0000e+00
3.2187e-05
0.0000e+00
3.1948e-05
0.0000e+00
3.2902e-05
0.0000e+00
7.7009e-05
0.0000e+00
3.3140e-05
0.0000e+00
3.2902e-05
0.0000e+00
3.3140e-05
0.0000e+00
3.2187e-05
0.0000e+00
3.1948e-05
0.0000e+00
3.3140e-05
0.0000e+00
3.2902e-05
0.0000e+00
3.5048e-05
0.0000e+00
3.2902e-05
0.0000e+00
3.3140e-05
0.0000e+00
3.2902e-05
0.0000e+00
3.2902e-05
0.0000e+00
3.2187e-05
0.0000e+00
3.1948e-05
0.0000e+00
7.7009e-05
0.0000e+00
3.2902e-05
0.0000e+00
3.3140e-05
0.0000e+00
3.1948e-05
0.0000e+00
3.3140e-05
0.0000e+00
3.2902e-05
0.0000e+00
3.2902e-05
0.0000e+00
3.2187e-05
0.0000e+00
3.3855e-05
0.0000e+00
3.1948e-05
0.0000e+00
3.2902e-05
0.0000e+00
3.2187e-05
0.0000e+00
3.3140e-05
0.0000e+00
3.2902e-05
0.0000e+00
3.1948e-05
0.0000e+00
7.6056e-05
0.0000e+00
3.4094e-05
0.0000e+00
3.1948e-05
0.0000e+00
3.3140e-05
0.0000e+00
3.1948e-05
0.0000e+00
3.1948e-05
0.0000e+00
3.1948e-05
0.0000e+00
3.3140e-05
0.0000e+00
7.7009e-05
0.0000e+00
3.2902e-05
0.0000e+00
3.3140e-05
0.0000e+00
3.1948e-05
0.0000e+00
3.1948e-05
0.0000e+00
3.2902e-05
0.0000e+00
3.3140e-05
0.0000e+00
7.3910e-05
0.0000e+00
3.3855e-05
0.0000e+00
3.3140e-05
0.0000e+00
3.2902e-05
0.0000e+00
3.3140e-05
0.0000e+00
3.1948e-05
0.0000e+00
3.6001e-05
0.0000e+00
3.2902e-05
0.0000e+00
7.7009e-05
0.0000e+00
3.2902e-05
0.0000e+00
3.2187e-05
0.0000e+00
3.1948e-05
0.0000e+00
3.2902e-05
0.0000e+00
3.1948e-05
0.0000e+00
3.1948e-05
0.0000e+00
3.1948e-05
0.0000e+00
3.6001e-05
0.0000e+00
3.3140e-05
0.0000e+00
3.1948e-05
0.0000e+00
3.2187e-05
0.0000e+00
3.2187e-05
0.0000e+00
3.2902e-05
0.0000e+00
3.1948e-05
0.0000e+00
7.7009e-05
0.0000e+00
3.3140e-05
0.0000e+00
3.2902e-05
0.0000e+00
3.2902e-05
0.0000e+00
3.3140e-05
0.0000e+00
3.2902e-05
0.0000e+00
3.2902e-05
0.0000e+00
2.1031e-01
0.0000e+00
3.7909e-05
0.0000e+00
3.4094e-05
0.0000e+00
4.6015e-05
0.0000e+00
3.3140e-05
0.0000e+00
4.4823e-05
0.0000e+00
3.3855e-05
0.0000e+00
3.3140e-05
0.0000e+00
1.2493e-04
0.0000e+00
3.4094e-05
0.0000e+00
3.2902e-05
0.0000e+00
4.6015e-05
0.0000e+00
3.3140e-05
0.0000e+00
4.6015e-05
0.0000e+00
3.2902e-05
0.0000e+00
3.2902e-05
0.0000e+00
3.4809e-05
0.0000e+00
3.4809e-05
0.0000e+00
3.2902e-05
0.0000e+00
4.6968e-05
0.0000e+00
3.4094e-05
0.0000e+00
3.2902e-05
0.0000e+00
3.4094e-05
0.0000e+00
1.0610e-04
0.0000e+00
3.3855e-05
0.0000e+00
1.2851e-03
0.0000e+00
3.4094e-05
0.0000e+00
4.7922e-05
0.0000e+00
3.4094e-05
0.0000e+00
4.6015e-05
0.0000e+00
3.4094e-05
0.0000e+00
3.6955e-05
0.0000e+00
1.0090e-03
0.0000e+00
3.6001e-05
0.0000e+00
4.4107e-05
0.0000e+00
3.3855e-05
0.0000e+00
3.2902e-05
0.0000e+00
4.5061e-05
0.0000e+00
1.1802e-04
0.0000e+00
3.2902e-05
0.0000e+00
1.1110e-03
0.0000e+00
3.6001e-05
0.0000e+00
4.8161e-05
0.0000e+00
3.3855e-05
0.0000e+00
4.5061e-05
0.0000e+00
3.4094e-05
0.0000e+00
3.7193e-05
0.0000e+00
1.0404e-02
0.0000e+00
4.5061e-05
0.0000e+00
3.5048e-05
0.0000e+00
3.2902e-05
0.0000e+00
3.4094e-05
0.0000e+00
3.3140e-05
0.0000e+00
1.8191e-04
0.0000e+00
3.8147e-05
0.0000e+00
3.2902e-05
0.0000e+00
3.3140e-05
0.0000e+00
3.2902e-05
0.0000e+00
3.4094e-05
0.0000e+00
3.2902e-05
0.0000e+00
3.3140e-05
0.0000e+00
9.3937e-05
0.0000e+00
3.4094e-05
0.0000e+00
3.3855e-05
0.0000e+00
3.3140e-05
0.0000e+00
3.2902e-05
0.0000e+00
3.4094e-05
0.0000e+00
3.3855e-05
0.0000e+00
3.4094e-05
0.0000e+00
3.6001e-05
0.0000e+00
3.3140e-05
0.0000e+00
3.2902e-05
0.0000e+00
3.2902e-05
0.0000e+00
3.2902e-05
0.0000e+00
3.4094e-05
0.0000e+00
3.2902e-05
0.0000e+00
9.1076e-05
0.0000e+00
3.2902e-05
0.0000e+00
3.3140e-05
0.0000e+00
3.2902e-05
0.0000e+00
3.3140e-05
0.0000e+00
3.1948e-05
0.0000e+00
3.2902e-05
0.0000e+00
3.2902e-05
0.0000e+00
3.7909e-05
0.0000e+00
3.3140e-05
0.0000e+00
3.2902e-05
0.0000e+00
3.2902e-05
0.0000e+00
3.2902e-05
0.0000e+00
3.3140e-05
0.0000e+00
3.4094e-05
0.0000e+00
9.2030e-05
0.0000e+00
3.4094e-05
0.0000e+00
3.2902e-05
0.0000e+00
3.3140e-05
0.0000e+00
3.3855e-05
0.0000e+00
3.3140e-05
0.0000e+00
3.3855e-05
0.0000e+00
3.3140e-05
0.0000e+00
3.5048e-05
0.0000e+00
3.2902e-05
0.0000e+00
3.3140e-05
0.0000e+00
3.2902e-05
0.0000e+00
3.4094e-05
0.0000e+00
3.2902e-05
0.0000e+00
3.3140e-05
0.0000e+00
8.4877e-05
0.0000e+00
3.6955e-05
0.0000e+00
3.2902e-05
0.0000e+00
3.3140e-05
0.0000e+00
3.2902e-05
0.0000e+00
3.3140e-05
0.0000e+00
3.2902e-05
0.0000e+00
3.3140e-05
0.0000e+00
9.2983e-05
0.0000e+00
3.2902e-05
0.0000e+00
3.3140e-05
0.0000e+00
3.2902e-05
0.0000e+00
3.2902e-05
0.0000e+00
3.1948e-05
0.0000e+00
3.2902e-05
0.0000e+00
3.3855e-05
0.0000e+00
3.6955e-05
0.0000e+00
3.2902e-05
0.0000e+00
3.4094e-05
0.0000e+00
3.2902e-05
0.0000e+00
3.3140e-05
0.0000e+00
3.2902e-05
0.0000e+00
3.3140e-05
0.0000e+00
8.9884e-05
0.0000e+00
3.4094e-05
0.0000e+00
3.4094e-05
0.0000e+00
3.3140e-05
0.0000e+00
3.2902e-05
0.0000e+00
3.3140e-05
0.0000e+00
3.2902e-05
0.0000e+00
3.2187e-05
0.0000e+00
3.6955e-05
0.0000e+00
3.2902e-05
0.0000e+00
3.3140e-05
0.0000e+00
3.2902e-05
0.0000e+00
3.3140e-05
0.0000e+00
3.2902e-05
0.0000e+00
3.3140e-05
0.0000e+00
7.7963e-05
0.0000e+00
3.2902e-05
0.0000e+00
3.3140e-05
0.0000e+00
3.1948e-05
0.0000e+00
3.3140e-05
0.0000e+00
3.3140e-05
0.0000e+00
3.2902e-05
0.0000e+00
3.3140e-05
0.0000e+00
3.5048e-05
0.0000e+00
3.2902e-05
0.0000e+00
3.2187e-05
0.0000e+00
3.2902e-05
0.0000e+00
3.3140e-05
0.0000e+00
3.2902e-05
0.0000e+00
3.2902e-05
0.0000e+00
7.7009e-05
0.0000e+00
3.2902e-05
0.0000e+00
3.1948e-05
0.0000e+00
3.5048e-05
0.0000e+00
3.2902e-05
0.0000e+00
3.3140e-05
0.0000e+00
3.2902e-05
0.0000e+00
1.8690e-03
0.0000e+00
3.6001e-05
0.0000e+00
3.1948e-05
0.0000e+00
3.5048e-05
0.0000e+00
3.2902e-05
0.0000e+00
3.2902e-05
0.0000e+00
3.3140e-05
0.0000e+00
3.1948e-05
0.0000e+00
9.2030e-05
0.0000e+00
3.3855e-05
0.0000e+00
3.3140e-05
0.0000e+00
3.1948e-05
0.0000e+00
3.1948e-05
0.0000e+00
3.2187e-05
0.0000e+00
3.1948e-05
0.0000e+00
3.2902e-05
0.0000e+00
3.4094e-05
0.0000e+00
3.1948e-05
0.0000e+00
3.2187e-05
0.0000e+00
3.2902e-05
0.0000e+00
3.1948e-05
0.0000e+00
3.2187e-05
0.0000e+00
3.2902e-05
0.0000e+00
8.8930e-05
0.0000e+00
3.1948e-05
0.0000e+00
3.2187e-05
0.0000e+00
3.1948e-05
0.0000e+00
3.1948e-05
0.0000e+00
3.3140e-05
0.0000e+00
3.3140e-05
0.0000e+00
3.1948e-05
0.0000e+00
3.6001e-05
0.0000e+00
3.1948e-05
0.0000e+00
3.1948e-05
0.0000e+00
3.1948e-05
0.0000e+00
3.1948e-05
0.0000e+00
3.1948e-05
0.0000e+00
3.3140e-05
0.0000e+00
7.7963e-05
0.0000e+00
3.2902e-05
0.0000e+00
3.2187e-05
0.0000e+00
3.2902e-05
0.0000e+00
3.1948e-05
0.0000e+00
3.2187e-05
0.0000e+00
3.2187e-05
0.0000e+00
3.1948e-05
0.0000e+00
3.5048e-05
0.0000e+00
3.1948e-05
0.0000e+00
3.3140e-05
0.0000e+00
3.1948e-05
0.0000e+00
3.1948e-05
0.0000e+00
3.2187e-05
0.0000e+00
3.1948e-05
0.0000e+00
7.7009e-05
0.0000e+00
3.4094e-05
0.0000e+00
3.1948e-05
0.0000e+00
3.2902e-05
0.0000e+00
3.3140e-05
0.0000e+00
3.1948e-05
0.0000e+00
3.1948e-05
0.0000e+00
3.3140e-05
0.0000e+00
8.2970e-05
0.0000e+00
3.1948e-05
0.0000e+00
3.2187e-05
0.0000e+00
3.1948e-05
0.0000e+00
3.1948e-05
0.0000e+00
3.2187e-05
0.0000e+00
3.1948e-05
0.0000e+00
3.1948e-05
0.0000e+00
3.5048e-05
0.0000e+00
3.1948e-05
0.0000e+00
3.1948e-05
0.0000e+00
3.1948e-05
0.0000e+00
3.3140e-05
0.0000e+00
3.2902e-05
0.0000e+00
1.1359e-01
0.0000e+00
8.6069e-05
0.0000e+00
3.3855e-05
0.0000e+00
3.3140e-05
0.0000e+00
3.1948e-05
0.0000e+00
3.1948e-05
0.0000e+00
3.2902e-05
0.0000e+00
3.1948e-05
0.0000e+00
3.2187e-05
0.0000e+00
3.5048e-05
0.0000e+00
3.2902e-05
0.0000e+00
3.1948e-05
0.0000e+00
3.3140e-05
0.0000e+00
3.2902e-05
0.0000e+00
3.2187e-05
0.0000e+00
3.2902e-05
0.0000e+00
3.1948e-05
0.0000e+00
3.4809e-05
0.0000e+00
3.3140e-05
0.0000e+00
3.1948e-05
0.0000e+00
3.2902e-05
0.0000e+00
3.3140e-05
0.0000e+00
3.2902e-05
0.0000e+00
3.3140e-05
0.0000e+00
7.6056e-05
0.0000e+00
3.3140e-05
0.0000e+00
3.1948e-05
0.0000e+00
3.2902e-05
0.0000e+00
3.1948e-05
0.0000e+00
3.3140e-05
0.0000e+00
3.2902e-05
0.0000e+00
3.1948e-05
0.0000e+00
3.4809e-05
0.0000e+00
3.3140e-05
0.0000e+00
3.2902e-05
0.0000e+00
3.1948e-05
0.0000e+00
3.3140e-05
0.0000e+00
3.1948e-05
0.0000e+00
1.1301e-04
0.0000e+00
9.7036e-05
0.0000e+00
3.4094e-05
0.0000e+00
3.1948e-05
0.0000e+00
3.2187e-05
0.0000e+00
3.2902e-05
0.0000e+00
3.1948e-05
0.0000e+00
3.1948e-05
0.0000e+00
3.2902e-05
0.0000e+00
7.7009e-05
0.0000e+00
3.2902e-05
0.0000e+00
3.3140e-05
0.0000e+00
3.2902e-05
0.0000e+00
3.1948e-05
0.0000e+00
3.3140e-05
0.0000e+00
3.2902e-05
0.0000e+00
3.1948e-05
0.0000e+00
3.5048e-05
0.0000e+00
3.3140e-05
0.0000e+00
3.2902e-05
0.0000e+00
3.1948e-05
0.0000e+00
3.2187e-05
0.0000e+00
3.2902e-05
0.0000e+00
3.2902e-05
0.0000e+00
7.7009e-05
0.0000e+00
3.3140e-05
0.0000e+00
3.2902e-05
0.0000e+00
3.1948e-05
0.0000e+00
3.2187e-05
0.0000e+00
3.1948e-05
0.0000e+00
3.1948e-05
0.0000e+00
3.3140e-05
0.0000e+00
3.5048e-05
0.0000e+00
3.1948e-05
0.0000e+00
3.1948e-05
0.0000e+00
3.1948e-05
0.0000e+00
3.2902e-05
0.0000e+00
3.6001e-05
0.0000e+00
3.3140e-05
0.0000e+00
7.8917e-05
0.0000e+00
3.5048e-05
0.0000e+00
3.3140e-05
0.0000e+00
3.1948e-05
0.0000e+00
3.1948e-05
0.0000e+00
3.3140e-05
0.0000e+00
3.1948e-05
0.0000e+00
3.1948e-05
0.0000e+00
7.7009e-05
0.0000e+00
3.3140e-05
0.0000e+00
3.2902e-05
0.0000e+00
3.3140e-05
0.0000e+00
3.2902e-05
0.0000e+00
3.1948e-05
0.0000e+00
3.3140e-05
0.0000e+00
3.2902e-05
0.0000e+00
3.5048e-05
0.0000e+00
3.3140e-05
0.0000e+00
3.2902e-05
0.0000e+00
4.1795e-04
0.0000e+00
3.4094e-05
0.0000e+00
3.2902e-05
0.0000e+00
3.3140e-05
0.0000e+00
8.6784e-05
0.0000e+00
3.3855e-05
0.0000e+00
3.3140e-05
0.0000e+00
3.8862e-05
0.0000e+00
3.6955e-05
0.0000e+00
3.3140e-05
0.0000e+00
3.1948e-05
0.0000e+00
3.6001e-05
0.0000e+00
4.0054e-05
0.0000e+00
3.2902e-05
0.0000e+00
3.2187e-05
0.0000e+00
3.1948e-05
0.0000e+00
3.1948e-05
0.0000e+00
3.6955e-05
0.0000e+00
3.1948e-05
0.0000e+00
8.4877e-05
0.0000e+00
3.3855e-05
0.0000e+00
3.2187e-05
0.0000e+00
3.1948e-05
0.0000e+00
3.4094e-05
0.0000e+00
3.2902e-05
0.0000e+00
3.3140e-05
0.0000e+00
3.2902e-05
0.0000e+00
3.4809e-05
0.0000e+00
3.2187e-05
0.0000e+00
3.2902e-05
0.0000e+00
3.1948e-05
0.0000e+00
3.1948e-05
0.0000e+00
3.2902e-05
0.0000e+00
3.2902e-05
0.0000e+00
7.5102e-05
0.0000e+00
3.5048e-05
0.0000e+00
3.1948e-05
0.0000e+00
3.2187e-05
0.0000e+00
3.1948e-05
0.0000e+00
3.2902e-05
0.0000e+00
3.1948e-05
0.0000e+00
3.1948e-05
0.0000e+00
7.7963e-05
0.0000e+00
3.2902e-05
0.0000e+00
3.2902e-05
0.0000e+00
3.1948e-05
0.0000e+00
3.2187e-05
0.0000e+00
3.1948e-05
0.0000e+00
3.2902e-05
0.0000e+00
3.1948e-05
0.0000e+00
3.5048e-05
0.0000e+00
3.2902e-05
0.0000e+00
3.9101e-05
0.0000e+00
3.3140e-05
0.0000e+00
3.1948e-05
0.0000e+00
3.1948e-05
0.0000e+00
3.3140e-05
0.0000e+00
7.7963e-05
0.0000e+00
3.2902e-05
0.0000e+00
3.3140e-05
0.0000e+00
3.1948e-05
0.0000e+00
3.2187e-05
0.0000e+00
3.2902e-05
0.0000e+00
3.1948e-05
0.0000e+00
3.2187e-05
0.0000e+00
3.5048e-05
0.0000e+00
3.2902e-05
0.0000e+00
3.3140e-05
0.0000e+00
3.1948e-05
0.0000e+00
3.1948e-05
0.0000e+00
3.3140e-05
0.0000e+00
3.2902e-05
0.0000e+00
3.9005e-04
0.0000e+00
3.5048e-05
0.0000e+00
3.2902e-05
0.0000e+00
3.2902e-05
0.0000e+00
3.3140e-05
0.0000e+00
3.1948e-05
0.0000e+00
3.1948e-05
0.0000e+00
8.4305e-04
0.0000e+00
3.7909e-05
7.5198e-01
