3.0000e+00	3.0000e+00	3.4411e+00	2.9632e+00	5.295944e-06	2.133875e-01	1.964128e-05	2.133875e-01	2.696333e-01	5.729916e-01	0	
3.0000e+00	3.0000e+00	3.4447e+00	1.9193e+00	6.687679e-05	8.556215e-02	1.964128e-05	8.556215e-02	3.404910e+00	4.726838e-01	1	
3.4447e+00	1.9193e+00	3.5182e+00	2.9572e+00	4.121937e-06	1.067376e-01	6.687679e-05	1.067376e-01	6.163479e-02	8.749988e-01	0	
3.4447e+00	1.9193e+00									2
2.9312e+00	1.1723e+00	1.2407e+00	4.0284e-01	6.796716e-02	1.679361e-02	1.090579e-03	1.679361e-02	6.232212e+01	3.070429e-01	1	
1.2407e+00	4.0284e-01	2.2083e+00	8.8161e-01	9.420657e-03	1.000484e-01	6.796716e-02	1.000484e-01	1.386060e-01	1.272804e-01	1	
2.2083e+00	8.8161e-01	2.4647e+00	2.2192e+00	6.505002e-04	5.838054e-02	9.420657e-03	5.838054e-02	6.905041e-02	3.608793e-01	0	
2.2083e+00	8.8161e-01	2.8045e+00	4.6393e-01	2.800010e-03	1.643806e-01	9.420657e-03	1.643806e-01	2.972202e-01	9.499292e-01	0	
2.2083e+00	8.8161e-01	1.4978e+00	1.5552e-01	5.121942e-02	1.110350e-01	9.420657e-03	1.110350e-01	5.436927e+00	5.262627e-01	1	
1.4978e+00	1.5552e-01	1.6996e+00	1.5731e-01	3.708402e-02	2.408900e-01	5.121942e-02	2.408900e-01	7.240227e-01	5.525511e-01	1	
1.6996e+00	1.5731e-01									0.6000
