2.3310e-02
1.0432e-02
1.0204e-04
2.2944e-02
1.0109e-04
6.0081e-05
3.6001e-05
6.3312e-02
4.7922e-05
3.5484e-02
3.0994e-06
4.0531e-06
4.2200e-05
0.0000e+00
6.4850e-05
3.0274e-02
1.9073e-06
3.0496e-02
2.1458e-06
4.0531e-06
4.3154e-05
1.1921e-06
3.3855e-05
3.3928e-02
3.0994e-06
1.3377e-02
3.0994e-06
6.9141e-06
5.1022e-05
9.5367e-07
3.4094e-05
0.0000e+00
3.2902e-05
2.0830e-02
3.0589e-04
1.0923e-02
3.1900e-04
5.0068e-06
9.0837e-05
2.0432e-02
2.8610e-06
2.8610e-06
8.9884e-05
2.1458e-06
3.4809e-05
3.4216e-02
5.3883e-05
5.9605e-06
3.2902e-05
1.0732e-02
5.3167e-05
1.0139e-02
6.1181e-03
1.0240e-02
4.5061e-05
1.1050e-02
2.8610e-06
5.0068e-06
4.4823e-05
4.0447e-02
3.0994e-06
7.8809e-03
4.8161e-05
5.9605e-06
5.6028e-05
9.8791e-03
2.8610e-06
1.5371e-03
2.8610e-06
3.0994e-06
4.2915e-05
2.7092e-03
2.8610e-06
1.2247e-02
3.0994e-06
5.9605e-06
4.9114e-05
9.5367e-07
3.5048e-05
5.3651e-03
2.8610e-06
1.9073e-06
4.1962e-05
1.1921e-06
3.2902e-05
0.0000e+00
3.3140e-05
1.6963e-02
4.7922e-05
3.2811e-03
3.0994e-06
2.1458e-06
4.1962e-05
9.5367e-07
3.4094e-05
9.7179e-04
2.8610e-06
1.1921e-06
3.6955e-05
4.9305e-04
4.1008e-05
6.9809e-04
3.9816e-05
5.4407e-04
3.8862e-05
5.9509e-04
3.0994e-06
9.5367e-07
1.0204e-04
2.1458e-06
3.3855e-05
0.0000e+00
3.2902e-05
3.6907e-04
2.1458e-06
1.9073e-06
3.8147e-05
5.1010e-03
5.0068e-05
2.1651e-03
3.0994e-06
2.0080e-03
2.1458e-06
3.0994e-06
4.2915e-05
9.5367e-07
9.2030e-05
2.1458e-06
3.6001e-05
0.0000e+00
3.2902e-05
2.8322e-03
3.0994e-06
9.7799e-04
1.9073e-06
1.9073e-06
4.2915e-05
1.1921e-06
3.3855e-05
1.1921e-06
3.2902e-05
9.5367e-07
3.4094e-05
1.7021e-03
1.9073e-06
1.3399e-04
1.9073e-06
9.5367e-07
3.9816e-05
0.0000e+00
3.3855e-05
1.1921e-06
3.2902e-05
0.0000e+00
3.1948e-05
1.3390e-03
3.9101e-05
6.9284e-04
3.8862e-05
5.6410e-04
2.8610e-06
1.1921e-06
8.8930e-05
3.1710e-04
3.0994e-06
9.5367e-07
3.6955e-05
1.9372e-03
2.8610e-06
3.0994e-06
4.2915e-05
5.7998e-03
4.5061e-05
3.0994e-06
3.3855e-05
9.9301e-04
3.8862e-05
6.6209e-04
4.1962e-05
8.7595e-04
5.4121e-05
4.4394e-04
3.0994e-06
1.9002e-04
3.0994e-06
2.1458e-06
3.8862e-05
4.7016e-04
3.7909e-05
9.5367e-07
3.4094e-05
4.6158e-03
2.1458e-06
1.9073e-06
4.3154e-05
1.2310e-03
1.9073e-06
5.0306e-04
2.1458e-06
9.5367e-07
3.9101e-05
3.0088e-04
3.0994e-06
9.5367e-07
3.8147e-05
1.1921e-06
3.2902e-05
9.5367e-07
4.9114e-05
1.2639e-03
4.1008e-05
5.4693e-04
2.8610e-06
1.1921e-06
3.7909e-05
2.1601e-04
3.7909e-05
1.1661e-03
3.0994e-06
1.9073e-06
4.0054e-05
0.0000e+00
3.4094e-05
9.5367e-07
3.3140e-05
4.9496e-04
2.1458e-06
1.9073e-06
3.8147e-05
2.0442e-03
1.9073e-06
3.0994e-06
4.1008e-05
9.5367e-07
3.4094e-05
6.6686e-04
9.0837e-05
1.9073e-06
3.5048e-05
2.1110e-03
2.8610e-06
2.1458e-06
4.0054e-05
6.5804e-04
1.9073e-06
9.5367e-07
3.8862e-05
9.5367e-07
3.3855e-05
1.0982e-03
4.1008e-05
2.8610e-06
3.4094e-05
1.7190e-04
1.0586e-04
6.5994e-04
3.9101e-05
1.1370e-03
3.0994e-06
1.9073e-06
4.1008e-05
9.5367e-07
3.4094e-05
1.4532e-03
2.8610e-06
1.9073e-06
3.9101e-05
1.4009e-03
2.8610e-06
1.9073e-06
4.0054e-05
1.2939e-03
1.1206e-04
1.9073e-06
3.4809e-05
1.1921e-06
3.3855e-05
0.0000e+00
3.3855e-05
9.5367e-07
3.4094e-05
0.0000e+00
3.2902e-05
1.7250e-03
2.1458e-06
9.5367e-07
4.1008e-05
0.0000e+00
9.9182e-05
4.9090e-04
3.8147e-05
1.5171e-03
4.1008e-05
3.5214e-04
4.0054e-05
3.4213e-04
3.7909e-05
1.0350e-03
2.1458e-06
1.9073e-06
3.9101e-05
9.5367e-07
3.4094e-05
0.0000e+00
9.3937e-05
7.3719e-04
4.0054e-05
4.7112e-04
3.7909e-05
7.7701e-04
1.9073e-06
6.2799e-04
3.0994e-06
1.9073e-06
4.0054e-05
2.1279e-03
1.9073e-06
1.9073e-06
4.0054e-05
8.1801e-04
3.0994e-06
1.9073e-06
3.9101e-05
0.0000e+00
9.0122e-05
9.5367e-07
3.4094e-05
9.5367e-07
3.2902e-05
1.4601e-03
2.1458e-06
1.9073e-06
4.0054e-05
9.5367e-07
3.3140e-05
1.1439e-03
2.1458e-06
9.5367e-07
3.9101e-05
1.3590e-04
3.6955e-05
7.1788e-04
1.9073e-06
1.1921e-06
3.6955e-05
4.3607e-04
3.9101e-05
4.5204e-04
3.6955e-05
4.4489e-04
3.8862e-05
6.0821e-04
3.8147e-05
1.9073e-06
3.4094e-05
2.7080e-03
1.9073e-06
4.9996e-04
1.9073e-06
4.6802e-04
2.1458e-06
1.0705e-04
2.1458e-06
9.5367e-07
4.1008e-05
9.5367e-07
3.4094e-05
1.7869e-03
1.9073e-06
2.1458e-06
4.2915e-05
1.3320e-03
3.8862e-05
7.3695e-04
3.7909e-05
2.1458e-06
3.2902e-05
6.7902e-04
1.5593e-04
3.0994e-06
3.5048e-05
7.3750e-03
3.0994e-06
5.9605e-06
5.0068e-05
9.5367e-07
3.4094e-05
3.7813e-04
1.9073e-06
1.8950e-03
1.9073e-06
1.0419e-03
1.9073e-06
1.9073e-06
4.1008e-05
1.1921e-06
3.3855e-05
6.2799e-04
2.1458e-06
9.5367e-07
3.6955e-05
9.5367e-07
3.2902e-05
7.0095e-04
4.1962e-05
6.5804e-04
3.7909e-05
3.6597e-04
1.9073e-06
1.1921e-06
3.7909e-05
1.5960e-03
2.8610e-06
2.4199e-04
1.9073e-06
9.5367e-07
1.0610e-04
1.3359e-03
2.8610e-06
1.2131e-03
2.1458e-06
3.0994e-06
4.1962e-05
0.0000e+00
3.4094e-05
1.3399e-03
2.1458e-06
1.8191e-04
1.9073e-06
2.4199e-04
1.9073e-06
3.3808e-04
1.9073e-06
1.9073e-06
3.9101e-05
9.5367e-07
3.4094e-05
3.6440e-03
1.9073e-06
2.8610e-06
4.1962e-05
0.0000e+00
3.3855e-05
9.5367e-07
3.4094e-05
9.5367e-07
3.3140e-05
2.7239e-03
4.6015e-05
1.9073e-06
3.4094e-05
9.5367e-07
3.4094e-05
1.0459e-03
9.1791e-05
7.3218e-04
3.7909e-05
1.1921e-06
3.2902e-05
1.5402e-03
3.0994e-06
5.9795e-04
2.1458e-06
0.0000e+00
4.1008e-05
9.5367e-07
3.3140e-05
1.6639e-03
1.9073e-06
2.1458e-06
4.7922e-05
9.5367e-07
8.6069e-05
9.5367e-07
3.3855e-05
5.1270e-03
1.9073e-06
5.9915e-04
2.1458e-06
1.9073e-06
4.3154e-05
0.0000e+00
3.4094e-05
1.5140e-03
4.2915e-05
1.9073e-06
3.4094e-05
9.5367e-07
3.5048e-05
2.1458e-06
3.6001e-05
1.1220e-03
3.8862e-05
3.0994e-06
3.4809e-05
5.1689e-04
3.7193e-05
1.8430e-03
3.9101e-05
2.1458e-06
3.3855e-05
1.3380e-03
3.8862e-05
6.5708e-04
3.7193e-05
7.8607e-04
2.1458e-06
1.9073e-06
3.6001e-05
4.4608e-04
2.1458e-06
9.5367e-07
3.6001e-05
1.4050e-03
1.9073e-06
2.1458e-06
3.6955e-05
0.0000e+00
3.3140e-05
8.2397e-04
3.0994e-06
1.4782e-04
2.8610e-06
0.0000e+00
3.7193e-05
3.2902e-04
3.6955e-05
9.5367e-07
3.4094e-05
9.5367e-07
3.2902e-05
2.1780e-03
1.6212e-04
5.2094e-04
3.7193e-05
9.5367e-07
3.3140e-05
4.4799e-04
3.8147e-05
7.6199e-04
9.4175e-05
3.1495e-04
3.6955e-05
3.5882e-04
4.1962e-05
1.2591e-03
3.0994e-06
9.5367e-07
3.9101e-05
4.3988e-04
1.9073e-06
1.1921e-06
3.6001e-05
9.5367e-07
3.4094e-05
9.5367e-07
3.3855e-05
3.7384e-04
3.6955e-05
5.0688e-04
3.6955e-05
6.3109e-04
3.6955e-05
2.6798e-04
3.6001e-05
1.5950e-03
3.8862e-05
5.5718e-04
1.9073e-06
5.3787e-04
3.7909e-05
1.9073e-06
3.4094e-05
6.3992e-04
1.9073e-06
1.0788e-03
4.0054e-05
1.9073e-06
3.3140e-05
0.0000e+00
3.3140e-05
9.5367e-07
3.3855e-05
0.0000e+00
3.2902e-05
1.5640e-03
3.0994e-06
1.1921e-06
3.6001e-05
3.5405e-04
3.7193e-05
2.1458e-06
3.6001e-05
1.9119e-03
2.1458e-06
3.1400e-04
2.1458e-06
9.5367e-07
3.8147e-05
3.3689e-04
1.9073e-06
4.8304e-04
1.9073e-06
1.1921e-06
3.6955e-05
4.0007e-04
3.6955e-05
2.1458e-06
3.3855e-05
7.1812e-04
9.0122e-05
1.9073e-06
3.4094e-05
0.0000e+00
3.2902e-05
1.2239e-02
4.4107e-05
3.0994e-06
3.4094e-05
1.1921e-06
3.2902e-05
2.8751e-03
4.1962e-05
2.8610e-06
3.3855e-05
1.9073e-06
3.6001e-05
9.5367e-07
3.3140e-05
0.0000e+00
3.1948e-05
1.0153e-02
1.9073e-06
2.1458e-06
4.2915e-05
1.9813e-04
4.1008e-05
1.9073e-06
3.4094e-05
1.1671e-03
4.0054e-05
6.0296e-04
1.1802e-04
3.6097e-04
3.8147e-05
5.5385e-04
3.6955e-05
2.3549e-03
3.8147e-05
1.9073e-06
3.4094e-05
1.4100e-03
1.9073e-06
2.1458e-06
3.8862e-05
3.9601e-04
3.6001e-05
2.5239e-03
1.9073e-06
4.8995e-04
3.0994e-06
1.9073e-06
4.0054e-05
0.0000e+00
3.4094e-05
9.5367e-07
3.2902e-05
9.1720e-04
3.9101e-05
1.9073e-06
3.3140e-05
2.4140e-03
3.9101e-05
9.5367e-07
3.3140e-05
1.1921e-06
3.5048e-05
9.5367e-07
3.2902e-05
7.4792e-04
3.9101e-05
1.9073e-06
3.4094e-05
9.0790e-04
3.6001e-05
1.3649e-03
3.6955e-05
1.4081e-03
2.8610e-06
1.9073e-06
4.3154e-05
5.4598e-04
3.8862e-05
3.1996e-04
3.7909e-05
1.1921e-06
3.2902e-05
8.0991e-04
3.6955e-05
4.1413e-04
3.6955e-05
4.1413e-04
3.6955e-05
5.7316e-04
3.5048e-05
1.7500e-04
1.9073e-06
1.9073e-06
3.7193e-05
9.0003e-04
4.0054e-05
1.9073e-06
3.4094e-05
4.1008e-04
3.6955e-05
5.6071e-03
4.4107e-05
2.8610e-06
3.3855e-05
9.5367e-07
3.4094e-05
2.6250e-03
4.1008e-05
3.0994e-06
3.6955e-05
9.5367e-07
3.4094e-05
9.5367e-07
3.4094e-05
4.2582e-04
1.9073e-06
1.3978e-03
2.8610e-06
1.1921e-06
3.8862e-05
1.1921e-06
6.3896e-05
1.1921e-06
3.4809e-05
0.0000e+00
8.7976e-05
1.5519e-03
4.1008e-05
2.1458e-06
3.3855e-05
5.5814e-04
3.7909e-05
9.5367e-07
3.2902e-05
6.9308e-04
3.7909e-05
4.4799e-04
3.6955e-05
9.5367e-07
3.2902e-05
9.5367e-07
3.5048e-05
7.4983e-04
3.7909e-05
2.1458e-06
3.2902e-05
2.1591e-03
3.9101e-05
7.0906e-04
4.0054e-05
1.9073e-06
3.4094e-05
9.5367e-07
3.3855e-05
4.0603e-04
9.0837e-05
2.1458e-06
5.7936e-05
8.1611e-04
3.8147e-05
3.3617e-04
2.1458e-06
1.5283e-04
3.0994e-06
5.8103e-04
3.8862e-05
3.0112e-04
2.1458e-06
9.5367e-07
3.6001e-05
9.5367e-07
3.3140e-05
7.1692e-04
9.0122e-05
3.0994e-06
3.6001e-05
9.5367e-07
3.2902e-05
0.0000e+00
3.2902e-05
0.0000e+00
3.3140e-05
3.6471e-03
4.5061e-05
1.0490e-04
3.6001e-05
6.4707e-04
1.9073e-06
2.2731e-03
2.1458e-06
5.9605e-06
1.7214e-04
1.9073e-06
3.3855e-05
3.7041e-03
3.0994e-06
1.9073e-06
4.2915e-05
9.5367e-07
3.3140e-05
0.0000e+00
3.3140e-05
5.9485e-04
1.9073e-06
2.9397e-04
2.8610e-06
5.4121e-05
2.8610e-06
2.1458e-06
3.6955e-05
9.5129e-05
2.1458e-06
9.5367e-07
3.6001e-05
4.1890e-04
1.9073e-06
9.5367e-07
3.6001e-05
1.9073e-06
4.0054e-05
1.2200e-03
2.1458e-06
9.5367e-07
3.6955e-05
1.1921e-06
3.3855e-05
0.0000e+00
3.2902e-05
7.9703e-04
9.2030e-05
4.8995e-04
3.6001e-05
1.9073e-06
3.4094e-05
5.3096e-04
3.7909e-05
6.0010e-04
3.6955e-05
1.9073e-06
3.4094e-05
3.1660e-03
2.1458e-06
3.0994e-06
4.1008e-05
0.0000e+00
8.4877e-05
1.1921e-06
3.2902e-05
0.0000e+00
3.3140e-05
0.0000e+00
3.3140e-05
0.0000e+00
3.2902e-05
9.3818e-04
1.9073e-06
9.5367e-07
3.7909e-05
9.5367e-07
3.4094e-05
9.5367e-07
8.3923e-05
3.0184e-04
1.9073e-06
1.1921e-06
3.6001e-05
1.9119e-03
2.8610e-06
5.8174e-05
2.1458e-06
4.6420e-04
1.9073e-06
9.5367e-07
3.7909e-05
1.6809e-04
2.1458e-06
9.5367e-07
3.6001e-05
9.5367e-07
3.3140e-05
4.3893e-04
2.1458e-06
9.5367e-07
8.5115e-05
2.8610e-06
3.4094e-05
8.2397e-04
3.0994e-06
9.5367e-07
3.8862e-05
9.5367e-07
3.3140e-05
6.8030e-03
2.8610e-06
1.1921e-06
4.1962e-05
9.5367e-07
3.5048e-05
9.5367e-07
3.4094e-05
1.1921e-06
3.6001e-05
9.5367e-07
3.2902e-05
9.5367e-07
3.3140e-05
9.5367e-07
3.2902e-05
4.3740e-03
5.9128e-05
5.5385e-04
3.7909e-05
2.1458e-06
6.0081e-05
3.3784e-04
1.9073e-06
1.9073e-06
3.8147e-05
8.2994e-04
3.7193e-05
6.9380e-04
3.6955e-05
3.9411e-04
3.6955e-05
2.1315e-04
3.6001e-05
1.2100e-03
2.8610e-06
0.0000e+00
3.6955e-05
0.0000e+00
3.4094e-05
1.3239e-03
3.0994e-06
1.9073e-06
3.9101e-05
9.5367e-07
3.3140e-05
9.5367e-07
3.2902e-05
1.1921e-06
3.2902e-05
9.5367e-07
3.2187e-05
4.7302e-04
3.7909e-05
2.1458e-06
3.3855e-05
2.3007e-04
1.6379e-04
1.9073e-06
3.4094e-05
9.5367e-07
3.2902e-05
1.2681e-03
3.9101e-05
1.1840e-03
2.1458e-06
1.9073e-06
3.8147e-05
9.5367e-07
3.4094e-05
4.4298e-04
2.1458e-06
1.9073e-06
3.6955e-05
1.9073e-06
3.6001e-05
0.0000e+00
3.3140e-05
7.1788e-04
3.6955e-05
1.9073e-06
3.2902e-05
9.5367e-07
3.3140e-05
3.1629e-03
4.2915e-05
2.8610e-06
3.4094e-05
0.0000e+00
3.3140e-05
9.5367e-07
3.5048e-05
0.0000e+00
3.3140e-05
9.5367e-07
3.4094e-05
9.5367e-07
3.2902e-05
9.5367e-07
3.3140e-05
1.3568e-03
1.9073e-06
6.7306e-04
1.9073e-06
5.9605e-06
8.5115e-05
2.2247e-02
2.1458e-06
5.0068e-06
9.7036e-05
9.5367e-07
3.3140e-05
1.9413e-02
2.8610e-06
5.9605e-06
4.8876e-05
5.7461e-03
4.2915e-05
3.0994e-06
3.5048e-05
8.9097e-04
3.8147e-05
1.0970e-03
3.9101e-05
4.2892e-04
3.6955e-05
2.1815e-04
3.5048e-05
9.5367e-07
3.3140e-05
9.5367e-07
3.1948e-05
4.7898e-04
3.6001e-05
9.5367e-07
3.1948e-05
0.0000e+00
3.3140e-05
1.4238e-03
1.9073e-06
2.1458e-06
9.5844e-05
2.1458e-06
3.3855e-05
8.5306e-04
3.7909e-05
1.9073e-06
3.2902e-05
2.7211e-03
3.8147e-05
1.9073e-06
3.3140e-05
9.5367e-07
3.3140e-05
1.1921e-06
3.1948e-05
9.5367e-07
3.4809e-05
6.4611e-04
3.8147e-05
1.4029e-03
1.9073e-06
9.5367e-07
3.7193e-05
9.5367e-07
3.3855e-05
7.1716e-04
1.9073e-06
2.8610e-06
3.8147e-05
7.1883e-04
2.8610e-06
9.5367e-07
3.9101e-05
1.9073e-06
3.6001e-05
7.8893e-04
3.9101e-05
9.7990e-04
3.8862e-05
2.1458e-06
3.3855e-05
1.1921e-06
3.2902e-05
2.0559e-03
2.8610e-06
9.5367e-07
3.7909e-05
1.1921e-06
3.3855e-05
7.3600e-04
3.0994e-06
9.5367e-07
3.6955e-05
3.4499e-04
3.6955e-05
2.5105e-04
3.6001e-05
9.5367e-07
3.4094e-05
9.5367e-07
3.2902e-05
1.5092e-03
3.6955e-05
2.1458e-06
3.2902e-05
1.9073e-06
3.6001e-05
9.5367e-07
3.3140e-05
9.5367e-07
3.6955e-05
1.1921e-06
3.2902e-05
2.3019e-03
4.1008e-05
3.4499e-04
6.9141e-05
5.4979e-04
2.1458e-06
9.5367e-07
3.6955e-05
6.8784e-04
4.0054e-05
1.9073e-06
3.4094e-05
4.0507e-04
3.6001e-05
1.6592e-03
4.1008e-05
1.9073e-06
3.3855e-05
1.1921e-06
3.3855e-05
1.0560e-03
3.0994e-06
0.0000e+00
3.7193e-05
1.1921e-06
3.6001e-05
2.9087e-04
1.9073e-06
1.1921e-06
3.6001e-05
7.0095e-04
3.6955e-05
4.2319e-04
3.6001e-05
2.1458e-06
3.2902e-05
1.0059e-03
3.7909e-05
4.3297e-04
2.1458e-06
7.2193e-04
3.8862e-05
1.9073e-06
3.6001e-05
9.5367e-07
3.3140e-05
0.0000e+00
3.2902e-05
6.6781e-04
2.1458e-06
1.9073e-06
3.9101e-05
0.0000e+00
3.2902e-05
9.9516e-04
3.8147e-05
8.3899e-04
3.7909e-05
1.1992e-04
3.6955e-05
2.6608e-04
3.6955e-05
6.7806e-04
3.6955e-05
9.3389e-04
3.7909e-05
1.1921e-06
3.2902e-05
3.0994e-04
3.6001e-05
2.3007e-04
4.0054e-05
1.9073e-06
2.7680e-04
8.0681e-04
3.9101e-05
3.1614e-04
3.6001e-05
9.5367e-07
3.2902e-05
4.9400e-04
3.6955e-05
2.2697e-04
3.6955e-05
1.7710e-03
2.8610e-06
2.1458e-06
4.1962e-05
9.5367e-07
1.4114e-04
1.9073e-06
3.4094e-05
1.3978e-03
2.8610e-06
1.9073e-06
3.7909e-05
6.6614e-04
3.8147e-05
3.6097e-04
3.0994e-06
1.9073e-06
7.7963e-05
2.3198e-04
3.0994e-06
0.0000e+00
3.6001e-05
4.6706e-04
8.6069e-05
5.7006e-04
3.7193e-05
1.9073e-06
3.2902e-05
2.1071e-03
4.3154e-05
1.4911e-03
3.0994e-06
2.1458e-06
4.8876e-05
2.1458e-06
3.6001e-05
9.5367e-07
3.2902e-05
1.1921e-06
8.6784e-05
9.5367e-07
3.4094e-05
3.1679e-03
4.2915e-05
3.0994e-06
3.4809e-05
8.4996e-04
1.9073e-06
1.9073e-06
3.7909e-05
0.0000e+00
3.4094e-05
7.8702e-04
3.8862e-05
9.5367e-07
8.2970e-05
9.5367e-07
3.4809e-05
2.0719e-04
7.2956e-05
2.5289e-03
3.9101e-05
2.1458e-06
3.2902e-05
1.5490e-03
1.9073e-06
9.5367e-07
3.8862e-05
9.5367e-07
3.3140e-05
5.1308e-04
2.1458e-06
2.7704e-04
9.3937e-05
2.1458e-06
5.7936e-05
1.2701e-03
4.0054e-05
3.0994e-06
3.4094e-05
3.6788e-04
3.8862e-05
1.1282e-03
2.1458e-06
1.9073e-06
4.0054e-05
9.5367e-07
3.2902e-05
9.5367e-07
9.2030e-05
8.0204e-04
3.8862e-05
9.7299e-04
3.9101e-05
1.9598e-04
3.6955e-05
5.6505e-04
6.4135e-05
3.1900e-04
3.6955e-05
1.0810e-03
3.8147e-05
7.8797e-04
1.9073e-06
9.5367e-07
1.1110e-04
2.1458e-06
3.5048e-05
5.7578e-04
1.9073e-06
1.1921e-06
6.1989e-05
6.5088e-04
3.0994e-06
1.9073e-06
3.6955e-05
8.4615e-04
5.0068e-06
1.9073e-06
4.0054e-05
1.9073e-06
3.5048e-05
9.5367e-07
9.2030e-05
1.1921e-06
6.1035e-05
1.9073e-06
1.0395e-04
1.9073e-06
6.1989e-05
4.2720e-03
3.0994e-06
8.0395e-04
3.0994e-06
2.8610e-06
4.1008e-05
9.5367e-07
3.6001e-05
9.5367e-07
3.3140e-05
1.9073e-06
3.6001e-05
6.6614e-04
3.9101e-05
1.9073e-06
5.6028e-05
8.1301e-04
3.9101e-05
1.9073e-06
3.3140e-05
9.5367e-07
8.7976e-05
9.5367e-07
3.6955e-05
9.5367e-07
8.8930e-05
1.0741e-03
3.8862e-05
2.1458e-06
6.1989e-05
7.1287e-04
3.8862e-05
2.1458e-06
3.2902e-05
3.0398e-04
3.6001e-05
3.3300e-03
1.4806e-04
1.5731e-03
4.0770e-05
6.1202e-04
9.1076e-05
9.5367e-07
3.4094e-05
9.5367e-07
3.2902e-05
3.7193e-04
4.0054e-05
1.9073e-06
1.2803e-04
2.1458e-06
3.3855e-05
2.1458e-06
3.3855e-05
3.7091e-03
9.8944e-05
3.0994e-06
3.5048e-05
9.5367e-07
3.2902e-05
2.7204e-04
2.8610e-06
6.3896e-04
2.8610e-06
4.3678e-04
1.9073e-06
1.9073e-06
3.9101e-05
3.3498e-04
3.8147e-05
8.4996e-04
3.0994e-06
9.5367e-07
3.6955e-05
0.0000e+00
8.5831e-05
8.5998e-04
2.8610e-06
1.1921e-06
3.6955e-05
1.6401e-03
2.1458e-06
1.9073e-06
3.9101e-05
1.2994e-04
3.6955e-05
9.5367e-07
3.3140e-05
8.9717e-04
3.7909e-05
1.5342e-03
2.1458e-06
1.9073e-06
1.0204e-04
2.1458e-06
3.3855e-05
9.2411e-04
6.6996e-05
1.9407e-04
3.0994e-06
3.1900e-04
1.9073e-06
3.7718e-04
2.1458e-06
4.3797e-04
2.1458e-06
1.9073e-06
3.8147e-05
9.5367e-07
3.4094e-05
9.5367e-07
3.2902e-05
1.1921e-06
6.1989e-05
3.9196e-04
1.9073e-06
0.0000e+00
3.6955e-05
6.0511e-04
2.1458e-06
6.2585e-04
1.9073e-06
1.4160e-03
2.1458e-06
5.4812e-04
4.1962e-05
2.8858e-03
5.1022e-05
5.9605e-06
3.4094e-05
3.0879e-02
2.8610e-06
2.8610e-06
1.2302e-04
2.1458e-06
3.3855e-05
1.2024e-02
4.6015e-05
1.0065e-02
4.8161e-05
7.0095e-04
4.0054e-05
5.4908e-04
2.1458e-06
9.5367e-07
3.6955e-05
6.8998e-04
2.8610e-06
1.1921e-06
3.6001e-05
2.1458e-06
3.6001e-05
6.6400e-04
3.6955e-05
1.6181e-03
4.1962e-05
7.4387e-04
3.6955e-05
2.1870e-03
3.9816e-05
3.6216e-04
1.7309e-04
1.9073e-06
3.8147e-05
9.5367e-07
5.7936e-05
3.9911e-04
3.6955e-05
3.5310e-04
2.1458e-06
1.1499e-03
4.4107e-05
2.8610e-06
3.4094e-05
7.2217e-04
4.1008e-05
7.8201e-04
4.1962e-05
3.0994e-06
6.8903e-05
3.1805e-04
6.6042e-05
1.0705e-04
3.7909e-05
4.3297e-04
2.3890e-04
9.3389e-04
3.7909e-05
2.3890e-04
3.7193e-05
9.5367e-07
3.6001e-05
1.0550e-03
3.8147e-05
1.9073e-06
3.4094e-05
3.3903e-04
6.1989e-05
3.5000e-04
2.8610e-06
2.1458e-06
3.6001e-05
9.5367e-07
3.5048e-05
5.2094e-04
3.6955e-05
7.7963e-05
2.8610e-06
1.9407e-04
3.0994e-06
9.5367e-07
5.0068e-05
7.7605e-04
2.1458e-06
9.5367e-07
3.6001e-05
8.4591e-04
2.8610e-06
1.1921e-06
5.6982e-05
3.9291e-04
3.6001e-05
9.5367e-07
3.3140e-05
9.5367e-07
3.3140e-05
1.1921e-06
3.3855e-05
1.2870e-03
1.9073e-06
3.8099e-04
1.9073e-06
1.1921e-06
3.6955e-05
1.1921e-06
3.6001e-05
1.5769e-03
1.9073e-06
2.1458e-06
3.6955e-05
9.5367e-07
3.6001e-05
3.3908e-03
1.9073e-06
1.9073e-06
4.1008e-05
9.5367e-07
3.4094e-05
4.9901e-04
3.6955e-05
9.5367e-07
5.6982e-05
4.8518e-04
3.6955e-05
1.8096e-04
3.6001e-05
6.5494e-04
3.6955e-05
1.6618e-04
2.1458e-06
3.0088e-04
1.9073e-06
5.0030e-03
9.1791e-05
5.0068e-06
3.4809e-05
0.0000e+00
3.2902e-05
4.1070e-03
8.9884e-05
1.5142e-03
4.0054e-05
4.2200e-04
3.6955e-05
7.9584e-04
3.7909e-05
7.1001e-04
1.9073e-06
9.5367e-07
3.6955e-05
3.2020e-04
2.1458e-06
9.5367e-07
3.6001e-05
9.5367e-07
3.4094e-05
2.8741e-03
2.1458e-06
1.1029e-03
2.1458e-06
1.9073e-06
4.0054e-05
9.5367e-07
1.0109e-04
2.6660e-03
2.8610e-06
2.1458e-06
4.1008e-05
1.8907e-04
1.9073e-06
2.1458e-06
3.7909e-05
9.5367e-07
3.3855e-05
1.8141e-03
6.5088e-05
5.9700e-04
3.0994e-06
0.0000e+00
3.6955e-05
7.9107e-04
2.1458e-06
8.4400e-04
3.0994e-06
9.5367e-07
3.6955e-05
1.9073e-06
3.6001e-05
9.5367e-07
3.4094e-05
1.8029e-03
3.9101e-05
1.9073e-06
2.6608e-04
9.6149e-03
4.4107e-05
5.6100e-04
3.9816e-05
1.1921e-06
3.3855e-05
6.0606e-04
3.8147e-05
5.1689e-04
3.6955e-05
8.6930e-03
2.8610e-06
3.8147e-06
4.6968e-05
6.6280e-04
4.1962e-05
1.9710e-03
3.0994e-06
5.7936e-05
2.1458e-06
0.0000e+00
3.9101e-05
3.7889e-03
2.8610e-06
4.0531e-06
4.1008e-05
1.1921e-06
3.2902e-05
9.6297e-04
3.9101e-05
1.9073e-06
3.4094e-05
9.5367e-07
3.2902e-05
1.0731e-03
3.8147e-05
1.2679e-03
1.9073e-06
9.5367e-07
3.9101e-05
1.4281e-04
3.6955e-05
4.8995e-04
3.6001e-05
7.3719e-04
3.6001e-05
9.5367e-07
3.2902e-05
9.5367e-07
3.3140e-05
9.5367e-07
3.5048e-05
9.5367e-07
3.2902e-05
9.5367e-07
5.2929e-05
4.2610e-03
1.9073e-06
4.0531e-06
5.6028e-05
7.1001e-04
3.9101e-05
9.5367e-07
3.2902e-05
0.0000e+00
3.2902e-05
2.2197e-04
2.1458e-06
9.5367e-07
3.5048e-05
5.7006e-04
3.6001e-05
2.1458e-06
3.2902e-05
1.5881e-03
3.6955e-05
2.1458e-06
3.2902e-05
5.6815e-04
3.6001e-05
1.9789e-04
1.9073e-06
9.5367e-07
5.6028e-05
2.3172e-03
4.0054e-05
4.9496e-04
3.6001e-05
8.0204e-04
3.6955e-05
1.6689e-04
2.8610e-06
2.1458e-06
3.6001e-05
2.0289e-03
2.1458e-06
9.5367e-07
4.1962e-05
2.1458e-06
3.3855e-05
1.7405e-04
1.9073e-06
2.7680e-04
1.9073e-06
4.4298e-04
1.9073e-06
1.1921e-06
3.6955e-05
9.5367e-07
3.4094e-05
0.0000e+00
3.2902e-05
7.9799e-04
3.7909e-05
1.1671e-03
3.7909e-05
9.5367e-07
3.3140e-05
5.1608e-03
3.0994e-06
3.0994e-06
4.1008e-05
1.3340e-03
1.9073e-06
2.1458e-06
4.4107e-05
1.1308e-03
3.9101e-05
1.9073e-06
3.3140e-05
1.1921e-06
3.3855e-05
0.0000e+00
3.3140e-05
2.7781e-03
3.0994e-06
9.5367e-07
6.1989e-05
2.1458e-06
3.5048e-05
7.2098e-04
3.0994e-06
9.5367e-07
3.6001e-05
9.5367e-07
3.4094e-05
2.1610e-03
3.0994e-06
2.5606e-04
1.9073e-06
9.5367e-07
3.6955e-05
9.5367e-07
3.3140e-05
1.6799e-03
4.1962e-05
2.8610e-06
3.6001e-05
6.8998e-04
3.7909e-05
3.8738e-03
3.0994e-06
5.4598e-04
2.8610e-06
1.1921e-06
4.2915e-05
0.0000e+00
3.3140e-05
9.5367e-07
3.3140e-05
1.6830e-03
2.1458e-06
4.2796e-04
2.1458e-06
9.5367e-07
6.6042e-05
1.9073e-06
3.5048e-05
9.5367e-07
3.3140e-05
3.5911e-03
2.8610e-06
9.7394e-04
2.1458e-06
1.9073e-06
4.0054e-05
9.5367e-07
3.3140e-05
2.5868e-03
3.0994e-06
1.9073e-06
4.0054e-05
9.5367e-07
6.4135e-05
7.5197e-04
4.1008e-05
1.3070e-03
3.7909e-05
2.1458e-06
3.6001e-05
9.5367e-07
3.3855e-05
3.7830e-03
4.1008e-05
1.4300e-03
3.0994e-06
9.5367e-07
3.7909e-05
4.4298e-04
3.7193e-05
3.0184e-04
3.6001e-05
9.8586e-04
1.9073e-06
9.5367e-07
3.6001e-05
1.1921e-06
3.2902e-05
6.1202e-04
2.1458e-06
7.5102e-04
2.1458e-06
2.5296e-04
1.9073e-06
9.5367e-07
3.7193e-05
2.4080e-04
3.6001e-05
1.9073e-06
5.6982e-05
1.7281e-03
6.9141e-06
2.1458e-06
4.8804e-04
2.8610e-06
3.5048e-05
1.8561e-03
3.0994e-06
9.5367e-07
4.0054e-05
8.2970e-05
3.6001e-05
6.1893e-04
3.8147e-05
1.9073e-06
3.4094e-05
9.5367e-07
3.4094e-05
3.2902e-04
3.6001e-05
9.5367e-07
3.3140e-05
1.3959e-03
3.0994e-06
9.5367e-07
3.6001e-05
1.7500e-04
3.7193e-05
6.0010e-04
3.7909e-05
9.5367e-07
3.3140e-05
3.2020e-03
6.9857e-05
2.5606e-04
2.1458e-06
9.5367e-07
3.6955e-05
9.0408e-04
1.9073e-06
2.9802e-04
7.9155e-05
9.5367e-07
3.6001e-05
8.1897e-04
1.9073e-06
2.1458e-06
3.6001e-05
1.0068e-03
1.9073e-06
9.5367e-07
3.7193e-05
1.9073e-06
3.6001e-05
2.3441e-03
1.9073e-06
2.1458e-06
3.8862e-05
9.5367e-07
3.2902e-05
5.5718e-04
1.9073e-06
1.1921e-06
3.6001e-05
7.4100e-04
2.1458e-06
9.5367e-07
3.6001e-05
9.5367e-07
3.4094e-05
1.8160e-03
3.7193e-05
9.5367e-07
3.2902e-05
9.5367e-07
3.1948e-05
6.0296e-04
3.0994e-06
9.5367e-07
3.6001e-05
5.7507e-04
3.6955e-05
5.1212e-04
3.0994e-06
5.8079e-04
2.8610e-06
4.8614e-04
3.0994e-06
4.1795e-04
2.1458e-06
5.5408e-04
2.7800e-04
1.9073e-06
4.0054e-05
9.5367e-07
3.3140e-05
9.5367e-07
3.1948e-05
3.5350e-03
1.9073e-06
3.0994e-06
4.0054e-05
9.6798e-04
3.6955e-05
3.0088e-04
3.7909e-05
2.7919e-04
1.9073e-06
9.5367e-07
1.3185e-04
9.5367e-07
3.4094e-05
1.1921e-06
3.3855e-05
2.4750e-03
2.8610e-06
1.1921e-06
4.6015e-05
2.1458e-06
3.3855e-05
1.2681e-03
4.0054e-05
1.3921e-03
3.9101e-05
5.6100e-04
6.6996e-05
2.5582e-04
3.6955e-05
1.9073e-06
3.4094e-05
6.9904e-04
3.6001e-05
1.1921e-06
3.2902e-05
9.5367e-07
3.4094e-05
1.0650e-03
3.8147e-05
9.5367e-07
3.2902e-05
6.3801e-04
3.6955e-05
4.9710e-04
3.6001e-05
9.5367e-07
3.2902e-05
2.0170e-03
4.1008e-05
1.9073e-06
3.3855e-05
1.3070e-03
5.6982e-05
1.9073e-06
3.4094e-05
2.0611e-03
9.5129e-05
2.8610e-06
3.5048e-05
0.0000e+00
3.2902e-05
4.9760e-03
1.9073e-06
1.9073e-06
4.1962e-05
9.5367e-07
4.3869e-05
1.9369e-03
1.9073e-06
3.0994e-06
5.0068e-05
9.5367e-07
6.0081e-05
9.5367e-07
6.4135e-05
1.1921e-06
3.3855e-05
0.0000e+00
3.2902e-05
1.9550e-03
2.1458e-06
2.3508e-04
2.1458e-06
1.9073e-06
3.9101e-05
1.0309e-03
4.4107e-05
9.7799e-04
2.1458e-06
6.6042e-05
2.1458e-06
9.5367e-07
3.6955e-05
1.9073e-06
3.6001e-05
9.5367e-07
3.4094e-05
0.0000e+00
3.2902e-05
1.7231e-03
3.0994e-06
9.5367e-07
3.9101e-05
9.5367e-07
3.4094e-05
5.5003e-04
3.6001e-05
9.5367e-07
3.4094e-05
4.4203e-04
3.6955e-05
1.1420e-03
3.6955e-05
1.2290e-03
4.6015e-05
2.8610e-06
3.4094e-05
0.0000e+00
3.3140e-05
6.7091e-04
3.6955e-05
1.3640e-03
3.0994e-06
1.9073e-06
3.8147e-05
9.5367e-07
6.2943e-05
1.1921e-06
3.3855e-05
9.5367e-07
3.3140e-05
1.2510e-03
3.9101e-05
3.4690e-04
1.9073e-06
1.1921e-06
3.6001e-05
4.4084e-04
3.9101e-05
1.1520e-03
1.9073e-06
1.1921e-06
3.6001e-05
9.5367e-07
3.5048e-05
0.0000e+00
3.3140e-05
2.0909e-03
2.8610e-06
2.1458e-06
3.8862e-05
0.0000e+00
3.4094e-05
4.4894e-04
3.7193e-05
5.9028e-03
3.0994e-06
1.9073e-06
4.1962e-05
9.5367e-07
6.6042e-05
1.9073e-06
3.4094e-05
0.0000e+00
3.3140e-05
4.8590e-04
3.6955e-05
1.1590e-03
1.9073e-06
9.5367e-07
3.6001e-05
1.1921e-06
3.3855e-05
3.5281e-03
2.8610e-06
1.7214e-04
2.8610e-06
2.1458e-06
1.1396e-04
3.0088e-04
1.9073e-06
1.9073e-06
3.6001e-05
1.1921e-06
3.2902e-05
5.1808e-04
2.1458e-06
3.8385e-04
1.9073e-06
1.1921e-06
3.6955e-05
6.0105e-04
3.6001e-05
5.3000e-04
3.8862e-05
9.1410e-04
5.8174e-05
1.9073e-06
3.6001e-05
9.5367e-07
3.4094e-05
1.0870e-03
3.8862e-05
3.4523e-04
1.9073e-06
1.1921e-06
3.6001e-05
4.6301e-04
1.9073e-06
6.5494e-04
2.1458e-06
3.7999e-03
2.8610e-06
5.9605e-06
4.9114e-05
0.0000e+00
8.2016e-05
6.6304e-04
3.9101e-05
1.4830e-03
2.8610e-06
9.5367e-07
3.6955e-05
1.9908e-04
2.8610e-06
1.1921e-06
3.6001e-05
9.5367e-07
3.3140e-05
7.4506e-04
4.1008e-05
3.0994e-06
3.3855e-05
1.9073e-06
3.6001e-05
9.5367e-07
3.4094e-05
2.0080e-03
2.1458e-06
1.9073e-06
3.9816e-05
2.7299e-04
3.9101e-05
5.7197e-04
2.1458e-06
0.0000e+00
3.6955e-05
9.5367e-07
3.6001e-05
9.5367e-07
5.2929e-05
3.9101e-04
2.8610e-06
1.5712e-04
2.1458e-06
9.5367e-07
3.6001e-05
1.6308e-04
3.6955e-05
1.4760e-03
4.1008e-05
3.0994e-06
3.3140e-05
7.1883e-04
3.9101e-05
6.7782e-04
4.0054e-05
6.3090e-03
2.1458e-06
3.8147e-06
4.1962e-05
0.0000e+00
3.3140e-05
1.2739e-03
1.9073e-06
3.1304e-04
1.9073e-06
4.2915e-05
1.9073e-06
9.5367e-07
4.0054e-05
1.9312e-04
2.1458e-06
7.3195e-05
3.0994e-06
3.0088e-04
3.0994e-06
1.0490e-04
2.8610e-06
9.5367e-07
3.7909e-05
7.3886e-04
1.9073e-06
1.1301e-04
1.9073e-06
1.4400e-04
2.8610e-06
4.3511e-04
3.0994e-06
1.9073e-06
4.5061e-05
9.5367e-07
3.3140e-05
3.5596e-04
3.6001e-05
1.1921e-06
3.2902e-05
4.1413e-04
3.8862e-05
9.2316e-04
1.9073e-06
9.5367e-07
6.1035e-05
1.9073e-06
3.5048e-05
1.3399e-04
3.6001e-05
2.9802e-04
3.6001e-05
1.6212e-04
1.9073e-06
1.1921e-06
3.5048e-05
2.1100e-04
3.6001e-05
9.5367e-07
3.2902e-05
0.0000e+00
5.5075e-05
4.0412e-04
3.6001e-05
9.5367e-07
3.2902e-05
3.7909e-04
3.6955e-05
2.0313e-04
3.5048e-05
3.5191e-04
1.9073e-06
3.6693e-04
2.1458e-06
9.5367e-07
3.6001e-05
9.5367e-07
3.3140e-05
1.9193e-04
1.9073e-06
1.4114e-04
3.0994e-06
9.5367e-07
3.6001e-05
5.8198e-04
1.9073e-06
1.2708e-04
2.1458e-06
9.5367e-07
3.6001e-05
9.5367e-07
3.3140e-05
9.5367e-07
3.3855e-05
1.1921e-06
3.2902e-05
4.3511e-04
5.9128e-05
1.3800e-03
3.0994e-06
9.5367e-07
3.9101e-05
9.5367e-07
3.4094e-05
0.0000e+00
3.3140e-05
1.1921e-06
3.3855e-05
0.0000e+00
3.1948e-05
0.0000e+00
3.1948e-05
2.7561e-03
2.1458e-06
9.5367e-07
7.2002e-05
9.5367e-07
3.3855e-05
1.1921e-06
3.3855e-05
0.0000e+00
3.3855e-05
9.5367e-07
3.4094e-05
9.5367e-07
3.3140e-05
0.0000e+00
3.2902e-05
0.0000e+00
3.2902e-05
2.1458e-06
3.6001e-05
1.3230e-03
3.9816e-05
3.6097e-04
3.6955e-05
2.8801e-04
3.6955e-05
9.5367e-07
3.3140e-05
3.8099e-04
2.1458e-06
9.5367e-07
3.8147e-05
9.5367e-07
3.4094e-05
4.7088e-04
3.6001e-05
1.1206e-04
2.8610e-06
3.0899e-04
2.8610e-06
9.8944e-05
1.9073e-06
9.5367e-07
3.6001e-05
0.0000e+00
3.3140e-05
9.5367e-07
3.2902e-05
2.7013e-04
3.6001e-05
1.8597e-04
3.6955e-05
3.0994e-06
3.6001e-05
2.0599e-04
3.6001e-05
2.0409e-04
3.6001e-05
1.9073e-06
3.4094e-05
8.6498e-04
3.8862e-05
1.9073e-06
3.2902e-05
4.3702e-04
3.6001e-05
5.2881e-04
5.6982e-05
9.5367e-07
3.3855e-05
3.0303e-04
3.6955e-05
9.5367e-07
3.3140e-05
9.5367e-07
3.2902e-05
6.1011e-04
2.1458e-06
9.5367e-07
3.6001e-05
9.5367e-07
3.3140e-05
2.9397e-04
1.9073e-06
9.5367e-07
5.6982e-05
6.1893e-04
2.1458e-06
0.0000e+00
3.6001e-05
3.5787e-04
2.8610e-06
2.1458e-06
3.6001e-05
9.5367e-07
3.2902e-05
0.0000e+00
3.2902e-05
4.0913e-04
3.6001e-05
2.1458e-06
5.1975e-05
2.1100e-04
8.7976e-05
2.5821e-04
2.1458e-06
9.5367e-07
3.5048e-05
9.5367e-07
3.3140e-05
3.9792e-04
3.6001e-05
1.9073e-06
3.2902e-05
1.1921e-06
3.1948e-05
5.9605e-04
3.6955e-05
9.5367e-07
3.6001e-05
2.0099e-04
3.6955e-05
1.9073e-06
3.4094e-05
9.5367e-07
3.4094e-05
9.5367e-07
3.2902e-05
9.5367e-07
3.3140e-05
7.1406e-04
3.6955e-05
4.4608e-04
6.7496e-04
1.2956e+00
