1.8169e-02
1.0795e-02
9.7990e-05
3.9315e-04
4.0054e-05
2.7999e-02
3.0994e-06
3.0994e-06
4.5061e-05
9.5367e-07
3.5048e-05
8.7033e-02
4.6968e-05
1.0772e-02
4.1962e-05
4.0531e-06
3.5048e-05
1.9073e-06
3.6955e-05
1.6589e-02
3.0994e-06
1.4626e-02
3.0994e-06
4.0531e-06
4.4107e-05
1.1921e-06
3.3855e-05
2.1458e-06
3.6001e-05
4.3723e-02
3.0994e-06
4.0531e-06
4.9114e-05
6.3014e-02
3.0994e-06
4.0531e-06
3.1304e-04
2.8610e-06
3.4809e-05
1.1921e-06
3.3855e-05
9.5367e-07
3.4094e-05
9.5367e-07
3.2902e-05
1.1921e-06
3.3855e-05
9.5367e-07
3.3140e-05
6.2837e-02
4.3869e-05
2.2289e-02
2.8610e-06
3.8147e-06
4.8876e-05
9.5367e-07
3.5048e-05
9.5367e-07
3.4094e-05
3.1055e-02
5.1975e-05
1.7526e-02
4.8161e-05
4.7684e-06
3.4094e-05
1.1995e-02
3.0994e-06
2.1458e-06
1.2207e-04
1.9073e-06
3.6001e-05
1.2681e-03
4.4823e-05
3.4690e-03
3.0994e-06
1.9073e-06
4.1962e-05
1.1921e-06
3.8862e-05
2.7180e-05
4.0054e-05
1.7121e-02
2.8610e-06
9.5367e-07
4.1962e-05
0.0000e+00
1.3475e-02
5.1022e-03
4.7922e-05
5.0068e-06
3.4094e-05
0.0000e+00
3.4094e-05
2.0869e-03
4.1962e-05
3.0994e-06
3.5048e-05
9.5367e-07
3.3855e-05
1.1921e-06
3.3855e-05
9.5367e-07
3.6001e-05
2.8968e-03
2.8610e-06
9.5367e-07
4.0054e-05
9.5367e-07
3.3140e-05
0.0000e+00
3.2902e-05
8.2684e-04
1.9073e-06
9.5367e-07
3.7909e-05
0.0000e+00
3.4094e-05
0.0000e+00
9.5844e-05
6.2311e-03
4.4823e-05
4.0531e-06
3.5048e-05
0.0000e+00
3.4094e-05
1.6739e-03
2.8610e-06
3.0994e-06
4.0054e-05
9.5367e-07
3.2902e-05
0.0000e+00
3.2902e-05
0.0000e+00
9.8944e-05
9.5367e-07
3.4809e-05
3.8931e-03
4.6015e-05
2.8610e-06
3.5048e-05
0.0000e+00
3.2902e-05
1.1921e-06
3.3855e-05
0.0000e+00
3.3140e-05
0.0000e+00
3.2902e-05
2.1458e-06
3.6955e-05
9.5367e-07
3.3140e-05
0.0000e+00
3.2902e-05
4.1821e-03
4.2915e-05
3.0994e-06
3.4094e-05
0.0000e+00
3.2902e-05
1.1921e-06
3.2902e-05
9.5367e-07
9.2030e-05
1.5042e-03
3.8147e-05
1.9073e-06
3.4094e-05
1.9360e-03
4.1962e-05
5.8360e-03
3.0994e-06
4.0531e-06
4.1962e-05
1.8392e-03
3.0994e-06
3.0994e-06
4.1008e-05
9.5367e-07
3.4094e-05
1.9073e-06
3.5048e-05
9.5367e-07
3.4094e-05
1.2240e-03
3.9816e-05
1.0321e-03
3.0994e-06
9.5367e-07
3.7193e-05
4.1189e-03
2.8610e-06
2.1458e-06
4.1008e-05
9.5367e-07
3.5048e-05
9.5367e-07
9.1076e-05
1.9073e-06
3.6001e-05
0.0000e+00
3.3140e-05
9.5367e-07
3.3855e-05
0.0000e+00
3.3140e-05
9.5367e-07
3.4094e-05
9.5367e-07
3.2902e-05
9.5367e-07
3.4094e-05
0.0000e+00
8.3923e-05
1.1921e-06
3.3855e-05
0.0000e+00
3.3140e-05
5.2500e-04
1.9073e-06
2.1458e-06
3.7909e-05
9.5367e-07
3.4094e-05
0.0000e+00
3.3140e-05
6.1760e-03
2.8610e-06
2.1458e-06
4.1962e-05
2.1458e-06
3.5048e-05
8.8000e-04
4.1008e-05
7.6795e-04
3.7909e-05
5.4407e-04
3.0994e-06
1.5869e-03
2.8610e-06
3.0994e-06
4.1008e-05
9.5367e-07
3.4094e-05
6.5589e-04
2.8610e-06
9.5367e-07
3.7909e-05
9.5367e-07
3.6001e-05
9.5367e-07
3.4094e-05
0.0000e+00
3.3140e-05
1.9250e-03
4.1008e-05
5.5099e-04
3.8147e-05
1.9073e-06
3.4094e-05
9.5367e-07
3.3855e-05
1.0612e-03
9.2983e-05
2.1458e-06
3.4094e-05
8.3804e-04
3.8862e-05
3.0532e-03
3.0994e-06
1.9073e-06
4.1008e-05
9.5367e-07
3.4094e-05
6.3109e-04
3.0994e-06
9.5367e-07
3.6955e-05
1.1921e-06
3.3855e-05
9.8681e-04
1.9073e-06
1.9073e-06
3.8862e-05
1.1921e-06
3.3855e-05
4.4584e-04
1.9073e-06
1.9073e-06
3.9101e-05
9.5367e-07
3.4094e-05
0.0000e+00
3.2902e-05
0.0000e+00
3.2902e-05
9.5367e-07
3.4094e-05
8.5592e-04
2.8610e-06
1.9073e-06
3.8862e-05
1.1921e-06
3.3855e-05
3.1190e-03
4.1962e-05
4.8208e-04
4.0770e-05
2.1458e-06
3.2902e-05
6.7616e-04
3.8147e-05
1.9073e-06
3.4094e-05
1.6589e-03
3.8862e-05
2.1458e-06
3.3855e-05
9.8801e-04
2.8610e-06
1.1921e-06
4.0054e-05
0.0000e+00
3.3855e-05
1.1051e-03
3.0994e-06
6.8808e-04
3.0994e-06
1.9073e-06
3.9101e-05
6.5112e-04
1.9073e-06
1.1921e-06
9.5844e-05
9.5367e-07
3.4094e-05
0.0000e+00
3.2902e-05
1.2290e-03
1.9073e-06
1.1921e-06
3.7909e-05
0.0000e+00
3.4094e-05
9.5367e-07
3.3140e-05
2.1141e-03
2.1458e-06
1.9073e-06
4.0054e-05
6.3801e-04
5.5075e-05
1.9891e-03
2.1458e-06
1.9073e-06
3.9101e-05
9.5367e-07
3.3140e-05
9.5367e-07
3.4094e-05
1.1921e-06
3.2902e-05
9.5367e-07
3.3140e-05
4.1070e-03
3.0994e-06
2.8610e-06
4.1008e-05
9.5367e-07
9.3937e-05
2.1458e-06
3.4809e-05
9.5367e-07
3.6001e-05
0.0000e+00
3.3855e-05
0.0000e+00
3.2902e-05
9.5367e-07
3.3140e-05
9.5367e-07
3.2902e-05
2.6062e-03
2.1458e-06
7.3659e-03
3.0994e-06
2.8610e-06
4.3869e-05
9.5367e-07
3.4094e-05
9.5367e-07
3.3140e-05
1.1921e-06
3.2902e-05
3.0620e-03
3.0994e-06
1.9073e-06
4.1008e-05
1.1921e-06
3.3855e-05
1.1921e-06
3.3855e-05
2.1458e-06
3.6001e-05
1.7090e-03
4.1962e-05
1.9073e-06
3.4094e-05
9.5367e-07
3.3140e-05
1.8928e-03
1.9073e-06
2.1458e-06
4.0054e-05
9.5367e-07
3.4094e-05
6.5494e-04
3.8147e-05
9.5367e-07
9.0122e-05
1.9073e-06
3.4094e-05
7.6389e-04
4.1008e-05
1.7920e-03
4.1962e-05
3.0994e-06
3.4809e-05
1.1921e-06
3.2902e-05
9.5367e-07
3.4094e-05
9.5367e-07
8.9884e-05
1.1921e-06
3.5048e-05
3.7520e-03
4.1008e-05
1.9073e-06
3.3140e-05
0.0000e+00
3.2902e-05
9.5367e-07
3.4094e-05
0.0000e+00
3.3140e-05
4.1890e-03
4.3154e-05
2.8610e-06
1.1516e-04
1.9073e-06
3.4094e-05
9.1290e-04
3.8862e-05
7.7415e-04
3.7193e-05
9.5367e-07
3.4094e-05
6.4588e-04
4.1008e-05
7.6199e-04
3.7909e-05
9.5367e-07
3.2902e-05
1.1821e-03
1.9073e-06
2.1458e-06
3.7909e-05
0.0000e+00
3.2902e-05
9.5367e-07
3.4094e-05
9.5367e-07
3.2902e-05
5.2061e-03
5.2214e-05
5.0068e-06
3.4094e-05
1.5950e-03
4.0054e-05
2.8610e-06
3.6001e-05
9.5367e-07
3.3140e-05
1.5700e-03
2.8610e-06
2.1458e-06
3.9816e-05
9.5367e-07
3.4094e-05
9.5367e-07
3.4094e-05
9.5367e-07
3.2902e-05
1.5848e-03
4.0054e-05
1.8339e-03
3.9816e-05
2.1458e-06
3.3855e-05
1.2960e-03
7.8678e-06
2.1458e-06
3.7909e-05
9.5367e-07
3.3140e-05
9.5367e-07
3.1948e-05
1.1921e-06
3.2902e-05
1.9190e-03
3.0994e-06
9.5367e-07
3.7909e-05
1.9073e-06
3.6001e-05
1.3511e-03
2.1458e-06
9.5367e-07
3.8147e-05
0.0000e+00
3.2902e-05
0.0000e+00
3.3140e-05
3.2580e-03
1.9073e-06
3.4618e-04
2.1458e-06
1.9073e-06
4.1008e-05
9.5367e-07
3.4094e-05
1.0841e-03
2.1458e-06
9.5367e-07
3.7193e-05
0.0000e+00
3.2902e-05
0.0000e+00
3.3140e-05
9.5367e-07
3.2902e-05
1.1921e-06
3.2902e-05
2.1391e-03
4.1008e-05
2.1458e-06
3.2902e-05
9.5367e-07
3.6001e-05
6.1703e-04
2.1458e-06
9.5367e-07
3.6001e-05
9.5367e-07
3.3140e-05
0.0000e+00
3.2902e-05
1.1921e-06
3.2902e-05
1.2569e-03
3.7909e-05
1.9073e-06
3.2902e-05
1.9073e-06
3.6001e-05
1.1921e-06
3.2902e-05
2.9910e-03
3.9101e-05
2.8610e-06
3.4094e-05
9.5367e-07
3.2902e-05
1.2400e-03
3.8147e-05
1.4980e-03
2.1458e-06
1.9073e-06
4.0054e-05
6.7496e-04
2.1458e-06
9.5367e-07
3.6001e-05
4.2105e-04
1.9073e-06
2.1458e-06
3.6001e-05
6.0892e-04
2.1458e-06
4.3988e-04
2.8610e-06
9.5367e-07
3.6001e-05
9.5367e-07
3.2902e-05
9.5367e-07
3.3140e-05
0.0000e+00
3.3140e-05
1.9410e-03
2.8610e-06
9.5367e-07
3.6955e-05
8.3399e-04
1.9073e-06
9.5367e-07
3.6001e-05
1.1981e-02
2.8610e-06
5.0068e-06
5.2929e-05
9.5367e-07
3.4094e-05
1.4670e-03
1.9073e-06
5.4193e-04
3.0994e-06
3.3617e-04
2.1458e-06
9.5367e-07
9.2030e-05
9.5367e-07
3.3855e-05
2.6062e-03
2.1458e-06
8.1396e-04
1.9073e-06
2.1458e-06
4.1962e-05
0.0000e+00
3.2902e-05
0.0000e+00
3.2902e-05
9.5367e-07
3.4094e-05
0.0000e+00
3.2902e-05
9.3930e-03
4.5061e-05
5.6386e-04
3.9101e-05
4.3321e-04
3.6001e-05
5.4812e-04
3.9101e-05
3.6383e-04
3.6001e-05
9.5367e-07
3.3855e-05
2.3620e-03
3.8147e-05
1.9073e-06
1.0204e-04
1.3862e-03
3.9101e-05
1.5039e-03
4.6015e-05
1.9073e-06
3.4094e-05
1.3630e-03
1.9073e-06
1.1921e-06
3.7909e-05
9.5367e-07
3.4094e-05
9.1505e-04
3.9101e-05
9.5367e-07
9.2030e-05
3.2792e-03
2.1458e-06
6.3491e-04
2.8610e-06
4.3201e-04
1.9073e-06
9.5367e-07
3.8862e-05
9.5367e-07
3.3140e-05
3.9506e-04
2.1458e-06
9.5367e-07
3.6001e-05
1.3561e-03
3.0994e-06
1.5540e-03
3.0994e-06
3.0994e-06
4.1008e-05
9.5367e-07
9.7036e-05
8.3590e-04
1.9073e-06
1.1921e-06
3.6955e-05
9.5367e-07
3.4094e-05
9.5367e-07
3.2902e-05
9.5367e-07
3.3140e-05
1.5709e-03
3.9101e-05
5.8103e-04
2.1458e-06
0.0000e+00
3.6001e-05
6.2513e-04
3.6955e-05
4.8518e-04
2.1458e-06
1.9073e-06
3.8862e-05
5.3132e-03
4.6968e-05
2.8610e-06
3.3140e-05
0.0000e+00
3.3140e-05
6.8688e-04
1.9073e-06
3.3081e-03
2.1458e-06
5.1093e-04
2.8610e-06
1.1921e-06
9.1791e-05
9.5367e-07
3.6001e-05
0.0000e+00
3.4094e-05
9.5367e-07
3.2902e-05
1.1921e-06
3.2902e-05
1.2250e-03
2.8610e-06
5.6410e-04
2.1458e-06
1.9073e-06
4.0054e-05
9.5367e-07
3.3140e-05
3.0994e-06
9.9897e-05
2.1458e-06
3.4094e-05
6.1488e-04
3.6955e-05
8.5497e-04
3.8862e-05
7.1907e-04
2.8610e-06
9.5367e-07
3.6955e-05
1.6150e-03
1.9073e-06
9.5367e-07
4.1008e-05
1.2000e-03
3.9101e-05
1.9073e-06
3.6001e-05
9.5367e-07
3.3855e-05
6.4111e-04
3.7909e-05
1.4169e-03
1.9073e-06
9.5367e-07
3.7909e-05
2.7013e-04
2.1458e-06
9.5367e-07
3.6001e-05
0.0000e+00
3.4094e-05
5.8389e-04
1.9073e-06
2.1458e-06
3.8862e-05
1.9073e-06
3.6001e-05
3.9196e-04
3.0994e-06
1.9073e-06
3.6955e-05
1.2250e-03
1.9073e-06
2.4061e-03
2.8610e-06
3.9911e-04
2.1458e-06
4.6206e-04
2.1458e-06
8.1062e-05
1.9073e-06
2.1458e-06
4.1008e-05
4.4489e-04
3.6955e-05
2.0599e-04
1.9073e-06
1.1921e-06
3.6001e-05
9.5367e-07
3.2902e-05
1.1921e-06
3.2902e-05
0.0000e+00
3.3140e-05
3.0880e-03
4.3154e-05
3.0899e-03
1.9073e-06
1.1921e-06
4.0054e-05
9.5367e-07
9.9897e-05
9.5367e-07
3.3855e-05
9.5367e-07
3.2902e-05
9.5367e-07
3.3140e-05
1.5588e-03
2.8610e-06
9.5367e-07
6.3896e-05
1.1921e-06
3.3855e-05
0.0000e+00
3.3140e-05
0.0000e+00
9.6083e-05
1.9073e-06
3.4094e-05
9.5367e-07
3.4094e-05
9.5367e-07
3.3855e-05
1.1921e-06
3.3855e-05
2.5470e-03
1.9073e-06
2.1458e-06
3.8862e-05
1.0896e-04
2.8610e-06
0.0000e+00
3.6001e-05
1.1601e-03
4.8161e-05
1.9073e-06
3.9101e-05
9.5367e-07
4.2915e-05
1.4160e-03
6.0296e-04
2.8610e-06
3.4809e-05
0.0000e+00
3.2902e-05
2.0611e-03
3.0994e-06
3.1781e-04
1.9073e-06
1.1921e-06
3.7909e-05
4.0293e-04
3.0994e-06
4.7994e-04
2.8610e-06
9.5367e-07
3.7909e-05
9.5367e-07
3.4094e-05
0.0000e+00
3.3140e-05
5.7101e-04
1.9073e-06
1.7381e-04
1.9073e-06
1.1921e-06
3.6955e-05
5.3692e-04
2.8610e-06
1.1921e-06
3.6001e-05
1.2803e-04
1.9073e-06
9.5367e-07
3.6955e-05
9.5367e-07
3.4094e-05
2.3603e-04
1.9073e-06
9.5367e-07
3.6001e-05
9.5367e-07
3.4094e-05
1.4751e-03
4.1008e-05
1.9073e-06
7.8201e-05
6.1831e-03
4.3154e-05
1.9019e-03
4.0722e-04
1.9190e-03
1.9073e-06
1.9073e-06
4.1962e-05
2.7204e-04
3.0994e-06
9.0122e-05
2.1458e-06
3.0041e-05
2.1458e-06
1.9073e-06
4.0054e-05
9.5367e-07
3.4094e-05
1.4751e-03
1.9073e-06
9.5367e-07
3.7909e-05
9.5367e-07
3.4094e-05
1.1921e-06
3.6001e-05
6.6781e-04
1.9073e-06
9.5367e-07
3.6001e-05
0.0000e+00
3.4094e-05
0.0000e+00
3.2902e-05
1.2212e-03
3.6955e-05
1.9073e-06
3.4094e-05
5.8722e-04
3.6955e-05
9.5367e-07
3.5048e-05
0.0000e+00
3.2902e-05
0.0000e+00
3.3140e-05
0.0000e+00
3.1948e-05
1.2951e-03
3.9816e-05
3.0994e-06
3.3855e-05
1.1921e-06
3.2902e-05
9.5367e-07
8.2970e-05
1.1921e-06
3.5048e-05
1.3630e-03
1.9073e-06
1.1921e-06
3.7909e-05
9.9993e-04
3.7909e-05
2.1458e-06
3.3855e-05
9.3603e-04
2.1458e-06
6.7401e-04
2.1458e-06
1.9073e-06
3.7909e-05
9.5367e-07
9.1076e-05
2.7704e-04
2.1458e-06
2.1458e-06
3.7909e-05
9.0313e-04
2.8610e-06
9.5367e-07
3.8862e-05
9.5367e-07
3.4094e-05
3.4404e-04
2.1458e-06
1.9073e-06
3.6001e-05
0.0000e+00
3.3855e-05
9.5367e-07
3.3140e-05
9.5367e-07
3.6001e-05
1.5612e-03
2.8610e-06
3.8147e-06
4.4107e-05
9.2697e-04
2.1458e-06
9.5367e-07
3.7193e-05
1.1921e-06
3.2902e-05
9.5367e-07
3.2902e-05
1.5105e-02
3.0994e-06
4.0531e-06
4.8876e-05
2.1458e-06
4.1008e-05
2.0221e-02
4.6968e-05
4.4391e-03
4.2915e-05
1.1249e-02
3.0994e-06
1.9073e-06
4.1008e-05
0.0000e+00
3.3855e-05
9.8419e-04
3.0994e-06
0.0000e+00
4.0054e-05
9.5367e-07
9.7036e-05
9.5367e-07
3.6001e-05
0.0000e+00
3.2902e-05
9.5367e-07
3.3140e-05
4.9400e-04
1.9073e-06
1.4269e-03
2.1458e-06
1.9073e-06
3.9101e-05
9.5367e-07
3.3140e-05
9.5367e-07
3.2902e-05
5.3215e-04
3.0994e-06
1.9073e-06
3.6955e-05
3.7510e-03
4.0054e-05
3.0994e-06
3.3855e-05
6.7592e-04
2.8610e-06
9.5367e-07
3.6955e-05
9.5367e-07
3.2902e-05
3.8695e-04
3.6955e-05
1.1342e-03
3.6955e-05
7.3910e-04
2.1458e-06
9.5367e-07
3.6955e-05
9.5367e-07
3.4094e-05
9.5367e-07
3.4094e-05
0.0000e+00
3.1948e-05
8.3899e-04
1.9073e-06
9.5367e-07
3.8147e-05
7.4387e-04
3.9101e-05
1.9073e-06
9.2030e-05
9.5367e-07
3.3855e-05
1.4880e-03
1.9073e-06
9.5367e-07
3.6955e-05
9.5367e-07
3.4094e-05
9.5367e-07
3.2902e-05
1.3351e-03
3.9101e-05
1.9073e-06
3.2902e-05
9.5367e-07
9.0122e-05
9.5367e-07
3.3140e-05
1.8809e-03
2.1458e-06
9.5367e-07
3.8147e-05
1.8239e-03
2.1458e-06
6.7306e-04
2.8610e-06
9.5367e-07
3.9816e-05
0.0000e+00
3.2902e-05
4.8208e-04
2.1458e-06
1.9073e-06
3.8862e-05
3.1495e-04
9.2983e-05
1.1079e-03
2.8610e-06
9.5367e-07
4.1008e-05
1.1921e-06
3.3855e-05
5.9319e-04
3.8147e-05
9.5367e-07
3.4094e-05
5.4002e-04
3.9101e-05
1.6620e-03
4.0054e-05
5.3787e-04
2.1458e-06
1.9073e-06
4.0054e-05
9.5367e-07
6.0081e-05
9.4199e-04
3.0994e-06
9.5367e-07
3.6955e-05
9.5367e-07
3.4094e-05
9.5367e-07
3.2902e-05
6.0320e-04
3.6955e-05
8.9502e-04
2.8610e-06
9.5367e-07
1.0514e-04
3.2210e-04
3.6955e-05
9.5367e-07
3.4094e-05
1.1051e-03
3.8147e-05
9.5367e-07
3.4094e-05
9.5367e-07
3.4094e-05
9.5367e-07
3.3855e-05
9.5367e-07
3.3140e-05
1.9438e-03
1.9073e-06
5.0068e-05
1.9073e-06
9.5367e-07
3.9101e-05
5.6386e-04
3.6955e-05
9.5367e-07
3.2902e-05
9.5367e-07
3.3140e-05
9.5510e-04
3.7909e-05
8.4901e-04
3.7193e-05
9.5367e-07
9.4891e-05
1.1921e-06
3.2902e-05
0.0000e+00
3.2902e-05
9.5367e-07
3.3140e-05
1.9181e-03
4.0054e-05
6.6209e-04
1.9073e-06
5.3883e-04
1.9073e-06
2.1315e-04
2.1458e-06
1.9073e-06
4.0054e-05
9.5367e-07
8.3923e-05
1.6720e-03
1.9073e-06
6.6304e-04
1.9073e-06
2.1458e-06
4.1962e-05
9.5367e-07
3.2902e-05
6.4087e-04
3.6955e-05
9.5367e-07
3.4094e-05
1.1230e-03
2.1458e-06
2.3293e-04
1.9073e-06
2.6703e-04
1.9073e-06
1.7309e-04
3.0994e-06
9.5367e-07
8.8930e-05
2.7299e-04
3.7909e-05
7.7796e-04
3.8147e-05
2.0690e-03
3.0994e-06
1.9073e-06
4.2200e-05
7.3195e-05
3.0994e-06
1.9073e-06
2.5487e-04
4.2987e-04
3.0994e-06
9.5367e-07
3.9101e-05
9.5367e-07
9.2030e-05
3.4430e-03
4.2915e-05
3.0994e-06
3.4809e-05
1.1921e-06
3.3855e-05
0.0000e+00
3.3140e-05
1.4629e-03
4.0054e-05
2.8219e-03
2.8610e-06
2.1458e-06
3.9816e-05
1.1921e-06
1.0300e-04
9.5367e-07
4.1962e-05
1.5628e-03
1.9073e-06
1.1921e-06
4.0054e-05
0.0000e+00
3.4094e-05
9.5367e-07
3.2902e-05
9.5367e-07
3.3140e-05
9.5367e-07
3.2902e-05
1.1690e-03
1.9073e-06
9.5367e-07
9.5844e-05
9.3913e-04
3.8862e-05
1.9073e-06
3.2902e-05
1.0951e-03
2.1458e-06
9.5367e-07
3.9101e-05
9.5367e-07
3.4094e-05
1.9610e-03
3.0994e-06
9.5367e-07
3.9101e-05
9.5367e-07
3.2902e-05
2.1458e-06
3.5048e-05
1.1740e-03
2.1458e-06
1.9073e-06
3.7909e-05
9.5367e-07
4.1008e-05
1.1921e-06
3.3855e-05
1.2171e-03
4.0054e-05
1.9073e-06
3.4094e-05
9.5367e-07
6.1989e-05
9.5367e-07
3.6001e-05
0.0000e+00
3.3855e-05
2.1458e-06
3.3855e-05
9.5367e-07
3.3140e-05
3.2508e-03
1.9073e-06
5.0116e-04
1.9073e-06
2.1458e-06
8.9884e-05
9.5367e-07
6.0081e-05
9.5367e-07
9.2983e-05
1.1921e-06
3.3855e-05
1.1921e-06
3.2902e-05
2.4171e-03
4.4823e-05
2.1458e-06
5.5075e-05
1.9073e-06
3.5048e-05
1.8699e-03
4.2915e-05
3.0994e-06
3.4094e-05
2.1458e-06
3.6001e-05
1.2310e-03
3.0994e-06
1.9073e-06
3.9101e-05
3.8004e-04
2.8610e-06
1.1671e-03
2.1458e-06
9.5367e-07
3.7909e-05
9.5367e-07
3.3140e-05
0.0000e+00
3.4094e-05
9.5367e-07
3.3855e-05
7.9203e-04
9.4891e-05
3.0112e-04
3.7193e-05
2.1195e-04
5.7936e-05
4.6730e-03
2.8610e-06
4.0531e-06
4.2200e-05
9.5367e-07
3.3855e-05
1.1921e-06
3.1948e-05
7.0000e-04
3.7909e-05
9.5367e-07
8.9169e-05
1.9073e-06
3.4094e-05
1.9169e-03
1.9073e-06
3.4213e-04
2.1458e-06
1.9073e-06
4.0054e-05
9.5367e-07
3.3140e-05
9.5367e-07
3.2902e-05
1.1921e-06
1.0896e-04
2.4340e-03
2.1458e-06
1.9073e-06
9.7036e-05
2.1458e-06
3.3855e-05
1.2522e-03
7.0095e-05
1.9073e-06
3.3855e-05
4.8304e-04
3.7193e-05
3.1900e-04
3.0994e-06
9.5367e-07
3.8147e-05
5.5695e-04
3.8862e-05
2.1458e-06
8.1778e-05
5.9605e-04
7.3910e-05
2.1458e-06
3.3855e-05
9.5367e-07
3.4094e-05
1.1921e-05
3.3855e-05
1.0052e-03
3.9101e-05
9.5367e-07
3.4094e-05
0.0000e+00
3.3140e-05
0.0000e+00
8.9884e-05
1.6451e-03
3.0994e-06
9.5367e-07
3.6955e-05
1.1921e-06
3.2902e-05
9.5367e-07
3.2902e-05
0.0000e+00
3.3140e-05
1.6701e-03
2.1458e-06
3.5596e-04
2.8610e-06
1.1921e-06
3.8862e-05
1.7982e-03
2.1458e-06
1.9073e-06
3.8147e-05
9.5367e-07
3.3140e-05
3.4094e-04
3.6001e-05
5.0211e-04
3.7193e-05
1.9073e-06
3.3855e-05
2.0111e-03
2.3103e-04
3.9690e-03
1.9073e-06
2.8610e-06
4.6968e-05
2.2058e-02
2.8610e-06
1.0242e-02
3.0994e-06
5.0068e-06
4.2915e-05
1.1053e-02
2.8610e-06
9.3000e-03
3.0994e-06
4.0531e-06
4.1008e-05
9.5367e-07
3.4094e-05
6.1488e-04
1.9073e-06
7.3791e-04
2.8610e-06
4.8804e-04
2.8610e-06
1.9073e-06
4.0054e-05
3.2711e-04
8.7023e-05
1.5202e-03
4.6015e-05
8.0585e-04
3.7909e-05
1.7521e-03
4.0054e-05
7.8702e-04
3.8862e-05
3.8600e-04
1.9073e-06
3.6192e-04
1.9073e-06
1.9073e-06
3.9101e-05
0.0000e+00
3.4094e-05
3.0398e-04
3.7193e-05
2.6703e-04
1.9073e-06
0.0000e+00
3.7909e-05
0.0000e+00
4.6682e-04
4.0531e-06
3.4094e-05
2.3179e-03
6.2943e-05
6.9809e-04
3.0994e-06
9.5367e-07
3.6001e-05
0.0000e+00
7.8917e-05
1.9073e-06
3.8147e-05
9.5367e-07
3.2902e-05
9.5367e-07
3.2902e-05
2.8501e-03
1.9073e-06
1.9073e-06
4.0054e-05
9.5367e-07
3.4094e-05
0.0000e+00
6.1989e-05
1.9073e-06
5.8174e-05
9.8300e-04
1.9073e-06
1.5306e-04
2.8610e-06
1.9073e-06
3.7193e-05
9.5367e-07
3.2902e-05
2.1219e-04
3.6001e-05
1.9073e-06
3.3140e-05
7.1692e-04
3.7909e-05
9.5367e-07
5.6028e-05
6.2299e-04
8.4877e-05
9.5367e-07
3.5048e-05
1.1148e-03
1.9073e-06
2.9111e-04
2.1458e-06
9.5367e-07
3.6955e-05
9.5367e-07
3.3140e-05
4.0793e-04
1.9073e-06
1.1921e-06
3.6955e-05
6.8998e-04
3.6001e-05
1.1921e-06
5.5075e-05
9.5367e-07
3.1948e-05
3.4492e-03
4.2915e-05
2.6107e-04
2.1458e-06
1.0791e-03
3.0994e-06
1.9073e-06
3.9101e-05
5.3000e-04
1.9073e-06
0.0000e+00
3.6001e-05
9.5367e-07
3.3855e-05
9.5367e-07
5.8174e-05
1.2689e-03
1.9073e-06
9.5367e-07
3.7193e-05
9.8200e-03
2.1458e-06
9.5367e-07
4.1962e-05
1.1921e-06
3.3855e-05
9.5367e-07
3.4094e-05
0.0000e+00
3.2902e-05
1.8840e-03
3.9101e-05
9.9993e-04
1.9073e-06
9.5367e-07
3.6955e-05
0.0000e+00
3.3855e-05
0.0000e+00
3.3140e-05
9.5367e-07
3.3855e-05
0.0000e+00
3.2902e-05
3.5629e-03
2.8610e-06
1.9073e-06
1.0395e-04
1.1921e-06
6.2943e-05
2.7251e-03
2.1458e-06
1.9073e-06
4.0054e-05
9.5367e-07
3.4094e-05
9.5367e-07
3.2902e-05
1.1921e-06
3.3855e-05
9.5367e-07
3.3140e-05
3.0439e-03
4.0054e-05
1.9073e-06
5.5075e-05
9.5367e-07
4.1008e-05
1.1921e-06
3.3855e-05
1.1921e-06
3.3855e-05
2.4750e-03
3.0994e-06
9.5367e-07
3.8147e-05
9.5367e-07
3.4094e-05
5.7888e-04
1.9073e-06
2.1458e-06
3.6955e-05
9.5367e-07
5.8889e-05
1.1921e-06
3.2902e-05
0.0000e+00
3.2902e-05
1.1935e-02
4.2915e-05
5.0902e-04
7.2002e-05
1.9073e-06
3.3855e-05
0.0000e+00
5.9843e-05
9.4330e-03
4.3869e-05
1.0579e-03
4.1008e-05
1.9073e-06
3.3140e-05
9.5367e-07
3.5048e-05
1.1289e-03
3.8862e-05
4.7631e-03
3.0994e-06
2.1458e-06
4.3869e-05
9.5367e-07
3.3855e-05
8.1801e-04
3.0994e-06
1.9073e-06
6.3181e-05
8.2183e-04
3.0994e-06
9.5367e-07
3.9101e-05
0.0000e+00
3.2902e-05
9.5367e-07
3.4094e-05
9.8896e-04
3.6955e-05
1.0059e-03
1.9073e-06
9.5367e-07
3.7193e-05
2.8801e-04
1.9073e-06
2.9087e-05
2.1458e-06
9.5367e-07
6.0081e-05
4.9996e-04
3.0994e-06
9.5367e-07
3.6001e-05
3.4270e-03
3.0994e-06
2.8610e-06
4.2200e-05
0.0000e+00
3.2902e-05
0.0000e+00
3.3855e-05
9.5367e-07
3.4094e-05
1.1849e-03
1.9073e-06
3.3617e-04
1.9073e-06
1.9073e-06
3.9101e-05
1.0309e-03
3.6955e-05
9.5367e-07
3.2902e-05
9.5367e-07
3.4094e-05
0.0000e+00
3.2902e-05
0.0000e+00
3.3140e-05
3.3169e-03
3.8862e-05
3.8409e-04
6.1989e-05
7.0786e-04
3.6001e-05
9.5367e-07
3.3140e-05
1.1921e-06
3.2902e-05
8.3113e-04
3.6955e-05
8.4496e-04
1.9073e-06
1.1921e-06
3.6955e-05
0.0000e+00
4.1008e-05
9.5367e-07
8.2016e-05
1.3468e-03
3.0994e-06
9.5367e-07
3.6001e-05
1.1921e-06
3.2902e-05
0.0000e+00
3.3140e-05
1.7231e-03
1.9073e-06
0.0000e+00
3.6001e-05
9.5367e-07
3.2902e-05
0.0000e+00
3.1948e-05
7.6189e-03
1.9073e-06
2.8610e-06
4.7922e-05
9.5367e-07
3.4094e-05
1.9131e-03
3.0994e-06
2.9802e-04
2.1458e-06
9.5367e-07
3.8147e-05
0.0000e+00
3.2902e-05
3.0279e-04
4.0054e-05
1.9073e-06
6.0081e-05
4.2200e-04
2.1458e-06
7.3195e-04
3.0994e-06
9.5367e-07
3.6955e-05
9.5367e-07
3.4094e-05
2.1410e-03
3.7909e-05
2.1458e-06
3.3855e-05
9.5367e-07
3.4094e-05
0.0000e+00
3.1948e-05
2.5980e-03
2.8610e-06
2.1458e-06
7.0095e-05
1.4811e-03
3.0994e-06
9.5367e-07
3.7909e-05
0.0000e+00
3.2902e-05
3.0100e-03
3.0994e-06
1.9073e-06
4.1962e-05
9.5367e-07
3.4094e-05
1.3978e-03
3.7909e-05
9.5367e-07
3.3855e-05
9.5367e-07
6.0081e-05
1.3301e-03
2.1458e-06
3.0260e-03
2.1458e-06
5.6791e-04
2.8610e-06
9.5367e-07
4.2200e-05
9.6178e-04
1.9073e-06
9.5367e-07
3.6955e-05
1.8280e-03
1.9073e-06
9.5367e-07
3.7909e-05
9.5367e-07
3.4094e-05
1.9250e-03
8.7023e-05
2.8610e-06
4.2915e-05
3.7100e-03
1.9073e-06
2.1458e-06
3.9816e-05
1.1511e-03
3.8862e-05
6.3801e-04
3.8862e-05
1.0490e-03
2.1458e-06
4.3392e-04
2.8610e-06
2.1458e-06
3.7909e-05
0.0000e+00
3.3140e-05
9.5367e-07
3.3855e-05
2.6107e-04
3.7193e-05
9.5367e-07
3.2902e-05
1.1802e-03
3.6955e-05
2.1458e-06
3.2902e-05
0.0000e+00
3.2902e-05
9.5367e-07
3.3140e-05
1.1921e-06
5.6028e-05
2.2979e-03
3.9816e-05
2.1880e-03
3.0994e-06
3.7503e-04
3.0994e-06
2.9898e-04
3.0994e-06
3.2496e-04
1.9073e-06
2.1458e-06
4.1962e-05
1.0319e-03
3.0994e-06
3.5810e-04
2.1458e-06
9.5367e-07
3.8147e-05
9.5367e-07
3.2902e-05
1.9073e-06
3.5048e-05
4.1604e-04
3.6001e-05
9.5367e-07
3.3140e-05
9.5367e-07
3.2902e-05
1.2021e-03
3.8147e-05
1.9073e-06
3.3140e-05
0.0000e+00
3.2902e-05
3.1900e-03
6.8903e-05
3.0994e-06
3.5048e-05
0.0000e+00
3.4094e-05
8.0514e-04
3.6955e-05
1.1921e-06
3.2902e-05
9.5367e-07
3.4094e-05
1.8470e-03
3.0994e-06
9.5367e-07
3.9101e-05
2.3699e-04
3.0994e-06
9.5367e-07
5.8889e-05
1.9073e-06
3.4094e-05
9.5367e-07
3.2902e-05
4.9496e-04
3.0994e-06
9.5367e-07
3.6001e-05
2.8551e-03
2.1458e-06
0.0000e+00
3.7909e-05
1.0130e-03
2.1458e-06
8.5497e-04
2.1458e-06
1.9073e-06
3.6955e-05
9.5367e-07
3.5048e-05
6.0201e-04
2.8610e-06
1.1921e-06
3.6955e-05
0.0000e+00
3.4094e-05
1.2722e-03
1.9073e-06
1.1921e-06
3.6955e-05
7.7510e-04
1.9073e-06
0.0000e+00
3.6001e-05
9.5367e-07
3.4094e-05
1.1621e-03
2.1458e-06
9.5367e-07
3.8147e-05
9.5367e-07
3.3855e-05
4.6651e-03
3.0994e-06
9.5367e-07
4.0054e-05
9.5367e-07
3.2902e-05
9.5367e-07
3.4094e-05
9.5367e-07
3.2902e-05
9.5367e-07
3.3140e-05
1.9073e-06
3.6001e-05
4.9305e-04
1.9073e-06
9.5367e-07
3.6001e-05
9.5367e-07
3.3855e-05
0.0000e+00
3.3140e-05
1.9073e-06
3.3140e-05
6.1679e-03
2.8610e-06
1.9073e-06
4.1008e-05
9.5367e-07
6.7949e-05
8.3303e-04
3.7909e-05
9.5367e-07
3.2902e-05
1.0440e-03
2.1458e-06
0.0000e+00
3.6955e-05
0.0000e+00
3.3140e-05
6.2394e-04
3.6955e-05
2.1458e-06
3.3855e-05
6.0010e-04
5.8174e-05
9.5367e-07
3.3140e-05
0.0000e+00
3.2902e-05
4.6241e-03
2.1458e-06
2.8610e-06
4.6015e-05
1.1921e-06
3.3855e-05
9.5367e-07
3.4094e-05
2.9540e-03
2.8610e-06
6.6996e-04
2.1458e-06
1.9073e-06
2.2697e-04
1.1399e-03
4.0054e-05
1.9073e-06
3.9101e-05
4.1120e-03
3.0994e-06
1.9073e-06
3.8862e-05
9.5367e-07
3.3140e-05
1.8811e-04
2.8610e-06
5.8174e-05
2.1458e-06
9.5367e-07
3.5048e-05
1.5593e-04
2.8610e-06
5.4216e-04
1.9073e-06
9.5367e-07
3.6001e-05
1.0180e-03
1.9073e-06
5.9199e-04
1.9073e-06
6.6590e-04
1.9073e-06
9.5367e-07
3.7193e-05
9.5367e-07
3.3855e-05
9.9802e-04
1.9073e-06
9.5367e-07
3.9816e-05
1.1921e-06
3.3855e-05
9.5367e-07
6.0081e-05
9.5367e-07
3.3855e-05
0.0000e+00
3.4094e-05
1.7560e-03
3.0994e-06
9.5367e-07
3.7193e-05
1.1921e-06
3.2902e-05
9.3603e-04
3.6955e-05
9.5367e-07
3.3140e-05
9.5367e-07
5.3883e-05
9.5367e-07
3.4094e-05
1.1921e-06
3.1948e-05
2.7859e-03
3.0994e-06
9.5367e-07
4.0054e-05
9.5367e-07
3.3140e-05
9.5367e-07
3.2902e-05
0.0000e+00
3.2902e-05
9.5367e-07
3.4094e-05
9.5367e-07
3.5048e-05
9.5367e-07
3.3140e-05
2.7330e-03
3.9101e-05
4.7112e-04
4.0054e-05
4.9186e-04
3.0994e-06
6.4993e-04
1.9073e-06
0.0000e+00
3.6001e-05
1.7009e-03
2.8610e-06
5.0998e-04
2.8610e-06
2.1458e-06
6.1035e-05
2.1458e-06
3.3855e-05
5.4002e-03
2.1458e-06
1.0669e-03
2.8610e-06
2.1458e-06
4.1008e-05
4.3106e-04
1.9073e-06
9.5367e-07
3.6955e-05
9.5367e-07
3.4094e-05
0.0000e+00
3.1948e-05
4.0388e-04
2.8610e-06
9.5367e-07
3.6955e-05
9.1505e-04
3.6955e-05
9.5367e-07
3.2902e-05
9.5367e-07
3.3140e-05
9.5367e-07
3.2902e-05
0.0000e+00
4.1008e-05
9.5367e-07
3.2902e-05
1.1921e-06
5.3883e-05
9.5367e-07
3.4809e-05
4.5111e-03
2.1458e-06
6.6090e-04
2.8610e-06
9.5367e-07
4.1008e-05
1.6642e-03
3.0994e-06
0.0000e+00
3.9101e-05
9.5367e-07
3.4094e-05
1.1921e-06
3.2902e-05
0.0000e+00
3.3140e-05
1.6460e-03
2.1458e-06
9.5367e-07
3.7909e-05
1.1921e-06
3.3855e-05
1.1921e-06
3.3855e-05
4.4911e-03
2.8610e-06
2.7609e-04
1.9073e-06
2.1458e-06
4.1962e-05
8.0204e-04
3.6955e-05
2.1458e-06
3.3855e-05
2.1458e-06
3.6001e-05
9.5367e-07
3.2902e-05
1.1921e-06
3.2902e-05
2.8381e-03
3.0994e-06
5.8699e-04
2.1458e-06
1.9073e-06
4.1962e-05
9.5367e-07
3.3855e-05
9.5367e-07
3.2902e-05
9.5367e-07
6.1035e-05
4.6110e-04
3.7193e-05
3.7694e-04
3.7193e-05
3.1185e-04
3.0994e-06
2.2888e-04
1.9073e-06
1.1921e-06
3.8862e-05
9.5367e-07
3.3140e-05
1.2803e-04
3.6001e-05
1.8311e-04
3.6001e-05
1.3950e-03
2.8610e-06
4.0531e-06
4.3154e-05
4.3988e-04
1.9073e-06
9.5367e-07
3.9101e-05
1.1261e-03
4.3869e-05
3.9601e-04
3.6955e-05
1.9073e-06
3.4094e-05
5.2018e-03
5.1022e-05
3.0994e-06
3.4094e-05
1.9073e-06
3.5048e-05
9.5367e-07
3.3140e-05
9.5367e-07
3.3855e-05
1.1921e-06
3.2902e-05
0.0000e+00
3.3140e-05
2.7409e-03
4.2915e-05
3.0994e-06
3.4094e-05
3.3998e-04
3.0994e-06
1.1921e-06
3.8862e-05
2.1458e-06
3.3855e-05
9.5367e-07
3.3140e-05
8.1587e-04
2.8610e-06
9.5367e-07
3.6001e-05
9.5367e-07
3.3855e-05
4.5300e-04
3.5048e-05
9.5367e-07
3.3140e-05
2.1458e-06
3.6001e-05
9.5367e-07
3.2902e-05
0.0000e+00
3.2902e-05
1.1439e-03
3.6955e-05
5.4312e-04
3.8147e-05
9.5367e-07
3.2902e-05
2.2984e-04
3.6955e-05
1.9073e-06
5.4121e-05
6.6590e-04
3.0994e-06
9.5367e-07
3.5048e-05
9.5367e-07
3.2187e-05
3.9387e-04
2.8610e-06
9.5367e-07
3.5763e-05
1.0705e-04
3.6001e-05
4.6206e-04
2.8610e-06
2.0003e-04
2.1458e-06
9.5367e-07
3.6955e-05
2.0385e-04
2.8610e-06
1.1921e-06
3.6001e-05
0.0000e+00
3.3140e-05
1.1921e-06
3.2902e-05
9.5367e-07
3.3140e-05
7.2002e-04
3.6955e-05
9.5367e-07
3.3855e-05
9.5367e-07
3.4094e-05
5.0497e-04
2.1458e-06
1.9073e-06
3.6955e-05
1.1921e-06
3.3855e-05
9.5367e-07
3.4094e-05
1.4019e-03
4.3154e-05
1.9073e-06
3.5048e-05
9.5367e-07
3.4094e-05
9.5367e-07
3.2902e-05
1.1921e-06
5.9843e-05
2.1458e-06
3.6001e-05
0.0000e+00
3.2902e-05
7.7295e-04
3.6955e-05
9.5367e-07
8.2970e-05
1.9073e-06
3.6001e-05
3.3879e-03
2.1458e-06
1.9073e-06
4.4107e-05
9.5367e-07
3.4094e-05
2.0385e-04
3.0994e-06
9.5367e-07
3.6001e-05
9.5367e-07
3.3140e-05
1.0395e-04
1.9073e-06
9.5367e-07
3.6001e-05
1.1921e-06
3.3855e-05
9.2697e-04
1.9073e-06
1.1921e-06
3.8862e-05
1.5807e-04
2.1458e-06
2.1791e-04
1.9073e-06
1.9073e-06
3.7193e-05
9.5367e-07
3.3855e-05
1.1921e-06
3.2902e-05
0.0000e+00
3.3140e-05
1.9073e-06
3.3140e-05
9.5367e-07
3.2902e-05
3.8004e-04
3.0994e-06
9.5367e-07
3.6001e-05
3.8004e-04
3.6955e-05
2.5916e-04
3.6001e-05
2.1458e-06
3.3855e-05
4.3797e-04
3.6001e-05
2.2292e-04
3.6955e-05
9.5367e-07
3.2902e-05
1.1082e-03
3.6955e-05
3.5596e-04
3.0994e-06
2.1458e-06
3.6001e-05
9.5367e-07
3.1948e-05
0.0000e+00
3.3140e-05
7.2598e-04
1.9073e-06
9.5367e-07
3.6001e-05
3.0994e-04
3.0994e-06
3.9482e-04
1.9073e-06
9.5367e-07
3.6001e-05
0.0000e+00
3.2902e-05
1.1921e-06
5.6028e-05
2.7585e-04
1.9073e-06
1.1921e-06
3.7909e-05
2.3699e-04
2.1458e-06
0.0000e+00
3.6001e-05
2.4796e-04
3.0994e-06
4.8995e-04
1.9073e-06
9.5367e-07
3.6001e-05
9.5367e-07
3.3140e-05
9.5367e-07
3.4094e-05
1.1921e-06
3.5048e-05
0.0000e+00
3.2902e-05
0.0000e+00
3.3140e-05
0.0000e+00
3.2902e-05
1.1911e-03
3.9101e-05
5.7292e-04
1.9073e-06
9.5367e-07
3.6955e-05
0.0000e+00
3.3855e-05
1.9073e-06
3.6001e-05
9.5367e-07
3.4094e-05
0.0000e+00
3.2902e-05
8.3089e-04
2.1458e-06
9.5367e-07
3.8147e-05
9.5367e-07
3.3855e-05
9.5367e-07
2.5296e-04
4.5705e-04
2.1458e-06
1.2958e+00
