1.0000e+01	1.0000e+01	1.0678e+01	1.0165e+01	1.008743e-48	2.169536e-01	5.920685e-45	2.169536e-01	1.703761e-04	4.399641e-01	0	
1.0000e+01	1.0000e+01	9.3902e+00	1.0145e+01	5.082703e-43	2.914919e-01	5.920685e-45	2.914919e-01	8.584654e+01	3.795405e-01	1	
9.3902e+00	1.0145e+01	8.8935e+00	1.0482e+01	1.478255e-42	3.226756e-01	5.082703e-43	3.226756e-01	2.908403e+00	9.335697e-01	1	
8.8935e+00	1.0482e+01	9.5257e+00	1.0633e+01	8.857118e-46	2.655233e-01	1.478255e-42	2.655233e-01	5.991603e-04	1.531454e-02	0	
8.8935e+00	1.0482e+01	8.9607e+00	1.0730e+01	5.826022e-44	8.088761e-01	1.478255e-42	8.088761e-01	3.941148e-02	8.903379e-01	0	
8.8935e+00	1.0482e+01	9.1467e+00	1.0775e+01	6.699049e-45	6.226943e-01	1.478255e-42	6.226943e-01	4.531727e-03	4.133882e-01	0	
8.8935e+00	1.0482e+01	8.7370e+00	1.1302e+01	7.757564e-46	1.126813e-01	1.478255e-42	1.126813e-01	5.247785e-04	7.557042e-01	0	
8.8935e+00	1.0482e+01	8.4986e+00	1.0155e+01	1.336683e-39	4.375483e-01	1.478255e-42	4.375483e-01	9.042302e+02	9.937501e-01	1	
8.4986e+00	1.0155e+01	8.3195e+00	9.4899e+00	4.131786e-36	2.260662e-01	1.336683e-39	2.260662e-01	3.091074e+03	1.691472e-01	1	
8.3195e+00	9.4899e+00	8.5784e+00	9.7646e+00	3.292831e-38	6.372519e-01	4.131786e-36	6.372519e-01	7.969510e-03	9.643494e-01	0	
8.3195e+00	9.4899e+00	8.3857e+00	1.0173e+01	2.869968e-39	2.279735e-01	4.131786e-36	2.279735e-01	6.946071e-04	1.064970e-01	0	
8.3195e+00	9.4899e+00	8.3095e+00	9.3158e+00	2.308309e-35	9.045127e-01	4.131786e-36	9.045127e-01	5.586710e+00	9.282024e-01	1	
8.3095e+00	9.3158e+00	7.3057e+00	9.4544e+00	1.592926e-32	4.016942e-02	2.308309e-35	4.016942e-02	6.900833e+02	3.855104e-01	1	
7.3057e+00	9.4544e+00	6.6833e+00	9.2279e+00	1.027281e-29	2.525840e-01	1.592926e-32	2.525840e-01	6.449019e+02	6.583223e-01	1	
6.6833e+00	9.2279e+00	6.7647e+00	9.4558e+00	7.064312e-31	8.282741e-01	1.027281e-29	8.282741e-01	6.876710e-02	5.667198e-01	0	
6.6833e+00	9.2279e+00	7.1436e+00	8.9886e+00	3.767184e-30	4.289450e-01	1.027281e-29	4.289450e-01	3.667141e-01	3.132552e-01	1	
7.1436e+00	8.9886e+00	7.8031e+00	9.4741e+00	3.085291e-34	1.223442e-01	3.767184e-30	1.223442e-01	8.189915e-05	6.487153e-01	0	
7.1436e+00	8.9886e+00	6.9075e+00	8.9497e+00	2.806525e-29	8.316669e-01	3.767184e-30	8.316669e-01	7.449930e+00	2.397130e-01	1	
6.9075e+00	8.9497e+00	6.5355e+00	8.6069e+00	6.933011e-27	4.471108e-01	2.806525e-29	4.471108e-01	2.470318e+02	4.753160e-01	1	
6.5355e+00	8.6069e+00	6.3940e+00	8.2649e+00	3.098621e-25	6.482991e-01	6.933011e-27	6.482991e-01	4.469372e+01	6.758909e-01	1	
6.3940e+00	8.2649e+00	6.7308e+00	8.4809e+00	5.568540e-27	6.031566e-01	3.098621e-25	6.031566e-01	1.797103e-02	9.137007e-01	0	
6.3940e+00	8.2649e+00	6.5914e+00	8.0263e+00	6.006535e-25	7.372051e-01	3.098621e-25	7.372051e-01	1.938454e+00	2.069111e-01	1	
6.5914e+00	8.0263e+00	6.1115e+00	7.6353e+00	2.703761e-22	3.004016e-01	6.006535e-25	3.004016e-01	4.501366e+02	1.697689e-01	1	
6.1115e+00	7.6353e+00	6.6155e+00	7.8696e+00	1.778871e-24	3.787869e-01	2.703761e-22	3.787869e-01	6.579246e-03	2.558305e-01	0	
6.1115e+00	7.6353e+00	6.0092e+00	7.8004e+00	1.405757e-22	8.841292e-01	2.703761e-22	8.841292e-01	5.199265e-01	3.860055e-01	1	
6.0092e+00	7.8004e+00	6.1315e+00	6.9147e+00	4.525683e-20	8.178810e-02	1.405757e-22	8.178810e-02	3.219392e+02	3.648288e-01	1	
6.1315e+00	6.9147e+00	6.0588e+00	6.8839e+00	8.718899e-20	9.755148e-01	4.525683e-20	9.755148e-01	1.926538e+00	2.120241e-01	1	
6.0588e+00	6.8839e+00	5.8184e+00	6.7673e+00	8.054809e-19	7.958739e-01	8.718899e-20	7.958739e-01	9.238332e+00	2.975638e-01	1	
5.8184e+00	6.7673e+00	5.8500e+00	7.5516e+00	2.440253e-21	1.450607e-01	8.054809e-19	1.450607e-01	3.029561e-03	6.915012e-01	0	
5.8184e+00	6.7673e+00	5.4846e+00	7.1334e+00	4.170786e-19	4.619616e-01	8.054809e-19	4.619616e-01	5.178008e-01	3.947180e-01	1	
5.4846e+00	7.1334e+00	5.4486e+00	6.7828e+00	5.822395e-18	6.747628e-01	4.170786e-19	6.747628e-01	1.395995e+01	3.347124e-01	1	
5.4486e+00	6.7828e+00	5.8449e+00	6.6306e+00	1.724193e-18	5.664391e-01	5.822395e-18	5.664391e-01	2.961313e-01	9.014415e-01	0	
5.4486e+00	6.7828e+00	5.5249e+00	7.2019e+00	2.044691e-19	5.642049e-01	5.822395e-18	5.642049e-01	3.511769e-02	3.237032e-01	0	
5.4486e+00	6.7828e+00	5.7081e+00	6.4273e+00	1.432544e-17	5.430344e-01	5.822395e-18	5.430344e-01	2.460403e+00	3.624892e-01	1	
5.7081e+00	6.4273e+00	5.1251e+00	6.7506e+00	4.002873e-17	2.481012e-01	1.432544e-17	2.481012e-01	2.794242e+00	6.806762e-01	1	
5.1251e+00	6.7506e+00	4.8727e+00	6.4129e+00	1.305660e-15	5.706916e-01	4.002873e-17	5.706916e-01	3.261806e+01	4.783443e-01	1	
4.8727e+00	6.4129e+00	5.3374e+00	6.6158e+00	3.245993e-17	4.453371e-01	1.305660e-15	4.453371e-01	2.486094e-02	6.321434e-01	0	
4.8727e+00	6.4129e+00	4.7365e+00	7.3675e+00	3.495550e-18	5.443742e-02	1.305660e-15	5.443742e-02	2.677229e-03	6.553518e-01	0	
4.8727e+00	6.4129e+00	5.1485e+00	6.6211e+00	8.443161e-17	6.849508e-01	1.305660e-15	6.849508e-01	6.466586e-02	1.004697e-01	0	
4.8727e+00	6.4129e+00	5.3980e+00	6.7565e+00	9.149737e-18	2.902901e-01	1.305660e-15	2.902901e-01	7.007750e-03	2.632438e-01	0	
4.8727e+00	6.4129e+00	4.8241e+00	6.3229e+00	2.931786e-15	9.627044e-01	1.305660e-15	9.627044e-01	2.245444e+00	8.017173e-01	1	
4.8241e+00	6.3229e+00	5.4285e+00	6.1128e+00	4.885079e-16	2.767422e-01	2.931786e-15	2.767422e-01	1.666247e-01	1.561213e-01	1	
5.4285e+00	6.1128e+00	5.8260e+00	6.6483e+00	1.712106e-18	2.477862e-01	4.885079e-16	2.477862e-01	3.504765e-03	6.703192e-01	0	
5.4285e+00	6.1128e+00	5.4928e+00	6.2023e+00	1.980663e-16	9.576327e-01	4.885079e-16	9.576327e-01	4.054515e-01	8.854522e-01	0	
5.4285e+00	6.1128e+00	5.1994e+00	6.0685e+00	2.161745e-15	8.390744e-01	4.885079e-16	8.390744e-01	4.425199e+00	1.435522e-01	1	
5.1994e+00	6.0685e+00	4.4694e+00	5.7676e+00	4.372932e-13	1.417985e-01	2.161745e-15	1.417985e-01	2.022872e+02	8.467886e-01	1	
4.4694e+00	5.7676e+00	3.9085e+00	5.3930e+00	3.706539e-11	2.400206e-01	4.372932e-13	2.400206e-01	8.476094e+01	2.425019e-01	1	
3.9085e+00	5.3930e+00	4.2601e+00	5.3844e+00	9.233541e-12	6.756868e-01	3.706539e-11	6.756868e-01	2.491149e-01	2.575391e-01	0	
3.9085e+00	5.3930e+00	3.6163e+00	5.9090e+00	6.026255e-12	3.314816e-01	3.706539e-11	3.314816e-01	1.625844e-01	6.619941e-01	0	
3.9085e+00	5.3930e+00	3.8087e+00	5.4237e+00	4.614780e-11	9.614140e-01	3.706539e-11	9.614140e-01	1.245038e+00	9.093961e-02	1	
3.8087e+00	5.4237e+00	3.6331e+00	5.6557e+00	2.452465e-11	7.634629e-01	4.614780e-11	7.634629e-01	5.314370e-01	4.500602e-01	1	
3.6331e+00	5.6557e+00	3.8287e+00	6.2235e+00	4.057334e-13	3.223668e-01	2.452465e-11	3.223668e-01	1.654390e-02	5.838833e-01	0	
3.6331e+00	5.6557e+00	4.2350e+00	4.7868e+00	2.146718e-10	3.028511e-02	2.452465e-11	3.028511e-02	8.753308e+00	9.716215e-01	1	
4.2350e+00	4.7868e+00	3.7920e+00	3.9480e+00	4.951308e-08	5.979311e-02	2.146718e-10	5.979311e-02	2.306455e+02	1.845672e-01	1	
3.7920e+00	3.9480e+00	4.0589e+00	4.5310e+00	1.467012e-09	2.752936e-01	4.951308e-08	2.752936e-01	2.962878e-02	1.196737e-01	0	
3.7920e+00	3.9480e+00	4.0524e+00	3.8647e+00	2.469094e-08	7.875413e-01	4.951308e-08	7.875413e-01	4.986751e-01	1.634671e-01	1	
4.0524e+00	3.8647e+00	4.4534e+00	3.5926e+00	1.237207e-08	4.775571e-01	2.469094e-08	4.775571e-01	5.010771e-01	6.878328e-01	0	
4.0524e+00	3.8647e+00	3.5441e+00	4.0158e+00	9.386695e-08	4.131257e-01	2.469094e-08	4.131257e-01	3.801676e+00	3.416385e-01	1	
3.5441e+00	4.0158e+00	3.5680e+00	3.8802e+00	1.472544e-07	9.375377e-01	9.386695e-08	9.375377e-01	1.568756e+00	6.870991e-01	1	
3.5680e+00	3.8802e+00	3.7835e+00	2.9530e+00	1.584168e-06	5.861667e-02	1.472544e-07	5.861667e-02	1.075803e+01	5.400324e-02	1	
3.7835e+00	2.9530e+00	3.3243e+00	3.2042e+00	3.739072e-06	4.225586e-01	1.584168e-06	4.225586e-01	2.360276e+00	4.292150e-01	1	
3.3243e+00	3.2042e+00	2.9870e+00	3.2808e+00	8.454589e-06	6.844058e-01	3.739072e-06	6.844058e-01	2.261146e+00	4.809548e-01	1	
2.9870e+00	3.2808e+00	3.3172e+00	3.3959e+00	2.033471e-06	6.787819e-01	8.454589e-06	6.787819e-01	2.405168e-01	4.989724e-01	0	
2.9870e+00	3.2808e+00	3.7343e+00	3.4784e+00	3.518223e-07	1.536842e-01	8.454589e-06	1.536842e-01	4.161318e-02	4.456401e-01	0	
2.9870e+00	3.2808e+00	2.5624e+00	3.6641e+00	7.256318e-06	3.579306e-01	8.454589e-06	3.579306e-01	8.582698e-01	3.143129e-01	1	
2.5624e+00	3.6641e+00	2.8176e+00	3.7084e+00	3.102716e-06	8.066731e-01	7.256318e-06	8.066731e-01	4.275883e-01	4.609411e-01	0	
2.5624e+00	3.6641e+00	2.8104e+00	3.6868e+00	3.428157e-06	8.194511e-01	7.256318e-06	8.194511e-01	4.724376e-01	7.124797e-01	0	
2.5624e+00	3.6641e+00	2.1224e+00	3.5669e+00	2.889977e-05	5.273395e-01	7.256318e-06	5.273395e-01	3.982705e+00	5.068328e-01	1	
2.1224e+00	3.5669e+00	2.8273e+00	2.9628e+00	3.629688e-05	6.727293e-02	2.889977e-05	6.727293e-02	1.255957e+00	8.647251e-01	1	
2.8273e+00	2.9628e+00	2.8136e+00	3.3412e+00	1.144818e-05	6.355080e-01	3.629688e-05	6.355080e-01	3.154039e-01	3.740103e-02	1	
2.8136e+00	3.3412e+00	3.1303e+00	2.8200e+00	2.224291e-05	3.110717e-01	1.144818e-05	3.110717e-01	1.942922e+00	9.184129e-01	1	
3.1303e+00	2.8200e+00	2.9275e+00	2.1806e+00	2.033394e-04	2.438294e-01	2.224291e-05	2.438294e-01	9.141758e+00	3.818136e-01	1	
2.9275e+00	2.1806e+00	2.7530e+00	2.1286e+00	3.733990e-04	8.967814e-01	2.033394e-04	8.967814e-01	1.836334e+00	2.661042e-01	1	
2.7530e+00	2.1286e+00	2.7908e+00	2.1836e+00	2.986293e-04	9.809606e-01	3.733990e-04	9.809606e-01	7.997593e-01	5.910767e-01	1	
2.7908e+00	2.1836e+00	2.6429e+00	1.6551e+00	1.230709e-03	3.881476e-01	2.986293e-04	3.881476e-01	4.121193e+00	1.308840e-01	1	
2.6429e+00	1.6551e+00	3.4385e+00	2.2863e+00	3.158110e-05	3.964240e-02	1.230709e-03	3.964240e-02	2.566090e-02	8.412136e-01	0	
2.6429e+00	1.6551e+00	1.9979e+00	1.9617e+00	3.158010e-03	2.020612e-01	1.230709e-03	2.020612e-01	2.566008e+00	6.767972e-02	1	
1.9979e+00	1.9617e+00	2.0497e+00	1.4938e+00	6.381358e-03	4.977147e-01	3.158010e-03	4.977147e-01	2.020690e+00	1.176966e-01	1	
2.0497e+00	1.4938e+00	1.8436e+00	1.7959e+00	5.800305e-03	6.549699e-01	6.381358e-03	6.549699e-01	9.089452e-01	7.600582e-01	1	
1.8436e+00	1.7959e+00	2.0291e+00	2.2075e+00	1.776988e-03	5.261471e-01	5.800305e-03	5.261471e-01	3.063612e-01	8.508213e-01	0	
1.8436e+00	1.7959e+00	1.5095e+00	2.1653e+00	4.886077e-03	4.581512e-01	5.800305e-03	4.581512e-01	8.423828e-01	4.600042e-01	1	
1.5095e+00	2.1653e+00	1.5527e+00	2.3585e+00	2.953775e-03	8.799980e-01	4.886077e-03	8.799980e-01	6.045289e-01	8.090838e-02	1	
1.5527e+00	2.3585e+00	1.0787e+00	2.5428e+00	3.508320e-03	4.433041e-01	2.953775e-03	4.433041e-01	1.187741e+00	1.821700e-01	1	
1.0787e+00	2.5428e+00	9.1482e-01	2.0773e+00	1.210833e-02	4.646478e-01	3.508320e-03	4.646478e-01	3.451317e+00	4.792565e-01	1	
9.1482e-01	2.0773e+00	7.1141e-01	1.5611e+00	3.653512e-02	3.801695e-01	1.210833e-02	3.801695e-01	3.017355e+00	2.132448e-01	1	
7.1141e-01	1.5611e+00	1.1182e+00	1.5273e+00	2.653166e-02	5.909444e-01	3.653512e-02	5.909444e-01	7.261961e-01	1.898301e-01	1	
1.1182e+00	1.5273e+00	7.7804e-01	1.2908e+00	5.111849e-02	5.817262e-01	2.653166e-02	5.817262e-01	1.926698e+00	5.433423e-01	1	
7.7804e-01	1.2908e+00	1.0370e+00	9.9842e-01	5.647209e-02	6.175369e-01	5.111849e-02	6.175369e-01	1.104729e+00	2.887198e-01	1	
1.0370e+00	9.9842e-01	5.3427e-01	1.1097e+00	7.455109e-02	4.343769e-01	5.647209e-02	4.343769e-01	1.320140e+00	4.540504e-01	1	
5.3427e-01	1.1097e+00	1.0656e+00	1.1263e+00	4.783602e-02	4.112863e-01	7.455109e-02	4.112863e-01	6.416541e-01	5.659081e-01	1	
1.0656e+00	1.1263e+00	1.1620e+00	1.2461e+00	3.727705e-02	9.239125e-01	4.783602e-02	9.239125e-01	7.792674e-01	7.672473e-01	1	
1.1620e+00	1.2461e+00	5.1863e-01	1.0439e+00	8.067959e-02	2.401413e-01	3.727705e-02	2.401413e-01	2.164323e+00	2.857515e-01	1	
5.1863e-01	1.0439e+00	5.1569e-02	8.1575e-01	1.139578e-01	4.275289e-01	8.067959e-02	4.275289e-01	1.412473e+00	3.522741e-01	1	
5.1569e-02	8.1575e-01	-2.0744e-01	1.0310e+00	9.154638e-02	6.978297e-01	1.139578e-01	6.978297e-01	8.033361e-01	3.129705e-02	1	
-2.0744e-01	1.0310e+00	-1.4861e-01	1.3015e+00	6.748407e-02	7.829390e-01	9.154638e-02	7.829390e-01	7.371572e-01	5.741352e-01	1	
-1.4861e-01	1.3015e+00	9.0754e-01	1.6205e+00	2.835975e-02	2.216555e-02	6.748407e-02	2.216555e-02	4.202437e-01	3.552366e-03	1	
9.0754e-01	1.6205e+00	8.6931e-01	2.3299e+00	7.227526e-03	2.055346e-01	2.835975e-02	2.055346e-01	2.548515e-01	1.396369e-01	1	
8.6931e-01	2.3299e+00	4.4427e-01	2.0403e+00	1.798835e-02	4.352500e-01	7.227526e-03	4.352500e-01	2.488867e+00	9.368874e-01	1	
4.4427e-01	2.0403e+00	7.3047e-01	1.9838e+00	1.703605e-02	7.624216e-01	1.798835e-02	7.624216e-01	9.470600e-01	8.296645e-01	1	
7.3047e-01	1.9838e+00	6.9192e-01	1.7396e+00	2.758773e-02	8.217762e-01	1.703605e-02	8.217762e-01	1.619374e+00	3.739550e-01	1	
6.9192e-01	1.7396e+00	1.0704e+00	1.9252e+00	1.406595e-02	5.708696e-01	2.758773e-02	5.708696e-01	5.098625e-01	3.701277e-01	1	
1.0704e+00	1.9252e+00	1.2231e+00	2.3642e+00	4.605316e-03	5.064590e-01	1.406595e-02	5.064590e-01	3.274088e-01	9.999176e-01	0	
1.0704e+00	1.9252e+00	3.8255e-01	1.9392e+00	2.256417e-02	2.266328e-01	1.406595e-02	2.266328e-01	1.604169e+00	8.015572e-01	1	
3.8255e-01	1.9392e+00	6.5591e-01	1.5970e+00	3.585820e-02	5.461532e-01	2.256417e-02	5.461532e-01	1.589166e+00	3.804270e-01	1	
6.5591e-01	1.5970e+00	6.5647e-01	2.0779e+00	1.481358e-02	4.828547e-01	3.585820e-02	4.828547e-01	4.131155e-01	8.444590e-03	1	
6.5647e-01	2.0779e+00	6.1204e-01	1.9685e+00	1.901289e-02	9.522912e-01	1.481358e-02	9.522912e-01	1.283477e+00	3.177523e-01	1	
6.1204e-01	1.9685e+00	9.2279e-01	2.0679e+00	1.225680e-02	7.132431e-01	1.901289e-02	7.132431e-01	6.446577e-01	8.406791e-01	0	
6.1204e-01	1.9685e+00	5.8377e-01	1.9161e+00	2.140960e-02	9.837524e-01	1.901289e-02	9.837524e-01	1.126057e+00	3.571698e-01	1	
5.8377e-01	1.9161e+00	7.7199e-01	1.7789e+00	2.427969e-02	8.396333e-01	2.140960e-02	8.396333e-01	1.134056e+00	3.838809e-01	1	
7.7199e-01	1.7789e+00	1.3858e+00	2.1682e+00	5.807298e-03	1.908639e-01	2.427969e-02	1.908639e-01	2.391834e-01	4.362676e-01	0	
7.7199e-01	1.7789e+00	9.2361e-01	2.5508e+00	4.015310e-03	1.438526e-01	2.427969e-02	1.438526e-01	1.653773e-01	8.027595e-01	0	
7.7199e-01	1.7789e+00	7.2709e-01	2.4835e+00	5.593196e-03	2.094644e-01	2.427969e-02	2.094644e-01	2.303652e-01	7.255253e-01	0	
7.7199e-01	1.7789e+00	1.9869e-01	2.0668e+00	1.843698e-02	2.748931e-01	2.427969e-02	2.748931e-01	7.593583e-01	8.313621e-01	0	
7.7199e-01	1.7789e+00	8.9834e-01	1.3804e+00	4.100143e-02	5.761190e-01	2.427969e-02	5.761190e-01	1.688713e+00	8.835905e-01	1	
8.9834e-01	1.3804e+00	1.3223e+00	1.2427e+00	3.067767e-02	5.346156e-01	4.100143e-02	5.346156e-01	7.482099e-01	6.888436e-01	1	
1.3223e+00	1.2427e+00	1.9812e+00	8.4911e-01	1.559356e-02	1.578624e-01	3.067767e-02	1.578624e-01	5.083031e-01	5.395715e-01	0	
1.3223e+00	1.2427e+00	1.6517e+00	7.5634e-01	3.056449e-02	3.384042e-01	3.067767e-02	3.384042e-01	9.963105e-01	4.803875e-01	1	
1.6517e+00	7.5634e-01	1.7853e+00	7.4867e-01	2.443590e-02	9.405943e-01	3.056449e-02	9.405943e-01	7.994866e-01	2.321134e-01	1	
1.7853e+00	7.4867e-01	1.9130e+00	8.4007e-01	1.794381e-02	9.209116e-01	2.443590e-02	9.209116e-01	7.343219e-01	3.723599e-01	1	
1.9130e+00	8.4007e-01	2.9410e+00	6.5133e-01	1.704187e-03	3.274705e-02	1.794381e-02	3.274705e-02	9.497353e-02	8.789754e-01	0	
1.9130e+00	8.4007e-01	1.5871e+00	9.6991e-01	2.822300e-02	6.770826e-01	1.794381e-02	6.770826e-01	1.572854e+00	5.612302e-01	1	
1.5871e+00	9.6991e-01	1.3758e+00	9.8444e-01	3.804866e-02	8.646814e-01	2.822300e-02	8.646814e-01	1.348144e+00	8.175298e-01	1	
1.3758e+00	9.8444e-01	1.1668e+00	1.0469e+00	4.657690e-02	8.573028e-01	3.804866e-02	8.573028e-01	1.224140e+00	3.504741e-01	1	
1.1668e+00	1.0469e+00	1.4990e+00	9.2082e-01	3.386451e-02	6.704323e-01	4.657690e-02	6.704323e-01	7.270667e-01	9.463746e-01	0	
1.1668e+00	1.0469e+00	1.1306e+00	5.5560e-01	7.197807e-02	4.659370e-01	4.657690e-02	4.659370e-01	1.545360e+00	1.314034e-01	1	
1.1306e+00	5.5560e-01	8.7189e-01	9.6182e-01	6.852749e-02	4.818245e-01	7.197807e-02	4.818245e-01	9.520606e-01	8.438384e-01	1	
8.7189e-01	9.6182e-01	1.3208e+00	8.8025e-01	4.515823e-02	5.189720e-01	6.852749e-02	5.189720e-01	6.589799e-01	6.232290e-01	1	
1.3208e+00	8.8025e-01	1.6257e+00	1.1283e+00	2.246447e-02	6.138590e-01	4.515823e-02	6.138590e-01	4.974611e-01	1.356469e-01	1	
1.6257e+00	1.1283e+00	1.8545e+00	9.6332e-01	1.792677e-02	7.757737e-01	2.246447e-02	7.757737e-01	7.980055e-01	9.297084e-01	0	
1.6257e+00	1.1283e+00	1.8460e+00	8.4558e-01	2.025596e-02	6.658301e-01	2.246447e-02	6.658301e-01	9.016888e-01	9.860915e-01	0	
1.6257e+00	1.1283e+00	1.6607e+00	6.1937e-01	3.308862e-02	4.411379e-01	2.246447e-02	4.411379e-01	1.472932e+00	6.226487e-01	1	
1.6607e+00	6.1937e-01	7.9308e-01	-2.5927e-01	1.123684e-01	8.480696e-03	3.308862e-02	8.480696e-03	3.395984e+00	9.734467e-01	1	
7.9308e-01	-2.5927e-01	7.5594e-01	1.2345e-01	1.186927e-01	6.266647e-01	1.123684e-01	6.266647e-01	1.056281e+00	4.831655e-01	1	
7.5594e-01	1.2345e-01	5.2520e-01	2.8116e-01	1.332780e-01	7.792636e-01	1.186927e-01	7.792636e-01	1.122883e+00	7.887232e-01	1	
5.2520e-01	2.8116e-01	1.7655e-01	4.0462e-01	1.443776e-01	6.487059e-01	1.332780e-01	6.487059e-01	1.083282e+00	4.697088e-02	1	
1.7655e-01	4.0462e-01	6.8024e-01	2.8292e-01	1.213273e-01	4.298187e-01	1.443776e-01	4.298187e-01	8.403470e-01	6.030934e-01	1	
6.8024e-01	2.8292e-01	9.0108e-01	5.4250e-01	9.153770e-02	6.919339e-01	1.213273e-01	6.919339e-01	7.544691e-01	5.119998e-01	1	
9.0108e-01	5.4250e-01	3.9447e-01	5.9214e-01	1.235640e-01	4.426133e-01	9.153770e-02	4.426133e-01	1.349871e+00	9.646034e-01	1	
3.9447e-01	5.9214e-01	-6.6059e-01	1.5318e+00	3.958857e-02	1.944232e-03	1.235640e-01	1.944232e-03	3.203890e-01	5.876878e-01	0	
3.9447e-01	5.9214e-01	7.2092e-01	8.4192e-01	8.610798e-02	5.866708e-01	1.235640e-01	5.866708e-01	6.968693e-01	3.786258e-01	1	
7.2092e-01	8.4192e-01	4.9352e-01	1.2957e+00	6.086741e-02	4.447079e-01	8.610798e-02	4.447079e-01	7.068730e-01	2.976726e-02	1	
4.9352e-01	1.2957e+00	7.7872e-01	1.4821e+00	3.918873e-02	6.920737e-01	6.086741e-02	6.920737e-01	6.438378e-01	6.566069e-01	0	
4.9352e-01	1.2957e+00	5.7504e-01	1.0965e+00	7.394879e-02	8.606786e-01	6.086741e-02	8.606786e-01	1.214916e+00	4.740445e-01	1	
5.7504e-01	1.0965e+00	4.0511e-01	9.6744e-01	9.182149e-02	8.627848e-01	7.394879e-02	8.627848e-01	1.241690e+00	1.386350e-01	1	
4.0511e-01	9.6744e-01	5.4435e-01	6.2489e-01	1.128970e-01	6.488433e-01	9.182149e-02	6.488433e-01	1.229527e+00	5.904396e-01	1	
5.4435e-01	6.2489e-01	6.6425e-01	2.8193e-01	1.226729e-01	6.584954e-01	1.128970e-01	6.584954e-01	1.086591e+00	1.628941e-01	1	
6.6425e-01	2.8193e-01	9.7437e-01	1.1745e+00	4.967480e-02	6.109914e-02	1.226729e-01	6.109914e-02	4.049370e-01	4.876335e-01	0	
6.6425e-01	2.8193e-01	9.7795e-02	5.7691e-01	1.341129e-01	2.780550e-01	1.226729e-01	2.780550e-01	1.093256e+00	1.288527e-01	1	
9.7795e-02	5.7691e-01	3.7773e-01	5.7863e-01	1.253526e-01	7.786532e-01	1.341129e-01	7.786532e-01	9.346794e-01	1.905012e-01	1	
3.7773e-01	5.7863e-01	1.5354e-01	-2.6588e-01	1.518274e-01	9.152498e-02	1.253526e-01	9.152498e-02	1.211202e+00	5.289724e-01	1	
1.5354e-01	-2.6588e-01	8.9093e-01	-2.1243e-01	1.046309e-01	1.802483e-01	1.518274e-01	1.802483e-01	6.891438e-01	7.581261e-01	0	
1.5354e-01	-2.6588e-01	-1.4191e-01	-3.2006e-01	1.496936e-01	7.503292e-01	1.518274e-01	7.503292e-01	9.859459e-01	2.877090e-01	1	
-1.4191e-01	-3.2006e-01	-4.1104e-01	-7.6802e-01	1.089050e-01	4.237010e-01	1.496936e-01	4.237010e-01	7.275198e-01	5.504870e-01	1	
-4.1104e-01	-7.6802e-01	-4.4469e-01	-5.3012e-01	1.252720e-01	8.305356e-01	1.089050e-01	8.305356e-01	1.150287e+00	2.804457e-01	1	
-4.4469e-01	-5.3012e-01	-5.1570e-01	-4.7031e-01	1.247499e-01	9.682824e-01	1.252720e-01	9.682824e-01	9.958323e-01	9.732777e-01	1	
-5.1570e-01	-4.7031e-01	-8.8822e-01	-9.9028e-01	6.569863e-02	2.769599e-01	1.247499e-01	2.769599e-01	5.266428e-01	4.514412e-02	1	
-8.8822e-01	-9.9028e-01	-5.5735e-01	-1.3084e+00	5.789155e-02	5.149488e-01	6.569863e-02	5.149488e-01	8.811684e-01	9.883627e-01	0	
-8.8822e-01	-9.9028e-01	-1.8532e+00	-1.0701e+00	1.611966e-02	5.310793e-02	6.569863e-02	5.310793e-02	2.453576e-01	2.714558e-01	0	
-8.8822e-01	-9.9028e-01	-1.6907e+00	-6.8152e-01	3.021596e-02	9.869387e-02	6.569863e-02	9.869387e-02	4.599177e-01	7.696067e-01	0	
-8.8822e-01	-9.9028e-01	-9.2316e-01	-1.2494e+00	4.762145e-02	8.033974e-01	6.569863e-02	8.033974e-01	7.248470e-01	5.920137e-01	1	
-9.2316e-01	-1.2494e+00	-2.1172e-01	-7.7215e-01	1.155101e-01	1.003859e-01	4.762145e-02	1.003859e-01	2.425591e+00	6.766252e-01	1	
-2.1172e-01	-7.7215e-01	-3.1580e-01	-1.1709e+00	7.629148e-02	5.851304e-01	1.155101e-01	5.851304e-01	6.604743e-01	2.571543e-01	1	
-3.1580e-01	-1.1709e+00	6.7435e-01	-1.6090e+00	3.474395e-02	2.550105e-02	7.629148e-02	2.550105e-02	4.554107e-01	9.990302e-01	0	
-3.1580e-01	-1.1709e+00	-7.6712e-01	-1.8069e+00	2.317880e-02	1.486785e-01	7.629148e-02	1.486785e-01	3.038190e-01	5.366501e-01	0	
-3.1580e-01	-1.1709e+00	-4.9878e-01	-1.2330e+00	6.571219e-02	8.851340e-01	7.629148e-02	8.851340e-01	8.613307e-01	5.306193e-01	1	
-4.9878e-01	-1.2330e+00	2.6795e-01	-1.2572e+00	6.966588e-02	1.581482e-01	6.571219e-02	1.581482e-01	1.060167e+00	6.002502e-01	1	
2.6795e-01	-1.2572e+00	5.7556e-01	-7.6896e-01	1.003431e-01	3.513690e-01	6.966588e-02	3.513690e-01	1.440348e+00	1.626537e-01	1	
5.7556e-01	-7.6896e-01	4.7669e-01	-6.8963e-01	1.119960e-01	9.460071e-01	1.003431e-01	9.460071e-01	1.116131e+00	3.902199e-01	1	
4.7669e-01	-6.8963e-01	5.3515e-01	-5.9994e-01	1.152062e-01	9.597176e-01	1.119960e-01	9.597176e-01	1.028663e+00	4.762385e-01	1	
5.3515e-01	-5.9994e-01	7.8443e-01	-4.4788e-01	1.058386e-01	7.620613e-01	1.152062e-01	7.620613e-01	9.186884e-01	2.174321e-01	1	
7.8443e-01	-4.4788e-01	1.8973e-01	-6.5221e-01	1.263674e-01	2.891037e-01	1.058386e-01	2.891037e-01	1.193964e+00	9.741473e-01	1	
1.8973e-01	-6.5221e-01	-1.7191e-01	-2.3013e-01	1.527224e-01	3.788127e-01	1.263674e-01	3.788127e-01	1.208558e+00	7.958725e-01	1	
-1.7191e-01	-2.3013e-01	-3.2877e-01	1.0876e-01	1.498925e-01	6.433413e-01	1.527224e-01	6.433413e-01	9.814702e-01	3.051636e-02	1	
-3.2877e-01	1.0876e-01	-7.3871e-01	1.1486e-01	1.203533e-01	5.882656e-01	1.498925e-01	5.882656e-01	8.029312e-01	7.887916e-01	1	
-7.3871e-01	1.1486e-01	-7.7943e-01	-4.3762e-01	1.067370e-01	3.812372e-01	1.203533e-01	3.812372e-01	8.868639e-01	2.283943e-01	1	
-7.7943e-01	-4.3762e-01	-5.8767e-01	-1.5289e+00	4.161672e-02	2.146286e-02	1.067370e-01	2.146286e-02	3.898996e-01	7.844125e-01	0	
-7.7943e-01	-4.3762e-01	-6.6497e-01	-7.7899e-01	9.419537e-02	6.633816e-01	1.067370e-01	6.633816e-01	8.824996e-01	2.161140e-01	1	
-6.6497e-01	-7.7899e-01	-4.8377e-01	-5.1219e-01	1.241755e-01	7.186654e-01	9.419537e-02	7.186654e-01	1.318276e+00	3.323078e-01	1	
-4.8377e-01	-5.1219e-01	2.0665e-01	-2.3826e-01	1.514330e-01	1.773925e-01	1.241755e-01	1.773925e-01	1.219508e+00	5.514385e-01	1	
2.0665e-01	-2.3826e-01	-6.7194e-01	-3.4586e-01	1.196198e-01	8.597352e-02	1.514330e-01	8.597352e-02	7.899188e-01	2.963668e-01	1	
-6.7194e-01	-3.4586e-01	-3.0093e-01	-4.8554e-01	1.351957e-01	6.087108e-01	1.196198e-01	6.087108e-01	1.130212e+00	9.262004e-01	1	
-3.0093e-01	-4.8554e-01	-2.0737e-01	-1.1554e-01	1.547333e-01	6.309860e-01	1.351957e-01	6.309860e-01	1.144514e+00	4.709422e-01	1	
-2.0737e-01	-1.1554e-01	1.7575e-01	-1.3212e-01	1.553542e-01	6.282432e-01	1.547333e-01	6.282432e-01	1.004012e+00	6.564545e-02	1	
1.7575e-01	-1.3212e-01	-5.5758e-01	3.7464e-02	1.361461e-01	1.693676e-01	1.553542e-01	1.693676e-01	8.763597e-01	7.743379e-01	1	
-5.5758e-01	3.7464e-02	-8.1747e-01	-2.2341e-01	1.111401e-01	6.511293e-01	1.361461e-01	6.511293e-01	8.163293e-01	6.187301e-01	1	
-8.1747e-01	-2.2341e-01	-5.2396e-01	1.9769e-01	1.360567e-01	4.366334e-01	1.111401e-01	4.366334e-01	1.224191e+00	8.263679e-02	1	
-5.2396e-01	1.9769e-01	-7.3520e-01	7.0184e-01	9.494809e-02	3.910149e-01	1.360567e-01	3.910149e-01	6.978566e-01	8.058486e-02	1	
-7.3520e-01	7.0184e-01	-1.1659e+00	5.3674e-01	6.983466e-02	5.115714e-01	9.494809e-02	5.115714e-01	7.355036e-01	3.214244e-02	1	
-1.1659e+00	5.3674e-01	-1.5613e+00	3.2810e-01	4.457595e-02	5.326751e-01	6.983466e-02	5.326751e-01	6.383069e-01	6.648804e-01	0	
-1.1659e+00	5.3674e-01	-1.4968e+00	1.1773e+00	2.596236e-02	1.959888e-01	6.983466e-02	1.959888e-01	3.717689e-01	1.429128e-01	1	
-1.4968e+00	1.1773e+00	-1.8814e+00	1.1191e+00	1.449555e-02	6.199368e-01	2.596236e-02	6.199368e-01	5.583294e-01	1.173177e-02	1	
-1.8814e+00	1.1191e+00	-1.9686e+00	9.4036e-01	1.473098e-02	8.790264e-01	1.449555e-02	8.790264e-01	1.016242e+00	1.524579e-01	1	
-1.9686e+00	9.4036e-01	-2.6388e+00	7.0447e-01	3.819264e-03	2.054200e-01	1.473098e-02	2.054200e-01	2.592674e-01	1.897197e-01	1	
-2.6388e+00	7.0447e-01	-2.6203e+00	5.9813e-01	4.297192e-03	9.591550e-01	3.819264e-03	9.591550e-01	1.125136e+00	4.179031e-01	1	
-2.6203e+00	5.9813e-01	-2.7856e+00	2.5104e-01	3.185654e-03	6.268140e-01	4.297192e-03	6.268140e-01	7.413337e-01	6.063382e-01	1	
-2.7856e+00	2.5104e-01	-2.8113e+00	4.8052e-01	2.725397e-03	8.420350e-01	3.185654e-03	8.420350e-01	8.555222e-01	2.146513e-01	1	
-2.8113e+00	4.8052e-01	-3.2240e+00	9.5020e-01	5.606390e-04	2.932198e-01	2.725397e-03	2.932198e-01	2.057091e-01	2.174943e-01	0	
-2.8113e+00	4.8052e-01	-3.1789e+00	7.3354e-02	1.014577e-03	3.884562e-01	2.725397e-03	3.884562e-01	3.722677e-01	4.497841e-01	0	
-2.8113e+00	4.8052e-01	-3.6019e+00	7.1070e-01	1.883557e-04	1.195728e-01	2.725397e-03	1.195728e-01	6.911129e-02	4.095948e-01	0	
-2.8113e+00	4.8052e-01	-2.4037e+00	2.1861e-02	8.853318e-03	3.066577e-01	2.725397e-03	3.066577e-01	3.248450e+00	5.465476e-01	1	
-2.4037e+00	2.1861e-02	-2.1459e+00	6.6529e-01	1.275852e-02	2.216213e-01	8.853318e-03	2.216213e-01	1.441101e+00	4.677913e-01	1	
-2.1459e+00	6.6529e-01	-1.8212e+00	-3.2245e-01	2.877746e-02	3.392219e-02	1.275852e-02	3.392219e-02	2.255548e+00	7.625041e-01	1	
-1.8212e+00	-3.2245e-01	-1.5801e+00	-2.0533e-01	4.472320e-02	7.946949e-01	2.877746e-02	7.946949e-01	1.554105e+00	7.872686e-01	1	
-1.5801e+00	-2.0533e-01	-1.6682e+00	-6.4288e-01	3.219320e-02	5.337271e-01	4.472320e-02	5.337271e-01	7.198324e-01	4.816057e-01	1	
-1.6682e+00	-6.4288e-01	-1.5969e+00	-1.1062e+00	2.411964e-02	5.006278e-01	3.219320e-02	5.006278e-01	7.492151e-01	9.500219e-01	0	
-1.6682e+00	-6.4288e-01	-2.1170e+00	-4.9538e-01	1.497395e-02	4.952397e-01	3.219320e-02	4.952397e-01	4.651275e-01	4.202565e-01	1	
-2.1170e+00	-4.9538e-01	-2.0557e+00	-8.9359e-01	1.290450e-02	5.989491e-01	1.497395e-02	5.989491e-01	8.617970e-01	7.792510e-01	1	
-2.0557e+00	-8.9359e-01	-1.2819e+00	-7.2480e-01	5.381858e-02	1.400351e-01	1.290450e-02	1.400351e-01	4.170528e+00	9.268193e-01	1	
-1.2819e+00	-7.2480e-01	-9.9528e-01	-6.2126e-01	7.996599e-02	7.441932e-01	5.381858e-02	7.441932e-01	1.485844e+00	4.893713e-01	1	
-9.9528e-01	-6.2126e-01	-4.4181e-01	-4.2529e-01	1.318740e-01	3.387086e-01	7.996599e-02	3.387086e-01	1.649126e+00	4.312262e-02	1	
-4.4181e-01	-4.2529e-01	-3.6586e-01	-5.1207e-01	1.305614e-01	9.542244e-01	1.318740e-01	9.542244e-01	9.900466e-01	5.031049e-01	1	
-3.6586e-01	-5.1207e-01	-5.0466e-01	-4.9313e-01	1.240822e-01	9.355445e-01	1.305614e-01	9.355445e-01	9.503744e-01	3.714208e-01	1	
-5.0466e-01	-4.9313e-01	1.4896e-02	-2.1143e-01	1.556197e-01	3.339200e-01	1.240822e-01	3.339200e-01	1.254166e+00	3.945067e-02	1	
1.4896e-02	-2.1143e-01	-2.5104e-01	-5.7187e-01	1.309548e-01	5.313813e-01	1.556197e-01	5.313813e-01	8.415049e-01	6.283176e-01	1	
-2.5104e-01	-5.7187e-01	-4.1157e-01	8.7850e-02	1.456669e-01	2.355282e-01	1.309548e-01	2.355282e-01	1.112345e+00	6.573545e-01	1	
-4.1157e-01	8.7850e-02	-2.2946e-01	6.8704e-02	1.546543e-01	8.957571e-01	1.456669e-01	8.957571e-01	1.061698e+00	3.867392e-01	1	
-2.2946e-01	6.8704e-02	-5.5826e-02	4.2834e-01	1.449780e-01	6.042961e-01	1.546543e-01	6.042961e-01	9.374325e-01	4.037846e-01	1	
-5.5826e-02	4.2834e-01	-3.1080e-01	2.5781e-01	1.466937e-01	7.413120e-01	1.449780e-01	7.413120e-01	1.011834e+00	3.784440e-01	1	
-3.1080e-01	2.5781e-01	2.6361e-01	7.3252e-01	1.175475e-01	1.754164e-01	1.466937e-01	1.754164e-01	8.013126e-01	4.415096e-01	1	
2.6361e-01	7.3252e-01	1.7924e-01	3.7300e-01	1.460943e-01	6.495569e-01	1.175475e-01	6.495569e-01	1.242853e+00	2.754608e-01	1	
1.7924e-01	3.7300e-01	2.1232e-01	6.0745e-01	1.293908e-01	8.348525e-01	1.460943e-01	8.348525e-01	8.856666e-01	1.170960e-01	1	
2.1232e-01	6.0745e-01	-6.0403e-02	1.1309e+00	8.380821e-02	3.348307e-01	1.293908e-01	3.348307e-01	6.477137e-01	1.180558e-01	1	
-6.0403e-02	1.1309e+00	-5.4313e-01	1.1843e+00	6.811079e-02	4.759718e-01	8.380821e-02	4.759718e-01	8.126982e-01	2.788263e-01	1	
-5.4313e-01	1.1843e+00	-3.3344e-01	1.3534e+00	6.024388e-02	7.928412e-01	6.811079e-02	7.928412e-01	8.844984e-01	7.422498e-01	1	
-3.3344e-01	1.3534e+00	-5.4199e-01	7.0613e-01	1.070927e-01	2.344342e-01	6.024388e-02	2.344342e-01	1.777653e+00	6.389051e-01	1	
-5.4199e-01	7.0613e-01	-3.7623e-01	9.1683e-01	9.739883e-02	7.946166e-01	1.070927e-01	7.946166e-01	9.094814e-01	2.586869e-01	1	
-3.7623e-01	9.1683e-01	-2.0176e-01	6.0325e-01	1.300042e-01	6.651764e-01	9.739883e-02	6.651764e-01	1.334762e+00	8.926509e-01	1	
-2.0176e-01	6.0325e-01	-4.0968e-01	1.1365e+00	7.672273e-02	3.574248e-01	1.300042e-01	3.574248e-01	5.901556e-01	2.788243e-01	1	
-4.0968e-01	1.1365e+00	-3.5727e-01	8.9789e-01	9.977869e-02	8.255306e-01	7.672273e-02	8.255306e-01	1.300510e+00	3.605908e-01	1	
-3.5727e-01	8.9789e-01	-2.6660e-01	1.0299e+00	9.038114e-02	9.181357e-01	9.977869e-02	9.181357e-01	9.058160e-01	1.246997e-01	1	
-2.6660e-01	1.0299e+00	-7.1629e-01	1.4645e+00	4.213620e-02	2.929687e-01	9.038114e-02	2.929687e-01	4.662056e-01	4.992816e-01	0	
-2.6660e-01	1.0299e+00	-3.5973e-01	1.1101e+00	8.056363e-02	9.488507e-01	9.038114e-02	9.488507e-01	8.913766e-01	4.047516e-01	1	
-3.5973e-01	1.1101e+00	-5.9479e-01	8.0690e-01	9.629780e-02	6.280112e-01	8.056363e-02	6.280112e-01	1.195301e+00	5.546075e-01	1	
-5.9479e-01	8.0690e-01	-9.0985e-01	1.2263e+00	4.960322e-02	4.209800e-01	9.629780e-02	4.209800e-01	5.151023e-01	7.000989e-01	0	
-5.9479e-01	8.0690e-01	-9.6028e-01	1.1360e+00	5.264344e-02	4.670911e-01	9.629780e-02	4.670911e-01	5.466734e-01	3.973264e-01	1	
-9.6028e-01	1.1360e+00	-1.0037e+00	6.9369e-01	7.561153e-02	5.365483e-01	5.264344e-02	5.365483e-01	1.436295e+00	2.101636e-01	1	
-1.0037e+00	6.9369e-01	-8.5442e-01	4.4069e-01	1.002594e-01	7.596256e-01	7.561153e-02	7.596256e-01	1.325980e+00	7.535339e-02	1	
-8.5442e-01	4.4069e-01	-1.3600e+00	5.1859e-01	5.518284e-02	4.391338e-01	1.002594e-01	4.391338e-01	5.504009e-01	4.560224e-01	1	
-1.3600e+00	5.1859e-01	-8.1501e-01	3.2433e-01	1.083275e-01	3.494917e-01	5.518284e-02	3.494917e-01	1.963066e+00	4.355081e-01	1	
-8.1501e-01	3.2433e-01	-9.4168e-01	1.1832e+00	5.073136e-02	9.437617e-02	1.083275e-01	9.437617e-02	4.683145e-01	7.380889e-01	0	
-8.1501e-01	3.2433e-01	-6.6535e-01	4.9569e-01	1.128072e-01	8.461560e-01	1.083275e-01	8.461560e-01	1.041353e+00	8.508382e-01	1	
-6.6535e-01	4.9569e-01	-2.8848e-01	9.8797e-01	9.371204e-02	2.992570e-01	1.128072e-01	2.992570e-01	8.307273e-01	3.574764e-01	1	
-2.8848e-01	9.8797e-01	-1.4033e-01	8.1065e-01	1.134603e-01	8.418673e-01	9.371204e-02	8.418673e-01	1.210734e+00	7.988814e-01	1	
-1.4033e-01	8.1065e-01	-4.5873e-01	7.9282e-01	1.046247e-01	7.239147e-01	1.134603e-01	7.239147e-01	9.221262e-01	5.984203e-01	1	
-4.5873e-01	7.9282e-01	-1.4213e-01	9.1689e-01	1.034858e-01	6.930663e-01	1.046247e-01	6.930663e-01	9.891146e-01	9.227784e-01	1	
-1.4213e-01	9.1689e-01	-5.6780e-01	1.0973e+00	7.419453e-02	5.100775e-01	1.034858e-01	5.100775e-01	7.169534e-01	7.514668e-01	0	
-1.4213e-01	9.1689e-01	-6.4008e-01	8.8485e-01	8.766738e-02	4.568689e-01	1.034858e-01	4.568689e-01	8.471436e-01	6.689437e-01	1	
-6.4008e-01	8.8485e-01	-4.1386e-01	1.3550e+00	5.833268e-02	4.248062e-01	8.766738e-02	4.248062e-01	6.653864e-01	7.421401e-01	0	
-6.4008e-01	8.8485e-01	-7.6564e-01	8.1298e-01	8.531190e-02	9.317385e-01	8.766738e-02	9.317385e-01	9.731316e-01	2.631561e-01	1	
-7.6564e-01	8.1298e-01	-1.0531e-01	2.4820e-01	1.534739e-01	9.398107e-02	8.531190e-02	9.398107e-02	1.798974e+00	8.483267e-01	1	
-1.0531e-01	2.4820e-01	7.0699e-02	-5.8175e-02	1.584893e-01	6.733805e-01	1.534739e-01	6.733805e-01	1.032679e+00	9.756596e-01	1	
7.0699e-02	-5.8175e-02	3.0111e-01	-2.1805e-01	1.485280e-01	7.779705e-01	1.584893e-01	7.779705e-01	9.371485e-01	9.844661e-01	0	
7.0699e-02	-5.8175e-02	-2.5058e-01	-4.2104e-03	1.542347e-01	7.139445e-01	1.584893e-01	7.139445e-01	9.731553e-01	2.272645e-01	1	
-2.5058e-01	-4.2104e-03	-7.9085e-01	3.6871e-01	1.087646e-01	2.587093e-01	1.542347e-01	2.587093e-01	7.051892e-01	6.325077e-01	1	
-7.9085e-01	3.6871e-01	-9.5871e-01	3.4510e-01	9.470510e-02	9.092839e-01	1.087646e-01	9.092839e-01	8.707344e-01	2.723686e-01	1	
-9.5871e-01	3.4510e-01	-1.1952e+00	1.1349e+00	4.091782e-02	1.188781e-01	9.470510e-02	1.188781e-01	4.320551e-01	6.168826e-01	0	
-9.5871e-01	3.4510e-01	-1.1287e+00	8.7521e-01	5.739033e-02	3.776382e-01	9.470510e-02	3.776382e-01	6.059898e-01	7.758568e-01	0	
-9.5871e-01	3.4510e-01	-9.5697e-01	2.8472e-01	9.668392e-02	9.834416e-01	9.470510e-02	9.834416e-01	1.020894e+00	6.232603e-01	1	
-9.5697e-01	2.8472e-01	-4.8029e-01	2.5055e-01	1.374349e-01	4.872268e-01	9.668392e-02	4.872268e-01	1.421487e+00	3.653283e-01	1	
-4.8029e-01	2.5055e-01	-3.3978e-01	1.0401e-01	1.494173e-01	8.745042e-01	1.374349e-01	8.745042e-01	1.087186e+00	7.559204e-01	1	
-3.3978e-01	1.0401e-01	1.5134e-01	6.4553e-01	1.277491e-01	1.872239e-01	1.494173e-01	1.872239e-01	8.549820e-01	2.865118e-01	1	
1.5134e-01	6.4553e-01	6.8702e-01	9.4357e-02	1.251393e-01	1.570194e-01	1.277491e-01	1.570194e-01	9.795706e-01	8.911517e-01	1	
6.8702e-01	9.4357e-02	1.3293e+00	-1.2735e-01	6.525544e-02	2.350732e-01	1.251393e-01	2.350732e-01	5.214624e-01	5.649739e-01	0	
6.8702e-01	9.4357e-02	4.3590e-01	2.6200e-01	1.398476e-01	7.481241e-01	1.251393e-01	7.481241e-01	1.117535e+00	6.734942e-01	1	
4.3590e-01	2.6200e-01	8.5138e-02	2.9608e-02	1.585097e-01	5.720441e-01	1.398476e-01	5.720441e-01	1.133446e+00	6.035371e-02	1	
8.5138e-02	2.9608e-02	-1.3549e-01	3.3023e-01	1.493323e-01	6.441491e-01	1.585097e-01	6.441491e-01	9.421022e-01	3.658833e-01	1	
-1.3549e-01	3.3023e-01	-2.7147e-01	2.0153e-01	1.503137e-01	8.915146e-01	1.493323e-01	8.915146e-01	1.006571e+00	4.995827e-01	1	
-2.7147e-01	2.0153e-01	-3.6095e-02	3.3957e-01	1.501406e-01	7.882242e-01	1.503137e-01	7.882242e-01	9.988488e-01	5.289162e-01	1	
-3.6095e-02	3.3957e-01	-5.5014e-01	8.3425e-01	9.659884e-02	2.027551e-01	1.501406e-01	2.027551e-01	6.433891e-01	5.088853e-01	1	
-5.5014e-01	8.3425e-01	-8.7358e-01	1.2527e+00	4.958289e-02	4.150005e-01	9.659884e-02	4.150005e-01	5.132866e-01	3.584383e-01	1	
-8.7358e-01	1.2527e+00	-8.6016e-01	9.4803e-01	7.014458e-02	7.437990e-01	4.958289e-02	7.437990e-01	1.414693e+00	1.780581e-01	1	
-8.6016e-01	9.4803e-01	-9.7560e-01	1.4011e+00	3.705850e-02	5.024299e-01	7.014458e-02	5.024299e-01	5.283159e-01	1.039685e-01	1	
-9.7560e-01	1.4011e+00	-6.7676e-01	1.5375e+00	3.882173e-02	7.099760e-01	3.705850e-02	7.099760e-01	1.047580e+00	4.463006e-01	1	
-6.7676e-01	1.5375e+00	-5.7135e-01	2.0812e+00	1.550052e-02	3.813419e-01	3.882173e-02	3.813419e-01	3.992744e-01	9.172720e-01	0	
-6.7676e-01	1.5375e+00	-1.5561e-01	1.7698e+00	3.284126e-02	3.596218e-01	3.882173e-02	3.596218e-01	8.459506e-01	2.696710e-01	1	
-1.5561e-01	1.7698e+00	-3.3211e-01	2.2221e+00	1.275526e-02	4.762288e-01	3.284126e-02	4.762288e-01	3.883912e-01	5.373027e-01	0	
-1.5561e-01	1.7698e+00	-3.7883e-01	2.3288e+00	9.841160e-03	3.206611e-01	3.284126e-02	3.206611e-01	2.996584e-01	7.649392e-01	0	
-1.5561e-01	1.7698e+00	3.8072e-01	1.2546e+00	6.738679e-02	1.766094e-01	3.284126e-02	1.766094e-01	2.051894e+00	7.848962e-02	1	
3.8072e-01	1.2546e+00	3.6420e-01	8.7978e-01	1.011442e-01	6.407816e-01	6.738679e-02	6.407816e-01	1.500950e+00	8.306471e-01	1	
3.6420e-01	8.7978e-01	4.2005e-02	7.4206e-01	1.207433e-01	6.777515e-01	1.011442e-01	6.777515e-01	1.193774e+00	4.507009e-01	1	
4.2005e-02	7.4206e-01	-1.8502e-02	1.3835e+00	6.111211e-02	2.718851e-01	1.207433e-01	2.718851e-01	5.061325e-01	6.478249e-01	0	
4.2005e-02	7.4206e-01	-5.9898e-02	3.2359e-01	1.507659e-01	5.571116e-01	1.207433e-01	5.571116e-01	1.248648e+00	1.777511e-02	1	
-5.9898e-02	3.2359e-01	-6.0581e-02	-4.2115e-02	1.587223e-01	6.549209e-01	1.507659e-01	6.549209e-01	1.052773e+00	8.984283e-01	1	
-6.0581e-02	-4.2115e-02	2.4471e-03	-5.3091e-01	1.382336e-01	4.656498e-01	1.587223e-01	4.656498e-01	8.709147e-01	2.060776e-01	1	
2.4471e-03	-5.3091e-01	4.3163e-03	-8.1283e-01	1.143793e-01	7.759306e-01	1.382336e-01	7.759306e-01	8.274347e-01	6.942571e-02	1	
4.3163e-03	-8.1283e-01	-2.5127e-01	-7.1646e-01	1.193014e-01	7.878341e-01	1.143793e-01	7.878341e-01	1.043033e+00	9.137495e-02	1	
-2.5127e-01	-7.1646e-01	-7.4517e-01	-7.2610e-01	9.263137e-02	4.639920e-01	1.193014e-01	4.639920e-01	7.764482e-01	3.464396e-01	1	
-7.4517e-01	-7.2610e-01	-1.1328e+00	-2.5165e-01	8.117706e-02	3.078353e-01	9.263137e-02	3.078353e-01	8.763452e-01	2.503621e-01	1	
-1.1328e+00	-2.5165e-01	-1.2110e+00	-5.7695e-02	7.632556e-02	8.676565e-01	8.117706e-02	8.676565e-01	9.402356e-01	7.971924e-01	1	
-1.2110e+00	-5.7695e-02	-7.4607e-01	-8.7743e-01	8.199202e-02	6.200396e-02	7.632556e-02	6.200396e-02	1.074241e+00	6.962670e-01	1	
-7.4607e-01	-8.7743e-01	-7.6371e-01	-5.4649e-01	1.024035e-01	7.057334e-01	8.199202e-02	7.057334e-01	1.248945e+00	1.228830e-01	1	
-7.6371e-01	-5.4649e-01	-4.3005e-01	2.0448e-01	1.420959e-01	1.205605e-01	1.024035e-01	1.205605e-01	1.387608e+00	8.496837e-01	1	
-4.3005e-01	2.0448e-01	-6.2029e-01	6.2798e-01	1.078047e-01	5.071930e-01	1.420959e-01	5.071930e-01	7.586754e-01	5.459289e-01	1	
-6.2029e-01	6.2798e-01	-6.1933e-01	9.7661e-01	8.154916e-02	6.803608e-01	1.078047e-01	6.803608e-01	7.564527e-01	8.134162e-01	0	
-6.2029e-01	6.2798e-01	-5.1849e-01	7.0757e-01	1.083252e-01	9.441413e-01	1.078047e-01	9.441413e-01	1.004828e+00	4.507151e-01	1	
-5.1849e-01	7.0757e-01	-1.7471e-01	2.8620e-01	1.504545e-01	3.947672e-01	1.083252e-01	3.947672e-01	1.388916e+00	5.597017e-01	1	
-1.7471e-01	2.8620e-01	-3.5594e-01	9.7914e-02	1.486715e-01	8.035543e-01	1.504545e-01	8.035543e-01	9.881491e-01	1.641809e-01	1	
-3.5594e-01	9.7914e-02	9.4866e-03	-2.7631e-01	1.531871e-01	4.230687e-01	1.486715e-01	4.230687e-01	1.030373e+00	3.463953e-01	1	
9.4866e-03	-2.7631e-01	-3.5811e-01	-4.4837e-01	1.349948e-01	5.944634e-01	1.531871e-01	5.944634e-01	8.812413e-01	9.222401e-01	0	
9.4866e-03	-2.7631e-01	1.1632e-01	-3.5266e-01	1.485508e-01	9.425333e-01	1.531871e-01	9.425333e-01	9.697343e-01	4.414535e-01	1	
1.1632e-01	-3.5266e-01	5.4236e-02	4.9955e-02	1.587229e-01	5.922016e-01	1.485508e-01	5.922016e-01	1.068475e+00	9.506565e-01	1	
5.4236e-02	4.9955e-02	-1.8341e-01	5.9981e-01	1.307349e-01	3.241329e-01	1.587229e-01	3.241329e-01	8.236676e-01	4.861727e-02	1	
-1.8341e-01	5.9981e-01	-1.1198e+00	3.6108e-01	7.965326e-02	5.373618e-02	1.307349e-01	5.373618e-02	6.092732e-01	6.047824e-01	1	
-1.1198e+00	3.6108e-01	-5.9760e-01	6.6868e-01	1.064579e-01	3.156171e-01	7.965326e-02	3.156171e-01	1.336516e+00	8.636340e-01	1	
-5.9760e-01	6.6868e-01	7.2117e-02	6.4866e-01	1.286245e-01	2.445877e-01	1.064579e-01	2.445877e-01	1.208219e+00	3.147382e-01	1	
7.2117e-02	6.4866e-01	-1.2620e-01	8.8819e-01	1.064281e-01	7.352795e-01	1.286245e-01	7.352795e-01	8.274331e-01	4.695486e-02	1	
-1.2620e-01	8.8819e-01	-4.1976e-01	1.3365e+00	5.965978e-02	4.054892e-01	1.064281e-01	4.054892e-01	5.605640e-01	6.107056e-01	0	
-1.2620e-01	8.8819e-01	3.3232e-01	3.0012e-01	1.439729e-01	1.749869e-01	1.064281e-01	1.749869e-01	1.352771e+00	5.899620e-01	1	
3.3232e-01	3.0012e-01	1.0015e+00	1.1444e-01	9.575403e-02	2.203336e-01	1.439729e-01	2.203336e-01	6.650836e-01	8.940749e-01	0	
3.3232e-01	3.0012e-01	8.9858e-01	5.2390e-01	9.265859e-02	3.122917e-01	1.439729e-01	3.122917e-01	6.435835e-01	3.663072e-01	1	
8.9858e-01	5.2390e-01	5.1472e-01	1.9902e-01	1.366749e-01	4.513149e-01	9.265859e-02	4.513149e-01	1.475037e+00	7.976797e-01	1	
5.1472e-01	1.9902e-01	1.8587e-01	1.2343e-01	1.552422e-01	6.969113e-01	1.366749e-01	6.969113e-01	1.135850e+00	7.607157e-01	1	
1.8587e-01	1.2343e-01	3.8351e-01	-2.9699e-01	1.414908e-01	5.067514e-01	1.552422e-01	5.067514e-01	9.114197e-01	6.266456e-01	1	
3.8351e-01	-2.9699e-01	9.9624e-02	4.8710e-01	1.406511e-01	1.132223e-01	1.414908e-01	1.132223e-01	9.940654e-01	9.152980e-01	1	
9.9624e-02	4.8710e-01	5.2006e-01	6.6732e-01	1.112732e-01	5.172669e-01	1.406511e-01	5.172669e-01	7.911295e-01	1.826415e-01	1	
5.2006e-01	6.6732e-01	1.8356e-01	1.1818e+00	7.784747e-02	3.053773e-01	1.112732e-01	3.053773e-01	6.996063e-01	3.183681e-02	1	
1.8356e-01	1.1818e+00	8.9764e-02	1.0699e+00	8.943765e-02	9.306125e-01	7.784747e-02	9.306125e-01	1.148883e+00	9.430998e-01	1	
8.9764e-02	1.0699e+00	7.6075e-01	1.2881e+00	5.198515e-02	2.099226e-01	8.943765e-02	2.099226e-01	5.812446e-01	8.773532e-01	0	
8.9764e-02	1.0699e+00	-3.3758e-01	7.9605e-01	1.095140e-01	4.447277e-01	8.943765e-02	4.447277e-01	1.224473e+00	2.062921e-01	1	
-3.3758e-01	7.9605e-01	-3.4691e-01	1.0006e+00	9.084060e-02	8.725625e-01	1.095140e-01	8.725625e-01	8.294883e-01	7.771911e-02	1	
-3.4691e-01	1.0006e+00	-6.0381e-01	1.3331e+00	5.454655e-02	5.729517e-01	9.084060e-02	5.729517e-01	6.004644e-01	8.011472e-02	1	
-6.0381e-01	1.3331e+00	-9.4351e-01	1.9016e+00	1.672291e-02	2.526070e-01	5.454655e-02	2.526070e-01	3.065806e-01	7.322908e-01	0	
-6.0381e-01	1.3331e+00	-1.3629e+00	1.4104e+00	2.325590e-02	1.612621e-01	5.454655e-02	1.612621e-01	4.263496e-01	8.600038e-01	0	
-6.0381e-01	1.3331e+00	4.0253e-03	1.3464e+00	6.429805e-02	3.133584e-01	5.454655e-02	3.133584e-01	1.178774e+00	5.269724e-01	1	
4.0253e-03	1.3464e+00	-4.2511e-01	1.2778e+00	6.427572e-02	5.512912e-01	6.429805e-02	5.512912e-01	9.996527e-01	1.058854e-01	1	
-4.2511e-01	1.2778e+00	-1.0095e+00	1.4226e+00	3.475737e-02	3.204113e-01	6.427572e-02	3.204113e-01	5.407543e-01	7.626849e-01	0	
-4.2511e-01	1.2778e+00	-1.7663e-01	1.4124e+00	5.779161e-02	7.749985e-01	6.427572e-02	7.749985e-01	8.991205e-01	4.236665e-01	1	
-1.7663e-01	1.4124e+00	4.5006e-01	1.6941e+00	3.424535e-02	2.274905e-01	5.779161e-02	2.274905e-01	5.925660e-01	8.465644e-01	0	
-1.7663e-01	1.4124e+00	-4.5403e-01	2.2079e+00	1.254545e-02	1.082377e-01	5.779161e-02	1.082377e-01	2.170808e-01	4.632786e-01	0	
-1.7663e-01	1.4124e+00	-8.8409e-01	1.0950e+00	5.911760e-02	1.519600e-01	5.779161e-02	1.519600e-01	1.022944e+00	1.631318e-01	1	
-8.8409e-01	1.0950e+00	-1.1914e+00	5.3396e-01	6.787213e-02	2.768890e-01	5.911760e-02	2.768890e-01	1.148087e+00	6.597602e-01	1	
-1.1914e+00	5.3396e-01	-1.1297e+00	3.7513e-01	7.836563e-02	9.084538e-01	6.787213e-02	9.084538e-01	1.154607e+00	9.937037e-01	1	
-1.1297e+00	3.7513e-01	-8.9013e-01	4.0015e-01	9.885438e-02	8.297514e-01	7.836563e-02	8.297514e-01	1.261451e+00	5.232186e-01	1	
-8.9013e-01	4.0015e-01	-5.1125e-01	9.2487e-01	9.105826e-02	2.686663e-01	9.885438e-02	2.686663e-01	9.211353e-01	8.487148e-01	1	
-5.1125e-01	9.2487e-01	-1.8531e+00	1.5600e-01	2.823701e-02	5.643785e-04	9.105826e-02	5.643785e-04	3.100983e-01	4.899921e-01	0	
-5.1125e-01	9.2487e-01	-2.9506e-01	6.0463e-01	1.269202e-01	6.238623e-01	9.105826e-02	6.238623e-01	1.393835e+00	6.229790e-01	1	
-2.9506e-01	6.0463e-01	-1.4341e-01	4.8151e-01	1.402839e-01	8.829083e-01	1.269202e-01	8.829083e-01	1.105292e+00	7.334657e-01	1	
-1.4341e-01	4.8151e-01	1.0897e-01	-3.0288e-01	1.511196e-01	1.191847e-01	1.402839e-01	1.191847e-01	1.077241e+00	5.110754e-01	1	
1.0897e-01	-3.0288e-01	6.5355e-01	-2.9460e-01	1.230901e-01	3.936503e-01	1.511196e-01	3.936503e-01	8.145208e-01	4.789893e-01	1	
6.5355e-01	-2.9460e-01	7.6584e-01	-5.3318e-01	1.029750e-01	8.004674e-01	1.230901e-01	8.004674e-01	8.365827e-01	9.147720e-01	0	
6.5355e-01	-2.9460e-01	3.1297e-01	1.2654e-01	1.503398e-01	3.977046e-01	1.230901e-01	3.977046e-01	1.221381e+00	3.339345e-01	1	
3.1297e-01	1.2654e-01	9.9875e-01	-5.4064e-01	8.351116e-02	5.692622e-02	1.503398e-01	5.692622e-02	5.554826e-01	1.034469e-01	1	
9.9875e-01	-5.4064e-01	9.9404e-01	-3.9274e-01	8.990035e-02	9.289311e-01	8.351116e-02	9.289311e-01	1.076507e+00	2.631462e-01	1	
9.9404e-01	-3.9274e-01	1.3596e+00	-3.3527e-01	5.970246e-02	6.483624e-01	8.990035e-02	6.483624e-01	6.640959e-01	7.182986e-01	0	
9.9404e-01	-3.9274e-01	6.7472e-01	-1.5973e-02	1.267388e-01	4.641553e-01	8.990035e-02	4.641553e-01	1.409770e+00	7.154516e-01	1	
6.7472e-01	-1.5973e-02	5.6965e-01	1.6295e-01	1.335332e-01	8.695050e-01	1.267388e-01	8.695050e-01	1.053610e+00	2.868628e-01	1	
5.6965e-01	1.6295e-01	8.8993e-01	-3.3339e-01	1.013227e-01	3.342988e-01	1.335332e-01	3.342988e-01	7.587830e-01	6.757522e-02	1	
8.8993e-01	-3.3339e-01	1.5105e+00	3.3386e-01	4.810369e-02	7.427055e-02	1.013227e-01	7.427055e-02	4.747571e-01	6.235428e-01	0	
8.8993e-01	-3.3339e-01	7.9314e-01	-2.7532e-01	1.118820e-01	9.558866e-01	1.013227e-01	9.558866e-01	1.104214e+00	6.655950e-01	1	
7.9314e-01	-2.7532e-01	7.1157e-01	-5.1934e-01	1.079698e-01	8.088216e-01	1.118820e-01	8.088216e-01	9.650332e-01	3.100667e-01	1	
7.1157e-01	-5.1934e-01	2.2442e-01	-3.3562e-01	1.466979e-01	4.263943e-01	1.079698e-01	4.263943e-01	1.358693e+00	2.875375e-01	1	
2.2442e-01	-3.3562e-01	5.2185e-01	-3.3457e-01	1.313342e-01	7.544609e-01	1.466979e-01	7.544609e-01	8.952700e-01	8.664537e-01	1	
5.2185e-01	-3.3457e-01	1.0890e-02	-3.7551e-01	1.483116e-01	4.376155e-01	1.313342e-01	4.376155e-01	1.129268e+00	8.773562e-01	1	
1.0890e-02	-3.7551e-01	3.9367e-01	1.0374e-01	1.464975e-01	3.069944e-01	1.483116e-01	3.069944e-01	9.877683e-01	2.238511e-01	1	
3.9367e-01	1.0374e-01	3.9210e-01	1.9224e-01	1.446804e-01	9.706586e-01	1.464975e-01	9.706586e-01	9.875965e-01	6.904688e-01	1	
3.9210e-01	1.9224e-01	9.0303e-01	3.2771e-01	1.003288e-01	4.154471e-01	1.446804e-01	4.154471e-01	6.934514e-01	3.491950e-01	1	
9.0303e-01	3.2771e-01	9.7913e-01	2.1120e-01	9.637305e-02	9.363005e-01	1.003288e-01	9.363005e-01	9.605719e-01	3.867100e-01	1	
9.7913e-01	2.1120e-01	1.5406e+00	5.8936e-01	4.083550e-02	2.375984e-01	9.637305e-02	2.375984e-01	4.237233e-01	7.828936e-01	0	
9.7913e-01	2.1120e-01	1.5106e+00	1.5919e-02	5.084488e-02	3.652457e-01	9.637305e-02	3.652457e-01	5.275840e-01	8.905490e-01	0	
9.7913e-01	2.1120e-01	1.4647e+00	3.1670e-01	5.178063e-02	4.598003e-01	9.637305e-02	4.598003e-01	5.372937e-01	3.885829e-01	1	
1.4647e+00	3.1670e-01	1.2718e+00	6.0500e-01	5.903755e-02	6.829062e-01	5.178063e-02	6.829062e-01	1.140147e+00	2.687523e-01	1	
1.2718e+00	6.0500e-01	8.6226e-01	1.1110e+00	5.920271e-02	2.646213e-01	5.903755e-02	2.646213e-01	1.002797e+00	1.320600e-01	1	
8.6226e-01	1.1110e+00	4.4357e-01	9.6334e-01	9.069349e-02	5.372778e-01	5.920271e-02	5.372778e-01	1.531915e+00	2.304631e-01	1	
4.4357e-01	9.6334e-01	3.5400e-01	1.5487e+00	4.505743e-02	3.324572e-01	9.069349e-02	3.324572e-01	4.968100e-01	5.196248e-01	0	
4.4357e-01	9.6334e-01	5.7122e-01	8.4412e-01	9.467623e-02	9.042651e-01	9.069349e-02	9.042651e-01	1.043914e+00	6.071824e-01	1	
5.7122e-01	8.4412e-01	4.6375e-02	1.3031e+00	6.801457e-02	2.177205e-01	9.467623e-02	2.177205e-01	7.183913e-01	8.454601e-01	0	
5.7122e-01	8.4412e-01	2.6854e-01	1.0409e+00	8.931197e-02	6.619596e-01	9.467623e-02	6.619596e-01	9.433410e-01	3.363984e-01	1	
2.6854e-01	1.0409e+00	6.5918e-01	1.2167e+00	6.109332e-02	5.605497e-01	8.931197e-02	5.605497e-01	6.840440e-01	8.277191e-01	0	
2.6854e-01	1.0409e+00	-6.1128e-01	4.4886e-01	1.193794e-01	2.961513e-02	8.931197e-02	2.961513e-02	1.336657e+00	3.881799e-01	1	
-6.1128e-01	4.4886e-01	-4.7073e-01	1.2510e+00	6.514603e-02	1.252383e-01	1.193794e-01	1.252383e-01	5.457056e-01	2.641934e-01	1	
-4.7073e-01	1.2510e+00	-1.4235e+00	1.2286e+00	2.716652e-02	5.821336e-02	6.514603e-02	5.821336e-02	4.170096e-01	8.292417e-01	0	
-4.7073e-01	1.2510e+00	-1.5719e-01	1.4385e+00	5.586070e-02	6.554440e-01	6.514603e-02	6.554440e-01	8.574690e-01	2.814370e-01	1	
-1.5719e-01	1.4385e+00	-2.7121e-01	1.3495e+00	6.171629e-02	9.317458e-01	5.586070e-02	9.317458e-01	1.104825e+00	5.034849e-01	1	
-2.7121e-01	1.3495e+00	1.1352e-01	1.3124e+00	6.683888e-02	6.236461e-01	6.171629e-02	6.236461e-01	1.083002e+00	1.157463e-01	1	
1.1352e-01	1.3124e+00	8.5410e-02	1.5969e+00	4.430884e-02	7.704579e-01	6.683888e-02	7.704579e-01	6.629202e-01	5.632890e-01	1	
8.5410e-02	1.5969e+00	8.2566e-02	1.6566e+00	4.021532e-02	9.836632e-01	4.430884e-02	9.836632e-01	9.076139e-01	6.388847e-01	1	
8.2566e-02	1.6566e+00	-1.1163e-01	7.3382e-01	1.208324e-01	6.176706e-02	4.021532e-02	6.176706e-02	3.004636e+00	5.863288e-01	1	
-1.1163e-01	7.3382e-01	-2.7914e-01	5.2311e-01	1.334995e-01	7.931673e-01	1.208324e-01	7.931673e-01	1.104832e+00	8.525119e-01	1	
-2.7914e-01	5.2311e-01	-1.7472e-01	-4.7261e-02	1.565691e-01	3.478444e-01	1.334995e-01	3.478444e-01	1.172807e+00	2.269180e-01	1	
-1.7472e-01	-4.7261e-02	-3.7640e-01	-1.8196e-01	1.458362e-01	8.276990e-01	1.565691e-01	8.276990e-01	9.314494e-01	3.434406e-01	1	
-3.7640e-01	-1.8196e-01	-6.1286e-01	-4.5778e-01	1.187830e-01	6.585221e-01	1.458362e-01	6.585221e-01	8.144955e-01	8.888190e-01	0	
-3.7640e-01	-1.8196e-01	-3.9348e-01	-5.9188e-01	1.236314e-01	5.878339e-01	1.458362e-01	5.878339e-01	8.477411e-01	7.487891e-01	1	
-3.9348e-01	-5.9188e-01	-3.9762e-01	-4.2593e-01	1.343057e-01	9.126463e-01	1.236314e-01	9.126463e-01	1.086340e+00	9.612800e-01	1	
-3.9762e-01	-4.2593e-01	-1.0484e+00	-2.8840e-01	8.811818e-02	2.495591e-01	1.343057e-01	2.495591e-01	6.561017e-01	8.926327e-01	0	
-3.9762e-01	-4.2593e-01	1.0449e-01	-1.4775e+00	5.313907e-02	1.428182e-02	1.343057e-01	1.428182e-02	3.956577e-01	2.712432e-01	1	
1.0449e-01	-1.4775e+00	4.0824e-01	-1.9697e+00	2.104488e-02	3.496849e-01	5.313907e-02	3.496849e-01	3.960341e-01	4.632609e-01	0	
1.0449e-01	-1.4775e+00	-9.3177e-02	-1.7324e+00	3.533812e-02	7.186285e-01	5.313907e-02	7.186285e-01	6.650120e-01	7.025278e-01	0	
1.0449e-01	-1.4775e+00	5.5647e-01	-1.4264e+00	4.929439e-02	5.210741e-01	5.313907e-02	5.210741e-01	9.276487e-01	9.105205e-01	1	
5.5647e-01	-1.4264e+00	6.6482e-01	-2.1111e+00	1.374135e-02	2.214743e-01	4.929439e-02	2.214743e-01	2.787609e-01	4.776298e-01	0	
5.5647e-01	-1.4264e+00	5.6292e-01	-8.9061e-01	9.136307e-02	4.056166e-01	4.929439e-02	4.056166e-01	1.853417e+00	9.641916e-01	1	
5.6292e-01	-8.9061e-01	3.5722e-01	-1.2013e+00	7.256624e-02	6.445513e-01	9.136307e-02	6.445513e-01	7.942622e-01	2.533932e-01	1	
3.5722e-01	-1.2013e+00	9.2507e-01	-9.8380e-01	6.394784e-02	3.132233e-01	7.256624e-02	3.132233e-01	8.812340e-01	4.597278e-01	1	
9.2507e-01	-9.8380e-01	9.2898e-01	-1.3170e+00	4.342794e-02	7.030489e-01	6.394784e-02	7.030489e-01	6.791150e-01	3.798827e-01	1	
9.2898e-01	-1.3170e+00	5.4140e-01	-1.2210e+00	6.522537e-02	6.043965e-01	4.342794e-02	6.043965e-01	1.501922e+00	8.208911e-01	1	
5.4140e-01	-1.2210e+00	8.2930e-01	-3.6925e-01	1.054080e-01	7.952522e-02	6.522537e-02	7.952522e-02	1.616058e+00	6.774397e-01	1	
8.2930e-01	-3.6925e-01	1.0297e+00	-2.2682e-01	9.129049e-02	8.235358e-01	1.054080e-01	8.235358e-01	8.660680e-01	3.184566e-01	1	
1.0297e+00	-2.2682e-01	1.1971e+00	-5.3853e-01	6.724509e-02	6.726493e-01	9.129049e-02	6.726493e-01	7.366056e-01	7.661033e-01	0	
1.0297e+00	-2.2682e-01	5.8173e-01	-2.9229e-02	1.343232e-01	4.703199e-01	9.129049e-02	4.703199e-01	1.471382e+00	6.773528e-01	1	
5.8173e-01	-2.9229e-02	6.4398e-01	1.9414e-01	1.269350e-01	8.408610e-01	1.343232e-01	8.408610e-01	9.449968e-01	4.019900e-01	1	
6.4398e-01	1.9414e-01	9.5881e-01	9.5280e-02	1.000510e-01	7.078124e-01	1.269350e-01	7.078124e-01	7.882068e-01	4.235641e-01	1	
9.5881e-01	9.5280e-02	7.8861e-01	2.5807e-01	1.128013e-01	8.364132e-01	1.000510e-01	8.364132e-01	1.127438e+00	7.655371e-01	1	
7.8861e-01	2.5807e-01	8.0173e-01	8.0938e-01	8.317454e-02	3.845500e-01	1.128013e-01	3.845500e-01	7.373546e-01	4.031620e-01	1	
8.0173e-01	8.0938e-01	9.5846e-01	5.0173e-01	8.864900e-02	6.853427e-01	8.317454e-02	6.853427e-01	1.065819e+00	5.820851e-01	1	
9.5846e-01	5.0173e-01	6.9635e-01	4.0458e-01	1.150750e-01	7.791984e-01	8.864900e-02	7.791984e-01	1.298097e+00	5.067425e-02	1	
6.9635e-01	4.0458e-01	8.1551e-01	3.5324e-01	1.072289e-01	9.437415e-01	1.150750e-01	9.437415e-01	9.318172e-01	2.842308e-01	1	
8.1551e-01	3.5324e-01	6.3888e-01	7.2561e-01	9.973708e-02	5.850208e-01	1.072289e-01	5.850208e-01	9.301324e-01	5.198341e-01	1	
6.3888e-01	7.2561e-01	8.4767e-01	1.0562e+00	6.361361e-02	6.168989e-01	9.973708e-02	6.168989e-01	6.378130e-01	5.957946e-01	1	
8.4767e-01	1.0562e+00	1.3013e+00	1.4819e+00	2.276339e-02	2.967953e-01	6.361361e-02	2.967953e-01	3.578384e-01	6.852670e-01	0	
8.4767e-01	1.0562e+00	1.4259e+00	9.3627e-01	3.714885e-02	3.344609e-01	6.361361e-02	3.344609e-01	5.839765e-01	9.642947e-01	0	
8.4767e-01	1.0562e+00	9.7987e-01	1.3657e+00	3.875406e-02	6.981942e-01	6.361361e-02	6.981942e-01	6.092102e-01	2.133656e-01	1	
9.7987e-01	1.3657e+00	1.1733e+00	7.0867e-01	6.220624e-02	2.296354e-01	3.875406e-02	2.296354e-01	1.605154e+00	9.520542e-01	1	
1.1733e+00	7.0867e-01	1.2164e+00	4.6573e-01	6.814380e-02	8.223924e-01	6.220624e-02	8.223924e-01	1.095449e+00	1.025648e-01	1	
1.2164e+00	4.6573e-01	1.5593e+00	5.9930e-01	3.943075e-02	6.514447e-01	6.814380e-02	6.514447e-01	5.786404e-01	2.562980e-01	1	
1.5593e+00	5.9930e-01	1.6226e+00	4.9368e-03	4.267018e-02	3.257019e-01	3.943075e-02	3.257019e-01	1.082155e+00	1.581722e-01	1	
1.6226e+00	4.9368e-03	1.1768e+00	1.5185e-01	7.872541e-02	4.996633e-01	4.267018e-02	4.996633e-01	1.844975e+00	8.108574e-01	1	
1.1768e+00	1.5185e-01	6.9057e-01	2.6841e-01	1.209541e-01	4.554614e-01	7.872541e-02	4.554614e-01	1.536405e+00	2.991300e-01	1	
6.9057e-01	2.6841e-01	5.9516e-01	-1.0152e-01	1.326370e-01	6.303973e-01	1.209541e-01	6.303973e-01	1.096589e+00	3.883934e-01	1	
5.9516e-01	-1.0152e-01	1.9829e-01	-1.7061e-01	1.538019e-01	5.990445e-01	1.326370e-01	5.990445e-01	1.159570e+00	7.989689e-01	1	
1.9829e-01	-1.7061e-01	3.4777e-01	-4.8902e-01	1.329316e-01	6.757316e-01	1.538019e-01	6.757316e-01	8.643041e-01	1.143375e-01	1	
3.4777e-01	-4.8902e-01	1.6750e-01	-1.7005e-01	1.546851e-01	6.539033e-01	1.329316e-01	6.539033e-01	1.163644e+00	7.437942e-01	1	
1.6750e-01	-1.7005e-01	6.9862e-01	3.3102e-01	1.180438e-01	1.879840e-01	1.546851e-01	1.879840e-01	7.631233e-01	1.750126e-01	1	
6.9862e-01	3.3102e-01	-3.5919e-01	1.1150e+00	8.013904e-02	4.414904e-03	1.180438e-01	4.414904e-03	6.788925e-01	6.147660e-01	1	
-3.5919e-01	1.1150e+00	-3.4369e-01	8.4586e-01	1.049074e-01	7.926309e-01	8.013904e-02	7.926309e-01	1.309067e+00	6.520001e-02	1	
-3.4369e-01	8.4586e-01	-6.3278e-01	1.5370e+00	3.998551e-02	1.721970e-01	1.049074e-01	1.721970e-01	3.811506e-01	2.290120e-01	1	
-6.3278e-01	1.5370e+00	-1.2598e+00	1.6715e+00	1.780355e-02	2.751238e-01	3.998551e-02	2.751238e-01	4.452501e-01	1.587549e-01	1	
-1.2598e+00	1.6715e+00	-1.0492e+00	1.2030e+00	4.451724e-02	4.361511e-01	1.780355e-02	4.361511e-01	2.500470e+00	4.172816e-01	1	
-1.0492e+00	1.2030e+00	-1.3485e+00	1.1721e+00	3.225990e-02	7.496119e-01	4.451724e-02	7.496119e-01	7.246608e-01	1.716471e-01	1	
-1.3485e+00	1.1721e+00	-2.0634e+00	1.8533e+00	3.399968e-03	4.723174e-02	3.225990e-02	4.723174e-02	1.053930e-01	1.619355e-01	0	
-1.3485e+00	1.1721e+00	-1.0372e+00	2.1135e+00	9.958715e-03	4.604730e-02	3.225990e-02	4.604730e-02	3.087026e-01	4.911513e-01	0	
-1.3485e+00	1.1721e+00	-1.7640e+00	1.5640e+00	9.885356e-03	3.588644e-01	3.225990e-02	3.588644e-01	3.064286e-01	9.762194e-01	0	
-1.3485e+00	1.1721e+00	-8.3966e-01	9.6251e-01	7.039713e-02	3.861343e-01	3.225990e-02	3.861343e-01	2.182187e+00	5.980749e-01	1	
-8.3966e-01	9.6251e-01	-5.1882e-01	1.5734e+00	4.034421e-02	2.246315e-01	7.039713e-02	2.246315e-01	5.730945e-01	5.900544e-01	0	
-8.3966e-01	9.6251e-01	-1.2298e-01	3.3791e-01	1.491906e-01	5.904064e-02	7.039713e-02	5.904064e-02	2.119271e+00	8.276878e-01	1	
-1.2298e-01	3.3791e-01	-3.4065e-01	2.6799e-01	1.448858e-01	8.448081e-01	1.491906e-01	8.448081e-01	9.711458e-01	2.997055e-01	1	
-3.4065e-01	2.6799e-01	-3.9979e-01	2.0497e-01	1.438764e-01	9.717671e-01	1.448858e-01	9.717671e-01	9.930334e-01	8.372827e-01	1	
-3.9979e-01	2.0497e-01	-6.9097e-01	-5.6169e-01	1.070621e-01	1.216019e-01	1.438764e-01	1.216019e-01	7.441254e-01	2.876789e-01	1	
-6.9097e-01	-5.6169e-01	-6.1802e-01	-1.4746e-01	1.300644e-01	5.722829e-01	1.070621e-01	5.722829e-01	1.214850e+00	3.326462e-01	1	
-6.1802e-01	-1.4746e-01	-6.3067e-01	-3.5985e-01	1.222735e-01	8.635042e-01	1.300644e-01	8.635042e-01	9.400997e-01	2.456292e-01	1	
-6.3067e-01	-3.5985e-01	-1.0243e+00	-9.7900e-01	5.832782e-02	1.849970e-01	1.222735e-01	1.849970e-01	4.770275e-01	7.852816e-01	0	
-6.3067e-01	-3.5985e-01	-4.1135e-01	-6.6324e-01	1.173699e-01	6.419467e-01	1.222735e-01	6.419467e-01	9.598968e-01	5.929188e-01	1	
-4.1135e-01	-6.6324e-01	-1.1139e+00	-5.1453e-01	7.497222e-02	1.985266e-01	1.173699e-01	1.985266e-01	6.387686e-01	7.820041e-01	0	
-4.1135e-01	-6.6324e-01	-5.3850e-01	-5.0598e-01	1.211319e-01	8.753720e-01	1.173699e-01	8.753720e-01	1.032053e+00	7.650660e-01	1	
-5.3850e-01	-5.0598e-01	-6.2353e-01	-7.0627e-01	1.021126e-01	8.579097e-01	1.211319e-01	8.579097e-01	8.429862e-01	9.211904e-01	0	
-5.3850e-01	-5.0598e-01	-9.8718e-01	-2.8645e-01	9.383994e-02	4.561290e-01	1.211319e-01	4.561290e-01	7.746919e-01	6.427804e-02	1	
-9.8718e-01	-2.8645e-01	-1.1905e+00	-7.8845e-01	5.741861e-02	3.977171e-01	9.383994e-02	3.977171e-01	6.118782e-01	5.357281e-01	1	
-1.1905e+00	-7.8845e-01	-1.2617e+00	-6.8532e-01	5.677208e-02	9.470757e-01	5.741861e-02	9.470757e-01	9.887400e-01	2.912588e-01	1	
-1.2617e+00	-6.8532e-01	-1.1153e+00	-9.2057e-01	5.593398e-02	7.825259e-01	5.677208e-02	7.825259e-01	9.852376e-01	1.210981e-02	1	
-1.1153e+00	-9.2057e-01	-1.4035e+00	-1.3865e+00	2.273156e-02	3.893436e-01	5.593398e-02	3.893436e-01	4.063998e-01	2.459267e-01	1	
-1.4035e+00	-1.3865e+00	-1.9423e+00	-5.1858e-01	2.109917e-02	3.813299e-02	2.273156e-02	3.813299e-02	9.281883e-01	5.868469e-01	1	
-1.9423e+00	-5.1858e-01	-2.2311e+00	1.3233e-01	1.309476e-02	2.039147e-01	2.109917e-02	2.039147e-01	6.206291e-01	1.283598e-01	1	
-2.2311e+00	1.3233e-01	-2.0625e+00	-3.8567e-01	1.761176e-02	3.935101e-01	1.309476e-02	3.935101e-01	1.344947e+00	5.524259e-01	1	
-2.0625e+00	-3.8567e-01	-2.0301e+00	-3.9463e-03	2.027009e-02	6.288187e-01	1.761176e-02	6.288187e-01	1.150940e+00	2.114821e-01	1	
-2.0301e+00	-3.9463e-03	-2.1235e+00	1.0469e+00	9.653082e-03	3.069609e-02	2.027009e-02	3.069609e-02	4.762231e-01	9.474484e-01	0	
-2.0301e+00	-3.9463e-03	-2.0525e+00	-1.4712e-01	1.915839e-02	9.315413e-01	2.027009e-02	9.315413e-01	9.451561e-01	7.920928e-02	1	
-2.0525e+00	-1.4712e-01	-1.7763e+00	-2.2939e-01	3.200542e-02	7.674004e-01	1.915839e-02	7.674004e-01	1.670569e+00	3.528429e-01	1	
-1.7763e+00	-2.2939e-01	-1.6935e+00	6.7762e-02	3.785113e-02	7.388331e-01	3.200542e-02	7.388331e-01	1.182648e+00	3.343001e-01	1	
-1.6935e+00	6.7762e-02	-1.4495e+00	-1.2615e-02	5.566328e-02	8.093371e-01	3.785113e-02	8.093371e-01	1.470584e+00	7.757264e-02	1	
-1.4495e+00	-1.2615e-02	-1.1281e+00	-4.1970e-01	7.713471e-02	4.291291e-01	5.566328e-02	4.291291e-01	1.385738e+00	7.656840e-02	1	
-1.1281e+00	-4.1970e-01	-9.3238e-01	-4.9003e-01	9.139128e-02	8.690042e-01	7.713471e-02	8.690042e-01	1.184827e+00	9.508730e-01	1	
-9.3238e-01	-4.9003e-01	-1.5734e+00	-3.1597e-01	4.390935e-02	2.505334e-01	9.139128e-02	2.505334e-01	4.804545e-01	9.023511e-01	0	
-9.3238e-01	-4.9003e-01	-1.0421e+00	-1.0047e-01	9.200477e-02	5.962042e-01	9.139128e-02	5.962042e-01	1.006713e+00	6.006912e-01	1	
-1.0421e+00	-1.0047e-01	-1.2339e+00	-4.0840e-01	6.839045e-02	6.593023e-01	9.200477e-02	6.593023e-01	7.433360e-01	3.243538e-01	1	
-1.2339e+00	-4.0840e-01	-8.3042e-01	2.7641e-02	1.126965e-01	3.301542e-01	6.839045e-02	3.301542e-01	1.647840e+00	2.640789e-01	1	
-8.3042e-01	2.7641e-02	-4.8336e-01	2.2392e-02	1.415723e-01	6.826362e-01	1.126965e-01	6.826362e-01	1.256226e+00	4.424273e-01	1	
-4.8336e-01	2.2392e-02	-3.5979e-01	-4.9769e-01	1.318028e-01	4.072724e-01	1.415723e-01	4.072724e-01	9.309933e-01	1.330734e-01	1	
-3.5979e-01	-4.9769e-01	-2.8060e-01	-4.9459e-01	1.353955e-01	9.753860e-01	1.318028e-01	9.753860e-01	1.027258e+00	8.731721e-01	1	
-2.8060e-01	-4.9459e-01	3.4556e-01	-3.3294e-01	1.418464e-01	2.692239e-01	1.353955e-01	2.692239e-01	1.047645e+00	8.121744e-01	1	
3.4556e-01	-3.3294e-01	5.4181e-01	-1.0370e+00	8.027512e-02	1.874012e-01	1.418464e-01	1.874012e-01	5.659298e-01	7.091646e-01	0	
3.4556e-01	-3.3294e-01	1.4167e-01	-3.9949e-01	1.454814e-01	8.615271e-01	1.418464e-01	8.615271e-01	1.025626e+00	3.056411e-02	1	
1.4167e-01	-3.9949e-01	4.8247e-01	-7.0898e-01	1.101855e-01	5.129510e-01	1.454814e-01	5.129510e-01	7.573853e-01	3.877214e-01	1	
4.8247e-01	-7.0898e-01	4.9959e-01	-8.5398e-01	9.755744e-02	9.306049e-01	1.101855e-01	9.306049e-01	8.853928e-01	5.619895e-01	1	
4.9959e-01	-8.5398e-01	6.8095e-01	-1.3648e+00	4.973165e-02	3.970790e-01	9.755744e-02	3.970790e-01	5.097679e-01	8.862418e-03	1	
6.8095e-01	-1.3648e+00	7.4740e-01	-1.5700e+00	3.509662e-02	8.601495e-01	4.973165e-02	8.601495e-01	7.057199e-01	8.712774e-02	1	
7.4740e-01	-1.5700e+00	6.3065e-02	-1.9684e+00	2.288876e-02	1.402039e-01	3.509662e-02	1.402039e-01	6.521643e-01	8.012105e-01	0	
7.4740e-01	-1.5700e+00	-1.0570e-01	-1.9252e+00	2.480640e-02	6.898986e-02	3.509662e-02	6.898986e-02	7.068031e-01	5.398938e-02	1	
-1.0570e-01	-1.9252e+00	7.3374e-01	-2.0729e+00	1.418597e-02	1.027473e-01	2.480640e-02	1.027473e-01	5.718673e-01	8.961844e-02	1	
7.3374e-01	-2.0729e+00	1.2043e+00	-2.6267e+00	2.446884e-03	1.909198e-01	1.418597e-02	1.909198e-01	1.724862e-01	8.088168e-01	0	
7.3374e-01	-2.0729e+00	5.7394e-01	-1.6126e+00	3.677937e-02	4.736983e-01	1.418597e-02	4.736983e-01	2.592658e+00	3.130756e-01	1	
5.7394e-01	-1.6126e+00	7.2816e-01	-1.0929e+00	6.718999e-02	3.971051e-01	3.677937e-02	3.971051e-01	1.826839e+00	5.996878e-01	1	
7.2816e-01	-1.0929e+00	3.4033e-01	-1.3456e-01	1.488460e-01	3.524156e-02	6.718999e-02	3.524156e-02	2.215300e+00	2.477762e-02	1	
3.4033e-01	-1.3456e-01	5.3192e-01	1.8187e-01	1.358936e-01	6.486228e-01	1.488460e-01	6.486228e-01	9.129813e-01	1.050874e-01	1	
5.3192e-01	1.8187e-01	5.8401e-01	-1.7903e-01	1.320682e-01	6.565121e-01	1.358936e-01	6.565121e-01	9.718499e-01	2.769997e-01	1	
5.8401e-01	-1.7903e-01	1.2812e+00	-6.0167e-02	6.991713e-02	2.083573e-01	1.320682e-01	2.083573e-01	5.294019e-01	7.116953e-01	0	
5.8401e-01	-1.7903e-01	2.5885e-01	5.3028e-01	1.337241e-01	1.483836e-01	1.320682e-01	1.483836e-01	1.012538e+00	1.693785e-01	1	
2.5885e-01	5.3028e-01	4.6692e-01	1.2014e-02	1.427077e-01	3.753269e-01	1.337241e-01	3.753269e-01	1.067181e+00	4.883666e-01	1	
4.6692e-01	1.2014e-02	2.8865e-01	-5.7227e-02	1.524109e-01	8.872867e-01	1.427077e-01	8.872867e-01	1.067993e+00	9.358761e-01	1	
2.8865e-01	-5.7227e-02	3.2091e-01	-2.9328e-03	1.511666e-01	9.823978e-01	1.524109e-01	9.823978e-01	9.918359e-01	3.891752e-01	1	
3.2091e-01	-2.9328e-03	1.4090e-01	-5.4007e-01	1.361987e-01	3.648858e-01	1.511666e-01	3.648858e-01	9.009841e-01	2.770771e-01	1	
1.4090e-01	-5.4007e-01	6.8804e-01	-6.2908e-01	1.030594e-01	3.807647e-01	1.361987e-01	3.807647e-01	7.566843e-01	3.859582e-01	1	
6.8804e-01	-6.2908e-01	-1.8710e-01	-4.6378e-01	1.404469e-01	8.340652e-02	1.030594e-01	8.340652e-02	1.362776e+00	6.860324e-01	1	
-1.8710e-01	-4.6378e-01	-4.0682e-01	-6.0211e-01	1.222240e-01	8.057621e-01	1.404469e-01	8.057621e-01	8.702505e-01	2.078765e-01	1	
-4.0682e-01	-6.0211e-01	-6.3657e-01	-4.4513e-01	1.177071e-01	7.809438e-01	1.222240e-01	7.809438e-01	9.630444e-01	2.401076e-02	1	
-6.3657e-01	-4.4513e-01	3.8136e-03	2.6844e-01	1.535214e-01	5.624583e-02	1.177071e-01	5.624583e-02	1.304266e+00	2.463920e-01	1	
3.8136e-03	2.6844e-01	1.9443e-01	5.2859e-01	1.358123e-01	7.186867e-01	1.535214e-01	7.186867e-01	8.846474e-01	8.315718e-02	1	
1.9443e-01	5.2859e-01	4.9224e-01	6.5682e-01	1.136385e-01	7.161749e-01	1.358123e-01	7.161749e-01	8.367317e-01	9.446309e-01	0	
1.9443e-01	5.2859e-01	-8.7044e-03	5.0297e-01	1.402393e-01	8.725806e-01	1.358123e-01	8.725806e-01	1.032596e+00	8.859477e-01	1	
-8.7044e-03	5.0297e-01	6.4576e-01	1.4697e-01	1.278140e-01	1.755463e-01	1.402393e-01	1.755463e-01	9.113997e-01	7.434370e-02	1	
6.4576e-01	1.4697e-01	1.2154e+00	8.1170e-01	5.470062e-02	9.070931e-02	1.278140e-01	9.070931e-02	4.279704e-01	9.534075e-01	0	
6.4576e-01	1.4697e-01	7.9379e-01	4.0880e-01	1.068331e-01	7.497543e-01	1.278140e-01	7.497543e-01	8.358481e-01	5.991513e-01	1	
7.9379e-01	4.0880e-01	5.9271e-01	5.7137e-01	1.134086e-01	8.071536e-01	1.068331e-01	8.071536e-01	1.061549e+00	5.318042e-01	1	
5.9271e-01	5.7137e-01									0.7740
