8.0781e-03
2.8012e-02
9.1076e-05
6.1674e-02
3.0994e-06
5.0068e-06
4.4107e-05
3.5415e-02
4.0531e-06
5.0068e-06
4.1962e-05
1.5545e-02
3.0994e-06
4.0531e-06
5.5075e-05
1.4314e-02
4.3869e-05
3.0994e-06
4.3869e-05
6.4589e-02
5.9128e-05
3.8147e-06
3.6001e-05
1.1921e-06
3.2902e-05
9.5367e-07
3.1948e-05
9.5367e-07
3.2902e-05
9.5367e-07
3.3855e-05
0.0000e+00
3.2902e-05
4.5741e-02
1.6880e-04
1.0094e-02
5.1975e-05
1.0171e-02
4.6015e-05
2.8610e-06
3.3855e-05
9.5367e-07
3.4094e-05
3.4191e-02
3.0994e-06
3.1092e-02
3.0994e-06
4.0531e-06
4.7922e-05
9.5367e-07
3.3855e-05
9.5367e-07
1.2016e-04
3.1602e-02
2.8610e-06
7.8678e-06
4.9114e-05
1.0307e-02
3.0994e-06
2.0164e-02
5.1022e-05
9.0711e-03
6.2943e-05
3.4950e-03
1.9073e-06
2.8610e-06
4.4823e-05
9.5367e-07
3.3855e-05
1.3549e-03
3.0994e-06
2.6529e-03
8.3208e-05
7.2789e-04
4.0054e-05
1.9073e-06
3.4094e-05
1.5613e-02
5.0068e-05
2.0831e-03
3.0994e-06
1.9073e-06
3.9816e-05
1.1921e-06
3.2902e-05
1.5806e-02
4.9829e-05
2.5599e-03
4.2915e-05
1.0760e-03
3.9101e-05
1.1249e-03
1.0490e-04
1.9073e-06
3.6955e-05
9.5367e-07
3.2902e-05
3.6407e-04
3.6001e-05
6.6519e-04
3.9101e-05
5.4288e-04
9.7990e-05
5.9891e-04
3.9101e-05
2.8014e-04
3.7193e-05
1.0829e-03
1.9073e-06
4.9348e-03
3.0994e-06
4.0531e-06
4.1962e-05
9.5367e-07
3.4094e-05
9.5367e-07
3.3140e-05
0.0000e+00
3.2902e-05
3.3522e-03
2.8610e-06
3.0994e-06
4.2915e-05
1.2221e-03
2.1458e-06
9.5367e-07
3.8147e-05
9.5367e-07
3.3855e-05
5.9915e-04
2.1458e-06
1.9073e-06
3.9101e-05
2.0621e-03
3.0994e-06
9.5367e-07
4.1008e-05
9.5367e-07
3.3140e-05
6.2394e-04
3.7909e-05
2.1458e-06
3.3855e-05
8.2517e-04
3.8147e-05
1.9073e-06
3.1948e-05
9.5367e-07
3.2902e-05
1.2081e-03
2.1458e-06
1.9073e-06
4.0054e-05
1.0109e-04
3.8147e-05
1.6119e-03
2.1458e-06
5.7006e-04
1.9073e-06
1.9073e-06
4.0054e-05
5.7697e-04
2.1458e-06
1.9073e-06
3.8147e-05
1.8690e-03
2.8610e-06
5.0068e-06
4.1962e-05
9.5367e-07
3.2902e-05
5.8682e-03
4.4107e-05
4.0531e-06
3.3855e-05
6.9118e-04
3.7909e-05
1.6310e-03
2.8610e-06
2.1458e-06
3.8862e-05
1.1921e-06
3.3855e-05
0.0000e+00
3.3140e-05
5.1212e-04
3.7909e-05
6.3300e-04
3.9101e-05
1.9073e-06
3.4094e-05
9.7990e-04
4.0054e-05
4.1409e-03
3.0994e-06
2.8610e-06
4.0054e-05
9.5367e-07
3.3140e-05
5.1308e-04
3.6955e-05
8.6999e-04
3.0994e-06
6.4993e-04
1.9073e-06
1.9073e-06
4.0054e-05
1.3304e-04
3.6955e-05
7.4911e-04
1.9073e-06
1.9073e-06
3.7909e-05
3.8314e-04
2.1458e-06
1.9073e-06
3.7909e-05
6.1202e-04
3.9101e-05
2.1458e-06
3.5048e-05
0.0000e+00
3.2902e-05
0.0000e+00
3.3855e-05
9.5367e-07
9.2030e-05
1.1010e-03
3.9101e-05
1.4858e-03
4.0054e-05
5.6195e-04
1.9073e-06
9.5367e-07
3.6001e-05
7.9203e-04
3.7193e-05
9.5367e-07
3.3140e-05
4.1389e-04
3.6001e-05
1.1921e-06
3.2902e-05
2.4121e-03
1.9073e-06
1.9073e-06
4.1008e-05
1.1921e-06
3.3855e-05
1.1599e-03
2.8610e-06
1.1921e-06
3.9816e-05
9.5367e-07
3.2902e-05
6.4898e-04
3.7909e-05
6.5303e-04
3.7909e-05
3.8004e-04
1.0109e-04
8.0204e-04
3.9101e-05
1.9073e-06
3.3140e-05
7.0190e-04
3.7909e-05
2.1458e-06
3.3855e-05
1.2681e-03
3.6955e-05
1.7221e-03
4.1008e-05
3.0208e-04
1.9073e-06
1.9073e-06
1.0109e-04
7.0310e-04
3.0994e-06
9.5367e-07
3.9101e-05
9.5367e-07
3.3140e-05
0.0000e+00
3.2902e-05
5.0116e-04
3.8147e-05
7.9489e-04
3.8862e-05
2.1458e-06
3.2902e-05
1.0760e-03
1.0109e-04
3.0804e-04
3.6955e-05
3.8409e-04
3.8147e-05
4.8900e-04
3.6001e-05
1.9073e-06
3.4094e-05
1.1921e-06
3.2902e-05
7.0810e-04
4.0054e-05
1.1780e-03
1.9073e-06
9.5367e-07
9.6083e-05
8.0013e-04
3.8147e-05
1.9073e-06
3.2902e-05
4.1103e-04
3.8862e-05
1.2600e-03
3.9101e-05
1.0121e-03
3.7909e-05
2.1458e-06
3.3855e-05
6.9809e-04
2.8610e-06
3.3593e-04
2.8610e-06
1.1921e-06
9.4891e-05
1.1921e-06
3.2902e-05
5.7411e-04
4.0770e-05
2.1458e-06
3.3855e-05
0.0000e+00
3.2902e-05
6.7091e-04
3.6955e-05
1.1921e-06
3.2902e-05
1.2300e-03
3.7909e-05
2.5797e-04
3.6001e-05
1.8883e-04
3.6001e-05
9.5296e-04
2.1458e-06
1.9073e-06
3.7909e-05
4.5800e-04
3.9101e-05
7.5722e-04
3.8147e-05
2.1458e-06
3.3855e-05
2.1381e-03
4.1008e-05
2.8610e-06
3.6001e-05
8.6284e-04
3.7909e-05
2.1458e-06
3.4094e-05
9.5367e-07
3.3855e-05
6.6209e-04
4.0054e-05
1.9073e-06
3.3140e-05
0.0000e+00
3.2902e-05
2.9540e-03
9.3937e-05
1.0290e-03
2.8610e-06
1.9073e-06
4.1962e-05
7.1907e-04
1.9073e-06
2.1458e-06
3.8862e-05
3.4904e-04
3.8862e-05
1.1921e-06
3.2902e-05
6.7480e-03
4.4107e-05
8.1182e-04
3.9101e-05
1.9073e-06
9.5129e-05
1.2929e-03
1.9073e-06
9.5367e-07
4.9829e-05
1.0860e-03
3.9101e-05
4.5204e-04
3.6955e-05
2.1482e-04
3.9101e-05
6.9904e-04
2.1458e-06
1.9073e-06
4.0054e-05
7.5293e-04
3.9101e-05
2.7704e-04
3.8147e-05
1.9073e-06
3.4094e-05
1.0829e-03
4.0054e-05
1.9073e-06
3.3140e-05
9.5367e-07
3.2902e-05
1.4582e-03
4.1008e-05
5.1212e-04
2.1458e-06
9.5367e-07
3.6955e-05
9.5367e-07
3.6001e-05
1.9698e-03
4.1008e-05
4.0102e-04
3.6955e-05
1.6499e-04
3.7193e-05
1.9097e-04
3.6001e-05
9.5367e-07
3.4094e-05
4.2391e-04
3.7193e-05
2.8770e-03
4.3869e-05
1.0278e-03
1.9073e-06
6.3896e-05
3.0994e-06
9.5367e-07
3.8147e-05
1.9479e-04
3.6001e-05
2.8751e-03
2.1458e-06
1.9073e-06
4.0054e-05
4.9114e-04
2.1458e-06
9.5367e-07
3.6001e-05
9.8395e-04
1.9073e-06
5.2500e-04
1.9073e-06
2.1458e-06
1.0800e-04
7.1001e-04
3.7909e-05
6.2990e-04
3.7909e-05
2.1458e-06
3.3855e-05
6.5207e-04
3.6955e-05
5.4159e-03
4.2915e-05
3.6216e-04
2.1458e-06
1.9073e-06
3.8147e-05
1.1921e-06
9.1076e-05
1.7405e-04
3.6001e-05
1.5190e-03
1.9073e-06
1.4160e-03
3.0994e-06
1.9073e-06
4.0054e-05
9.5367e-07
3.5048e-05
9.5367e-07
3.4094e-05
5.6696e-04
1.9073e-06
6.2108e-04
1.9073e-06
9.5367e-07
3.6955e-05
2.0189e-03
2.1458e-06
3.0994e-06
4.0054e-05
2.5105e-04
3.7193e-05
9.4795e-04
3.9101e-05
5.6911e-04
3.7193e-05
1.1921e-06
3.2902e-05
9.5367e-07
3.1948e-05
6.1202e-04
3.6955e-05
7.2098e-04
9.3937e-05
1.3711e-03
2.8610e-06
1.9073e-06
3.7909e-05
9.5367e-07
3.2902e-05
9.5367e-07
3.3140e-05
4.4084e-04
3.6955e-05
1.8311e-04
3.6955e-05
2.2810e-03
2.1458e-06
9.5367e-07
4.1008e-05
4.4107e-04
1.9073e-06
2.1458e-06
3.6955e-05
5.1284e-04
3.7909e-05
9.5367e-07
3.2902e-05
6.5804e-04
3.6955e-05
9.7108e-04
3.0994e-06
3.5691e-04
1.9073e-06
1.9073e-06
4.0054e-05
8.2493e-04
3.8862e-05
2.8586e-04
3.6001e-05
4.5586e-04
3.8862e-05
1.1921e-06
3.2902e-05
3.6001e-05
3.6955e-05
1.1802e-04
3.6001e-05
1.8501e-04
3.6001e-05
5.0688e-04
3.6955e-05
6.4111e-04
9.4891e-05
2.1005e-04
3.6001e-05
2.1629e-03
1.9073e-06
2.1458e-06
3.7909e-05
1.2708e-03
3.0994e-06
1.9073e-06
3.7909e-05
0.0000e+00
3.3855e-05
1.3721e-03
2.1458e-06
1.9073e-06
3.9101e-05
9.5367e-07
8.2970e-05
4.6802e-04
3.6001e-05
1.7786e-04
1.9073e-06
9.5367e-07
3.6001e-05
1.1921e-06
3.2902e-05
1.0319e-03
3.6955e-05
2.1458e-06
3.2902e-05
1.1442e-03
3.6955e-05
9.5367e-07
3.2902e-05
1.2560e-03
3.0994e-06
9.5367e-07
3.9101e-05
9.5367e-07
3.5048e-05
4.2892e-04
1.9073e-06
1.3529e-02
2.1458e-06
4.0531e-06
4.1962e-05
9.5367e-07
3.3140e-05
4.0293e-04
1.9073e-06
1.9073e-06
3.7909e-05
1.9312e-04
2.1458e-06
1.9073e-06
5.7936e-05
1.1921e-06
3.3855e-05
2.0771e-03
4.1008e-05
4.8494e-04
3.6955e-05
4.7994e-04
3.8862e-05
9.5367e-07
3.3855e-05
0.0000e+00
3.3855e-05
1.6181e-03
1.0204e-04
7.7548e-03
3.0994e-06
7.7105e-04
2.1458e-06
1.9073e-06
4.4107e-05
3.9411e-04
3.9101e-05
6.0487e-04
3.7909e-05
4.4107e-04
3.7909e-05
5.5504e-04
3.7193e-05
2.3489e-03
4.0054e-05
1.1699e-03
1.0109e-04
2.1195e-04
1.9073e-06
1.3494e-04
1.9073e-06
2.6321e-04
3.8147e-05
1.8680e-03
4.0054e-05
5.5504e-04
3.6001e-05
9.5367e-07
3.2902e-05
5.1498e-04
3.8862e-05
5.7793e-04
1.9073e-06
6.1989e-04
9.7990e-05
3.1996e-04
3.7193e-05
2.5539e-03
4.0054e-05
6.2990e-04
1.9073e-06
9.5367e-07
3.6001e-05
9.5367e-07
3.4094e-05
0.0000e+00
3.3140e-05
9.5367e-07
3.2902e-05
1.4482e-03
8.9169e-05
4.9996e-04
3.7193e-05
9.5367e-07
4.2915e-05
2.1458e-06
3.2902e-05
2.1670e-03
2.8610e-06
5.6386e-04
5.6028e-05
5.3787e-04
3.9101e-05
1.9073e-06
3.4094e-05
4.1509e-04
9.2030e-05
4.7088e-04
3.6955e-05
6.1393e-04
1.9073e-06
1.1921e-06
3.6001e-05
9.5367e-07
3.4094e-05
1.0092e-03
3.8147e-05
4.2648e-03
1.9813e-04
4.0531e-06
3.2902e-05
2.4562e-03
4.3154e-05
7.6580e-04
4.5061e-05
3.9101e-05
6.2943e-05
7.8702e-04
3.9101e-05
4.1389e-04
2.1458e-06
8.1205e-04
3.0994e-06
3.5596e-04
2.1458e-06
9.5367e-07
3.7909e-05
1.6189e-04
1.9073e-06
1.1921e-06
5.8889e-05
1.9073e-06
8.8215e-05
4.4084e-04
1.9073e-06
1.1921e-06
3.7909e-05
1.0099e-03
3.9816e-05
6.0916e-04
3.0994e-06
2.1458e-06
3.6955e-05
7.3981e-04
3.7909e-05
9.5367e-07
3.5048e-05
8.4496e-04
2.8610e-06
1.1921e-06
8.7976e-05
9.5367e-07
3.4094e-05
1.5209e-03
8.2970e-05
2.1458e-06
3.5048e-05
1.2920e-03
3.9101e-05
1.5750e-03
3.0994e-06
9.5367e-07
3.7909e-05
9.5367e-07
3.4094e-05
5.3096e-04
1.9073e-06
1.9073e-06
8.9884e-05
3.7217e-04
2.1458e-06
1.9073e-06
3.7909e-05
0.0000e+00
3.2902e-05
8.9312e-04
3.7193e-05
2.0027e-05
3.6955e-05
7.8607e-04
1.9073e-06
1.1921e-06
3.7909e-05
2.6891e-03
3.0994e-06
4.0531e-06
1.2589e-04
2.1458e-06
3.3855e-05
1.1921e-06
3.3855e-05
2.3794e-04
3.6001e-05
4.9496e-04
3.8862e-05
1.1921e-06
3.2902e-05
5.1403e-04
3.7909e-05
2.6529e-03
4.5061e-05
4.0531e-06
3.6001e-05
3.0429e-03
4.6968e-05
4.7112e-04
2.1458e-06
9.5367e-07
3.9101e-05
3.9601e-04
2.1458e-06
9.5367e-07
3.7193e-05
7.8917e-05
3.5048e-05
2.6202e-04
2.1458e-06
2.2101e-04
2.1458e-06
1.3900e-04
1.9073e-06
1.9073e-06
3.8862e-05
1.1921e-06
3.3855e-05
9.5367e-07
3.3140e-05
9.5367e-07
3.4094e-05
3.8314e-04
4.0054e-05
8.5092e-04
3.9101e-05
1.9073e-06
3.3140e-05
9.5367e-07
9.0122e-05
1.1590e-03
3.0994e-06
1.5497e-04
2.1458e-06
4.6897e-04
3.6955e-05
1.7285e-04
1.9073e-06
3.5596e-04
3.9101e-05
6.3491e-04
3.7909e-05
9.5367e-07
3.3855e-05
1.6370e-03
4.1962e-05
1.6761e-03
4.1008e-05
2.3389e-04
1.9073e-06
5.9128e-05
1.9073e-06
9.5367e-07
3.8147e-05
9.6583e-04
2.1458e-06
1.9073e-06
3.9101e-05
9.5367e-07
3.4094e-05
1.9073e-06
3.6001e-05
4.6301e-04
3.6955e-05
9.5367e-07
3.3855e-05
1.9073e-06
3.6001e-05
1.1921e-06
3.3855e-05
9.1910e-04
3.9101e-05
9.5367e-07
3.3140e-05
1.2779e-04
1.9073e-06
0.0000e+00
3.7193e-05
5.4193e-04
3.6955e-05
2.2101e-04
2.1458e-06
9.5367e-07
8.1062e-05
1.4806e-04
3.6955e-05
2.0599e-04
3.6955e-05
8.9812e-04
2.1458e-06
1.9073e-06
3.8147e-05
1.2460e-03
4.1008e-05
4.4689e-03
4.9114e-05
1.3249e-03
4.1008e-05
2.9531e-03
2.8610e-06
3.0994e-06
3.1114e-04
5.0092e-04
1.9073e-06
9.5367e-07
3.7909e-05
9.5367e-07
3.3140e-05
0.0000e+00
3.3140e-05
0.0000e+00
3.2902e-05
8.7214e-04
4.0054e-05
1.0700e-03
2.1458e-06
9.5367e-07
3.8147e-05
1.1921e-06
3.6001e-05
0.0000e+00
3.2902e-05
6.1202e-04
3.6955e-05
5.1999e-04
3.6001e-05
2.7800e-04
1.9073e-06
4.0507e-04
2.1458e-06
1.0331e-03
2.1458e-06
9.5367e-07
1.1206e-04
3.8695e-04
1.9073e-06
5.6195e-04
8.7023e-05
2.1458e-06
3.2902e-05
2.3699e-04
1.9073e-06
9.5367e-07
3.6955e-05
3.1710e-04
3.0994e-06
1.7095e-04
1.9073e-06
2.0504e-04
1.9073e-06
9.5367e-07
3.6001e-05
3.4809e-04
3.6001e-05
6.3801e-04
1.9073e-06
2.1458e-06
1.1206e-04
5.5003e-04
3.6955e-05
4.6706e-04
3.8147e-05
2.1458e-06
8.6069e-05
9.5367e-07
3.5048e-05
6.1488e-04
3.7909e-05
4.6086e-04
1.9073e-06
3.6907e-04
2.1458e-06
4.5490e-04
1.9073e-06
4.0054e-05
3.7909e-05
7.6699e-04
1.9073e-06
2.3100e-03
1.9073e-06
3.4904e-04
4.0054e-05
1.1921e-06
3.2902e-05
1.0109e-04
2.1458e-06
6.1035e-05
3.0994e-06
9.5367e-07
3.9101e-05
9.5367e-07
3.3140e-05
7.3600e-04
3.0994e-06
1.9073e-06
3.8147e-05
1.9073e-06
3.6001e-05
1.7810e-04
3.6001e-05
1.0345e-02
3.0994e-06
1.3107e-02
4.6015e-05
4.0531e-06
3.5048e-05
1.0455e-02
4.4107e-05
4.5228e-03
4.3154e-05
1.0266e-02
4.4107e-05
9.1195e-04
4.1008e-05
1.9073e-06
3.4094e-05
1.2000e-03
2.8610e-06
4.8709e-04
3.9816e-05
2.1815e-04
3.6001e-05
5.4216e-04
3.6955e-05
6.7496e-04
3.0994e-06
9.5367e-07
4.0054e-05
4.7112e-04
2.1458e-06
1.9073e-06
9.4891e-05
1.1921e-06
9.5844e-05
5.3692e-04
1.9073e-06
2.1458e-06
3.7909e-05
9.5367e-07
3.3140e-05
3.0758e-03
3.9101e-05
1.9073e-06
3.4094e-05
2.3413e-04
3.9101e-05
6.6042e-05
2.1458e-06
9.5367e-07
3.6955e-05
0.0000e+00
3.3140e-05
3.1400e-04
3.6955e-05
7.7295e-04
3.8147e-05
6.9189e-04
3.6955e-05
8.4996e-04
2.1458e-06
9.5367e-07
3.6001e-05
1.9908e-04
3.0994e-06
1.9073e-06
8.9169e-05
1.9073e-06
3.4094e-05
9.5367e-07
3.2902e-05
1.5101e-03
3.0994e-06
1.9073e-06
3.9101e-05
1.1120e-03
2.1458e-06
1.9073e-06
4.0054e-05
2.3794e-04
3.0994e-06
1.9920e-03
2.8610e-06
3.0994e-06
4.1008e-05
1.9073e-06
3.6955e-05
3.0017e-04
3.8147e-05
2.1458e-06
3.6001e-05
7.0310e-04
3.6955e-05
2.0695e-04
3.7193e-05
5.5385e-04
3.6001e-05
1.1921e-06
3.2902e-05
1.1320e-03
8.8930e-05
2.1458e-06
3.5048e-05
9.5367e-07
3.3855e-05
6.1703e-04
3.7909e-05
4.6015e-05
3.7909e-05
3.5405e-04
2.1458e-06
4.9686e-04
3.9101e-05
3.9387e-04
3.6955e-05
1.9073e-06
1.0800e-04
5.8699e-04
3.9101e-05
1.1899e-03
3.0994e-06
9.5367e-07
3.8147e-05
4.5490e-04
2.8610e-06
2.0401e-03
3.0994e-06
9.5367e-07
4.1008e-05
1.5712e-04
1.9073e-06
2.1219e-04
2.1458e-06
3.3593e-04
2.1458e-06
1.0610e-04
2.1458e-06
9.5367e-07
3.6955e-05
2.1458e-06
3.6001e-05
4.5800e-04
3.6001e-05
4.6682e-04
3.6001e-05
4.1604e-04
3.9101e-05
7.3195e-04
3.0994e-06
9.5367e-07
3.6001e-05
1.1630e-03
3.9101e-05
7.8917e-04
2.8610e-06
1.0300e-04
3.0994e-06
4.8304e-04
1.9073e-06
9.5367e-07
3.7909e-05
5.3883e-05
2.1458e-06
1.9073e-06
3.9101e-05
3.3283e-04
3.6955e-05
7.4601e-04
2.1458e-06
8.5831e-05
3.7909e-05
3.2616e-04
3.0994e-06
6.5303e-04
3.7909e-05
1.0381e-03
3.0994e-06
1.9073e-06
9.4175e-05
9.7299e-04
3.0994e-06
5.9390e-04
3.0994e-06
9.5367e-07
3.9101e-05
0.0000e+00
6.1989e-05
6.0201e-04
3.9101e-05
2.1458e-06
3.3855e-05
1.1921e-06
5.6982e-05
6.4588e-04
1.9073e-06
1.1921e-06
8.7976e-05
9.5367e-07
5.0068e-05
9.5367e-07
9.7990e-05
1.3111e-03
4.1008e-05
7.4196e-04
3.7909e-05
5.7697e-04
3.7193e-05
1.0779e-03
3.0994e-06
9.5367e-07
3.9101e-05
1.7691e-04
1.9073e-06
2.1458e-06
3.7909e-05
0.0000e+00
3.2902e-05
4.8208e-04
3.8147e-05
6.1607e-04
3.7909e-05
5.7411e-04
3.7193e-05
1.5171e-03
4.2915e-05
1.5571e-03
3.0994e-06
9.5367e-07
3.9101e-05
2.1458e-06
3.6001e-05
9.5367e-07
3.1948e-05
9.5367e-07
9.3412e-04
7.8678e-06
3.7193e-05
2.6238e-03
2.8610e-06
3.3283e-04
1.9073e-06
9.5367e-07
4.1962e-05
9.5367e-07
3.3140e-05
5.9199e-04
9.4891e-05
1.7500e-03
4.1962e-05
2.1458e-06
3.3855e-05
2.1160e-03
4.0054e-05
1.9073e-06
3.4094e-05
0.0000e+00
9.6083e-05
1.9073e-06
3.4094e-05
9.8586e-04
3.9816e-05
2.1458e-06
9.4891e-05
1.1930e-03
1.9073e-06
2.1458e-06
3.8862e-05
9.5367e-07
3.4094e-05
3.9697e-04
2.0981e-05
2.9016e-04
3.8147e-05
9.5367e-07
3.3140e-05
7.8487e-04
3.8147e-05
1.2169e-03
2.8610e-06
1.9073e-06
9.6083e-05
1.9073e-06
3.4094e-05
0.0000e+00
3.4094e-05
8.8406e-04
3.9101e-05
5.3596e-04
3.8862e-05
4.9710e-04
3.8147e-05
2.0504e-04
6.1035e-05
3.6812e-04
3.6955e-05
1.0319e-03
3.8862e-05
1.0149e-03
2.1458e-06
2.0099e-04
3.0994e-06
9.5367e-07
3.9101e-05
2.9302e-04
2.1458e-06
9.5367e-07
3.7193e-05
0.0000e+00
3.2902e-05
9.5367e-07
3.2902e-05
6.2203e-04
3.8147e-05
1.9073e-06
3.6001e-05
1.1921e-06
3.2902e-05
9.5367e-07
3.3140e-05
3.3681e-03
2.1458e-06
1.9073e-06
4.1008e-05
1.1921e-06
3.3855e-05
2.6240e-03
1.9073e-06
2.8610e-06
4.2200e-05
9.5367e-07
9.2030e-05
3.1304e-04
2.1458e-06
1.9073e-06
3.9101e-05
4.1294e-04
3.8147e-05
3.9005e-04
3.8147e-05
4.5490e-04
1.9073e-06
4.3416e-04
3.9101e-05
5.8222e-04
3.0994e-06
9.5367e-07
3.6955e-05
0.0000e+00
3.2902e-05
1.9073e-06
3.5048e-05
3.1614e-04
3.8147e-05
3.6597e-04
3.6001e-05
3.3998e-04
3.8147e-05
3.0303e-04
3.7909e-05
4.0560e-03
4.6968e-05
9.5701e-04
4.0054e-05
7.5197e-04
8.7976e-05
7.4291e-04
2.8610e-06
9.5367e-07
3.8862e-05
1.1921e-06
3.3855e-05
9.5367e-07
3.3140e-05
4.3392e-04
4.0054e-05
3.0804e-04
1.9073e-06
9.5367e-07
3.7193e-05
2.9819e-03
1.9073e-06
1.9073e-06
1.3614e-04
1.9073e-06
3.3855e-05
2.7609e-04
3.6001e-05
9.5367e-07
3.4094e-05
1.1921e-06
3.2902e-05
5.6505e-04
6.2943e-05
3.2592e-04
3.7909e-05
4.5013e-04
3.6955e-05
1.9073e-06
3.6955e-05
6.7782e-04
3.9101e-05
1.1191e-03
2.8610e-06
2.1458e-06
3.9101e-05
8.4591e-04
4.0054e-05
6.1989e-05
3.6001e-05
8.9812e-04
3.0994e-06
1.8287e-04
1.9073e-06
5.6815e-04
3.0994e-06
9.5367e-07
9.4891e-05
1.1921e-06
3.5048e-05
1.9369e-03
2.8610e-06
2.0623e-04
3.7909e-05
2.8610e-04
2.1458e-06
9.5367e-07
3.6001e-05
3.5048e-05
3.8862e-05
1.9073e-06
7.3910e-05
2.1458e-06
3.5048e-05
9.5367e-07
8.4877e-05
2.1458e-06
3.3855e-05
7.1120e-04
5.9128e-05
4.5013e-04
3.0994e-06
1.9073e-06
3.6955e-05
3.1805e-04
3.6001e-05
8.2994e-04
3.0994e-06
9.5367e-07
3.8147e-05
1.9820e-03
4.1962e-05
1.4184e-02
3.0994e-06
1.1357e-02
2.8610e-06
5.0068e-06
4.5061e-05
0.0000e+00
3.4094e-05
1.0205e-02
4.6015e-05
1.1054e-02
4.8876e-05
9.2781e-03
4.2915e-05
1.2851e-03
1.9073e-06
1.9073e-06
3.9101e-05
9.5367e-07
3.5048e-05
0.0000e+00
3.3140e-05
4.9186e-04
1.9073e-06
3.8099e-04
2.8610e-06
3.0613e-04
3.7193e-05
1.7750e-03
4.1008e-05
1.8711e-03
4.0054e-05
9.5892e-04
3.9816e-05
2.5415e-04
1.2422e-04
3.9792e-04
3.6955e-05
9.5367e-07
3.3140e-05
1.1921e-06
3.2902e-05
2.6703e-04
3.7193e-05
1.9119e-03
1.9073e-06
4.0531e-06
4.2915e-05
0.0000e+00
6.9141e-05
8.8000e-04
4.1962e-05
1.4806e-04
3.7909e-05
1.9193e-04
3.6001e-05
4.9400e-04
3.7909e-05
8.1205e-04
1.0085e-04
4.2582e-04
3.6955e-05
1.1849e-03
2.8610e-06
3.6716e-04
2.1458e-06
1.9073e-06
5.4121e-05
9.5367e-07
8.9169e-05
2.4199e-04
2.1458e-06
1.1492e-04
3.7909e-05
4.1819e-04
2.1458e-06
2.9492e-04
1.9073e-06
4.9114e-05
3.0994e-06
9.5367e-07
5.3167e-05
2.1458e-06
3.5048e-05
4.3082e-04
3.6001e-05
9.5367e-07
3.3140e-05
3.3402e-04
3.4809e-05
1.9813e-04
4.4107e-05
6.1297e-04
3.6001e-05
4.3106e-04
3.6955e-05
7.4100e-04
3.0994e-06
2.4199e-04
3.0994e-06
1.9073e-06
3.6955e-05
3.5620e-04
3.6001e-05
1.1921e-06
1.0705e-04
4.2987e-04
3.6955e-05
2.2602e-04
3.6001e-05
1.4150e-03
3.6955e-05
9.5367e-07
3.2902e-05
2.0339e-03
4.1008e-05
1.3201e-03
3.9101e-05
1.9073e-06
3.3140e-05
5.2094e-04
6.0797e-05
4.5919e-04
3.6955e-05
1.7810e-04
3.6001e-05
9.5367e-07
3.2902e-05
6.1417e-04
3.6955e-05
4.4513e-04
1.9073e-06
9.5367e-07
3.6001e-05
9.5367e-07
3.2902e-05
9.7680e-03
3.0994e-06
1.0688e-03
1.9073e-06
9.5367e-07
4.1962e-05
9.5367e-07
3.4094e-05
3.7193e-04
4.0054e-05
7.6795e-04
3.7909e-05
1.9073e-06
6.4135e-05
1.9073e-06
3.3140e-05
9.5367e-07
3.4094e-05
1.1652e-03
3.6955e-05
1.6980e-03
1.9073e-06
1.9073e-06
3.9101e-05
9.5367e-07
3.2902e-05
1.5199e-03
2.1458e-06
1.9073e-06
3.9101e-05
9.5367e-07
3.3140e-05
9.5367e-07
3.8862e-05
3.6428e-03
1.9073e-06
3.0994e-06
3.9816e-05
0.0000e+00
3.2902e-05
9.5367e-07
3.3140e-05
2.9030e-03
3.0994e-06
1.9073e-06
4.1008e-05
3.8791e-04
2.1458e-06
9.5367e-07
3.6955e-05
1.1921e-06
3.2902e-05
0.0000e+00
3.3140e-05
6.3300e-04
3.0994e-06
9.5367e-07
3.7193e-05
1.1290e-02
6.0081e-05
3.3498e-04
2.1458e-06
9.5367e-07
3.7193e-05
5.0616e-04
3.8147e-05
6.8378e-04
3.7909e-05
9.5367e-07
3.2902e-05
1.1208e-03
1.9073e-06
1.9073e-06
3.6955e-05
8.0519e-03
4.6015e-05
6.5303e-04
3.6955e-05
1.6639e-03
1.9073e-06
1.0395e-04
1.9073e-06
5.2381e-04
1.9073e-06
2.1458e-06
4.3869e-05
3.5350e-03
4.2915e-05
1.1680e-03
3.0994e-06
2.3389e-04
1.9073e-06
2.1458e-06
4.1008e-05
9.5367e-07
3.4094e-05
8.1301e-04
3.9101e-05
6.1798e-04
3.6001e-05
3.9911e-04
3.0994e-06
9.5367e-07
3.6001e-05
5.4002e-04
3.6955e-05
6.6590e-04
3.7909e-05
2.9993e-04
2.1458e-06
9.5367e-07
3.6001e-05
1.1921e-06
3.2902e-05
0.0000e+00
3.3140e-05
0.0000e+00
3.2902e-05
7.4816e-04
4.1962e-05
3.5679e-03
6.1989e-05
5.2404e-04
3.8147e-05
9.4414e-04
2.1458e-06
1.9073e-06
3.6955e-05
9.5367e-07
3.5048e-05
9.5367e-07
3.3140e-05
9.5367e-07
3.3855e-05
1.0591e-03
2.8610e-06
3.1900e-04
3.6955e-05
2.1195e-04
3.6001e-05
2.2848e-03
3.0994e-06
1.9073e-06
6.7949e-05
9.5367e-07
3.2902e-05
4.9806e-04
3.6001e-05
4.9591e-04
3.6001e-05
1.0989e-03
1.9073e-06
1.9073e-06
3.6001e-05
0.0000e+00
3.2902e-05
1.2431e-03
4.4107e-05
9.5367e-07
5.6982e-05
6.6304e-04
1.9073e-06
1.1921e-06
3.6955e-05
1.7595e-04
3.6001e-05
4.1604e-04
3.6001e-05
9.5367e-07
3.3140e-05
5.4908e-04
3.6001e-05
9.5367e-07
3.1948e-05
1.1401e-03
5.9128e-05
4.1399e-03
4.1008e-05
3.0994e-06
3.2902e-05
7.7415e-04
3.6955e-05
1.9073e-06
3.4094e-05
0.0000e+00
4.2915e-05
9.5367e-07
3.3140e-05
4.4250e-03
3.0994e-06
1.9073e-06
7.7009e-05
3.3998e-04
2.8610e-06
4.2915e-04
2.8610e-06
4.0197e-04
3.9101e-05
7.8392e-04
1.9073e-06
9.5367e-07
3.6001e-05
9.5367e-07
3.2902e-05
1.1921e-06
3.1948e-05
4.3297e-04
3.6001e-05
1.7219e-03
6.1035e-05
2.8300e-04
3.6001e-05
2.5105e-04
3.5048e-05
3.5000e-04
4.5061e-05
1.5650e-03
4.0054e-05
3.2592e-04
3.0994e-06
5.6314e-04
3.6955e-05
5.7411e-04
3.9101e-05
3.8428e-03
2.8610e-06
2.8610e-06
6.7949e-05
9.5367e-07
3.4094e-05
0.0000e+00
3.2902e-05
6.1417e-04
4.4107e-05
6.6590e-04
3.6955e-05
9.5367e-07
3.2902e-05
5.6195e-04
2.8610e-06
9.5367e-07
3.6001e-05
2.8429e-03
1.0705e-04
1.9073e-06
3.4094e-05
0.0000e+00
3.3140e-05
1.4689e-03
4.2915e-05
1.8620e-03
4.2915e-05
1.9073e-06
3.4094e-05
9.5367e-07
3.2902e-05
5.0511e-03
2.8610e-06
2.1458e-06
7.5102e-05
5.7888e-04
3.6955e-05
9.5367e-07
3.6001e-05
1.2071e-03
4.1008e-05
7.3695e-04
3.6955e-05
3.3307e-04
3.6001e-05
3.9387e-04
3.6955e-05
9.1696e-04
1.9073e-06
1.1921e-06
3.6001e-05
1.9073e-06
3.6001e-05
0.0000e+00
3.2902e-05
1.2569e-03
3.6955e-05
1.9073e-06
3.2187e-05
1.1921e-06
3.3855e-05
5.9509e-04
3.7193e-05
1.0769e-03
3.6955e-05
1.9073e-06
5.6982e-05
3.7098e-04
3.6955e-05
2.1529e-03
3.0994e-06
1.9073e-06
4.1008e-05
9.5367e-07
3.3140e-05
0.0000e+00
3.2902e-05
9.4509e-04
3.9101e-05
9.9301e-04
3.0994e-06
9.5367e-07
3.6001e-05
9.5367e-07
3.5048e-05
9.5367e-07
3.2187e-05
0.0000e+00
3.1948e-05
8.6594e-04
3.6001e-05
9.5367e-07
3.2187e-05
7.3290e-04
3.6001e-05
4.6897e-04
3.6001e-05
2.8620e-03
2.8610e-06
2.8610e-06
4.1008e-05
2.5582e-04
3.6001e-05
7.1883e-04
3.7909e-05
9.5367e-07
3.2902e-05
4.1008e-04
3.7909e-05
2.7204e-04
2.1458e-06
9.5367e-07
3.6955e-05
1.4830e-03
1.9073e-06
4.9615e-04
3.0994e-06
1.9073e-06
6.0081e-05
9.5367e-07
3.2902e-05
0.0000e+00
3.3140e-05
2.4359e-03
1.9073e-06
3.6812e-04
3.9101e-05
1.9073e-06
3.4094e-05
8.6784e-04
3.7909e-05
9.5367e-07
3.2902e-05
4.0054e-05
5.9128e-05
8.1992e-04
3.6955e-05
1.0979e-03
1.9073e-06
1.1921e-06
3.6001e-05
3.4690e-04
3.7909e-05
9.5367e-07
3.3140e-05
4.5896e-04
3.6001e-05
5.8889e-04
3.6001e-05
1.1921e-06
5.6028e-05
9.5367e-07
3.2902e-05
1.1921e-06
3.2902e-05
9.5367e-07
3.3140e-05
5.1708e-03
4.7922e-05
3.0994e-06
3.5048e-05
7.2408e-04
3.6955e-05
6.9189e-04
1.9073e-06
9.5367e-07
6.3181e-05
1.9073e-06
3.4094e-05
2.1291e-04
3.4809e-05
2.1458e-06
3.3855e-05
1.5402e-04
3.9101e-05
9.0408e-04
2.1458e-06
1.9073e-06
3.8147e-05
1.1921e-06
3.2902e-05
9.5606e-04
7.0095e-05
1.4060e-03
2.8610e-06
1.9073e-06
3.7909e-05
9.9897e-04
3.6955e-05
1.7200e-03
1.9073e-06
5.0998e-04
1.9073e-06
8.2016e-04
1.9073e-06
1.1921e-06
3.8862e-05
9.5367e-07
3.4094e-05
1.9097e-04
1.9073e-06
6.4707e-04
2.8610e-06
9.5367e-07
6.0081e-05
3.2306e-04
3.7193e-05
2.7418e-04
3.6001e-05
1.8451e-03
3.0994e-06
9.5367e-07
4.4107e-05
1.3421e-03
3.9101e-05
1.4501e-03
3.0994e-06
2.9359e-03
2.1458e-06
3.0994e-06
4.9829e-05
6.8593e-04
2.1458e-06
1.9073e-06
3.8147e-05
1.2829e-03
1.9073e-06
1.9073e-06
3.9101e-05
9.5367e-07
3.4094e-05
2.0218e-03
3.9101e-05
2.0759e-03
4.1008e-05
2.9397e-04
2.8610e-06
6.6042e-05
2.8610e-06
1.1921e-06
3.7909e-05
9.5367e-07
3.5048e-05
3.3402e-04
3.7193e-05
3.8195e-04
3.6955e-05
1.9073e-06
3.3140e-05
1.2879e-03
3.6955e-05
1.9288e-04
3.6955e-05
7.4983e-04
3.6001e-05
7.2002e-05
3.0994e-06
5.3787e-04
1.9073e-06
2.1458e-06
5.4836e-05
1.1921e-06
3.2902e-05
1.1401e-03
3.0994e-06
9.5367e-07
3.6001e-05
9.5367e-07
3.4094e-05
5.6982e-04
1.9073e-06
4.7421e-04
3.6955e-05
2.1458e-06
3.2902e-05
2.3007e-04
6.5088e-05
1.0471e-03
3.6955e-05
1.4641e-03
4.0054e-05
1.8716e-04
3.6955e-05
1.4830e-03
4.1008e-05
4.6492e-04
2.8610e-06
2.1458e-06
3.6955e-05
9.5367e-07
3.4094e-05
4.2295e-04
9.7990e-05
3.5882e-04
1.9073e-06
3.0017e-04
2.8610e-06
9.5367e-07
3.6955e-05
0.0000e+00
3.3140e-05
1.9693e-04
3.6001e-05
9.3198e-04
3.7909e-05
2.9206e-04
3.6001e-05
1.9073e-06
3.4094e-05
5.4407e-04
1.1897e-04
2.1458e-06
9.8944e-05
1.5211e-03
3.8147e-05
9.5367e-07
3.4094e-05
5.3906e-04
1.9073e-06
4.4801e-03
5.0068e-05
1.1210e-03
4.0054e-05
1.9073e-06
3.3140e-05
9.5367e-07
7.7009e-05
7.1192e-04
3.6955e-05
5.1904e-04
2.1458e-06
9.5367e-07
3.6955e-05
5.5003e-04
3.7193e-05
9.5367e-07
3.4094e-05
1.0920e-03
3.6001e-05
2.3959e-03
4.3869e-05
3.0994e-06
6.8903e-05
1.0891e-03
3.0994e-06
9.5367e-07
3.6955e-05
9.5367e-07
3.3140e-05
9.2697e-04
3.0994e-06
9.5367e-07
3.6001e-05
1.1921e-06
3.2902e-05
0.0000e+00
3.2902e-05
4.4990e-04
3.6001e-05
9.2196e-04
2.1458e-06
8.3590e-04
4.1008e-05
9.5367e-07
3.4094e-05
9.5367e-07
3.4094e-05
7.5793e-04
3.8147e-05
3.3998e-04
3.6955e-05
1.1921e-06
3.2902e-05
9.5367e-07
3.4094e-05
4.5586e-04
3.7193e-05
6.7115e-04
3.8147e-05
3.6070e-03
3.0994e-06
4.0531e-06
6.3896e-05
1.3790e-03
3.7909e-05
4.8113e-04
3.6001e-05
1.8406e-04
1.9073e-06
9.5367e-07
3.4809e-05
6.8212e-04
3.0994e-06
1.9073e-06
6.8903e-05
6.9499e-04
3.9816e-05
1.9073e-06
3.6955e-05
4.3917e-04
2.1458e-06
1.9073e-06
3.6955e-05
9.2101e-04
3.7909e-05
2.1458e-06
3.3855e-05
8.2397e-04
3.8147e-05
1.1110e-04
3.0994e-06
9.5367e-07
3.6001e-05
9.5367e-07
3.6001e-05
1.4806e-04
3.0994e-06
1.4901e-04
3.6955e-05
1.3399e-04
3.6001e-05
1.7190e-04
3.6001e-05
1.3840e-03
4.1008e-05
3.6907e-04
3.6001e-05
7.2908e-04
3.9101e-05
1.9073e-06
3.2902e-05
8.1992e-04
4.0054e-05
5.6200e-03
4.3154e-05
9.4199e-04
3.8862e-05
2.1458e-06
3.3855e-05
4.4107e-04
3.7909e-05
1.6904e-04
7.6056e-05
3.4189e-04
1.9073e-06
3.6955e-05
3.0994e-06
4.1962e-05
3.9101e-05
4.7922e-05
3.6001e-05
2.6393e-04
3.7193e-05
8.0824e-05
3.5048e-05
3.8695e-04
3.6955e-05
1.8597e-04
3.6001e-05
1.9073e-06
5.7936e-05
2.1458e-06
3.2902e-05
1.1921e-06
3.2902e-05
0.0000e+00
3.4094e-05
8.9884e-05
3.5048e-05
1.8489e-03
3.0994e-06
9.5367e-07
3.7193e-05
2.6298e-04
2.1458e-06
1.6904e-04
7.9155e-05
1.9073e-06
3.4094e-05
1.3494e-04
1.9073e-06
1.1420e-04
3.6001e-05
2.9898e-04
3.5048e-05
1.7118e-04
3.0994e-06
9.5367e-07
3.6001e-05
5.4002e-04
2.1458e-06
9.5367e-07
3.6001e-05
1.1921e-06
3.3855e-05
1.3494e-04
3.6001e-05
1.7190e-04
2.8610e-06
2.8110e-04
3.6955e-05
2.0194e-04
3.7193e-05
2.1386e-04
3.5048e-05
1.9073e-06
3.4094e-05
9.5367e-07
3.2902e-05
9.5367e-07
3.3140e-05
4.7994e-04
3.6001e-05
1.9073e-06
3.4094e-05
3.1209e-04
1.9073e-06
3.6097e-04
3.6001e-05
4.7708e-04
3.0994e-06
1.1921e-06
3.6001e-05
9.5367e-07
3.2902e-05
1.1921e-06
3.2902e-05
1.1611e-04
2.1458e-06
9.5367e-07
3.6001e-05
9.4199e-04
4.1008e-05
4.0698e-04
1.9073e-06
9.5367e-07
4.0054e-05
9.5367e-07
3.4094e-05
2.6829e-03
1.9073e-06
2.0599e-04
1.9073e-06
9.5367e-07
4.1008e-05
5.6100e-04
1.9073e-06
6.6042e-05
2.1458e-06
5.1403e-04
2.1458e-06
3.2902e-05
1.9073e-06
1.4496e-04
2.8610e-06
2.1458e-06
3.9816e-05
2.6703e-04
1.9073e-06
1.6499e-04
2.1458e-06
3.6597e-04
2.1458e-06
9.5367e-07
3.8147e-05
0.0000e+00
3.3855e-05
0.0000e+00
3.3140e-05
4.0388e-04
1.9073e-06
2.1458e-06
8.7023e-05
1.9073e-06
3.5048e-05
6.5088e-05
2.1458e-06
9.5367e-07
3.6955e-05
5.7006e-04
3.7193e-05
9.5367e-07
3.3140e-05
0.0000e+00
3.2902e-05
3.0804e-04
3.6955e-05
9.5367e-07
3.4094e-05
1.9073e-06
3.5048e-05
2.5487e-04
3.6001e-05
1.5903e-04
3.5048e-05
1.9097e-04
3.6001e-05
1.9073e-06
3.2902e-05
2.7180e-04
1.9073e-06
1.1959e-03
3.0994e-06
1.9073e-06
3.7193e-05
9.5367e-07
5.6982e-05
3.1495e-04
3.6001e-05
9.5367e-07
3.2902e-05
5.8103e-04
1.9073e-06
9.5367e-07
3.6001e-05
3.2496e-04
3.7193e-05
7.2694e-04
2.1458e-06
9.5367e-07
3.6001e-05
9.5367e-07
3.4094e-05
4.0197e-04
2.1458e-06
2.2101e-04
3.0994e-06
9.5367e-07
3.6955e-05
0.0000e+00
3.2902e-05
0.0000e+00
3.3140e-05
9.5367e-07
3.2902e-05
2.0313e-04
1.9073e-06
9.5367e-07
3.6001e-05
9.5367e-07
3.3140e-05
1.1921e-06
5.6028e-05
7.6795e-04
2.1458e-06
9.5367e-07
3.6955e-05
3.3212e-04
2.1458e-06
1.1206e-04
3.6955e-05
9.5367e-07
3.2902e-05
1.1802e-04
2.8610e-06
5.1999e-04
1.9073e-06
2.1458e-06
3.6955e-05
5.1308e-04
1.9073e-06
1.1921e-06
5.7936e-05
1.0395e-04
1.9073e-06
2.5392e-04
3.4809e-05
5.6028e-05
3.5048e-05
3.2902e-04
1.9073e-06
1.1921e-06
1.3494e-04
1.9073e-06
3.4094e-05
1.2589e-04
3.7909e-05
1.0660e-03
4.1008e-05
1.2879e+00
