1.8881e-02
1.0913e-02
9.1076e-05
1.0816e-02
5.4121e-05
7.8342e-02
6.2943e-05
5.4836e-05
3.6955e-05
3.2019e-02
3.5470e-03
1.6367e-02
2.8610e-06
1.4328e-02
2.8610e-06
3.0243e-02
1.9073e-06
4.0531e-06
4.1008e-05
1.9073e-06
3.6001e-05
1.1921e-06
3.2902e-05
9.5367e-07
3.3140e-05
3.2907e-02
5.7936e-05
2.1998e-02
2.1458e-06
1.4067e-05
4.2915e-05
9.5367e-07
3.2902e-05
1.0612e-02
3.2401e-04
2.0804e-02
4.0531e-06
1.0492e-02
1.9073e-06
4.0531e-06
4.4823e-05
1.0033e-02
6.1989e-05
5.4740e-02
4.2200e-05
4.0531e-06
3.4094e-05
1.0148e-02
4.4107e-05
4.0531e-06
3.3855e-05
1.1062e-02
1.9073e-06
1.0429e-02
3.0994e-06
5.0068e-06
5.1022e-05
0.0000e+00
3.2902e-05
2.0251e-02
4.7207e-05
2.0183e-02
7.6056e-05
4.5941e-03
6.7949e-05
4.0531e-06
3.5048e-05
2.8811e-03
2.1458e-06
1.9073e-06
4.1962e-05
2.7380e-03
5.1022e-05
7.1526e-06
3.3855e-05
9.5367e-07
3.3140e-05
1.3322e-02
4.2915e-05
3.0994e-06
3.4094e-05
9.5367e-07
3.2902e-05
4.6871e-03
2.8610e-06
3.1686e-04
4.1962e-05
5.2562e-03
4.3154e-05
4.4489e-04
4.1962e-05
2.1458e-06
3.3855e-05
2.0659e-03
5.9605e-06
2.1458e-06
3.7909e-05
9.5367e-07
3.3140e-05
9.5367e-07
3.4094e-05
9.6893e-04
4.1008e-05
2.8610e-06
3.4809e-05
1.1921e-06
3.2902e-05
1.8740e-03
1.9073e-06
1.1921e-06
3.9816e-05
5.7561e-03
4.5061e-05
3.8147e-06
3.3855e-05
9.5367e-07
3.2902e-05
1.1320e-03
2.8610e-06
2.1458e-06
9.6083e-05
9.5367e-07
3.6001e-05
9.5367e-07
3.4094e-05
3.2959e-03
4.1008e-05
1.2302e-04
3.0994e-06
9.5367e-07
3.6001e-05
4.5514e-04
2.1458e-06
9.5367e-07
3.9101e-05
0.0000e+00
3.4094e-05
2.1009e-03
1.1206e-04
7.2789e-04
3.0994e-06
8.1396e-04
2.1458e-06
9.5367e-07
3.8147e-05
7.8201e-04
2.1458e-06
2.3794e-04
2.8610e-06
1.5020e-04
1.9073e-06
2.2697e-04
3.0994e-06
9.5367e-07
4.0054e-05
1.1230e-03
4.0054e-05
3.5787e-04
1.9073e-06
9.5367e-07
9.7036e-05
1.1921e-06
3.3855e-05
1.1921e-06
3.3855e-05
1.0841e-03
3.8862e-05
3.4399e-03
4.4107e-05
4.4611e-03
1.9073e-06
3.8147e-06
4.2915e-05
9.5367e-07
3.5048e-05
6.0701e-04
1.0705e-04
1.0240e-03
2.8610e-06
1.1921e-06
3.8862e-05
5.9319e-04
3.9101e-05
1.9073e-06
3.3140e-05
4.5085e-04
3.7909e-05
7.3791e-04
3.7909e-05
9.8610e-04
3.0994e-06
1.9073e-06
3.8147e-05
9.5367e-07
1.4615e-04
4.5891e-03
2.8610e-06
1.1921e-06
3.8862e-05
1.1921e-06
3.2902e-05
4.1509e-04
4.0054e-05
9.5367e-07
3.4094e-05
1.2269e-03
1.9073e-06
3.2091e-04
3.0994e-06
9.5367e-07
3.8862e-05
9.5367e-07
9.0122e-05
9.5367e-07
3.3140e-05
0.0000e+00
3.3140e-05
1.5819e-03
1.9073e-06
9.5367e-07
3.8862e-05
3.5310e-04
2.1458e-06
7.0786e-04
3.0994e-06
9.5367e-07
3.8147e-05
1.1921e-06
3.2902e-05
9.5367e-07
8.6069e-05
1.9619e-03
3.8862e-05
3.0994e-06
3.2902e-05
1.3540e-03
2.1458e-06
1.9073e-06
3.7909e-05
1.1921e-06
3.2902e-05
9.5367e-07
3.3140e-05
1.6091e-03
4.1962e-05
2.8610e-06
9.1076e-05
6.3300e-04
3.7909e-05
1.1909e-03
1.9073e-06
1.9073e-06
3.9101e-05
0.0000e+00
3.3140e-05
1.2949e-03
2.8610e-06
2.1458e-06
3.8862e-05
4.2820e-04
3.0994e-06
8.8406e-04
1.9073e-06
2.1458e-06
3.9816e-05
7.3099e-04
5.6982e-05
2.1458e-06
3.7909e-05
1.1940e-03
3.7909e-05
1.7340e-03
2.8610e-06
3.0994e-06
4.1008e-05
9.5367e-07
3.4094e-05
9.5367e-07
3.3140e-05
1.1411e-03
4.1962e-05
4.8304e-04
3.8147e-05
7.9107e-04
3.9101e-05
2.1458e-06
3.1948e-05
6.3705e-04
4.1008e-05
3.9411e-04
3.0994e-06
9.5367e-07
3.6955e-05
3.0684e-04
2.8610e-06
9.5367e-07
3.6955e-05
3.5286e-04
3.6955e-05
1.0610e-03
9.1076e-05
1.7285e-04
2.8610e-06
5.9795e-04
3.0994e-06
1.9073e-06
3.8147e-05
6.2990e-04
3.8862e-05
8.3709e-04
3.6955e-05
1.9073e-06
3.4094e-05
9.5367e-07
3.2902e-05
1.6391e-03
3.7909e-05
1.0009e-03
1.9073e-06
2.1458e-06
3.6955e-05
9.5367e-07
3.2902e-05
6.2013e-04
3.9101e-05
4.3297e-04
2.8610e-06
1.1921e-06
3.5048e-05
0.0000e+00
3.2902e-05
1.3790e-03
3.8862e-05
4.6611e-04
9.3937e-05
1.2589e-04
1.9073e-06
5.6815e-04
2.1458e-06
1.9073e-06
3.7193e-05
0.0000e+00
3.2902e-05
5.6911e-04
3.0994e-06
1.9073e-06
3.9101e-05
8.2207e-04
3.8862e-05
4.6897e-04
3.6955e-05
1.9073e-06
3.2902e-05
6.8212e-04
3.8147e-05
2.3949e-03
2.8610e-06
1.9073e-06
4.1962e-05
7.9608e-04
1.9073e-06
1.9073e-06
3.7909e-05
7.4005e-04
3.8862e-05
2.5461e-03
2.8610e-06
1.9073e-06
4.1008e-05
4.5204e-04
3.0994e-06
2.1458e-06
8.7976e-05
9.5367e-07
3.5048e-05
9.5367e-07
3.4094e-05
0.0000e+00
3.2902e-05
2.0220e-03
3.0994e-06
1.9073e-06
4.0054e-05
6.7570e-03
4.1962e-05
2.8610e-06
3.2902e-05
8.6808e-04
3.0994e-06
3.0994e-06
3.8862e-05
1.3292e-03
4.0054e-05
1.9073e-06
3.2902e-05
9.4795e-04
3.7909e-05
2.1458e-06
3.2902e-05
7.0214e-04
3.0994e-06
1.9073e-06
3.9101e-05
0.0000e+00
3.2902e-05
1.8568e-03
5.6028e-05
3.0994e-06
4.1962e-05
9.5367e-07
3.3855e-05
1.0612e-03
3.9101e-05
1.9073e-06
3.4094e-05
1.4241e-03
2.8610e-06
2.1458e-06
4.0054e-05
6.1798e-04
3.7909e-05
1.9073e-06
8.2970e-05
1.9073e-06
3.6001e-05
1.8830e-03
4.1008e-05
1.9073e-06
3.4094e-05
0.0000e+00
3.2902e-05
0.0000e+00
3.2902e-05
1.1799e-03
3.7909e-05
9.5367e-07
3.2902e-05
2.9230e-03
9.2983e-05
7.5507e-04
2.1458e-06
9.5367e-07
3.7193e-05
1.1921e-06
3.2902e-05
4.3297e-04
3.6955e-05
2.5480e-03
4.1962e-05
2.9492e-04
3.6001e-05
5.0306e-04
3.6955e-05
1.1921e-06
8.5831e-05
6.3086e-04
3.7909e-05
9.5367e-07
3.3140e-05
7.9489e-04
4.1008e-05
7.0190e-04
3.7909e-05
6.8498e-04
3.0994e-06
1.9073e-06
3.8147e-05
9.5367e-07
3.3855e-05
5.8413e-04
3.0994e-06
2.1458e-06
3.7909e-05
5.3902e-03
3.0994e-06
4.0531e-06
4.1008e-05
9.5367e-07
3.2902e-05
1.7321e-03
4.2915e-05
2.8610e-06
3.3855e-05
2.8610e-04
3.0994e-06
9.5367e-07
3.6955e-05
2.1009e-03
1.9073e-06
1.1921e-06
1.0204e-04
5.4693e-04
3.0994e-06
1.9073e-06
3.7193e-05
0.0000e+00
3.2902e-05
2.0490e-03
3.8862e-05
2.4700e-04
3.6955e-05
9.5367e-07
3.3140e-05
1.1921e-06
3.2902e-05
1.5731e-03
2.1458e-06
2.1458e-06
3.7909e-05
5.4502e-04
3.6001e-05
8.1801e-04
2.8610e-06
2.1458e-06
3.6955e-05
1.4389e-03
1.9073e-06
1.9073e-06
3.6955e-05
9.5367e-07
3.3140e-05
9.5367e-07
3.1948e-05
0.0000e+00
8.6069e-05
1.9073e-06
3.2902e-05
2.8369e-03
1.9073e-06
1.1921e-06
4.0054e-05
9.5367e-07
3.4094e-05
1.7259e-03
1.9073e-06
2.1458e-06
3.6955e-05
0.0000e+00
3.3140e-05
4.5013e-04
3.6001e-05
1.9073e-06
3.6001e-05
0.0000e+00
3.3140e-05
1.5740e-03
4.1962e-05
2.1458e-06
3.2902e-05
9.5367e-07
3.2902e-05
7.3099e-04
3.7193e-05
1.0681e-04
2.8610e-06
1.6713e-04
2.1458e-06
2.7704e-04
2.1458e-06
1.9073e-06
3.6955e-05
1.1020e-03
3.0994e-06
9.5367e-07
3.6955e-05
1.7710e-03
1.9073e-06
9.5367e-07
3.8147e-05
9.2101e-04
3.8147e-05
2.3890e-04
3.6001e-05
1.4338e-03
3.8862e-05
1.9073e-06
8.7023e-05
3.6597e-04
3.6001e-05
5.8198e-04
3.6001e-05
6.4588e-04
2.8610e-06
9.5367e-07
3.5048e-05
9.5367e-07
3.3140e-05
3.9721e-04
2.8610e-06
3.9387e-04
1.9073e-06
9.5367e-07
3.6955e-05
8.6999e-04
3.6001e-05
5.4502e-04
3.7909e-05
2.1458e-06
3.2902e-05
6.1703e-04
2.1458e-06
9.5367e-07
3.6955e-05
9.5367e-07
3.3140e-05
8.8096e-04
3.8147e-05
9.5367e-07
3.2902e-05
1.3087e-02
2.1458e-06
3.3903e-04
3.0994e-06
9.5367e-07
4.1962e-05
9.5367e-07
3.1948e-05
9.5367e-07
3.3140e-05
2.1291e-04
3.6001e-05
2.1622e-03
4.6968e-05
5.0211e-04
3.6955e-05
3.0398e-04
4.0054e-05
1.6079e-03
2.8610e-06
3.0994e-06
4.1008e-05
9.5367e-07
3.4094e-05
9.5367e-07
3.4094e-05
9.5367e-07
3.2902e-05
7.5541e-03
4.9829e-05
1.8249e-03
4.1008e-05
8.0585e-04
4.0054e-05
2.2888e-04
9.1076e-05
7.2098e-04
3.6955e-05
2.6629e-03
3.9101e-05
6.6495e-04
3.6955e-05
1.1921e-06
3.2902e-05
9.5367e-07
3.4094e-05
1.9000e-03
1.9073e-06
8.7380e-04
4.0054e-05
5.2190e-04
1.9073e-06
9.5367e-07
1.0204e-04
9.5367e-07
3.7909e-05
5.4002e-04
3.8147e-05
9.3198e-04
2.1458e-06
4.4203e-04
3.0994e-06
9.5367e-07
4.6015e-05
2.2209e-03
3.8862e-05
5.0902e-04
1.9073e-06
9.5367e-07
3.6001e-05
6.0916e-04
2.1458e-06
1.9073e-06
3.6001e-05
9.5367e-07
3.2902e-05
1.5371e-03
3.0994e-06
1.9073e-06
3.6955e-05
1.7262e-03
2.8610e-06
2.8610e-06
4.0054e-05
0.0000e+00
3.3855e-05
4.4012e-04
5.9605e-06
4.6492e-04
1.9073e-06
9.5367e-07
1.0204e-04
1.6301e-03
3.0994e-06
1.9073e-06
3.7909e-05
8.1015e-04
3.6001e-05
9.5367e-07
3.2902e-05
4.4703e-04
4.0054e-05
6.3586e-04
3.6955e-05
9.5367e-07
3.3140e-05
6.6330e-03
3.0994e-06
2.3198e-04
2.1458e-06
2.1458e-06
4.1962e-05
9.5367e-07
3.3140e-05
0.0000e+00
3.2902e-05
9.5367e-07
3.3140e-05
2.7208e-03
2.8610e-06
1.9073e-06
4.0054e-05
9.5367e-07
3.3140e-05
3.0088e-04
2.1458e-06
3.6287e-04
1.9073e-06
1.9073e-06
3.8147e-05
9.5367e-07
3.2902e-05
3.1805e-04
1.9073e-06
1.2212e-03
4.1962e-05
5.4979e-04
1.9073e-06
1.1921e-06
3.6001e-05
6.7115e-04
7.1049e-05
4.3988e-04
3.9101e-05
4.3297e-04
2.1458e-06
9.5367e-07
3.6955e-05
2.1141e-03
3.7909e-05
1.9097e-04
2.8610e-06
1.1320e-03
2.8610e-06
6.1584e-04
1.9073e-06
9.5367e-07
4.0054e-05
9.5367e-07
3.4094e-05
9.5367e-07
3.2902e-05
6.9594e-04
2.1458e-06
1.9073e-06
8.6069e-05
2.1458e-06
3.4809e-05
9.5367e-07
3.3140e-05
5.2810e-04
3.7909e-05
4.4703e-04
3.7909e-05
9.5367e-07
3.2902e-05
1.2920e-03
6.8188e-05
1.9073e-06
3.5048e-05
2.2402e-03
3.0994e-06
3.0994e-06
4.1008e-05
9.5367e-07
3.4094e-05
1.1921e-06
3.2902e-05
7.7009e-04
4.0054e-05
2.1458e-06
3.2902e-05
4.7708e-04
3.7909e-05
9.5367e-07
3.2902e-05
9.5367e-07
8.5115e-05
1.6403e-04
2.1458e-06
1.2803e-04
3.6955e-05
1.1921e-06
2.5201e-04
3.0780e-03
4.1962e-05
2.8610e-06
3.2902e-05
9.5367e-07
3.2187e-05
9.5367e-07
3.3855e-05
9.5367e-07
9.4175e-05
3.8459e-03
1.9073e-06
3.9697e-04
1.9073e-06
4.1103e-04
2.1458e-06
1.9073e-06
4.1008e-05
9.5367e-07
3.4094e-05
9.5367e-07
3.3140e-05
8.9312e-04
3.9101e-05
4.7088e-04
2.8610e-06
1.6403e-04
3.0994e-06
9.5367e-07
8.7023e-05
1.9073e-06
3.4094e-05
4.8089e-04
3.6955e-05
4.7207e-04
3.6001e-05
1.3709e-04
7.2956e-05
1.9073e-06
3.4094e-05
5.4097e-04
3.8147e-05
6.5589e-04
1.0490e-04
1.9073e-06
3.6955e-05
2.2562e-03
4.1008e-05
8.1205e-04
3.8147e-05
9.5367e-07
3.3140e-05
1.7881e-04
3.6001e-05
6.8784e-04
2.8610e-06
1.1921e-06
3.7909e-05
0.0000e+00
3.3140e-05
6.6495e-04
5.4121e-05
5.6195e-04
2.8610e-06
2.1458e-06
3.7909e-05
2.5511e-04
2.1458e-06
2.4700e-04
3.7193e-05
1.1921e-06
3.2902e-05
9.5367e-07
3.3140e-05
0.0000e+00
3.3140e-05
8.5592e-04
3.0994e-06
9.5367e-07
3.6001e-05
9.5367e-07
3.6001e-05
0.0000e+00
3.2902e-05
9.5367e-07
3.1948e-05
4.0913e-04
2.8610e-06
1.9073e-06
3.8147e-05
2.3658e-03
2.8610e-06
3.0994e-06
4.1008e-05
4.6060e-03
4.5061e-05
4.0531e-06
1.0920e-04
1.9073e-06
3.2902e-05
4.2701e-03
4.2915e-05
3.3998e-04
3.0994e-06
9.1076e-05
2.8610e-06
5.1022e-05
2.8610e-06
2.5511e-04
2.1458e-06
5.3287e-04
3.0994e-06
2.1458e-06
3.9816e-05
4.3321e-04
1.9073e-06
1.9073e-06
3.6001e-05
1.1921e-06
3.5048e-05
7.1692e-04
3.6001e-05
6.9594e-04
3.6955e-05
1.1921e-06
3.2902e-05
9.5367e-07
3.4094e-05
1.0850e-03
3.6001e-05
1.1921e-06
3.2902e-05
6.4301e-04
3.6001e-05
1.0562e-03
1.9073e-06
3.1495e-04
2.1458e-06
1.9073e-06
4.0054e-05
2.2101e-04
3.7193e-05
1.9073e-06
3.2902e-05
2.1458e-06
3.3855e-05
9.5367e-07
3.3140e-05
9.5367e-07
3.3140e-05
0.0000e+00
8.1062e-05
1.4997e-04
3.7193e-05
9.5367e-07
3.2902e-05
1.7350e-03
3.9101e-05
4.9901e-04
2.1458e-06
7.3004e-04
2.1458e-06
1.9073e-06
3.7193e-05
9.5367e-07
3.1948e-05
4.6206e-04
3.9816e-05
3.9411e-04
3.6001e-05
1.1921e-06
3.2902e-05
9.5367e-07
3.3140e-05
7.4792e-04
3.0994e-06
9.5367e-07
5.8174e-05
9.5367e-07
3.2902e-05
1.1921e-06
3.2902e-05
3.9887e-04
3.5048e-05
2.6069e-03
2.8610e-06
1.4186e-04
1.9073e-06
1.1921e-06
2.9397e-04
4.0531e-06
3.6001e-05
9.5367e-07
6.8903e-05
1.9073e-06
3.4094e-05
0.0000e+00
3.1948e-05
6.6209e-04
3.7193e-05
9.5367e-07
8.7976e-05
1.9073e-06
1.7810e-04
2.2885e-02
5.5075e-05
1.5011e-02
4.6968e-05
1.0398e-02
1.9598e-04
9.6607e-04
1.9073e-06
1.9073e-06
3.6955e-05
4.2415e-04
3.6001e-05
1.9073e-06
9.4175e-05
2.8610e-06
8.1778e-05
1.8229e-03
2.1458e-06
2.3484e-04
1.9073e-06
1.1921e-06
3.9816e-05
1.1921e-06
6.9857e-05
9.0790e-04
1.5211e-04
1.9073e-06
3.4094e-05
0.0000e+00
3.4094e-05
5.2691e-04
1.9073e-06
1.5712e-04
2.1458e-06
9.5367e-07
3.6955e-05
1.1921e-06
3.2902e-05
3.3040e-03
2.8610e-06
1.1921e-06
3.6001e-05
3.0041e-05
3.6955e-05
1.3304e-04
3.0994e-06
1.9073e-06
3.6001e-05
7.7009e-05
6.7949e-05
1.0180e-03
3.7193e-05
1.1921e-06
3.2902e-05
0.0000e+00
3.1948e-05
9.5367e-07
3.1948e-05
2.6393e-04
2.8610e-06
2.1458e-06
3.5048e-05
1.4081e-03
3.8862e-05
2.1458e-06
3.3855e-05
1.3919e-03
2.8610e-06
9.5367e-07
4.0054e-05
7.6294e-04
1.9073e-06
1.1921e-06
3.6955e-05
9.5367e-07
3.3140e-05
3.4785e-04
1.9073e-06
1.9832e-03
2.1458e-06
4.2510e-04
4.2200e-05
2.2006e-04
2.8610e-06
2.1458e-06
3.6955e-05
9.5367e-07
9.1076e-05
6.5494e-04
3.6955e-05
5.5003e-04
3.6001e-05
5.9605e-04
3.6001e-05
5.3501e-04
3.8862e-05
7.9918e-04
2.8610e-06
9.7990e-05
3.0994e-06
9.5367e-07
3.8862e-05
9.5367e-07
6.1035e-05
8.2088e-04
3.7909e-05
1.0221e-03
3.0994e-06
9.5367e-07
3.6955e-05
2.9516e-04
2.1458e-06
9.0289e-04
1.9073e-06
9.5367e-07
3.8147e-05
9.5367e-07
3.2902e-05
1.5481e-03
3.9816e-05
9.5367e-07
3.2902e-05
1.0431e-03
1.9073e-06
9.5367e-07
3.8862e-05
9.5367e-07
3.4094e-05
6.3705e-04
2.1458e-06
9.5367e-07
3.6955e-05
3.5000e-04
1.9073e-06
1.6212e-04
3.6001e-05
3.7909e-04
3.6001e-05
1.1921e-06
3.3855e-05
9.4414e-04
9.6083e-05
9.5367e-07
3.3140e-05
1.1690e-03
3.9101e-05
1.0769e-03
2.8610e-06
5.6982e-05
2.1458e-06
9.5367e-07
3.8147e-05
3.1900e-04
3.6955e-05
9.5367e-07
3.3140e-05
0.0000e+00
3.2902e-05
9.5367e-07
3.4094e-05
9.4390e-04
3.6955e-05
1.9073e-06
3.4094e-05
9.5367e-07
3.2902e-05
2.0101e-03
2.8610e-06
9.5367e-07
3.8862e-05
0.0000e+00
3.2902e-05
9.5367e-07
3.2187e-05
1.7672e-03
2.1458e-06
9.5367e-07
4.0054e-05
1.6809e-04
1.9073e-06
4.1485e-04
1.9073e-06
2.1458e-06
3.7909e-05
9.5367e-07
3.2902e-05
0.0000e+00
3.2902e-05
1.1921e-06
3.1948e-05
2.8491e-03
2.1458e-06
1.9073e-06
9.7036e-05
1.1921e-06
3.3855e-05
0.0000e+00
3.2902e-05
6.6018e-04
3.6955e-05
2.1458e-06
3.2902e-05
1.2062e-03
3.7909e-05
2.1458e-06
3.5048e-05
0.0000e+00
3.2902e-05
9.5367e-07
3.5048e-05
8.1301e-04
4.1008e-05
2.4788e-03
3.0994e-06
3.1805e-04
3.0994e-06
9.5367e-07
4.1008e-05
9.5367e-07
3.3140e-05
9.5367e-07
3.3140e-05
3.6569e-03
1.9073e-06
5.9605e-06
1.0490e-04
1.1718e-03
9.7990e-05
1.9073e-06
3.5048e-05
6.9141e-05
2.1458e-06
9.5367e-07
3.6001e-05
9.5367e-07
3.2902e-05
7.1406e-04
3.7909e-05
2.7609e-04
3.6955e-05
3.4909e-03
2.8610e-06
6.6495e-04
1.9073e-06
1.9073e-06
9.2983e-05
9.5367e-07
3.3855e-05
0.0000e+00
3.3140e-05
3.0899e-04
3.7193e-05
5.5480e-04
3.8862e-05
6.1393e-04
2.8610e-06
9.5367e-07
3.6955e-05
9.5367e-07
6.5088e-05
9.5367e-07
8.5115e-05
4.0507e-04
3.6001e-05
1.0281e-03
1.9073e-06
5.6100e-04
1.9073e-06
1.1921e-06
3.8862e-05
9.5367e-07
5.8889e-05
2.1458e-06
3.2902e-05
2.1861e-03
3.0994e-06
1.9073e-06
3.9101e-05
5.1904e-04
3.0994e-06
5.3191e-04
1.9073e-06
1.9073e-06
3.9101e-05
9.5367e-07
3.3855e-05
6.0320e-04
1.9073e-06
9.5367e-07
3.6955e-05
1.4660e-03
4.0054e-05
5.0688e-04
1.9073e-06
2.7514e-04
3.0994e-06
9.5367e-07
3.6001e-05
0.0000e+00
3.3140e-05
1.9073e-06
5.6982e-05
6.0296e-04
3.7909e-05
8.0299e-04
4.3154e-05
9.5367e-07
3.4094e-05
8.8191e-04
1.9073e-06
1.2388e-03
3.0994e-06
1.7779e-03
1.9073e-06
2.1458e-06
4.0054e-05
0.0000e+00
3.2902e-05
9.5367e-07
3.6001e-05
1.2870e-03
2.8610e-06
2.1458e-06
4.1008e-05
9.5367e-07
3.2902e-05
6.8116e-04
3.6955e-05
4.5681e-04
3.6001e-05
1.9073e-06
3.3140e-05
0.0000e+00
3.2902e-05
1.9217e-04
3.0994e-06
9.5367e-07
3.6001e-05
6.8903e-04
1.9073e-06
6.1584e-04
2.8610e-06
3.3021e-04
2.1458e-06
9.5367e-07
4.0054e-05
2.8706e-04
3.6001e-05
3.6097e-04
3.6001e-05
2.8801e-04
3.8862e-05
9.5510e-04
3.8862e-05
3.5179e-03
4.3154e-05
7.9894e-04
3.8862e-05
1.6119e-03
3.0994e-06
5.0068e-05
2.1458e-06
9.5367e-07
3.8147e-05
3.8695e-04
1.9073e-06
2.1458e-06
3.8862e-05
5.6696e-04
3.7909e-05
2.5601e-03
2.1458e-06
6.7949e-05
3.0994e-06
1.9073e-06
6.1989e-05
2.2292e-04
2.1458e-06
9.5367e-07
3.9101e-05
3.4595e-04
3.0994e-06
1.9073e-06
3.7193e-05
6.8188e-04
1.9073e-06
1.6594e-04
1.9073e-06
8.2588e-04
1.9073e-06
1.9073e-06
3.7909e-05
0.0000e+00
6.0081e-05
5.3501e-04
3.8862e-05
9.5367e-07
3.2902e-05
1.1270e-03
3.9101e-05
1.9073e-06
3.2902e-05
0.0000e+00
3.1948e-05
1.3111e-03
4.0054e-05
3.4213e-04
1.9073e-06
1.1921e-06
3.6001e-05
0.0000e+00
8.7023e-05
9.5367e-07
3.3140e-05
1.5869e-03
1.9073e-06
1.9073e-06
3.9101e-05
9.5367e-07
3.3855e-05
9.5367e-07
3.3140e-05
1.7009e-03
1.9073e-06
9.5367e-07
4.0054e-05
0.0000e+00
3.4094e-05
3.3402e-04
3.0994e-06
4.2605e-04
3.0994e-06
1.9073e-06
3.8147e-05
9.5367e-07
3.1948e-05
3.6597e-04
3.6001e-05
5.9390e-04
3.9816e-05
9.5367e-07
3.2902e-05
8.6498e-04
3.8862e-05
3.0994e-06
1.1110e-04
9.5367e-07
3.4094e-05
1.9073e-06
3.4094e-05
9.6083e-04
4.1008e-05
3.0994e-06
3.3855e-05
4.5771e-02
5.5075e-05
1.0231e-02
4.7922e-05
8.0109e-04
3.8862e-05
1.1029e-03
4.0054e-05
5.3406e-04
3.6001e-05
9.5367e-07
3.2187e-05
9.5367e-07
3.1948e-05
9.5367e-07
3.3140e-05
2.6989e-04
3.6001e-05
2.1091e-03
2.8610e-06
2.6608e-04
4.0054e-05
2.1069e-03
3.9101e-05
8.2612e-04
3.0994e-06
9.5367e-07
5.9128e-05
9.5367e-07
3.6001e-05
1.1921e-06
3.2902e-05
3.7909e-04
6.1035e-05
3.6097e-04
3.7909e-05
2.1458e-06
3.3855e-05
9.5367e-07
5.8603e-04
2.1691e-03
3.0994e-06
1.6212e-04
2.8610e-06
2.5797e-04
2.1458e-06
4.2295e-04
4.0054e-05
9.5606e-04
1.9073e-06
9.5367e-07
6.9141e-05
8.9812e-04
1.9073e-06
1.1921e-06
3.6001e-05
6.2799e-04
1.9073e-06
9.5367e-07
3.8862e-05
9.5367e-07
6.3181e-05
1.9073e-06
3.5048e-05
0.0000e+00
3.2902e-05
8.5306e-04
3.7909e-05
1.9073e-06
4.9829e-05
3.5405e-04
3.6001e-05
9.5367e-07
3.2902e-05
3.3498e-04
6.0081e-05
4.4394e-04
3.6955e-05
9.5367e-07
3.3140e-05
5.7387e-04
3.6001e-05
6.7019e-04
3.0994e-06
4.7898e-04
2.1458e-06
0.0000e+00
3.6955e-05
2.7108e-04
3.7193e-05
1.9073e-06
3.4094e-05
2.1458e-06
3.5048e-05
6.4778e-04
3.7909e-05
2.1458e-06
3.2902e-05
8.0109e-04
3.0994e-06
3.1781e-04
3.6955e-05
8.7690e-04
3.6955e-05
2.1961e-03
4.1962e-05
3.5119e-04
4.3154e-05
7.5793e-04
6.4850e-05
1.1921e-06
3.2902e-05
1.0731e-03
2.1458e-06
9.5367e-07
3.6001e-05
9.5367e-07
3.1948e-05
0.0000e+00
3.1948e-05
7.7105e-04
3.6001e-05
2.1458e-06
3.2902e-05
9.5367e-07
5.5075e-05
8.4805e-04
3.6955e-05
9.6190e-03
2.8610e-06
2.1458e-06
5.2929e-05
1.1411e-03
1.9073e-06
1.9073e-06
3.9816e-05
8.4305e-04
3.7909e-05
2.7013e-04
3.7909e-05
3.0303e-04
4.2915e-05
1.3049e-03
2.8610e-06
1.1921e-06
3.6001e-05
9.5367e-07
3.2902e-05
1.5531e-03
4.0054e-05
2.1458e-06
3.2902e-05
0.0000e+00
3.3140e-05
9.5367e-07
3.7909e-05
1.2691e-03
4.0054e-05
3.0968e-03
2.8610e-06
1.5969e-03
2.1458e-06
1.9073e-06
4.4107e-05
9.5367e-07
3.3140e-05
0.0000e+00
3.2902e-05
7.4315e-04
4.6015e-05
1.9073e-06
3.4094e-05
1.6429e-03
2.8610e-06
9.5367e-07
3.7909e-05
4.0293e-04
1.9073e-06
6.2895e-04
1.9073e-06
9.5367e-07
3.8147e-05
4.6587e-04
1.9073e-06
2.1458e-06
3.7909e-05
9.5367e-07
3.3140e-05
9.5367e-07
6.4850e-05
1.1214e-02
3.0994e-06
1.9073e-06
4.2200e-05
5.9605e-04
3.6955e-05
6.3205e-04
3.9816e-05
2.1458e-06
3.2902e-05
0.0000e+00
3.3140e-05
9.6309e-03
4.4107e-05
9.9206e-04
4.0054e-05
9.5367e-07
3.2902e-05
1.1921e-06
3.2902e-05
3.6099e-03
9.3937e-05
1.8599e-03
3.0994e-06
9.5367e-07
3.8862e-05
0.0000e+00
3.4094e-05
1.1859e-03
1.9073e-06
9.5367e-07
3.6955e-05
0.0000e+00
3.1948e-05
0.0000e+00
3.1948e-05
1.1921e-06
3.2902e-05
9.5367e-07
3.4809e-05
1.7021e-03
3.6955e-05
4.6492e-04
4.5061e-05
3.5501e-04
2.8610e-06
2.8133e-05
2.1458e-06
2.5034e-05
2.1458e-06
9.5367e-07
3.6001e-05
9.5367e-07
3.2902e-05
6.6710e-04
3.6955e-05
2.1458e-06
6.2943e-05
9.5367e-07
3.3140e-05
4.5090e-03
4.1962e-05
8.8096e-04
1.9073e-06
9.5367e-07
4.9829e-05
2.1458e-06
3.4809e-05
1.1921e-06
3.4809e-05
1.1921e-06
3.2902e-05
5.3310e-04
6.1035e-05
9.1791e-04
1.9073e-06
1.1921e-06
3.6001e-05
2.0039e-03
3.9816e-05
1.1921e-06
3.2902e-05
1.9312e-04
3.6001e-05
5.0092e-04
3.7909e-05
7.0620e-04
3.5048e-05
2.5201e-04
2.1458e-06
9.5367e-07
3.6001e-05
4.6802e-04
3.5048e-05
1.1420e-03
3.6955e-05
1.9073e-06
3.4094e-05
0.0000e+00
3.2902e-05
1.1921e-06
3.2902e-05
0.0000e+00
3.2902e-05
0.0000e+00
5.4836e-05
1.8091e-03
3.6001e-05
2.1458e-06
3.2902e-05
1.8001e-04
3.4809e-05
9.5367e-07
3.2902e-05
8.4710e-04
3.6001e-05
5.3239e-03
4.2200e-05
2.4500e-03
2.1458e-06
1.9073e-06
6.8188e-05
1.9073e-06
3.4094e-05
1.4420e-03
4.0054e-05
2.1458e-06
3.3855e-05
5.3406e-04
3.0994e-06
9.5367e-07
3.6001e-05
3.8195e-04
3.6001e-05
4.0698e-04
3.6001e-05
9.5367e-07
5.6028e-05
8.1682e-04
3.6001e-05
1.9073e-06
3.3140e-05
1.5938e-03
3.0994e-06
5.7483e-04
3.7909e-05
1.1921e-06
3.2902e-05
9.5367e-07
3.3140e-05
2.5220e-03
3.0994e-06
1.9073e-06
4.0054e-05
9.5367e-07
5.9843e-05
8.1301e-04
3.6001e-05
5.7817e-04
3.8862e-05
1.1921e-06
3.8862e-05
3.0022e-03
2.1458e-06
3.0994e-06
4.1008e-05
8.5402e-04
2.8610e-06
9.8395e-04
4.6968e-05
4.8113e-04
1.9073e-06
6.1703e-04
3.0994e-06
2.1458e-06
3.6955e-05
9.5367e-07
3.3140e-05
2.9159e-03
4.0054e-05
1.9073e-06
3.4094e-05
9.3389e-04
3.8862e-05
7.3004e-04
3.7909e-05
9.5367e-07
3.2902e-05
9.5367e-07
6.1989e-05
2.6782e-03
3.0994e-06
9.2101e-04
4.1008e-05
1.9073e-06
3.4094e-05
3.9220e-03
4.1008e-05
9.9397e-04
3.7909e-05
1.9073e-06
3.7193e-05
6.3300e-04
3.6001e-05
3.3188e-04
3.6955e-05
2.1458e-06
3.5048e-05
9.5367e-07
3.2902e-05
1.3790e-03
3.6955e-05
5.6291e-04
3.6001e-05
7.5984e-04
1.9073e-06
9.5367e-07
3.6955e-05
9.5367e-07
3.3140e-05
1.2803e-04
3.6001e-05
1.9073e-06
3.6001e-05
1.4570e-03
2.8610e-06
9.5367e-07
3.6955e-05
3.5191e-04
3.6955e-05
2.1458e-06
3.3855e-05
0.0000e+00
3.3140e-05
2.4021e-03
4.1008e-05
3.0994e-06
3.2902e-05
9.5367e-07
3.5048e-05
5.9295e-04
3.8862e-05
1.1690e-03
1.9073e-06
9.5367e-07
3.7193e-05
3.7384e-04
1.9073e-06
1.1921e-06
3.5048e-05
4.5609e-04
3.6001e-05
1.2112e-04
3.6001e-05
5.6505e-04
5.8889e-05
4.4203e-04
3.6001e-05
2.6019e-03
4.2915e-05
2.8610e-06
3.4094e-05
4.0984e-04
3.8862e-05
7.0500e-04
1.9073e-06
9.5367e-07
3.7909e-05
7.3600e-04
1.9073e-06
1.9073e-06
3.7193e-05
8.1086e-04
3.6955e-05
1.9073e-06
3.3140e-05
9.5367e-07
3.2902e-05
5.3716e-04
1.9073e-06
0.0000e+00
3.4809e-05
4.0817e-04
3.0994e-06
9.5367e-07
3.6001e-05
9.5367e-07
3.2902e-05
2.5342e-03
6.0081e-05
3.3593e-04
3.6955e-05
8.2707e-04
3.6955e-05
1.1921e-06
3.2902e-05
9.5367e-07
3.2902e-05
2.1620e-03
3.0994e-06
3.0088e-04
2.8610e-06
2.1458e-06
3.6955e-05
0.0000e+00
3.2902e-05
5.1808e-04
3.0994e-06
4.8900e-04
1.9073e-06
9.5367e-07
3.6001e-05
9.5367e-07
3.2902e-05
0.0000e+00
3.1948e-05
9.5105e-04
3.6955e-05
1.9073e-06
3.3140e-05
1.1921e-06
3.2902e-05
3.0208e-04
2.1458e-06
9.5367e-07
5.6982e-05
1.1921e-06
3.3855e-05
4.6730e-03
4.1008e-05
1.0929e-03
2.8610e-06
1.1015e-04
3.0994e-06
9.5367e-07
3.8147e-05
1.1921e-06
3.2902e-05
1.0982e-03
3.7909e-05
2.1458e-06
3.2902e-05
1.1342e-03
6.7949e-05
1.2171e-03
3.8147e-05
1.3802e-03
1.9073e-06
2.1458e-06
3.7909e-05
0.0000e+00
3.2187e-05
9.5367e-07
3.1948e-05
2.6460e-03
1.9073e-06
9.5367e-07
3.8862e-05
2.4605e-04
2.1458e-06
9.5367e-07
9.0122e-05
9.5367e-07
3.4094e-05
5.5695e-04
3.5048e-05
7.1406e-04
3.0994e-06
1.9073e-06
3.6001e-05
1.2591e-03
4.8161e-05
1.9073e-06
3.8147e-05
1.7269e-03
4.2915e-05
1.7540e-03
6.9857e-05
2.7161e-03
2.8610e-06
3.0994e-06
4.1962e-05
1.1921e-06
3.3855e-05
9.5367e-07
3.4094e-05
8.1301e-04
4.2915e-05
1.3599e-03
3.8862e-05
1.8721e-03
4.0054e-05
5.0068e-06
6.4850e-05
9.5367e-07
3.4094e-05
1.8969e-03
1.9073e-06
1.1921e-06
3.8862e-05
9.5367e-07
3.2902e-05
2.0409e-04
3.6001e-05
1.2302e-04
3.7909e-05
1.9073e-06
7.1049e-05
2.1458e-06
5.7936e-05
6.8116e-04
3.6955e-05
9.0218e-04
3.6955e-05
1.1921e-06
3.3855e-05
9.5367e-07
3.4094e-05
0.0000e+00
3.1948e-05
1.4691e-03
3.6955e-05
1.2729e-03
2.8610e-06
1.8811e-04
2.1458e-06
5.4502e-04
3.0994e-06
9.5367e-07
3.8147e-05
0.0000e+00
3.4094e-05
4.7493e-04
3.0994e-06
3.1090e-04
2.8610e-06
9.5797e-04
1.9073e-06
9.5367e-07
3.6955e-05
1.5430e-03
2.1458e-06
1.9073e-06
4.0054e-05
1.9789e-04
3.6955e-05
1.9600e-03
2.1458e-06
2.1458e-06
3.8862e-05
2.2411e-04
3.0994e-06
9.5367e-07
3.6001e-05
0.0000e+00
3.4094e-05
0.0000e+00
3.1948e-05
5.2214e-04
3.0994e-06
9.5367e-07
3.6955e-05
0.0000e+00
3.3140e-05
8.5497e-04
5.6982e-05
9.5296e-04
2.1458e-06
9.5367e-07
3.7909e-05
6.4611e-04
3.0994e-06
1.2329e-03
2.8610e-06
1.9073e-06
3.8147e-05
4.0388e-04
2.1458e-06
9.5367e-07
3.6955e-05
5.8603e-04
3.6955e-05
2.6298e-04
4.2915e-05
9.5367e-07
5.6982e-05
5.2211e-03
4.2200e-05
8.4805e-04
1.9073e-06
1.1921e-06
3.6955e-05
5.0998e-04
2.1458e-06
9.5367e-07
3.6955e-05
5.6195e-04
3.6955e-05
1.1270e-03
1.9073e-06
9.5367e-07
3.6001e-05
5.7602e-04
7.9870e-05
2.8908e-03
1.9073e-06
9.5367e-07
3.7909e-05
9.5367e-07
3.3140e-05
8.4305e-04
1.9073e-06
1.1921e-06
3.6001e-05
9.5367e-07
3.1948e-05
0.0000e+00
3.2902e-05
0.0000e+00
3.1948e-05
5.2905e-04
6.0797e-05
1.8182e-03
1.9073e-06
3.1590e-04
3.0994e-06
5.6601e-04
2.1458e-06
3.2496e-04
3.0994e-06
9.5367e-07
3.7909e-05
4.6706e-04
3.0994e-06
1.9073e-06
3.6001e-05
0.0000e+00
3.3140e-05
0.0000e+00
3.1948e-05
5.9605e-04
6.1989e-05
1.9073e-06
3.3140e-05
5.0631e-03
2.1458e-06
1.9073e-06
4.1008e-05
4.8018e-04
3.6955e-05
1.8811e-04
3.6001e-05
4.3607e-04
3.6001e-05
1.9073e-06
3.3140e-05
1.4989e-03
3.0994e-06
8.3303e-04
2.1458e-06
1.9073e-06
3.9101e-05
9.5367e-07
3.3140e-05
9.5367e-07
3.2902e-05
2.7299e-04
1.9073e-06
5.6505e-04
3.0994e-06
9.5367e-07
3.9101e-05
7.7963e-05
2.1458e-06
2.7990e-04
1.9073e-06
1.9073e-06
3.6001e-05
1.6999e-04
6.0081e-05
9.5367e-07
3.4094e-05
1.2302e-04
3.6001e-05
1.7285e-04
3.6001e-05
2.1369e-03
3.0994e-06
2.1458e-06
4.1962e-05
9.5367e-07
3.2902e-05
7.7009e-04
3.9816e-05
4.7517e-04
8.0109e-05
1.9073e-06
3.4094e-05
5.6660e-03
4.1962e-05
1.1070e-03
4.3154e-05
5.5385e-04
1.9073e-06
9.5367e-07
4.0054e-05
0.0000e+00
3.4094e-05
9.5367e-07
3.4094e-05
9.5367e-07
6.3896e-05
4.6301e-04
3.6955e-05
1.9073e-06
3.3140e-05
2.1696e-04
3.5048e-05
7.1406e-04
2.1458e-06
1.5092e-04
2.8610e-06
9.5367e-07
3.5048e-05
0.0000e+00
3.3140e-05
9.5367e-07
3.3140e-05
0.0000e+00
5.4836e-05
1.3800e-03
1.9073e-06
1.1921e-06
3.6955e-05
9.5367e-07
3.3140e-05
0.0000e+00
3.1948e-05
2.6011e-04
2.1458e-06
9.5367e-07
3.4094e-05
5.5408e-04
3.6001e-05
1.5807e-04
3.8147e-05
2.5296e-04
3.6001e-05
9.5367e-07
3.2902e-05
3.8910e-04
3.6001e-05
9.5367e-07
3.3140e-05
3.4499e-04
2.1458e-06
9.5367e-07
3.6001e-05
1.8311e-04
3.6955e-05
1.1516e-04
3.6001e-05
2.0504e-04
3.6001e-05
2.1458e-06
3.3855e-05
5.8413e-04
3.0994e-06
9.5367e-07
3.5048e-05
9.5367e-07
3.1948e-05
2.4605e-04
3.6001e-05
1.9073e-06
3.3140e-05
1.1992e-04
3.6001e-05
2.6917e-04
3.6955e-05
9.5367e-07
3.2902e-05
3.1400e-04
1.9073e-06
9.5367e-07
3.6001e-05
9.5367e-07
3.2902e-05
2.9087e-04
3.6001e-05
9.5367e-07
3.4094e-05
1.6940e-03
3.9101e-05
9.2292e-04
3.6001e-05
5.0998e-04
2.1458e-06
5.9843e-05
1.9073e-06
1.1921e-06
3.6001e-05
1.1921e-06
3.2902e-05
0.0000e+00
3.1948e-05
1.1921e-06
4.0698e-04
9.5367e-07
3.4094e-05
9.5367e-07
6.4135e-05
9.5367e-07
3.5048e-05
9.5367e-07
3.1948e-05
1.1921e-06
2.5487e-04
1.9970e-03
4.1962e-05
3.0994e-06
3.2902e-05
9.5367e-07
3.2902e-05
0.0000e+00
3.4094e-05
1.4591e-04
6.2943e-05
3.7098e-04
3.8862e-05
9.5367e-07
3.3140e-05
0.0000e+00
3.1948e-05
2.1601e-04
3.6001e-05
9.5367e-07
3.3140e-05
9.5367e-07
3.2902e-05
8.0705e-04
3.6955e-05
5.3883e-05
3.4809e-05
2.7514e-04
3.5048e-05
1.0300e-04
3.0994e-06
2.7299e-04
3.0994e-06
9.5367e-07
3.6001e-05
9.5367e-07
3.3140e-05
9.5367e-07
3.3140e-05
1.8716e-04
3.6001e-05
2.6202e-04
1.9073e-06
1.4687e-04
3.6955e-05
1.9193e-04
3.6001e-05
9.1600e-04
3.8147e-05
4.3702e-04
1.9073e-06
5.6505e-04
1.9073e-06
1.1921e-06
3.6955e-05
9.5367e-07
3.2902e-05
1.1921e-06
3.2902e-05
2.1005e-04
5.5790e-05
3.1495e-04
3.6001e-05
2.0504e-04
3.5763e-05
2.1458e-06
3.2902e-05
3.9315e-04
2.1458e-06
4.1389e-04
3.0994e-06
9.5367e-07
3.5048e-05
9.5367e-07
3.2187e-05
2.3818e-04
2.1458e-06
9.5367e-07
3.7909e-05
1.1921e-06
3.5048e-05
0.0000e+00
3.2902e-05
7.1216e-04
2.1458e-06
1.9073e-06
3.6001e-05
9.5367e-07
3.3140e-05
9.5367e-07
3.2902e-05
9.5367e-07
3.1948e-05
5.3191e-04
1.9073e-06
1.2803e-04
2.1458e-06
9.5367e-07
3.7193e-05
4.4584e-04
3.7909e-05
2.5105e-04
3.6955e-05
1.9073e-06
3.2902e-05
3.2997e-04
2.1458e-06
9.5367e-07
3.6001e-05
0.0000e+00
3.3140e-05
4.7994e-04
3.0994e-06
1.9073e-06
5.9128e-05
9.5367e-07
3.2902e-05
2.1458e-06
3.2902e-05
5.1498e-04
3.6955e-05
3.3593e-04
4.0054e-05
1.2947e+00
