1.1515e-02
2.2230e-02
1.6928e-05
4.0531e-06
8.2970e-05
1.1921e-06
3.5048e-05
4.4968e-02
4.7922e-05
2.0400e-02
1.0896e-04
3.6837e-02
2.8610e-06
1.7467e-02
2.8610e-06
6.9141e-06
6.4135e-05
9.5367e-07
3.5048e-05
3.0663e-02
2.8610e-06
5.0068e-06
4.9829e-05
1.0049e-02
4.6968e-05
7.2989e-03
3.0994e-06
5.8699e-04
1.9073e-06
2.6040e-03
2.8610e-06
1.9073e-06
4.2915e-05
6.9940e-03
5.0068e-06
4.3352e-03
1.9073e-06
5.0068e-06
4.9829e-05
2.2061e-03
3.0994e-06
2.1386e-04
1.9073e-06
9.5367e-07
1.1420e-04
6.6996e-05
1.2898e-04
1.5616e-04
6.1035e-05
2.1458e-06
3.5048e-05
4.6396e-04
1.9073e-06
4.3869e-05
3.0994e-06
1.1396e-04
3.0994e-06
4.0793e-04
2.8610e-06
1.6999e-04
2.8610e-06
0.0000e+00
6.8903e-05
2.1458e-06
3.6001e-05
3.8528e-03
3.0994e-06
2.7990e-03
2.1458e-06
6.1035e-05
2.1458e-06
9.5367e-07
4.5061e-05
1.3108e-03
5.1022e-05
8.7490e-03
1.9073e-06
8.6770e-03
2.8610e-06
5.0068e-06
4.3154e-05
9.5367e-07
4.8876e-05
1.9097e-04
2.1458e-06
9.5367e-07
3.6955e-05
9.5367e-07
6.2943e-05
9.4175e-05
3.6955e-05
1.1921e-06
3.2902e-05
1.1396e-04
3.0994e-06
8.5115e-05
1.9073e-06
2.8419e-04
2.1458e-06
1.9932e-03
1.9073e-06
2.8610e-06
4.1008e-05
2.5606e-04
2.1458e-06
1.0300e-04
1.9073e-06
1.6880e-04
2.8610e-06
9.5367e-07
3.6955e-05
2.6894e-04
1.9073e-06
9.5367e-07
3.4809e-05
1.0490e-04
3.6001e-05
3.8099e-04
2.8610e-06
0.0000e+00
3.6955e-05
2.7394e-04
1.9073e-06
9.5367e-07
3.4809e-05
1.3113e-04
8.4162e-05
9.8944e-05
3.5048e-05
3.3903e-04
2.1458e-06
9.5367e-07
3.6001e-05
0.0000e+00
3.3855e-05
1.4114e-04
1.9073e-06
9.5367e-07
3.7909e-05
0.0000e+00
3.2902e-05
1.3089e-04
2.8610e-06
0.0000e+00
8.8215e-05
1.3995e-04
2.1458e-06
9.5367e-07
3.6955e-05
1.7309e-04
3.0994e-06
9.5367e-07
8.1062e-05
1.9073e-06
3.4809e-05
1.1921e-06
3.2902e-05
2.7990e-04
3.5048e-05
2.8491e-04
3.0994e-06
9.5367e-07
9.4175e-05
4.9400e-04
3.0994e-06
9.5367e-07
4.0054e-05
8.4877e-05
1.9073e-06
9.5367e-07
3.7193e-05
5.8889e-05
1.9073e-06
1.9073e-06
3.5048e-05
9.5367e-07
3.4094e-05
8.3923e-05
3.6001e-05
2.8610e-06
3.4094e-05
8.2016e-05
3.0994e-06
1.2207e-04
1.9073e-06
7.0095e-05
3.0994e-06
4.9829e-05
2.8610e-06
9.5367e-07
3.6001e-05
0.0000e+00
3.2902e-05
7.7009e-05
3.4809e-05
9.5367e-07
3.2902e-05
9.3937e-05
2.8610e-06
1.1921e-06
3.5048e-05
1.1921e-06
3.6001e-05
7.2956e-05
3.6001e-05
1.9073e-06
3.3140e-05
9.7036e-05
3.4809e-05
9.0122e-05
1.9073e-06
9.5367e-07
3.6001e-05
5.8889e-05
3.0994e-06
9.5367e-07
3.6001e-05
9.0122e-05
3.0994e-06
1.9073e-06
8.7023e-05
1.7715e-04
3.6001e-05
1.3304e-04
3.6001e-05
1.6999e-04
3.6001e-05
2.4796e-04
1.9073e-06
1.1921e-06
3.6001e-05
8.3923e-05
1.9073e-06
1.5974e-05
2.8610e-06
5.8198e-04
2.8610e-06
1.6117e-04
2.1458e-06
9.5367e-07
9.7036e-05
1.9193e-04
1.9073e-06
0.0000e+00
3.8147e-05
1.0960e-03
4.4823e-05
1.2112e-04
3.9101e-05
6.9857e-05
3.6001e-05
1.9073e-06
3.3140e-05
9.5367e-07
3.4094e-05
2.0099e-04
1.9073e-06
8.6784e-05
1.9073e-06
2.8133e-05
2.1458e-06
0.0000e+00
3.6001e-05
0.0000e+00
3.3140e-05
1.4997e-04
2.1458e-06
7.4863e-05
1.9073e-06
8.1062e-05
3.0994e-06
3.8862e-05
1.9073e-06
1.1921e-06
3.6001e-05
1.1921e-06
3.2902e-05
1.4710e-04
1.9073e-06
4.0054e-05
2.1458e-06
7.2956e-05
1.9073e-06
9.5367e-07
3.6001e-05
3.9101e-05
3.4809e-05
1.4615e-04
3.0994e-06
9.5367e-07
3.6001e-05
3.0804e-04
2.1458e-06
1.3590e-04
1.9073e-06
8.4162e-05
2.8610e-06
1.1921e-06
3.6955e-05
4.2701e-04
1.9073e-06
3.0994e-06
9.7036e-05
9.5367e-07
6.2943e-05
2.3317e-04
2.1458e-06
1.9073e-06
3.6955e-05
7.7963e-05
1.9073e-06
5.1022e-05
1.9073e-06
1.6212e-04
1.9073e-06
8.9169e-05
1.9073e-06
3.3855e-05
1.9073e-06
3.6001e-05
2.1458e-06
9.5367e-07
3.6001e-05
1.9693e-04
1.9073e-06
9.5367e-07
3.6001e-05
2.9016e-04
2.8610e-06
1.1921e-06
3.6001e-05
3.5000e-04
2.1458e-06
2.2793e-04
3.0994e-06
2.7299e-04
2.1458e-06
9.5367e-07
3.6001e-05
9.5367e-07
3.3140e-05
9.5367e-07
3.2902e-05
1.7905e-04
2.1458e-06
5.6982e-05
2.1458e-06
9.5367e-07
3.6955e-05
9.5367e-07
3.3140e-05
2.0480e-04
1.9073e-06
9.5367e-07
3.5048e-05
9.5367e-07
3.3140e-05
1.4782e-04
2.8610e-06
3.6001e-05
1.9073e-06
0.0000e+00
3.6001e-05
1.4400e-04
1.9073e-06
9.5367e-07
8.2970e-05
9.5367e-07
3.5048e-05
2.1100e-04
1.9073e-06
3.9101e-05
3.0994e-06
8.8215e-05
3.0994e-06
9.5367e-07
3.6001e-05
2.9802e-04
3.0994e-06
9.5367e-07
3.6955e-05
1.0300e-04
3.6001e-05
1.1514e-02
2.8610e-06
5.0068e-06
5.1022e-05
1.9073e-06
3.8147e-05
7.3600e-03
4.2915e-05
6.3770e-03
7.6056e-05
5.0068e-06
6.8903e-05
9.5367e-07
8.4877e-05
3.5628e-02
3.0994e-06
3.5000e-04
2.1458e-06
2.3603e-04
3.0994e-06
1.9073e-06
4.3154e-05
1.9073e-06
3.6001e-05
8.6911e-03
5.1975e-05
3.5691e-04
2.8610e-06
1.1921e-06
3.7909e-05
2.8110e-04
1.9073e-06
8.1086e-04
1.9073e-06
2.8210e-03
3.0994e-06
3.3221e-03
2.1458e-06
2.8629e-03
2.8610e-06
5.9605e-06
4.9829e-05
2.9812e-03
1.9073e-06
1.0161e-02
8.9884e-05
4.0531e-06
4.3869e-05
1.8392e-03
4.7922e-05
4.6015e-05
3.7909e-05
1.5092e-04
1.9073e-06
3.4308e-04
2.1458e-06
2.4211e-03
1.9073e-06
3.0994e-06
4.6015e-05
9.2983e-05
3.6955e-05
1.6189e-04
3.6001e-05
2.8610e-06
3.8147e-05
5.6810e-03
4.5061e-05
3.0994e-06
3.2902e-05
0.0000e+00
3.2902e-05
1.6770e-03
4.5776e-05
6.2609e-04
2.8610e-06
9.7036e-05
1.9073e-06
2.4891e-04
3.0994e-06
9.5367e-07
3.9101e-05
4.8399e-04
3.0994e-06
9.5367e-07
4.0054e-05
2.8181e-04
1.9073e-06
1.1921e-06
4.5061e-05
6.9189e-04
2.8610e-06
8.2016e-05
2.1458e-06
2.0885e-04
1.9073e-06
9.5367e-07
3.9101e-05
5.1022e-05
3.0994e-06
9.5367e-07
3.5048e-05
5.8699e-04
3.0994e-06
9.5367e-07
8.9169e-05
1.9073e-06
3.5048e-05
3.3092e-04
1.9073e-06
9.5367e-07
3.9101e-05
1.0300e-04
2.1458e-06
9.5367e-07
3.6001e-05
1.5650e-03
3.0994e-06
3.8147e-06
4.2915e-05
1.7405e-04
3.6955e-05
2.1458e-06
8.9884e-05
1.1361e-03
5.1975e-05
1.0970e-03
1.9073e-06
1.4997e-04
3.0994e-06
1.9073e-06
4.1008e-05
5.4121e-05
3.6001e-05
3.7789e-04
1.9073e-06
1.1921e-06
3.6955e-05
1.9073e-06
3.4094e-05
1.6689e-04
8.7023e-05
2.1005e-04
3.6001e-05
6.0916e-04
3.0994e-06
1.9073e-06
4.1962e-05
1.4496e-04
3.0994e-06
3.0994e-05
3.8147e-05
1.0180e-04
2.8610e-06
1.0204e-04
1.9073e-06
2.0695e-04
2.8610e-06
9.2030e-05
1.9073e-06
1.9073e-06
3.7193e-05
0.0000e+00
8.3923e-05
1.5497e-04
3.6001e-05
1.6189e-04
3.6001e-05
9.5367e-07
3.3140e-05
7.5197e-04
4.5061e-05
3.6740e-03
2.1458e-06
2.8610e-06
4.3869e-05
1.3340e-03
2.1458e-06
1.3149e-03
3.0994e-06
1.0600e-03
3.0994e-06
5.9605e-06
4.9114e-05
9.5367e-07
3.4094e-05
1.2550e-03
3.0994e-06
2.5201e-04
2.1458e-06
2.0850e-03
1.9073e-06
1.9341e-03
1.9073e-06
3.8147e-06
4.2200e-05
6.7401e-04
1.9073e-06
9.1004e-04
1.9073e-06
2.1458e-06
5.1975e-05
6.7997e-04
3.0994e-06
1.9073e-06
2.8682e-04
2.6298e-04
3.7909e-05
8.3184e-04
4.0054e-05
6.2001e-03
2.1458e-06
2.5411e-03
1.9073e-06
2.4390e-04
1.9073e-06
6.4135e-05
1.9073e-06
0.0000e+00
4.1008e-05
2.5988e-04
1.9073e-06
4.1962e-05
1.9073e-06
1.1921e-06
1.2994e-04
4.1130e-03
2.8610e-06
2.8610e-06
5.0068e-05
0.0000e+00
3.4094e-05
6.2609e-04
3.0994e-06
1.9073e-06
4.2200e-05
1.0514e-04
3.6001e-05
1.1683e-04
3.5048e-05
3.2592e-04
3.0994e-06
0.0000e+00
3.8147e-05
6.2943e-05
3.6001e-05
1.0841e-03
4.7922e-05
3.0684e-04
3.8862e-05
1.8716e-04
3.6955e-05
1.1587e-04
3.4809e-05
1.1492e-04
9.2983e-05
1.2279e-04
3.6001e-05
3.8409e-04
9.1076e-05
2.1458e-06
3.3855e-05
2.4700e-04
3.6001e-05
9.5367e-07
3.3140e-05
1.7881e-04
3.6001e-05
4.0293e-04
2.1458e-06
9.5367e-07
3.5048e-05
5.2929e-05
2.8610e-06
3.6907e-04
3.0994e-06
9.5367e-07
8.3923e-05
2.1458e-06
3.3855e-05
7.7009e-04
2.1458e-06
1.6093e-04
1.9073e-06
1.1921e-06
3.6955e-05
2.7704e-04
3.7909e-05
1.1396e-04
3.6001e-05
1.0800e-04
1.9073e-06
9.5367e-07
3.6955e-05
9.5367e-07
8.4162e-05
2.5034e-05
3.6955e-05
1.0300e-04
3.0994e-06
1.1921e-06
3.5048e-05
2.9802e-05
3.6001e-05
1.2708e-04
3.0994e-06
9.5367e-07
3.5048e-05
0.0000e+00
3.2902e-05
6.8212e-04
2.1458e-06
2.5988e-05
2.1458e-06
7.8917e-05
1.9073e-06
1.1015e-04
2.1458e-06
9.5367e-07
3.6955e-05
4.8161e-05
1.9073e-06
2.2292e-04
3.0994e-06
4.1008e-05
1.9073e-06
1.1921e-06
3.6001e-05
0.0000e+00
3.1948e-05
2.3007e-04
3.0994e-06
9.5367e-07
3.5048e-05
2.4700e-04
1.9073e-06
9.5367e-07
1.0109e-04
1.0896e-04
1.9073e-06
9.5367e-07
3.7193e-05
2.3842e-05
1.9073e-06
9.5367e-07
3.6001e-05
0.0000e+00
3.2902e-05
3.4094e-05
2.1458e-06
9.5367e-07
3.5048e-05
1.8597e-04
1.9073e-06
2.3127e-05
2.8610e-06
1.1921e-06
8.5831e-05
1.2493e-04
2.1458e-06
1.8811e-04
1.9073e-06
1.1921e-06
3.6001e-05
4.0054e-05
2.8610e-06
6.6042e-05
1.9073e-06
7.3910e-04
3.0994e-06
1.9073e-05
2.1458e-06
9.5367e-07
3.9101e-05
9.5367e-07
3.3140e-05
1.6403e-04
3.7909e-05
1.5974e-05
1.9073e-06
2.1458e-06
3.6001e-05
5.0068e-05
3.6001e-05
4.6015e-05
3.6001e-05
3.2282e-04
2.8610e-06
2.1458e-06
3.6001e-05
2.2984e-04
1.9073e-06
1.1921e-06
3.6001e-05
9.8944e-05
3.6001e-05
3.5310e-04
1.9073e-06
1.0130e-03
3.0994e-06
1.9073e-06
3.9101e-05
2.3794e-04
2.1458e-06
6.2943e-05
1.9073e-06
0.0000e+00
3.6001e-05
3.0613e-04
2.1458e-06
1.3804e-04
2.1458e-06
1.3399e-04
1.9073e-06
1.5020e-04
2.1458e-06
9.5367e-07
3.6955e-05
6.6996e-05
2.8610e-06
1.1921e-06
3.6955e-05
4.5061e-05
2.1458e-06
1.9073e-06
3.6001e-05
8.5115e-05
3.6001e-05
1.2612e-04
2.1458e-06
8.3923e-05
1.9073e-06
1.0109e-04
1.9073e-06
9.5367e-07
3.6955e-05
3.6955e-05
2.8610e-06
9.5367e-07
3.5048e-05
3.1948e-05
3.5048e-05
1.9073e-06
3.5048e-05
1.3113e-04
2.1458e-06
1.9073e-06
3.5048e-05
3.1948e-05
3.6001e-05
4.8876e-05
3.6001e-05
1.3900e-04
1.9073e-06
9.5367e-07
3.6001e-05
1.3304e-04
3.0994e-06
0.0000e+00
3.6001e-05
1.7881e-05
1.9073e-06
1.0204e-04
1.9073e-06
2.0981e-05
1.9073e-06
1.9073e-06
3.6001e-05
1.4615e-04
2.1458e-06
8.3923e-05
1.9073e-06
9.5367e-07
4.9829e-05
3.4094e-05
3.6001e-05
1.3614e-04
1.9073e-06
3.6955e-05
1.9073e-06
9.5367e-07
3.6001e-05
1.8191e-04
1.9073e-06
1.5402e-04
1.9073e-06
9.5367e-07
3.4809e-05
6.6996e-05
1.9073e-06
3.8147e-05
1.9073e-06
2.1458e-06
3.5048e-05
0.0000e+00
3.2902e-05
1.1921e-06
3.2902e-05
2.0981e-05
1.9073e-06
1.6713e-04
2.1458e-06
9.5367e-07
3.7909e-05
1.2016e-04
3.6001e-05
3.5501e-04
1.9073e-06
1.3995e-04
2.8610e-06
2.6107e-04
3.0994e-06
9.5367e-07
3.8147e-05
0.0000e+00
3.2902e-05
3.6812e-04
3.0994e-06
4.1962e-05
3.0994e-06
9.5367e-07
3.6001e-05
2.3913e-04
4.0054e-05
1.5261e-03
1.1706e-04
2.0909e-04
3.7909e-05
2.1458e-06
4.2915e-05
4.1509e-04
2.1458e-06
1.9073e-06
3.6001e-05
4.0698e-04
1.9073e-06
9.5367e-07
3.6955e-05
7.8917e-05
2.5988e-05
9.5367e-07
3.6001e-05
9.5367e-07
8.5831e-05
3.0613e-04
3.0994e-06
1.6284e-04
1.9073e-06
1.1921e-06
3.6001e-05
2.3890e-04
2.1458e-06
0.0000e+00
3.6001e-05
3.1900e-04
1.9073e-06
2.1458e-06
3.8862e-05
6.6996e-05
3.6001e-05
5.7936e-05
3.6955e-05
2.1458e-06
6.6996e-05
1.9073e-06
3.3140e-05
1.6904e-04
3.6001e-05
2.7704e-04
1.9073e-06
9.5367e-07
3.6001e-05
3.0518e-04
3.6955e-05
3.3307e-04
2.8610e-06
2.1696e-04
1.9073e-06
9.5367e-07
3.6955e-05
9.6083e-05
2.1458e-06
9.5367e-07
3.5048e-05
3.9196e-04
2.1458e-06
1.9073e-06
3.9101e-05
6.0797e-04
2.1458e-06
1.0991e-04
1.9073e-06
1.1921e-06
3.7909e-05
1.7810e-04
1.9073e-06
0.0000e+00
5.4836e-05
2.2507e-04
2.1458e-06
0.0000e+00
3.6001e-05
2.8396e-04
2.8610e-06
8.2016e-05
2.8610e-06
0.0000e+00
3.6001e-05
2.5487e-04
2.1458e-06
9.5367e-07
3.6001e-05
2.4009e-04
3.8862e-05
7.0095e-05
2.1458e-06
0.0000e+00
8.5115e-05
1.9073e-06
3.3140e-05
3.6597e-04
8.5115e-05
3.9601e-04
2.1458e-06
9.2983e-05
2.1458e-06
9.2983e-05
2.8610e-06
9.6083e-05
3.0994e-06
9.5367e-07
3.6001e-05
2.6298e-04
3.6001e-05
1.4186e-04
1.9073e-06
2.6202e-04
1.9073e-06
1.6212e-04
2.1458e-06
9.5367e-07
3.6955e-05
5.6386e-04
2.8610e-06
7.0095e-05
2.1458e-06
9.5367e-07
4.5061e-05
3.1209e-04
1.9073e-06
2.7084e-04
1.9073e-06
2.7514e-04
2.8610e-06
2.1458e-06
4.0054e-05
9.5367e-07
3.3855e-05
6.5517e-04
1.9073e-06
1.1921e-06
3.6001e-05
1.3995e-04
2.1458e-06
8.5831e-05
1.9073e-06
1.4591e-04
2.1458e-06
1.9073e-06
3.6001e-05
2.2602e-04
1.9073e-06
2.1458e-06
3.6001e-05
3.9101e-04
3.9101e-05
1.9073e-06
3.2902e-05
4.7088e-04
2.1458e-06
1.9073e-06
4.1008e-05
1.2708e-04
3.9101e-05
6.1703e-04
3.0994e-06
1.9789e-05
2.1458e-06
1.9073e-06
4.0054e-05
5.4121e-05
3.9101e-05
1.0180e-03
1.9073e-06
2.1458e-06
3.8862e-05
3.7217e-04
1.9073e-06
9.5367e-07
3.6955e-05
9.5367e-07
4.1008e-05
8.7023e-05
1.9073e-06
9.5367e-07
9.1076e-05
7.1406e-04
3.0994e-06
2.6941e-05
3.0994e-06
4.0054e-05
2.8610e-06
0.0000e+00
3.6001e-05
3.3784e-04
1.9073e-06
1.4710e-04
2.1458e-06
9.5367e-07
3.6001e-05
3.1495e-04
2.8610e-06
2.1458e-06
3.6001e-05
3.4595e-04
1.9073e-06
5.1022e-05
1.9073e-06
9.5367e-07
3.8862e-05
1.7810e-04
3.0994e-06
9.5367e-07
3.6001e-05
2.3723e-04
3.8147e-05
4.3797e-04
1.9073e-06
9.8944e-05
2.1458e-06
9.5367e-07
3.6001e-05
9.5367e-07
6.0081e-05
1.3113e-05
3.5048e-05
3.8195e-04
3.0994e-06
2.1458e-06
3.7909e-05
8.5807e-04
2.8610e-06
2.1458e-06
3.8862e-05
0.0000e+00
3.3855e-05
9.9182e-05
1.9073e-06
3.7193e-05
2.8610e-06
3.6001e-05
1.9073e-06
3.6955e-05
1.9073e-06
3.0041e-05
3.0994e-06
7.2956e-05
3.0994e-06
3.9816e-05
1.9073e-06
1.9073e-06
8.7023e-05
1.9073e-06
3.3855e-05
5.0402e-04
1.9073e-06
1.6308e-04
2.1458e-06
1.4305e-04
1.9073e-06
9.5367e-07
4.0054e-05
9.5367e-07
3.4094e-05
6.3896e-05
3.9101e-05
2.2388e-04
1.9073e-06
3.4094e-05
2.1458e-06
7.4863e-05
1.9073e-06
9.5367e-07
3.6955e-05
1.1921e-06
3.3855e-05
2.1219e-04
1.9073e-06
1.9813e-04
1.9073e-06
7.6056e-05
2.1458e-06
1.1020e-03
2.1458e-06
2.3913e-04
2.1458e-06
9.5367e-07
4.1008e-05
1.4591e-04
1.9073e-06
9.5367e-07
3.6001e-05
6.3181e-05
3.5048e-05
7.8917e-05
3.8862e-05
2.5702e-04
2.8610e-06
2.3127e-05
1.9073e-06
5.8889e-05
3.0994e-06
5.9605e-06
7.0095e-05
9.5367e-07
3.4094e-05
1.6904e-04
2.1458e-06
9.5367e-07
3.6001e-05
2.7800e-04
1.9073e-06
9.5367e-07
3.7193e-05
4.0102e-04
3.6955e-05
8.7879e-03
5.2929e-05
1.1897e-04
1.9073e-06
1.9073e-06
1.3804e-04
6.9118e-04
2.8610e-06
9.4175e-05
1.9073e-06
0.0000e+00
3.6955e-05
2.1751e-03
2.1458e-06
1.9073e-06
9.0837e-05
2.4104e-04
8.8930e-05
4.7708e-04
3.0994e-06
1.1086e-04
3.0994e-06
9.5367e-07
3.8147e-05
9.5367e-07
3.3855e-05
2.9111e-04
3.6001e-05
2.4319e-04
2.8610e-06
1.3995e-04
1.9073e-06
3.2210e-04
2.1458e-06
9.5367e-07
4.0054e-05
5.6028e-05
3.0994e-06
9.5367e-07
9.0122e-05
2.9492e-04
3.7193e-05
1.9073e-06
3.4094e-05
4.5896e-04
2.1458e-06
9.5367e-07
3.9101e-05
2.6584e-04
1.9073e-06
1.1921e-06
3.6955e-05
2.1219e-03
2.8610e-06
1.2708e-04
1.9073e-06
1.9073e-06
4.1008e-05
2.8706e-04
4.0054e-05
1.9073e-06
3.5048e-05
4.7493e-04
3.7909e-05
2.1458e-06
3.3855e-05
1.7390e-03
4.6015e-05
2.8610e-06
3.5048e-05
1.4989e-03
1.9073e-06
2.1005e-04
2.8610e-06
1.5306e-04
2.1458e-06
1.9073e-06
4.1008e-05
9.5367e-07
3.4094e-05
4.0054e-05
1.9073e-06
9.5367e-07
3.3855e-05
0.0000e+00
3.2902e-05
2.9802e-04
3.0994e-06
9.5367e-07
3.8147e-05
2.1195e-04
1.9073e-06
0.0000e+00
3.6001e-05
0.0000e+00
8.8930e-05
1.7715e-04
3.6001e-05
4.9996e-04
2.1458e-06
9.5367e-07
3.8147e-05
1.1897e-04
1.9073e-06
4.4823e-05
1.9073e-06
3.3593e-04
2.8610e-06
9.5367e-07
3.7909e-05
2.3413e-04
2.1458e-06
2.6798e-04
2.1458e-06
1.0204e-04
1.9073e-06
5.3811e-04
3.0994e-06
1.0395e-04
3.0994e-06
9.5367e-07
4.0054e-05
1.8907e-04
3.6001e-05
9.5367e-07
3.4094e-05
9.5367e-07
5.1022e-05
9.5367e-07
3.5048e-05
3.7003e-04
3.8147e-05
1.4019e-04
3.6001e-05
8.6808e-04
2.8610e-06
9.5367e-07
3.8862e-05
3.4714e-04
4.1008e-05
2.3603e-04
3.5763e-05
2.2006e-04
2.1458e-06
1.9073e-06
3.6955e-05
4.0007e-04
2.1458e-06
9.5367e-07
3.6001e-05
9.5367e-07
3.3140e-05
1.1706e-04
2.1458e-06
2.2197e-04
1.9073e-06
9.5367e-07
3.4809e-05
3.7718e-04
1.9073e-06
9.5367e-07
3.6001e-05
1.5998e-04
3.6001e-05
3.2401e-04
1.9073e-06
1.4210e-04
1.9073e-06
2.1458e-06
3.6001e-05
1.6403e-04
1.9073e-06
2.7013e-04
3.0994e-06
9.6798e-05
2.8610e-06
6.3396e-04
3.0994e-06
2.8610e-06
4.0054e-05
1.4400e-04
3.6001e-05
3.1400e-04
3.8862e-05
2.1458e-06
3.4094e-05
4.1986e-04
3.0994e-06
2.1696e-04
1.9073e-06
2.1458e-06
3.7909e-05
4.0317e-04
1.9073e-06
0.0000e+00
1.0395e-04
1.8096e-04
2.1458e-06
2.8896e-04
1.9073e-06
9.5367e-07
3.6001e-05
3.5882e-04
1.9073e-06
9.5367e-07
3.6001e-05
2.9278e-04
1.9073e-06
1.1921e-06
3.6001e-05
1.6117e-04
1.9073e-06
5.0497e-04
2.1458e-06
2.7895e-05
1.9073e-06
3.1114e-04
1.9073e-06
2.8849e-05
1.9073e-06
4.2915e-05
2.1458e-06
0.0000e+00
3.9101e-05
0.0000e+00
3.2902e-05
5.7912e-04
3.0994e-06
3.9601e-04
2.1458e-06
1.6499e-04
1.9073e-06
9.5367e-07
3.9101e-05
9.5367e-07
3.4094e-05
1.0204e-04
3.6001e-05
2.7204e-04
3.0994e-06
2.1458e-06
4.1008e-05
3.6287e-04
3.7909e-05
2.1458e-06
3.3855e-05
4.5896e-04
2.8610e-06
9.5367e-07
3.6955e-05
2.4009e-04
2.8610e-06
1.9073e-06
4.0054e-05
9.5367e-07
3.4094e-05
4.3797e-04
8.5831e-05
2.1458e-06
3.6001e-05
1.2493e-04
3.0994e-06
9.5367e-07
3.6001e-05
9.5367e-07
3.3140e-05
3.1495e-04
3.7193e-05
4.2200e-04
2.1458e-06
2.4509e-04
2.1458e-06
1.9073e-06
3.7193e-05
5.1022e-05
3.6001e-05
7.9155e-05
3.6001e-05
6.1989e-05
1.9073e-06
0.0000e+00
3.6955e-05
4.0054e-05
3.6001e-05
1.2112e-04
3.6001e-05
1.2803e-04
3.0994e-06
9.5367e-07
3.5048e-05
0.0000e+00
6.1989e-05
1.1921e-06
8.2970e-05
3.5501e-04
1.9073e-06
1.1921e-06
3.6955e-05
2.8300e-04
3.0994e-06
9.5367e-07
3.6955e-05
1.7190e-04
1.9073e-06
3.5048e-05
1.9073e-06
9.5367e-07
3.8147e-05
9.5367e-07
3.2902e-05
1.0109e-04
2.1458e-06
0.0000e+00
8.3923e-05
4.6492e-04
3.8147e-05
9.5367e-07
3.3140e-05
5.2929e-05
1.0395e-04
1.3113e-04
3.6955e-05
9.5367e-07
3.2902e-05
1.2708e-04
3.6955e-05
2.5034e-05
1.9073e-06
1.2207e-04
2.1458e-06
1.5593e-04
1.9073e-06
1.7405e-04
2.8610e-06
9.5367e-07
3.6955e-05
1.9383e-04
1.9073e-06
2.9397e-04
1.9073e-06
1.9073e-06
3.7909e-05
1.5211e-04
3.0994e-06
2.1195e-04
2.1458e-06
0.0000e+00
3.6001e-05
6.1989e-05
1.9073e-06
2.1458e-06
3.4809e-05
1.3709e-04
1.3304e-04
3.3712e-04
2.8610e-06
1.1921e-06
3.6001e-05
8.2970e-05
3.6001e-05
2.1458e-06
3.2902e-05
6.4135e-05
3.6955e-05
4.0698e-04
1.9073e-06
7.2002e-05
1.9073e-06
1.1921e-06
3.6955e-05
6.6996e-05
3.0994e-06
1.9073e-06
3.8147e-05
2.2507e-04
3.6955e-05
9.5367e-07
3.3140e-05
9.5367e-07
3.3855e-05
3.0303e-04
3.6001e-05
4.0889e-04
1.9073e-06
1.0705e-04
2.1458e-06
9.5367e-07
3.8147e-05
1.6284e-04
9.7990e-05
3.2401e-04
3.0994e-06
9.5367e-07
3.6955e-05
1.1516e-04
3.6001e-05
1.8811e-04
3.6001e-05
5.3406e-04
2.1458e-06
1.5783e-04
1.9073e-06
2.5034e-05
1.9073e-06
1.3208e-04
2.1458e-06
9.5367e-07
3.7193e-05
0.0000e+00
8.7976e-05
2.3413e-04
3.6955e-05
2.2697e-04
1.9073e-06
1.9813e-04
2.1458e-06
2.5082e-04
1.9073e-06
1.5903e-04
3.0994e-06
9.5367e-07
3.6001e-05
4.6015e-05
1.9073e-06
1.1921e-06
3.5048e-05
8.4114e-04
3.0994e-06
3.7909e-05
3.0994e-06
3.6001e-05
2.1458e-06
9.5367e-07
3.8195e-04
2.9588e-04
2.1458e-06
1.1396e-04
3.0994e-06
4.4489e-04
2.8610e-06
2.9707e-04
1.9073e-06
1.1706e-04
2.1458e-06
9.5367e-07
4.1008e-05
1.1611e-04
3.6955e-05
2.4390e-04
3.7909e-05
2.4414e-04
2.1458e-06
9.5367e-07
3.5048e-05
1.0085e-04
3.6001e-05
3.2187e-04
1.9073e-06
1.9073e-06
3.6001e-05
8.2803e-04
2.1458e-06
4.1962e-05
3.0994e-06
9.5367e-07
3.8862e-05
1.4496e-04
2.8610e-06
1.5497e-04
2.8610e-06
1.4496e-04
2.8610e-06
1.9717e-04
1.9073e-06
9.5367e-07
3.6001e-05
6.1035e-05
8.6069e-05
4.6992e-04
2.8610e-06
9.5367e-07
3.6001e-05
2.7418e-04
2.8610e-06
3.0112e-04
1.9073e-06
3.1948e-05
3.0994e-06
2.4104e-04
3.0994e-06
2.9898e-04
2.1458e-06
8.3804e-04
3.0994e-06
8.3923e-05
1.9073e-06
5.3167e-05
3.0994e-06
1.9217e-04
2.1458e-06
9.5367e-07
4.0054e-05
1.9073e-06
3.6001e-05
1.4229e-03
1.9073e-06
1.0800e-04
2.8610e-06
1.1110e-04
1.9073e-06
9.5367e-07
4.2200e-05
1.1921e-06
3.2902e-05
2.9516e-04
3.6955e-05
5.4121e-05
3.0994e-06
1.9073e-06
3.5048e-05
6.8998e-04
4.0054e-05
1.6308e-04
2.8610e-06
2.0099e-04
1.9073e-06
9.1076e-05
1.9073e-06
9.5367e-07
3.6001e-05
1.0800e-04
3.6001e-05
3.1686e-04
4.0054e-05
9.5367e-07
3.4094e-05
1.8883e-04
1.9073e-06
1.1921e-06
1.6093e-04
3.5405e-04
3.0994e-06
2.1458e-06
3.7909e-05
1.8120e-04
3.6001e-05
9.5367e-07
3.2902e-05
2.3007e-04
3.6001e-05
1.3804e-04
2.1458e-06
3.7694e-04
1.9073e-06
1.1921e-06
3.6955e-05
1.5497e-04
3.6001e-05
1.1921e-06
8.7023e-05
3.0088e-04
3.6001e-05
2.1005e-04
2.1458e-06
9.5367e-07
3.6001e-05
0.0000e+00
3.2902e-05
0.0000e+00
3.1948e-05
1.6530e-03
4.1962e-05
3.0994e-06
3.5048e-05
5.9319e-04
2.1458e-06
8.6069e-05
2.8610e-06
2.7108e-04
2.1458e-06
9.5367e-07
3.8147e-05
9.9897e-05
2.1458e-06
3.6767e-02
2.8610e-06
1.4335e-02
3.0994e-06
2.1811e-03
1.9073e-06
5.4836e-05
2.8610e-06
0.0000e+00
4.9114e-05
4.5514e-04
1.9073e-06
1.1921e-06
3.6955e-05
3.0208e-04
1.9073e-06
9.1791e-05
1.9073e-06
2.2006e-04
3.0994e-06
8.1062e-05
1.9073e-06
1.5998e-04
1.9073e-06
1.1921e-06
3.8862e-05
2.0504e-04
1.9073e-06
9.5367e-07
3.6001e-05
1.3399e-04
4.0054e-05
3.6097e-04
1.9073e-06
3.9101e-05
1.9073e-06
9.0837e-05
2.8610e-06
1.1921e-06
3.6001e-05
3.6001e-05
1.9073e-06
9.5367e-07
3.6001e-05
9.5367e-07
3.3140e-05
2.4796e-05
3.6955e-05
9.5367e-07
3.2902e-05
9.3198e-04
1.9073e-06
4.1008e-05
2.8610e-06
1.1110e-04
2.1458e-06
9.5367e-07
4.0054e-05
4.7922e-05
1.9073e-06
1.5059e-03
2.8610e-06
1.9073e-06
4.3869e-05
2.1696e-04
3.0994e-06
2.5034e-05
2.1458e-06
1.1580e-03
2.8610e-06
3.7193e-05
1.9073e-06
4.1008e-05
1.9073e-06
1.1921e-06
4.1962e-05
2.0909e-04
3.0994e-06
1.9193e-04
1.9073e-06
9.5367e-07
3.7193e-05
2.4080e-04
3.7909e-05
1.6904e-04
3.0994e-06
4.6921e-04
3.0994e-06
2.2697e-04
2.1458e-06
2.0504e-04
3.0994e-06
9.5367e-07
3.8147e-05
3.5596e-04
3.0994e-06
9.5367e-07
3.6001e-05
8.3923e-05
3.6001e-05
3.0398e-04
2.1458e-06
1.3995e-04
1.9073e-06
9.5367e-07
1.0395e-04
2.4080e-04
9.7036e-05
2.2602e-04
1.9073e-06
9.5367e-07
3.6955e-05
8.5592e-04
1.9073e-06
1.5998e-04
2.1458e-06
2.1458e-06
4.1962e-05
1.3804e-04
4.1008e-05
1.9073e-06
3.2902e-05
6.2959e-03
2.8610e-06
2.1482e-04
1.9073e-06
1.1921e-06
1.2398e-04
9.5367e-07
3.6955e-05
2.8682e-04
1.9073e-06
1.8907e-04
1.9073e-06
9.5367e-07
3.6955e-05
9.5367e-07
3.4094e-05
1.1921e-06
3.2902e-05
2.9206e-04
2.1458e-06
0.0000e+00
3.6001e-05
1.3804e-04
3.6001e-05
3.2711e-04
3.0994e-06
9.5367e-07
3.6955e-05
5.0068e-05
3.6001e-05
2.0430e-03
2.8610e-06
3.0518e-04
2.8610e-06
9.5367e-07
4.1008e-05
1.6689e-04
1.9073e-06
1.9073e-06
3.6001e-05
9.7990e-05
3.5048e-05
3.6192e-04
2.1458e-06
9.5367e-07
3.6001e-05
9.5367e-07
3.2187e-05
1.6904e-04
3.5048e-05
1.5306e-04
8.5711e-04
2.6989e-04
3.7193e-05
1.9073e-06
3.4094e-05
9.5367e-07
3.2902e-05
5.9199e-04
1.9073e-06
1.9073e-06
3.9101e-05
9.5367e-07
3.3140e-05
1.8382e-04
3.5048e-05
1.0500e-03
3.0994e-06
4.5061e-05
3.0994e-06
9.5367e-07
3.9101e-05
6.2227e-05
3.6001e-05
3.1590e-04
1.9073e-06
1.7715e-04
2.1458e-06
9.5367e-07
3.5048e-05
3.6311e-04
3.0994e-06
2.4080e-05
1.9073e-06
9.5367e-07
3.8862e-05
2.3127e-05
2.8610e-06
1.1921e-04
1.9073e-06
2.1458e-06
3.6001e-05
8.5831e-05
3.7909e-05
6.0081e-05
3.6001e-05
3.9101e-05
4.6968e-05
8.2970e-05
9.7036e-05
5.2929e-05
3.6001e-05
1.3995e-04
1.9073e-06
1.1921e-06
3.6001e-05
9.5367e-07
4.5061e-05
6.8903e-05
1.9073e-06
9.5367e-07
3.6001e-05
1.2612e-04
3.5048e-05
2.0003e-04
2.1458e-06
4.1008e-05
2.1458e-06
4.1962e-05
3.0994e-06
3.6001e-05
2.8610e-06
9.5367e-07
3.6001e-05
9.5367e-07
4.5061e-05
1.1802e-04
2.1458e-06
1.0085e-04
1.9073e-06
0.0000e+00
3.5048e-05
7.4148e-05
2.8610e-06
3.9101e-05
2.1458e-06
9.5367e-07
3.5048e-05
0.0000e+00
3.3140e-05
2.4009e-04
3.0994e-06
1.1921e-06
4.6968e-05
2.6202e-04
2.1458e-06
9.5367e-07
3.6001e-05
3.2711e-04
1.9073e-06
1.1921e-06
3.6955e-05
6.1035e-05
7.7009e-05
3.6955e-05
1.9073e-06
2.4796e-04
1.9073e-06
1.1921e-06
3.6955e-05
1.9073e-06
3.5048e-05
3.3140e-05
3.6001e-05
6.6042e-05
4.7922e-05
3.9101e-05
4.5061e-05
2.1458e-06
3.3855e-05
1.4019e-04
1.9073e-06
8.0109e-05
3.0994e-06
9.5367e-07
3.6001e-05
1.1516e-04
2.1458e-06
3.0041e-05
1.9073e-06
1.1921e-06
4.6015e-05
1.9073e-06
3.4094e-05
1.4997e-04
2.1458e-06
4.7922e-05
2.1458e-06
9.5367e-07
4.7922e-05
2.1458e-06
3.2902e-05
9.9182e-05
2.1458e-06
9.5367e-07
3.6001e-05
1.6308e-04
3.5048e-05
4.2200e-05
1.9073e-06
8.9169e-05
3.0994e-06
9.5367e-07
4.6015e-05
6.5088e-05
4.6968e-05
2.1458e-06
3.3855e-05
1.8215e-04
2.1458e-06
3.6955e-05
3.0994e-06
1.0681e-04
1.9073e-06
2.1219e-05
3.0994e-06
5.5075e-05
2.1458e-06
0.0000e+00
3.5048e-05
3.8147e-05
4.6968e-05
1.9073e-06
3.2902e-05
7.3195e-05
3.6001e-05
1.2994e-04
1.9073e-06
9.2030e-05
1.9073e-06
3.7909e-05
2.8610e-06
9.5367e-07
3.6001e-05
9.5367e-07
3.2902e-05
8.0109e-05
3.6001e-05
9.5367e-07
3.6001e-05
2.2697e-04
2.1458e-06
9.5367e-07
3.7193e-05
0.0000e+00
3.3855e-05
1.9073e-06
3.4809e-05
2.1100e-04
1.9073e-06
5.1975e-05
1.9073e-06
1.1921e-06
3.6955e-05
3.7909e-05
1.9073e-06
9.5367e-07
3.5048e-05
1.0300e-04
2.8610e-06
5.5075e-05
1.9073e-06
9.5367e-07
3.6001e-05
8.7976e-05
2.8610e-06
9.5367e-07
3.4809e-05
7.4148e-05
3.5048e-05
9.1076e-05
4.6968e-05
3.0041e-05
3.5048e-05
5.8889e-05
1.9073e-06
9.8205e-04
6.1989e-05
6.3896e-05
2.1458e-06
9.5367e-07
5.1975e-05
3.9101e-05
3.0994e-06
9.5367e-07
1.0300e-04
1.1921e-06
4.7922e-05
2.9087e-05
1.9073e-06
3.7909e-05
3.0994e-06
4.7922e-05
2.1458e-06
1.5998e-04
1.9073e-06
9.5367e-07
3.6001e-05
1.1921e-06
9.1791e-05
3.2902e-05
4.6015e-05
1.7285e-04
3.0994e-06
9.5367e-07
3.6001e-05
0.0000e+00
3.2902e-05
9.5367e-07
3.1948e-05
1.5039e-03
5.6982e-05
2.0183e-02
3.0994e-06
5.2929e-05
3.0994e-06
0.0000e+00
5.0068e-05
1.7118e-04
1.9073e-06
9.5367e-07
3.6955e-05
8.2016e-05
3.0994e-06
3.1304e-04
3.0994e-06
1.9789e-04
1.9073e-06
9.5367e-07
3.7909e-05
5.2929e-05
3.6955e-05
1.8311e-04
3.6001e-05
9.5367e-07
3.2902e-05
4.6206e-04
1.9073e-06
1.9073e-06
3.7909e-05
5.5075e-05
3.6001e-05
5.2810e-04
3.1710e-04
8.6594e-04
1.9073e-06
3.8600e-04
3.0994e-06
2.2388e-04
2.1458e-06
9.5367e-07
4.0054e-05
9.3937e-05
1.9073e-06
1.0705e-04
3.0994e-06
1.9073e-06
3.6955e-05
7.6509e-04
6.4850e-05
4.0319e-03
2.8610e-06
6.2943e-05
3.0994e-06
9.5367e-07
4.3154e-05
7.4863e-05
2.8610e-06
9.5367e-07
4.1008e-05
7.3886e-04
1.9073e-06
4.3416e-04
3.0994e-06
2.7895e-05
1.9073e-06
4.0054e-05
2.1458e-06
1.1921e-06
3.8862e-05
6.9141e-05
3.5048e-05
3.8910e-04
3.0994e-06
5.6100e-04
2.1458e-06
1.5974e-05
2.1458e-06
1.5974e-05
3.0994e-06
0.0000e+00
4.1008e-05
9.5367e-07
3.5048e-05
2.3818e-04
3.0994e-06
3.6955e-05
1.9073e-06
4.2915e-05
2.1458e-06
9.5367e-07
3.6001e-05
8.7976e-05
1.9073e-06
2.0909e-04
2.1458e-06
9.5367e-07
8.7023e-05
3.0518e-04
1.9073e-06
1.9073e-06
3.9101e-05
5.8889e-05
3.5048e-05
1.5187e-04
3.0994e-06
0.0000e+00
3.6001e-05
2.1815e-04
4.1008e-05
1.4488e-02
3.0994e-06
3.8147e-06
4.2200e-05
4.7190e-03
3.0994e-06
5.0068e-05
2.1458e-06
9.5367e-07
4.1962e-05
8.8811e-04
3.0994e-06
8.7976e-05
2.8610e-06
2.1458e-06
4.1008e-05
1.6403e-04
1.9073e-06
1.7500e-04
2.1458e-06
1.9073e-06
1.5497e-04
1.2803e-04
3.6955e-05
9.5367e-07
3.4094e-05
2.8086e-04
3.6001e-05
2.0621e-03
4.2915e-05
4.1294e-04
3.0994e-06
2.4891e-04
1.9073e-06
2.1458e-06
7.3910e-05
1.9503e-04
3.7909e-05
2.4199e-04
4.3154e-05
7.0596e-04
2.1458e-06
1.9073e-06
1.3494e-04
2.0542e-03
5.9128e-05
5.0068e-06
4.8161e-05
3.8981e-04
2.8610e-06
1.8215e-04
3.0994e-06
1.9073e-06
4.0054e-05
6.7019e-03
4.7922e-05
7.2098e-04
3.0994e-06
2.1458e-06
3.8862e-05
9.5367e-07
3.4094e-05
1.7500e-04
2.1458e-06
1.6904e-04
2.1458e-06
2.1458e-06
3.6955e-05
3.6502e-04
1.9073e-06
9.3937e-05
3.0994e-06
9.5367e-07
3.6001e-05
3.9506e-04
3.0994e-06
9.5367e-07
3.6955e-05
1.6999e-04
1.9073e-06
2.0313e-04
3.0994e-06
2.0885e-04
1.9073e-06
1.0014e-04
2.1458e-06
9.5367e-07
3.7909e-05
2.5892e-04
1.9073e-06
9.5367e-07
3.6001e-05
1.1516e-04
3.6001e-05
2.5010e-04
2.1458e-06
2.1458e-06
3.7909e-05
5.8508e-04
3.7193e-05
3.1185e-04
1.9073e-06
1.3018e-04
1.9073e-06
1.9073e-06
1.1492e-04
1.3900e-04
1.9073e-06
5.0783e-05
1.9073e-06
2.5988e-05
2.8610e-06
1.2803e-04
2.1458e-06
6.5088e-05
3.0994e-06
9.5367e-07
3.6955e-05
7.3910e-05
1.9073e-06
2.0719e-04
1.9073e-06
9.5367e-07
3.7193e-05
3.9506e-04
1.9073e-06
4.4107e-05
1.9073e-06
1.5283e-04
1.9073e-06
9.2983e-05
1.9073e-06
4.3154e-05
2.1458e-06
9.5367e-07
3.3169e-03
2.2588e-03
3.0994e-06
3.5906e-04
1.9073e-06
1.7691e-04
3.0994e-06
9.5367e-07
4.0770e-05
0.0000e+00
3.3855e-05
2.2197e-04
3.6001e-05
1.6594e-04
3.6001e-05
6.8903e-05
1.9073e-06
9.5367e-07
3.6001e-05
6.2895e-04
2.1458e-06
0.0000e+00
4.0054e-05
1.1802e-04
3.6955e-05
8.2016e-04
2.1458e-06
2.2602e-04
2.1458e-06
9.5367e-07
4.0054e-05
0.0000e+00
3.4094e-05
1.6999e-04
2.1458e-06
9.5367e-07
3.6001e-05
1.2803e-04
3.0994e-06
1.9073e-06
8.9169e-05
2.2006e-04
1.9073e-06
1.2088e-04
2.1458e-06
1.2708e-04
1.9073e-06
9.0837e-05
1.9073e-06
1.1921e-06
3.6955e-05
9.5367e-07
3.7909e-05
1.4210e-04
2.1458e-06
4.2915e-05
1.9073e-06
9.5367e-07
3.7193e-05
4.7779e-04
2.8610e-06
2.5988e-05
1.9073e-06
1.1086e-04
3.0994e-06
1.4591e-04
1.9073e-06
1.1921e-06
3.8862e-05
1.1396e-04
3.6001e-05
2.0695e-04
3.6955e-05
2.5487e-04
1.9073e-06
1.3900e-04
1.9073e-06
2.8610e-04
2.1458e-06
9.5367e-07
3.5048e-05
1.3494e-04
2.8610e-06
9.5367e-07
8.2016e-05
9.5367e-07
9.5105e-04
7.0500e-04
3.8147e-05
2.5988e-04
2.8610e-06
1.9383e-04
2.8610e-06
1.1921e-06
3.6001e-05
4.8876e-05
1.9073e-06
9.5367e-07
3.5048e-05
1.5459e-03
2.8610e-06
3.9816e-05
1.9073e-06
9.5367e-07
4.1008e-05
1.0967e-05
4.9114e-05
2.8205e-04
3.6001e-05
6.6996e-05
3.5048e-05
5.1308e-04
3.9816e-05
3.0303e-04
2.8610e-06
1.1921e-06
3.6955e-05
2.4700e-04
5.6982e-05
4.2701e-04
2.8610e-06
1.1921e-06
9.9897e-05
2.1458e-06
3.3855e-05
8.9192e-04
2.8610e-06
6.3896e-05
1.9073e-06
1.9073e-06
4.0054e-05
9.5367e-07
3.2902e-05
6.6042e-05
9.8944e-05
2.4509e-04
3.6955e-05
2.6608e-04
1.9073e-06
9.5367e-07
1.0300e-04
3.1900e-04
1.9073e-06
2.8396e-04
1.9073e-06
9.5367e-07
3.6955e-05
2.3293e-04
2.8610e-06
1.7309e-04
2.1458e-06
1.9288e-04
1.9073e-06
1.1921e-06
3.6955e-05
3.6001e-05
2.1458e-06
9.5367e-07
3.4094e-05
6.7949e-05
3.0994e-06
9.5367e-07
1.2708e-04
7.2002e-05
2.8610e-06
7.5102e-05
1.9073e-06
1.1921e-06
3.5048e-05
1.2684e-04
2.8610e-06
9.5367e-07
3.5048e-05
4.1008e-05
1.9073e-06
5.6028e-05
1.9073e-06
9.5367e-07
3.5048e-05
3.2115e-04
1.9073e-06
9.5367e-07
3.6001e-05
1.1182e-04
8.4877e-05
3.1114e-04
2.1458e-06
4.6968e-05
3.0994e-06
7.9870e-05
1.9073e-06
1.1921e-06
3.6001e-05
3.1948e-05
3.6001e-05
1.5497e-04
3.0994e-06
9.5367e-07
7.1049e-05
1.3614e-04
2.8610e-06
3.5048e-05
3.0994e-06
1.0395e-04
2.1458e-06
8.2016e-05
2.1458e-06
9.2983e-05
2.8610e-06
1.3113e-05
2.1458e-06
7.6056e-05
1.9073e-06
1.2016e-04
2.1458e-06
4.6015e-05
1.9073e-06
1.1921e-06
3.6001e-05
1.1921e-06
3.2902e-05
1.1921e-06
3.2902e-05
9.5367e-07
3.2187e-05
2.1887e-04
3.0994e-06
3.0994e-06
4.1962e-05
3.1710e-04
2.1458e-06
9.5367e-07
3.8147e-05
3.7885e-04
1.9073e-06
2.1458e-06
3.6001e-05
4.9901e-04
4.3869e-05
2.3603e-04
2.8610e-06
1.1921e-06
3.6001e-05
1.1086e-04
1.9073e-06
9.5367e-07
5.9128e-05
1.3995e-04
1.9073e-06
1.9073e-06
3.6955e-05
3.3498e-04
2.1458e-06
8.5831e-05
1.9073e-06
9.3937e-05
2.3127e-05
2.4080e-05
2.1458e-06
5.0068e-05
1.9073e-06
0.0000e+00
3.6955e-05
9.5367e-07
3.4094e-05
8.2016e-05
2.1458e-06
1.8120e-05
1.9073e-06
1.1921e-06
3.4809e-05
1.7715e-04
2.1458e-06
2.4080e-05
3.0994e-06
0.0000e+00
3.6001e-05
5.6982e-05
3.4809e-05
3.7193e-05
3.6001e-05
1.9073e-06
3.3140e-05
6.7949e-05
3.6001e-05
3.1948e-05
3.5048e-05
3.3283e-04
3.0994e-06
9.2030e-05
2.1458e-06
9.5367e-07
3.6001e-05
2.9802e-04
1.9073e-06
2.1458e-06
3.6001e-05
1.0991e-04
3.6001e-05
1.1110e-04
3.4809e-05
1.1110e-04
3.4809e-05
1.5903e-04
3.6001e-05
1.1182e-04
3.6001e-05
2.2483e-04
1.9073e-06
1.3709e-04
2.1458e-06
4.0054e-05
3.0994e-06
1.1921e-06
3.6955e-05
3.6001e-05
2.1458e-06
2.1935e-05
3.0994e-06
3.6001e-05
2.1458e-06
8.2016e-05
2.1458e-06
1.5974e-05
3.0994e-06
2.1935e-05
1.9073e-06
9.6083e-05
2.1458e-06
0.0000e+00
3.5048e-05
1.1587e-04
3.6001e-05
8.6069e-05
3.0994e-06
9.5367e-07
3.4809e-05
1.1921e-06
3.2902e-05
3.4094e-05
3.5048e-05
5.5075e-05
3.5048e-05
6.2943e-05
3.6955e-05
7.1049e-05
3.5048e-05
3.0994e-05
3.4809e-05
3.1948e-05
3.6001e-05
2.9802e-05
3.6001e-05
3.2902e-05
3.4809e-05
7.8201e-05
3.5048e-05
9.5367e-07
3.3140e-05
1.9598e-04
2.1458e-06
1.6928e-05
2.1458e-06
1.4400e-04
1.9073e-06
3.8862e-05
1.9073e-06
9.5367e-07
8.3923e-05
1.5998e-04
1.9073e-06
2.3127e-05
2.1458e-06
0.0000e+00
3.6001e-05
5.1022e-05
3.6001e-05
9.5129e-05
1.9073e-06
9.5367e-07
3.6001e-05
7.9870e-05
3.5048e-05
9.5367e-07
3.2902e-05
3.2187e-05
3.6001e-05
1.2803e-04
2.1458e-06
0.0000e+00
3.6001e-05
1.0514e-04
1.9073e-06
1.1921e-06
3.4809e-05
5.8174e-05
3.6001e-05
4.4107e-05
3.5048e-05
5.1975e-05
3.3855e-05
3.2187e-05
3.6001e-05
1.8501e-04
2.1458e-06
1.5974e-05
2.1458e-06
5.2929e-05
1.9073e-06
6.7949e-05
1.9073e-06
0.0000e+00
3.6001e-05
4.8161e-05
1.0991e-04
7.8917e-05
3.5763e-05
4.6015e-05
1.9073e-06
0.0000e+00
3.5048e-05
1.0204e-04
3.0994e-06
1.3185e-04
1.9073e-06
9.5367e-07
8.2016e-05
1.9073e-06
3.6001e-05
1.1015e-04
1.9073e-06
4.6015e-05
1.9073e-06
0.0000e+00
3.4809e-05
2.1458e-06
3.3855e-05
6.6996e-05
3.6001e-05
1.0204e-04
2.8610e-06
0.0000e+00
3.3855e-05
4.2200e-05
3.6001e-05
2.1458e-06
3.6001e-05
2.0313e-04
3.0994e-06
0.0000e+00
3.5048e-05
9.5367e-07
3.4094e-05
1.2803e-04
2.8610e-06
7.7963e-05
1.9073e-06
1.3113e-04
1.9073e-06
1.0681e-04
1.9073e-06
2.7394e-04
1.9073e-06
9.5367e-07
3.6955e-05
1.0629e-03
2.8610e-06
1.9073e-06
3.8147e-05
3.9387e-04
4.0054e-05
1.1921e-06
3.3855e-05
2.7013e-04
2.1458e-06
9.9897e-05
1.9073e-06
9.5367e-07
3.6001e-05
9.5367e-07
3.4094e-05
3.0208e-04
3.6001e-05
9.5367e-07
8.7976e-05
3.2260e-03
2.1458e-06
4.0531e-06
4.8876e-05
9.5367e-07
3.3855e-05
0.0000e+00
3.2187e-05
1.1330e-03
2.1458e-06
6.3961e-03
2.8610e-06
3.1590e-04
1.9073e-06
2.1458e-06
4.6015e-05
4.8304e-04
1.0300e-04
4.4823e-05
1.9073e-06
1.1921e-06
9.7036e-05
1.9073e-06
3.5048e-05
7.2410e-03
4.3154e-05
1.2803e-04
1.9073e-06
1.1921e-06
3.6001e-05
6.4850e-05
1.9073e-06
4.3893e-04
1.9073e-06
1.1921e-06
7.3886e-04
1.6022e-04
1.9073e-06
9.0122e-05
2.1458e-06
1.5402e-04
3.0994e-06
8.7976e-05
1.9073e-06
0.0000e+00
3.8147e-05
1.1492e-04
3.6001e-05
1.6379e-04
3.5048e-05
9.5367e-07
3.4094e-05
2.0211e-03
4.0054e-05
4.2701e-04
3.0994e-06
9.5367e-07
3.5048e-05
1.6904e-04
3.0994e-06
9.5367e-07
9.3937e-05
1.9073e-06
3.5048e-05
6.5398e-04
2.1458e-06
4.0054e-05
1.9073e-06
1.1921e-06
3.6955e-05
0.0000e+00
3.3140e-05
9.5367e-07
1.3618e-03
1.2550e-03
2.1458e-06
5.2929e-05
2.1458e-06
1.9073e-06
1.6308e-04
5.1689e-04
2.1458e-06
4.1008e-05
2.1458e-06
9.5367e-07
4.6968e-05
1.1086e-04
3.9101e-05
1.2994e-04
2.8610e-06
9.5367e-07
8.7976e-05
1.9073e-06
3.2902e-05
6.4135e-05
3.5048e-05
1.1410e-02
1.9073e-06
1.1921e-06
9.7990e-05
3.3689e-04
1.9073e-06
1.1921e-06
3.6001e-05
1.8096e-04
3.5048e-05
3.9911e-04
2.1458e-06
1.3089e-04
2.1458e-06
9.5367e-07
3.6001e-05
2.1505e-04
1.9073e-06
1.4710e-04
2.8610e-06
3.3402e-04
1.9073e-06
3.7909e-04
2.1458e-06
4.0054e-05
1.9073e-06
3.9816e-05
1.9073e-06
1.9073e-06
3.7193e-05
4.2081e-04
2.8610e-06
9.5367e-07
3.6001e-05
9.5367e-07
3.2187e-05
2.0218e-04
3.6001e-05
1.8096e-04
3.5048e-05
9.5367e-07
3.2187e-05
2.7990e-04
2.1458e-06
0.0000e+00
9.3937e-05
1.1921e-04
3.6001e-05
2.3794e-04
3.6955e-05
4.8161e-05
3.5048e-05
4.7922e-05
6.8903e-05
1.6093e-04
4.0054e-05
1.4782e-04
3.9101e-05
2.1389e-03
4.0531e-06
1.9073e-06
1.8001e-04
1.0109e-04
7.0095e-05
4.3869e-05
3.6955e-05
2.1815e-04
2.1458e-06
7.7963e-05
1.9073e-06
8.0109e-05
1.9073e-06
4.8876e-05
2.1458e-06
9.5367e-07
3.6001e-05
4.4513e-04
3.0994e-06
3.9101e-05
1.9073e-06
9.5367e-07
3.7909e-05
1.1587e-04
1.0085e-04
3.0184e-04
2.8610e-06
9.5367e-07
3.6955e-05
6.4087e-04
1.9073e-06
4.1008e-05
3.0994e-06
4.0054e-05
2.1458e-06
9.5367e-07
3.9101e-05
1.0419e-04
2.1458e-06
0.0000e+00
3.9101e-05
3.2306e-04
2.1458e-06
9.5367e-07
3.6955e-05
7.7963e-05
2.1458e-06
7.7009e-05
2.1458e-06
9.5367e-07
3.6001e-05
1.5974e-05
1.9073e-06
1.1921e-06
3.4809e-05
7.1049e-05
3.5048e-05
2.1458e-06
3.2902e-05
9.7036e-05
2.1458e-06
1.1802e-04
1.9073e-06
2.9087e-05
2.8610e-06
8.1062e-05
3.0994e-06
8.4877e-05
1.9073e-06
1.1921e-06
3.5048e-05
4.1962e-05
1.9073e-06
2.5702e-04
1.9073e-06
1.1921e-06
3.7909e-05
1.4091e-04
2.8610e-06
9.5367e-07
3.5048e-05
2.7394e-04
2.8610e-06
9.5367e-07
3.6001e-05
9.5367e-07
3.4094e-05
8.5831e-05
1.9073e-06
9.5367e-07
3.6001e-05
9.5367e-07
3.3140e-05
1.6594e-04
3.6001e-05
5.7220e-05
3.6955e-05
1.2708e-04
1.9073e-06
9.1076e-05
1.9073e-06
3.8695e-04
3.0994e-06
1.3089e-04
1.9073e-06
9.5367e-07
3.7909e-05
1.0705e-04
1.0204e-04
3.2997e-04
1.9073e-06
7.9155e-05
3.0994e-06
3.5310e-04
1.9073e-06
9.5367e-07
3.6001e-05
0.0000e+00
3.2902e-05
4.3201e-04
1.9073e-06
9.5367e-07
3.5048e-05
9.6083e-05
2.8610e-06
7.9155e-05
2.1458e-06
3.3855e-05
1.9073e-06
1.1921e-06
8.2016e-05
1.9073e-06
3.6001e-05
1.6809e-04
2.1458e-06
4.6015e-05
3.6001e-05
1.1992e-04
2.8610e-06
9.5367e-07
3.6955e-05
1.5903e-04
2.1458e-06
7.1049e-05
1.9073e-06
9.5367e-07
3.6001e-05
3.7909e-05
1.9073e-06
3.6001e-05
1.9073e-06
9.5367e-07
8.6069e-05
9.1076e-05
1.9073e-06
5.6982e-05
2.1458e-06
9.5367e-07
3.5048e-05
2.9588e-04
1.9073e-06
3.0041e-05
3.0994e-06
1.6928e-05
1.9073e-06
1.5974e-05
3.0994e-06
3.7909e-05
1.9073e-06
3.6955e-05
2.8610e-06
1.1921e-06
3.6001e-05
8.6069e-05
3.6955e-05
4.0531e-06
3.6001e-05
1.1086e-04
3.6001e-05
9.7990e-05
2.1458e-06
6.6996e-05
2.1458e-06
9.5367e-07
3.6001e-05
9.5367e-07
3.4094e-05
8.2016e-05
1.9073e-06
1.1897e-04
2.1458e-06
1.4067e-05
2.1458e-06
9.0837e-05
1.9073e-06
9.5367e-07
3.6001e-05
1.1897e-04
1.9073e-06
9.5367e-07
3.6001e-05
1.4806e-04
3.0994e-06
1.9073e-06
3.6955e-05
1.6499e-04
2.1458e-06
1.4067e-05
1.9073e-06
9.5367e-07
3.6001e-05
5.5075e-05
3.6001e-05
3.7909e-05
3.6001e-05
4.1008e-05
8.4877e-05
1.3018e-04
3.0994e-06
2.0027e-05
1.9073e-06
3.6001e-05
1.9073e-06
1.0180e-04
1.9073e-06
1.2898e-04
1.9073e-06
1.4067e-05
1.9073e-06
9.5367e-07
3.6001e-05
9.5367e-07
3.6001e-05
2.1458e-06
3.2902e-05
2.3103e-04
1.9073e-06
8.2970e-05
1.9073e-06
7.8917e-05
2.1458e-06
2.5034e-05
2.8610e-06
1.1921e-06
3.6955e-05
2.3103e-04
1.9073e-06
2.7180e-05
1.9073e-06
1.1921e-06
3.6001e-05
8.3923e-05
2.1458e-06
1.4067e-05
1.9073e-06
1.1921e-06
3.5048e-05
9.5367e-07
3.2902e-05
1.0180e-04
1.9073e-06
2.5821e-04
1.9073e-06
1.9073e-06
3.6955e-05
9.5367e-07
3.4094e-05
0.0000e+00
3.3140e-05
3.3140e-05
3.5048e-05
1.9002e-04
3.6955e-05
5.6028e-05
1.9073e-06
1.1921e-06
3.6001e-05
5.0068e-05
3.5048e-05
1.0204e-04
8.5115e-05
1.0800e-04
3.0994e-06
4.3869e-05
1.9073e-06
9.5367e-07
3.4809e-05
3.6001e-04
2.8610e-06
2.1458e-06
3.6955e-05
1.5998e-04
3.5048e-05
1.1921e-06
3.2902e-05
2.1386e-04
3.6001e-05
2.5296e-04
1.9073e-06
9.5367e-07
3.6001e-05
1.1516e-04
1.9073e-06
1.0896e-04
2.1458e-06
4.3082e-04
1.9073e-06
3.7193e-05
3.0994e-06
2.2173e-05
1.9073e-06
0.0000e+00
3.6955e-05
3.7909e-05
1.9073e-06
3.6955e-05
2.1458e-06
9.5367e-07
3.5048e-05
9.5367e-07
3.4094e-05
1.3113e-04
2.1458e-06
2.1458e-06
3.6001e-05
1.2803e-04
3.0994e-06
9.5367e-07
3.6001e-05
1.1301e-04
2.1458e-06
9.5367e-07
3.6001e-05
9.5367e-07
3.3140e-05
1.7905e-04
2.1458e-06
5.6982e-05
2.1458e-06
9.5367e-07
3.5048e-05
9.5367e-07
8.2970e-05
5.8174e-05
2.8610e-06
7.8201e-05
3.0994e-06
9.5367e-07
3.6001e-05
2.9898e-04
2.1458e-06
1.2875e-05
1.9073e-06
2.3127e-05
2.1458e-06
9.5367e-07
3.6001e-05
3.0994e-05
3.0994e-06
9.0837e-05
1.9073e-06
1.1921e-06
3.6001e-05
1.7881e-05
2.8610e-06
2.1458e-06
3.6001e-05
1.8287e-04
1.9073e-06
3.6001e-05
1.9073e-06
1.0490e-04
1.9073e-06
1.1921e-06
3.6001e-05
9.5367e-07
3.2902e-05
1.2708e-04
3.5048e-05
9.5367e-07
3.3140e-05
7.8917e-05
2.1458e-06
4.2915e-05
2.8610e-06
1.0109e-04
3.0994e-06
9.5367e-07
3.5048e-05
3.6001e-05
2.8610e-06
4.7207e-05
2.8610e-06
2.0099e-04
1.9073e-06
1.1921e-06
3.6001e-05
9.5367e-07
3.3140e-05
1.1921e-06
3.2902e-05
3.4094e-05
3.0994e-06
1.3399e-04
3.0994e-06
1.9073e-06
3.5048e-05
8.1062e-05
3.0994e-06
7.4863e-05
1.9073e-06
2.0599e-04
1.9073e-06
0.0000e+00
3.6001e-05
1.1921e-06
3.2902e-05
0.0000e+00
3.3140e-05
2.8300e-04
3.6001e-05
9.7990e-05
1.9073e-06
6.4135e-05
2.1458e-06
6.4850e-05
2.8610e-06
1.9789e-04
8.7023e-05
4.1008e-05
1.9073e-06
3.6955e-05
2.1458e-06
1.1921e-06
3.6955e-05
1.6594e-04
2.1458e-06
2.0504e-04
3.0994e-06
1.4305e-04
1.9073e-06
1.6212e-05
3.0994e-06
7.5817e-05
1.9073e-06
3.0613e-04
3.0994e-06
2.0480e-04
1.9073e-06
1.1921e-06
3.6001e-05
9.5367e-07
3.3140e-05
2.1458e-06
3.5048e-05
9.5367e-07
3.2902e-05
1.1706e-04
3.4809e-05
5.1212e-04
3.0994e-06
9.5367e-07
3.6955e-05
1.1206e-04
1.9073e-06
7.2503e-04
3.0994e-06
1.2398e-04
3.0994e-06
9.3937e-05
1.9073e-06
4.4608e-04
2.8610e-06
9.7990e-05
2.1458e-06
9.5367e-07
9.2030e-05
1.9908e-04
2.8610e-06
1.1921e-06
6.9857e-05
2.4509e-04
3.6001e-05
1.1611e-04
3.6001e-05
3.2020e-04
3.0994e-06
9.5367e-07
3.6001e-05
1.1301e-04
3.6001e-05
3.1018e-04
3.0994e-06
9.5367e-07
8.4877e-05
1.5998e-04
3.5048e-05
1.9073e-06
3.3140e-05
9.5367e-07
3.3140e-05
3.3307e-04
3.6955e-05
2.5296e-04
1.9073e-06
9.5367e-07
3.4809e-05
2.9421e-04
3.0994e-06
1.5593e-04
2.1458e-06
9.5367e-07
8.3923e-05
9.5367e-07
3.2902e-05
4.0984e-04
1.9073e-06
9.5367e-07
3.4809e-05
3.2687e-04
1.9073e-06
9.5367e-07
3.6001e-05
1.1921e-06
3.2902e-05
3.6001e-04
3.0994e-06
1.9073e-06
3.7193e-05
1.1992e-04
8.4162e-05
3.5405e-04
2.1458e-06
1.9073e-06
3.6955e-05
1.1396e-04
3.5048e-05
9.5367e-07
3.3140e-05
4.3082e-04
3.7909e-05
5.9009e-04
3.0994e-06
1.7095e-04
2.1458e-06
9.5367e-07
4.0054e-05
0.0000e+00
3.4094e-05
2.3580e-04
3.6955e-05
1.1706e-04
3.6001e-05
4.2605e-04
1.9073e-06
1.2708e-04
3.0994e-06
1.3113e-05
2.1458e-06
2.2888e-05
3.0994e-06
2.4509e-04
3.0994e-06
1.5092e-04
3.0994e-06
1.2259e-03
3.0994e-06
8.4162e-05
2.1458e-06
9.5367e-07
4.7922e-05
4.6921e-04
3.0994e-06
8.7023e-05
5.3883e-05
9.5367e-07
4.0054e-05
2.8706e-04
2.1458e-06
1.4687e-04
2.8610e-06
9.5367e-07
3.6001e-05
1.9097e-04
3.6955e-05
8.5831e-05
4.0054e-05
5.1975e-05
4.7922e-05
1.9073e-06
1.4591e-04
3.3116e-04
1.9073e-06
1.2708e-04
1.9073e-06
9.5367e-07
3.7909e-05
9.5367e-07
3.3140e-05
1.0204e-04
3.6955e-05
1.8191e-04
3.6001e-05
4.8804e-04
4.0531e-06
1.1464e-02
3.0994e-06
1.9073e-06
5.3167e-05
9.5367e-07
3.3855e-05
1.6680e-03
1.9073e-06
9.3322e-03
2.8610e-06
1.8096e-04
3.0994e-06
1.0707e-02
3.0994e-06
1.0913e-02
3.0994e-06
1.5419e-03
2.1458e-06
2.0814e-04
2.8610e-06
1.1921e-06
4.0054e-05
3.7372e-03
3.0994e-06
9.5367e-07
4.3154e-05
4.3988e-04
3.0994e-06
1.3113e-04
1.9073e-06
1.5593e-04
2.1458e-06
2.8706e-04
3.0994e-06
1.9073e-06
4.1008e-05
4.0793e-04
1.9073e-06
1.1921e-06
3.6001e-05
1.5283e-04
1.9073e-06
2.5702e-04
2.8610e-06
1.5116e-04
2.1458e-06
1.9288e-04
1.9073e-06
9.5367e-07
4.0054e-05
2.4199e-04
1.9073e-06
8.8930e-05
1.9073e-06
1.1921e-06
3.7909e-05
4.3392e-04
1.9073e-06
1.8406e-04
2.8610e-06
9.5367e-07
3.8147e-05
9.5367e-07
3.4094e-05
5.0092e-04
3.0994e-06
1.1802e-04
2.1458e-06
1.6499e-04
2.8610e-06
1.8501e-04
2.8610e-06
2.5392e-04
2.8610e-06
8.3923e-05
2.1458e-06
1.0750e-03
3.0994e-06
9.5367e-07
4.1962e-05
9.5367e-07
1.2112e-04
3.4213e-04
3.0994e-06
1.1921e-06
3.6001e-05
3.3998e-04
2.1458e-06
9.5367e-07
3.5048e-05
9.7036e-05
3.6001e-05
1.1110e-04
3.4809e-05
6.7022e-03
5.0783e-05
9.0218e-04
1.9073e-06
9.5367e-07
9.1076e-05
9.5367e-07
3.6001e-05
4.3702e-04
1.9073e-06
2.2578e-04
2.8610e-06
1.8001e-04
2.8610e-06
2.1458e-06
3.8862e-05
0.0000e+00
3.3140e-05
1.3494e-04
3.6001e-05
5.8699e-04
3.0994e-06
1.2898e-04
2.1458e-06
0.0000e+00
4.0054e-05
1.9073e-06
3.5048e-05
1.8096e-04
3.6955e-05
3.0994e-04
3.0994e-06
9.5367e-07
3.7193e-05
2.1782e-03
3.0994e-06
4.6968e-05
2.1458e-06
9.5367e-07
4.6015e-05
6.7949e-05
3.6955e-05
7.4100e-04
2.1458e-06
4.1008e-05
3.0994e-06
1.3804e-04
5.6982e-05
4.6015e-05
1.9073e-06
2.8706e-04
1.9073e-06
2.6512e-04
3.0994e-06
1.9073e-06
3.7909e-05
9.6083e-05
2.1458e-06
2.6798e-04
1.9073e-06
1.1921e-06
3.6001e-05
1.0109e-04
2.8610e-06
9.5367e-07
3.6001e-05
0.0000e+00
3.2902e-05
5.3096e-04
1.9073e-06
8.9169e-05
1.9073e-06
1.2803e-04
1.9073e-06
1.1921e-06
3.9816e-05
1.1921e-06
3.2902e-05
9.5367e-07
3.3140e-05
6.3300e-04
2.1458e-06
2.5392e-04
2.1458e-06
1.5402e-04
1.9073e-06
1.4806e-04
3.0994e-06
9.5367e-07
4.0054e-05
9.8944e-05
9.6083e-05
3.6216e-04
2.1458e-06
9.5367e-07
3.6001e-05
6.1035e-05
3.6001e-05
2.5511e-04
1.9073e-06
5.4407e-04
1.9073e-06
3.0041e-05
3.0994e-06
3.0088e-04
2.8610e-06
5.1022e-05
3.0994e-06
9.5367e-07
3.8147e-05
3.7909e-05
1.9073e-06
9.5367e-07
1.8811e-04
3.1400e-04
1.9073e-06
1.9908e-04
3.0994e-06
2.7084e-04
1.9073e-06
1.1921e-06
3.7909e-05
1.6594e-04
3.6001e-05
9.5367e-07
3.3140e-05
4.2701e-04
3.5048e-05
1.6999e-04
1.9073e-06
9.5367e-07
4.3154e-05
3.0708e-04
1.9073e-06
9.6798e-05
1.9073e-06
1.9073e-06
3.6001e-05
1.1706e-04
3.5048e-05
2.1458e-06
3.3855e-05
3.4094e-05
2.1458e-06
2.8086e-04
1.9073e-06
1.5974e-05
1.9073e-06
1.1921e-06
3.5048e-05
9.5367e-07
3.2902e-05
9.5367e-07
3.2187e-05
3.3402e-04
2.1458e-06
8.2970e-05
2.1458e-06
0.0000e+00
3.6955e-05
0.0000e+00
3.2902e-05
2.6798e-04
3.0994e-06
5.7936e-05
2.1458e-06
0.0000e+00
3.6001e-05
9.5367e-07
3.3140e-05
8.0824e-05
3.6001e-05
3.1948e-05
2.1458e-06
9.5367e-07
8.5115e-05
5.1785e-04
2.8610e-06
0.0000e+00
3.4809e-05
9.5367e-07
3.1948e-05
0.0000e+00
3.2902e-05
0.0000e+00
3.2902e-05
2.1696e-04
3.0994e-06
0.0000e+00
3.4094e-05
6.4850e-05
3.6001e-05
3.0994e-06
3.5048e-05
2.5988e-05
1.9073e-06
2.1458e-06
5.9080e-04
1.0660e-02
2.8610e-06
3.0994e-06
4.5061e-05
1.8907e-04
3.0994e-06
9.5367e-07
3.6001e-05
9.5367e-07
3.4094e-05
1.5390e-03
2.1458e-06
9.5892e-04
2.8610e-06
2.8610e-06
4.1962e-05
0.0000e+00
3.4094e-05
1.6999e-04
3.6955e-05
2.9206e-04
3.7909e-05
4.2796e-04
3.0994e-06
2.7895e-05
2.1458e-06
9.5367e-07
3.6001e-05
1.1706e-04
3.6001e-05
3.8600e-04
1.9073e-06
9.5367e-07
8.8930e-05
2.5296e-04
2.1458e-06
4.1008e-05
3.0994e-06
0.0000e+00
3.6001e-05
9.5367e-07
3.3855e-05
5.9819e-04
2.1458e-06
2.7895e-05
3.0994e-06
1.0896e-04
3.0994e-06
9.5367e-07
2.2006e-04
5.5504e-04
3.0994e-06
7.2408e-04
1.9073e-06
4.4107e-05
1.9073e-06
4.7922e-05
2.8610e-06
9.2030e-05
2.8610e-06
4.2510e-04
3.0994e-06
3.2401e-04
3.0994e-06
4.7922e-05
1.9073e-06
4.1008e-05
3.0994e-06
0.0000e+00
4.3154e-05
2.5082e-04
2.1458e-06
1.9073e-06
4.0054e-05
2.9397e-04
1.9073e-06
9.5367e-07
3.6955e-05
5.1975e-05
1.1611e-04
3.2687e-04
3.9816e-05
3.0017e-04
1.9073e-06
0.0000e+00
3.6955e-05
1.6499e-04
3.6001e-05
6.7949e-05
2.8610e-06
1.1921e-06
3.4809e-05
6.1989e-04
2.1458e-06
9.5367e-07
3.6955e-05
1.4806e-04
2.1458e-06
2.0289e-04
2.8610e-06
4.1008e-05
3.0994e-06
9.5367e-07
3.9101e-05
8.3923e-05
3.0994e-06
5.7936e-05
1.9073e-06
9.5367e-07
3.6955e-05
9.4175e-05
2.1458e-06
9.5367e-07
3.5048e-05
9.2983e-05
2.1458e-06
9.5367e-07
3.6955e-05
2.6417e-04
3.6955e-05
4.9360e-03
1.9073e-06
3.5906e-04
1.9073e-06
2.6941e-05
2.8610e-06
9.5367e-07
4.1008e-05
2.6703e-04
1.9073e-06
9.5367e-07
3.4809e-05
1.1921e-06
3.2902e-05
3.2592e-04
1.9073e-06
1.1921e-06
3.5048e-05
1.8597e-04
3.6001e-05
4.0722e-04
1.9073e-06
1.5171e-03
1.9073e-06
1.3304e-04
2.1458e-06
2.1458e-06
4.2915e-05
5.3501e-04
3.0994e-06
3.0041e-05
2.1458e-06
5.6789e-03
3.0994e-06
5.9605e-06
6.1035e-05
1.6308e-04
3.7909e-05
5.5003e-04
3.0994e-06
3.1948e-05
1.9073e-06
0.0000e+00
3.7193e-05
7.2002e-05
3.6955e-05
6.1393e-04
1.9073e-06
9.5367e-07
3.9101e-05
6.3896e-05
3.6001e-05
2.6202e-04
3.7193e-05
9.5367e-07
3.4094e-05
1.9600e-03
5.4121e-05
5.0068e-06
3.3855e-05
2.1458e-06
3.6955e-05
9.5367e-07
3.4094e-05
0.0000e+00
3.2902e-05
1.0560e-03
1.9073e-06
1.2088e-04
1.9073e-06
9.5367e-07
3.8862e-05
3.8314e-04
2.1458e-06
9.5367e-07
3.7193e-05
1.1921e-06
3.2902e-05
3.7289e-04
2.8610e-06
2.1505e-04
3.0994e-06
1.4496e-04
1.9073e-06
1.5092e-04
2.8610e-06
9.5367e-07
7.1192e-04
1.2517e-04
3.9101e-05
4.0102e-04
2.1458e-06
1.9073e-06
3.7909e-05
3.4618e-04
1.9073e-06
1.1921e-06
3.7909e-05
1.6403e-04
3.6001e-05
1.5998e-04
3.0994e-06
1.1706e-04
2.1458e-06
2.5034e-05
2.1458e-06
1.9073e-06
3.7909e-05
4.9829e-05
4.8876e-05
1.9073e-06
3.2902e-05
1.4210e-04
2.8610e-06
6.9141e-05
2.1458e-06
7.8917e-05
1.9073e-06
9.5367e-07
3.6001e-05
6.1989e-05
2.8610e-06
2.1458e-06
6.2943e-05
2.0003e-04
2.1458e-06
9.5367e-07
3.5048e-05
8.2970e-05
2.1458e-06
9.5367e-07
3.5048e-05
1.5998e-04
3.0994e-06
7.7009e-05
1.9073e-06
0.0000e+00
3.6001e-05
9.5367e-07
3.2902e-05
1.4615e-04
3.0994e-06
2.1458e-06
3.6001e-05
1.6594e-04
1.9073e-06
9.7990e-05
2.1458e-06
9.5367e-07
3.6001e-05
4.1008e-05
2.1458e-06
0.0000e+00
3.4094e-05
2.3818e-04
2.8610e-06
1.0014e-04
2.1458e-06
3.6001e-05
2.1458e-06
3.6001e-05
2.1458e-06
9.5367e-07
3.5048e-05
4.5061e-05
1.9073e-06
4.4823e-05
2.8610e-06
3.5048e-05
1.9073e-06
9.5367e-07
3.7909e-05
1.9073e-06
3.2902e-05
3.2592e-04
2.8610e-06
1.9073e-06
3.6955e-05
1.9193e-04
3.6001e-05
9.5367e-07
3.3140e-05
2.4486e-04
1.9073e-06
9.5367e-07
6.4135e-05
1.9598e-04
1.9073e-06
1.0395e-04
1.9073e-06
9.5367e-07
4.5776e-05
3.9816e-05
2.8610e-06
8.1062e-05
1.9073e-06
9.5367e-07
5.4836e-05
2.1458e-06
3.4094e-05
9.5367e-07
3.2902e-05
1.7905e-04
1.9073e-06
9.5367e-07
3.4809e-05
1.7166e-05
3.6001e-05
5.8174e-05
3.6001e-05
2.1100e-04
1.9073e-06
1.3900e-04
3.0994e-06
0.0000e+00
4.6968e-05
2.1458e-06
3.2902e-05
3.2997e-04
3.6001e-05
9.5367e-07
4.5061e-05
6.4898e-04
2.1458e-06
1.0800e-04
1.9073e-06
9.4175e-05
1.9073e-06
7.0810e-05
1.9073e-06
2.0027e-05
1.9073e-06
9.5367e-07
3.7193e-05
1.3995e-04
3.0994e-06
2.1935e-05
3.0994e-06
0.0000e+00
3.6001e-05
1.2398e-04
4.6968e-05
7.4863e-05
3.7909e-05
4.2915e-05
1.9073e-06
0.0000e+00
6.0081e-05
1.4305e-04
2.1458e-06
0.0000e+00
4.6968e-05
6.5088e-05
2.1458e-06
9.5367e-07
3.5048e-05
6.7949e-05
4.4823e-05
3.1948e-05
4.2915e-05
3.2902e-05
3.5048e-05
2.1458e-06
4.5061e-05
7.2956e-05
3.6001e-05
6.1989e-05
2.8610e-06
9.5367e-07
3.4809e-05
1.6212e-04
1.0014e-05
9.5367e-07
3.5048e-05
1.2898e-04
2.1458e-06
1.5807e-04
1.9073e-06
9.5367e-07
3.6001e-05
1.1396e-04
3.0994e-06
3.6955e-05
2.1458e-06
0.0000e+00
5.6028e-05
1.9073e-06
3.5048e-05
9.5367e-07
3.2902e-05
9.5367e-07
3.2187e-05
1.8501e-04
1.9073e-06
9.5367e-07
3.4094e-05
1.4591e-04
3.0994e-06
9.5367e-07
3.6001e-05
0.0000e+00
3.3140e-05
2.2197e-04
2.1458e-06
3.9816e-05
1.9073e-06
9.2030e-05
1.9073e-06
9.5367e-07
3.6001e-05
4.1962e-05
2.1458e-06
6.1035e-05
1.9073e-06
1.1921e-06
3.6001e-05
3.2902e-05
3.5048e-05
2.6050e-03
2.8610e-06
4.0531e-06
4.9114e-05
6.6042e-05
2.8610e-06
1.1921e-06
9.7990e-05
1.5187e-04
3.6955e-05
1.5390e-03
2.1458e-06
1.9073e-06
4.3154e-05
1.9073e-06
3.7193e-05
6.7616e-04
2.1458e-06
9.5367e-07
3.8147e-05
1.6117e-04
3.0994e-06
2.8110e-04
3.0994e-06
9.5367e-07
3.7193e-05
1.5998e-04
2.8610e-06
1.7905e-04
3.0994e-06
1.1921e-06
3.6001e-05
0.0000e+00
3.2902e-05
4.0102e-04
1.9073e-06
1.7500e-04
1.9073e-06
2.1458e-06
3.6001e-05
9.5844e-05
3.0994e-06
9.5367e-07
3.6001e-05
1.8811e-04
1.7214e-04
2.8610e-06
6.3181e-05
4.3893e-04
2.1458e-06
9.5367e-07
3.6001e-05
1.0204e-04
1.9073e-06
1.8620e-04
3.0994e-06
9.5367e-07
3.6001e-05
2.2793e-04
3.6001e-05
1.5688e-04
3.6001e-05
1.3185e-04
3.5048e-05
6.4802e-04
8.1778e-05
9.4891e-05
3.0994e-06
9.5367e-07
3.6001e-05
3.2997e-04
2.8610e-06
9.5367e-07
3.6001e-05
3.2306e-04
3.6955e-05
8.7976e-05
3.0994e-06
9.5367e-07
3.4094e-05
3.4809e-04
4.1962e-05
7.0095e-05
7.4148e-05
1.4901e-04
3.7193e-05
3.3092e-04
2.1458e-06
9.5367e-07
3.5048e-05
0.0000e+00
3.3140e-05
4.5586e-04
3.0994e-06
9.3937e-05
1.9073e-06
0.0000e+00
3.6955e-05
1.9097e-04
3.6955e-05
2.1458e-06
3.3855e-05
5.9581e-04
2.8610e-06
1.1921e-06
3.9816e-05
1.1921e-06
3.2902e-05
1.1897e-04
3.0994e-06
9.5367e-07
3.6001e-05
3.4809e-04
2.1458e-06
9.5367e-07
3.6001e-05
3.6449e-03
3.0994e-06
9.5367e-07
4.1962e-05
9.5367e-07
8.5115e-05
2.8086e-04
3.6955e-05
9.3937e-05
1.9073e-06
0.0000e+00
3.6001e-05
3.3402e-04
2.8610e-06
9.5367e-07
3.6001e-05
1.4400e-04
3.6955e-05
2.2411e-04
3.9101e-05
1.3399e-04
3.7193e-05
6.7806e-04
2.1458e-06
1.1368e-03
2.1458e-06
3.0994e-06
4.1008e-05
5.6410e-04
3.0994e-06
1.9073e-06
3.8147e-05
1.0300e-04
3.6001e-05
1.1802e-04
3.5048e-05
2.5606e-04
1.9073e-06
1.0395e-04
2.8610e-06
0.0000e+00
3.7193e-05
2.4295e-04
7.2956e-05
3.3188e-04
3.6955e-05
3.1209e-04
1.9073e-06
4.1962e-05
3.0994e-06
2.4199e-04
2.1458e-06
2.6941e-05
2.1458e-06
9.5367e-07
3.9101e-05
2.5487e-04
2.1458e-06
1.9598e-04
2.1458e-06
2.3699e-04
1.9073e-06
2.8133e-05
2.1458e-06
3.7384e-04
2.8610e-06
0.0000e+00
7.7963e-05
9.5367e-07
3.5048e-05
0.0000e+00
3.3140e-05
2.3603e-04
2.1458e-06
1.5187e-04
1.9073e-06
3.4308e-04
2.1458e-06
9.5367e-07
3.6955e-05
2.0909e-04
3.8147e-05
5.3382e-04
2.8610e-06
4.0770e-05
1.9073e-06
1.1110e-04
2.1458e-06
1.1706e-04
1.9073e-06
2.1458e-06
3.7909e-05
1.9407e-04
1.9073e-06
4.3011e-04
1.9073e-06
2.0409e-04
2.1458e-06
9.5367e-07
3.8862e-05
0.0000e+00
3.1948e-05
6.7806e-04
2.1458e-06
9.5367e-07
3.8147e-05
9.4891e-05
1.9073e-06
9.5367e-07
3.6001e-05
9.5367e-07
3.6001e-05
3.3879e-04
2.8610e-06
2.8896e-04
1.9073e-06
0.0000e+00
3.6955e-05
0.0000e+00
3.3140e-05
2.4660e-03
3.0994e-06
1.2994e-04
1.9073e-06
1.8191e-04
2.8610e-06
9.5367e-07
4.1008e-05
6.1488e-04
2.8610e-06
2.3007e-04
2.8610e-06
2.1458e-06
6.8903e-05
1.0109e-04
3.6955e-05
6.6996e-05
2.8610e-06
9.5367e-07
3.5048e-05
3.1114e-04
4.0054e-05
6.6042e-05
3.7193e-05
1.8787e-04
3.6001e-05
7.2408e-04
4.1962e-05
3.7599e-04
1.9073e-06
1.9073e-06
3.8147e-05
2.7180e-04
3.5048e-05
3.3212e-04
2.8610e-06
0.0000e+00
3.7909e-05
6.2943e-05
3.6001e-05
6.4850e-05
3.6001e-05
1.9031e-03
1.9073e-06
1.6308e-04
2.1458e-06
2.3293e-04
1.9073e-06
2.5988e-05
1.9073e-06
9.5367e-07
6.5804e-05
2.7800e-04
2.8610e-06
2.2197e-04
1.9073e-06
1.1921e-06
3.6001e-05
9.5367e-07
3.2902e-05
1.3614e-04
1.9073e-06
0.0000e+00
3.5048e-05
4.5586e-04
2.8610e-06
1.8907e-04
1.9073e-06
9.5367e-07
3.7909e-05
4.6968e-05
1.9073e-06
9.5367e-07
3.5048e-05
3.7313e-04
1.9073e-06
1.1921e-06
3.6955e-05
1.1396e-04
3.6001e-05
1.2112e-04
4.0054e-05
3.9291e-04
3.0994e-06
1.9073e-06
3.7909e-05
4.2701e-04
1.9073e-06
1.1921e-06
3.6955e-05
8.0149e-03
2.7895e-05
2.1458e-06
4.1962e-05
9.5367e-07
3.4094e-05
2.1291e-04
3.6001e-05
2.1410e-04
2.1458e-06
9.5367e-07
3.6001e-05
8.6069e-05
3.6001e-05
2.2507e-04
2.1458e-06
9.5367e-07
3.5048e-05
2.5988e-04
2.8610e-06
9.5367e-07
3.5048e-05
4.8709e-04
3.0994e-06
1.9073e-06
4.0054e-05
3.9411e-04
3.0994e-06
2.8491e-04
3.0994e-06
1.9073e-06
3.9101e-05
0.0000e+00
1.7309e-04
5.1188e-04
1.7405e-04
1.4141e-03
4.1008e-05
3.0994e-06
3.6955e-05
2.2101e-04
3.6955e-05
9.5367e-07
3.3140e-05
4.1795e-04
3.6955e-05
1.9073e-06
3.4094e-05
2.0695e-04
2.1458e-06
3.2401e-04
3.0994e-06
9.5367e-07
3.6955e-05
1.9217e-04
1.9073e-06
2.1696e-04
2.8610e-06
3.0041e-05
1.9073e-06
2.6083e-04
2.8610e-06
9.5367e-07
3.6001e-05
2.0409e-04
3.6001e-05
3.0398e-04
2.8610e-06
8.1062e-05
3.0994e-06
9.5367e-07
3.6001e-05
4.5490e-04
3.0994e-06
8.0824e-05
1.9073e-06
0.0000e+00
3.6001e-05
1.1921e-06
6.1989e-05
9.5367e-07
3.4094e-05
4.0793e-04
3.6955e-05
1.1921e-06
3.2902e-05
6.6996e-05
1.9073e-06
9.5367e-07
3.4094e-05
3.8571e-03
2.8610e-06
3.9101e-04
3.0994e-06
9.5367e-07
6.2943e-05
1.0896e-04
9.6083e-05
9.3699e-04
4.2915e-05
6.9499e-04
2.8610e-06
4.5300e-04
2.1458e-06
1.7500e-04
3.0994e-06
7.6056e-05
2.1458e-06
9.5367e-07
4.1008e-05
1.9073e-06
3.8147e-05
2.0099e-04
2.1458e-06
9.5367e-07
3.6955e-05
1.1921e-06
4.7922e-05
1.5903e-04
2.1458e-06
9.5367e-07
5.4121e-05
5.0068e-05
1.9073e-06
9.5367e-07
3.4809e-05
2.3222e-04
1.9073e-06
9.5367e-07
4.7922e-05
2.1458e-06
5.3883e-05
1.8311e-04
2.8610e-06
7.9870e-05
1.9073e-06
1.5402e-04
2.8610e-06
5.1975e-05
1.9073e-06
9.5367e-07
5.5075e-05
1.8382e-04
2.8610e-06
6.1989e-05
1.9073e-06
0.0000e+00
5.5075e-05
1.6093e-04
2.8610e-06
9.5367e-07
7.8201e-05
1.9073e-06
3.4094e-05
1.8501e-04
3.0994e-06
1.0800e-04
2.1458e-06
9.5367e-07
3.6955e-05
1.1396e-04
2.8610e-06
1.9073e-06
3.6001e-05
1.2302e-04
3.0994e-06
9.5367e-07
4.9829e-05
8.3208e-05
2.8610e-06
3.1018e-04
2.1458e-06
8.8930e-05
1.9073e-06
5.6791e-04
1.9073e-06
3.2496e-04
1.9073e-06
1.1921e-06
3.8862e-05
1.2259e-03
3.0994e-06
3.0994e-06
7.3910e-05
1.1182e-04
2.8610e-06
1.3995e-04
1.9073e-06
1.1921e-06
4.9829e-05
1.0705e-04
1.9073e-06
2.1458e-06
3.6001e-05
8.7023e-05
3.0994e-06
1.9073e-06
5.2929e-05
2.2411e-04
3.6955e-05
3.4094e-05
2.1458e-06
1.8096e-04
1.9073e-06
1.4210e-04
1.9073e-06
7.5817e-05
2.4080e-05
3.0994e-05
3.0994e-06
9.5367e-07
3.7909e-05
1.1015e-04
2.1458e-06
9.5367e-07
3.6001e-05
1.0490e-04
3.9101e-05
3.3092e-04
2.8610e-06
1.0914e+00
