1.5302e-02
1.1938e-02
1.5974e-05
8.6498e-04
6.5088e-05
1.1530e-03
2.8610e-06
3.0994e-06
4.2915e-05
1.1921e-06
3.3855e-05
1.1411e-03
4.1008e-05
2.8610e-06
3.4094e-05
2.1458e-06
4.2915e-05
4.6110e-04
1.2112e-04
4.9591e-04
3.6955e-05
1.6220e-03
4.1008e-05
2.1458e-06
3.4094e-05
9.5367e-07
3.4094e-05
9.5367e-07
3.4094e-05
9.5367e-07
3.3855e-05
4.7898e-04
2.8610e-06
9.4700e-04
1.9073e-06
2.1458e-06
3.8862e-05
1.1921e-06
3.3855e-05
9.5367e-07
3.3855e-05
9.5367e-07
3.2902e-05
9.5367e-07
3.3140e-05
2.8801e-04
3.6955e-05
1.9073e-06
3.4094e-05
3.5596e-04
3.0994e-06
9.5367e-07
8.2970e-05
2.1458e-06
3.3855e-05
2.4140e-03
4.1962e-05
3.0994e-06
3.3140e-05
9.5367e-07
3.3855e-05
1.1921e-06
3.3855e-05
1.1921e-06
3.3855e-05
4.0793e-04
3.6001e-05
9.0504e-04
3.9101e-05
1.9073e-06
3.3855e-05
1.1921e-06
3.4809e-05
1.1921e-06
3.2902e-05
1.1921e-06
3.3855e-05
9.5367e-07
3.5048e-05
1.1921e-06
3.3855e-05
1.1921e-06
1.3185e-04
2.7158e-03
4.6999e-03
2.1279e-03
4.3869e-05
2.7268e-03
4.1962e-05
3.0398e-04
1.9073e-06
3.6907e-04
1.9073e-06
1.9073e-06
3.7909e-05
2.4750e-03
4.3869e-05
2.8610e-06
3.4094e-05
9.5367e-07
9.6083e-05
1.9073e-06
3.5048e-05
9.5367e-07
3.2902e-05
9.5367e-07
3.4094e-05
9.5367e-07
3.4094e-05
1.8542e-02
4.4823e-05
3.0994e-06
3.2902e-05
1.1542e-02
2.8610e-06
1.0014e-05
4.0889e-04
1.1807e-02
3.0994e-06
2.8610e-06
9.5844e-05
1.3230e-03
3.8862e-05
2.4509e-04
3.0994e-06
3.8505e-04
2.1458e-06
1.7595e-04
1.9073e-06
2.1458e-06
3.6955e-05
1.0369e-02
5.3167e-05
1.0050e-02
3.0994e-06
7.1526e-06
1.2398e-04
1.1116e-02
5.2929e-05
8.7759e-03
5.6982e-05
7.2408e-04
4.1008e-05
4.8518e-04
1.9073e-06
9.5367e-07
3.9101e-05
1.3959e-03
4.0054e-05
2.8610e-06
3.5048e-05
9.5367e-07
3.2902e-05
1.4410e-03
4.2915e-05
2.2659e-03
4.4107e-05
2.8610e-06
3.5048e-05
1.1921e-06
3.3855e-05
0.0000e+00
3.4094e-05
9.5367e-07
3.3140e-05
9.5367e-07
3.4094e-05
3.4010e-03
3.0994e-06
5.0068e-06
4.1962e-05
9.5367e-07
3.3855e-05
1.1921e-06
3.2902e-05
1.3859e-03
4.0054e-05
3.0994e-06
3.3855e-05
1.1921e-06
3.3855e-05
9.9871e-03
4.3869e-05
3.0994e-06
8.4877e-05
1.9073e-06
3.4094e-05
9.5367e-07
3.2902e-05
9.5367e-07
3.1948e-05
0.0000e+00
3.4094e-05
9.5367e-07
3.2902e-05
4.8060e-03
9.1076e-05
6.4898e-04
3.0994e-06
2.1458e-06
8.4877e-05
5.6505e-04
3.7909e-05
2.3413e-04
3.6001e-05
1.2860e-03
4.1962e-05
3.0994e-06
3.4809e-05
9.0504e-04
4.1008e-05
5.7483e-04
3.9101e-05
4.7219e-03
4.2915e-05
2.1458e-06
8.6069e-05
4.8180e-03
2.8610e-06
5.0068e-06
4.3154e-05
2.0039e-03
3.0994e-06
5.0068e-06
4.0054e-05
9.5367e-07
3.5048e-05
2.3103e-04
3.0994e-06
2.1458e-06
3.6001e-05
9.5367e-07
3.4094e-05
9.5367e-07
9.1076e-05
2.1458e-06
3.3855e-05
9.5367e-07
3.2902e-05
9.5367e-07
3.4094e-05
9.5367e-07
3.3140e-05
1.9073e-06
3.4094e-05
9.5367e-07
3.4094e-05
9.5367e-07
3.2902e-05
3.0880e-03
4.6015e-05
9.9208e-03
3.0994e-06
4.0531e-06
4.3869e-05
1.1921e-06
3.5048e-05
1.3518e-03
3.0994e-06
2.0385e-02
2.1458e-06
5.0068e-06
4.1962e-05
1.1921e-06
3.5048e-05
9.5367e-07
3.3855e-05
2.1458e-06
3.6001e-05
9.5367e-07
5.6982e-05
1.1921e-06
3.3855e-05
9.5367e-07
3.3855e-05
9.5367e-07
3.3855e-05
2.1458e-06
3.2902e-05
1.1141e-03
2.8610e-06
8.7881e-04
2.8610e-06
6.7687e-04
2.8610e-06
7.4983e-04
3.0994e-06
4.0531e-06
4.2915e-05
9.5367e-07
3.3140e-05
9.5367e-07
3.4094e-05
9.5367e-07
3.4094e-05
3.2830e-03
3.0994e-06
1.9073e-06
4.1008e-05
9.5367e-07
3.2902e-05
9.5367e-07
3.4094e-05
1.9073e-06
3.6001e-05
9.5367e-07
3.4094e-05
9.5367e-07
3.2902e-05
1.1921e-06
3.7909e-05
1.4369e-03
4.0054e-05
5.5289e-04
3.6955e-05
1.9073e-06
3.3140e-05
6.6304e-04
8.6069e-05
2.8610e-06
3.4094e-05
9.5367e-07
3.3140e-05
1.9073e-06
3.3140e-05
7.2598e-04
3.9101e-05
1.9073e-06
3.4094e-05
9.5367e-07
3.4094e-05
9.0909e-04
3.7193e-05
1.9073e-06
3.5048e-05
9.5367e-07
3.3855e-05
3.6812e-04
3.0994e-06
1.9073e-06
3.6001e-05
9.5367e-07
3.3855e-05
8.6904e-04
2.1458e-06
9.5367e-07
3.6955e-05
8.2421e-04
3.9101e-05
8.0895e-04
8.3208e-05
5.0902e-04
1.9073e-06
1.9073e-06
3.6001e-05
9.5367e-07
3.3140e-05
3.1900e-04
3.6955e-05
2.1458e-06
3.3855e-05
9.5367e-07
3.3855e-05
9.5367e-07
3.2902e-05
9.5367e-07
8.2016e-05
2.1458e-06
3.3855e-05
1.1811e-03
3.6955e-05
3.6812e-04
3.0994e-06
2.1458e-06
3.8862e-05
1.1921e-06
3.3855e-05
3.6216e-04
2.1458e-06
1.9073e-06
3.6001e-05
5.1522e-04
3.6955e-05
1.9073e-06
3.6001e-05
3.2306e-04
3.6955e-05
1.9073e-06
3.2902e-05
9.5367e-07
3.3140e-05
5.7387e-04
3.6955e-05
4.9305e-04
3.0994e-06
9.5367e-07
3.6001e-05
9.5367e-07
3.4094e-05
9.5367e-07
8.2016e-05
2.1458e-06
3.3855e-05
1.1921e-06
3.3855e-05
4.1199e-04
2.8610e-06
9.5367e-07
3.6001e-05
1.2112e-03
4.2200e-05
7.5293e-04
3.0994e-06
1.3900e-04
1.9073e-06
3.0613e-04
2.1458e-06
9.5367e-07
3.8147e-05
1.2441e-03
4.0054e-05
2.1458e-06
3.3855e-05
9.3412e-04
2.1458e-06
1.9073e-06
3.8147e-05
9.5367e-07
3.4094e-05
9.5367e-07
3.2902e-05
1.1921e-06
3.3855e-05
9.5367e-07
3.2902e-05
9.5797e-04
1.9073e-06
1.1921e-06
3.6001e-05
9.5367e-07
3.4094e-05
9.5367e-07
3.2902e-05
1.8420e-03
2.8610e-06
2.1458e-06
3.7909e-05
9.5367e-07
3.4094e-05
9.5367e-07
3.3140e-05
2.3293e-04
2.1458e-06
1.2898e-04
1.9073e-06
2.1505e-04
2.1458e-06
1.9073e-06
3.6955e-05
9.5367e-07
3.4094e-05
3.6287e-04
3.7909e-05
1.9073e-06
3.4094e-05
1.6189e-04
1.9073e-06
2.1458e-06
3.6001e-05
2.8110e-04
2.8610e-06
1.1921e-06
8.1062e-05
1.9073e-06
3.6001e-05
2.1505e-04
3.6001e-05
4.6706e-04
3.6955e-05
4.7994e-04
2.1458e-06
1.9073e-06
3.6001e-05
1.1921e-06
3.2902e-05
9.0408e-04
3.9101e-05
1.9073e-06
8.4877e-05
2.1458e-06
3.5048e-05
9.5367e-07
3.2902e-05
1.9870e-03
4.1962e-05
3.0994e-06
3.4094e-05
9.4390e-04
2.1458e-06
1.9073e-06
3.9101e-05
9.5367e-07
3.9101e-05
9.5367e-07
3.4094e-05
2.8610e-06
3.6001e-05
4.9806e-04
3.6955e-05
1.9073e-06
3.5048e-05
2.8086e-04
1.9073e-06
9.5367e-07
3.6955e-05
9.5367e-07
3.4094e-05
5.5695e-04
3.6001e-05
1.9073e-06
3.4094e-05
3.4618e-04
3.7909e-05
6.9404e-04
2.8610e-06
8.7619e-04
2.1458e-06
1.9073e-06
3.6001e-05
2.3007e-04
1.0967e-05
1.1921e-06
3.6001e-05
9.5367e-07
3.4094e-05
9.0599e-06
3.5048e-05
5.4812e-04
3.6955e-05
1.9073e-06
4.0054e-05
6.4111e-04
3.0994e-06
1.9073e-06
4.1962e-05
2.1458e-06
3.3855e-05
1.1921e-06
3.3855e-05
2.0599e-04
3.6001e-05
1.0090e-03
3.8862e-05
2.1458e-06
3.3855e-05
1.9073e-06
3.4809e-05
5.6911e-04
2.1458e-06
6.1393e-04
1.9073e-06
1.9073e-06
3.7193e-05
9.5367e-07
3.2902e-05
7.1120e-04
5.0068e-05
2.8110e-04
2.8610e-06
1.5712e-04
3.0994e-06
9.4700e-04
2.1458e-06
9.5367e-07
3.6955e-05
2.4104e-04
3.0994e-06
1.9073e-06
3.6001e-05
9.5367e-07
5.3883e-05
1.8907e-04
3.6955e-05
1.4591e-04
3.6001e-05
9.8085e-04
1.9073e-06
2.3603e-04
2.1458e-06
1.9073e-06
3.7909e-05
9.5367e-07
3.8862e-05
1.1921e-06
8.4877e-05
1.5750e-03
3.0994e-06
3.8147e-06
4.2200e-05
9.5367e-07
3.8862e-05
4.1890e-04
4.2915e-05
1.9073e-06
3.3855e-05
9.5367e-07
3.4094e-05
9.5367e-07
3.3140e-05
5.7483e-04
9.7990e-05
8.3113e-04
1.9073e-06
9.5367e-07
3.6001e-05
1.1621e-03
2.1458e-06
1.9073e-06
3.8147e-05
9.5367e-07
3.3140e-05
7.8583e-04
1.9073e-06
3.4499e-04
2.8610e-06
2.0504e-04
3.8862e-05
7.8201e-04
3.8862e-05
1.9073e-06
3.6001e-05
9.5367e-07
3.3855e-05
6.2799e-04
3.6001e-05
9.5367e-07
3.2902e-05
9.5367e-07
3.3140e-05
9.5367e-07
3.4094e-05
8.0085e-04
3.7909e-05
3.5095e-04
9.4891e-05
3.7599e-04
3.6955e-05
2.1458e-06
3.4809e-05
9.5367e-07
3.3855e-05
9.5367e-07
3.3855e-05
7.3004e-04
1.9073e-06
2.1458e-06
3.6001e-05
5.7602e-04
3.8147e-05
5.7483e-04
3.6955e-05
7.3910e-04
3.8147e-05
6.2704e-04
3.7909e-05
1.7881e-03
4.0054e-05
2.1458e-06
3.5048e-05
1.1921e-06
3.3855e-05
1.7340e-03
2.8610e-06
1.1921e-06
3.7909e-05
2.1458e-06
3.4809e-05
2.8610e-06
3.6001e-05
1.1921e-06
3.3855e-05
9.5367e-07
3.4094e-05
5.0001e-03
3.0994e-06
3.0994e-06
4.2915e-05
9.5367e-07
3.5048e-05
9.5367e-07
3.4094e-05
9.5367e-07
3.4094e-05
1.9073e-06
3.6001e-05
2.5980e-03
4.7922e-05
3.0994e-06
3.5048e-05
9.5367e-07
3.5048e-05
9.5367e-07
3.2902e-05
1.1921e-06
3.2902e-05
1.9979e-03
2.8610e-06
3.0994e-06
3.7909e-05
2.1458e-06
9.2983e-05
1.9073e-06
3.3855e-05
9.5367e-07
3.3855e-05
1.2131e-03
3.0994e-06
9.5367e-07
3.8147e-05
3.9387e-04
1.9073e-06
2.1458e-06
3.6955e-05
9.5367e-07
3.4094e-05
9.5367e-07
3.4094e-05
3.0994e-06
3.6001e-05
1.9979e-03
2.8610e-06
2.1458e-06
4.1008e-05
6.0987e-04
2.8610e-06
1.4615e-04
3.0994e-06
3.1996e-04
2.1458e-06
4.8399e-04
4.1008e-05
2.6679e-04
3.7909e-05
6.5970e-03
3.0994e-06
1.0014e-05
5.1022e-05
1.1921e-06
9.6798e-05
3.0994e-06
3.4094e-05
9.5367e-07
3.2902e-05
3.0239e-03
4.2915e-05
3.0994e-06
4.1962e-05
2.1458e-06
3.4809e-05
1.1921e-06
3.2902e-05
6.5207e-04
3.7193e-05
1.9073e-06
3.6001e-05
1.1921e-06
3.3855e-05
3.6311e-04
2.1458e-06
1.3790e-03
4.2915e-05
2.8610e-06
3.6001e-05
5.7793e-04
3.6001e-05
1.9073e-06
3.5048e-05
9.5367e-07
3.4094e-05
2.1458e-06
3.6001e-05
9.5367e-07
3.4094e-05
9.5367e-07
3.5048e-05
9.5367e-07
3.4094e-05
7.6985e-04
3.8862e-05
1.1690e-03
4.0054e-05
3.4404e-04
3.7193e-05
1.9073e-06
8.2970e-05
6.2799e-04
3.9101e-05
9.5367e-07
3.4094e-05
1.0889e-03
3.8862e-05
1.3571e-03
3.8862e-05
8.0705e-04
3.7909e-05
1.9073e-06
3.4094e-05
3.3808e-04
2.1458e-06
1.3719e-03
2.1458e-06
1.9073e-06
9.7036e-05
2.1458e-06
3.5048e-05
1.4501e-03
3.8862e-05
1.9073e-06
3.5048e-05
9.5367e-07
3.3140e-05
5.9891e-04
2.1458e-06
1.9073e-06
3.8147e-05
6.7186e-04
1.9073e-06
6.4492e-04
2.1458e-06
9.5367e-07
8.7023e-05
2.1458e-06
3.3855e-05
1.1921e-06
3.2902e-05
1.1921e-06
3.3855e-05
9.5367e-07
3.3855e-05
8.8215e-04
4.0054e-05
4.2701e-04
3.8862e-05
4.5204e-04
3.8862e-05
2.8610e-06
3.6001e-05
2.9206e-04
3.6955e-05
9.5367e-07
3.4094e-05
1.3719e-03
2.8610e-06
2.8610e-06
3.9101e-05
9.5367e-07
2.0504e-04
6.2299e-04
4.0054e-05
4.0197e-04
3.6955e-05
3.2997e-04
3.7909e-05
1.9073e-06
3.3855e-05
4.8113e-04
3.6955e-05
8.3494e-04
3.6001e-05
3.8505e-04
3.0994e-06
9.5367e-07
3.6001e-05
1.1921e-06
3.3855e-05
1.1921e-06
3.3855e-05
3.6287e-04
1.9073e-06
9.5367e-07
3.6001e-05
1.0352e-03
3.9101e-05
1.9073e-06
3.4094e-05
7.8297e-04
3.8147e-05
9.5367e-07
3.3140e-05
1.6785e-04
1.9073e-06
7.2002e-05
3.0994e-06
5.8198e-04
3.0994e-06
2.1458e-06
3.6955e-05
3.1018e-04
2.1458e-06
1.9073e-06
3.6001e-05
9.5367e-07
3.2902e-05
9.5367e-07
3.2902e-05
1.9073e-06
3.2902e-05
9.5367e-07
3.3140e-05
7.0381e-04
1.9073e-06
9.8801e-04
2.8610e-06
1.1921e-06
3.8862e-05
2.1458e-06
3.6001e-05
7.6890e-04
4.1008e-05
6.4707e-04
1.9073e-06
1.4687e-04
1.9073e-06
2.1458e-06
3.6001e-05
2.1110e-03
4.1008e-05
3.0994e-06
3.3855e-05
9.5367e-07
3.2902e-05
9.5367e-07
8.7976e-05
1.9610e-03
2.8610e-06
1.2469e-03
3.0994e-06
2.1458e-06
4.1962e-05
9.5367e-07
3.4094e-05
9.5367e-07
3.4094e-05
9.5367e-07
3.3140e-05
1.4839e-03
4.0054e-05
3.0994e-06
3.3855e-05
1.9073e-06
3.5048e-05
1.1930e-03
2.1458e-06
9.5367e-07
4.1008e-05
1.2951e-03
4.1962e-05
3.0994e-06
5.6982e-05
1.9073e-06
3.5048e-05
6.3014e-04
3.7193e-05
3.0994e-06
3.5048e-05
9.5367e-07
8.4162e-05
3.1900e-04
1.9073e-06
9.5367e-07
3.6001e-05
1.9073e-06
3.3140e-05
5.4908e-04
3.8147e-05
6.8188e-04
1.9073e-06
9.5367e-07
3.6001e-05
2.1458e-06
3.5048e-05
1.1921e-06
3.3855e-05
1.9073e-06
3.6001e-05
9.5367e-07
3.2902e-05
0.0000e+00
3.4094e-05
1.3330e-03
1.9073e-06
9.5367e-07
3.6001e-05
9.5367e-07
3.3855e-05
6.4015e-04
2.8610e-06
9.5367e-07
3.6001e-05
1.9073e-06
8.1062e-05
2.8610e-06
3.3855e-05
9.5367e-07
3.2902e-05
9.5367e-07
1.1842e-03
1.7998e-03
4.0054e-05
1.7610e-03
3.0994e-06
1.9073e-06
3.8862e-05
9.5367e-07
3.5048e-05
9.5367e-07
8.6069e-05
1.9073e-06
3.3855e-05
1.3092e-03
3.0994e-06
1.9073e-06
3.7909e-05
1.1921e-06
3.2902e-05
9.5367e-07
3.2902e-05
9.5367e-07
3.4094e-05
1.4601e-03
4.1962e-05
2.9912e-03
3.0994e-06
3.0994e-06
4.1008e-05
9.5367e-07
3.4094e-05
9.5367e-07
3.4094e-05
9.5367e-07
3.4094e-05
9.5367e-07
3.3140e-05
9.5367e-07
3.2902e-05
1.3690e-03
4.1962e-05
3.0994e-06
8.4877e-05
3.9887e-04
3.8862e-05
6.2513e-04
3.7909e-05
3.0398e-04
3.6955e-05
5.2810e-04
3.7193e-05
9.5367e-07
3.4094e-05
1.2550e-03
3.0994e-06
1.9073e-06
3.7193e-05
1.1921e-06
3.3855e-05
1.9073e-06
3.6001e-05
1.1921e-06
3.2902e-05
9.5367e-07
3.4094e-05
2.1601e-04
3.6955e-05
1.9073e-06
3.4094e-05
1.2550e-03
3.7193e-05
1.9073e-06
3.4094e-05
9.5367e-07
8.2970e-05
1.9073e-06
3.4094e-05
0.0000e+00
3.3140e-05
4.8940e-03
1.9073e-06
4.0531e-06
4.3154e-05
2.1458e-06
3.5048e-05
2.2008e-03
2.8610e-06
2.8610e-06
4.4107e-05
1.9073e-06
3.5048e-05
4.3571e-03
3.0994e-06
6.9141e-06
4.3154e-05
9.5367e-07
3.4094e-05
2.8205e-04
4.0054e-05
2.4605e-04
3.8147e-05
9.5367e-07
3.5048e-05
3.2401e-04
3.9101e-05
2.1458e-06
3.5048e-05
3.7909e-04
2.8610e-06
8.9908e-04
2.1458e-06
2.8610e-06
3.9816e-05
5.1308e-04
2.8610e-06
2.1458e-06
3.6955e-05
9.5367e-07
3.8862e-05
9.5367e-07
3.2902e-05
9.3007e-04
1.9073e-06
9.5367e-07
3.6955e-05
5.6100e-04
8.3923e-05
1.5593e-04
3.7193e-05
3.1900e-04
3.6001e-05
1.5306e-04
3.7909e-05
2.6703e-04
3.6001e-05
4.1795e-04
3.6001e-05
6.1417e-04
2.1458e-06
9.5367e-07
3.6001e-05
9.5367e-07
3.2902e-05
1.9073e-06
3.4809e-05
5.3000e-04
3.6001e-05
3.9387e-04
1.9073e-06
4.4513e-04
3.0994e-06
9.5367e-07
3.6001e-05
1.1921e-06
3.3855e-05
1.1921e-06
3.3855e-05
9.5367e-07
3.3855e-05
8.1706e-04
2.1458e-06
2.1458e-06
3.6955e-05
1.1921e-06
3.3855e-05
3.4714e-04
3.6955e-05
4.1103e-04
3.6955e-05
1.9073e-06
3.4094e-05
4.0889e-04
3.6001e-05
4.2009e-04
1.8501e-04
2.1458e-06
8.8930e-05
7.1812e-04
2.8610e-06
3.0994e-06
3.9101e-05
6.7997e-04
3.8862e-05
1.6391e-03
2.1458e-06
3.0994e-06
3.9816e-05
9.5367e-07
3.3855e-05
4.5300e-04
3.5048e-05
4.9710e-04
3.7909e-05
2.8992e-04
3.9101e-05
8.4686e-04
3.7909e-05
2.1458e-06
3.3855e-05
5.6219e-04
3.8147e-05
2.1458e-06
3.3855e-05
9.5367e-07
3.2902e-05
1.1921e-06
3.3855e-05
9.5367e-07
8.0109e-05
1.5609e-03
1.9073e-06
2.1458e-06
3.6955e-05
9.5367e-07
3.4094e-05
9.5367e-07
3.4094e-05
9.5367e-07
3.4094e-05
4.2820e-04
1.9073e-06
9.5367e-07
3.7909e-05
1.0750e-03
1.9073e-06
9.5367e-07
8.2016e-05
2.1458e-06
3.5048e-05
9.5367e-07
3.3855e-05
5.7220e-04
1.9073e-06
1.8001e-04
2.8610e-06
1.5593e-04
1.9073e-06
1.3230e-03
2.1458e-06
6.5804e-04
1.9073e-06
1.9073e-06
4.0054e-05
9.5367e-07
3.5048e-05
1.8692e-04
1.9073e-06
1.9073e-06
8.6069e-05
1.9073e-06
3.3855e-05
9.5367e-07
3.2902e-05
3.9601e-04
2.1458e-06
1.9073e-06
3.6001e-05
1.1921e-06
3.2902e-05
1.1921e-06
3.3855e-05
1.0171e-03
2.1458e-06
1.9073e-06
3.9101e-05
1.9073e-06
3.6001e-05
9.5367e-07
3.2902e-05
5.4502e-04
3.6001e-05
1.9073e-06
3.4094e-05
7.2408e-04
3.7193e-05
9.5367e-07
3.4094e-05
9.5367e-07
3.4094e-05
1.2059e-03
3.0994e-06
2.1458e-06
3.7909e-05
1.1921e-06
3.2902e-05
9.5367e-07
3.2902e-05
9.5367e-07
3.4094e-05
9.5367e-07
3.3140e-05
5.0879e-04
2.8610e-06
9.5367e-07
3.6001e-05
1.1470e-03
3.6001e-05
1.2140e-03
5.4836e-05
1.9073e-06
3.7193e-05
1.1921e-06
3.3855e-05
1.1921e-06
3.4809e-05
1.1921e-06
3.2902e-05
1.4210e-04
2.1458e-06
1.9073e-06
3.6001e-05
3.2115e-04
3.8147e-05
1.0209e-03
3.8862e-05
1.9073e-06
3.6001e-05
1.1921e-06
3.2902e-05
2.4104e-04
3.6955e-05
3.5691e-04
3.7909e-05
2.8419e-04
3.6955e-05
2.1458e-06
3.3855e-05
0.0000e+00
3.3855e-05
4.1699e-04
8.2970e-05
3.3092e-04
2.8610e-06
3.8600e-04
1.9073e-06
2.5296e-04
3.6955e-05
1.9073e-06
3.4094e-05
0.0000e+00
3.4094e-05
1.0619e-03
3.0994e-06
1.9073e-06
3.6001e-05
4.9520e-04
3.0994e-06
1.9073e-06
3.6001e-05
4.1199e-04
3.6001e-05
9.5367e-07
3.2902e-05
8.9884e-05
3.6955e-05
1.9073e-06
3.4094e-05
5.0592e-04
2.8610e-06
2.1458e-06
3.6001e-05
9.5367e-07
3.3140e-05
9.5367e-07
3.4094e-05
1.3869e-03
4.0054e-05
1.9073e-06
3.3855e-05
9.5367e-07
3.4094e-05
3.5405e-04
3.8147e-05
7.4697e-04
3.6955e-05
4.3583e-04
3.7909e-05
7.1311e-04
3.0994e-06
1.9073e-06
4.3154e-05
3.0994e-06
3.6955e-05
1.0421e-03
3.8862e-05
2.1458e-06
3.3855e-05
5.0902e-04
1.9073e-06
8.9169e-05
1.9073e-06
1.1921e-06
3.6001e-05
9.5367e-07
3.4094e-05
2.7394e-04
3.6001e-05
8.1801e-04
9.7990e-05
3.0994e-06
3.6001e-05
6.2990e-04
1.9073e-06
1.3909e-03
2.1458e-06
3.0994e-06
4.5061e-05
9.5367e-07
3.4094e-05
9.5367e-07
3.4094e-05
9.5367e-07
3.5048e-05
2.7659e-03
2.8610e-06
4.0531e-06
4.1962e-05
1.9073e-06
3.6955e-05
9.5367e-07
3.4094e-05
1.9073e-06
3.2902e-05
9.5367e-07
3.3855e-05
3.4502e-03
4.4107e-05
3.0994e-06
3.3855e-05
2.9089e-03
2.1458e-06
3.2401e-04
2.1458e-06
9.5367e-07
9.2030e-05
2.1458e-06
3.5048e-05
9.5367e-07
3.5048e-05
6.1107e-04
3.8147e-05
3.9721e-04
3.9101e-05
4.0483e-04
3.7909e-05
2.1458e-06
3.4809e-05
8.6713e-04
3.9101e-05
5.1403e-04
3.0994e-06
2.8610e-06
3.6955e-05
9.5367e-07
3.3855e-05
1.2941e-03
4.1962e-05
1.2610e-03
3.0994e-06
1.6069e-03
2.8610e-06
3.0994e-06
4.1962e-05
9.5367e-07
3.3855e-05
9.5367e-07
3.3855e-05
9.5367e-07
8.7976e-05
2.1458e-06
3.4094e-05
9.5367e-07
4.3869e-05
1.9073e-06
3.5048e-05
1.1559e-03
3.8862e-05
6.4802e-04
3.6955e-05
4.3106e-04
3.8147e-05
1.9073e-06
3.3140e-05
2.1458e-06
3.6955e-05
2.1458e-06
3.2902e-05
9.5367e-07
3.2902e-05
7.1311e-04
3.6955e-05
2.1458e-06
3.3855e-05
5.8699e-04
2.8610e-06
1.9073e-06
3.6955e-05
9.5367e-07
3.4094e-05
4.5085e-04
3.0994e-06
3.8099e-04
3.8147e-05
1.9073e-06
3.4094e-05
5.5099e-04
3.7193e-05
1.9073e-06
3.4094e-05
9.5367e-07
3.4094e-05
9.5367e-07
3.3855e-05
6.3300e-04
3.6955e-05
3.0112e-04
3.7909e-05
4.7112e-04
3.0994e-06
1.9073e-06
3.6955e-05
9.5367e-07
3.4094e-05
9.5367e-07
3.4094e-05
1.0469e-03
1.9073e-06
1.0109e-04
3.0994e-06
1.9073e-06
3.6001e-05
9.5367e-07
3.4094e-05
9.5367e-07
8.1062e-05
3.3998e-04
3.6955e-05
9.5367e-07
3.3855e-05
6.5899e-04
2.8610e-06
2.1458e-06
3.6955e-05
3.6907e-04
2.1458e-06
1.7719e-03
3.6955e-05
1.7190e-04
3.7909e-05
1.9073e-06
3.5048e-05
2.1458e-06
4.3869e-05
2.1458e-06
3.4094e-05
7.2002e-04
3.6001e-05
2.4104e-04
3.7193e-05
2.1458e-06
3.2902e-05
9.5367e-07
3.2902e-05
3.8218e-04
2.1458e-06
1.9073e-06
3.5048e-05
4.6992e-04
3.6955e-05
1.9073e-06
3.4094e-05
9.5367e-07
3.4094e-05
9.6583e-04
2.8610e-06
9.5367e-07
3.6001e-05
9.5367e-07
3.3855e-05
1.1921e-06
3.3855e-05
9.5367e-07
3.4094e-05
2.1458e-06
3.6001e-05
9.3889e-04
3.7909e-05
4.7708e-04
3.6955e-05
3.0518e-04
2.1458e-06
1.9073e-06
3.6001e-05
1.7500e-04
1.9073e-06
2.1458e-06
3.6001e-05
9.5367e-07
3.3140e-05
9.5367e-07
7.8917e-05
1.0421e-03
4.2915e-05
4.1211e-03
3.0994e-06
2.1458e-06
4.1962e-05
9.5367e-07
3.4809e-05
1.6499e-04
3.6001e-05
2.3603e-04
3.0994e-06
1.9073e-06
3.6001e-05
5.2810e-04
4.0054e-05
9.5367e-07
8.6069e-05
8.7905e-04
3.0994e-06
2.1458e-06
1.8787e-04
1.0149e-03
4.1008e-05
9.9206e-04
1.9073e-06
1.9073e-06
4.0054e-05
1.1921e-06
3.3855e-05
1.4420e-03
3.8862e-05
1.9073e-06
3.4094e-05
1.0200e-03
3.0994e-06
2.8610e-06
3.9101e-05
9.5367e-07
3.5048e-05
5.9605e-04
3.6001e-05
9.5367e-07
3.4094e-05
9.5367e-07
3.2902e-05
9.5367e-07
3.3855e-05
1.8380e-03
1.9073e-06
1.9073e-06
8.4162e-05
1.2994e-04
2.8610e-06
1.9073e-06
3.6001e-05
9.5367e-07
3.3855e-05
1.1921e-06
3.3855e-05
5.9104e-04
2.1458e-06
9.5367e-07
3.6001e-05
9.5367e-07
3.3855e-05
3.2902e-04
1.9073e-06
2.1458e-06
8.0824e-05
6.1321e-04
1.9073e-06
9.7036e-05
1.9073e-06
2.1458e-06
3.6001e-05
9.5367e-07
3.4094e-05
6.0105e-04
2.1458e-06
1.9073e-06
3.6001e-05
1.8311e-04
1.9073e-06
9.5367e-07
3.5763e-05
1.1921e-06
3.3855e-05
6.6900e-04
8.2970e-05
2.1458e-06
3.4809e-05
2.8300e-04
1.9073e-06
9.5367e-07
3.6001e-05
9.5367e-07
3.4094e-05
9.5367e-07
3.4094e-05
1.1392e-03
2.1458e-06
1.9073e-06
3.6955e-05
9.5367e-07
3.3855e-05
4.3583e-04
1.9073e-06
1.0991e-04
3.0994e-06
1.9073e-06
3.6001e-05
6.8879e-04
1.9073e-06
2.1458e-06
3.6955e-05
7.8702e-04
2.1458e-06
1.9073e-06
3.6955e-05
2.7299e-04
1.9073e-06
1.1921e-06
3.5048e-05
9.5367e-07
3.3855e-05
6.1202e-04
9.3937e-05
3.3307e-04
3.6955e-05
2.5296e-04
3.6955e-05
1.8501e-04
3.6001e-05
1.9073e-06
3.4094e-05
8.6904e-04
3.6001e-05
2.1458e-06
3.3855e-05
9.5367e-07
3.2902e-05
2.1458e-06
3.5048e-05
8.6403e-04
3.6955e-05
7.7319e-04
3.6955e-05
2.1458e-06
3.2902e-05
6.0296e-04
3.6001e-05
1.9073e-06
3.3140e-05
1.9073e-06
3.3140e-05
9.5367e-07
7.9155e-05
5.8389e-04
3.6955e-05
9.5367e-07
3.3140e-05
9.5367e-07
3.4094e-05
9.5367e-07
3.3140e-05
6.1488e-04
3.6955e-05
3.7003e-04
3.6955e-05
2.1458e-06
3.2902e-05
5.1808e-04
3.7193e-05
2.8396e-04
3.6001e-05
3.9160e-03
3.0994e-06
5.0068e-06
4.1962e-05
9.5367e-07
3.4094e-05
2.7204e-04
3.6955e-05
8.2684e-04
3.0994e-06
9.5367e-07
3.7909e-05
9.5367e-07
8.2970e-05
1.9073e-06
3.5048e-05
1.1611e-04
1.9073e-06
1.1921e-06
3.6001e-05
5.2094e-04
3.8147e-05
1.9073e-06
3.3140e-05
1.9693e-04
1.9073e-06
3.5715e-04
3.6955e-05
3.2210e-04
3.0994e-06
9.5367e-07
3.6955e-05
2.3630e-03
3.0994e-06
5.0068e-06
4.1962e-05
1.1921e-06
3.3855e-05
9.5367e-07
3.3855e-05
1.1921e-06
3.3855e-05
1.7500e-03
2.8610e-06
2.8610e-06
3.9101e-05
2.4989e-03
3.0994e-06
3.4630e-03
2.1458e-06
4.0531e-06
1.4186e-04
2.8610e-06
3.5048e-05
9.5367e-07
3.3140e-05
9.5367e-07
3.4094e-05
9.5367e-07
3.2902e-05
9.5367e-07
3.3855e-05
1.1921e-06
3.3855e-05
1.7440e-03
1.9073e-06
2.8610e-06
9.2983e-05
2.1458e-06
3.6001e-05
3.4285e-04
3.6955e-05
3.7694e-04
3.6955e-05
1.9073e-06
3.2902e-05
6.1107e-04
3.9101e-05
1.9073e-06
3.7909e-05
1.9073e-06
3.3855e-05
9.5367e-07
8.0109e-05
5.6386e-04
3.6001e-05
2.1458e-06
3.3855e-05
3.4404e-04
2.1458e-06
1.9073e-06
3.4809e-05
9.5367e-07
3.3855e-05
9.5367e-07
3.3855e-05
8.8406e-04
3.8147e-05
3.9387e-04
8.3923e-05
1.0800e-04
2.1458e-06
1.9073e-06
3.6001e-05
3.7098e-04
2.1458e-06
7.6985e-04
3.6955e-05
1.8692e-04
3.7909e-05
1.9073e-06
3.4094e-05
5.0402e-04
3.0994e-06
7.5006e-04
1.9073e-06
2.1458e-06
3.6001e-05
1.9073e-06
3.5048e-05
9.5367e-07
3.4094e-05
9.5367e-07
3.3140e-05
9.5367e-07
3.3855e-05
9.4414e-04
3.8147e-05
1.9073e-06
3.4094e-05
1.3590e-03
2.8610e-06
2.1458e-06
3.6955e-05
3.0994e-04
1.9073e-06
1.9073e-06
3.6001e-05
3.6311e-04
3.7909e-05
6.3515e-04
3.6955e-05
2.1458e-06
3.5048e-05
9.5367e-07
3.4094e-05
3.7003e-04
3.6001e-05
2.0003e-04
3.6955e-05
2.7013e-04
3.6001e-05
1.1921e-06
3.3855e-05
5.1117e-04
3.0994e-06
9.5367e-07
3.6001e-05
2.1458e-06
6.1989e-05
5.5385e-04
2.8610e-06
2.1458e-06
3.6001e-05
1.0200e-03
2.1458e-06
1.9073e-06
3.6001e-05
9.5367e-07
7.9870e-05
1.9073e-06
3.5048e-05
9.5367e-07
3.3140e-05
6.9094e-04
3.6001e-05
1.9073e-06
3.4094e-05
4.3678e-04
3.6955e-05
2.1458e-06
3.3855e-05
1.1921e-06
3.3855e-05
9.5844e-05
3.6001e-05
3.3307e-04
3.6955e-05
9.5367e-07
3.3855e-05
4.9114e-04
3.6955e-05
1.6904e-04
1.9073e-06
8.3184e-04
1.9073e-06
2.8610e-06
4.0054e-05
9.5367e-07
3.4094e-05
9.5367e-07
8.5115e-05
1.9073e-06
3.4094e-05
9.5367e-07
3.4094e-05
9.5367e-07
3.4094e-05
9.1505e-04
3.6955e-05
1.2589e-04
3.7909e-05
5.0116e-04
3.6955e-05
3.5660e-03
2.1458e-06
7.1526e-06
1.0681e-04
5.6149e-01
