1.1630e-02
1.2050e-03
9.1076e-05
3.8147e-06
3.3855e-05
3.5556e-02
2.8610e-06
4.0704e-02
4.0531e-06
9.0599e-06
4.7922e-05
1.0437e-02
3.0994e-06
5.0068e-06
5.7936e-05
3.6549e-02
3.0994e-06
3.9075e-02
2.8610e-06
8.1062e-06
5.0068e-05
2.1436e-02
3.0994e-06
1.3185e-04
9.6798e-05
5.9619e-03
3.0994e-06
5.0068e-06
5.0068e-05
9.5367e-07
3.2902e-05
5.0251e-03
2.1458e-06
4.0531e-06
4.1008e-05
1.0640e-02
3.0994e-06
2.1660e-03
1.9073e-06
4.4823e-05
2.8610e-06
1.1921e-06
7.4863e-05
7.8988e-04
3.0994e-06
2.4605e-04
2.1458e-06
1.9073e-06
4.0054e-05
3.1710e-04
1.9073e-06
1.9073e-06
3.7909e-05
1.1921e-06
3.2902e-05
3.1900e-04
1.9073e-06
1.8096e-04
1.9073e-06
2.1458e-06
4.1008e-05
9.5367e-07
3.3855e-05
5.0783e-04
1.9073e-06
2.1458e-06
3.6955e-05
9.5367e-07
1.4801e-03
6.9141e-06
3.6001e-05
6.4080e-03
3.0994e-06
7.3509e-03
2.8610e-06
3.0994e-05
5.0068e-05
9.9790e-03
3.0994e-06
6.9141e-06
5.1022e-05
2.1100e-04
3.0994e-06
1.9073e-06
1.3399e-04
3.6001e-05
2.8610e-06
1.9097e-04
2.8610e-06
8.1062e-05
2.1458e-06
6.1989e-05
2.1458e-06
6.0081e-05
2.8610e-06
1.1301e-04
1.9073e-06
2.5105e-04
2.1458e-06
1.8210e-03
2.8610e-06
3.8147e-06
4.4107e-05
9.5367e-07
3.4094e-05
9.5367e-07
3.4094e-05
8.1301e-04
3.0994e-06
1.5903e-04
1.9073e-06
1.4687e-04
3.0994e-06
1.4496e-04
2.1458e-06
2.2793e-04
1.9073e-06
9.5367e-07
3.7909e-05
1.7405e-04
1.9073e-06
1.6689e-04
3.0994e-06
3.2592e-04
2.1458e-06
1.4591e-04
1.9073e-06
1.6212e-04
2.1458e-06
9.5367e-07
3.6001e-05
9.5367e-07
3.2902e-05
2.5702e-04
3.0994e-06
9.5367e-07
3.7909e-05
9.5367e-07
3.5048e-05
1.5783e-04
1.9073e-06
9.5367e-07
3.4809e-05
1.8406e-04
2.1458e-06
9.5367e-07
3.6001e-05
9.0122e-05
2.1458e-06
8.4877e-05
3.0994e-06
9.5367e-07
3.6001e-05
2.1458e-06
3.6001e-05
3.1185e-04
1.9073e-06
1.5116e-04
2.8610e-06
9.5367e-07
3.6955e-05
9.5367e-07
3.3140e-05
9.5367e-07
3.3140e-05
6.4492e-04
2.1458e-06
2.1458e-06
3.8862e-05
9.2030e-05
2.1458e-06
9.5367e-07
3.5048e-05
6.0081e-05
1.9073e-06
1.4019e-04
2.8610e-06
2.1458e-06
3.6955e-05
9.5367e-07
3.4094e-05
1.3399e-04
1.9073e-06
9.5367e-07
3.5048e-05
9.5367e-07
3.3140e-05
1.1921e-06
3.2902e-05
9.5367e-07
3.3140e-05
1.8501e-04
2.8610e-06
9.5367e-07
3.5048e-05
7.0810e-05
2.8610e-06
1.1301e-04
3.0994e-06
7.6056e-05
1.9073e-06
7.2956e-05
2.1458e-06
8.2970e-05
3.0994e-06
6.9857e-05
1.9073e-06
9.5367e-07
3.6001e-05
6.8188e-05
1.9073e-06
8.3208e-05
2.8610e-06
6.8188e-05
1.9073e-06
3.9101e-05
3.0994e-06
1.0085e-04
2.8610e-06
1.1992e-04
1.9073e-06
2.2101e-04
1.9073e-06
1.5712e-04
1.9073e-06
2.0313e-04
2.1458e-06
9.5367e-07
3.5048e-05
9.5367e-07
3.3140e-05
9.5367e-07
3.2902e-05
2.5916e-04
2.1458e-06
1.9073e-06
3.6001e-05
1.9073e-06
1.0610e-04
4.7493e-04
1.9073e-06
2.1458e-06
3.7909e-05
1.1840e-03
2.8610e-06
1.7285e-04
3.0994e-06
8.5115e-05
1.9073e-06
3.8862e-05
1.9073e-06
9.5367e-07
3.9101e-05
1.2398e-04
2.1458e-06
9.5367e-07
3.9101e-05
9.5367e-07
3.3140e-05
9.5367e-07
3.2902e-05
9.5367e-07
3.5048e-05
2.1791e-04
1.9073e-06
7.7009e-05
1.9073e-06
9.5367e-07
3.5048e-05
1.1921e-06
3.2902e-05
9.5367e-07
3.3855e-05
9.5367e-07
3.3140e-05
2.1601e-04
2.1458e-06
9.5367e-07
3.5048e-05
9.5367e-07
3.6001e-05
1.1611e-04
1.9073e-06
8.4877e-05
2.1458e-06
8.2016e-05
2.1458e-06
7.4863e-05
1.9073e-06
8.6069e-05
2.1458e-06
2.1458e-06
3.6001e-05
2.7204e-04
2.8610e-06
9.5367e-07
3.6001e-05
1.9073e-06
3.3140e-05
2.1100e-04
1.9073e-06
1.1921e-06
2.1386e-04
4.1509e-04
2.1458e-06
1.9073e-06
3.6955e-05
1.1921e-06
3.2902e-05
1.8597e-04
3.0994e-06
1.9073e-06
3.6001e-05
4.3869e-05
2.1458e-06
9.5367e-07
3.4094e-05
9.5367e-07
3.3140e-05
1.1921e-06
7.9870e-05
2.1458e-06
3.2902e-05
0.0000e+00
3.3140e-05
4.8399e-04
1.9073e-06
9.8944e-05
3.0994e-06
2.6178e-04
2.8610e-06
2.1458e-06
3.6001e-05
9.5367e-07
3.2902e-05
0.0000e+00
3.3140e-05
2.1195e-04
2.1458e-06
1.3518e-04
1.9073e-06
4.4894e-04
3.0994e-06
1.9073e-06
3.8147e-05
9.5367e-07
3.3855e-05
1.1921e-06
3.3855e-05
2.8110e-04
3.0994e-06
1.8835e-05
1.9073e-06
8.0109e-05
2.1458e-06
1.9073e-06
3.6001e-05
9.5367e-07
3.3140e-05
9.5367e-07
8.0109e-05
1.6522e-04
1.9073e-06
1.1921e-06
3.6001e-05
9.5367e-07
3.3140e-05
1.7905e-04
1.9073e-06
2.1458e-06
3.5048e-05
9.5367e-07
3.2902e-05
1.6093e-04
3.0994e-06
6.8903e-05
1.9073e-06
9.5367e-07
3.5048e-05
3.5000e-04
2.8610e-06
1.0014e-04
1.0014e-05
2.1458e-06
5.6982e-05
1.9073e-06
3.4094e-05
1.7401e-02
2.8610e-06
1.6251e-03
3.0994e-06
2.8610e-06
4.6015e-05
9.5367e-07
9.0122e-05
1.9073e-06
3.5048e-05
9.5367e-07
1.0705e-04
2.1458e-06
3.3855e-05
9.5367e-07
3.2902e-05
4.2502e-02
2.8610e-06
5.0068e-06
6.3896e-05
2.1458e-06
3.4809e-05
8.7311e-03
2.1458e-06
5.0068e-06
6.5088e-05
2.9802e-04
2.8610e-06
2.8110e-04
2.1458e-06
1.9073e-06
1.1301e-04
4.8800e-03
2.8610e-06
3.3791e-03
1.9073e-06
1.8942e-03
3.0994e-06
1.6212e-04
2.1458e-06
1.0528e-02
2.8610e-06
3.1869e-03
1.9073e-06
8.5211e-04
2.1458e-06
8.7976e-05
2.1458e-06
1.9073e-06
4.1962e-05
9.5367e-07
3.2902e-05
1.1921e-06
1.1802e-04
2.7912e-03
3.0994e-06
1.5998e-04
1.9073e-06
1.9073e-06
4.1008e-05
5.9671e-03
3.0994e-06
5.9605e-06
4.8876e-05
9.5367e-07
3.4094e-05
4.5490e-04
1.9073e-06
1.5571e-03
2.1458e-06
3.6001e-05
2.1458e-06
9.5367e-07
4.0054e-05
9.5367e-07
1.5116e-04
6.2895e-04
3.0994e-06
1.9073e-06
3.8147e-05
7.3004e-04
3.0994e-06
1.4615e-04
2.1458e-06
6.1607e-04
2.1458e-06
1.0300e-04
3.0994e-06
9.5367e-07
3.8862e-05
2.6178e-04
1.9073e-06
1.1921e-06
3.5048e-05
1.4901e-04
2.8610e-06
4.1318e-04
3.0994e-06
9.5367e-07
8.7023e-05
1.0395e-04
1.9073e-06
2.1815e-04
1.9073e-06
1.9073e-06
3.6001e-05
2.1005e-04
2.1458e-06
9.5367e-07
3.5048e-05
9.5367e-07
3.4094e-05
1.4770e-03
3.0994e-06
3.0208e-04
3.0994e-06
9.5367e-07
4.1008e-05
3.0208e-04
1.9073e-06
1.3111e-03
1.0800e-04
7.0000e-04
2.1458e-06
1.6594e-04
2.1458e-06
1.5402e-04
2.1458e-06
1.4901e-04
2.1458e-06
1.9073e-06
4.1008e-05
2.6417e-04
2.8610e-06
6.9141e-05
2.8610e-06
2.4605e-04
2.1458e-06
9.5367e-07
3.6001e-05
9.5367e-07
3.2902e-05
8.5306e-04
2.1458e-06
1.9073e-06
1.0324e-04
7.2002e-05
2.8610e-06
7.8201e-05
1.9073e-06
2.1458e-06
3.6955e-05
9.5367e-07
3.2902e-05
2.7704e-04
1.9073e-06
9.5367e-07
3.6001e-05
3.0088e-04
2.1458e-06
1.4806e-04
1.9073e-06
1.1921e-06
3.6001e-05
7.5483e-04
2.8610e-06
2.8141e-03
2.8610e-06
3.8195e-04
2.1458e-06
1.9073e-06
4.1008e-05
9.5367e-07
3.3140e-05
9.5367e-07
3.3140e-05
9.5367e-07
6.8903e-05
3.5360e-03
1.1921e-05
1.4870e-03
1.9073e-06
3.8147e-06
4.4107e-05
1.0149e-03
1.9073e-06
1.4031e-03
1.9073e-06
2.4040e-03
2.8610e-06
3.2401e-04
3.0994e-06
1.9073e-06
4.1962e-05
0.0000e+00
8.8930e-05
1.8020e-03
2.8610e-06
4.0531e-06
4.1008e-05
7.8797e-04
1.9073e-06
6.9380e-04
1.9073e-06
2.8610e-06
4.1962e-05
1.1921e-06
4.1962e-05
8.6899e-03
3.0994e-06
5.0068e-06
4.1962e-05
1.1921e-06
3.3855e-05
2.0814e-04
1.9073e-06
1.9073e-06
3.6001e-05
4.5300e-04
2.1458e-06
2.4796e-04
2.1458e-06
9.5367e-07
3.6955e-05
9.5367e-07
3.3855e-05
4.3452e-03
3.0994e-06
2.4319e-04
3.0994e-06
1.6284e-04
1.9073e-06
1.5211e-04
2.1458e-06
1.5998e-04
2.1458e-06
9.5367e-07
4.1008e-05
3.2902e-04
2.1458e-06
1.0939e-03
3.0994e-06
4.5204e-04
2.1458e-06
2.2793e-04
3.0994e-06
1.5211e-04
1.9073e-06
1.4877e-04
2.8610e-06
2.1410e-04
2.1458e-06
1.4997e-04
3.0994e-06
9.5367e-07
3.9101e-05
3.2902e-04
1.9073e-06
2.1458e-06
3.6001e-05
2.6894e-04
2.1458e-06
1.9693e-04
3.0994e-06
1.6403e-04
1.9073e-06
9.5367e-07
3.6001e-05
1.1206e-04
1.9073e-06
3.2306e-04
1.9073e-06
9.5367e-07
3.5048e-05
2.9707e-04
1.9073e-06
1.4496e-04
2.1458e-06
2.9421e-04
3.0994e-06
2.4796e-04
2.1458e-06
8.6069e-05
1.9073e-06
1.2398e-04
3.0994e-06
1.9073e-06
4.1008e-05
8.3923e-05
1.9073e-06
1.0514e-04
2.8610e-06
7.2956e-05
1.9073e-06
9.5367e-07
3.6001e-05
1.0395e-04
3.0994e-06
7.8917e-05
1.9073e-06
1.9073e-05
3.0994e-06
1.9073e-06
3.6001e-05
7.5102e-05
1.9073e-06
1.1921e-06
3.6001e-05
9.5367e-07
3.4094e-05
9.5367e-07
3.3140e-05
9.5367e-07
3.2902e-05
0.0000e+00
3.2902e-05
9.5367e-07
8.2970e-05
1.9073e-06
3.4094e-05
9.5367e-07
8.3923e-05
1.1921e-06
3.3855e-05
1.1091e-03
2.1458e-06
2.8610e-06
3.8147e-05
1.8692e-04
2.1458e-06
9.5367e-07
3.6955e-05
1.1921e-06
3.2902e-05
9.5367e-07
3.2902e-05
9.5367e-07
3.3140e-05
9.5367e-07
3.6001e-05
9.5367e-07
3.3140e-05
9.5367e-07
3.2902e-05
1.9503e-04
3.0994e-06
8.2970e-05
2.1458e-06
9.0837e-05
2.8610e-06
9.5367e-07
3.6001e-05
1.8692e-04
2.1458e-06
6.8903e-05
1.9073e-06
2.6941e-05
2.8610e-06
1.9073e-06
3.6001e-05
1.3709e-04
3.0994e-06
8.7023e-05
1.9073e-06
1.5974e-05
1.9073e-06
7.4315e-04
2.1458e-06
2.8610e-06
3.7909e-05
1.2112e-04
1.9073e-06
9.5367e-07
3.6001e-05
9.5367e-07
3.4094e-05
1.8787e-04
3.0994e-06
7.8917e-05
1.9073e-06
9.5367e-07
3.6001e-05
2.1458e-06
3.6001e-05
1.1921e-06
3.6001e-05
3.2806e-04
2.1458e-06
1.4687e-04
1.9073e-06
1.9717e-04
2.8610e-06
2.1458e-06
3.4809e-05
0.0000e+00
3.2902e-05
8.6093e-04
2.8610e-06
9.5367e-07
3.6955e-05
9.5367e-07
3.4094e-05
3.7098e-04
2.8610e-06
2.1458e-06
3.6955e-05
4.9305e-04
2.8610e-06
9.5367e-07
3.6001e-05
9.5367e-07
3.2902e-05
2.5988e-04
2.8610e-06
1.9073e-06
3.8862e-05
2.1815e-04
1.9073e-06
1.1921e-06
7.2956e-05
1.9073e-06
8.2016e-05
1.9073e-06
3.3140e-05
7.2002e-05
2.8610e-06
2.1458e-06
3.4809e-05
1.1921e-06
3.2902e-05
6.5088e-05
3.0994e-06
9.5367e-07
3.6001e-05
2.6894e-04
1.9073e-06
7.7009e-05
3.0994e-06
9.5367e-07
3.6955e-05
8.7023e-05
2.1458e-06
6.6996e-05
3.0994e-06
7.2956e-05
2.1458e-06
7.3910e-05
1.9073e-06
3.6001e-05
2.1458e-06
7.9870e-05
2.8610e-06
1.1921e-06
3.6001e-05
9.5367e-07
3.2902e-05
0.0000e+00
3.2902e-05
1.8191e-04
2.8610e-06
1.0300e-04
3.0994e-06
7.7009e-05
2.1458e-06
7.2956e-05
1.9073e-06
9.5367e-07
3.5048e-05
9.5129e-05
1.9073e-06
9.0837e-05
1.9073e-06
9.5367e-07
3.5048e-05
9.5367e-07
3.3140e-05
1.2803e-04
2.8610e-06
7.9870e-05
1.9073e-06
9.5367e-07
3.7193e-05
6.8903e-05
2.1458e-06
9.5367e-07
3.5048e-05
9.5367e-07
3.6001e-05
9.5367e-07
3.4094e-05
9.5367e-07
3.2902e-05
1.1921e-06
3.2902e-05
2.3007e-04
2.1458e-06
4.1485e-04
1.9073e-06
2.1505e-04
2.1458e-06
2.9087e-04
1.9073e-06
8.7023e-05
2.1458e-06
9.5367e-07
3.6955e-05
1.1921e-06
1.1301e-04
1.2589e-04
3.0994e-06
9.5367e-07
3.6001e-05
0.0000e+00
3.3855e-05
9.5367e-07
3.3140e-05
6.5398e-04
2.1458e-06
1.6220e-03
1.9073e-06
2.6298e-04
1.9073e-06
2.2101e-04
1.9073e-06
1.9073e-06
1.2517e-04
5.7936e-05
3.0994e-06
3.2187e-04
2.1458e-06
2.6798e-04
2.1458e-06
9.5367e-07
3.8147e-05
1.5998e-04
2.1458e-06
9.5367e-07
6.1035e-05
2.5415e-04
1.9073e-06
9.5367e-07
3.6001e-05
2.6202e-04
3.0994e-06
1.4782e-04
2.8610e-06
1.1921e-06
3.5048e-05
3.0589e-04
1.9073e-06
1.9073e-06
8.5115e-05
1.2898e-04
3.0994e-06
1.2898e-04
3.0994e-06
9.5367e-07
3.6001e-05
9.5367e-07
3.2902e-05
2.9397e-04
1.9073e-06
1.4901e-04
3.0994e-06
1.4710e-04
1.9073e-06
1.4687e-04
2.1458e-06
9.5367e-07
3.7193e-05
9.5367e-07
3.2902e-05
1.1921e-06
3.5048e-05
3.1781e-04
2.8610e-06
2.1458e-06
3.6955e-05
5.5289e-04
1.9073e-06
3.0994e-04
3.0994e-06
1.5998e-04
2.1458e-06
9.5367e-07
4.0054e-05
0.0000e+00
3.4094e-05
9.5367e-07
3.3140e-05
9.5367e-07
9.9897e-05
2.1458e-06
3.6001e-05
9.5367e-07
3.4094e-05
9.9301e-04
2.1458e-06
1.5998e-04
3.0994e-06
1.9073e-06
4.0054e-05
2.5892e-04
2.1458e-06
9.5367e-07
3.6001e-05
2.5415e-04
3.0994e-06
1.9073e-06
3.6001e-05
9.5367e-07
9.6083e-05
1.9073e-06
3.4094e-05
4.2486e-04
1.9073e-06
2.5105e-04
2.1458e-06
1.9073e-06
3.8147e-05
9.5367e-07
3.2902e-05
1.1921e-06
3.2902e-05
9.5367e-07
3.2902e-05
5.8198e-04
2.1458e-06
9.5367e-07
8.9169e-05
1.9073e-06
3.4094e-05
1.1921e-06
3.2902e-05
5.4312e-04
3.0994e-06
2.0885e-04
2.8610e-06
2.1458e-06
3.7909e-05
9.5367e-07
3.3140e-05
9.5367e-07
3.2902e-05
6.5613e-04
2.1458e-06
2.9802e-04
2.1458e-06
1.9073e-06
4.1008e-05
9.5367e-07
3.3140e-05
6.6495e-04
2.1458e-06
9.5367e-07
3.8147e-05
1.0395e-04
2.1458e-06
9.5367e-07
3.5048e-05
9.5367e-07
3.3140e-05
5.3096e-04
1.9073e-06
1.1921e-06
3.5048e-05
1.5020e-04
1.9073e-06
3.9411e-04
2.1458e-06
9.5367e-07
3.8147e-05
5.3096e-04
2.1458e-06
1.5616e-04
1.9073e-06
1.5807e-04
1.9073e-06
9.5367e-07
3.9101e-05
1.1492e-04
1.9073e-06
6.8402e-04
3.0994e-06
1.1897e-04
1.9073e-06
3.8147e-05
2.8610e-06
1.0350e-03
3.0994e-06
8.7976e-05
2.1458e-06
1.9073e-06
1.2708e-04
1.9073e-06
3.3855e-05
9.5367e-07
3.3140e-05
2.5702e-04
2.8610e-06
4.4584e-04
1.9073e-06
9.5367e-07
3.7193e-05
0.0000e+00
3.4094e-05
9.5367e-07
3.3855e-05
4.5705e-04
2.1458e-06
1.4901e-04
2.1458e-06
2.1458e-06
3.7909e-05
3.1495e-04
1.9073e-06
2.0003e-04
2.1458e-06
1.4496e-04
1.9073e-06
9.5367e-07
3.6001e-05
9.5367e-07
3.3855e-05
1.1921e-06
3.2902e-05
3.3307e-04
3.0994e-06
2.4486e-04
3.0994e-06
4.6110e-04
3.0994e-06
3.0994e-06
8.9884e-05
2.1458e-06
3.3855e-05
1.1110e-04
2.1458e-06
9.5367e-07
3.8147e-05
9.5367e-07
3.4094e-05
1.1921e-06
1.4901e-04
5.1308e-04
1.9073e-06
1.5521e-04
2.8610e-06
2.1458e-06
3.6955e-05
9.5367e-07
8.5115e-05
9.5367e-07
3.5048e-05
9.5367e-07
3.3855e-05
9.5367e-07
2.0719e-04
1.9073e-06
3.5048e-05
9.5367e-07
3.3140e-05
0.0000e+00
3.3140e-05
0.0000e+00
3.2902e-05
5.3215e-04
1.9073e-06
2.7394e-04
2.1458e-06
9.5367e-07
3.9101e-05
4.2486e-04
2.8610e-06
9.5367e-07
3.7909e-05
1.6189e-04
1.9073e-06
1.4281e-04
1.9073e-06
7.0095e-05
3.0994e-06
9.5367e-07
3.7909e-05
9.5367e-07
3.4094e-05
9.5367e-07
3.3140e-05
3.7909e-05
3.0994e-06
3.5000e-04
2.1458e-06
1.9073e-06
3.7193e-05
2.4819e-04
1.9073e-06
9.5367e-07
3.9101e-05
1.1921e-06
3.3855e-05
1.2560e-03
2.8610e-06
4.0531e-06
3.9101e-05
9.5367e-07
3.3140e-05
3.2592e-04
1.9073e-06
1.5593e-04
1.9073e-06
7.9870e-05
1.9073e-06
1.9073e-06
3.8147e-05
9.5367e-07
3.3140e-05
9.5367e-07
3.2902e-05
0.0000e+00
5.3883e-05
3.2401e-04
1.9073e-06
9.5367e-07
3.6955e-05
1.9002e-04
2.8610e-06
9.5367e-07
3.5048e-05
5.4193e-04
3.0994e-06
2.2006e-04
2.8610e-06
2.1458e-06
7.9870e-05
8.7218e-03
1.9073e-06
5.1117e-04
3.0994e-06
9.5367e-07
4.1008e-05
9.5367e-07
3.3140e-05
9.5367e-07
3.3140e-05
9.5367e-07
3.4094e-05
2.7411e-03
2.8610e-06
2.4581e-04
2.8610e-06
1.1921e-06
4.0054e-05
9.5367e-07
3.4094e-05
2.2221e-04
1.9073e-06
3.5977e-04
1.9073e-06
1.1921e-06
3.6955e-05
9.5367e-07
3.3140e-05
9.5367e-07
3.4094e-05
5.1379e-04
1.9073e-06
1.1921e-06
9.9897e-05
2.6298e-04
1.9073e-06
2.3007e-04
2.1458e-06
9.5367e-07
3.9101e-05
4.9186e-04
2.8610e-06
1.0109e-04
3.0994e-06
2.1982e-04
1.9073e-06
2.1458e-06
4.0054e-05
2.0981e-04
1.9073e-06
8.7023e-05
5.0068e-06
2.6679e-04
1.9073e-06
2.5010e-04
1.9073e-06
1.9073e-06
8.7976e-05
3.2282e-04
5.0068e-06
2.9707e-04
1.9073e-06
7.0810e-05
1.9073e-06
2.1458e-06
3.7909e-05
9.5367e-07
3.3140e-05
9.5367e-07
3.2902e-05
1.1921e-06
3.3855e-05
0.0000e+00
3.3140e-05
0.0000e+00
3.2902e-05
1.9073e-06
3.6001e-05
9.5367e-07
3.4094e-05
9.5367e-07
3.1948e-05
3.5820e-03
2.8610e-06
3.0994e-06
5.0068e-05
2.0790e-04
2.1458e-06
1.9073e-06
3.8147e-05
1.0085e-04
3.0994e-06
2.1791e-04
1.9073e-06
2.0909e-04
2.1458e-06
9.5367e-07
9.0122e-05
2.0981e-04
1.9073e-06
9.5367e-07
3.7909e-05
1.1921e-06
3.3855e-05
3.1400e-04
1.9073e-06
1.1921e-06
1.8501e-04
1.9073e-06
3.5048e-05
4.4298e-04
3.0994e-06
9.5367e-07
3.6001e-05
9.5367e-07
9.7036e-05
8.2612e-04
2.1458e-06
1.0109e-04
2.8610e-06
9.5367e-07
3.9101e-05
1.1921e-06
3.3855e-05
9.5367e-07
3.3140e-05
4.9210e-04
1.9073e-06
1.6713e-04
2.1458e-06
9.4604e-04
2.1458e-06
2.8610e-06
4.1962e-05
3.1805e-04
1.9073e-06
3.0613e-04
2.8610e-06
2.1458e-06
3.7909e-05
2.2292e-04
2.8610e-06
9.5367e-07
3.4809e-05
9.5367e-07
3.5048e-05
3.9101e-04
1.9073e-06
2.1458e-06
3.6955e-05
9.5367e-07
3.3140e-05
3.6097e-04
3.0994e-06
3.3689e-04
1.9073e-06
9.7990e-05
1.9073e-06
1.9598e-04
1.9073e-06
2.1386e-04
1.9073e-06
9.7036e-05
2.1458e-06
9.5367e-07
3.6955e-05
9.5367e-07
3.2902e-05
3.0708e-04
1.9073e-06
1.6379e-04
1.9073e-06
1.9073e-06
3.6001e-05
1.1921e-06
3.2902e-05
1.0791e-03
1.9073e-06
1.7500e-04
1.9073e-06
2.1458e-06
3.9816e-05
1.1921e-06
3.2902e-05
0.0000e+00
3.2902e-05
6.0892e-04
2.8610e-06
1.9073e-06
3.9101e-05
1.1921e-06
3.2902e-05
3.0994e-04
1.9073e-06
1.9073e-06
3.9101e-05
5.2190e-04
3.0994e-06
3.4690e-04
5.1022e-05
9.5367e-07
3.8147e-05
3.2091e-04
3.0994e-06
9.7036e-05
2.1458e-06
9.5367e-07
3.5048e-05
1.4687e-04
1.9073e-06
1.6117e-04
1.9073e-06
9.5367e-07
3.5048e-05
9.5367e-07
3.2902e-05
1.1921e-06
3.1948e-05
9.5367e-07
8.5115e-05
1.9073e-06
3.3140e-05
9.0289e-04
1.9073e-06
2.1458e-06
3.8862e-05
6.3610e-04
2.1458e-06
2.2793e-04
1.9073e-06
9.5367e-07
3.8862e-05
2.5392e-04
2.8610e-06
4.6968e-05
3.0994e-06
9.5367e-07
4.6015e-05
4.1890e-04
3.0994e-06
2.1458e-06
3.9101e-05
2.9111e-04
2.1458e-06
2.0504e-04
2.1458e-06
1.4782e-04
1.9073e-06
1.1921e-06
3.6955e-05
9.5367e-07
3.4094e-05
4.5204e-04
3.0994e-06
1.9073e-06
3.6955e-05
9.5367e-07
3.2902e-05
9.5367e-07
3.2187e-05
1.9073e-06
3.5048e-05
6.8307e-04
2.8610e-06
1.4877e-04
2.8610e-06
1.1921e-06
3.6955e-05
4.0698e-04
3.0994e-06
1.9813e-04
2.8610e-06
1.5306e-04
2.8610e-06
3.8147e-05
1.9073e-06
9.5367e-07
3.9101e-05
1.1683e-04
2.8610e-06
6.6042e-05
2.1458e-06
9.5367e-07
8.7976e-05
9.5367e-07
3.3855e-05
9.5367e-07
3.2902e-05
9.5367e-07
3.4094e-05
9.5367e-07
3.4094e-05
1.1921e-06
3.2902e-05
9.5367e-07
2.0099e-04
9.5367e-07
3.4094e-05
6.7019e-04
2.1458e-06
2.3842e-05
1.9073e-06
2.1458e-06
3.6955e-05
5.8889e-05
1.9073e-06
1.2803e-04
2.1458e-06
9.5367e-07
3.6955e-05
5.0712e-04
2.1458e-06
9.5367e-07
3.9101e-05
1.5807e-04
1.9073e-06
1.5116e-04
1.9073e-06
9.5367e-07
3.6955e-05
1.8501e-04
2.1458e-06
9.5367e-07
3.6001e-05
2.0027e-05
2.1458e-06
9.5367e-07
3.6001e-05
1.8096e-04
2.8610e-06
1.1921e-06
3.6001e-05
9.5367e-07
3.3855e-05
1.1921e-06
3.3855e-05
5.6815e-04
1.9073e-06
2.1458e-06
3.6001e-05
1.5807e-04
1.9073e-06
9.5367e-07
3.7909e-05
1.1921e-06
3.2902e-05
3.3808e-04
3.0994e-06
1.8501e-04
2.8610e-06
1.9097e-04
1.9073e-06
9.5367e-07
3.6955e-05
3.5882e-04
2.8610e-06
3.1948e-05
2.1458e-06
9.5844e-05
2.8610e-06
6.7949e-05
3.0994e-06
9.5367e-07
9.3937e-05
1.7118e-04
2.1458e-06
2.5034e-05
1.9073e-06
1.1921e-06
3.6955e-05
2.3603e-04
2.1458e-06
9.5367e-07
6.2943e-05
2.1458e-06
3.3855e-05
4.3011e-04
2.1458e-06
1.6689e-04
1.9073e-06
1.9073e-06
3.6001e-05
1.1921e-06
3.2902e-05
3.8791e-04
1.9073e-06
2.1911e-04
2.1458e-06
9.5367e-07
3.7193e-05
3.1710e-04
2.1458e-06
2.2292e-04
1.9073e-06
9.7036e-05
2.1458e-06
9.5367e-07
3.6001e-05
1.1921e-06
3.2902e-05
9.5367e-07
3.3140e-05
9.5367e-07
3.1948e-05
5.7197e-04
2.1458e-06
3.8886e-04
1.9073e-06
9.9897e-05
2.8610e-06
1.4710e-04
1.9073e-06
1.4782e-04
2.8610e-06
9.5367e-07
3.6955e-05
3.7408e-04
3.0994e-06
9.5367e-07
3.6001e-05
9.6083e-05
2.1458e-06
4.5896e-04
2.1458e-06
1.9073e-06
3.8147e-05
1.1921e-06
9.1076e-05
1.9073e-06
3.5048e-05
9.5367e-07
3.3140e-05
9.5367e-07
3.4094e-05
9.5367e-07
3.3140e-05
1.1921e-06
3.2902e-05
9.5367e-07
3.3140e-05
1.8260e-03
2.1458e-06
1.7190e-04
2.1458e-06
2.2888e-04
1.9073e-06
1.6904e-04
1.9073e-06
9.8228e-05
1.9073e-06
2.0003e-04
3.0994e-06
1.4687e-04
1.9073e-06
1.9407e-04
2.1458e-06
2.8896e-04
2.1458e-06
9.5367e-07
5.3167e-05
9.5367e-07
3.4094e-05
1.9884e-04
2.8610e-06
1.1921e-06
3.7909e-05
9.5367e-07
3.3140e-05
6.3491e-04
2.8610e-06
1.1921e-06
3.6001e-05
3.2091e-04
3.0994e-06
2.2793e-04
3.0994e-06
9.5367e-07
3.7193e-05
3.8886e-04
1.9073e-06
9.5367e-07
3.6955e-05
2.6798e-04
2.1458e-06
9.5367e-07
3.5048e-05
4.3297e-04
1.9073e-06
1.9813e-04
2.8610e-06
1.1921e-06
8.7023e-05
9.5391e-04
3.0994e-06
2.1458e-06
4.0054e-05
3.7193e-05
1.9073e-06
9.5367e-07
8.2016e-05
3.7384e-04
1.9073e-06
2.1458e-06
3.6955e-05
9.5367e-07
3.3140e-05
1.1921e-06
3.2902e-05
9.5367e-07
8.7976e-05
1.6010e-03
1.9073e-06
3.0994e-06
4.0054e-05
1.0586e-04
1.9073e-06
1.6618e-04
3.0994e-06
9.5367e-07
3.0303e-04
1.9073e-06
3.3855e-05
2.1458e-06
3.3855e-05
9.5367e-07
3.4094e-05
8.1897e-04
3.0994e-06
2.1505e-04
3.0994e-06
1.1921e-06
3.6001e-05
9.5367e-07
3.3140e-05
9.5367e-07
3.2902e-05
6.2108e-04
1.9073e-06
1.3900e-04
1.9073e-06
2.2793e-04
2.8610e-06
9.5367e-07
3.7909e-05
2.7490e-04
2.1458e-06
9.5367e-07
3.5048e-05
1.7810e-04
2.8610e-06
2.2006e-04
3.0994e-06
2.6298e-04
2.1458e-06
9.5367e-07
3.6955e-05
3.8099e-04
1.9073e-06
2.1458e-06
3.6001e-05
9.5367e-07
3.2902e-05
1.9217e-04
1.9073e-06
9.5367e-07
3.5048e-05
1.5969e-03
3.0994e-06
3.0994e-06
3.8862e-05
4.3797e-04
2.8610e-06
1.5712e-04
3.0994e-06
9.5367e-07
3.6955e-05
9.5367e-07
3.3855e-05
2.7514e-04
1.9073e-06
9.5367e-07
3.5048e-05
9.5367e-07
3.3140e-05
4.8944e-02
4.0531e-06
8.1062e-06
5.1975e-05
9.5367e-07
3.4094e-05
2.9149e-03
2.8610e-06
5.0068e-06
4.1962e-05
3.4404e-04
1.9073e-06
1.0204e-04
1.9073e-06
9.5367e-07
3.6955e-05
3.4285e-04
2.8610e-06
1.1921e-06
3.6001e-05
2.5797e-04
2.1458e-06
2.1696e-04
2.1458e-06
9.5367e-07
3.7193e-05
1.5783e-04
1.9073e-06
8.8930e-05
2.1458e-06
9.5367e-07
3.9101e-05
9.5367e-07
1.2493e-04
1.9073e-06
3.6001e-05
1.4997e-04
1.9073e-06
1.1921e-06
3.4809e-05
1.1921e-06
3.2902e-05
2.0790e-04
1.9073e-06
2.2173e-05
1.9073e-06
1.9073e-06
3.6001e-05
9.5367e-07
3.5048e-05
1.1921e-06
3.3855e-05
9.5367e-07
5.3167e-05
9.5367e-07
3.3140e-05
9.5367e-07
9.7036e-05
9.5367e-07
3.2902e-05
1.1511e-03
3.0994e-06
3.8147e-06
4.0054e-05
9.5367e-07
2.3913e-04
3.0994e-06
3.6955e-05
9.5367e-07
3.4094e-05
9.5367e-07
3.4094e-05
9.5367e-07
3.4094e-05
1.8768e-03
2.8610e-06
2.0409e-04
2.1458e-06
2.4104e-04
3.0994e-06
9.5367e-07
4.0054e-05
1.6189e-04
2.8610e-06
2.2411e-04
2.1458e-06
1.9073e-06
3.6955e-05
6.6280e-04
1.9073e-06
2.7204e-04
1.9073e-06
1.7309e-04
2.1458e-06
2.1505e-04
2.8610e-06
9.9182e-05
2.8610e-06
2.1458e-06
3.8862e-05
9.5367e-07
3.2902e-05
5.0497e-04
3.0994e-06
1.9073e-06
4.0054e-05
1.6809e-04
1.9073e-06
4.1819e-04
3.0994e-06
1.9073e-06
3.8147e-05
6.6495e-04
3.0994e-06
2.2912e-04
1.9073e-06
1.9073e-06
4.1008e-05
4.3731e-03
3.0994e-06
4.0531e-06
4.1962e-05
9.5367e-07
3.2902e-05
0.0000e+00
3.2902e-05
9.5367e-07
3.6001e-05
9.5367e-07
3.2902e-05
9.5367e-07
3.2902e-05
1.1921e-06
3.2902e-05
9.5367e-07
3.3140e-05
9.5367e-07
3.3140e-05
1.9073e-06
3.6001e-05
3.2630e-03
2.8610e-06
2.0194e-04
1.9073e-06
1.4901e-04
1.9073e-06
1.4806e-04
2.1458e-06
3.7694e-04
2.8610e-06
2.1458e-06
4.4107e-05
9.5367e-07
3.3855e-05
1.9059e-03
3.0994e-06
2.2411e-04
2.8610e-06
1.4806e-04
3.0994e-06
1.4496e-04
3.0994e-06
9.5367e-07
4.1008e-05
9.5367e-07
3.4094e-05
4.1294e-04
3.0994e-06
1.8311e-04
1.9073e-06
1.0180e-03
3.0994e-06
4.0531e-06
4.1962e-05
9.5367e-07
3.4094e-05
5.4002e-04
2.1458e-06
1.9073e-06
3.6001e-05
1.1110e-04
2.1458e-06
3.5095e-04
2.1458e-06
1.4496e-04
2.1458e-06
9.5367e-07
3.6001e-05
9.5367e-07
3.5048e-05
9.6607e-04
2.1458e-06
1.4806e-04
1.9073e-06
1.1921e-06
3.6001e-05
3.1805e-04
1.9073e-06
2.3508e-04
2.1458e-06
1.9073e-06
3.6955e-05
9.5367e-07
3.3140e-05
9.5367e-07
3.4094e-05
9.5367e-07
8.7976e-05
2.4605e-04
1.9073e-06
1.1420e-04
1.9073e-06
1.0610e-04
2.1458e-06
7.9870e-05
1.9073e-06
1.3304e-04
3.0994e-06
1.3900e-04
1.9073e-06
7.1049e-05
1.9073e-06
9.5367e-07
3.6001e-05
9.7036e-05
2.1458e-06
9.5367e-07
3.6955e-05
2.1458e-06
3.3855e-05
1.6785e-04
1.9073e-06
6.8903e-05
1.9073e-06
9.5367e-07
3.3855e-05
9.5367e-07
3.3140e-05
9.5367e-07
3.4094e-05
9.5367e-07
3.2902e-05
9.5367e-07
3.2902e-05
2.0504e-04
3.0994e-06
9.5367e-07
4.0054e-05
1.9073e-06
8.1062e-05
9.5367e-07
3.3140e-05
9.5367e-07
3.2902e-05
0.0000e+00
3.2902e-05
1.1921e-06
3.3855e-05
3.7003e-04
2.1458e-06
1.8597e-04
3.0994e-06
1.5903e-04
1.9073e-06
1.9073e-06
3.6001e-05
2.7490e-04
1.9073e-06
3.0994e-06
3.6001e-05
2.1601e-04
1.9073e-06
9.5367e-07
3.9816e-05
8.0109e-05
2.1458e-06
9.5367e-07
4.1962e-05
2.5201e-04
1.9073e-06
1.6594e-04
1.9073e-06
8.2016e-05
1.9073e-06
8.1062e-05
2.1458e-06
9.5367e-07
3.6001e-05
9.8944e-05
1.9073e-06
9.5367e-07
8.5831e-05
2.1458e-06
3.3855e-05
8.4877e-05
2.1458e-06
9.7036e-05
2.1458e-06
9.5367e-07
3.6001e-05
8.6069e-05
1.9073e-06
9.2030e-05
1.9073e-06
9.5367e-07
3.6001e-05
9.5367e-07
3.2902e-05
1.4210e-04
1.9073e-06
1.9073e-06
8.2970e-05
4.4823e-05
1.9073e-06
2.0194e-04
2.8610e-06
1.1921e-06
3.6001e-05
9.5367e-07
3.3855e-05
1.4997e-04
1.9073e-06
1.0014e-04
1.9073e-06
1.9073e-06
3.6001e-05
9.5367e-07
3.8147e-05
1.9073e-06
3.2902e-05
1.9073e-06
3.4809e-05
9.5367e-07
3.2902e-05
2.4104e-04
1.9073e-06
1.9073e-06
3.6955e-05
1.2517e-04
1.9073e-06
1.1921e-06
3.5048e-05
1.3185e-04
1.9073e-06
7.7009e-05
3.0994e-06
9.5367e-07
3.5048e-05
9.5367e-07
3.2187e-05
1.9073e-06
3.6001e-05
7.6056e-05
2.1458e-06
9.9897e-05
2.1458e-06
9.5367e-07
3.5048e-05
1.6212e-04
1.9073e-06
9.5367e-07
4.1962e-05
2.1458e-06
3.2902e-05
9.5367e-07
3.2902e-05
1.7595e-04
1.9073e-06
9.5367e-07
8.1062e-05
2.1458e-06
3.3855e-05
9.5367e-07
3.4094e-05
9.5367e-07
3.3140e-05
2.6798e-04
2.8610e-06
9.5367e-07
3.5048e-05
7.2956e-05
1.9073e-06
5.5075e-05
3.0994e-06
9.5367e-07
4.0054e-05
1.1706e-04
3.0994e-06
1.1086e-04
3.0994e-06
8.6069e-05
3.0994e-06
1.8835e-05
3.0994e-06
1.9073e-06
3.5048e-05
7.2002e-05
3.0994e-06
9.5367e-07
3.5048e-05
1.9073e-06
3.8147e-05
0.0000e+00
4.6968e-05
2.1458e-06
1.5402e-04
1.9073e-06
2.8014e-04
2.1458e-06
4.1008e-05
9.5367e-07
3.3140e-05
5.4598e-04
3.0994e-06
4.6968e-05
2.1458e-06
1.9073e-06
4.1008e-05
2.6917e-04
2.8610e-06
2.3127e-05
3.0994e-06
1.9073e-06
4.1008e-05
9.5367e-07
3.4094e-05
9.5367e-07
7.9155e-05
1.8070e-03
2.1458e-06
4.6182e-04
1.9073e-06
2.1458e-06
4.0054e-05
9.5367e-07
3.3140e-05
9.5367e-07
3.3140e-05
1.1921e-06
3.2902e-05
9.5367e-07
3.2902e-05
0.0000e+00
3.5048e-05
1.1921e-06
9.9897e-05
2.0684e-02
1.9073e-06
1.7595e-04
3.0994e-06
1.4901e-04
2.1458e-06
9.5367e-07
4.0054e-05
3.3402e-04
2.8610e-06
9.5367e-07
3.6955e-05
3.3903e-04
3.0994e-06
2.0409e-04
2.1458e-06
8.9693e-04
1.9073e-06
2.8610e-06
4.4107e-05
9.5367e-07
1.1110e-04
9.5367e-07
3.5048e-05
6.2704e-04
2.8610e-06
2.1458e-06
3.7909e-05
0.0000e+00
3.4094e-05
5.0187e-04
2.8610e-06
9.5367e-07
3.6955e-05
9.5797e-04
2.8610e-06
2.8610e-06
4.1008e-05
1.9073e-06
8.4162e-05
1.9073e-06
3.5048e-05
4.3151e-03
3.0994e-06
1.9002e-04
3.0994e-06
1.5783e-04
1.9073e-06
9.5367e-07
4.4823e-05
1.1921e-06
3.2902e-05
4.5419e-04
2.8610e-06
2.6011e-04
2.1458e-06
1.5306e-04
1.9073e-06
1.5211e-04
2.1458e-06
9.5367e-07
3.6001e-05
2.1458e-06
3.6001e-05
9.5367e-07
1.5712e-04
3.6001e-04
1.9073e-06
9.5367e-07
3.7909e-05
1.1921e-06
3.7909e-05
9.5367e-07
3.4094e-05
1.9908e-04
1.9073e-06
7.8917e-05
2.1458e-06
9.5367e-07
4.1008e-05
9.5367e-07
3.5048e-05
9.5367e-07
3.2902e-05
5.5099e-04
3.0994e-06
1.0490e-04
2.1458e-06
5.9605e-06
3.8862e-05
2.1291e-04
2.8610e-06
1.2860e-03
3.0994e-06
1.3011e-02
3.0994e-06
4.1089e-03
3.0994e-06
7.8678e-06
5.0068e-05
9.5367e-07
1.2803e-04
3.6716e-04
2.1458e-06
1.9073e-06
4.1962e-05
9.5367e-07
3.3855e-05
1.1921e-06
3.2902e-05
9.5367e-07
3.2187e-05
1.6160e-03
3.0994e-06
3.3903e-04
3.0994e-06
1.9073e-06
4.1008e-05
3.4094e-04
2.8610e-06
2.0409e-04
2.1458e-06
1.9073e-06
1.7619e-03
4.0531e-06
3.6001e-05
9.5367e-07
3.2902e-05
9.4104e-04
2.1458e-06
2.3794e-04
1.9073e-06
9.5367e-07
6.6042e-05
2.1458e-06
3.7909e-05
2.3131e-03
3.0994e-06
1.0896e-04
4.2915e-05
1.9073e-06
3.6001e-05
1.1921e-06
3.2902e-05
1.2841e-03
3.0994e-06
2.2507e-04
1.9073e-06
9.5367e-07
6.4721e-03
2.9492e-04
1.9073e-06
9.5367e-07
3.8862e-05
9.5367e-07
3.3855e-05
0.0000e+00
3.4094e-05
1.1921e-06
3.6001e-05
9.9897e-04
3.0994e-06
2.1458e-06
3.7909e-05
9.5367e-07
3.4094e-05
4.2105e-04
3.0994e-06
9.5367e-07
3.5048e-05
9.5367e-07
3.1948e-05
0.0000e+00
3.3140e-05
0.0000e+00
7.9870e-05
6.2084e-04
1.9073e-06
2.0814e-04
1.9073e-06
1.9908e-04
2.1458e-06
9.5367e-07
3.8147e-05
2.5487e-04
1.9073e-06
1.4901e-04
3.0994e-06
1.9073e-06
3.6001e-05
1.1861e-03
1.9073e-06
1.9073e-06
3.6955e-05
9.5367e-07
3.4094e-05
9.5367e-07
1.0705e-04
5.7197e-04
2.8610e-06
3.1304e-04
1.9073e-06
1.3614e-04
2.8610e-06
9.5367e-07
4.0054e-05
1.8191e-04
1.9073e-06
6.4135e-05
1.9073e-06
1.1921e-06
3.6001e-05
9.5367e-07
3.2902e-05
1.1921e-06
3.2902e-05
2.1195e-04
2.8610e-06
1.9073e-06
3.8147e-05
9.5367e-07
3.3140e-05
9.5367e-07
3.2902e-05
9.5367e-07
3.2902e-05
0.0000e+00
3.4094e-05
9.5367e-07
3.3140e-05
9.5367e-07
3.8862e-05
9.5367e-07
1.8001e-04
6.4991e-03
2.1458e-06
4.0531e-06
4.1962e-05
3.2210e-04
3.0994e-06
1.5092e-04
2.1458e-06
9.5367e-07
3.6955e-05
1.0514e-04
1.9073e-06
3.3498e-04
3.0994e-06
9.5367e-07
3.6001e-05
5.1308e-04
2.1458e-06
1.8501e-04
2.1458e-06
1.9073e-06
2.9016e-04
1.9073e-06
6.7949e-05
9.5367e-07
1.4710e-04
4.9710e-04
1.9073e-06
1.9073e-06
3.6001e-05
1.6809e-04
2.8610e-06
1.1921e-06
6.1035e-05
1.0395e-04
2.1458e-06
9.1076e-05
1.9073e-06
1.9073e-06
3.6955e-05
1.9073e-06
1.3494e-04
1.9073e-06
3.4094e-05
2.2101e-04
1.9073e-06
2.1458e-06
3.6955e-05
9.5367e-07
5.6982e-05
2.3413e-04
1.9073e-06
1.2183e-04
1.9073e-06
9.5367e-07
3.6001e-05
9.5367e-07
3.2902e-05
9.5367e-07
8.4877e-05
2.1458e-06
3.5048e-05
6.9809e-04
1.9073e-06
1.4591e-04
1.9073e-06
1.9813e-04
3.0994e-06
9.5367e-07
3.6955e-05
9.5367e-07
3.3140e-05
3.6192e-04
2.1458e-06
1.9073e-06
3.6001e-05
9.5367e-07
3.3140e-05
9.5367e-07
3.5048e-05
1.8952e-03
1.9073e-06
1.5521e-04
1.9073e-06
9.5367e-07
3.8862e-05
2.5821e-04
2.8610e-06
1.1921e-06
3.6001e-05
0.0000e+00
3.4094e-05
1.3149e-03
2.8610e-06
3.8147e-06
4.0770e-05
9.5367e-07
3.3855e-05
1.9073e-06
3.8862e-05
6.3970e-03
2.8610e-06
1.5020e-04
1.9073e-06
2.4891e-04
3.0994e-06
9.5367e-07
4.0054e-05
9.5367e-07
2.0409e-04
5.0092e-04
1.9073e-06
1.1921e-06
3.6001e-05
9.1100e-04
2.1458e-06
2.8610e-06
4.2915e-05
4.8089e-04
1.9073e-06
1.9073e-06
3.6955e-05
9.5367e-07
3.5048e-05
6.8903e-04
2.1458e-06
8.2016e-05
3.0994e-06
1.5688e-04
3.0994e-06
2.8110e-04
1.9073e-06
1.5092e-04
2.1458e-06
2.1386e-04
1.9073e-06
1.4806e-04
2.1458e-06
9.5367e-07
4.0054e-05
1.0395e-04
1.9073e-06
5.0116e-04
6.3896e-05
1.3995e-04
2.1458e-06
3.6001e-05
2.1458e-06
9.5367e-07
6.4135e-05
2.1458e-06
3.5048e-05
9.5367e-07
3.4094e-05
2.0480e-04
1.9073e-06
3.0041e-05
1.9073e-06
1.3208e-04
3.0994e-06
9.5367e-07
3.6001e-05
9.5367e-07
3.3140e-05
1.2183e-04
2.8610e-06
9.5367e-07
3.6001e-05
9.5367e-07
3.3855e-05
1.0419e-04
1.9073e-06
2.2817e-04
3.0994e-06
9.5367e-07
3.6955e-05
2.5201e-04
3.0994e-06
1.9693e-04
1.9073e-06
1.9193e-04
1.9073e-06
9.5367e-07
3.6001e-05
4.3869e-05
3.0994e-06
7.6056e-05
1.9073e-06
9.2983e-05
2.8610e-06
9.5367e-07
3.5048e-05
1.4591e-04
2.8610e-06
2.1458e-06
3.4809e-05
1.0800e-04
1.9073e-06
3.6001e-05
2.1458e-06
9.5367e-07
3.6955e-05
1.9908e-04
3.0994e-06
9.2030e-05
1.9073e-06
9.5367e-07
3.6001e-05
9.5367e-07
8.7023e-05
9.5367e-07
3.4094e-05
9.5367e-07
3.3140e-05
1.2398e-04
3.0994e-06
9.5367e-07
3.5048e-05
1.6904e-04
1.9073e-06
9.5367e-07
3.4809e-05
9.6393e-04
3.0994e-06
1.8406e-04
2.1458e-06
1.7381e-04
2.8610e-06
1.7405e-04
2.1458e-06
1.5497e-04
1.9073e-06
5.5385e-04
1.9073e-06
1.7715e-04
1.9073e-06
1.0920e-04
1.9073e-06
1.9073e-06
4.1008e-05
1.6212e-04
2.1458e-06
2.1935e-05
2.1458e-06
1.6189e-04
2.1458e-06
9.5367e-07
3.6001e-05
1.9073e-05
3.6001e-05
1.1921e-06
3.2902e-05
9.5367e-07
1.6785e-04
2.1458e-06
3.5048e-05
1.1921e-06
3.2902e-05
0.0000e+00
3.2902e-05
3.0494e-04
2.1458e-06
1.9073e-06
3.6001e-05
1.3709e-04
2.1458e-06
1.9073e-06
3.6001e-05
9.5367e-07
3.3140e-05
1.4806e-04
3.0994e-06
9.0837e-05
1.9073e-06
2.0027e-05
2.1458e-06
1.0490e-04
1.9073e-06
7.6056e-05
2.1458e-06
6.4850e-05
2.8610e-06
1.6499e-04
1.9073e-06
9.5367e-07
4.4107e-05
3.0088e-04
1.9073e-06
9.5367e-07
3.4809e-05
2.9683e-04
1.9073e-06
1.4496e-04
2.8610e-06
1.4496e-04
1.9073e-06
1.4400e-04
1.9073e-06
1.4901e-04
2.8610e-06
1.7309e-04
3.0994e-06
1.9073e-06
3.6001e-05
9.5367e-07
3.2902e-05
0.0000e+00
3.2902e-05
0.0000e+00
3.3140e-05
9.5367e-07
3.3140e-05
1.1921e-06
3.2902e-05
0.0000e+00
8.2016e-05
2.1458e-06
3.2902e-05
3.2210e-04
3.0994e-06
9.5367e-07
3.5048e-05
9.5367e-07
3.3140e-05
1.4806e-04
2.1458e-06
8.2016e-05
1.9073e-06
6.9857e-05
1.9073e-06
9.5367e-07
3.6001e-05
1.2302e-04
2.1458e-06
9.5367e-07
9.2030e-05
9.4891e-05
2.8610e-06
8.2970e-05
1.9073e-06
7.5102e-05
3.0994e-06
1.1802e-04
1.9073e-06
6.5804e-05
2.8610e-06
6.6042e-05
2.1458e-06
6.3896e-05
1.9073e-06
6.6042e-05
3.0994e-06
9.5367e-07
3.6001e-05
1.1921e-06
3.2902e-05
9.5367e-07
3.2902e-05
9.5367e-07
8.0109e-05
2.6488e-04
1.9073e-06
2.3127e-05
2.8610e-06
1.5616e-04
2.1458e-06
9.5367e-07
5.6982e-05
1.2898e-04
1.9073e-06
7.8201e-05
1.9073e-06
1.1921e-06
3.5048e-05
1.1587e-04
3.0994e-06
1.9073e-06
3.6001e-05
9.5367e-07
3.2902e-05
9.1076e-05
1.9073e-06
1.9073e-06
3.5048e-05
1.5903e-04
3.0994e-06
1.9073e-06
3.5048e-05
1.2684e-04
2.8610e-06
7.8917e-05
1.9073e-06
7.5102e-05
2.1458e-06
6.6042e-05
1.9073e-06
7.4148e-05
2.1458e-06
3.0994e-05
2.1458e-06
9.5367e-07
3.5048e-05
1.7405e-04
1.9073e-06
9.5367e-07
8.2016e-05
9.8944e-05
1.9073e-06
1.6093e-04
1.9073e-06
2.1458e-06
3.6955e-05
9.5367e-07
3.2902e-05
1.1921e-06
3.2902e-05
9.5367e-07
3.2902e-05
2.5392e-04
3.0994e-06
9.5367e-07
3.4809e-05
1.1921e-06
8.0824e-05
2.1458e-06
3.3855e-05
9.5367e-07
3.3140e-05
1.2708e-04
2.8610e-06
9.7036e-05
3.0994e-06
6.6042e-05
1.9073e-06
9.5367e-07
3.6001e-05
1.0991e-04
3.0994e-06
6.8903e-05
1.9073e-06
9.1076e-05
2.1458e-06
9.5367e-07
3.5048e-05
9.5367e-07
8.7023e-05
1.6308e-04
2.8610e-06
1.1921e-06
3.5048e-05
7.7009e-05
1.9073e-06
9.5367e-07
3.4809e-05
1.1921e-06
4.1008e-05
2.2411e-04
2.1458e-06
9.5367e-07
3.6001e-05
2.7704e-04
2.1458e-06
1.1730e-03
2.1458e-06
1.9073e-06
8.7976e-05
1.1921e-06
3.3855e-05
1.1921e-06
3.2902e-05
0.0000e+00
3.3140e-05
9.5367e-07
3.2902e-05
8.2016e-04
2.1458e-06
1.9073e-06
3.8147e-05
9.5367e-07
3.3855e-05
2.0719e-04
2.8610e-06
2.1458e-06
3.7909e-05
9.5367e-07
3.3140e-05
3.8898e-03
3.0994e-06
3.0994e-06
4.1962e-05
4.2605e-04
1.9073e-06
1.9073e-06
3.9101e-05
1.9073e-06
3.6001e-05
6.7072e-03
3.0994e-06
4.0531e-06
4.1008e-05
9.5367e-07
8.7023e-05
5.2781e-03
2.8610e-06
2.2562e-03
5.1022e-05
1.9073e-06
3.4094e-05
9.5367e-07
3.3140e-05
3.8195e-04
2.1458e-06
6.2943e-05
2.1458e-06
9.5367e-07
3.6001e-05
1.1461e-03
1.9073e-06
2.1458e-06
4.1008e-05
2.1505e-04
1.9073e-06
1.1921e-06
3.6955e-05
3.2210e-04
1.9073e-06
1.4901e-04
1.9073e-06
1.1921e-06
3.6001e-05
2.0969e-03
1.9073e-06
2.4414e-04
2.8610e-06
9.5367e-07
4.0054e-05
1.0586e-04
1.9073e-06
9.5367e-07
3.6001e-05
2.3389e-04
3.0994e-06
4.4894e-04
2.1458e-06
1.9073e-06
3.7909e-05
9.5367e-07
3.3140e-05
9.5367e-07
3.2902e-05
0.0000e+00
3.3855e-05
9.5367e-07
3.1948e-05
9.5367e-07
3.3140e-05
9.5367e-07
3.2902e-05
2.3839e-03
6.0081e-05
4.1962e-05
4.1008e-05
9.5367e-07
3.3140e-05
1.5762e-03
3.0994e-06
8.2970e-05
2.1458e-06
9.5367e-07
4.1008e-05
9.3937e-05
1.9073e-06
1.3399e-04
1.9073e-06
1.1267e-02
2.1458e-06
4.0531e-06
4.1962e-05
4.1795e-04
2.1458e-06
1.9073e-06
8.7023e-05
2.7919e-04
1.9073e-06
1.6379e-04
2.8610e-06
9.5367e-07
3.6001e-05
1.1921e-06
3.2902e-05
3.0398e-04
2.8610e-06
2.6393e-04
2.8610e-06
1.4710e-04
2.1458e-06
1.4687e-04
1.9073e-06
1.1921e-06
3.6001e-05
9.5367e-07
3.1948e-05
1.1921e-06
7.9870e-05
2.4509e-04
2.1458e-06
9.5367e-07
3.5048e-05
9.5367e-07
3.3140e-05
9.8085e-04
1.9073e-06
1.6594e-04
2.8610e-06
1.1921e-06
3.6001e-05
2.6488e-04
1.9073e-06
9.5367e-07
3.4809e-05
2.7204e-04
3.0994e-06
2.1505e-04
2.1458e-06
8.4877e-05
3.0994e-06
8.1062e-05
2.1458e-06
1.5688e-04
1.9073e-06
1.5211e-04
1.9073e-06
1.4830e-03
3.0994e-06
4.0531e-06
1.2398e-04
1.0049e-03
1.9073e-06
1.2708e-04
3.0994e-06
6.7949e-05
1.9073e-06
9.5367e-07
3.7193e-05
2.0194e-04
2.1458e-06
2.0981e-05
3.6001e-05
2.1458e-06
3.6001e-05
1.9193e-04
2.1458e-06
1.9073e-06
3.8147e-05
9.5367e-07
3.4094e-05
3.5501e-04
2.1458e-06
2.1696e-04
3.0994e-06
9.5367e-07
3.8147e-05
2.9707e-04
3.0994e-06
9.5367e-07
3.6001e-05
9.5367e-07
3.4094e-05
2.1458e-06
3.5048e-05
9.5367e-07
3.4094e-05
9.5367e-07
3.4094e-05
7.1406e-04
2.8610e-06
2.1458e-06
3.8862e-05
1.1921e-06
1.2589e-04
2.1458e-06
3.6001e-05
9.5367e-07
3.3140e-05
1.4806e-04
2.1458e-06
9.5367e-07
3.5048e-05
1.7595e-04
3.0994e-06
6.2943e-05
2.8610e-06
7.0095e-05
2.1458e-06
9.5367e-07
3.6001e-05
1.0705e-04
2.1458e-06
1.9073e-06
3.5048e-05
4.2915e-05
2.8610e-06
1.9073e-06
3.5048e-05
1.1802e-04
1.9073e-06
1.9073e-06
3.6955e-05
9.5367e-07
3.4094e-05
9.5367e-07
1.1611e-04
9.5367e-07
3.3140e-05
4.8399e-04
1.9073e-06
2.3842e-05
1.9073e-06
1.1921e-06
3.6001e-05
9.5367e-07
3.3140e-05
1.1921e-06
7.8917e-05
1.1921e-06
3.5048e-05
2.3913e-04
3.0994e-06
1.7905e-04
2.8610e-06
7.9870e-05
2.1458e-06
2.1935e-05
1.9073e-06
1.0300e-04
1.9073e-06
8.7023e-05
3.0994e-06
1.2398e-04
3.0994e-06
1.0896e-04
2.1458e-06
2.2388e-04
1.9073e-06
1.4806e-04
2.1458e-06
9.5367e-07
3.9101e-05
3.0398e-04
2.1458e-06
1.9073e-06
3.6001e-05
2.8110e-04
3.0994e-06
1.9073e-06
3.6001e-05
9.5367e-07
3.3140e-05
9.5367e-07
3.2902e-05
1.1921e-06
3.1948e-05
4.5300e-04
2.1458e-06
7.2002e-05
2.1458e-06
8.8930e-05
2.1458e-06
1.3399e-04
2.1458e-06
6.9857e-05
3.0994e-06
2.1935e-05
1.9073e-06
1.9073e-06
3.7193e-05
8.3923e-05
2.1458e-06
9.5367e-07
3.5048e-05
9.5367e-07
3.3140e-05
0.0000e+00
3.2902e-05
9.5367e-07
6.3181e-05
2.4199e-04
2.1458e-06
9.5367e-07
8.1062e-05
6.1989e-05
1.9073e-06
1.3995e-04
2.8610e-06
1.9073e-06
3.6001e-05
1.1921e-06
3.2902e-05
9.5367e-07
3.2902e-05
9.5367e-07
3.2902e-05
1.6499e-04
2.8610e-06
3.9101e-05
2.1458e-06
1.3304e-04
1.9073e-06
9.2030e-05
1.9073e-06
4.1008e-05
1.9073e-06
1.9073e-06
3.6001e-05
7.7963e-05
2.1458e-06
9.5367e-07
3.5048e-05
5.1975e-05
2.1458e-06
9.5367e-07
3.6001e-05
1.1110e-04
3.0994e-06
9.5367e-07
3.5048e-05
1.7095e-04
2.1458e-06
9.5367e-07
3.6001e-05
1.1921e-06
7.8917e-05
7.5102e-05
2.1458e-06
1.4305e-04
1.9073e-06
1.0109e-04
2.1458e-06
9.5367e-07
3.6001e-05
5.6982e-05
1.9073e-06
1.7500e-04
1.9073e-06
7.5102e-05
2.1458e-06
6.6042e-05
1.9073e-06
8.2016e-05
1.9073e-06
1.1921e-06
3.6001e-05
1.0419e-04
1.9073e-06
9.5367e-07
3.5048e-05
4.4107e-05
1.9073e-06
3.8147e-05
1.9073e-06
9.5367e-07
3.5048e-05
2.0099e-04
1.9073e-06
2.2888e-05
3.0994e-06
1.9073e-06
3.7909e-05
1.9073e-06
3.3140e-05
9.5367e-07
3.3140e-05
9.5367e-07
3.1948e-05
2.8706e-04
2.1458e-06
9.5367e-07
8.2970e-05
1.2994e-04
3.0994e-06
2.0027e-05
2.1458e-06
1.9073e-06
3.6001e-05
9.5367e-07
3.2902e-05
9.5367e-07
3.3140e-05
2.2292e-04
2.1458e-06
2.1935e-05
1.9073e-06
9.5367e-07
3.6001e-05
4.6015e-05
1.9073e-06
2.1458e-06
2.0885e-04
2.1458e-06
3.4094e-05
9.5367e-07
3.3855e-05
2.2316e-04
1.9073e-06
2.1815e-04
3.0994e-06
2.0981e-05
1.9073e-06
1.1921e-06
3.6001e-05
1.2684e-04
1.9073e-06
1.3518e-04
1.9073e-06
9.3222e-05
1.9073e-06
2.1458e-06
3.6001e-05
3.6955e-05
1.9073e-06
9.2030e-05
3.0994e-06
2.9087e-04
2.1458e-06
1.4591e-04
1.9073e-06
9.5367e-07
3.6001e-05
2.4486e-04
1.9073e-06
1.4496e-04
1.9073e-06
9.5367e-07
3.5048e-05
2.9302e-04
1.9073e-06
9.5367e-07
3.6001e-05
1.4091e-04
2.1458e-06
3.6001e-05
2.1458e-06
9.5367e-07
9.2030e-05
2.1458e-06
3.3855e-05
9.5367e-07
3.3140e-05
9.5367e-07
7.0095e-05
9.5367e-07
4.1962e-05
3.2902e-04
2.8610e-06
1.7214e-04
1.9073e-06
4.1962e-05
3.0994e-06
9.7990e-05
3.0994e-06
9.5367e-07
3.5048e-05
7.2956e-05
2.1458e-06
2.1935e-05
2.1458e-06
8.1062e-05
1.9073e-06
9.9182e-05
1.9073e-06
9.5367e-07
3.5048e-05
9.5367e-07
3.3140e-05
9.8228e-05
2.8610e-06
8.7976e-05
1.9073e-06
9.5367e-07
3.6001e-05
1.4615e-04
2.1458e-06
7.5817e-05
2.8610e-06
1.8120e-05
2.1458e-06
9.5367e-07
8.8930e-05
1.1921e-06
3.2902e-05
9.5367e-07
3.2902e-05
9.5367e-07
3.1948e-05
2.6321e-04
1.9073e-06
1.1921e-06
3.5048e-05
2.1935e-05
2.1458e-06
9.5367e-07
3.5048e-05
9.5367e-07
3.3140e-05
1.9073e-06
3.5048e-05
1.9789e-04
1.9073e-06
9.5367e-07
3.6001e-05
1.2589e-04
2.1458e-06
9.5367e-07
3.6001e-05
9.5367e-07
3.2902e-05
1.6499e-04
3.0994e-06
1.9073e-06
3.6001e-05
8.2970e-05
1.9073e-06
1.9073e-06
8.1062e-05
2.1458e-06
3.3855e-05
5.7936e-05
1.9073e-06
4.6968e-05
1.9073e-06
1.8191e-04
1.9073e-06
9.5367e-07
3.4809e-05
1.1921e-06
3.2902e-05
7.1049e-05
1.9073e-06
1.2898e-04
1.9073e-06
9.5367e-07
3.5048e-05
1.1110e-04
2.1458e-06
9.5367e-07
8.2016e-05
2.1458e-06
3.8862e-05
2.1458e-06
3.5048e-05
1.1921e-06
3.2902e-05
4.9710e-04
1.9073e-06
3.0994e-05
1.9073e-06
1.0109e-04
2.1458e-06
6.4850e-05
2.8610e-06
6.4135e-05
2.1458e-06
1.9073e-06
3.7193e-05
9.5367e-07
8.2016e-05
1.9073e-06
3.4094e-05
2.5105e-04
1.9073e-06
9.5367e-07
6.9857e-05
2.1458e-06
3.2902e-05
2.6894e-04
1.9073e-06
1.3709e-04
2.1458e-06
9.5367e-07
3.5048e-05
9.5367e-07
3.4094e-05
9.5367e-07
1.9097e-04
1.3709e-04
2.1458e-06
9.5367e-07
3.6001e-05
9.5367e-07
3.3140e-05
3.5882e-04
1.9073e-06
1.4901e-04
1.9073e-06
1.4901e-04
2.1458e-06
9.5367e-07
3.7193e-05
9.5367e-07
3.3855e-05
9.5367e-07
3.2902e-05
9.5367e-07
9.5129e-05
9.5367e-07
3.4094e-05
1.2310e-03
2.1458e-06
3.0994e-06
4.1008e-05
9.5367e-07
3.3855e-05
9.5367e-07
3.2902e-05
9.3699e-04
2.1458e-06
1.5092e-04
2.8610e-06
1.4997e-04
1.9073e-06
2.1458e-06
3.7909e-05
2.5988e-04
3.0994e-06
1.4687e-04
2.8610e-06
1.9717e-04
1.9073e-06
1.9622e-04
1.9073e-06
1.1921e-06
3.6955e-05
9.5367e-07
3.2902e-05
4.0817e-04
2.1458e-06
1.5092e-04
2.1458e-06
1.9073e-06
3.7193e-05
2.5105e-04
1.9073e-06
9.5367e-07
3.6001e-05
2.4915e-04
5.6028e-05
9.5367e-07
3.6001e-05
2.9898e-04
2.1458e-06
1.9073e-06
3.6955e-05
3.0398e-04
1.9073e-06
9.5367e-07
3.6001e-05
1.1921e-06
3.3855e-05
4.3106e-04
2.1458e-06
9.5367e-07
3.6001e-05
2.5797e-04
1.9073e-06
2.0504e-04
3.0994e-06
1.4901e-04
2.8610e-06
1.9503e-04
2.1458e-06
9.5367e-07
3.6001e-05
2.4796e-04
1.9073e-06
3.3998e-04
1.9073e-06
1.9073e-06
3.8147e-05
9.5367e-07
3.4094e-05
1.1921e-06
3.2902e-05
9.1290e-04
2.8610e-06
1.5092e-04
3.0994e-06
1.5092e-04
1.9073e-06
9.5367e-07
1.0014e-04
3.1900e-04
2.1458e-06
9.5367e-07
3.6955e-05
9.5367e-07
3.3140e-05
2.4509e-04
1.9073e-06
1.6880e-04
1.9073e-06
1.2302e-04
1.9073e-06
9.5367e-07
3.8862e-05
9.5367e-07
3.3855e-05
1.3900e-03
3.0994e-06
4.0531e-06
1.3900e-04
4.1294e-04
1.9073e-06
1.5378e-04
2.8610e-06
1.4710e-04
2.1458e-06
2.7299e-04
1.9073e-06
1.0085e-04
1.9073e-06
1.3494e-04
3.0994e-06
2.4080e-05
1.9073e-06
2.9516e-04
2.1458e-06
9.5367e-07
3.9101e-05
9.5367e-07
3.4094e-05
2.7299e-04
1.9073e-06
2.0099e-04
1.9073e-06
6.7234e-05
1.9073e-06
1.8692e-04
2.8610e-06
2.5702e-04
3.0994e-06
3.0994e-06
4.0054e-05
3.8002e-03
3.8147e-06
8.1062e-06
5.2929e-05
9.5367e-07
3.2902e-05
9.5367e-07
3.4094e-05
9.5367e-07
3.3140e-05
9.5367e-07
1.6093e-04
3.0994e-06
3.6001e-05
4.1784e-02
3.0994e-06
5.0068e-06
4.1008e-05
5.8198e-04
1.9073e-06
2.1458e-06
1.0395e-04
3.7611e-03
3.0994e-06
1.6189e-04
3.0994e-06
9.5367e-07
4.0054e-05
2.5606e-04
2.1458e-06
1.9073e-06
3.6001e-05
5.0092e-04
5.1975e-05
1.5807e-04
2.1458e-06
1.9073e-06
3.9101e-05
0.0000e+00
3.4094e-05
3.8099e-04
1.9073e-06
9.5367e-07
3.6001e-05
9.5367e-07
3.3140e-05
1.4997e-04
2.8610e-06
4.2701e-04
2.8610e-06
1.1921e-06
5.8889e-05
2.7800e-04
1.9073e-06
1.9073e-06
3.6955e-05
9.5367e-07
3.4094e-05
4.0007e-04
2.8610e-06
2.1100e-04
2.8610e-06
2.1458e-06
3.6001e-05
1.1921e-06
3.2902e-05
5.3906e-04
2.1458e-06
1.9073e-06
3.7193e-05
3.0899e-04
1.9073e-06
1.9073e-06
8.2970e-05
9.5367e-07
3.4809e-05
1.1671e-03
1.9073e-06
3.9220e-04
2.8610e-06
2.1458e-06
3.7909e-05
3.1900e-04
1.9073e-06
1.5116e-04
2.8610e-06
1.4377e-04
1.9073e-06
1.4615e-04
2.1458e-06
6.7110e-03
3.0994e-06
5.2595e-04
2.8610e-06
3.0994e-06
4.1962e-05
1.7810e-04
2.1458e-06
2.8610e-06
3.9101e-05
3.4189e-04
2.8610e-06
2.1458e-06
3.6001e-05
9.5367e-07
3.2902e-05
1.1921e-06
3.2902e-05
8.1396e-04
2.8610e-06
1.4806e-04
1.9073e-06
9.5367e-07
3.8147e-05
9.5367e-07
3.4094e-05
4.5013e-04
2.1458e-06
3.4499e-04
3.0994e-06
1.5092e-04
2.1458e-06
1.9073e-06
3.9101e-05
3.1281e-04
1.9073e-06
1.1921e-06
3.6955e-05
9.5367e-07
3.3140e-05
2.1491e-03
3.0994e-06
1.6093e-04
1.9073e-06
1.1921e-06
3.7909e-05
9.5367e-07
3.4094e-05
9.5367e-07
3.4809e-05
1.1921e-06
3.2902e-05
9.5367e-07
3.3140e-05
9.5367e-07
3.2902e-05
7.9012e-04
2.1458e-06
9.5367e-07
3.6001e-05
2.1458e-06
3.2902e-05
5.6100e-04
3.0994e-06
2.1458e-06
8.9884e-05
2.1458e-06
3.3855e-05
4.4107e-04
3.0994e-06
1.4901e-04
2.1458e-06
9.5367e-07
3.5048e-05
9.5367e-07
3.4094e-05
9.5367e-07
3.3140e-05
9.5367e-07
3.3855e-05
8.0919e-04
3.0994e-06
1.9073e-06
8.7976e-05
4.2415e-04
3.0994e-06
1.5688e-04
1.9073e-06
1.4806e-04
1.9073e-06
1.5211e-04
3.0994e-06
2.1219e-04
2.8610e-06
2.1458e-06
3.6955e-05
3.0494e-04
1.9073e-06
1.4591e-04
1.9073e-06
1.1921e-06
3.5048e-05
6.0081e-04
2.8610e-06
1.9073e-06
4.1008e-05
1.3614e-04
1.9073e-06
2.1458e-06
3.7909e-05
9.5367e-07
3.4094e-05
9.5367e-07
3.3140e-05
4.5919e-04
1.9073e-06
9.5367e-07
3.6001e-05
2.6512e-04
2.8610e-06
2.1458e-06
3.7909e-05
4.8399e-04
2.1458e-06
9.5367e-07
3.6001e-05
4.9186e-04
1.9073e-06
9.5367e-07
3.6001e-05
6.9857e-05
3.0994e-06
9.5367e-07
3.5048e-05
9.5367e-07
3.3140e-05
9.5367e-07
3.1948e-05
6.6304e-04
2.8610e-06
2.1458e-06
7.2002e-05
2.1458e-06
3.3855e-05
3.6955e-05
3.0994e-06
1.9073e-06
3.6001e-05
1.1921e-06
3.2902e-05
9.5367e-07
3.4094e-05
9.5367e-07
3.3140e-05
9.5367e-07
3.2902e-05
4.1819e-04
2.8610e-06
9.5367e-07
3.4809e-05
1.1921e-06
3.2902e-05
3.5596e-04
2.1458e-06
9.5367e-07
3.6001e-05
1.1921e-06
3.3855e-05
6.6042e-05
2.1458e-06
1.2684e-04
1.9073e-06
9.5367e-07
3.4809e-05
0.0000e+00
3.2902e-05
1.6713e-04
1.9073e-06
2.1458e-06
3.6001e-05
9.5367e-07
7.7963e-05
1.1921e-06
3.4809e-05
9.5367e-07
3.2902e-05
9.5367e-07
3.2187e-05
9.5367e-07
3.2902e-05
6.6710e-04
2.1458e-06
2.0027e-05
3.0994e-06
1.1921e-06
3.5048e-05
8.5831e-05
2.8610e-06
1.0548e-02
2.8610e-06
5.9605e-06
9.4175e-05
1.9073e-06
3.4094e-05
7.0691e-04
2.1458e-06
1.9073e-06
3.9101e-05
3.9792e-04
1.9073e-06
1.2240e-03
2.8610e-06
9.5892e-04
3.0994e-06
4.0531e-06
4.1962e-05
3.4094e-04
1.9073e-06
1.4997e-04
1.9073e-06
2.7108e-04
3.0994e-06
9.5367e-07
9.6083e-05
9.5367e-07
3.4094e-05
3.7503e-04
3.0994e-06
1.9073e-06
3.6955e-05
1.0300e-04
3.0994e-06
1.9073e-06
3.6001e-05
1.1921e-06
3.2902e-05
9.5367e-07
3.3140e-05
9.5367e-07
3.3140e-05
8.2111e-04
2.8610e-06
2.0385e-04
3.0994e-06
9.5367e-07
3.7909e-05
9.5367e-07
3.4094e-05
5.6100e-04
1.9073e-06
1.5807e-04
2.1458e-06
9.5367e-07
3.8147e-05
9.5367e-07
3.3855e-05
1.1921e-06
3.3855e-05
9.5367e-07
3.3855e-05
1.1699e-03
1.9073e-06
3.0994e-06
3.9101e-05
9.5367e-07
3.2902e-05
9.5367e-07
3.2902e-05
2.1005e-04
2.1458e-06
9.5367e-07
3.6001e-05
7.7200e-04
2.8610e-06
3.0994e-06
3.7909e-05
2.9016e-04
1.9073e-06
3.8815e-04
2.1458e-06
9.0122e-05
3.0994e-06
9.5367e-07
3.7909e-05
3.2115e-04
1.9073e-06
9.5367e-07
3.6001e-05
1.4997e-04
3.0994e-06
1.6689e-04
1.9073e-06
2.1458e-06
3.6001e-05
1.1921e-06
3.2902e-05
9.5367e-07
3.2902e-05
9.5367e-07
9.0122e-05
1.9073e-06
3.5048e-05
5.4288e-04
1.9073e-06
2.1458e-06
3.6001e-05
9.5367e-07
3.2902e-05
3.3998e-04
2.8610e-06
8.3208e-05
2.8610e-06
7.8201e-05
2.8610e-06
2.1458e-06
9.8944e-05
2.9898e-04
2.1458e-06
2.0504e-04
1.9073e-06
1.1921e-06
8.6069e-05
4.7672e-03
3.0994e-06
4.0531e-06
4.1008e-05
2.5702e-04
2.1458e-06
9.5367e-07
3.6001e-05
0.0000e+00
3.3140e-05
3.5191e-04
1.9073e-06
9.5367e-07
3.6001e-05
3.4714e-04
3.0994e-06
1.9979e-04
1.9073e-06
2.1458e-06
8.5831e-05
9.5367e-07
3.4094e-05
9.5367e-07
3.2902e-05
1.9600e-03
2.8610e-06
2.6083e-04
1.9073e-06
2.1458e-06
4.1008e-05
5.7750e-03
3.8147e-06
2.6083e-04
2.8610e-06
1.5998e-04
1.9073e-06
1.1921e-06
4.1962e-05
9.5367e-07
1.4710e-04
4.6206e-04
2.1458e-06
1.7285e-04
1.9073e-06
4.1008e-04
3.0994e-06
1.5402e-04
1.9073e-06
2.3484e-04
2.1458e-06
1.9073e-06
3.9101e-05
2.7990e-04
2.8610e-06
2.1458e-06
4.1962e-05
9.5367e-07
3.5048e-05
9.5367e-07
3.4094e-05
9.5367e-07
1.0490e-04
2.5721e-03
2.8610e-06
4.7684e-06
4.2915e-05
4.1795e-04
1.9073e-06
1.5283e-04
1.9073e-06
2.1505e-04
2.1458e-06
9.5367e-07
3.9101e-05
3.1400e-04
3.0994e-06
9.5367e-07
3.6001e-05
2.6178e-04
1.9073e-06
1.1921e-06
3.6955e-05
2.6917e-04
1.9073e-06
8.3995e-04
3.0994e-06
1.6308e-04
1.9073e-06
1.1921e-06
4.3869e-05
3.7789e-04
2.1458e-06
9.5367e-07
4.1008e-05
3.5810e-04
2.1458e-06
1.9073e-06
3.6955e-05
9.5367e-07
3.3855e-05
3.0899e-04
1.9073e-06
9.5367e-07
5.2214e-05
1.1110e-04
1.9073e-06
5.0783e-05
3.0994e-06
9.5367e-07
3.6955e-05
9.5367e-07
3.4094e-05
9.5367e-07
3.2902e-05
0.0000e+00
3.3855e-05
2.2697e-04
1.9073e-06
2.1458e-06
4.8876e-05
2.1195e-04
1.9073e-06
1.1921e-06
6.1035e-05
3.0994e-05
1.9073e-06
1.1921e-06
3.5048e-05
1.1683e-04
1.9073e-06
2.1458e-06
4.6968e-05
9.5367e-07
3.3140e-05
1.6880e-04
1.9073e-06
7.6056e-05
1.9073e-06
6.8903e-05
1.9073e-06
2.5988e-05
1.9073e-06
7.9155e-05
3.0994e-06
2.1458e-06
5.5075e-05
1.0109e-04
1.9073e-06
1.1921e-06
3.5048e-05
8.2970e-05
2.1458e-06
9.5367e-07
3.7193e-05
9.5367e-07
3.2902e-05
9.5367e-07
3.2902e-05
9.5367e-07
3.3140e-05
9.5367e-07
3.2902e-05
9.5367e-07
7.0810e-05
9.5367e-07
3.3855e-05
0.0000e+00
3.3855e-05
3.6216e-04
2.8610e-06
1.4210e-04
3.0994e-06
9.2030e-05
2.8610e-06
2.5988e-04
2.1458e-06
9.5367e-07
6.7949e-05
2.7299e-04
1.9073e-06
9.5367e-07
3.5048e-05
1.8191e-04
3.0994e-06
1.1921e-06
4.9829e-05
2.1458e-06
3.3855e-05
1.1921e-06
3.2902e-05
0.0000e+00
3.2902e-05
1.8907e-04
1.9073e-06
2.6941e-05
2.1458e-06
9.5367e-07
4.9114e-05
1.5092e-04
1.9073e-06
9.1791e-05
2.8610e-06
7.7009e-05
1.9073e-06
3.6001e-05
1.9073e-06
1.1301e-04
3.0994e-06
7.7009e-05
1.9073e-06
1.1921e-06
4.6015e-05
1.4687e-04
1.9073e-06
3.6216e-04
1.9073e-06
9.5367e-07
4.6968e-05
2.8992e-04
1.9073e-06
1.1992e-04
2.8610e-06
2.1458e-06
4.5776e-05
2.1458e-06
3.2902e-05
9.5367e-07
6.3896e-05
1.9073e-06
3.2902e-05
9.5367e-07
4.5061e-05
5.2500e-04
2.1458e-06
9.5367e-07
4.6968e-05
1.6594e-04
2.8610e-06
1.7214e-04
1.9073e-06
7.5102e-05
2.1458e-06
9.5367e-07
3.6001e-05
1.1802e-04
2.1458e-06
9.5367e-07
3.6001e-05
2.9087e-05
2.1458e-06
1.0490e-04
3.0994e-06
9.2030e-05
2.1458e-06
1.0085e-04
1.9073e-06
7.2956e-05
2.8610e-06
9.5367e-07
3.5048e-05
1.2398e-04
1.9073e-06
2.1458e-06
3.5048e-05
9.5367e-07
3.3855e-05
1.2207e-04
1.9073e-06
9.5367e-07
3.6001e-05
1.4114e-04
1.9073e-06
2.2888e-05
4.0531e-06
1.9073e-06
3.6001e-05
1.1206e-04
2.1458e-06
1.9073e-06
3.5048e-05
9.5367e-07
4.6015e-05
2.2006e-04
1.9073e-06
9.5367e-07
3.5048e-05
9.5367e-07
4.5061e-05
1.2493e-04
2.1458e-06
1.9073e-06
5.7936e-05
1.0180e-04
1.9073e-06
9.5367e-07
3.4809e-05
1.1921e-06
3.2902e-05
1.8096e-04
1.9073e-06
2.2888e-05
1.9073e-06
2.1458e-06
5.7936e-05
1.9073e-06
3.4094e-05
1.8692e-04
2.1458e-06
9.5367e-07
3.4094e-05
9.5367e-07
3.5048e-05
1.5116e-04
1.9073e-06
6.6996e-05
1.9073e-06
1.1921e-06
3.6001e-05
1.1921e-06
3.3188e-04
1.1921e-06
3.3855e-05
2.5380e-03
3.0994e-06
2.3007e-04
3.0994e-06
1.9073e-06
4.1008e-05
1.0300e-04
3.0994e-06
1.5779e-03
3.1948e-05
4.0531e-06
5.1022e-05
1.4591e-04
2.8610e-06
3.3712e-04
2.1458e-06
9.5844e-05
1.9073e-06
1.1921e-06
3.7909e-05
9.5367e-07
3.3140e-05
9.5367e-07
3.2902e-05
9.5367e-07
3.2902e-05
6.9809e-04
2.1458e-06
2.1458e-06
6.0081e-05
2.1458e-06
3.2902e-05
2.4700e-04
1.9073e-06
9.5367e-07
3.5048e-05
3.4595e-04
2.1458e-06
9.5367e-07
3.5048e-05
5.2190e-04
2.8610e-06
9.8944e-05
1.9073e-06
1.1921e-06
3.6955e-05
1.4901e-04
2.1458e-06
1.6189e-04
1.9073e-06
2.7800e-04
2.1458e-06
1.9097e-04
2.1458e-06
1.6594e-04
2.1458e-06
5.7888e-04
1.9073e-06
3.0994e-06
3.7909e-05
1.9073e-06
3.3140e-05
4.7994e-04
1.9073e-06
2.1458e-06
3.6955e-05
2.9182e-04
2.8610e-06
1.1921e-06
3.5048e-05
9.5367e-07
3.4094e-05
3.8314e-04
2.8610e-06
2.6083e-04
1.9073e-06
2.2101e-04
1.9073e-06
2.2006e-04
2.1458e-06
9.5367e-07
4.0054e-05
9.5367e-07
3.4094e-05
4.5204e-04
2.1458e-06
1.9073e-06
3.6955e-05
9.5367e-07
3.3855e-05
3.1900e-04
2.8610e-06
9.5367e-07
6.1989e-05
2.9302e-04
2.1458e-06
9.5367e-07
3.6001e-05
1.6594e-04
2.8610e-06
1.1921e-06
3.5048e-05
9.5367e-07
3.4094e-05
5.7220e-04
1.9073e-06
1.5283e-04
1.9073e-06
1.4615e-04
1.9073e-06
2.1458e-06
3.7909e-05
3.3760e-03
1.9073e-06
3.7503e-04
1.9073e-06
2.1458e-06
4.1962e-05
1.1921e-06
3.4809e-05
4.3201e-04
3.0994e-06
9.5367e-07
3.6955e-05
2.3890e-04
1.9073e-06
2.5892e-04
1.9073e-06
1.7118e-04
1.9073e-06
1.4615e-04
2.1458e-06
9.5367e-07
3.9101e-05
9.5367e-07
3.5048e-05
9.5367e-07
3.6001e-05
9.5367e-07
3.2902e-05
2.3119e-03
2.8610e-06
1.1301e-04
1.9073e-06
1.1921e-06
3.8862e-05
2.3913e-04
2.1458e-06
1.9073e-06
3.6955e-05
4.1103e-04
1.9073e-06
1.3804e-04
1.9073e-06
9.5367e-07
3.6001e-05
9.5367e-07
6.0081e-05
1.9073e-06
3.9101e-05
9.5367e-07
3.2902e-05
9.5367e-07
3.2902e-05
8.5902e-04
2.1458e-06
9.9897e-05
1.9073e-06
2.1458e-06
3.7909e-05
3.2020e-04
1.9073e-06
1.1921e-06
3.6001e-05
9.5367e-07
6.6996e-05
2.1291e-04
1.9073e-06
1.1921e-06
3.6001e-05
9.5367e-07
3.3140e-05
4.3583e-04
1.9073e-06
2.1458e-06
3.7909e-05
9.5367e-07
3.3140e-05
7.8201e-04
3.0994e-06
1.7190e-04
1.9073e-06
1.1921e-06
3.7909e-05
9.5367e-07
7.2002e-05
1.9073e-06
3.4094e-05
9.5367e-07
3.3855e-05
4.7112e-04
2.1458e-06
2.7299e-04
3.0994e-06
3.2997e-04
1.9073e-06
1.9073e-06
4.0054e-05
9.5367e-07
3.3140e-05
4.0102e-04
1.9073e-06
9.5367e-07
3.6001e-05
2.9802e-04
1.9073e-06
1.1921e-06
3.8862e-05
1.1921e-06
3.2902e-05
4.8614e-04
2.1458e-06
1.8883e-04
1.9073e-06
9.5367e-07
3.6001e-05
1.5187e-04
1.9073e-06
9.5367e-07
3.6001e-05
1.1921e-06
3.2902e-05
2.7471e-03
3.0994e-06
1.3185e-04
5.1022e-05
4.4799e-04
2.8610e-06
2.1458e-06
4.0054e-05
9.5367e-07
3.2902e-05
5.0306e-04
3.0994e-06
3.0994e-06
3.6955e-05
1.0204e-04
1.9073e-06
3.5381e-04
1.9073e-06
1.0896e-04
1.9073e-06
2.2316e-04
1.9073e-06
7.5293e-04
1.9073e-06
1.8311e-04
2.1458e-06
1.9193e-04
1.9073e-06
1.9193e-04
2.8610e-06
1.1921e-06
3.9816e-05
1.1921e-06
7.2956e-05
5.1308e-04
2.8610e-06
9.8944e-05
2.1458e-06
1.4300e-03
3.0994e-06
1.7190e-04
1.9073e-06
1.9073e-06
4.0054e-05
9.5367e-07
1.6093e-04
9.5367e-07
3.4094e-05
6.1703e-04
2.8610e-06
9.5367e-07
3.7909e-05
9.5367e-07
3.3140e-05
2.4796e-04
2.1458e-06
1.9073e-06
3.6001e-05
9.5367e-07
3.3140e-05
5.3096e-04
3.0994e-06
9.5367e-07
3.6955e-05
2.7299e-04
1.9073e-06
1.1921e-06
6.3896e-05
1.0014e-04
2.1458e-06
3.4690e-04
1.9073e-06
2.1458e-06
3.6001e-05
2.0981e-04
1.9073e-06
1.5402e-04
3.0994e-06
1.9598e-04
3.0994e-06
2.1911e-04
1.9073e-06
2.0218e-04
1.9073e-06
9.5367e-07
3.7909e-05
9.5367e-07
3.3855e-05
9.5367e-07
3.2902e-05
8.0409e-03
1.9073e-06
3.6693e-04
2.1458e-06
1.9073e-06
4.1008e-05
9.5367e-07
3.1948e-05
3.9601e-04
1.9073e-06
9.7036e-05
3.0994e-06
1.4687e-04
1.9073e-06
1.4305e-04
2.1458e-06
1.4591e-04
1.9073e-06
3.1996e-04
1.9073e-06
1.5807e-04
5.0068e-06
3.7003e-04
1.9073e-06
1.1921e-06
4.1962e-05
2.6202e-04
3.0994e-06
9.5367e-07
6.0081e-05
7.6795e-04
1.9073e-06
1.4970e-03
2.8610e-06
3.0994e-06
4.1008e-05
3.5214e-04
3.0994e-06
9.5367e-07
3.6955e-05
3.7718e-04
1.9073e-06
2.1458e-06
3.6001e-05
0.0000e+00
3.4094e-05
1.5283e-04
1.9073e-06
9.5367e-07
3.6001e-05
9.5367e-07
3.2902e-05
9.5367e-07
3.2902e-05
7.0405e-04
3.0994e-06
1.9073e-06
3.6001e-05
3.8004e-04
3.0994e-06
2.4986e-04
1.9073e-06
1.0395e-04
1.9073e-06
1.4710e-04
1.9073e-06
9.5367e-07
6.1035e-05
3.4904e-04
3.0994e-06
9.7990e-05
2.1458e-06
9.5367e-07
3.6001e-05
9.5367e-07
3.4094e-05
9.5367e-07
3.3140e-05
5.7507e-04
1.9073e-06
1.9073e-06
3.6955e-05
9.5367e-07
3.4094e-05
1.4901e-04
2.1458e-06
2.5296e-04
2.1458e-06
3.4130e-03
3.8147e-06
6.9141e-06
8.0109e-05
6.8903e-04
2.1458e-06
9.3603e-04
1.9073e-06
3.4404e-04
1.9073e-06
1.9073e-06
8.0109e-05
5.1308e-04
1.9073e-06
1.9073e-06
7.9155e-05
9.5367e-07
3.4094e-05
4.6587e-04
1.9073e-06
1.9312e-04
1.9073e-06
1.1301e-04
1.9073e-06
3.5048e-05
3.0994e-06
1.4400e-04
2.1458e-06
9.5367e-07
3.9101e-05
9.5367e-07
3.2902e-05
1.1802e-04
1.9073e-06
1.8406e-04
3.0994e-06
9.1076e-05
1.9073e-06
1.1921e-06
3.7909e-05
1.2803e-04
2.1458e-06
1.9073e-06
3.6955e-05
1.1492e-04
2.1458e-06
1.4019e-04
2.8610e-06
2.1458e-06
3.6001e-05
4.8876e-05
1.9073e-06
2.1458e-06
4.6968e-05
9.5367e-07
3.2902e-05
3.4809e-04
3.0994e-06
9.5367e-07
3.6955e-05
6.8188e-05
1.9073e-06
1.3089e-04
1.1206e-05
7.7963e-05
1.9073e-06
9.5367e-07
8.1778e-05
9.2983e-05
2.8610e-06
7.6771e-05
1.9073e-06
1.1706e-04
1.9073e-06
9.5367e-07
3.5048e-05
6.8188e-05
2.8610e-06
2.1458e-06
3.6955e-05
7.4863e-05
1.9073e-06
1.1921e-06
3.6001e-05
9.5367e-07
5.8889e-05
2.1458e-06
3.3855e-05
1.0490e-03
1.9073e-06
9.0408e-04
3.0994e-06
1.9073e-06
8.2970e-05
9.5367e-07
3.4094e-05
9.5367e-07
4.6968e-05
1.9073e-06
3.2902e-05
7.1120e-04
3.0994e-06
6.4850e-05
1.9073e-06
1.1921e-06
3.7909e-05
2.3985e-04
1.9073e-06
2.1458e-06
3.6955e-05
7.6056e-05
3.0994e-06
9.5367e-07
3.6001e-05
1.8191e-04
1.9073e-06
9.5367e-07
4.8161e-05
9.5367e-07
3.4094e-05
2.4486e-04
1.9073e-06
1.9073e-06
3.8147e-05
1.2898e-04
2.1458e-06
1.2398e-04
3.0994e-06
9.5367e-07
5.9128e-05
1.0912e+00
