3.0000e+00	3.0000e+00									2
3.0000e+00	3.0000e+00	3.6717e+00	4.4309e+00	1.026215e-08	3.531014e-02	1.964128e-05	3.531014e-02	5.224786e-04	2.620634e-01	0	
3.0000e+00	3.0000e+00	2.4819e+00	2.9708e+00	8.866866e-05	2.014960e-01	1.964128e-05	2.014960e-01	4.514403e+00	2.138067e-01	1	
2.4819e+00	2.9708e+00	2.0487e+00	4.0159e+00	6.143194e-06	9.150130e-02	8.866866e-05	9.150130e-02	6.928259e-02	7.112141e-01	0	
2.4819e+00	2.9708e+00	1.9966e+00	3.7889e+00	1.655302e-05	1.226533e-01	8.866866e-05	1.226533e-01	1.866841e-01	1.147695e-01	1	
1.9966e+00	3.7889e+00	2.0217e+00	3.7277e+00	1.981035e-05	2.478309e-01	1.655302e-05	2.478309e-01	1.196781e+00	6.398913e-01	1	
2.0217e+00	3.7277e+00	2.0552e+00	2.9394e+00	2.561281e-04	1.529006e-01	1.981035e-05	1.529006e-01	1.292901e+01	5.753674e-01	1	
2.0552e+00	2.9394e+00	1.7525e+00	1.8116e+00	6.641094e-03	8.570962e-02	2.561281e-04	8.570962e-02	2.592879e+01	6.608958e-01	1	
1.7525e+00	1.8116e+00	1.9426e+00	2.1172e+00	2.564341e-03	2.247460e-01	6.641094e-03	2.247460e-01	3.861323e-01	1.795230e-01	1	
1.9426e+00	2.1172e+00	1.9184e+00	3.3960e+00	7.913153e-05	6.927601e-02	2.564341e-03	6.927601e-02	3.085843e-02	2.601898e-01	0	
1.9426e+00	2.1172e+00									0.7000
