6.4890e-03
3.0994e-05
1.2612e-04
6.3896e-05
1.9073e-06
3.0994e-06
6.3896e-05
3.0994e-06
5.6982e-05
5.6028e-05
9.5367e-07
2.8610e-06
5.8174e-05
1.9073e-06
5.5075e-05
9.0599e-06
0.0000e+00
1.9073e-06
5.5075e-05
4.0531e-06
5.7936e-05
2.8610e-06
5.6028e-05
1.5020e-05
9.5367e-07
5.9605e-06
8.7976e-05
4.0531e-06
5.6028e-05
3.0994e-06
5.2929e-05
4.0531e-06
5.2929e-05
2.1458e-06
5.2929e-05
1.7881e-05
9.5367e-07
7.4148e-05
9.5367e-07
3.0994e-06
5.7936e-05
9.1076e-05
9.5367e-07
1.4067e-05
9.5367e-07
5.6028e-05
9.5367e-07
1.9073e-06
5.7220e-05
3.0994e-06
6.1989e-05
3.0994e-06
5.4836e-05
3.0994e-06
5.3883e-05
3.0994e-06
7.5102e-05
3.0994e-06
5.4121e-05
3.0994e-06
5.3883e-05
3.0994e-06
5.2929e-05
1.9073e-06
5.5075e-05
1.9073e-06
5.3883e-05
1.9073e-06
5.5075e-05
2.8610e-06
5.2929e-05
3.0994e-06
5.6028e-05
2.8610e-06
5.3167e-05
1.9073e-06
5.2929e-05
3.0994e-06
6.5088e-05
1.5974e-05
0.0000e+00
1.9073e-06
5.5075e-05
2.8610e-06
5.4121e-05
6.9141e-06
1.1921e-06
8.0109e-05
9.5367e-07
2.8610e-06
5.7936e-05
2.8610e-06
5.4121e-05
2.8610e-06
5.4121e-05
2.8610e-06
5.4121e-05
2.8610e-06
5.3167e-05
3.0994e-06
5.2929e-05
1.9073e-06
5.1975e-05
2.4319e-04
9.5367e-07
4.0531e-06
5.7936e-05
1.5020e-05
0.0000e+00
3.0994e-06
5.6028e-05
3.0994e-06
5.4121e-05
3.0994e-06
5.2929e-05
3.0994e-06
5.2929e-05
3.0994e-06
5.2929e-05
2.1458e-06
5.3883e-05
3.8147e-06
5.4836e-05
3.0994e-06
5.3883e-05
2.8610e-06
5.2929e-05
1.9073e-06
5.3167e-05
1.0014e-05
5.5075e-05
1.9073e-06
5.4121e-05
3.0994e-06
5.3883e-05
3.0994e-06
6.9857e-05
1.5974e-05
1.1921e-06
2.1458e-06
5.6982e-05
2.8610e-06
5.3167e-05
1.9073e-06
5.4121e-05
6.9141e-05
9.5367e-07
3.2902e-05
9.5367e-07
7.3195e-05
0.0000e+00
2.8610e-06
5.5075e-05
6.9141e-06
0.0000e+00
3.0994e-06
5.4121e-05
4.1962e-05
9.5367e-07
2.8610e-06
5.9128e-05
8.6069e-05
0.0000e+00
3.0994e-06
5.3883e-05
7.1526e-06
9.5367e-07
2.8610e-06
5.5075e-05
2.8610e-06
5.2929e-05
1.9073e-06
5.3167e-05
3.0994e-06
5.3883e-05
4.5061e-05
9.5367e-07
2.1458e-06
5.7936e-05
2.8610e-06
5.4121e-05
1.5974e-05
9.5367e-07
2.8610e-06
5.4836e-05
3.0994e-06
5.3883e-05
3.0994e-06
5.9843e-05
3.0994e-06
5.5075e-05
1.4210e-04
1.1921e-06
3.0994e-06
5.6028e-05
2.8610e-06
5.4121e-05
2.1458e-06
5.4121e-05
1.6928e-05
0.0000e+00
3.0994e-06
5.5075e-05
3.0994e-06
5.3167e-05
7.7963e-05
9.5367e-07
1.9073e-06
5.6028e-05
2.8610e-06
6.6042e-05
3.7909e-05
9.5367e-07
3.0994e-06
5.7936e-05
2.8610e-06
5.3167e-05
3.0994e-06
5.4121e-05
3.0994e-06
5.2929e-05
2.8610e-06
5.3167e-05
3.0994e-06
5.3167e-05
9.9897e-05
0.0000e+00
2.8610e-06
7.4148e-05
3.0994e-06
5.4121e-05
2.1458e-06
5.2929e-05
1.9073e-06
5.2929e-05
3.0994e-06
5.3167e-05
2.1458e-06
5.2929e-05
2.8610e-06
5.4836e-05
1.9073e-06
5.2929e-05
3.0994e-06
5.6028e-05
3.0994e-06
5.3167e-05
3.0994e-06
5.2929e-05
2.8610e-06
5.4836e-05
2.8610e-06
5.2929e-05
2.1458e-06
5.4121e-05
3.0994e-06
5.1975e-05
3.0994e-06
5.1975e-05
2.8610e-06
5.6028e-05
2.8610e-06
5.2929e-05
1.9073e-06
5.1975e-05
1.0014e-05
1.1921e-06
3.0994e-06
6.1989e-05
2.8610e-06
5.4121e-05
5.6982e-05
9.5367e-07
7.8917e-05
9.5367e-07
3.0994e-06
5.5075e-05
1.2875e-05
1.1921e-06
2.1458e-06
5.6982e-05
2.8610e-06
5.2929e-05
5.9605e-06
9.5367e-07
1.9073e-06
5.3883e-05
1.9073e-06
5.4121e-05
3.0994e-06
5.2929e-05
2.1458e-06
5.2929e-05
1.9073e-06
7.2002e-05
3.0994e-06
6.2943e-05
2.8610e-06
5.2929e-05
7.8678e-06
9.5367e-07
1.8907e-04
0.0000e+00
2.1458e-06
5.3883e-05
2.8610e-06
5.2929e-05
7.8678e-06
9.5367e-07
1.9073e-06
5.5075e-05
3.0994e-06
7.0095e-05
3.0994e-06
5.5075e-05
3.0994e-06
5.3167e-05
2.1458e-06
5.3883e-05
3.0994e-06
5.1975e-05
2.8610e-06
6.1035e-05
2.8610e-06
5.4121e-05
3.0994e-06
5.2929e-05
2.1458e-06
7.2002e-05
3.0994e-06
5.4121e-05
3.0994e-06
5.3167e-05
3.0994e-06
5.3883e-05
1.9073e-06
5.2929e-05
3.0994e-06
5.3167e-05
3.0994e-06
5.2929e-05
2.8610e-06
6.5088e-05
2.8610e-06
5.8889e-05
2.8610e-06
5.3167e-05
3.0994e-06
5.2929e-05
2.8610e-06
9.3937e-05
1.6928e-05
9.5367e-07
3.0994e-06
5.5075e-05
2.1458e-06
5.3883e-05
2.1458e-06
5.3883e-05
2.8610e-06
5.6982e-05
3.0994e-06
5.3883e-05
2.8610e-06
5.2929e-05
1.1921e-05
0.0000e+00
9.2983e-05
9.5367e-07
2.1458e-06
5.6028e-05
3.0994e-06
5.3883e-05
2.8610e-06
5.5790e-05
1.0014e-05
1.1921e-06
3.0994e-06
5.6982e-05
2.8610e-06
5.4121e-05
2.8610e-06
5.4121e-05
3.0994e-06
5.1975e-05
1.9073e-06
5.3167e-05
3.0994e-06
5.2929e-05
1.5974e-05
1.1921e-06
2.1458e-06
5.3883e-05
3.0994e-06
7.2956e-05
2.8610e-06
5.4121e-05
3.0994e-06
5.2929e-05
3.0994e-06
5.2929e-05
5.1022e-05
9.5367e-07
2.8610e-06
5.4836e-05
2.8610e-06
6.0797e-05
1.2159e-05
9.5367e-07
2.8610e-06
5.3883e-05
3.0994e-06
5.6028e-05
2.8610e-06
5.3167e-05
2.1458e-06
5.4121e-05
5.1975e-05
1.1921e-06
5.9605e-06
0.0000e+00
1.5974e-05
9.5367e-07
1.9073e-06
5.6028e-05
2.8610e-06
5.3883e-05
2.8610e-06
5.1975e-05
2.8610e-06
5.4836e-05
3.0994e-06
5.3883e-05
2.8610e-06
5.2929e-05
3.0994e-06
6.1035e-05
2.8610e-06
5.4121e-05
3.0994e-06
5.2929e-05
3.0994e-06
5.3883e-05
2.8610e-06
6.9857e-05
2.8610e-06
5.6028e-05
2.8610e-06
5.3883e-05
2.8610e-06
5.3167e-05
2.1458e-06
5.2929e-05
2.8610e-06
5.3167e-05
3.0994e-06
5.2929e-05
2.8610e-06
5.3167e-05
3.0994e-06
7.1049e-05
3.0994e-06
5.4121e-05
2.1935e-05
9.5367e-07
2.8610e-06
5.5790e-05
3.0994e-06
5.2929e-05
1.9073e-06
5.4121e-05
1.9073e-06
5.2929e-05
1.9073e-06
5.2929e-05
1.9073e-06
7.0095e-05
4.0531e-06
5.5075e-05
1.9073e-06
5.3167e-05
3.0994e-06
5.2929e-05
2.8610e-06
5.2929e-05
1.9073e-06
5.3167e-05
1.4496e-04
9.5367e-07
1.9073e-06
6.1989e-05
3.0994e-06
5.2929e-05
3.0994e-06
5.5075e-05
1.4067e-05
1.1921e-06
3.0994e-06
5.4121e-05
2.1458e-06
5.5075e-05
3.0994e-06
5.1975e-05
1.9073e-06
5.2929e-05
1.9073e-06
5.1975e-05
1.4067e-05
9.5367e-07
1.9073e-06
7.0810e-05
3.0994e-06
5.5075e-05
6.8903e-05
9.5367e-07
1.9073e-06
5.4121e-05
2.8610e-06
6.0081e-05
2.8610e-06
5.2929e-05
7.5817e-05
9.5367e-07
6.9141e-06
9.5367e-07
3.0994e-06
5.5075e-05
1.9217e-04
9.5367e-07
2.8610e-06
7.5102e-05
2.8610e-06
5.4836e-05
1.0967e-05
9.5367e-07
2.1458e-06
5.4836e-05
3.0994e-06
5.3883e-05
3.0994e-06
5.2929e-05
1.9073e-06
5.3167e-05
1.0967e-05
9.5367e-07
6.8903e-05
1.1921e-06
2.1458e-06
7.6056e-05
3.0994e-06
5.3883e-05
2.1458e-06
5.2929e-05
1.1921e-05
1.1921e-06
1.4067e-05
1.1921e-06
2.1458e-06
5.4836e-05
3.0994e-06
5.2929e-05
2.8610e-06
5.2214e-05
3.0994e-06
5.1975e-05
3.0994e-06
5.5075e-05
3.0994e-06
5.5075e-05
3.0994e-06
5.4121e-05
2.1458e-06
5.1975e-05
1.9073e-06
6.1035e-05
2.8610e-06
5.4836e-05
2.8610e-06
5.2929e-05
3.0994e-06
7.2002e-05
3.0994e-06
5.3883e-05
2.8610e-06
5.1975e-05
2.1458e-06
5.1975e-05
2.8610e-06
5.1975e-05
3.0994e-06
5.2929e-05
2.8610e-06
5.1975e-05
3.0994e-06
5.1975e-05
1.6928e-05
9.5367e-07
2.8610e-06
5.8174e-05
3.0994e-06
5.3883e-05
2.8610e-06
6.1035e-05
1.8406e-04
9.5367e-07
2.8610e-06
5.4121e-05
2.6941e-05
1.1921e-06
1.9073e-06
5.3883e-05
1.9073e-06
5.3167e-05
2.8610e-06
5.6028e-05
8.1062e-06
9.5367e-07
1.9073e-06
5.4121e-05
2.1458e-06
5.2929e-05
3.0994e-06
5.2929e-05
4.0054e-05
9.5367e-07
1.9073e-06
5.4121e-05
3.0994e-06
5.3167e-05
3.0994e-06
7.1049e-05
3.0994e-06
5.4836e-05
1.6928e-05
0.0000e+00
2.8610e-06
5.5075e-05
1.9073e-06
5.4121e-05
1.9073e-06
5.4121e-05
1.6308e-04
0.0000e+00
1.9073e-06
5.4836e-05
7.8678e-06
9.5367e-07
1.9073e-06
5.4121e-05
3.0994e-06
5.6028e-05
3.0994e-06
5.5075e-05
3.0994e-06
5.2929e-05
5.5075e-05
9.5367e-07
1.9073e-06
5.5790e-05
8.1062e-06
9.5367e-07
5.3883e-05
0.0000e+00
2.1458e-06
5.5075e-05
2.1458e-06
5.1975e-05
2.8610e-06
5.7220e-05
3.0994e-06
5.3883e-05
3.0994e-06
5.2929e-05
2.8610e-06
5.3167e-05
2.8133e-05
9.5367e-07
3.6001e-05
9.5367e-07
1.9073e-06
5.6028e-05
3.0994e-06
5.5075e-05
2.1458e-06
7.4863e-05
4.0531e-06
5.6028e-05
1.9073e-06
5.4121e-05
3.0994e-06
5.3883e-05
3.0994e-06
5.1975e-05
3.5048e-05
9.5367e-07
1.9073e-06
5.5075e-05
1.9073e-06
5.4121e-05
1.9073e-06
7.2002e-05
3.0994e-06
5.6028e-05
6.9141e-06
1.1921e-06
3.0994e-06
5.3883e-05
7.7009e-05
9.5367e-07
2.1458e-06
5.4836e-05
5.9605e-06
9.5367e-07
2.1458e-06
6.1989e-05
1.3995e-04
0.0000e+00
3.0994e-06
5.3883e-05
3.0994e-06
7.2002e-05
3.0994e-06
5.5075e-05
2.5988e-05
9.5367e-07
1.9073e-06
5.6028e-05
2.8610e-06
5.3883e-05
2.8610e-06
5.1975e-05
3.0994e-06
5.2929e-05
3.0994e-06
5.3883e-05
1.9073e-06
7.1049e-05
4.0531e-06
5.3883e-05
3.0994e-06
6.1035e-05
1.1921e-05
9.5367e-07
6.4135e-05
9.5367e-07
3.0994e-06
5.6982e-05
3.0994e-06
5.1975e-05
1.0967e-05
9.5367e-07
1.9073e-06
5.6028e-05
2.1458e-06
6.7949e-05
1.0800e-04
0.0000e+00
1.4067e-05
9.5367e-07
1.9073e-06
5.6982e-05
3.0994e-06
5.2929e-05
1.9073e-06
5.2929e-05
3.0994e-06
5.3167e-05
3.0994e-06
5.9843e-05
3.0994e-06
5.3883e-05
1.9073e-06
7.2956e-05
3.0994e-06
5.4121e-05
2.1458e-06
5.4121e-05
1.5020e-05
9.5367e-07
2.1458e-06
5.6028e-05
1.9073e-06
5.4121e-05
2.1458e-06
5.4121e-05
6.9141e-06
0.0000e+00
1.9073e-06
5.5075e-05
5.6028e-05
9.5367e-07
6.9141e-06
9.5367e-07
1.9073e-06
5.6028e-05
1.9002e-04
9.5367e-07
2.1458e-06
5.4836e-05
3.0994e-06
5.2929e-05
2.8610e-06
5.2929e-05
6.9141e-06
1.1921e-06
2.1458e-06
5.3883e-05
7.7009e-05
1.1921e-06
3.0994e-06
5.6982e-05
3.0994e-06
5.2929e-05
1.9073e-06
5.3167e-05
2.1458e-06
5.2929e-05
9.0599e-06
9.5367e-07
2.8610e-06
5.4121e-05
2.8610e-06
5.3167e-05
3.0994e-06
5.7936e-05
3.0994e-06
7.2956e-05
2.8610e-06
5.5075e-05
2.8610e-06
5.1975e-05
2.1458e-06
5.2929e-05
1.9073e-06
5.1975e-05
1.9073e-05
9.5367e-07
1.0705e-04
9.5367e-07
2.8610e-06
5.4836e-05
2.8610e-06
5.3883e-05
2.8610e-06
5.5075e-05
1.9073e-06
5.4121e-05
7.8678e-06
0.0000e+00
1.5020e-05
1.1921e-06
3.0994e-06
5.2929e-05
2.8610e-06
5.9843e-05
1.1921e-05
0.0000e+00
1.7715e-04
9.5367e-07
5.9605e-06
9.5367e-07
2.1458e-06
5.5075e-05
3.8147e-06
5.5790e-05
6.9141e-06
0.0000e+00
2.1458e-06
5.6028e-05
1.9073e-06
5.2929e-05
3.0994e-06
5.2929e-05
1.9073e-06
5.2929e-05
7.7963e-05
9.5367e-07
2.8610e-06
5.3883e-05
1.9073e-06
7.9155e-05
3.0994e-06
5.6982e-05
1.9073e-06
5.2929e-05
3.0994e-06
5.1975e-05
8.1062e-06
0.0000e+00
1.9073e-06
5.5075e-05
2.8610e-06
5.3167e-05
2.1458e-06
5.1975e-05
2.8610e-06
5.1975e-05
3.0994e-06
5.6028e-05
7.1526e-06
9.5367e-07
1.9073e-06
5.5075e-05
3.0994e-06
5.5075e-05
2.8610e-06
5.4121e-05
2.1458e-06
5.4121e-05
2.1458e-06
6.1035e-05
3.0994e-06
5.3883e-05
1.7595e-04
9.5367e-07
1.9073e-06
5.6982e-05
2.1458e-06
5.5075e-05
3.0994e-06
5.2929e-05
2.1458e-06
5.3883e-05
3.0994e-06
5.2929e-05
2.8610e-06
5.1975e-05
3.0994e-06
5.2929e-05
3.0994e-06
5.6982e-05
2.8610e-06
5.4836e-05
2.8610e-06
6.0797e-05
3.0994e-06
5.3883e-05
2.8610e-06
5.1975e-05
2.1458e-06
5.2929e-05
1.9073e-06
5.2929e-05
1.3113e-05
1.1921e-06
2.8610e-06
5.7936e-05
2.8610e-06
5.5075e-05
1.9073e-06
5.4121e-05
3.0994e-06
5.3167e-05
3.0994e-06
5.1975e-05
2.8610e-06
5.2929e-05
2.8610e-06
5.2214e-05
2.1458e-06
7.1049e-05
4.0531e-06
6.1035e-05
3.0994e-06
5.3883e-05
1.9073e-06
5.4121e-05
1.9073e-06
5.4121e-05
3.0994e-06
5.2929e-05
2.8610e-06
5.1975e-05
8.1062e-06
9.5367e-07
2.1458e-06
7.2002e-05
3.0994e-06
5.5075e-05
2.8610e-06
5.2214e-05
3.0994e-06
5.2929e-05
2.8610e-06
5.1975e-05
3.0994e-06
5.3167e-05
8.1062e-06
9.5367e-07
1.6928e-05
9.5367e-07
1.9073e-06
5.6982e-05
9.0599e-06
7.4863e-05
3.0994e-06
5.6028e-05
3.0994e-06
5.4121e-05
3.0994e-06
5.2929e-05
1.9073e-06
5.4121e-05
3.0994e-06
5.4121e-05
3.0994e-06
5.2929e-05
2.8610e-06
5.1022e-05
6.4850e-05
1.1921e-06
3.0994e-06
5.6982e-05
3.0994e-06
5.3883e-05
2.8610e-06
5.4836e-05
2.8610e-06
5.1975e-05
2.1458e-06
6.0081e-05
3.0994e-06
5.5075e-05
3.0994e-06
5.2929e-05
3.0994e-06
5.6028e-05
2.8610e-06
5.2929e-05
1.9073e-06
5.2929e-05
4.4107e-05
9.5367e-07
1.9073e-06
5.4836e-05
4.5061e-05
9.5367e-07
1.9073e-06
5.4121e-05
2.8610e-06
5.2214e-05
3.0994e-06
6.6042e-05
2.8610e-06
5.6028e-05
2.1458e-06
5.3883e-05
3.0994e-06
5.9843e-05
2.8610e-06
5.3883e-05
2.8610e-06
5.3167e-05
1.9073e-06
5.2929e-05
3.0994e-06
5.1975e-05
2.8610e-06
7.2002e-05
3.0994e-06
5.3883e-05
1.9073e-06
5.3883e-05
1.9073e-06
5.4121e-05
1.2898e-04
9.5367e-07
1.9073e-06
5.4836e-05
2.8610e-06
5.2929e-05
3.0994e-06
5.2929e-05
3.0994e-06
7.4863e-05
3.0994e-06
5.2929e-05
2.8610e-06
5.3167e-05
1.5020e-05
1.1921e-06
2.1458e-06
5.5075e-05
3.0994e-06
5.5075e-05
2.1458e-06
5.2929e-05
2.8610e-06
5.1975e-05
2.5988e-05
9.5367e-07
3.0994e-06
5.6028e-05
2.8610e-06
5.4121e-05
3.0994e-06
5.1975e-05
2.8610e-06
5.3883e-05
1.2875e-05
9.5367e-07
1.9073e-06
5.5075e-05
2.8610e-06
5.4836e-05
2.8610e-06
5.1975e-05
4.0531e-06
5.5790e-05
2.8610e-06
5.2929e-05
2.8610e-06
5.3167e-05
3.7909e-05
9.5367e-07
2.8610e-06
5.5075e-05
2.8610e-06
5.6982e-05
3.0994e-06
5.3167e-05
3.0994e-06
5.1975e-05
3.0994e-06
5.5075e-05
3.4094e-05
1.1921e-06
1.7595e-04
9.5367e-07
3.0994e-06
5.6982e-05
2.8610e-06
5.3167e-05
3.0994e-06
5.2929e-05
3.0994e-06
5.2929e-05
2.8610e-06
5.1975e-05
1.4067e-05
0.0000e+00
3.0994e-06
5.6982e-05
2.8610e-06
5.1975e-05
2.1458e-06
5.4121e-05
3.0994e-06
5.2929e-05
1.9073e-06
5.1975e-05
5.8174e-05
9.5367e-07
1.9073e-06
5.5075e-05
1.1921e-05
1.1921e-06
2.8610e-06
7.9155e-05
3.0994e-06
5.6982e-05
1.1921e-05
9.5367e-07
3.0994e-06
5.5075e-05
2.8610e-06
5.3167e-05
3.0994e-06
5.3167e-05
3.0994e-06
5.2929e-05
2.8610e-06
5.2929e-05
2.8610e-06
5.2214e-05
6.9141e-05
9.5367e-07
2.8610e-06
5.6982e-05
3.0994e-06
5.5075e-05
3.0994e-06
5.2929e-05
2.5034e-05
9.5367e-07
2.1458e-06
5.6028e-05
2.8610e-06
5.3167e-05
4.4107e-05
9.5367e-07
2.1458e-06
5.4836e-05
3.0994e-06
5.6028e-05
1.5020e-05
9.5367e-07
1.1086e-04
9.5367e-07
1.9073e-06
5.5075e-05
1.9073e-06
5.2929e-05
1.2708e-04
9.5367e-07
1.9073e-06
5.4121e-05
2.8610e-06
5.3167e-05
2.1458e-06
6.0081e-05
3.0994e-06
5.4836e-05
2.1458e-06
5.2929e-05
2.8610e-06
5.3167e-05
3.0994e-06
5.1022e-05
1.9073e-06
5.2929e-05
2.1458e-06
5.2929e-05
2.8610e-06
5.1975e-05
2.1458e-06
7.1049e-05
3.0994e-06
5.2929e-05
1.9073e-06
5.4121e-05
3.7193e-05
9.5367e-07
3.0994e-06
5.6028e-05
2.1458e-06
5.3883e-05
2.1458e-06
6.1035e-05
3.0994e-06
5.3883e-05
1.0967e-05
1.1921e-06
3.1948e-05
9.5367e-07
1.9073e-06
5.6982e-05
3.0994e-06
5.2929e-05
2.8610e-06
5.3167e-05
3.0994e-06
5.4121e-05
3.0994e-06
5.1975e-05
2.8610e-06
5.3167e-05
3.0994e-06
5.3883e-05
4.0531e-06
5.6028e-05
3.0994e-06
5.3883e-05
1.1921e-05
9.5367e-07
1.9073e-06
5.5075e-05
2.8610e-06
6.0081e-05
2.8610e-06
5.3883e-05
1.9073e-06
5.3167e-05
3.0994e-06
5.3883e-05
2.6941e-05
9.5367e-07
3.0994e-06
5.6028e-05
3.0994e-06
5.1975e-05
1.9073e-06
5.4121e-05
3.0994e-06
5.3167e-05
2.6941e-05
0.0000e+00
6.3181e-05
9.5367e-07
1.1587e-04
9.5367e-07
1.9073e-06
5.6982e-05
1.6928e-05
1.1921e-06
2.1458e-06
7.8917e-05
3.0994e-06
5.2929e-05
3.0994e-06
5.2929e-05
2.8610e-06
5.4121e-05
1.9073e-06
5.2929e-05
3.0994e-06
5.2929e-05
2.8610e-06
5.2214e-05
3.0994e-06
5.1975e-05
2.8610e-06
5.6028e-05
1.9073e-06
5.3883e-05
1.3828e-05
9.5367e-07
8.8215e-06
0.0000e+00
1.9073e-06
5.6028e-05
2.8610e-06
5.3167e-05
9.8944e-05
9.5367e-07
1.9073e-06
5.6982e-05
3.0994e-06
5.3883e-05
1.9073e-06
7.2956e-05
2.8610e-06
5.4121e-05
6.9857e-05
9.5367e-07
3.0994e-06
5.6028e-05
1.9073e-06
5.4121e-05
2.8610e-06
5.3167e-05
3.0994e-06
5.3167e-05
3.0994e-06
5.3883e-05
2.8610e-06
7.0810e-05
3.0994e-06
5.5075e-05
3.0994e-06
5.8889e-05
9.0599e-06
9.5367e-07
5.6982e-05
0.0000e+00
2.1458e-06
5.6982e-05
3.0994e-06
5.2929e-05
2.1458e-06
5.3883e-05
1.9073e-06
5.4121e-05
3.0994e-06
5.6028e-05
3.0994e-06
5.3883e-05
3.0994e-06
5.3883e-05
2.8610e-06
5.3883e-05
2.8610e-06
5.1975e-05
3.0994e-06
5.1975e-05
3.0994e-06
5.1975e-05
1.9073e-06
7.0810e-05
4.0531e-06
5.4121e-05
1.4067e-05
9.5367e-07
1.9073e-06
5.6028e-05
3.0994e-06
5.2929e-05
1.4400e-04
1.1921e-06
2.1458e-06
5.5075e-05
6.9141e-06
9.5367e-07
2.8610e-06
5.3167e-05
7.1526e-06
0.0000e+00
3.0994e-06
5.6982e-05
3.0994e-06
5.3883e-05
3.0994e-06
5.2929e-05
2.8610e-06
5.2929e-05
3.0994e-06
5.1975e-05
1.9073e-06
6.0797e-05
3.0994e-06
5.2929e-05
1.2183e-04
9.5367e-07
1.0967e-05
9.5367e-07
2.1458e-06
5.6028e-05
3.0994e-06
5.1975e-05
5.0068e-05
9.5367e-07
2.8610e-06
5.6028e-05
1.9073e-06
5.2214e-05
7.9155e-05
9.5367e-07
1.9073e-06
5.5075e-05
5.9605e-06
9.5367e-07
1.9073e-06
5.4836e-05
2.8610e-06
6.3181e-05
3.0994e-06
5.4121e-05
3.0994e-06
5.1975e-05
6.0081e-05
9.5367e-07
1.9073e-06
5.4836e-05
3.0994e-06
5.2929e-05
2.8610e-06
5.3167e-05
3.0994e-06
5.1975e-05
4.0531e-06
5.6982e-05
2.8610e-06
5.3883e-05
2.8610e-06
5.4121e-05
1.9073e-06
5.3167e-05
1.4067e-05
1.1921e-06
3.0994e-06
5.6028e-05
3.0994e-06
5.4121e-05
2.8610e-06
5.4121e-05
3.0994e-06
5.6028e-05
2.8610e-06
5.4121e-05
3.0994e-06
5.4121e-05
3.0994e-06
5.1975e-05
1.9073e-06
5.2214e-05
3.0994e-06
5.5075e-05
3.0994e-06
5.1975e-05
2.8610e-06
6.6042e-05
3.0994e-06
5.5790e-05
1.9073e-06
5.3883e-05
9.3937e-05
9.5367e-07
3.0994e-06
5.4836e-05
1.0967e-05
1.1921e-06
1.9073e-06
5.6982e-05
1.9073e-06
5.3883e-05
1.9073e-06
5.4121e-05
2.8610e-06
7.0095e-05
2.8610e-06
5.5075e-05
2.8610e-06
5.3167e-05
2.1458e-06
5.2929e-05
2.8610e-06
5.2929e-05
3.0994e-06
5.1975e-05
1.9073e-06
5.2929e-05
3.0994e-06
5.1975e-05
3.0994e-06
5.5075e-05
3.0994e-06
6.0081e-05
3.0994e-06
5.4121e-05
2.1458e-06
5.1975e-05
1.9073e-06
5.3167e-05
3.0994e-06
5.1975e-05
2.8610e-06
5.3167e-05
3.0994e-06
7.2956e-05
4.0531e-06
5.3883e-05
1.6928e-05
9.5367e-07
1.9073e-06
5.6028e-05
2.8610e-06
5.3883e-05
2.8610e-06
5.3167e-05
2.1458e-06
5.2929e-05
2.8610e-06
5.4121e-05
3.0994e-06
7.0095e-05
4.0531e-06
5.5075e-05
8.2016e-05
9.5367e-07
2.8610e-06
5.5075e-05
2.8610e-06
5.3167e-05
3.0994e-06
5.2929e-05
3.0994e-06
5.1975e-05
1.9073e-06
5.3167e-05
3.0994e-06
7.1049e-05
3.0994e-06
5.5075e-05
2.8610e-06
5.3167e-05
3.0994e-06
5.3883e-05
2.1458e-06
5.2929e-05
2.8610e-06
5.4121e-05
3.0994e-06
6.1035e-05
1.9073e-06
5.4121e-05
1.9073e-06
7.3910e-05
3.0994e-06
5.3883e-05
2.1458e-06
5.1975e-05
2.8610e-06
5.4121e-05
2.1458e-06
5.2929e-05
3.0994e-06
5.2929e-05
2.8610e-06
5.3167e-05
1.3113e-05
9.5367e-07
7.1526e-06
9.5367e-07
3.0994e-06
5.6982e-05
2.8610e-06
5.3167e-05
3.0994e-06
5.2929e-05
2.8610e-06
5.3883e-05
2.8610e-06
5.3883e-05
1.9073e-06
5.4121e-05
1.9073e-06
5.4121e-05
3.0994e-06
7.2002e-05
3.2902e-05
0.0000e+00
2.1458e-06
5.6028e-05
3.0994e-06
5.2929e-05
3.0994e-06
5.2929e-05
2.8610e-06
5.1975e-05
4.0531e-06
5.1975e-05
2.8610e-06
5.2214e-05
2.1458e-06
6.8903e-05
3.0994e-06
5.3883e-05
2.8610e-06
5.8889e-05
5.6028e-05
9.5367e-07
1.9073e-06
5.6982e-05
3.0994e-06
5.1975e-05
1.2875e-05
1.1921e-06
8.3208e-05
9.5367e-07
1.9073e-06
5.6028e-05
1.9073e-06
7.2956e-05
3.0994e-06
5.4121e-05
2.1458e-06
5.4121e-05
1.5020e-05
1.1921e-06
2.1458e-06
5.5075e-05
2.1458e-06
6.1989e-05
5.0068e-06
6.9141e-05
1.4067e-05
1.1921e-06
3.0994e-06
6.3896e-05
4.0531e-06
5.6028e-05
3.0994e-06
5.4121e-05
2.1458e-06
5.2929e-05
2.8610e-06
5.1975e-05
8.1062e-06
1.1921e-06
3.0994e-06
5.4836e-05
2.1458e-06
5.3883e-05
5.8889e-05
9.5367e-07
2.1458e-06
5.6028e-05
3.0994e-06
5.5075e-05
2.8610e-06
5.3167e-05
2.1458e-06
5.2929e-05
1.9073e-06
5.2929e-05
2.5034e-05
9.5367e-07
3.0994e-06
5.6028e-05
2.8610e-06
5.4121e-05
3.0994e-06
5.2929e-05
3.0994e-06
5.5075e-05
1.4496e-04
9.5367e-07
1.9073e-06
5.6028e-05
3.0994e-06
5.2929e-05
2.8610e-06
5.2929e-05
1.9073e-06
5.4121e-05
3.0994e-06
5.1975e-05
1.5020e-05
9.5367e-07
1.9073e-06
7.1049e-05
3.0994e-06
6.1035e-05
7.9155e-05
9.5367e-07
5.9605e-06
0.0000e+00
1.9073e-06
5.4836e-05
1.9073e-06
5.2929e-05
5.9605e-06
0.0000e+00
3.0994e-06
5.2929e-05
2.8610e-06
5.2929e-05
3.0994e-06
6.9141e-05
3.0994e-06
5.6028e-05
1.9073e-06
5.3167e-05
1.9073e-06
5.1975e-05
1.9073e-05
1.1921e-06
2.1458e-06
5.6028e-05
3.0994e-06
5.4121e-05
2.1458e-06
5.9843e-05
3.0994e-06
5.3883e-05
3.0994e-06
5.5075e-05
2.1458e-06
5.4121e-05
1.5974e-05
9.5367e-07
1.9073e-06
5.5075e-05
2.8610e-06
5.3167e-05
3.0994e-06
5.2929e-05
2.8610e-06
5.2929e-05
2.8610e-06
5.4121e-05
3.0994e-06
5.6982e-05
2.8610e-06
5.4121e-05
1.9073e-06
5.1975e-05
1.9073e-06
5.2929e-05
1.1587e-04
0.0000e+00
3.0994e-06
5.6982e-05
3.0994e-06
5.2929e-05
2.8610e-06
5.1975e-05
3.0994e-06
5.5075e-05
1.9073e-06
5.4121e-05
2.1458e-06
5.4121e-05
3.0994e-06
5.1975e-05
3.0994e-06
5.1975e-05
8.1062e-06
9.5367e-07
1.9073e-06
5.4121e-05
3.0994e-06
5.4121e-05
3.0994e-06
5.6028e-05
8.1062e-06
9.5367e-07
1.9073e-06
5.4836e-05
3.0994e-06
5.4121e-05
2.1458e-06
5.3883e-05
2.8610e-06
5.2929e-05
2.1458e-06
5.2929e-05
2.8610e-06
5.2929e-05
3.0994e-06
5.6028e-05
2.1458e-06
5.5075e-05
3.0994e-06
5.2929e-05
2.8610e-06
5.3167e-05
1.9073e-06
5.2929e-05
2.8610e-06
5.1975e-05
2.8610e-06
5.1975e-05
3.0994e-06
7.4863e-05
3.0994e-06
6.1035e-05
3.0994e-06
5.3883e-05
3.0994e-06
5.4836e-05
1.9073e-06
5.2929e-05
1.9073e-06
5.2929e-05
2.1458e-06
5.2929e-05
2.8610e-06
5.3167e-05
3.0994e-06
5.6982e-05
3.0994e-06
5.3167e-05
2.1458e-06
5.1975e-05
1.9073e-06
5.4121e-05
2.1458e-06
5.2929e-05
2.8610e-06
5.2214e-05
2.1458e-06
5.2929e-05
1.9073e-06
7.6056e-05
1.3828e-05
9.5367e-07
7.2002e-05
9.5367e-07
5.1975e-05
9.5367e-07
1.9073e-06
5.7936e-05
3.0994e-06
5.4836e-05
3.0994e-06
5.3883e-05
2.8610e-06
5.3167e-05
1.3828e-05
1.1921e-06
3.0994e-06
5.5075e-05
3.8147e-06
5.6982e-05
3.0994e-06
5.2929e-05
1.9073e-06
5.3167e-05
3.0994e-06
5.1975e-05
2.8610e-06
6.1989e-05
2.6941e-05
9.5367e-07
2.8610e-06
5.6028e-05
2.8610e-06
5.2929e-05
6.9857e-05
9.5367e-07
2.8610e-06
5.8174e-05
3.0994e-06
5.3167e-05
3.0994e-06
5.2929e-05
2.8610e-06
5.2929e-05
1.9073e-06
5.1975e-05
2.8610e-06
5.1975e-05
3.0994e-06
5.3167e-05
3.0994e-06
5.6982e-05
1.2875e-05
0.0000e+00
3.0994e-06
6.1035e-05
5.1975e-05
9.5367e-07
2.1458e-06
5.6028e-05
2.1458e-06
5.2929e-05
5.7936e-05
0.0000e+00
3.0994e-06
5.2929e-05
2.1458e-06
5.2929e-05
3.0994e-06
7.2956e-05
2.8610e-06
5.4121e-05
1.9073e-06
5.2929e-05
2.8133e-05
0.0000e+00
2.8610e-06
5.4836e-05
1.9073e-06
5.4836e-05
1.9073e-06
5.4121e-05
2.8610e-06
6.0081e-05
3.0994e-06
7.2002e-05
2.8610e-06
5.4836e-05
3.0994e-06
5.1975e-05
1.9073e-06
5.2929e-05
2.1458e-06
5.2929e-05
2.8610e-06
5.1975e-05
3.0994e-06
5.2929e-05
3.0994e-06
5.1975e-05
3.8147e-06
5.6028e-05
3.0994e-06
5.3883e-05
3.0994e-06
5.2929e-05
2.3842e-05
9.5367e-07
1.9073e-06
5.4121e-05
2.1458e-06
6.2943e-05
1.9073e-06
5.3883e-05
2.8610e-06
5.3167e-05
1.1921e-05
1.1921e-06
3.0994e-06
5.6028e-05
8.1062e-06
9.5367e-07
2.1458e-06
5.4836e-05
1.3399e-04
1.1921e-06
2.1458e-06
5.3883e-05
2.8610e-06
5.2929e-05
2.8610e-06
5.2214e-05
3.0994e-06
5.2929e-05
3.0994e-06
5.6028e-05
3.0994e-06
5.3883e-05
1.1921e-05
9.5367e-07
3.0994e-06
5.6028e-05
3.0994e-06
5.2929e-05
3.0994e-06
5.2929e-05
7.8679e-02
