6.2220e-03
2.5797e-04
1.0490e-04
1.5020e-05
5.9843e-05
2.7895e-05
9.5367e-07
3.6001e-05
5.8889e-05
2.1458e-06
5.6982e-05
2.1458e-06
5.4836e-05
6.1989e-06
5.5075e-05
6.9141e-06
9.5367e-07
9.8944e-05
1.1921e-06
3.0994e-06
6.7949e-05
2.8610e-06
5.7220e-05
2.1458e-06
5.3883e-05
6.6042e-05
0.0000e+00
8.1062e-06
5.6028e-05
1.6928e-05
0.0000e+00
2.1458e-06
6.1035e-05
2.4080e-05
5.5075e-05
1.9073e-06
7.5102e-05
2.8610e-06
5.8174e-05
3.5048e-05
1.1921e-06
2.1458e-06
5.6028e-05
5.0068e-06
9.5367e-07
4.0531e-06
5.4836e-05
2.1458e-06
6.2943e-05
2.8610e-06
5.6028e-05
4.0531e-06
5.2929e-05
5.9605e-06
7.4863e-05
2.8610e-06
5.3883e-05
1.9073e-06
5.3883e-05
1.9073e-06
5.4121e-05
2.1458e-06
5.4121e-05
3.0994e-06
5.3883e-05
5.0068e-06
5.3167e-05
2.1458e-06
6.6996e-05
6.8903e-05
0.0000e+00
1.3113e-05
9.5367e-07
3.8862e-05
9.5367e-07
5.3883e-05
0.0000e+00
5.1022e-05
5.8174e-05
1.0014e-05
5.5075e-05
4.1962e-05
1.1921e-06
9.5367e-07
5.6028e-05
2.1458e-06
5.2929e-05
5.0068e-06
9.5367e-07
2.0027e-05
7.1049e-05
3.8147e-06
5.3883e-05
1.9073e-06
5.4121e-05
1.1778e-04
5.3883e-05
1.9073e-06
5.3167e-05
8.1062e-06
6.1989e-05
2.1458e-06
5.4836e-05
5.0068e-06
5.4121e-05
4.7922e-05
0.0000e+00
5.5075e-05
5.7936e-05
3.0994e-06
5.2929e-05
2.0027e-05
9.5367e-07
1.9073e-06
5.4121e-05
1.9073e-06
5.4121e-05
5.0068e-06
9.5367e-07
4.4107e-05
5.5075e-05
1.6928e-05
5.2929e-05
3.8147e-06
5.4836e-05
2.1458e-06
6.1035e-05
3.0994e-06
5.3883e-05
2.1458e-06
5.3883e-05
1.9073e-06
5.3883e-05
1.9073e-06
5.2929e-05
2.1458e-06
5.2929e-05
5.9605e-06
5.5075e-05
4.1008e-05
1.1921e-06
2.1458e-06
5.6982e-05
1.9073e-06
5.5075e-05
1.9073e-06
5.4121e-05
2.1458e-06
5.4121e-05
2.1458e-06
5.2929e-05
1.9073e-06
5.4121e-05
1.9073e-06
6.1035e-05
1.0967e-05
5.6982e-05
1.9073e-06
5.4836e-05
1.0014e-05
5.4121e-05
2.8610e-06
5.4121e-05
5.0068e-06
5.3883e-05
2.1458e-06
5.3883e-05
1.0014e-05
9.5367e-07
3.1948e-05
1.1921e-06
2.1458e-06
7.2002e-05
2.8610e-06
5.5075e-05
1.9073e-06
5.3167e-05
4.2200e-05
9.5367e-07
9.5367e-07
5.5075e-05
2.1458e-06
6.1989e-05
5.9605e-06
5.5075e-05
2.1458e-06
5.3883e-05
8.3923e-05
9.5367e-07
1.9073e-06
5.7936e-05
1.9073e-06
5.4121e-05
6.1989e-06
0.0000e+00
1.5020e-05
5.5075e-05
2.1458e-06
5.5075e-05
2.1458e-06
5.2929e-05
1.9073e-06
5.4121e-05
3.3855e-05
5.5075e-05
1.9073e-06
6.9141e-05
2.8610e-06
6.1989e-05
3.0994e-06
5.3883e-05
1.9073e-06
5.3883e-05
1.9073e-06
5.3167e-05
8.1062e-06
9.5367e-07
2.1458e-06
5.3883e-05
1.9073e-06
5.4121e-05
2.1458e-06
7.2002e-05
3.0994e-06
5.4121e-05
2.1458e-06
5.2929e-05
1.4067e-05
5.2929e-05
2.3842e-05
5.4836e-05
1.9073e-06
5.2929e-05
1.9073e-06
5.4121e-05
1.4067e-05
9.5367e-07
4.5061e-05
9.5367e-07
3.8147e-05
5.6982e-05
1.9073e-06
5.3883e-05
1.7881e-05
5.4121e-05
5.0068e-06
5.2929e-05
4.0531e-06
5.3167e-05
7.1526e-06
0.0000e+00
5.6028e-05
9.5367e-07
4.8876e-05
5.6028e-05
2.8610e-06
7.2002e-05
3.0994e-06
5.4121e-05
5.9605e-06
9.5367e-07
4.3154e-05
5.5075e-05
3.0994e-06
6.1035e-05
1.9073e-06
5.5075e-05
1.9073e-06
5.4121e-05
3.0994e-06
5.2929e-05
1.9073e-06
7.2002e-05
4.0531e-06
5.3883e-05
5.9605e-06
9.5367e-07
3.0994e-05
5.3883e-05
1.9073e-06
5.3883e-05
2.0027e-05
9.5367e-07
9.5367e-07
5.4121e-05
2.1458e-06
5.4121e-05
9.5367e-07
5.3883e-05
2.8610e-06
5.6028e-05
1.9073e-06
6.1989e-05
6.9141e-06
9.5367e-07
1.9073e-06
5.5075e-05
5.9605e-06
9.5367e-07
5.2929e-05
0.0000e+00
1.8120e-05
5.6028e-05
1.2493e-04
9.5367e-07
5.1022e-05
5.5075e-05
2.1458e-06
5.5075e-05
2.8610e-06
5.7936e-05
1.9073e-06
5.5075e-05
9.5367e-07
5.2929e-05
5.9605e-06
1.1921e-06
2.1458e-06
5.3883e-05
5.9605e-06
0.0000e+00
4.9114e-05
5.4836e-05
8.1062e-06
5.3883e-05
2.1458e-06
7.3910e-05
4.0531e-06
5.3883e-05
1.9073e-06
5.4836e-05
1.9073e-06
5.5075e-05
1.9073e-06
5.4121e-05
2.1458e-06
5.3883e-05
2.1458e-06
5.2929e-05
1.9073e-06
5.4121e-05
1.5020e-05
1.1921e-06
3.4094e-05
5.6982e-05
4.0531e-06
5.2929e-05
1.9073e-06
5.5075e-05
1.9073e-06
5.3167e-05
3.6955e-05
5.3883e-05
2.8610e-06
5.2929e-05
1.9073e-06
5.4121e-05
1.9073e-06
7.3910e-05
2.8610e-06
5.4836e-05
1.9073e-06
5.4121e-05
1.9073e-06
5.2929e-05
2.1458e-06
5.2929e-05
7.8678e-06
5.3883e-05
1.9073e-06
5.6028e-05
1.9073e-06
5.3883e-05
4.0531e-06
5.8174e-05
1.9073e-06
5.4836e-05
5.9605e-06
5.4121e-05
1.9073e-06
5.4121e-05
1.1921e-05
1.1921e-06
2.1458e-06
5.5075e-05
1.0014e-05
9.5367e-07
5.0068e-06
5.5075e-05
1.9073e-06
7.0095e-05
3.8147e-06
5.5790e-05
2.1458e-06
5.3883e-05
1.9073e-06
5.4836e-05
1.9073e-06
5.3883e-05
1.9073e-06
5.3167e-05
6.1989e-06
9.5367e-07
5.0068e-06
6.1989e-05
1.9073e-06
5.4121e-05
3.6955e-05
5.7220e-05
3.0994e-06
5.3883e-05
3.0041e-05
9.5367e-07
5.3883e-05
0.0000e+00
9.5367e-07
5.5075e-05
2.1458e-06
5.3883e-05
2.1458e-06
5.3883e-05
8.1062e-06
5.3883e-05
2.1458e-06
7.2002e-05
6.1989e-06
5.6028e-05
5.0068e-06
5.4836e-05
1.0014e-05
9.5367e-07
2.1458e-06
5.4836e-05
1.0014e-05
9.5367e-07
1.1921e-06
5.5075e-05
6.7949e-05
5.2929e-05
1.9073e-06
5.4121e-05
5.9605e-06
5.6982e-05
7.2002e-05
1.1921e-06
2.1458e-06
5.4836e-05
1.9073e-06
5.2929e-05
1.9073e-06
5.4121e-05
5.0068e-06
5.3883e-05
5.0068e-06
5.3167e-05
2.1458e-06
5.3883e-05
3.8147e-06
5.5790e-05
8.1062e-06
5.3883e-05
5.0068e-06
5.5075e-05
2.1458e-06
5.3883e-05
1.0967e-05
9.5367e-07
2.1458e-06
5.4836e-05
2.1458e-06
5.2929e-05
5.0068e-06
5.4121e-05
3.0994e-06
5.6028e-05
1.9073e-06
5.4121e-05
5.0068e-06
5.3883e-05
2.1458e-06
5.3883e-05
5.9605e-06
5.4121e-05
2.1458e-06
6.1035e-05
5.9605e-06
5.6028e-05
1.9073e-06
7.2002e-05
6.9141e-06
5.6982e-05
5.9605e-06
9.5367e-07
5.0068e-06
5.3883e-05
1.9073e-06
5.3883e-05
5.0068e-06
5.2929e-05
1.0014e-05
9.5367e-07
1.9073e-06
5.4121e-05
1.9073e-06
5.2929e-05
5.9605e-06
7.0095e-05
2.8610e-06
5.4121e-05
1.0014e-05
9.5367e-07
1.9073e-06
5.5075e-05
4.7684e-06
0.0000e+00
5.0068e-06
6.1989e-05
1.9073e-06
5.2929e-05
2.1458e-06
5.2929e-05
2.8610e-06
5.2929e-05
1.0014e-05
5.6028e-05
2.1458e-06
5.3883e-05
1.0204e-04
5.3883e-05
5.9605e-06
0.0000e+00
6.4135e-05
5.3883e-05
3.0994e-06
5.3883e-05
1.9073e-06
5.3167e-05
5.0068e-06
1.1921e-06
1.4067e-05
6.7949e-05
8.1062e-06
9.5367e-07
2.5988e-05
5.8174e-05
2.1458e-06
5.6028e-05
2.1458e-06
5.2929e-05
5.9605e-06
9.5367e-07
4.5061e-05
5.5075e-05
1.9073e-06
5.2929e-05
2.1458e-06
5.3883e-05
5.9605e-06
7.2956e-05
3.0994e-06
5.5075e-05
6.1989e-06
5.3883e-05
1.9073e-06
5.2929e-05
6.1989e-06
5.2929e-05
1.9073e-06
5.3167e-05
1.2875e-05
1.1921e-06
1.1921e-06
5.6028e-05
2.1458e-06
6.8903e-05
3.0994e-06
5.5075e-05
5.9605e-06
5.2929e-05
5.9605e-06
0.0000e+00
1.9073e-06
5.4121e-05
5.9605e-06
9.5367e-07
3.7909e-05
5.6982e-05
2.1458e-06
5.4836e-05
9.5367e-07
5.2929e-05
3.0994e-06
5.6982e-05
2.1458e-06
5.2929e-05
1.9073e-06
5.2929e-05
2.1458e-06
5.9128e-05
2.1458e-06
5.5075e-05
2.1458e-06
5.2929e-05
1.9073e-06
5.4121e-05
8.4162e-05
6.9857e-05
4.0531e-06
5.6028e-05
1.9073e-06
5.4121e-05
2.1458e-06
5.3883e-05
2.1458e-06
5.4836e-05
1.9073e-06
5.3167e-05
6.1989e-06
5.4836e-05
1.0014e-05
9.5367e-07
2.1458e-06
6.6996e-05
2.8610e-06
6.3181e-05
3.0994e-06
5.4121e-05
5.9605e-06
5.4836e-05
1.9073e-06
5.3883e-05
2.8610e-06
5.4121e-05
2.1458e-06
5.1975e-05
5.0068e-06
5.4121e-05
2.1458e-06
7.1049e-05
7.1526e-06
5.3883e-05
1.9073e-06
5.4836e-05
1.9073e-06
5.4121e-05
1.9073e-06
5.3167e-05
2.1458e-06
5.2929e-05
1.9073e-06
5.4121e-05
1.9073e-06
6.0081e-05
2.8610e-06
5.6028e-05
1.9073e-06
5.3883e-05
1.9073e-06
5.4121e-05
2.1458e-06
5.4121e-05
5.9605e-06
5.4836e-05
1.9073e-06
5.3883e-05
1.4067e-05
9.5367e-07
5.0068e-06
9.5367e-07
2.1935e-05
5.6028e-05
4.0531e-06
5.6982e-05
2.1458e-06
5.2929e-05
1.9073e-06
5.2929e-05
1.9073e-06
5.2929e-05
2.1458e-06
5.9843e-05
2.8610e-06
5.3883e-05
3.8862e-05
9.5367e-07
4.0531e-06
0.0000e+00
2.3842e-05
7.6771e-05
8.1062e-06
9.5367e-07
2.5988e-05
5.6028e-05
2.8610e-06
5.4121e-05
1.9073e-06
5.3167e-05
5.0068e-06
0.0000e+00
1.0014e-04
9.5367e-07
6.9141e-06
5.3167e-05
6.1989e-06
5.2929e-05
5.9605e-06
9.5367e-07
3.0994e-06
7.1049e-05
8.1062e-06
6.1989e-05
1.9073e-06
5.3883e-05
1.9073e-06
5.3883e-05
1.9073e-06
5.4121e-05
3.7909e-05
5.5075e-05
1.9073e-06
5.4121e-05
2.0981e-05
5.4836e-05
3.0994e-06
5.6028e-05
2.1458e-06
5.5075e-05
2.1458e-06
5.4121e-05
2.1458e-06
5.3883e-05
1.9073e-06
5.3883e-05
1.9073e-06
5.5075e-05
5.9605e-06
9.5367e-07
4.4107e-05
9.5367e-07
3.6001e-05
9.5367e-07
4.4107e-05
5.8889e-05
1.9073e-06
5.3883e-05
2.8610e-06
5.6982e-05
2.0027e-05
9.5367e-07
2.1458e-06
5.6028e-05
1.9073e-06
5.4121e-05
8.1062e-06
1.1921e-06
2.0027e-05
5.5075e-05
5.4836e-05
6.6996e-05
3.0994e-06
5.6028e-05
1.9073e-06
5.4121e-05
2.1458e-06
6.1989e-05
1.9073e-06
5.4121e-05
6.1989e-06
9.5367e-07
9.5367e-07
5.3883e-05
1.3828e-05
5.4836e-05
1.9073e-06
5.3883e-05
6.9141e-06
9.5367e-07
2.9087e-05
5.8174e-05
1.9073e-06
5.4836e-05
3.6001e-05
9.5367e-07
2.1458e-06
5.4836e-05
2.1458e-06
5.4836e-05
4.4107e-05
9.5367e-07
1.9073e-06
5.4121e-05
1.9073e-06
5.4121e-05
4.0531e-06
6.2943e-05
3.0994e-06
5.3883e-05
2.5034e-05
9.5367e-07
5.1975e-05
5.5075e-05
1.9073e-06
5.5075e-05
1.9073e-06
5.3167e-05
2.1458e-06
5.3883e-05
2.3127e-05
5.3883e-05
3.0994e-06
5.6982e-05
1.9073e-06
5.4121e-05
9.5367e-07
5.5075e-05
6.1989e-06
9.5367e-07
9.5367e-07
5.4121e-05
2.1458e-06
5.3883e-05
3.0994e-06
5.5075e-05
1.0014e-05
5.4836e-05
2.8610e-06
5.6982e-05
2.1458e-06
5.4121e-05
1.9073e-06
5.3883e-05
1.9073e-06
5.4121e-05
2.1458e-06
5.4121e-05
1.9073e-06
5.4836e-05
1.0014e-05
9.5367e-07
3.0994e-06
5.4121e-05
4.0531e-06
5.6028e-05
1.9073e-06
5.4121e-05
2.1458e-06
5.2929e-05
5.9605e-06
0.0000e+00
9.0599e-06
6.1989e-05
4.6015e-05
0.0000e+00
1.9073e-06
5.4836e-05
3.0994e-06
5.3883e-05
1.9073e-06
5.5075e-05
2.5034e-05
5.6982e-05
2.1458e-06
5.4836e-05
2.1458e-06
5.3883e-05
1.9073e-06
5.4121e-05
1.9073e-06
5.5075e-05
2.7895e-05
9.5367e-07
1.9073e-06
5.5075e-05
1.9073e-06
5.4121e-05
8.1062e-06
9.5367e-07
4.0531e-06
6.3896e-05
2.6941e-05
5.3883e-05
1.9073e-06
5.3883e-05
1.9073e-06
5.4121e-05
5.0068e-06
9.5367e-07
4.6015e-05
0.0000e+00
8.8215e-06
5.4836e-05
1.9073e-06
5.2929e-05
3.1948e-05
0.0000e+00
9.5367e-07
5.7936e-05
1.5020e-05
0.0000e+00
5.1975e-05
5.6028e-05
1.9073e-06
5.5075e-05
5.9605e-06
9.5367e-07
1.9073e-06
5.3883e-05
2.8610e-06
6.0797e-05
2.1458e-06
5.3883e-05
1.1182e-04
5.6982e-05
3.3140e-05
5.5075e-05
2.1458e-06
5.3883e-05
1.9073e-06
5.3883e-05
1.9073e-06
5.4121e-05
2.1458e-06
5.4121e-05
9.5367e-07
5.3883e-05
1.9073e-06
6.6996e-05
3.0994e-06
5.6982e-05
1.9073e-06
5.4121e-05
2.8610e-06
5.5075e-05
1.9073e-06
5.3167e-05
6.9141e-06
9.5367e-07
3.6955e-05
5.5075e-05
2.1458e-06
5.3883e-05
1.9073e-06
5.2929e-05
2.8610e-06
5.7220e-05
2.1458e-06
5.5075e-05
9.5367e-07
5.3883e-05
9.5367e-07
5.2929e-05
5.0068e-06
7.1049e-05
2.8610e-06
5.4836e-05
2.8610e-06
5.3883e-05
7.8678e-06
0.0000e+00
3.0994e-06
5.7936e-05
6.9141e-06
0.0000e+00
1.8120e-05
5.5075e-05
2.1458e-06
5.2929e-05
1.9073e-06
5.3883e-05
2.8610e-06
5.4121e-05
2.1458e-06
5.4121e-05
2.1458e-06
5.2929e-05
3.0994e-06
5.6982e-05
1.9073e-06
5.4121e-05
2.1458e-06
5.3883e-05
1.9073e-06
5.3883e-05
1.9073e-06
5.3167e-05
2.1458e-06
5.3883e-05
3.0994e-06
5.6982e-05
2.8610e-06
7.4148e-05
3.0994e-06
5.4121e-05
1.9073e-06
5.3167e-05
3.0994e-06
5.4121e-05
1.9073e-06
5.2929e-05
1.9073e-06
5.3167e-05
1.9073e-06
5.2929e-05
1.9073e-06
5.4121e-05
9.0599e-06
9.5367e-07
9.5367e-07
5.8174e-05
2.1458e-06
5.3883e-05
2.1458e-06
5.2929e-05
1.9073e-06
5.3883e-05
5.9605e-06
5.3883e-05
1.1921e-05
1.1921e-06
2.1458e-06
5.3883e-05
7.1526e-06
0.0000e+00
9.5367e-07
7.4148e-05
3.0994e-06
5.5075e-05
1.9073e-06
5.4121e-05
2.1458e-06
5.2929e-05
1.6928e-05
5.3883e-05
1.9073e-06
5.5075e-05
5.9605e-06
9.5367e-07
7.8678e-06
9.5367e-07
5.3167e-05
5.3883e-05
5.1022e-05
5.6028e-05
3.0994e-06
6.0081e-05
2.1458e-06
5.3883e-05
1.9073e-06
5.4836e-05
1.9073e-06
5.2929e-05
1.9073e-06
5.2929e-05
5.1975e-05
9.5367e-07
2.1458e-06
5.5075e-05
2.8610e-06
5.6028e-05
2.1458e-06
5.5075e-05
1.9073e-06
5.2929e-05
1.9073e-06
5.3167e-05
2.1458e-06
5.3883e-05
3.0041e-05
5.3883e-05
2.1458e-06
6.1035e-05
7.1526e-06
9.5367e-07
3.0994e-05
5.9128e-05
1.9073e-05
5.5075e-05
2.1458e-06
5.5075e-05
2.1458e-06
5.3883e-05
1.9073e-06
5.3167e-05
1.1921e-06
5.3883e-05
1.9073e-06
5.4121e-05
6.1989e-06
9.5367e-07
3.0994e-06
5.6982e-05
1.9073e-06
5.2929e-05
5.9605e-06
9.5367e-07
3.6001e-05
5.2929e-05
1.9073e-06
5.3167e-05
3.0994e-06
5.9843e-05
8.1062e-05
9.5367e-07
9.5367e-07
5.5075e-05
1.9073e-06
5.4121e-05
2.8610e-06
5.5790e-05
2.1458e-06
5.2929e-05
1.9073e-06
5.1975e-05
4.6015e-05
5.5075e-05
5.9605e-06
9.5367e-07
1.9073e-06
5.7936e-05
3.0994e-06
5.4121e-05
3.0994e-06
5.5075e-05
2.8610e-06
5.6982e-05
1.0014e-05
5.6028e-05
1.9073e-06
5.4121e-05
1.3113e-05
5.2929e-05
7.1526e-06
5.2929e-05
2.8610e-06
5.2929e-05
3.0994e-06
5.1975e-05
1.9073e-06
7.2956e-05
3.0994e-06
5.4121e-05
2.1458e-06
5.3883e-05
1.9073e-06
5.1975e-05
2.1458e-06
5.5075e-05
1.9073e-06
5.1975e-05
7.1526e-06
9.5367e-07
1.7881e-05
5.3167e-05
5.9605e-06
7.2956e-05
3.0994e-06
5.3167e-05
1.9073e-06
5.2929e-05
2.1458e-06
5.2929e-05
1.9073e-06
5.2214e-05
1.9073e-06
5.2929e-05
1.9073e-06
5.1975e-05
4.3869e-05
9.5367e-07
4.6015e-05
9.5367e-07
9.5367e-07
7.4148e-05
3.0994e-06
5.2929e-05
3.6955e-05
5.4121e-05
5.9605e-06
0.0000e+00
1.9073e-06
5.3883e-05
1.9073e-06
6.1035e-05
6.9141e-06
9.5367e-07
1.5020e-05
9.5367e-07
5.4121e-05
5.4836e-05
1.9073e-06
7.2956e-05
3.0994e-06
5.6028e-05
5.0068e-06
0.0000e+00
4.5061e-05
5.3883e-05
1.9073e-06
5.2929e-05
2.3127e-05
0.0000e+00
6.3896e-05
9.5367e-07
4.1962e-05
5.5075e-05
7.2002e-05
5.3883e-05
1.3113e-05
9.5367e-07
2.0981e-05
5.8174e-05
1.9073e-05
5.4121e-05
3.0994e-06
5.2929e-05
2.1458e-06
5.3883e-05
1.9073e-06
5.3167e-05
8.1062e-06
9.5367e-07
4.5061e-05
5.5075e-05
1.9073e-06
5.4121e-05
3.0994e-06
5.6028e-05
1.9073e-06
5.4121e-05
3.0994e-06
5.4121e-05
2.1458e-06
5.2929e-05
1.9073e-06
5.3167e-05
1.9073e-06
5.5075e-05
2.1458e-06
5.3883e-05
2.1458e-06
5.2929e-05
3.0994e-06
5.6028e-05
2.1458e-06
5.2929e-05
3.0994e-06
5.2929e-05
1.9073e-06
5.4121e-05
2.1458e-06
5.4121e-05
2.1458e-06
5.2929e-05
3.0994e-06
5.2929e-05
7.4863e-05
0.0000e+00
5.0068e-06
9.5367e-07
9.5367e-07
5.6028e-05
1.9073e-06
6.0797e-05
3.0994e-06
5.2929e-05
1.9073e-06
5.3883e-05
1.9073e-06
5.3167e-05
2.1458e-06
5.3883e-05
5.9605e-06
9.5367e-07
5.0068e-06
9.5367e-07
6.9141e-06
7.5102e-05
4.0531e-06
5.4121e-05
1.9073e-06
5.4121e-05
2.1458e-06
5.2929e-05
1.9073e-06
5.3883e-05
1.9073e-06
5.5075e-05
1.9073e-06
5.3167e-05
2.1458e-06
6.4850e-05
3.0994e-06
6.3896e-05
5.9605e-06
0.0000e+00
4.0531e-06
5.5075e-05
2.6941e-05
5.5075e-05
3.0994e-06
5.5075e-05
2.1458e-06
5.1975e-05
2.8610e-06
5.2929e-05
1.9073e-06
5.4121e-05
2.8610e-06
5.6028e-05
1.9073e-06
5.3883e-05
6.9141e-06
9.5367e-07
4.5061e-05
5.3883e-05
1.9073e-06
5.3883e-05
1.9073e-06
5.3167e-05
2.8133e-05
0.0000e+00
9.5367e-07
6.2943e-05
2.5988e-05
7.1049e-05
4.6968e-05
1.1921e-06
1.1921e-06
5.6028e-05
3.0994e-06
5.2929e-05
1.0014e-05
5.4121e-05
2.1458e-06
5.3883e-05
1.9073e-06
5.2929e-05
2.1458e-06
5.3883e-05
1.9073e-06
7.2002e-05
4.0531e-06
5.4121e-05
2.1458e-06
5.3883e-05
9.5367e-07
5.3167e-05
6.1989e-06
0.0000e+00
3.0994e-05
5.6028e-05
5.0068e-06
5.5075e-05
2.1458e-06
5.2929e-05
1.9073e-06
7.4863e-05
3.0994e-06
5.3883e-05
1.9073e-06
5.4836e-05
1.9073e-06
5.2929e-05
1.9073e-06
5.2929e-05
2.1458e-06
5.3883e-05
1.9073e-06
5.2929e-05
5.9605e-06
9.5367e-07
7.8678e-06
6.7949e-05
2.8610e-06
5.6028e-05
5.0068e-06
1.1921e-06
2.9087e-05
5.6028e-05
2.2888e-05
5.4121e-05
1.9073e-06
5.3167e-05
2.1458e-06
5.3883e-05
2.1458e-06
5.2929e-05
1.9073e-06
6.8188e-05
3.8862e-05
5.5790e-05
1.9073e-06
5.3883e-05
5.9605e-06
0.0000e+00
2.1458e-06
5.3883e-05
9.5367e-07
5.2929e-05
5.0068e-06
0.0000e+00
2.6941e-05
5.4121e-05
2.9087e-05
6.1035e-05
5.9605e-06
7.2956e-05
2.8610e-06
5.5790e-05
2.1458e-06
5.1975e-05
1.9073e-06
5.2929e-05
3.5048e-05
5.4121e-05
2.1458e-06
5.1975e-05
1.9073e-06
5.4121e-05
2.1458e-06
5.2929e-05
7.8678e-06
0.0000e+00
2.1458e-06
5.6982e-05
1.9073e-06
5.4121e-05
1.1921e-05
5.2929e-05
2.8610e-06
5.2929e-05
3.0994e-06
5.9128e-05
2.1219e-05
5.3883e-05
1.9073e-06
5.2929e-05
2.8610e-06
5.7220e-05
2.1458e-06
5.3883e-05
5.9605e-06
1.1921e-06
2.1458e-06
5.3883e-05
1.9073e-06
5.2929e-05
5.9605e-06
9.5367e-07
5.6982e-05
5.5075e-05
5.0068e-06
5.2929e-05
3.0994e-06
6.6996e-05
7.8678e-06
9.5367e-07
3.5048e-05
5.7936e-05
2.1458e-06
6.2943e-05
5.0068e-06
9.5367e-07
7.8678e-06
5.3883e-05
1.8835e-05
5.3883e-05
1.6189e-04
1.1921e-06
5.0068e-06
1.1921e-06
1.1921e-06
5.3883e-05
1.9073e-06
7.1049e-05
2.8610e-06
5.3883e-05
2.8610e-06
5.4121e-05
6.9141e-06
5.4121e-05
1.5020e-05
0.0000e+00
2.1458e-06
5.4121e-05
2.1458e-06
5.3883e-05
9.0599e-06
5.5075e-05
8.8215e-06
7.2002e-05
3.0994e-06
5.5075e-05
3.0994e-06
5.4121e-05
2.1458e-06
5.5075e-05
2.1458e-06
5.3883e-05
1.9073e-06
5.4121e-05
2.1458e-06
5.3883e-05
9.5367e-07
5.2929e-05
3.0994e-06
5.6028e-05
1.9073e-06
5.4121e-05
5.9605e-06
9.5367e-07
1.9073e-06
5.5075e-05
7.1526e-06
6.1035e-05
3.0994e-06
5.4121e-05
1.9073e-06
5.2929e-05
3.5048e-05
9.5367e-07
1.9073e-05
7.4863e-05
3.0994e-06
5.4836e-05
2.1458e-06
5.3883e-05
5.9605e-06
0.0000e+00
4.4107e-05
5.3883e-05
4.0531e-06
5.4121e-05
2.1458e-06
5.2929e-05
1.9073e-06
5.3883e-05
1.9073e-06
6.7949e-05
2.8610e-06
5.7936e-05
2.1458e-06
6.1035e-05
3.0994e-06
5.4121e-05
2.1458e-06
5.2929e-05
1.9073e-06
5.5075e-05
6.1989e-06
0.0000e+00
4.6015e-05
5.5075e-05
2.1458e-06
6.9857e-05
3.0994e-06
5.6982e-05
1.9073e-06
5.3883e-05
1.9073e-06
5.4121e-05
2.1458e-06
5.5075e-05
2.1458e-06
5.3883e-05
1.9073e-06
5.6982e-05
2.1458e-06
5.3883e-05
3.0994e-06
7.7009e-05
6.9141e-06
9.5367e-07
8.7976e-05
9.5367e-07
2.1458e-06
5.7936e-05
1.9073e-06
5.4121e-05
5.0068e-06
9.5367e-07
4.9829e-05
5.6982e-05
2.1458e-06
5.3883e-05
1.9073e-06
5.4836e-05
1.9073e-06
6.9857e-05
3.8147e-06
5.3883e-05
1.9073e-06
5.3167e-05
2.1458e-06
5.3883e-05
6.9141e-06
9.5367e-07
2.1458e-06
6.3896e-05
5.7936e-05
9.5367e-07
1.1921e-06
5.6028e-05
1.1921e-06
5.2929e-05
6.9141e-06
9.5367e-07
1.9073e-06
5.6982e-05
3.0994e-06
5.3883e-05
2.1458e-06
5.3883e-05
1.9073e-06
5.2929e-05
1.9073e-06
5.4121e-05
2.1458e-06
5.2929e-05
5.9605e-06
9.5367e-07
3.0041e-05
6.7949e-05
2.8610e-06
5.5790e-05
1.9073e-06
6.0797e-05
2.1458e-06
5.3883e-05
1.9073e-06
5.3167e-05
5.0068e-06
5.3883e-05
1.9073e-06
5.2929e-05
1.9073e-06
5.3883e-05
9.5367e-07
7.2002e-05
3.0994e-06
5.4836e-05
2.1458e-06
5.1975e-05
1.9073e-06
5.4121e-05
2.1458e-06
5.3883e-05
1.9073e-06
5.3167e-05
5.9605e-06
9.5367e-07
7.8678e-06
5.5075e-05
1.7881e-05
7.8201e-05
4.0531e-06
5.5075e-05
7.1526e-06
9.5367e-07
3.8862e-05
5.5075e-05
2.8610e-06
5.4121e-05
6.9141e-06
9.5367e-07
5.1022e-05
5.4121e-05
2.1458e-06
5.3883e-05
5.6982e-05
1.1921e-06
9.5367e-07
6.9857e-05
3.0994e-06
5.3883e-05
1.9073e-06
5.3883e-05
5.9605e-06
9.5367e-07
6.9141e-06
5.2929e-05
1.9073e-06
5.4121e-05
2.8610e-06
5.5075e-05
1.9073e-06
5.2929e-05
2.1458e-06
7.1049e-05
3.0994e-06
5.5075e-05
2.1458e-06
5.3883e-05
2.1458e-06
5.2929e-05
1.9073e-06
5.2929e-05
6.0081e-05
5.4121e-05
5.9605e-06
5.3167e-05
2.1458e-06
5.2929e-05
7.1526e-06
9.5367e-07
3.6001e-05
5.6028e-05
1.9073e-06
5.2929e-05
2.8610e-06
5.4121e-05
1.9073e-06
5.2929e-05
2.1458e-06
5.3883e-05
4.0531e-06
5.2929e-05
1.9073e-06
5.2929e-05
3.0994e-06
5.5075e-05
2.1458e-06
5.5075e-05
7.1526e-06
9.5367e-07
7.6056e-05
9.5367e-07
4.0531e-06
0.0000e+00
9.5367e-07
5.3167e-05
2.3127e-05
5.5075e-05
2.1458e-06
5.3883e-05
5.9605e-06
5.2929e-05
2.8610e-06
7.9155e-05
4.0531e-06
5.5075e-05
2.8610e-06
5.3167e-05
2.1458e-06
5.2929e-05
3.8862e-05
9.5367e-07
2.1458e-06
5.4121e-05
2.1458e-06
5.3883e-05
1.9073e-06
5.3883e-05
4.5061e-05
9.5367e-07
1.9073e-06
5.7936e-05
3.0994e-06
5.2929e-05
1.9073e-06
5.3883e-05
1.9073e-06
5.4121e-05
2.1458e-06
5.3883e-05
2.1458e-06
6.1035e-05
3.0994e-06
5.2929e-05
2.1458e-06
7.2002e-05
3.0994e-06
5.5075e-05
2.1458e-06
5.2929e-05
1.9073e-06
5.3167e-05
5.0068e-06
9.5367e-07
1.4782e-05
5.4836e-05
1.9073e-06
5.3883e-05
1.9073e-06
5.3167e-05
2.1458e-06
7.0095e-05
3.0994e-06
5.4121e-05
2.1458e-06
5.3883e-05
5.0068e-06
0.0000e+00
9.5367e-07
5.4121e-05
5.0068e-06
5.3883e-05
5.9605e-06
1.1921e-06
5.0068e-06
5.4121e-05
9.0599e-06
9.5367e-07
5.1022e-05
7.3910e-05
3.0994e-06
5.3883e-05
6.9141e-06
1.1921e-06
4.6968e-05
0.0000e+00
5.9128e-05
9.5367e-07
5.1975e-05
5.4121e-05
2.1458e-06
5.3883e-05
2.6941e-05
1.1921e-06
2.8133e-05
5.5075e-05
2.1458e-06
5.2929e-05
1.9073e-06
8.1062e-05
4.0531e-06
5.5075e-05
1.9073e-06
5.4121e-05
1.9073e-06
5.3883e-05
1.9073e-06
5.3167e-05
2.1458e-06
5.2929e-05
1.9073e-06
5.3167e-05
4.7684e-06
0.0000e+00
6.2943e-05
6.9141e-05
3.0994e-06
5.4121e-05
2.1458e-06
5.3883e-05
2.1458e-06
5.3883e-05
1.9073e-06
5.6028e-05
2.4080e-05
9.5367e-07
1.1921e-05
6.1989e-05
2.8610e-06
5.3883e-05
1.5020e-05
7.2956e-05
3.0994e-06
5.5075e-05
2.1458e-06
5.3883e-05
2.1458e-06
5.6982e-05
2.8610e-06
5.4121e-05
1.9073e-06
5.3167e-05
2.1458e-06
5.2929e-05
1.9073e-06
5.2214e-05
2.8610e-06
5.6028e-05
2.1458e-06
5.3883e-05
3.0994e-06
5.3883e-05
1.9073e-06
6.1989e-05
3.0994e-06
5.5075e-05
2.1458e-06
5.3883e-05
2.8610e-06
5.3883e-05
5.9605e-06
0.0000e+00
3.0994e-06
5.6982e-05
1.9073e-06
5.4121e-05
6.1989e-06
0.0000e+00
1.3828e-05
5.3883e-05
1.9073e-06
5.3167e-05
2.1458e-06
5.2929e-05
2.8610e-06
5.2929e-05
1.9073e-06
5.3167e-05
9.5367e-07
7.7009e-05
3.0994e-06
5.5075e-05
2.1458e-06
5.4121e-05
1.9073e-06
5.2929e-05
2.1458e-06
5.2929e-05
1.9073e-06
5.3883e-05
1.9073e-06
5.3167e-05
1.9073e-06
5.2929e-05
2.8610e-06
5.6982e-05
2.1458e-06
5.3883e-05
9.5367e-07
5.3883e-05
1.9073e-06
5.2929e-05
5.9605e-06
0.0000e+00
1.8120e-05
5.4121e-05
2.1458e-06
5.3883e-05
1.9073e-06
5.2929e-05
9.0599e-06
5.6982e-05
1.9073e-06
5.4121e-05
2.1458e-06
5.2929e-05
1.9073e-06
5.3167e-05
2.1458e-06
5.2929e-05
1.9073e-06
5.2929e-05
1.9073e-06
5.3167e-05
1.9073e-06
7.2956e-05
7.1526e-06
0.0000e+00
1.5974e-05
5.5075e-05
2.3842e-05
0.0000e+00
5.3167e-05
9.5367e-07
5.1975e-05
5.6028e-05
1.9073e-06
5.4121e-05
2.0981e-05
0.0000e+00
3.5048e-05
9.5367e-07
2.5988e-05
5.6028e-05
3.6001e-05
7.2002e-05
3.0994e-06
5.6028e-05
1.9073e-06
5.3167e-05
2.1458e-06
5.3883e-05
3.0994e-06
5.3883e-05
5.0068e-06
0.0000e+00
5.0068e-06
5.4121e-05
9.7990e-05
1.1921e-06
4.0531e-06
0.0000e+00
1.0014e-05
6.8188e-05
3.0994e-06
5.6028e-05
2.8610e-06
6.1035e-05
2.8610e-06
5.3167e-05
1.2159e-05
9.5367e-07
6.9141e-06
5.4121e-05
1.9073e-06
5.5075e-05
7.8616e-02
