6.4530e-03
0.0000e+00
1.0991e-04
0.0000e+00
5.8889e-05
0.0000e+00
5.5790e-05
0.0000e+00
5.8889e-05
0.0000e+00
5.5075e-05
0.0000e+00
5.5075e-05
0.0000e+00
5.4836e-05
0.0000e+00
9.2983e-05
0.0000e+00
5.5075e-05
0.0000e+00
5.2929e-05
0.0000e+00
5.2929e-05
0.0000e+00
5.5075e-05
0.0000e+00
5.4836e-05
0.0000e+00
5.4121e-05
0.0000e+00
5.4121e-05
0.0000e+00
5.8174e-05
0.0000e+00
5.3883e-05
0.0000e+00
5.2929e-05
0.0000e+00
5.4121e-05
0.0000e+00
5.1975e-05
0.0000e+00
5.3167e-05
0.0000e+00
5.1975e-05
0.0000e+00
6.9141e-05
0.0000e+00
5.4121e-05
0.0000e+00
5.2929e-05
0.0000e+00
5.4121e-05
0.0000e+00
5.2929e-05
0.0000e+00
5.2929e-05
0.0000e+00
5.3883e-05
0.0000e+00
5.4121e-05
0.0000e+00
5.6028e-05
0.0000e+00
5.2929e-05
0.0000e+00
5.1975e-05
0.0000e+00
5.4121e-05
0.0000e+00
5.1975e-05
0.0000e+00
5.3883e-05
0.0000e+00
5.2929e-05
0.0000e+00
6.4850e-05
0.0000e+00
5.6028e-05
0.0000e+00
6.4850e-05
0.0000e+00
5.1975e-05
0.0000e+00
5.1975e-05
0.0000e+00
5.1975e-05
0.0000e+00
5.1975e-05
0.0000e+00
5.3167e-05
0.0000e+00
7.2002e-05
0.0000e+00
5.5075e-05
0.0000e+00
5.3167e-05
0.0000e+00
5.3167e-05
0.0000e+00
5.3167e-05
0.0000e+00
5.3167e-05
0.0000e+00
5.2929e-05
0.0000e+00
5.2929e-05
0.0000e+00
6.2943e-05
0.0000e+00
5.4121e-05
0.0000e+00
5.2214e-05
0.0000e+00
5.1975e-05
0.0000e+00
5.1975e-05
0.0000e+00
5.1022e-05
0.0000e+00
5.2929e-05
0.0000e+00
6.9857e-05
0.0000e+00
5.2929e-05
0.0000e+00
5.2929e-05
0.0000e+00
5.1975e-05
0.0000e+00
5.1975e-05
0.0000e+00
5.1975e-05
0.0000e+00
5.1975e-05
0.0000e+00
5.3167e-05
0.0000e+00
5.6982e-05
0.0000e+00
5.2929e-05
0.0000e+00
5.4836e-05
0.0000e+00
5.1022e-05
0.0000e+00
5.2929e-05
0.0000e+00
5.1975e-05
0.0000e+00
5.2929e-05
0.0000e+00
7.0810e-05
0.0000e+00
5.2929e-05
0.0000e+00
5.1975e-05
0.0000e+00
5.1975e-05
0.0000e+00
5.1975e-05
0.0000e+00
5.2929e-05
0.0000e+00
5.1975e-05
0.0000e+00
5.8889e-05
0.0000e+00
5.5075e-05
0.0000e+00
5.2929e-05
0.0000e+00
5.2929e-05
0.0000e+00
5.2929e-05
0.0000e+00
5.1975e-05
0.0000e+00
5.1975e-05
0.0000e+00
5.1975e-05
0.0000e+00
6.6996e-05
0.0000e+00
5.6028e-05
0.0000e+00
5.2929e-05
0.0000e+00
5.2929e-05
0.0000e+00
5.1975e-05
0.0000e+00
5.1975e-05
0.0000e+00
5.2214e-05
0.0000e+00
5.3883e-05
0.0000e+00
6.9857e-05
0.0000e+00
5.2929e-05
0.0000e+00
5.1975e-05
0.0000e+00
5.2929e-05
0.0000e+00
5.1975e-05
0.0000e+00
5.1022e-05
0.0000e+00
5.2214e-05
0.0000e+00
6.1989e-05
0.0000e+00
6.0081e-05
0.0000e+00
5.3167e-05
0.0000e+00
5.1975e-05
0.0000e+00
5.2929e-05
0.0000e+00
5.1975e-05
0.0000e+00
5.3167e-05
0.0000e+00
5.2929e-05
0.0000e+00
7.6056e-05
0.0000e+00
5.1975e-05
0.0000e+00
5.3167e-05
0.0000e+00
5.2214e-05
0.0000e+00
5.1022e-05
0.0000e+00
5.2929e-05
0.0000e+00
5.2929e-05
0.0000e+00
5.1975e-05
0.0000e+00
5.5075e-05
0.0000e+00
5.1975e-05
0.0000e+00
5.1975e-05
0.0000e+00
5.1975e-05
0.0000e+00
5.9128e-05
0.0000e+00
5.3167e-05
0.0000e+00
5.1975e-05
0.0000e+00
5.2929e-05
0.0000e+00
5.6982e-05
0.0000e+00
5.1022e-05
0.0000e+00
5.1975e-05
0.0000e+00
5.1975e-05
0.0000e+00
5.1022e-05
0.0000e+00
5.5075e-05
0.0000e+00
5.3167e-05
0.0000e+00
6.6996e-05
0.0000e+00
5.4121e-05
0.0000e+00
5.3167e-05
0.0000e+00
7.5102e-05
0.0000e+00
8.4877e-05
0.0000e+00
9.6083e-05
0.0000e+00
9.7036e-05
0.0000e+00
9.7036e-05
0.0000e+00
1.2493e-04
0.0000e+00
9.9182e-05
0.0000e+00
8.4877e-05
0.0000e+00
8.4877e-05
0.0000e+00
8.2016e-05
0.0000e+00
6.2943e-05
0.0000e+00
5.3883e-05
0.0000e+00
5.2929e-05
0.0000e+00
5.7936e-05
0.0000e+00
5.2929e-05
0.0000e+00
5.2929e-05
0.0000e+00
5.1022e-05
0.0000e+00
5.1022e-05
0.0000e+00
5.1975e-05
0.0000e+00
5.1022e-05
0.0000e+00
6.7949e-05
0.0000e+00
5.4121e-05
0.0000e+00
6.3181e-05
0.0000e+00
5.3167e-05
0.0000e+00
6.0081e-05
0.0000e+00
5.2929e-05
0.0000e+00
5.1975e-05
0.0000e+00
5.3167e-05
0.0000e+00
5.8174e-05
0.0000e+00
5.4121e-05
0.0000e+00
5.3167e-05
0.0000e+00
5.1975e-05
0.0000e+00
5.3883e-05
0.0000e+00
5.1975e-05
0.0000e+00
5.2929e-05
0.0000e+00
6.7949e-05
0.0000e+00
6.1035e-05
0.0000e+00
5.1975e-05
0.0000e+00
5.8889e-05
0.0000e+00
5.4836e-05
0.0000e+00
5.2929e-05
0.0000e+00
5.2929e-05
0.0000e+00
5.3167e-05
0.0000e+00
5.4836e-05
0.0000e+00
5.2929e-05
0.0000e+00
5.1975e-05
0.0000e+00
5.2929e-05
0.0000e+00
5.6982e-05
0.0000e+00
5.4121e-05
0.0000e+00
5.3167e-05
0.0000e+00
7.5102e-05
0.0000e+00
5.3883e-05
0.0000e+00
6.0081e-05
0.0000e+00
5.3167e-05
0.0000e+00
5.4121e-05
0.0000e+00
5.3167e-05
0.0000e+00
5.2214e-05
0.0000e+00
5.2214e-05
0.0000e+00
5.5790e-05
0.0000e+00
5.1975e-05
0.0000e+00
5.2929e-05
0.0000e+00
5.2929e-05
0.0000e+00
5.1022e-05
0.0000e+00
5.2929e-05
0.0000e+00
5.8889e-05
0.0000e+00
6.9857e-05
0.0000e+00
6.2943e-05
0.0000e+00
5.5075e-05
0.0000e+00
5.2929e-05
0.0000e+00
5.1022e-05
0.0000e+00
5.1022e-05
0.0000e+00
5.2929e-05
0.0000e+00
5.1975e-05
0.0000e+00
7.2956e-05
0.0000e+00
5.1975e-05
0.0000e+00
5.1975e-05
0.0000e+00
5.1975e-05
0.0000e+00
5.1975e-05
0.0000e+00
5.1975e-05
0.0000e+00
5.2929e-05
0.0000e+00
5.1975e-05
0.0000e+00
6.4135e-05
0.0000e+00
5.3167e-05
0.0000e+00
5.1975e-05
0.0000e+00
5.2929e-05
0.0000e+00
5.1975e-05
0.0000e+00
5.2929e-05
0.0000e+00
5.2929e-05
0.0000e+00
7.2956e-05
0.0000e+00
5.4121e-05
0.0000e+00
5.2929e-05
0.0000e+00
5.1975e-05
0.0000e+00
5.1975e-05
0.0000e+00
6.4135e-05
0.0000e+00
5.3167e-05
0.0000e+00
6.0081e-05
0.0000e+00
5.6982e-05
0.0000e+00
5.3167e-05
0.0000e+00
5.3167e-05
0.0000e+00
5.2214e-05
0.0000e+00
5.2214e-05
0.0000e+00
5.3167e-05
0.0000e+00
5.1975e-05
0.0000e+00
7.1049e-05
0.0000e+00
5.2929e-05
0.0000e+00
5.2929e-05
0.0000e+00
5.2929e-05
0.0000e+00
6.0081e-05
0.0000e+00
5.3167e-05
0.0000e+00
6.0081e-05
0.0000e+00
5.5075e-05
0.0000e+00
7.2956e-05
0.0000e+00
5.2929e-05
0.0000e+00
5.1975e-05
0.0000e+00
5.1022e-05
0.0000e+00
5.1975e-05
0.0000e+00
5.1022e-05
0.0000e+00
5.2929e-05
0.0000e+00
5.2929e-05
0.0000e+00
5.6028e-05
0.0000e+00
5.2929e-05
0.0000e+00
5.9843e-05
0.0000e+00
5.1975e-05
0.0000e+00
5.2929e-05
0.0000e+00
6.0081e-05
0.0000e+00
5.4121e-05
0.0000e+00
7.5102e-05
0.0000e+00
5.2929e-05
0.0000e+00
5.2929e-05
0.0000e+00
5.2929e-05
0.0000e+00
5.1975e-05
0.0000e+00
5.1975e-05
0.0000e+00
5.2929e-05
0.0000e+00
5.1975e-05
0.0000e+00
5.5075e-05
0.0000e+00
6.0081e-05
0.0000e+00
5.2929e-05
0.0000e+00
5.1975e-05
0.0000e+00
5.1975e-05
0.0000e+00
5.4121e-05
0.0000e+00
5.3883e-05
0.0000e+00
7.2002e-05
0.0000e+00
5.3883e-05
0.0000e+00
5.1022e-05
0.0000e+00
5.3167e-05
0.0000e+00
5.3167e-05
0.0000e+00
5.1975e-05
0.0000e+00
5.1975e-05
0.0000e+00
5.2929e-05
0.0000e+00
5.4836e-05
0.0000e+00
5.4121e-05
0.0000e+00
5.2929e-05
0.0000e+00
5.2929e-05
0.0000e+00
5.1975e-05
0.0000e+00
5.1022e-05
0.0000e+00
5.1975e-05
0.0000e+00
6.6996e-05
0.0000e+00
5.6982e-05
0.0000e+00
5.3167e-05
0.0000e+00
5.1975e-05
0.0000e+00
5.1975e-05
0.0000e+00
5.2929e-05
0.0000e+00
5.2929e-05
0.0000e+00
5.1975e-05
0.0000e+00
7.5102e-05
0.0000e+00
5.4121e-05
0.0000e+00
5.1975e-05
0.0000e+00
1.6999e-04
0.0000e+00
5.2929e-05
0.0000e+00
5.1022e-05
0.0000e+00
5.1975e-05
0.0000e+00
5.2929e-05
0.0000e+00
5.6028e-05
0.0000e+00
5.2214e-05
0.0000e+00
5.1975e-05
0.0000e+00
5.3167e-05
0.0000e+00
5.3167e-05
0.0000e+00
6.0081e-05
0.0000e+00
5.2929e-05
0.0000e+00
6.7949e-05
0.0000e+00
5.2929e-05
0.0000e+00
5.1975e-05
0.0000e+00
5.1975e-05
0.0000e+00
5.1975e-05
0.0000e+00
5.3167e-05
0.0000e+00
5.1022e-05
0.0000e+00
5.1975e-05
0.0000e+00
5.4836e-05
0.0000e+00
5.2929e-05
0.0000e+00
5.1975e-05
0.0000e+00
5.2929e-05
0.0000e+00
5.8889e-05
0.0000e+00
5.1975e-05
0.0000e+00
5.1975e-05
0.0000e+00
6.4850e-05
0.0000e+00
5.5075e-05
0.0000e+00
5.2929e-05
0.0000e+00
5.2929e-05
0.0000e+00
5.2929e-05
0.0000e+00
5.2214e-05
0.0000e+00
5.3167e-05
0.0000e+00
5.1975e-05
0.0000e+00
6.7949e-05
0.0000e+00
5.3883e-05
0.0000e+00
5.1975e-05
0.0000e+00
5.3883e-05
0.0000e+00
5.8889e-05
0.0000e+00
5.2929e-05
0.0000e+00
5.1022e-05
0.0000e+00
5.2929e-05
0.0000e+00
5.5075e-05
0.0000e+00
5.1975e-05
0.0000e+00
5.1975e-05
0.0000e+00
5.1975e-05
0.0000e+00
5.1975e-05
0.0000e+00
5.1975e-05
0.0000e+00
5.1975e-05
0.0000e+00
6.6042e-05
0.0000e+00
5.4121e-05
0.0000e+00
5.1975e-05
0.0000e+00
5.8889e-05
0.0000e+00
5.1975e-05
0.0000e+00
5.1975e-05
0.0000e+00
5.1975e-05
0.0000e+00
5.1975e-05
0.0000e+00
5.7220e-05
0.0000e+00
5.1975e-05
0.0000e+00
5.3883e-05
0.0000e+00
5.0068e-05
0.0000e+00
5.1975e-05
0.0000e+00
5.4121e-05
0.0000e+00
5.1975e-05
0.0000e+00
6.4135e-05
0.0000e+00
5.6028e-05
0.0000e+00
5.1975e-05
0.0000e+00
5.2929e-05
0.0000e+00
5.1975e-05
0.0000e+00
5.1975e-05
0.0000e+00
5.1975e-05
0.0000e+00
5.1975e-05
0.0000e+00
7.1049e-05
0.0000e+00
5.5075e-05
0.0000e+00
5.1975e-05
0.0000e+00
5.1975e-05
0.0000e+00
5.1975e-05
0.0000e+00
5.3167e-05
0.0000e+00
5.1975e-05
0.0000e+00
5.4121e-05
0.0000e+00
5.6028e-05
0.0000e+00
5.7936e-05
0.0000e+00
5.2929e-05
0.0000e+00
5.1975e-05
0.0000e+00
5.3167e-05
0.0000e+00
5.1975e-05
0.0000e+00
5.1975e-05
0.0000e+00
7.1049e-05
0.0000e+00
5.4836e-05
0.0000e+00
5.2929e-05
0.0000e+00
5.1022e-05
0.0000e+00
5.2929e-05
0.0000e+00
5.2929e-05
0.0000e+00
5.1975e-05
0.0000e+00
5.1975e-05
0.0000e+00
7.3195e-05
0.0000e+00
5.5075e-05
0.0000e+00
5.1975e-05
0.0000e+00
5.1975e-05
0.0000e+00
5.2214e-05
0.0000e+00
5.1022e-05
0.0000e+00
5.1975e-05
0.0000e+00
5.3883e-05
0.0000e+00
5.6028e-05
0.0000e+00
5.3883e-05
0.0000e+00
5.2929e-05
0.0000e+00
5.2929e-05
0.0000e+00
5.1975e-05
0.0000e+00
5.1975e-05
0.0000e+00
5.1975e-05
0.0000e+00
7.3910e-05
0.0000e+00
5.3883e-05
0.0000e+00
5.1975e-05
0.0000e+00
5.1975e-05
0.0000e+00
5.2929e-05
0.0000e+00
5.1975e-05
0.0000e+00
5.1975e-05
0.0000e+00
5.1975e-05
0.0000e+00
5.6028e-05
0.0000e+00
5.3167e-05
0.0000e+00
5.1975e-05
0.0000e+00
5.2929e-05
0.0000e+00
5.2929e-05
0.0000e+00
5.1975e-05
0.0000e+00
5.7936e-05
0.0000e+00
6.6042e-05
0.0000e+00
5.4121e-05
0.0000e+00
5.1975e-05
0.0000e+00
5.1975e-05
0.0000e+00
5.1022e-05
0.0000e+00
5.1022e-05
0.0000e+00
5.1022e-05
0.0000e+00
5.1975e-05
0.0000e+00
5.7220e-05
0.0000e+00
5.1975e-05
0.0000e+00
5.1975e-05
0.0000e+00
5.1975e-05
0.0000e+00
5.2929e-05
0.0000e+00
5.1975e-05
0.0000e+00
5.9128e-05
0.0000e+00
5.1975e-05
0.0000e+00
5.6028e-05
0.0000e+00
5.2929e-05
0.0000e+00
5.1975e-05
0.0000e+00
5.1975e-05
0.0000e+00
5.1022e-05
0.0000e+00
5.1975e-05
0.0000e+00
5.2929e-05
0.0000e+00
6.9141e-05
0.0000e+00
5.3883e-05
0.0000e+00
5.1022e-05
0.0000e+00
5.4121e-05
0.0000e+00
5.2214e-05
0.0000e+00
5.8174e-05
0.0000e+00
5.3167e-05
0.0000e+00
5.3167e-05
0.0000e+00
5.5075e-05
0.0000e+00
5.3167e-05
0.0000e+00
5.1975e-05
0.0000e+00
5.2929e-05
0.0000e+00
5.1975e-05
0.0000e+00
4.9829e-05
0.0000e+00
5.1975e-05
0.0000e+00
6.6996e-05
0.0000e+00
5.4836e-05
0.0000e+00
5.2929e-05
0.0000e+00
5.2929e-05
0.0000e+00
5.2929e-05
0.0000e+00
5.9128e-05
0.0000e+00
5.3167e-05
0.0000e+00
5.3167e-05
0.0000e+00
6.8188e-05
0.0000e+00
5.3167e-05
0.0000e+00
5.3167e-05
0.0000e+00
5.1975e-05
0.0000e+00
5.2929e-05
0.0000e+00
5.1975e-05
0.0000e+00
5.1975e-05
0.0000e+00
5.1975e-05
0.0000e+00
5.6028e-05
0.0000e+00
5.1975e-05
0.0000e+00
5.2929e-05
0.0000e+00
5.6982e-05
0.0000e+00
5.3883e-05
0.0000e+00
5.1022e-05
0.0000e+00
5.1975e-05
0.0000e+00
6.9857e-05
0.0000e+00
5.2929e-05
0.0000e+00
5.1022e-05
0.0000e+00
5.2214e-05
0.0000e+00
5.1022e-05
0.0000e+00
5.1975e-05
0.0000e+00
5.2929e-05
0.0000e+00
5.2929e-05
0.0000e+00
5.5075e-05
0.0000e+00
5.1975e-05
0.0000e+00
5.1975e-05
0.0000e+00
6.1035e-05
0.0000e+00
5.2929e-05
0.0000e+00
5.2929e-05
0.0000e+00
5.1975e-05
0.0000e+00
7.1049e-05
0.0000e+00
5.3883e-05
0.0000e+00
5.2929e-05
0.0000e+00
5.1975e-05
0.0000e+00
5.3883e-05
0.0000e+00
5.3883e-05
0.0000e+00
5.1975e-05
0.0000e+00
5.1975e-05
0.0000e+00
5.5075e-05
0.0000e+00
5.3167e-05
0.0000e+00
5.8889e-05
0.0000e+00
5.2929e-05
0.0000e+00
5.2929e-05
0.0000e+00
5.1975e-05
0.0000e+00
5.3883e-05
0.0000e+00
6.9857e-05
0.0000e+00
5.2929e-05
0.0000e+00
5.1022e-05
0.0000e+00
5.1975e-05
0.0000e+00
5.1975e-05
0.0000e+00
5.1022e-05
0.0000e+00
4.9829e-05
0.0000e+00
5.1975e-05
0.0000e+00
5.5075e-05
0.0000e+00
5.2929e-05
0.0000e+00
5.2929e-05
0.0000e+00
5.2929e-05
0.0000e+00
5.1975e-05
0.0000e+00
5.3883e-05
0.0000e+00
5.1975e-05
0.0000e+00
7.0095e-05
0.0000e+00
5.2214e-05
0.0000e+00
5.1975e-05
0.0000e+00
5.2929e-05
0.0000e+00
5.1975e-05
0.0000e+00
5.2929e-05
0.0000e+00
5.1975e-05
0.0000e+00
5.1975e-05
0.0000e+00
5.6028e-05
0.0000e+00
5.9128e-05
0.0000e+00
5.2929e-05
0.0000e+00
5.1975e-05
0.0000e+00
5.3167e-05
0.0000e+00
5.2214e-05
0.0000e+00
5.3167e-05
0.0000e+00
6.7949e-05
0.0000e+00
5.5075e-05
0.0000e+00
5.2929e-05
0.0000e+00
5.4836e-05
0.0000e+00
5.3167e-05
0.0000e+00
5.6028e-05
0.0000e+00
5.1975e-05
0.0000e+00
5.1975e-05
0.0000e+00
7.2956e-05
0.0000e+00
5.1975e-05
0.0000e+00
5.1975e-05
0.0000e+00
5.2929e-05
0.0000e+00
5.1975e-05
0.0000e+00
5.2929e-05
0.0000e+00
5.1975e-05
0.0000e+00
5.3167e-05
0.0000e+00
5.5075e-05
0.0000e+00
5.1975e-05
0.0000e+00
5.1975e-05
0.0000e+00
5.3167e-05
0.0000e+00
5.3167e-05
0.0000e+00
5.4121e-05
0.0000e+00
5.1975e-05
0.0000e+00
7.4148e-05
0.0000e+00
5.3883e-05
0.0000e+00
5.1975e-05
0.0000e+00
5.2929e-05
0.0000e+00
5.1975e-05
0.0000e+00
5.1975e-05
0.0000e+00
5.1975e-05
0.0000e+00
5.1975e-05
0.0000e+00
5.5790e-05
0.0000e+00
5.4121e-05
0.0000e+00
5.2929e-05
0.0000e+00
5.1975e-05
0.0000e+00
5.2214e-05
0.0000e+00
5.2214e-05
0.0000e+00
5.9128e-05
0.0000e+00
6.7234e-05
0.0000e+00
5.4121e-05
0.0000e+00
5.2929e-05
0.0000e+00
5.3883e-05
0.0000e+00
5.1975e-05
0.0000e+00
5.1975e-05
0.0000e+00
5.1975e-05
0.0000e+00
5.2929e-05
0.0000e+00
6.8903e-05
0.0000e+00
5.4121e-05
0.0000e+00
5.1975e-05
0.0000e+00
5.2929e-05
0.0000e+00
5.2929e-05
0.0000e+00
5.1975e-05
0.0000e+00
5.2929e-05
0.0000e+00
5.1975e-05
0.0000e+00
5.4836e-05
0.0000e+00
5.1975e-05
0.0000e+00
5.1975e-05
0.0000e+00
5.1975e-05
0.0000e+00
5.1975e-05
0.0000e+00
5.1975e-05
0.0000e+00
5.1975e-05
0.0000e+00
7.8917e-05
0.0000e+00
5.2929e-05
0.0000e+00
5.2929e-05
0.0000e+00
5.1975e-05
0.0000e+00
5.2929e-05
0.0000e+00
5.9843e-05
0.0000e+00
5.1975e-05
0.0000e+00
5.2929e-05
0.0000e+00
5.5075e-05
0.0000e+00
5.3883e-05
0.0000e+00
5.1022e-05
0.0000e+00
5.1975e-05
0.0000e+00
5.1975e-05
0.0000e+00
5.3167e-05
0.0000e+00
5.2214e-05
0.0000e+00
6.8188e-05
0.0000e+00
5.4121e-05
0.0000e+00
5.2214e-05
0.0000e+00
5.4121e-05
0.0000e+00
5.7936e-05
0.0000e+00
5.1975e-05
0.0000e+00
5.1022e-05
0.0000e+00
5.3883e-05
0.0000e+00
5.6028e-05
0.0000e+00
5.2929e-05
0.0000e+00
5.2929e-05
0.0000e+00
5.2929e-05
0.0000e+00
5.1022e-05
0.0000e+00
5.1975e-05
0.0000e+00
5.2929e-05
0.0000e+00
6.6996e-05
0.0000e+00
5.5075e-05
0.0000e+00
5.3167e-05
0.0000e+00
5.1975e-05
0.0000e+00
5.7936e-05
0.0000e+00
5.2929e-05
0.0000e+00
5.1975e-05
0.0000e+00
5.2929e-05
0.0000e+00
6.9857e-05
0.0000e+00
5.2929e-05
0.0000e+00
5.2929e-05
0.0000e+00
5.1022e-05
0.0000e+00
5.1022e-05
0.0000e+00
5.1975e-05
0.0000e+00
5.1975e-05
0.0000e+00
5.1975e-05
0.0000e+00
5.6982e-05
0.0000e+00
5.2214e-05
0.0000e+00
5.9128e-05
0.0000e+00
5.3167e-05
0.0000e+00
5.2929e-05
0.0000e+00
5.2929e-05
0.0000e+00
5.2929e-05
0.0000e+00
7.0810e-05
0.0000e+00
5.4121e-05
0.0000e+00
5.3167e-05
0.0000e+00
5.3167e-05
0.0000e+00
5.1975e-05
0.0000e+00
5.1022e-05
0.0000e+00
5.2929e-05
0.0000e+00
5.2929e-05
0.0000e+00
5.5075e-05
0.0000e+00
5.2929e-05
0.0000e+00
6.0081e-05
0.0000e+00
5.3167e-05
0.0000e+00
5.1975e-05
0.0000e+00
5.1975e-05
0.0000e+00
5.2929e-05
0.0000e+00
6.8903e-05
0.0000e+00
5.4121e-05
0.0000e+00
5.1975e-05
0.0000e+00
5.2929e-05
0.0000e+00
5.1975e-05
0.0000e+00
5.1022e-05
0.0000e+00
5.1022e-05
0.0000e+00
5.3167e-05
0.0000e+00
5.6028e-05
0.0000e+00
5.9128e-05
0.0000e+00
5.2929e-05
0.0000e+00
5.1022e-05
0.0000e+00
5.1975e-05
0.0000e+00
5.2929e-05
0.0000e+00
5.1022e-05
0.0000e+00
6.8188e-05
0.0000e+00
5.5075e-05
0.0000e+00
5.3883e-05
0.0000e+00
5.1975e-05
0.0000e+00
5.1975e-05
0.0000e+00
5.0783e-05
0.0000e+00
5.1975e-05
0.0000e+00
5.1022e-05
0.0000e+00
6.7949e-05
0.0000e+00
6.0081e-05
0.0000e+00
5.2929e-05
0.0000e+00
5.1975e-05
0.0000e+00
5.3167e-05
0.0000e+00
5.1022e-05
0.0000e+00
5.1975e-05
0.0000e+00
5.1975e-05
0.0000e+00
5.6028e-05
0.0000e+00
5.1022e-05
0.0000e+00
5.1022e-05
0.0000e+00
5.2214e-05
0.0000e+00
5.1975e-05
0.0000e+00
5.2929e-05
0.0000e+00
5.4121e-05
0.0000e+00
7.7009e-05
0.0000e+00
5.2929e-05
0.0000e+00
5.1975e-05
0.0000e+00
5.1022e-05
0.0000e+00
5.1975e-05
0.0000e+00
5.1975e-05
0.0000e+00
5.2929e-05
0.0000e+00
5.1975e-05
0.0000e+00
5.6028e-05
0.0000e+00
5.3167e-05
0.0000e+00
5.1022e-05
0.0000e+00
5.2929e-05
0.0000e+00
5.1975e-05
0.0000e+00
5.1022e-05
0.0000e+00
5.2214e-05
0.0000e+00
7.2002e-05
0.0000e+00
5.2929e-05
0.0000e+00
5.1975e-05
0.0000e+00
5.2929e-05
0.0000e+00
5.1975e-05
0.0000e+00
5.1975e-05
0.0000e+00
5.2929e-05
0.0000e+00
5.1975e-05
0.0000e+00
5.4836e-05
0.0000e+00
5.4836e-05
0.0000e+00
5.2929e-05
0.0000e+00
5.2929e-05
0.0000e+00
5.1975e-05
0.0000e+00
5.1975e-05
0.0000e+00
5.7936e-05
0.0000e+00
6.7949e-05
0.0000e+00
5.3883e-05
0.0000e+00
5.2929e-05
0.0000e+00
5.2929e-05
0.0000e+00
5.1975e-05
0.0000e+00
5.2929e-05
0.0000e+00
5.3883e-05
0.0000e+00
5.1022e-05
0.0000e+00
5.6028e-05
0.0000e+00
5.2929e-05
0.0000e+00
5.2929e-05
0.0000e+00
5.1975e-05
0.0000e+00
5.2929e-05
0.0000e+00
5.2929e-05
0.0000e+00
5.1975e-05
0.0000e+00
6.7949e-05
0.0000e+00
5.3883e-05
0.0000e+00
5.1975e-05
0.0000e+00
5.1975e-05
0.0000e+00
5.1975e-05
0.0000e+00
5.4121e-05
0.0000e+00
5.1975e-05
0.0000e+00
5.2929e-05
0.0000e+00
5.4121e-05
0.0000e+00
5.1975e-05
0.0000e+00
5.2929e-05
0.0000e+00
5.2929e-05
0.0000e+00
5.1975e-05
0.0000e+00
5.8889e-05
0.0000e+00
5.2929e-05
0.0000e+00
6.6042e-05
0.0000e+00
5.6028e-05
0.0000e+00
5.1975e-05
0.0000e+00
5.2929e-05
0.0000e+00
5.2929e-05
0.0000e+00
5.1975e-05
0.0000e+00
5.1975e-05
0.0000e+00
5.2214e-05
0.0000e+00
5.6028e-05
0.0000e+00
5.3883e-05
0.0000e+00
5.1022e-05
0.0000e+00
5.1975e-05
0.0000e+00
5.6028e-05
0.0000e+00
5.3167e-05
0.0000e+00
5.3167e-05
0.0000e+00
6.6042e-05
0.0000e+00
5.6028e-05
0.0000e+00
5.3167e-05
0.0000e+00
5.3167e-05
0.0000e+00
5.1022e-05
0.0000e+00
5.2929e-05
0.0000e+00
5.1975e-05
0.0000e+00
5.2929e-05
0.0000e+00
7.2002e-05
0.0000e+00
5.2929e-05
0.0000e+00
5.1975e-05
0.0000e+00
5.1975e-05
0.0000e+00
5.9128e-05
0.0000e+00
5.2929e-05
0.0000e+00
5.1975e-05
0.0000e+00
5.2929e-05
0.0000e+00
5.5075e-05
0.0000e+00
5.2929e-05
0.0000e+00
5.3883e-05
0.0000e+00
5.1022e-05
0.0000e+00
5.1975e-05
0.0000e+00
5.1975e-05
0.0000e+00
5.1975e-05
0.0000e+00
7.0095e-05
0.0000e+00
5.3883e-05
0.0000e+00
5.1975e-05
0.0000e+00
5.8889e-05
0.0000e+00
5.3883e-05
0.0000e+00
5.1975e-05
0.0000e+00
5.1975e-05
0.0000e+00
5.3883e-05
0.0000e+00
5.6028e-05
0.0000e+00
5.1975e-05
0.0000e+00
5.1975e-05
0.0000e+00
5.1975e-05
0.0000e+00
5.1022e-05
0.0000e+00
5.2214e-05
0.0000e+00
5.2929e-05
0.0000e+00
6.7949e-05
0.0000e+00
5.3883e-05
0.0000e+00
5.2929e-05
0.0000e+00
6.0081e-05
0.0000e+00
5.1975e-05
0.0000e+00
5.1022e-05
0.0000e+00
5.1975e-05
0.0000e+00
7.3910e-05
0.0000e+00
5.6028e-05
0.0000e+00
5.1975e-05
0.0000e+00
5.1975e-05
0.0000e+00
5.1022e-05
0.0000e+00
5.1975e-05
0.0000e+00
5.1975e-05
0.0000e+00
5.2929e-05
0.0000e+00
5.4836e-05
0.0000e+00
5.1975e-05
0.0000e+00
5.9843e-05
0.0000e+00
5.2929e-05
0.0000e+00
5.1975e-05
0.0000e+00
5.2929e-05
0.0000e+00
5.1975e-05
0.0000e+00
6.6996e-05
0.0000e+00
5.6028e-05
0.0000e+00
5.2929e-05
0.0000e+00
5.2929e-05
0.0000e+00
5.1975e-05
0.0000e+00
5.1022e-05
0.0000e+00
5.3167e-05
0.0000e+00
5.4121e-05
0.0000e+00
5.6028e-05
0.0000e+00
5.6982e-05
0.0000e+00
5.2929e-05
0.0000e+00
5.2929e-05
0.0000e+00
5.1975e-05
0.0000e+00
5.2929e-05
0.0000e+00
5.1975e-05
0.0000e+00
6.7949e-05
0.0000e+00
5.5790e-05
0.0000e+00
5.2929e-05
0.0000e+00
5.4121e-05
0.0000e+00
5.1975e-05
0.0000e+00
5.2929e-05
0.0000e+00
5.2929e-05
0.0000e+00
5.2929e-05
0.0000e+00
6.6042e-05
0.0000e+00
6.1035e-05
0.0000e+00
5.2929e-05
0.0000e+00
5.2929e-05
0.0000e+00
5.1975e-05
0.0000e+00
5.1975e-05
0.0000e+00
5.1975e-05
0.0000e+00
5.2929e-05
0.0000e+00
5.4121e-05
0.0000e+00
5.1975e-05
0.0000e+00
5.3883e-05
0.0000e+00
5.1975e-05
0.0000e+00
5.3167e-05
0.0000e+00
5.1975e-05
0.0000e+00
5.4121e-05
0.0000e+00
7.2002e-05
0.0000e+00
5.4121e-05
0.0000e+00
5.3167e-05
0.0000e+00
5.1975e-05
0.0000e+00
5.2929e-05
0.0000e+00
5.1975e-05
0.0000e+00
5.1975e-05
0.0000e+00
5.1975e-05
0.0000e+00
5.5790e-05
0.0000e+00
5.2929e-05
0.0000e+00
5.3167e-05
0.0000e+00
5.3167e-05
0.0000e+00
5.3167e-05
0.0000e+00
5.1975e-05
0.0000e+00
5.1975e-05
0.0000e+00
7.4863e-05
0.0000e+00
5.6028e-05
0.0000e+00
5.1975e-05
0.0000e+00
5.3167e-05
0.0000e+00
5.2214e-05
0.0000e+00
5.3167e-05
0.0000e+00
5.3167e-05
0.0000e+00
5.3167e-05
0.0000e+00
6.9141e-05
0.0000e+00
5.3167e-05
0.0000e+00
5.1022e-05
0.0000e+00
5.2929e-05
0.0000e+00
5.1975e-05
0.0000e+00
5.1975e-05
0.0000e+00
5.7936e-05
0.0000e+00
5.2929e-05
0.0000e+00
5.6982e-05
0.0000e+00
5.2929e-05
0.0000e+00
5.2929e-05
0.0000e+00
5.3883e-05
0.0000e+00
5.2929e-05
0.0000e+00
5.1975e-05
0.0000e+00
5.6028e-05
0.0000e+00
6.8188e-05
0.0000e+00
5.3167e-05
0.0000e+00
5.1022e-05
0.0000e+00
5.1975e-05
0.0000e+00
5.1975e-05
0.0000e+00
5.2929e-05
0.0000e+00
5.1975e-05
0.0000e+00
5.1975e-05
0.0000e+00
5.6028e-05
0.0000e+00
5.3883e-05
0.0000e+00
5.1975e-05
0.0000e+00
5.1975e-05
0.0000e+00
5.1975e-05
0.0000e+00
5.1975e-05
0.0000e+00
5.2929e-05
0.0000e+00
7.1049e-05
0.0000e+00
5.3167e-05
0.0000e+00
5.3167e-05
0.0000e+00
5.1975e-05
0.0000e+00
5.1975e-05
0.0000e+00
6.1035e-05
0.0000e+00
5.2929e-05
0.0000e+00
5.2929e-05
0.0000e+00
5.5075e-05
0.0000e+00
5.1975e-05
0.0000e+00
5.2929e-05
0.0000e+00
5.1975e-05
0.0000e+00
5.2929e-05
0.0000e+00
5.1975e-05
0.0000e+00
5.1975e-05
0.0000e+00
6.7949e-05
0.0000e+00
5.2929e-05
0.0000e+00
5.2929e-05
0.0000e+00
5.1975e-05
0.0000e+00
5.9128e-05
0.0000e+00
5.1975e-05
0.0000e+00
5.3167e-05
0.0000e+00
5.3167e-05
0.0000e+00
5.5075e-05
0.0000e+00
5.1975e-05
0.0000e+00
5.1022e-05
0.0000e+00
5.2929e-05
0.0000e+00
5.2929e-05
0.0000e+00
5.1975e-05
0.0000e+00
5.1022e-05
0.0000e+00
6.9857e-05
0.0000e+00
5.2929e-05
0.0000e+00
5.1975e-05
0.0000e+00
5.1022e-05
0.0000e+00
5.8174e-05
0.0000e+00
5.1975e-05
0.0000e+00
5.2929e-05
0.0000e+00
5.1975e-05
0.0000e+00
5.5075e-05
0.0000e+00
5.3167e-05
0.0000e+00
5.1022e-05
0.0000e+00
5.1975e-05
0.0000e+00
5.1975e-05
0.0000e+00
5.2214e-05
0.0000e+00
5.3167e-05
0.0000e+00
6.6042e-05
0.0000e+00
5.4121e-05
0.0000e+00
5.1975e-05
0.0000e+00
5.7936e-05
0.0000e+00
5.1975e-05
0.0000e+00
5.1975e-05
0.0000e+00
5.2929e-05
0.0000e+00
5.1975e-05
0.0000e+00
5.6982e-05
7.6728e-02
