3.4170e-03
2.2888e-05
6.0081e-05
9.0599e-06
4.1962e-05
9.5367e-07
3.7909e-05
4.0531e-06
3.8147e-05
3.8147e-06
3.6955e-05
9.5367e-07
3.7193e-05
5.0068e-06
3.7909e-05
5.9605e-06
5.0783e-05
6.9141e-06
3.8147e-05
5.0068e-06
3.7909e-05
6.2490e-04
9.5367e-07
4.0531e-06
4.2915e-05
2.1458e-06
3.7909e-05
9.5367e-07
3.7193e-05
9.5367e-07
3.6955e-05
3.2902e-05
9.5367e-07
9.5367e-07
4.1008e-05
5.0068e-06
1.1921e-06
9.5367e-07
3.8147e-05
8.8215e-06
9.5367e-07
1.9073e-06
3.8147e-05
9.5367e-07
3.6955e-05
1.1921e-06
3.6955e-05
5.0068e-06
9.5367e-07
4.0531e-06
9.5367e-07
2.1458e-06
4.7922e-05
2.1458e-06
4.2915e-05
4.0531e-06
3.8147e-05
3.8862e-05
3.7193e-05
2.1458e-06
3.6001e-05
9.5367e-07
3.6001e-05
9.5367e-07
3.6001e-05
9.5367e-07
3.6955e-05
9.5367e-07
4.9114e-05
3.8147e-06
9.5367e-07
3.8147e-06
0.0000e+00
1.9073e-06
3.8147e-05
1.5974e-05
3.6955e-05
9.5367e-07
3.7909e-05
9.5367e-07
3.6955e-05
2.5105e-04
1.1921e-06
1.1921e-06
3.7909e-05
1.1921e-06
5.1975e-05
1.9073e-06
3.9101e-05
1.9073e-06
3.6955e-05
3.8147e-06
3.6955e-05
6.1035e-05
0.0000e+00
9.5367e-07
3.8147e-05
9.5367e-07
3.6955e-05
1.1921e-06
3.6955e-05
2.8610e-06
9.5367e-07
7.9870e-05
9.5367e-07
9.5367e-07
3.9101e-05
3.8147e-06
0.0000e+00
9.5367e-07
3.6955e-05
9.5367e-07
3.6955e-05
6.9141e-06
9.5367e-07
3.5048e-05
0.0000e+00
1.9073e-06
3.6955e-05
1.2016e-04
0.0000e+00
9.5367e-07
4.5061e-05
1.1921e-06
4.7922e-05
9.5367e-07
3.8147e-05
1.9073e-06
3.6955e-05
1.0967e-05
0.0000e+00
1.1921e-06
3.7909e-05
2.1458e-06
3.6955e-05
9.5367e-07
3.6955e-05
1.9073e-06
3.7193e-05
6.2943e-05
9.5367e-07
4.0531e-06
0.0000e+00
0.0000e+00
3.8147e-05
1.9073e-06
3.6955e-05
1.9073e-06
3.6001e-05
1.1921e-06
3.6955e-05
9.5367e-07
3.6955e-05
9.5367e-07
3.6955e-05
3.0994e-06
3.6955e-05
1.9073e-06
3.9101e-05
1.9073e-06
3.8147e-05
1.9073e-06
4.1008e-05
2.1458e-06
3.6001e-05
7.5388e-04
3.8862e-05
2.1458e-06
3.6955e-05
9.5367e-07
3.8147e-05
3.8147e-06
5.1975e-05
1.9073e-06
3.6955e-05
7.1526e-06
3.8862e-05
9.5367e-07
3.6955e-05
1.1921e-06
3.6955e-05
1.9073e-06
3.6955e-05
9.5367e-07
3.7193e-05
2.1458e-06
3.6001e-05
1.5020e-05
0.0000e+00
1.9073e-06
3.8147e-05
9.5367e-07
3.7909e-05
9.5367e-07
3.7909e-05
2.1458e-06
3.6955e-05
1.9073e-06
3.6955e-05
9.5367e-07
3.7193e-05
2.1458e-06
3.6955e-05
1.9073e-06
3.8147e-05
1.9073e-06
3.6955e-05
3.0994e-06
3.6955e-05
3.0994e-06
3.6955e-05
2.3127e-05
9.5367e-07
3.0994e-06
0.0000e+00
2.5988e-05
9.5367e-07
9.5367e-07
3.9101e-05
1.9073e-06
3.8147e-05
9.5367e-07
4.6968e-05
9.5367e-07
5.8889e-05
8.1062e-06
0.0000e+00
9.5367e-07
3.0994e-05
9.5367e-07
2.4080e-05
1.1921e-06
2.2888e-05
9.5367e-07
2.2173e-05
9.5367e-07
2.1935e-05
8.7023e-05
3.6955e-05
3.0994e-05
0.0000e+00
0.0000e+00
2.1935e-05
1.1921e-06
2.2888e-05
7.5102e-05
2.0981e-05
9.5367e-07
2.1935e-05
9.5367e-07
2.1935e-05
3.4094e-05
2.1935e-05
2.1458e-06
2.8849e-05
2.1458e-06
2.2888e-05
3.0994e-06
0.0000e+00
1.9073e-05
2.2888e-05
9.5367e-07
2.0981e-05
1.5402e-04
2.1935e-05
2.1458e-06
2.1935e-05
9.5367e-07
2.0981e-05
2.1458e-06
2.0981e-05
1.1921e-06
2.1935e-05
9.5367e-07
2.2173e-05
6.7949e-05
9.5367e-07
9.5367e-07
2.2173e-05
1.0896e-04
0.0000e+00
1.9503e-04
9.5367e-07
9.5367e-07
2.2173e-05
9.5367e-07
2.1935e-05
1.1921e-06
2.0981e-05
9.5367e-07
2.3127e-05
9.5367e-07
2.1935e-05
1.4067e-05
2.0981e-05
9.5367e-07
2.1935e-05
1.2708e-04
9.5367e-07
4.9829e-05
0.0000e+00
0.0000e+00
2.1935e-05
1.1921e-06
2.1935e-05
9.5367e-07
2.9087e-05
1.9073e-06
2.1935e-05
9.4175e-05
9.5367e-07
9.0599e-06
2.2888e-05
2.2173e-05
2.0981e-05
9.5367e-07
2.0981e-05
2.1458e-06
2.0981e-05
1.1611e-04
0.0000e+00
1.9073e-06
0.0000e+00
8.5831e-05
0.0000e+00
0.0000e+00
2.9087e-05
9.5367e-07
2.0981e-05
8.7976e-05
1.1921e-06
1.1921e-06
2.2888e-05
9.5367e-07
2.0981e-05
9.5367e-07
2.0981e-05
9.5367e-07
2.1935e-05
1.0419e-04
2.1935e-05
3.0994e-06
0.0000e+00
2.0981e-05
2.2888e-05
9.5367e-07
2.1219e-05
1.3995e-04
0.0000e+00
0.0000e+00
2.2173e-05
9.5367e-07
2.0981e-05
9.5367e-07
2.1935e-05
5.0068e-05
9.5367e-07
1.1921e-06
2.1935e-05
0.0000e+00
2.8133e-05
9.5367e-07
2.1935e-05
2.1458e-06
2.0981e-05
9.2983e-05
0.0000e+00
0.0000e+00
2.1219e-05
9.5367e-07
2.0981e-05
9.5367e-07
2.2173e-05
9.1076e-05
2.2888e-05
7.1526e-06
2.7895e-05
9.5367e-07
2.1935e-05
4.0531e-06
2.1935e-05
1.1921e-06
2.0981e-05
1.3399e-04
0.0000e+00
9.5367e-07
2.1935e-05
9.5367e-07
2.0981e-05
0.0000e+00
2.0981e-05
5.8889e-05
2.8133e-05
9.5367e-07
2.3127e-05
9.5367e-07
2.0981e-05
9.5367e-07
2.2173e-05
4.7922e-05
0.0000e+00
7.2002e-05
0.0000e+00
0.0000e+00
2.1935e-05
8.5115e-05
9.5367e-07
2.6941e-05
2.1935e-05
3.8147e-06
2.0981e-05
9.5367e-07
2.2173e-05
9.5367e-07
2.1935e-05
1.4067e-05
2.1935e-05
1.0490e-04
0.0000e+00
9.5367e-07
2.2888e-05
1.1921e-06
2.0981e-05
0.0000e+00
2.0981e-05
1.1921e-06
2.1935e-05
9.5367e-07
2.1935e-05
6.8903e-05
2.0981e-05
1.9073e-06
2.0981e-05
1.1921e-06
2.0981e-05
9.5367e-07
2.1935e-05
1.1921e-06
2.0981e-05
1.7500e-04
2.0981e-05
8.1062e-06
3.0041e-05
3.0994e-05
9.5367e-07
9.5367e-07
2.1935e-05
9.5367e-07
2.0981e-05
9.5367e-07
2.0981e-05
1.1921e-06
2.1935e-05
9.5367e-07
2.0981e-05
1.1921e-06
2.0981e-05
1.4496e-04
3.0994e-05
2.1458e-06
2.1935e-05
7.9870e-05
1.1921e-06
9.5367e-07
2.1935e-05
9.5367e-07
2.0981e-05
1.1921e-06
2.0981e-05
3.0041e-05
0.0000e+00
0.0000e+00
2.1935e-05
1.1921e-06
2.0981e-05
9.5367e-07
2.2888e-05
1.1921e-06
2.0981e-05
1.5593e-04
1.1921e-06
9.5367e-07
2.1935e-05
9.5367e-07
2.0981e-05
0.0000e+00
2.0981e-05
4.6015e-05
2.0981e-05
2.1458e-06
2.0981e-05
8.8930e-05
8.1062e-06
9.5367e-07
2.2173e-05
0.0000e+00
2.0981e-05
1.9073e-06
2.2173e-05
9.5367e-07
2.0981e-05
9.5367e-07
2.1219e-05
1.1921e-06
2.0981e-05
1.3185e-04
2.0981e-05
9.5367e-07
2.9087e-05
1.5783e-04
9.5367e-07
1.1921e-06
2.1935e-05
1.9073e-06
0.0000e+00
0.0000e+00
2.1935e-05
0.0000e+00
2.1219e-05
9.5367e-07
2.1935e-05
9.5367e-07
2.0981e-05
1.9073e-06
2.0981e-05
1.3089e-04
2.2173e-05
9.5367e-07
2.0981e-05
1.2302e-04
0.0000e+00
9.5367e-07
2.2173e-05
9.5367e-07
2.1935e-05
0.0000e+00
2.1219e-05
0.0000e+00
2.0981e-05
9.5367e-07
2.5034e-05
9.5367e-07
2.2888e-05
1.1921e-06
2.1935e-05
9.5367e-07
2.0981e-05
1.1921e-06
2.0981e-05
9.5367e-07
2.1935e-05
1.1921e-06
2.1935e-05
9.5367e-07
2.0981e-05
2.2697e-04
1.1921e-06
1.2875e-05
2.3127e-05
1.0967e-05
0.0000e+00
9.5367e-07
2.2173e-05
9.5367e-07
2.1935e-05
1.1921e-06
2.0981e-05
1.2112e-04
0.0000e+00
2.0981e-05
2.2888e-05
2.8610e-06
2.0981e-05
9.5367e-07
2.1935e-05
2.1458e-06
2.1935e-05
9.5367e-07
2.2173e-05
1.9073e-06
2.0981e-05
1.1921e-06
2.1935e-05
2.6584e-04
1.1921e-06
9.5367e-07
2.2888e-05
3.0994e-06
0.0000e+00
9.5367e-07
2.2173e-05
9.5367e-07
3.0041e-05
1.9073e-06
2.1935e-05
1.1921e-06
2.1935e-05
9.5367e-07
2.0981e-05
9.5367e-07
2.0981e-05
9.5367e-07
2.1935e-05
3.0994e-06
2.1935e-05
2.2101e-04
0.0000e+00
3.0994e-06
0.0000e+00
1.1921e-06
2.2888e-05
9.5367e-07
2.1219e-05
9.5367e-07
2.1935e-05
2.1458e-06
2.1935e-05
9.5367e-07
2.0981e-05
3.0994e-06
2.1935e-05
1.1206e-04
2.1935e-05
9.5367e-07
2.9087e-05
1.0967e-05
2.2173e-05
1.9073e-06
2.1219e-05
9.5367e-07
2.1935e-05
1.1921e-06
2.0981e-05
1.3494e-04
9.5367e-07
9.5367e-07
2.2173e-05
9.2030e-05
2.1935e-05
1.9073e-06
2.1219e-05
9.5367e-07
2.2173e-05
9.5367e-07
2.0981e-05
1.1921e-06
2.0981e-05
4.0531e-06
9.5367e-07
9.5367e-07
2.1935e-05
1.1921e-06
2.1935e-05
1.2493e-04
2.0981e-05
1.7881e-05
2.1935e-05
9.5367e-07
2.1935e-05
9.5367e-07
2.0981e-05
4.0531e-06
9.5367e-07
1.9073e-06
2.5034e-05
9.5367e-07
2.2173e-05
9.5367e-07
2.1935e-05
1.2708e-04
3.6001e-05
3.0994e-06
3.7909e-05
5.8174e-05
0.0000e+00
1.5974e-05
1.1921e-06
2.1458e-06
3.7909e-05
9.5367e-07
3.7909e-05
2.1458e-06
3.6955e-05
7.5102e-05
3.8147e-05
1.1921e-06
3.7909e-05
9.5367e-07
3.7909e-05
4.0531e-06
4.6968e-05
3.0994e-06
3.6955e-05
1.9073e-06
3.6001e-05
1.9073e-06
3.6955e-05
2.1458e-06
4.0054e-05
1.9073e-06
3.9101e-05
9.5367e-07
3.7909e-05
2.1458e-06
2.9087e-05
1.9073e-06
2.3127e-05
2.8610e-06
1.1921e-06
1.9073e-06
2.1935e-05
1.1921e-06
2.1935e-05
1.9073e-06
2.0981e-05
1.1921e-06
2.0981e-05
1.2898e-04
0.0000e+00
0.0000e+00
2.3127e-05
2.8610e-06
0.0000e+00
3.8147e-06
2.7895e-05
9.5367e-07
2.0981e-05
9.5367e-07
2.1935e-05
8.6069e-05
2.0981e-05
1.1921e-06
2.1935e-05
1.1921e-05
2.1219e-05
2.1458e-06
2.1935e-05
1.1921e-06
2.0981e-05
1.9073e-06
2.3127e-05
9.5367e-07
2.0981e-05
1.1921e-06
2.0981e-05
1.3113e-04
2.2888e-05
1.1921e-06
2.1935e-05
7.8678e-06
2.0981e-05
1.5187e-04
0.0000e+00
9.5367e-07
2.1935e-05
9.5367e-07
2.3127e-05
9.5367e-07
2.0981e-05
0.0000e+00
2.1219e-05
9.5367e-07
2.0981e-05
9.5367e-07
2.0981e-05
1.1921e-06
2.0981e-05
9.5367e-07
2.0981e-05
3.0994e-06
9.5367e-07
1.9407e-04
9.5367e-07
9.5367e-07
2.4080e-05
9.5367e-07
2.2173e-05
4.9114e-05
0.0000e+00
1.5974e-05
2.2173e-05
9.5367e-07
2.0981e-05
9.0599e-06
2.5034e-05
9.5367e-07
2.0981e-05
1.1802e-04
2.2173e-05
1.6928e-05
2.3127e-05
2.0981e-05
2.0981e-05
2.4080e-05
2.0981e-05
2.2173e-05
2.0981e-05
2.5034e-05
9.5367e-07
5.1975e-05
2.2173e-05
2.0981e-05
2.0981e-05
2.3127e-05
2.0981e-05
1.5020e-05
2.2173e-05
2.1935e-05
2.1935e-05
9.5367e-07
2.2173e-05
1.1921e-05
2.0981e-05
0.0000e+00
2.0981e-05
2.3842e-05
2.0981e-05
3.1948e-05
2.0981e-05
2.3127e-05
2.7895e-05
1.5974e-05
2.6226e-05
1.6212e-05
2.0981e-05
2.0981e-05
2.0981e-05
2.2173e-05
2.1935e-05
4.6015e-05
3.9101e-05
2.8610e-06
3.6001e-05
2.0027e-05
3.7193e-05
1.9073e-06
3.6955e-05
2.1458e-06
3.6001e-05
1.9073e-06
3.6001e-05
9.5367e-07
3.6001e-05
9.5367e-07
3.6001e-05
9.5367e-07
3.6001e-05
2.1458e-06
3.8862e-05
2.1458e-06
4.7922e-05
1.9073e-06
3.7909e-05
1.9073e-06
3.7193e-05
3.8147e-06
9.5367e-07
9.5367e-07
3.6955e-05
1.1921e-06
3.6955e-05
1.9073e-06
3.6955e-05
2.1458e-06
3.8862e-05
1.9073e-06
4.7922e-05
2.8610e-06
2.4796e-05
1.1921e-06
2.0981e-05
2.0027e-05
2.1935e-05
2.3127e-05
2.1935e-05
2.5034e-05
2.0981e-05
2.4080e-05
2.0981e-05
9.5367e-07
2.0981e-05
1.7881e-05
3.0994e-05
2.4080e-05
2.1935e-05
0.0000e+00
2.0981e-05
8.3923e-05
0.0000e+00
9.5367e-07
2.1935e-05
3.0994e-06
0.0000e+00
4.0054e-05
9.5367e-07
1.2875e-05
2.2173e-05
1.9073e-05
2.1935e-05
2.2888e-05
2.9087e-05
3.0041e-05
2.1935e-05
5.2929e-05
9.5367e-07
1.5020e-05
2.1935e-05
2.5034e-05
0.0000e+00
1.2159e-05
2.1935e-05
2.1935e-05
2.2173e-05
2.1935e-05
2.1935e-05
2.5034e-05
2.1935e-05
7.8917e-05
0.0000e+00
0.0000e+00
2.1935e-05
9.5367e-07
2.2173e-05
9.5367e-07
2.0981e-05
2.0027e-05
2.0981e-05
2.3127e-05
2.1935e-05
1.4019e-04
9.5367e-07
4.3869e-05
0.0000e+00
0.0000e+00
2.0981e-05
9.5367e-07
2.8133e-05
9.5367e-07
2.0981e-05
1.1921e-06
2.0981e-05
1.9073e-05
2.1935e-05
2.0981e-05
2.0981e-05
2.4080e-05
2.1935e-05
8.0109e-05
2.0981e-05
5.1022e-05
1.1921e-06
2.7895e-05
3.1948e-05
1.4067e-05
2.1935e-05
2.3127e-05
2.0981e-05
2.5988e-05
0.0000e+00
4.1008e-05
2.1935e-05
3.8147e-05
9.5367e-07
4.5061e-05
0.0000e+00
2.5988e-05
2.1935e-05
3.0994e-05
2.2173e-05
2.2888e-05
3.2187e-05
1.4782e-05
1.1921e-06
4.1962e-05
2.0981e-05
9.5367e-07
2.2173e-05
1.8835e-05
2.0981e-05
2.6941e-05
2.0981e-05
2.3127e-05
2.1935e-05
3.4094e-05
2.1935e-05
1.8120e-05
3.0041e-05
1.5974e-05
2.1935e-05
3.1948e-05
3.7193e-05
7.8678e-06
3.8147e-05
1.9073e-06
3.7193e-05
1.9073e-06
3.6001e-05
2.1458e-06
3.6001e-05
1.9073e-06
3.6001e-05
2.1458e-06
3.8862e-05
2.1458e-06
3.6955e-05
1.1921e-06
3.7909e-05
4.0531e-06
0.0000e+00
2.8133e-05
3.8147e-05
1.9073e-06
3.6955e-05
9.5367e-07
3.6955e-05
2.1458e-06
3.6955e-05
5.9605e-06
9.5367e-07
2.1458e-06
4.0054e-05
1.9073e-06
4.2200e-05
1.9073e-06
3.9101e-05
1.9073e-06
3.6001e-05
4.0531e-06
9.5367e-07
1.9073e-05
3.8147e-05
5.9605e-06
3.6955e-05
3.0994e-06
4.8161e-05
2.8610e-06
3.6955e-05
2.1458e-06
3.6955e-05
1.9073e-06
3.8862e-05
4.0531e-06
9.5367e-07
7.8678e-06
3.9101e-05
2.0981e-05
3.7909e-05
9.5367e-07
3.7909e-05
1.9073e-06
4.6015e-05
1.9073e-06
3.7193e-05
9.5367e-07
3.6955e-05
1.9073e-06
3.8862e-05
2.1458e-06
3.7909e-05
2.1458e-06
3.6001e-05
1.9073e-06
3.6001e-05
9.5367e-07
3.6955e-05
5.9605e-06
0.0000e+00
9.5367e-07
3.7193e-05
2.8610e-06
9.5367e-07
1.9073e-06
3.9101e-05
3.1948e-05
9.5367e-07
5.3167e-05
0.0000e+00
9.5367e-07
3.8147e-05
4.0054e-05
0.0000e+00
9.5367e-07
3.7193e-05
1.9073e-06
3.6001e-05
4.0531e-06
1.1921e-06
1.5020e-05
0.0000e+00
3.6001e-05
3.7909e-05
2.5034e-05
1.1921e-06
2.2888e-05
3.8147e-05
1.6928e-05
3.9101e-05
8.1062e-06
9.5367e-07
3.6955e-05
3.8147e-05
1.9073e-06
4.1008e-05
1.9073e-06
3.6955e-05
4.0531e-06
9.5367e-07
1.9073e-06
3.7909e-05
5.9605e-06
2.2888e-05
2.2888e-05
2.0981e-05
2.5034e-05
9.5367e-07
4.0054e-05
2.0981e-05
3.5048e-05
9.5367e-07
3.0994e-05
2.3127e-05
2.0027e-05
2.0981e-05
9.5367e-07
2.9087e-05
1.0967e-05
2.1935e-05
3.2187e-05
2.0981e-05
2.5988e-05
0.0000e+00
4.3154e-05
2.2888e-05
2.3127e-05
2.0981e-05
2.2888e-05
2.2173e-05
2.2173e-05
2.0981e-05
9.5367e-07
2.8133e-05
6.0081e-05
9.5367e-07
7.8678e-06
2.1935e-05
2.0027e-05
2.0981e-05
2.4080e-05
2.0981e-05
2.3127e-05
2.0981e-05
4.1008e-05
0.0000e+00
4.0054e-05
2.1935e-05
2.3127e-05
2.0981e-05
1.5974e-05
2.3127e-05
1.1921e-05
2.1935e-05
2.3127e-05
2.1935e-05
2.5988e-05
0.0000e+00
4.3154e-05
0.0000e+00
4.0054e-05
2.1935e-05
5.5075e-05
0.0000e+00
4.8161e-05
9.5367e-07
2.8610e-06
2.2173e-05
3.1948e-05
2.9087e-05
6.1989e-05
0.0000e+00
4.0531e-06
2.1935e-05
2.1935e-05
2.1935e-05
2.0027e-05
2.1935e-05
5.5075e-05
0.0000e+00
2.1935e-05
0.0000e+00
3.2187e-05
2.2888e-05
9.5367e-07
2.1935e-05
2.0027e-05
2.7895e-05
1.7166e-05
2.2888e-05
2.3127e-05
9.5367e-07
4.2915e-05
2.3127e-05
1.7881e-05
2.1935e-05
2.3127e-05
2.1935e-05
2.2173e-05
2.1935e-05
4.1795e-04
0.0000e+00
9.5367e-07
2.3127e-05
0.0000e+00
3.0041e-05
4.8804e-04
0.0000e+00
0.0000e+00
2.1935e-05
1.9073e-06
0.0000e+00
0.0000e+00
2.1935e-05
9.5367e-07
2.0981e-05
0.0000e+00
2.0981e-05
9.5367e-07
2.0981e-05
1.8096e-04
0.0000e+00
0.0000e+00
3.0994e-05
9.5367e-07
2.2173e-05
1.1921e-06
2.1935e-05
9.5367e-07
2.1935e-05
9.5367e-07
2.0981e-05
7.1526e-06
0.0000e+00
9.5367e-07
2.2173e-05
9.5367e-07
2.0981e-05
3.0994e-06
9.5367e-07
4.0531e-06
4.0054e-05
1.8501e-04
0.0000e+00
9.5367e-07
3.8147e-05
1.9073e-06
3.6955e-05
4.0531e-06
9.5367e-07
9.5367e-07
3.6955e-05
1.9073e-06
3.8147e-05
1.2088e-04
1.1921e-06
1.1921e-06
3.6955e-05
9.5367e-07
4.6015e-05
2.1458e-06
3.6955e-05
2.1458e-06
3.6001e-05
1.9073e-06
3.6955e-05
2.1458e-06
3.6001e-05
1.9073e-06
3.6955e-05
4.0102e-04
3.6955e-05
1.6928e-05
3.9101e-05
1.9073e-06
3.8147e-05
9.5367e-07
3.6001e-05
9.5367e-07
3.6955e-05
1.2112e-04
0.0000e+00
3.6955e-05
3.8147e-05
9.5367e-07
3.6955e-05
2.1458e-06
3.6001e-05
1.2875e-05
3.5048e-05
2.1935e-05
2.2888e-05
3.0041e-05
0.0000e+00
1.0014e-05
2.1935e-05
2.1935e-05
2.2173e-05
2.1935e-05
2.1935e-05
2.2173e-05
2.1935e-05
2.1935e-05
2.2173e-05
3.3855e-05
2.2173e-05
1.6928e-05
2.3127e-05
1.2493e-04
0.0000e+00
1.1921e-06
2.1935e-05
5.9605e-06
0.0000e+00
9.5367e-07
2.0981e-05
4.8876e-05
0.0000e+00
1.7881e-05
2.2173e-05
6.4850e-05
2.1935e-05
1.9073e-06
2.0981e-05
7.8678e-06
3.0041e-05
1.4067e-05
2.1935e-05
2.3127e-05
2.0981e-05
2.1935e-05
2.2173e-05
2.2888e-05
2.0981e-05
2.2173e-05
2.0981e-05
3.2902e-05
2.2173e-05
2.3842e-05
2.0981e-05
1.7881e-05
1.1921e-06
2.7800e-04
9.5367e-07
9.5367e-07
2.4080e-05
9.5367e-07
2.0981e-05
0.0000e+00
2.1219e-05
3.0899e-04
2.1935e-05
2.5034e-05
2.2173e-05
2.2888e-05
2.2173e-05
3.9816e-05
2.9802e-05
1.5974e-05
2.1935e-05
2.1935e-05
2.0981e-05
1.0204e-04
9.5367e-07
1.1921e-06
2.1935e-05
9.5367e-07
2.0981e-05
1.4067e-05
0.0000e+00
4.1008e-05
2.1935e-05
5.5075e-05
0.0000e+00
2.5988e-05
0.0000e+00
5.9605e-06
2.2888e-05
9.5367e-07
2.1935e-05
9.5367e-07
2.1219e-05
1.0014e-05
2.0981e-05
2.7990e-04
3.7909e-05
4.0531e-06
3.7909e-05
1.1921e-06
3.7909e-05
1.1921e-06
4.7922e-05
3.0994e-06
3.8862e-05
1.1921e-06
3.7909e-05
1.9073e-06
3.6955e-05
1.9073e-06
3.9101e-05
1.9073e-06
3.6955e-05
2.1458e-06
3.7909e-05
2.1458e-06
3.7909e-05
1.9073e-06
4.6968e-05
5.0068e-06
0.0000e+00
1.9073e-06
3.7909e-05
4.0531e-06
9.5367e-07
1.9073e-06
3.6001e-05
5.9128e-05
9.5367e-07
4.0531e-06
0.0000e+00
2.0027e-05
3.9101e-05
2.1935e-05
3.9101e-05
1.9073e-06
3.8147e-05
2.1458e-06
3.8862e-05
4.0531e-06
1.1921e-06
1.9073e-06
3.8862e-05
2.1458e-06
3.6955e-05
4.3607e-04
3.9101e-05
9.5367e-07
3.6955e-05
1.9073e-06
4.0054e-05
9.5367e-07
3.7193e-05
8.1062e-06
9.5367e-07
2.1458e-06
3.8862e-05
1.9073e-06
2.4080e-05
2.9087e-05
2.0981e-05
2.9087e-05
9.5367e-07
6.1035e-05
9.5367e-07
8.6069e-05
0.0000e+00
0.0000e+00
2.1935e-05
1.1921e-06
2.1935e-05
9.5367e-07
3.0041e-05
1.2159e-05
2.2888e-05
9.5367e-07
2.2173e-05
2.0981e-05
2.0981e-05
1.0800e-04
0.0000e+00
9.5367e-07
2.2173e-05
9.5367e-07
2.1935e-05
4.0531e-06
2.0981e-05
2.2173e-05
2.1935e-05
2.3103e-04
9.5367e-07
9.5367e-07
2.2888e-05
9.5367e-07
2.2888e-05
1.2493e-04
2.2173e-05
9.5367e-07
2.1935e-05
1.5020e-05
2.1935e-05
2.3127e-05
2.0981e-05
2.3127e-05
2.0981e-05
7.1049e-05
0.0000e+00
9.5367e-07
2.1935e-05
3.4094e-05
2.1935e-05
9.2030e-05
9.5367e-07
9.5367e-07
2.2173e-05
1.1921e-05
2.0981e-05
2.0981e-05
2.0981e-05
2.1935e-05
2.0981e-05
2.0981e-05
3.0994e-05
1.1921e-05
2.1935e-05
3.3140e-05
2.1935e-05
3.0994e-06
0.0000e+00
2.1887e-04
0.0000e+00
1.9073e-06
0.0000e+00
1.1921e-06
2.2888e-05
3.0994e-06
9.5367e-07
0.0000e+00
2.1935e-05
0.0000e+00
2.1935e-05
2.1458e-06
2.2888e-05
9.5367e-07
2.1935e-05
1.7166e-05
2.1935e-05
2.3890e-04
2.0981e-05
2.7895e-05
2.0981e-05
2.5988e-05
0.0000e+00
9.0599e-06
2.1935e-05
8.1062e-05
2.1935e-05
2.7895e-05
5.9605e-06
4.7922e-05
9.5367e-07
6.0081e-05
9.5367e-07
4.0531e-06
3.9101e-05
1.0610e-04
0.0000e+00
2.1458e-06
3.8862e-05
9.5367e-07
3.6955e-05
4.0531e-06
9.5367e-07
9.5367e-07
3.9101e-05
9.5367e-07
3.8147e-05
9.5367e-07
4.9114e-05
1.9073e-06
3.8147e-05
1.9073e-06
3.6955e-05
2.1458e-06
3.6001e-05
1.9073e-06
3.7193e-05
2.7609e-04
0.0000e+00
1.1921e-06
2.3842e-05
9.5367e-07
2.1935e-05
0.0000e+00
3.1233e-05
9.5367e-07
2.1935e-05
3.0994e-06
0.0000e+00
1.4067e-05
2.2888e-05
2.2173e-05
2.0981e-05
2.4080e-05
0.0000e+00
4.1008e-05
2.2173e-05
2.9397e-04
9.5367e-07
9.5367e-07
2.0981e-05
0.0000e+00
2.7180e-05
9.5367e-07
2.1935e-05
0.0000e+00
2.0981e-05
9.5367e-07
2.0981e-05
9.5367e-07
2.0981e-05
1.9073e-06
2.5034e-05
9.5367e-07
2.0981e-05
1.0109e-04
0.0000e+00
0.0000e+00
2.0981e-05
1.1921e-06
2.1935e-05
9.5367e-07
2.0981e-05
3.3283e-04
2.1219e-05
2.2888e-05
2.1935e-05
2.1935e-05
2.1935e-05
9.5367e-07
2.2173e-05
9.1791e-05
0.0000e+00
0.0000e+00
2.0981e-05
1.8406e-04
2.2173e-05
2.2888e-05
2.0981e-05
9.5367e-07
2.0981e-05
2.4080e-05
2.1935e-05
2.0027e-05
2.0981e-05
2.1935e-05
2.2173e-05
5.2929e-05
0.0000e+00
1.3113e-05
2.2888e-05
1.5974e-05
0.0000e+00
7.1526e-06
2.2888e-05
3.0041e-05
2.1935e-05
2.3127e-05
2.1935e-05
2.1935e-05
2.0981e-05
6.4850e-05
2.2173e-05
6.2943e-05
0.0000e+00
4.0531e-06
2.1935e-05
6.6042e-05
9.5367e-07
9.5367e-07
3.0041e-05
9.5367e-07
2.2173e-05
7.7009e-05
0.0000e+00
2.1458e-06
0.0000e+00
2.5988e-05
2.1935e-05
2.3127e-05
2.1935e-05
2.1935e-05
2.0981e-05
9.5129e-05
9.5367e-07
9.5367e-07
2.2173e-05
7.7581e-04
0.0000e+00
1.1921e-06
2.2888e-05
0.0000e+00
2.0981e-05
3.0994e-06
0.0000e+00
9.5367e-07
2.3127e-05
2.8610e-06
0.0000e+00
1.5020e-05
0.0000e+00
4.1008e-05
2.1935e-05
3.6955e-05
1.1921e-06
4.1962e-05
2.1935e-05
2.2888e-05
3.0041e-05
1.8120e-05
0.0000e+00
3.9101e-05
2.1935e-05
2.0981e-05
2.2173e-05
2.0027e-05
2.1935e-05
2.0981e-05
2.1219e-05
2.8849e-05
2.0981e-05
2.1935e-05
2.0981e-05
2.1935e-05
2.6941e-05
1.5974e-05
2.2173e-05
1.9073e-06
2.0981e-05
3.4904e-04
0.0000e+00
1.1921e-06
2.1935e-05
9.5367e-07
2.0981e-05
9.5367e-07
2.0981e-05
2.2888e-05
2.0981e-05
2.1935e-05
2.7895e-05
1.9073e-06
2.2173e-05
1.1921e-05
0.0000e+00
3.7193e-05
2.2888e-05
2.0981e-05
2.1935e-05
2.2173e-05
2.1935e-05
4.0054e-05
0.0000e+00
3.6001e-05
2.2888e-05
2.4080e-05
2.0981e-05
1.5879e-04
1.1921e-06
3.3140e-05
2.1935e-05
2.1935e-05
3.6955e-05
1.9073e-06
3.7193e-05
1.9073e-06
3.8147e-05
2.1458e-06
3.6955e-05
1.5974e-05
0.0000e+00
3.2187e-05
3.6001e-05
1.9073e-06
3.9101e-05
2.1458e-06
3.6001e-05
9.5367e-07
3.7909e-05
3.3593e-04
3.8147e-05
1.9073e-06
4.1008e-05
9.5367e-07
3.6955e-05
1.1921e-05
9.5367e-07
3.6955e-05
2.4080e-05
1.6928e-05
2.2173e-05
1.3113e-05
2.2888e-05
9.5367e-07
2.2173e-05
1.2875e-05
2.2173e-05
1.9789e-05
2.1935e-05
2.4080e-05
2.1935e-05
9.5367e-07
2.1219e-05
1.8120e-05
2.0981e-05
2.8515e-04
2.9802e-05
1.6928e-05
2.1935e-05
4.0531e-06
0.0000e+00
6.1989e-06
2.0981e-05
2.6941e-05
2.2173e-05
2.4796e-05
0.0000e+00
1.0490e-04
0.0000e+00
1.1921e-06
2.1935e-05
1.0967e-05
2.0981e-05
2.2888e-05
2.9087e-05
9.5367e-07
2.2173e-05
4.0531e-06
2.0981e-05
3.6311e-04
9.5367e-07
9.5367e-07
2.2173e-05
0.0000e+00
2.0981e-05
9.5367e-07
2.1219e-05
0.0000e+00
2.0981e-05
9.5367e-07
2.1935e-05
2.5392e-04
0.0000e+00
1.1921e-06
2.2888e-05
0.0000e+00
2.1219e-05
9.5367e-07
2.1935e-05
9.5367e-07
2.1935e-05
1.1921e-06
2.1935e-05
9.5367e-07
2.1219e-05
9.5367e-07
2.3127e-05
9.5367e-07
2.2173e-05
3.7694e-04
9.5367e-07
9.5367e-07
2.2173e-05
9.5367e-07
2.0981e-05
0.0000e+00
2.2173e-05
9.5367e-07
2.0981e-05
0.0000e+00
2.0981e-05
1.1921e-06
2.1935e-05
9.5367e-07
2.0981e-05
9.5367e-07
2.0981e-05
7.2956e-05
2.1935e-05
2.1935e-05
2.1935e-05
2.1935e-05
2.0981e-05
1.5092e-04
0.0000e+00
0.0000e+00
2.0981e-05
9.5367e-07
2.1935e-05
1.9073e-06
2.2173e-05
9.5367e-07
2.0981e-05
1.3018e-04
2.1935e-05
2.3842e-05
2.1219e-05
2.3842e-05
2.0981e-05
2.2888e-05
2.0981e-05
0.0000e+00
2.0981e-05
1.1921e-05
0.0000e+00
5.2214e-05
2.8849e-05
1.5974e-05
2.2173e-05
3.0088e-04
2.2173e-05
3.6955e-05
0.0000e+00
2.9087e-05
2.2888e-05
3.5048e-05
9.5367e-07
2.8133e-05
2.0981e-05
2.0981e-05
2.0981e-05
3.2187e-05
2.0981e-05
1.5020e-05
2.1935e-05
2.0981e-05
2.0981e-05
2.1935e-05
2.0981e-05
3.8862e-05
2.0981e-05
2.4080e-05
2.1935e-05
2.4080e-05
2.0981e-05
2.5034e-05
0.0000e+00
5.4121e-05
2.2888e-05
1.9073e-05
2.3127e-05
9.5367e-07
2.1935e-05
9.0599e-06
2.1935e-05
2.4080e-05
2.1935e-05
2.3127e-05
2.0981e-05
2.2888e-05
2.1219e-05
2.2888e-05
2.1935e-05
2.1935e-05
3.0041e-05
2.5988e-05
2.1935e-05
2.0981e-05
2.0981e-05
2.4080e-05
9.5367e-07
1.8406e-04
0.0000e+00
0.0000e+00
2.0981e-05
1.1921e-06
2.1935e-05
1.6928e-05
2.2173e-05
1.7118e-04
2.1935e-05
9.5367e-07
3.6001e-05
4.7684e-06
2.2173e-05
9.5367e-07
2.0981e-05
1.3113e-05
2.1935e-05
2.0981e-05
2.0981e-05
2.2888e-05
2.1935e-05
2.2173e-05
2.0981e-05
2.0981e-05
2.1935e-05
1.5020e-05
2.1935e-05
3.1948e-05
2.0981e-05
9.5367e-07
2.1935e-05
1.5020e-05
2.1935e-05
6.0989e-02
