2.7409e-03
0.0000e+00
5.6982e-05
0.0000e+00
2.4080e-05
0.0000e+00
2.2173e-05
0.0000e+00
2.1935e-05
0.0000e+00
2.0981e-05
0.0000e+00
2.1935e-05
0.0000e+00
2.1219e-05
0.0000e+00
4.1962e-05
0.0000e+00
2.1935e-05
0.0000e+00
2.2173e-05
0.0000e+00
2.1935e-05
0.0000e+00
2.0981e-05
0.0000e+00
2.0981e-05
0.0000e+00
2.1219e-05
0.0000e+00
2.0981e-05
0.0000e+00
2.3127e-05
0.0000e+00
2.1935e-05
0.0000e+00
2.0981e-05
0.0000e+00
2.1219e-05
0.0000e+00
2.5034e-05
0.0000e+00
2.1935e-05
0.0000e+00
2.0981e-05
0.0000e+00
3.0994e-05
0.0000e+00
2.0981e-05
0.0000e+00
2.1219e-05
0.0000e+00
2.0981e-05
0.0000e+00
2.0981e-05
0.0000e+00
2.0981e-05
0.0000e+00
2.0981e-05
0.0000e+00
2.0981e-05
0.0000e+00
2.2888e-05
0.0000e+00
2.0981e-05
0.0000e+00
2.1935e-05
0.0000e+00
2.0981e-05
0.0000e+00
2.0027e-05
0.0000e+00
2.0981e-05
0.0000e+00
2.0981e-05
0.0000e+00
2.6941e-05
0.0000e+00
2.1935e-05
0.0000e+00
2.0981e-05
0.0000e+00
2.0981e-05
0.0000e+00
2.0981e-05
0.0000e+00
2.1935e-05
0.0000e+00
2.0981e-05
0.0000e+00
2.0981e-05
0.0000e+00
2.2888e-05
0.0000e+00
2.0981e-05
0.0000e+00
2.0981e-05
0.0000e+00
2.1219e-05
0.0000e+00
2.0981e-05
0.0000e+00
2.0981e-05
0.0000e+00
2.0981e-05
0.0000e+00
2.6941e-05
0.0000e+00
2.2173e-05
0.0000e+00
2.0981e-05
0.0000e+00
2.4796e-05
0.0000e+00
1.9789e-05
0.0000e+00
2.0981e-05
0.0000e+00
2.0981e-05
0.0000e+00
2.1935e-05
0.0000e+00
2.2888e-05
0.0000e+00
2.4080e-05
0.0000e+00
3.6955e-05
0.0000e+00
3.6955e-05
0.0000e+00
3.6955e-05
0.0000e+00
3.6955e-05
0.0000e+00
3.7193e-05
0.0000e+00
4.5061e-05
0.0000e+00
3.7909e-05
0.0000e+00
3.7909e-05
0.0000e+00
3.6001e-05
0.0000e+00
3.6955e-05
0.0000e+00
3.7193e-05
0.0000e+00
3.7909e-05
0.0000e+00
3.8147e-05
0.0000e+00
3.6955e-05
0.0000e+00
3.6001e-05
0.0000e+00
3.6955e-05
0.0000e+00
3.6955e-05
0.0000e+00
3.7909e-05
0.0000e+00
3.7909e-05
0.0000e+00
3.7909e-05
0.0000e+00
3.8147e-05
0.0000e+00
3.8862e-05
0.0000e+00
3.9101e-05
0.0000e+00
3.7193e-05
0.0000e+00
3.7909e-05
0.0000e+00
3.6955e-05
0.0000e+00
3.6955e-05
0.0000e+00
3.6001e-05
0.0000e+00
4.6968e-05
0.0000e+00
3.6955e-05
0.0000e+00
3.6955e-05
0.0000e+00
3.6955e-05
0.0000e+00
3.8147e-05
0.0000e+00
3.7909e-05
0.0000e+00
3.7909e-05
0.0000e+00
3.8147e-05
0.0000e+00
3.8147e-05
0.0000e+00
3.6955e-05
0.0000e+00
3.8147e-05
0.0000e+00
3.7909e-05
0.0000e+00
3.7193e-05
0.0000e+00
3.7909e-05
0.0000e+00
3.8147e-05
0.0000e+00
4.7922e-05
0.0000e+00
3.7909e-05
0.0000e+00
3.6955e-05
0.0000e+00
3.6955e-05
0.0000e+00
3.7193e-05
0.0000e+00
3.6955e-05
0.0000e+00
3.8147e-05
0.0000e+00
3.7909e-05
0.0000e+00
3.7909e-05
0.0000e+00
3.7193e-05
0.0000e+00
3.6955e-05
0.0000e+00
3.6955e-05
0.0000e+00
4.0054e-05
0.0000e+00
3.6955e-05
0.0000e+00
3.6955e-05
0.0000e+00
3.7909e-05
0.0000e+00
3.9101e-05
0.0000e+00
3.7193e-05
0.0000e+00
3.6955e-05
0.0000e+00
3.6001e-05
0.0000e+00
3.7909e-05
0.0000e+00
3.7193e-05
0.0000e+00
3.7909e-05
0.0000e+00
4.7922e-05
0.0000e+00
3.8147e-05
0.0000e+00
3.6955e-05
0.0000e+00
3.6955e-05
0.0000e+00
3.7909e-05
0.0000e+00
3.7909e-05
0.0000e+00
3.6955e-05
0.0000e+00
3.6955e-05
0.0000e+00
3.7909e-05
0.0000e+00
4.1962e-05
0.0000e+00
3.6955e-05
0.0000e+00
3.6955e-05
0.0000e+00
4.0054e-05
0.0000e+00
3.7909e-05
0.0000e+00
3.7909e-05
0.0000e+00
4.6968e-05
0.0000e+00
3.6955e-05
0.0000e+00
3.6001e-05
0.0000e+00
3.7193e-05
0.0000e+00
3.8862e-05
0.0000e+00
3.7193e-05
0.0000e+00
3.6955e-05
0.0000e+00
3.6955e-05
0.0000e+00
4.5061e-05
0.0000e+00
3.7909e-05
0.0000e+00
3.7193e-05
0.0000e+00
3.7909e-05
0.0000e+00
3.9101e-05
0.0000e+00
3.6001e-05
0.0000e+00
4.1008e-05
0.0000e+00
3.7909e-05
0.0000e+00
3.8147e-05
0.0000e+00
3.7909e-05
0.0000e+00
3.8147e-05
0.0000e+00
3.6955e-05
0.0000e+00
3.6955e-05
0.0000e+00
3.6001e-05
0.0000e+00
3.6955e-05
0.0000e+00
4.6968e-05
0.0000e+00
3.7193e-05
0.0000e+00
3.6955e-05
0.0000e+00
3.7193e-05
0.0000e+00
3.6001e-05
0.0000e+00
3.7193e-05
0.0000e+00
3.6955e-05
0.0000e+00
3.6955e-05
0.0000e+00
3.8147e-05
0.0000e+00
3.7909e-05
0.0000e+00
3.8147e-05
0.0000e+00
3.6955e-05
0.0000e+00
3.8147e-05
0.0000e+00
3.6955e-05
0.0000e+00
3.6955e-05
0.0000e+00
4.7922e-05
0.0000e+00
3.6955e-05
0.0000e+00
3.6955e-05
0.0000e+00
3.7909e-05
0.0000e+00
3.9101e-05
0.0000e+00
3.7909e-05
0.0000e+00
3.6955e-05
0.0000e+00
3.6955e-05
0.0000e+00
3.6955e-05
0.0000e+00
3.6955e-05
0.0000e+00
3.7909e-05
0.0000e+00
3.7193e-05
0.0000e+00
3.6955e-05
0.0000e+00
3.7193e-05
0.0000e+00
3.7909e-05
0.0000e+00
5.4121e-05
0.0000e+00
3.6955e-05
0.0000e+00
3.8147e-05
0.0000e+00
3.7909e-05
0.0000e+00
3.6955e-05
0.0000e+00
3.6955e-05
0.0000e+00
3.6955e-05
0.0000e+00
3.6955e-05
0.0000e+00
3.6955e-05
0.0000e+00
3.8147e-05
0.0000e+00
3.6955e-05
0.0000e+00
3.6955e-05
0.0000e+00
3.6955e-05
0.0000e+00
3.6001e-05
0.0000e+00
3.6955e-05
0.0000e+00
4.5061e-05
0.0000e+00
3.8147e-05
0.0000e+00
3.9101e-05
0.0000e+00
3.6955e-05
0.0000e+00
3.7909e-05
0.0000e+00
4.1008e-05
0.0000e+00
3.7193e-05
0.0000e+00
3.7909e-05
0.0000e+00
5.3167e-05
0.0000e+00
3.8862e-05
0.0000e+00
3.8147e-05
0.0000e+00
3.6001e-05
0.0000e+00
3.8147e-05
0.0000e+00
3.6955e-05
0.0000e+00
3.9101e-05
0.0000e+00
3.7909e-05
0.0000e+00
3.7909e-05
0.0000e+00
3.7909e-05
0.0000e+00
3.8147e-05
0.0000e+00
3.7909e-05
0.0000e+00
3.7193e-05
0.0000e+00
3.7909e-05
0.0000e+00
3.7193e-05
0.0000e+00
4.7922e-05
0.0000e+00
3.7909e-05
0.0000e+00
4.1008e-05
0.0000e+00
3.7193e-05
0.0000e+00
3.7909e-05
0.0000e+00
3.6955e-05
0.0000e+00
3.6001e-05
0.0000e+00
3.7909e-05
0.0000e+00
3.7193e-05
0.0000e+00
3.6955e-05
0.0000e+00
3.7909e-05
0.0000e+00
3.7909e-05
0.0000e+00
3.8147e-05
0.0000e+00
3.6955e-05
0.0000e+00
3.7193e-05
0.0000e+00
4.6015e-05
0.0000e+00
3.6955e-05
0.0000e+00
3.6955e-05
0.0000e+00
3.6955e-05
0.0000e+00
3.7193e-05
0.0000e+00
3.6955e-05
0.0000e+00
3.8147e-05
0.0000e+00
4.1962e-05
0.0000e+00
4.3869e-05
0.0000e+00
3.7193e-05
0.0000e+00
3.6955e-05
0.0000e+00
3.6955e-05
0.0000e+00
3.6955e-05
0.0000e+00
3.6001e-05
0.0000e+00
3.8147e-05
0.0000e+00
3.6955e-05
0.0000e+00
3.7193e-05
0.0000e+00
3.7909e-05
0.0000e+00
3.8147e-05
0.0000e+00
3.8147e-05
0.0000e+00
3.6955e-05
0.0000e+00
3.6955e-05
0.0000e+00
3.7909e-05
0.0000e+00
4.5061e-05
0.0000e+00
3.6955e-05
0.0000e+00
3.7909e-05
0.0000e+00
3.6955e-05
0.0000e+00
3.6955e-05
0.0000e+00
3.6001e-05
0.0000e+00
3.7909e-05
0.0000e+00
7.0095e-05
0.0000e+00
4.5061e-05
0.0000e+00
3.7909e-05
0.0000e+00
3.6955e-05
0.0000e+00
3.6955e-05
0.0000e+00
3.6955e-05
0.0000e+00
3.7909e-05
0.0000e+00
3.8147e-05
0.0000e+00
4.8876e-05
0.0000e+00
3.7909e-05
0.0000e+00
3.7193e-05
0.0000e+00
3.6955e-05
0.0000e+00
3.6001e-05
0.0000e+00
3.6955e-05
0.0000e+00
3.7193e-05
0.0000e+00
3.6955e-05
0.0000e+00
4.5061e-05
0.0000e+00
3.8147e-05
0.0000e+00
3.7909e-05
0.0000e+00
3.7909e-05
0.0000e+00
3.8147e-05
0.0000e+00
3.7909e-05
0.0000e+00
3.6955e-05
0.0000e+00
3.7193e-05
0.0000e+00
3.9816e-05
0.0000e+00
3.7909e-05
0.0000e+00
3.6955e-05
0.0000e+00
3.7909e-05
0.0000e+00
3.8147e-05
0.0000e+00
3.6955e-05
0.0000e+00
3.6955e-05
0.0000e+00
4.6015e-05
0.0000e+00
3.8147e-05
0.0000e+00
3.6955e-05
0.0000e+00
3.7909e-05
0.0000e+00
3.7909e-05
0.0000e+00
3.8862e-05
0.0000e+00
3.6955e-05
0.0000e+00
3.6955e-05
0.0000e+00
3.9101e-05
0.0000e+00
4.3154e-05
0.0000e+00
3.6955e-05
0.0000e+00
3.9101e-05
0.0000e+00
3.7909e-05
0.0000e+00
3.6955e-05
0.0000e+00
3.8147e-05
0.0000e+00
4.6015e-05
0.0000e+00
3.8862e-05
0.0000e+00
3.8147e-05
0.0000e+00
3.9101e-05
0.0000e+00
3.7909e-05
0.0000e+00
3.8147e-05
0.0000e+00
3.6955e-05
0.0000e+00
3.8147e-05
0.0000e+00
4.6015e-05
0.0000e+00
3.8147e-05
0.0000e+00
3.7909e-05
0.0000e+00
3.7193e-05
0.0000e+00
4.7922e-05
0.0000e+00
5.9128e-05
0.0000e+00
3.8862e-05
0.0000e+00
3.8862e-05
0.0000e+00
3.8862e-05
0.0000e+00
3.7193e-05
0.0000e+00
3.6955e-05
0.0000e+00
3.6955e-05
0.0000e+00
3.6955e-05
0.0000e+00
3.7193e-05
0.0000e+00
3.6001e-05
0.0000e+00
4.6015e-05
0.0000e+00
3.7909e-05
0.0000e+00
3.6955e-05
0.0000e+00
3.8147e-05
0.0000e+00
3.6001e-05
0.0000e+00
3.7193e-05
0.0000e+00
4.0054e-05
0.0000e+00
3.6955e-05
0.0000e+00
3.9101e-05
0.0000e+00
4.1008e-05
0.0000e+00
3.8147e-05
0.0000e+00
3.7909e-05
0.0000e+00
3.6001e-05
0.0000e+00
3.6955e-05
0.0000e+00
3.7909e-05
0.0000e+00
4.6968e-05
0.0000e+00
3.7909e-05
0.0000e+00
3.6955e-05
0.0000e+00
3.8147e-05
0.0000e+00
3.7909e-05
0.0000e+00
3.8147e-05
0.0000e+00
3.7909e-05
0.0000e+00
3.6955e-05
0.0000e+00
4.6015e-05
0.0000e+00
4.1962e-05
0.0000e+00
3.7193e-05
0.0000e+00
3.9101e-05
0.0000e+00
3.7909e-05
0.0000e+00
3.8147e-05
0.0000e+00
3.6955e-05
0.0000e+00
3.6955e-05
0.0000e+00
3.7909e-05
0.0000e+00
3.7909e-05
0.0000e+00
3.7909e-05
0.0000e+00
3.6001e-05
0.0000e+00
3.9101e-05
0.0000e+00
3.8147e-05
0.0000e+00
3.7909e-05
0.0000e+00
4.7922e-05
0.0000e+00
3.9101e-05
0.0000e+00
3.6955e-05
0.0000e+00
3.6955e-05
0.0000e+00
3.9101e-05
0.0000e+00
3.7909e-05
0.0000e+00
4.1962e-05
0.0000e+00
3.6955e-05
0.0000e+00
3.9101e-05
0.0000e+00
3.8147e-05
0.0000e+00
3.8147e-05
0.0000e+00
3.8862e-05
0.0000e+00
3.7909e-05
0.0000e+00
3.6955e-05
0.0000e+00
3.8147e-05
0.0000e+00
4.6015e-05
0.0000e+00
3.9101e-05
0.0000e+00
3.6955e-05
0.0000e+00
3.6955e-05
0.0000e+00
3.7909e-05
0.0000e+00
3.6955e-05
0.0000e+00
3.6955e-05
0.0000e+00
3.6955e-05
0.0000e+00
4.6015e-05
0.0000e+00
3.7193e-05
0.0000e+00
4.1008e-05
0.0000e+00
3.8147e-05
0.0000e+00
3.6955e-05
0.0000e+00
3.6955e-05
0.0000e+00
3.7909e-05
0.0000e+00
3.6955e-05
0.0000e+00
3.8147e-05
0.0000e+00
3.6955e-05
0.0000e+00
3.8147e-05
0.0000e+00
3.6955e-05
0.0000e+00
3.8147e-05
0.0000e+00
3.7909e-05
0.0000e+00
3.6955e-05
0.0000e+00
4.6015e-05
0.0000e+00
3.7193e-05
0.0000e+00
3.6001e-05
0.0000e+00
3.6001e-05
0.0000e+00
3.6001e-05
0.0000e+00
3.6001e-05
0.0000e+00
3.7909e-05
0.0000e+00
4.0770e-05
0.0000e+00
3.7909e-05
0.0000e+00
3.7909e-05
0.0000e+00
3.6001e-05
0.0000e+00
3.6955e-05
0.0000e+00
3.7193e-05
0.0000e+00
3.6955e-05
0.0000e+00
3.6955e-05
0.0000e+00
4.6015e-05
0.0000e+00
3.7909e-05
0.0000e+00
3.6955e-05
0.0000e+00
3.7193e-05
0.0000e+00
3.7909e-05
0.0000e+00
3.7909e-05
0.0000e+00
3.6955e-05
0.0000e+00
3.7193e-05
0.0000e+00
3.7193e-05
0.0000e+00
3.7909e-05
0.0000e+00
3.7909e-05
0.0000e+00
3.7193e-05
0.0000e+00
4.0054e-05
0.0000e+00
3.7909e-05
0.0000e+00
3.8147e-05
0.0000e+00
3.6955e-05
0.0000e+00
4.0054e-05
0.0000e+00
3.6955e-05
0.0000e+00
3.7909e-05
0.0000e+00
3.8147e-05
0.0000e+00
3.6955e-05
0.0000e+00
3.7193e-05
0.0000e+00
3.7909e-05
0.0000e+00
4.6015e-05
0.0000e+00
3.9101e-05
0.0000e+00
3.7193e-05
0.0000e+00
3.6955e-05
0.0000e+00
3.7193e-05
0.0000e+00
3.6955e-05
0.0000e+00
3.6955e-05
0.0000e+00
3.6955e-05
0.0000e+00
4.0054e-05
0.0000e+00
3.7909e-05
0.0000e+00
3.6955e-05
0.0000e+00
3.7193e-05
0.0000e+00
3.7909e-05
0.0000e+00
3.6955e-05
0.0000e+00
3.7909e-05
0.0000e+00
4.6015e-05
0.0000e+00
3.8147e-05
0.0000e+00
3.6955e-05
0.0000e+00
3.6955e-05
0.0000e+00
3.6955e-05
0.0000e+00
3.7193e-05
0.0000e+00
3.6955e-05
0.0000e+00
3.7193e-05
0.0000e+00
4.4107e-05
0.0000e+00
3.6955e-05
0.0000e+00
3.8147e-05
0.0000e+00
3.8862e-05
0.0000e+00
3.6955e-05
0.0000e+00
3.6955e-05
0.0000e+00
4.2200e-05
0.0000e+00
3.6001e-05
0.0000e+00
3.8147e-05
0.0000e+00
5.3883e-05
0.0000e+00
3.9816e-05
0.0000e+00
3.7909e-05
0.0000e+00
3.8147e-05
0.0000e+00
3.7909e-05
0.0000e+00
3.7909e-05
0.0000e+00
5.1022e-05
0.0000e+00
3.7909e-05
0.0000e+00
3.6955e-05
0.0000e+00
3.7909e-05
0.0000e+00
3.7193e-05
0.0000e+00
3.6955e-05
0.0000e+00
3.8147e-05
0.0000e+00
3.6001e-05
0.0000e+00
3.8862e-05
0.0000e+00
4.3154e-05
0.0000e+00
3.7909e-05
0.0000e+00
3.7193e-05
0.0000e+00
3.6955e-05
0.0000e+00
3.7193e-05
0.0000e+00
3.6955e-05
0.0000e+00
4.9114e-05
0.0000e+00
3.6955e-05
0.0000e+00
3.6001e-05
0.0000e+00
3.7193e-05
0.0000e+00
3.6955e-05
0.0000e+00
3.6955e-05
0.0000e+00
3.6955e-05
0.0000e+00
3.7909e-05
0.0000e+00
3.8147e-05
0.0000e+00
3.7909e-05
0.0000e+00
3.6955e-05
0.0000e+00
3.6955e-05
0.0000e+00
3.8147e-05
0.0000e+00
3.6955e-05
0.0000e+00
4.2200e-05
0.0000e+00
4.6015e-05
0.0000e+00
3.7909e-05
0.0000e+00
3.8147e-05
0.0000e+00
3.6001e-05
0.0000e+00
3.6955e-05
0.0000e+00
3.6955e-05
0.0000e+00
3.7193e-05
0.0000e+00
3.6001e-05
0.0000e+00
4.6015e-05
0.0000e+00
3.6955e-05
0.0000e+00
3.6955e-05
0.0000e+00
3.7909e-05
0.0000e+00
3.6001e-05
0.0000e+00
3.6955e-05
0.0000e+00
3.7909e-05
0.0000e+00
3.7193e-05
0.0000e+00
3.8147e-05
0.0000e+00
3.7909e-05
0.0000e+00
3.7193e-05
0.0000e+00
3.9816e-05
0.0000e+00
3.6955e-05
0.0000e+00
3.6001e-05
0.0000e+00
3.6955e-05
0.0000e+00
4.7922e-05
0.0000e+00
3.6955e-05
0.0000e+00
3.7193e-05
0.0000e+00
3.6955e-05
0.0000e+00
3.6955e-05
0.0000e+00
3.6955e-05
0.0000e+00
3.8147e-05
0.0000e+00
3.7909e-05
0.0000e+00
3.6955e-05
0.0000e+00
3.6001e-05
0.0000e+00
3.6001e-05
0.0000e+00
3.6001e-05
0.0000e+00
3.7193e-05
0.0000e+00
3.7909e-05
0.0000e+00
3.6955e-05
0.0000e+00
4.3869e-05
0.0000e+00
4.1008e-05
0.0000e+00
3.6955e-05
0.0000e+00
3.6955e-05
0.0000e+00
3.6955e-05
0.0000e+00
3.7909e-05
0.0000e+00
3.7909e-05
0.0000e+00
3.7909e-05
0.0000e+00
4.6968e-05
0.0000e+00
3.6955e-05
0.0000e+00
3.7193e-05
0.0000e+00
3.6955e-05
0.0000e+00
3.6955e-05
0.0000e+00
3.8147e-05
0.0000e+00
3.6001e-05
0.0000e+00
3.6955e-05
0.0000e+00
3.9101e-05
0.0000e+00
3.7909e-05
0.0000e+00
3.8147e-05
0.0000e+00
3.6001e-05
0.0000e+00
3.6001e-05
0.0000e+00
4.1008e-05
0.0000e+00
3.6955e-05
0.0000e+00
4.3869e-05
0.0000e+00
3.7193e-05
0.0000e+00
3.6001e-05
0.0000e+00
3.6955e-05
0.0000e+00
3.6955e-05
0.0000e+00
3.7909e-05
0.0000e+00
3.6001e-05
0.0000e+00
3.6955e-05
0.0000e+00
5.0068e-05
0.0000e+00
3.6955e-05
0.0000e+00
3.8147e-05
0.0000e+00
3.6955e-05
0.0000e+00
3.7909e-05
0.0000e+00
3.6955e-05
0.0000e+00
3.6955e-05
0.0000e+00
3.6955e-05
0.0000e+00
3.9101e-05
0.0000e+00
3.6955e-05
0.0000e+00
4.1008e-05
0.0000e+00
3.6001e-05
0.0000e+00
3.7909e-05
0.0000e+00
3.7909e-05
0.0000e+00
3.8147e-05
0.0000e+00
6.1989e-05
0.0000e+00
4.3154e-05
0.0000e+00
4.1008e-05
0.0000e+00
4.1008e-05
0.0000e+00
4.1008e-05
0.0000e+00
4.0054e-05
0.0000e+00
4.0054e-05
0.0000e+00
3.9816e-05
0.0000e+00
4.2200e-05
0.0000e+00
3.9816e-05
0.0000e+00
4.1008e-05
0.0000e+00
4.0054e-05
0.0000e+00
4.1008e-05
0.0000e+00
4.4823e-05
0.0000e+00
4.0054e-05
0.0000e+00
4.0054e-05
0.0000e+00
4.2200e-05
0.0000e+00
3.9816e-05
0.0000e+00
5.6982e-05
0.0000e+00
4.0054e-05
0.0000e+00
3.7909e-05
0.0000e+00
3.8147e-05
0.0000e+00
3.7909e-05
0.0000e+00
4.8876e-05
0.0000e+00
3.8147e-05
0.0000e+00
3.8147e-05
0.0000e+00
3.8862e-05
0.0000e+00
3.6001e-05
0.0000e+00
4.0054e-05
0.0000e+00
3.6001e-05
0.0000e+00
3.7909e-05
0.0000e+00
4.5061e-05
0.0000e+00
3.8147e-05
0.0000e+00
3.7909e-05
0.0000e+00
4.1008e-05
0.0000e+00
3.6955e-05
0.0000e+00
3.6955e-05
0.0000e+00
3.7909e-05
0.0000e+00
3.7193e-05
0.0000e+00
3.6001e-05
0.0000e+00
3.6955e-05
0.0000e+00
3.8147e-05
0.0000e+00
3.6955e-05
0.0000e+00
3.6955e-05
0.0000e+00
3.6955e-05
0.0000e+00
3.6955e-05
0.0000e+00
4.6015e-05
0.0000e+00
3.7193e-05
0.0000e+00
3.6001e-05
0.0000e+00
3.7193e-05
0.0000e+00
3.8862e-05
0.0000e+00
3.6955e-05
0.0000e+00
3.6955e-05
0.0000e+00
3.6955e-05
0.0000e+00
4.3869e-05
0.0000e+00
3.7193e-05
0.0000e+00
3.6955e-05
0.0000e+00
3.7909e-05
0.0000e+00
3.6001e-05
0.0000e+00
3.6955e-05
0.0000e+00
3.6955e-05
0.0000e+00
4.6968e-05
0.0000e+00
3.6001e-05
0.0000e+00
3.6955e-05
0.0000e+00
3.7193e-05
0.0000e+00
3.6955e-05
0.0000e+00
3.6955e-05
0.0000e+00
3.6001e-05
0.0000e+00
3.6955e-05
0.0000e+00
3.7909e-05
0.0000e+00
3.9101e-05
0.0000e+00
3.6955e-05
0.0000e+00
3.8147e-05
0.0000e+00
3.7909e-05
0.0000e+00
4.1962e-05
0.0000e+00
3.6955e-05
0.0000e+00
4.6015e-05
0.0000e+00
3.9101e-05
0.0000e+00
3.8147e-05
0.0000e+00
3.7909e-05
0.0000e+00
3.6955e-05
0.0000e+00
3.7909e-05
0.0000e+00
3.7909e-05
0.0000e+00
3.7909e-05
0.0000e+00
4.5061e-05
0.0000e+00
3.5048e-05
0.0000e+00
3.8147e-05
0.0000e+00
3.6955e-05
0.0000e+00
3.7193e-05
0.0000e+00
3.6955e-05
0.0000e+00
3.7193e-05
0.0000e+00
3.6955e-05
0.0000e+00
3.8862e-05
0.0000e+00
3.7909e-05
0.0000e+00
3.7909e-05
0.0000e+00
3.6955e-05
0.0000e+00
3.8147e-05
0.0000e+00
5.3883e-05
0.0000e+00
4.0054e-05
0.0000e+00
4.8876e-05
0.0000e+00
3.7909e-05
0.0000e+00
3.7193e-05
0.0000e+00
3.6955e-05
0.0000e+00
3.6955e-05
0.0000e+00
3.7193e-05
0.0000e+00
3.6001e-05
0.0000e+00
3.6955e-05
0.0000e+00
3.9101e-05
0.0000e+00
3.7909e-05
0.0000e+00
3.6955e-05
0.0000e+00
3.6955e-05
0.0000e+00
3.6955e-05
0.0000e+00
3.7909e-05
0.0000e+00
4.2915e-05
0.0000e+00
4.7207e-05
0.0000e+00
3.8862e-05
0.0000e+00
5.2929e-05
0.0000e+00
4.0054e-05
0.0000e+00
3.9101e-05
0.0000e+00
3.6955e-05
0.0000e+00
3.6955e-05
0.0000e+00
3.6955e-05
0.0000e+00
4.8876e-05
0.0000e+00
3.7193e-05
0.0000e+00
3.7909e-05
0.0000e+00
3.8147e-05
0.0000e+00
3.6955e-05
0.0000e+00
3.7909e-05
0.0000e+00
3.6955e-05
0.0000e+00
3.7909e-05
0.0000e+00
3.7193e-05
0.0000e+00
4.1008e-05
0.0000e+00
3.7909e-05
0.0000e+00
3.6955e-05
0.0000e+00
3.6001e-05
0.0000e+00
3.8147e-05
0.0000e+00
3.9816e-05
0.0000e+00
5.4836e-05
0.0000e+00
3.8862e-05
0.0000e+00
3.9101e-05
0.0000e+00
3.6955e-05
0.0000e+00
3.6955e-05
0.0000e+00
3.6001e-05
0.0000e+00
3.6955e-05
0.0000e+00
3.6001e-05
0.0000e+00
3.8147e-05
0.0000e+00
3.6001e-05
0.0000e+00
3.6001e-05
0.0000e+00
3.6955e-05
0.0000e+00
3.6001e-05
0.0000e+00
3.7193e-05
0.0000e+00
4.1962e-05
0.0000e+00
4.5061e-05
0.0000e+00
3.8147e-05
0.0000e+00
3.6955e-05
0.0000e+00
3.6955e-05
0.0000e+00
3.7193e-05
0.0000e+00
3.6955e-05
0.0000e+00
3.6955e-05
0.0000e+00
3.6001e-05
0.0000e+00
4.6968e-05
0.0000e+00
3.6955e-05
0.0000e+00
3.7193e-05
0.0000e+00
3.6001e-05
0.0000e+00
3.6955e-05
0.0000e+00
3.6955e-05
0.0000e+00
3.6001e-05
0.0000e+00
3.6001e-05
0.0000e+00
4.4107e-05
0.0000e+00
3.6001e-05
0.0000e+00
3.6955e-05
0.0000e+00
3.6001e-05
0.0000e+00
3.6001e-05
0.0000e+00
3.6001e-05
0.0000e+00
3.6955e-05
0.0000e+00
3.6955e-05
0.0000e+00
1.5903e-04
0.0000e+00
6.0081e-05
0.0000e+00
5.3883e-05
0.0000e+00
5.3883e-05
0.0000e+00
5.2929e-05
0.0000e+00
5.2929e-05
0.0000e+00
5.3883e-05
0.0000e+00
1.0109e-04
0.0000e+00
6.6996e-05
0.0000e+00
5.5075e-05
0.0000e+00
5.1975e-05
0.0000e+00
5.3883e-05
0.0000e+00
5.1975e-05
0.0000e+00
5.1975e-05
0.0000e+00
5.3167e-05
0.0000e+00
7.4148e-05
0.0000e+00
5.3167e-05
0.0000e+00
5.2929e-05
0.0000e+00
5.2929e-05
0.0000e+00
5.2929e-05
0.0000e+00
5.1975e-05
0.0000e+00
5.4121e-05
0.0000e+00
5.1022e-05
0.0000e+00
5.6028e-05
0.0000e+00
5.1975e-05
0.0000e+00
5.6982e-05
0.0000e+00
5.2929e-05
0.0000e+00
5.1975e-05
0.0000e+00
5.2929e-05
0.0000e+00
5.1975e-05
0.0000e+00
6.9857e-05
0.0000e+00
5.2929e-05
0.0000e+00
5.2929e-05
0.0000e+00
5.1975e-05
0.0000e+00
5.1975e-05
0.0000e+00
5.1975e-05
0.0000e+00
5.3883e-05
0.0000e+00
6.1989e-05
0.0000e+00
5.6028e-05
0.0000e+00
5.2929e-05
0.0000e+00
5.1975e-05
0.0000e+00
6.0081e-05
0.0000e+00
5.1975e-05
0.0000e+00
6.5804e-05
0.0000e+00
6.1989e-05
0.0000e+00
9.8944e-05
0.0000e+00
6.6996e-05
0.0000e+00
5.2929e-05
0.0000e+00
5.2929e-05
0.0000e+00
5.2929e-05
0.0000e+00
5.9843e-05
0.0000e+00
5.1975e-05
0.0000e+00
5.3883e-05
0.0000e+00
7.1049e-05
0.0000e+00
5.1975e-05
0.0000e+00
5.1022e-05
0.0000e+00
5.1975e-05
0.0000e+00
5.1975e-05
0.0000e+00
5.2214e-05
0.0000e+00
5.3167e-05
0.0000e+00
5.1975e-05
0.0000e+00
5.4836e-05
0.0000e+00
5.1022e-05
0.0000e+00
5.2929e-05
0.0000e+00
5.1975e-05
0.0000e+00
5.2929e-05
0.0000e+00
5.1975e-05
0.0000e+00
5.1975e-05
0.0000e+00
7.2002e-05
0.0000e+00
5.2929e-05
0.0000e+00
5.2929e-05
0.0000e+00
5.1022e-05
0.0000e+00
5.1975e-05
0.0000e+00
5.0783e-05
0.0000e+00
5.1022e-05
0.0000e+00
5.1975e-05
0.0000e+00
5.5075e-05
0.0000e+00
5.3167e-05
0.0000e+00
5.1975e-05
0.0000e+00
5.9128e-05
0.0000e+00
5.3167e-05
0.0000e+00
5.1022e-05
0.0000e+00
5.1022e-05
0.0000e+00
6.7949e-05
0.0000e+00
5.5075e-05
0.0000e+00
5.1975e-05
0.0000e+00
5.2214e-05
0.0000e+00
5.2929e-05
0.0000e+00
5.1975e-05
0.0000e+00
5.1975e-05
0.0000e+00
5.1975e-05
0.0000e+00
5.6028e-05
0.0000e+00
5.2214e-05
0.0000e+00
5.1975e-05
0.0000e+00
5.8889e-05
0.0000e+00
5.1975e-05
0.0000e+00
5.1975e-05
0.0000e+00
5.1975e-05
0.0000e+00
6.6996e-05
0.0000e+00
5.4836e-05
0.0000e+00
5.2929e-05
0.0000e+00
5.1975e-05
0.0000e+00
5.1975e-05
0.0000e+00
5.2214e-05
0.0000e+00
5.1022e-05
0.0000e+00
5.1975e-05
0.0000e+00
5.5075e-05
0.0000e+00
5.1975e-05
0.0000e+00
5.7936e-05
0.0000e+00
5.3167e-05
0.0000e+00
5.4121e-05
0.0000e+00
5.1975e-05
0.0000e+00
5.1975e-05
0.0000e+00
7.4863e-05
0.0000e+00
5.2929e-05
0.0000e+00
5.1975e-05
0.0000e+00
5.1022e-05
0.0000e+00
5.2214e-05
0.0000e+00
5.1022e-05
0.0000e+00
5.1975e-05
0.0000e+00
5.1022e-05
0.0000e+00
5.4836e-05
0.0000e+00
5.1975e-05
0.0000e+00
5.2929e-05
0.0000e+00
5.1975e-05
0.0000e+00
5.1975e-05
0.0000e+00
5.1022e-05
0.0000e+00
5.2214e-05
0.0000e+00
6.9141e-05
0.0000e+00
5.2929e-05
0.0000e+00
5.3883e-05
0.0000e+00
5.1022e-05
0.0000e+00
5.2929e-05
0.0000e+00
5.2214e-05
0.0000e+00
5.1022e-05
0.0000e+00
5.1975e-05
0.0000e+00
5.6028e-05
0.0000e+00
5.8174e-05
0.0000e+00
5.3167e-05
0.0000e+00
5.3167e-05
0.0000e+00
5.5075e-05
0.0000e+00
5.1975e-05
0.0000e+00
5.3167e-05
0.0000e+00
6.8188e-05
0.0000e+00
5.3167e-05
0.0000e+00
5.2214e-05
0.0000e+00
5.1022e-05
0.0000e+00
5.1975e-05
0.0000e+00
5.1975e-05
0.0000e+00
5.1975e-05
0.0000e+00
5.2929e-05
0.0000e+00
5.5790e-05
0.0000e+00
5.5075e-05
0.0000e+00
5.3167e-05
0.0000e+00
5.3167e-05
0.0000e+00
5.2929e-05
0.0000e+00
5.1975e-05
0.0000e+00
5.1975e-05
0.0000e+00
6.8903e-05
0.0000e+00
5.2929e-05
0.0000e+00
5.3883e-05
0.0000e+00
5.2929e-05
0.0000e+00
5.3167e-05
0.0000e+00
5.1022e-05
0.0000e+00
5.1975e-05
0.0000e+00
5.2929e-05
0.0000e+00
6.2943e-05
0.0000e+00
5.2929e-05
0.0000e+00
5.2929e-05
0.0000e+00
5.1975e-05
0.0000e+00
5.2214e-05
0.0000e+00
5.1022e-05
0.0000e+00
5.1975e-05
0.0000e+00
6.8903e-05
0.0000e+00
5.2929e-05
0.0000e+00
5.1975e-05
0.0000e+00
5.2929e-05
0.0000e+00
5.2929e-05
0.0000e+00
5.3883e-05
0.0000e+00
5.1022e-05
0.0000e+00
5.3167e-05
0.0000e+00
5.3883e-05
0.0000e+00
5.2929e-05
0.0000e+00
5.1975e-05
0.0000e+00
5.1975e-05
0.0000e+00
5.2214e-05
0.0000e+00
5.1975e-05
0.0000e+00
5.1022e-05
0.0000e+00
5.1022e-05
0.0000e+00
5.5075e-05
0.0000e+00
5.2214e-05
0.0000e+00
5.1975e-05
0.0000e+00
5.1975e-05
0.0000e+00
5.0783e-05
0.0000e+00
5.1022e-05
0.0000e+00
5.1022e-05
0.0000e+00
6.7949e-05
0.0000e+00
5.2929e-05
0.0000e+00
5.1975e-05
0.0000e+00
5.1975e-05
0.0000e+00
5.1022e-05
0.0000e+00
5.2214e-05
0.0000e+00
5.1022e-05
0.0000e+00
5.5075e-05
0.0000e+00
5.6982e-05
0.0000e+00
5.2929e-05
0.0000e+00
5.1975e-05
0.0000e+00
5.2929e-05
0.0000e+00
5.2929e-05
0.0000e+00
5.1975e-05
5.6259e-02
