6.1491e-03
3.1660e-03
7.8678e-06
1.2493e-04
9.7990e-05
1.8120e-05
5.9128e-05
8.8215e-06
5.6028e-05
7.2002e-05
9.5367e-07
7.5102e-05
0.0000e+00
4.7922e-05
5.8174e-05
1.1921e-05
1.1921e-06
9.7990e-05
9.5367e-07
1.1396e-04
5.6982e-05
2.7299e-04
5.9128e-05
7.2002e-05
1.1921e-06
9.2983e-05
5.8174e-05
1.7211e-03
9.5367e-07
6.9141e-06
6.3181e-05
2.1458e-06
5.5075e-05
1.9073e-06
5.4836e-05
1.9073e-06
5.3883e-05
5.2691e-04
9.5367e-07
1.9073e-06
9.0122e-05
3.0994e-06
5.7936e-05
1.9073e-06
5.4121e-05
2.1458e-06
5.3883e-05
1.9073e-06
5.3883e-05
9.7752e-06
9.5367e-07
4.1962e-05
5.5075e-05
6.0797e-05
6.1989e-05
6.7401e-04
9.5367e-07
3.3140e-05
5.6982e-05
1.5998e-04
9.5367e-07
8.2016e-05
0.0000e+00
4.8161e-05
5.6982e-05
5.6028e-05
5.3883e-05
9.6083e-05
5.4121e-05
6.0081e-05
5.5075e-05
5.5075e-05
5.3167e-05
6.4135e-05
7.9870e-05
3.9196e-04
9.5367e-07
6.9141e-06
9.5367e-07
5.6982e-05
5.9128e-05
5.5075e-05
5.5075e-05
1.1897e-04
5.4121e-05
5.6982e-05
5.3883e-05
7.8678e-06
0.0000e+00
9.2983e-05
5.6982e-05
6.1035e-05
7.5817e-05
4.4107e-05
9.5367e-07
1.1206e-04
9.5367e-07
2.0981e-05
5.6028e-05
7.7963e-05
5.4836e-05
1.9073e-06
5.4836e-05
5.1975e-05
5.4121e-05
9.4175e-05
5.6028e-05
6.5804e-05
5.3883e-05
4.1008e-05
5.6982e-05
5.7936e-05
5.5075e-05
5.6028e-05
5.3883e-05
6.1989e-05
5.2929e-05
8.6069e-05
5.3883e-05
5.5075e-05
6.1035e-05
6.6042e-05
5.3883e-05
2.8610e-06
7.3195e-05
1.6928e-05
5.6028e-05
5.6982e-05
5.4121e-05
5.7936e-05
5.3883e-05
7.2002e-05
1.1921e-06
1.4210e-04
5.4121e-05
5.8174e-05
6.1035e-05
6.1989e-05
5.4836e-05
5.7936e-05
7.3195e-05
4.1962e-05
5.4836e-05
5.2929e-05
5.3883e-05
4.7922e-05
5.3883e-05
1.3058e-03
6.0081e-05
9.8944e-05
9.5367e-07
9.3937e-05
9.5367e-07
1.0705e-04
5.6982e-05
5.5075e-05
5.6028e-05
3.8862e-05
5.8174e-05
5.1975e-05
5.5075e-05
7.8678e-06
9.5367e-07
7.7963e-05
9.5367e-07
1.5283e-04
5.6982e-05
5.6028e-05
5.2929e-05
1.9073e-06
5.4121e-05
2.4796e-05
5.3883e-05
5.6982e-05
7.3910e-05
3.8147e-05
5.3883e-05
5.5075e-05
5.3167e-05
5.6028e-05
5.2929e-05
6.0081e-05
5.6028e-05
8.6069e-05
5.4121e-05
6.5804e-05
9.5367e-07
1.0610e-04
1.1921e-06
1.0300e-04
5.5075e-05
2.8610e-06
5.6982e-05
3.0994e-06
5.4121e-05
5.4121e-05
5.4121e-05
5.6982e-05
6.0081e-05
9.3937e-05
5.5075e-05
5.7936e-05
5.5075e-05
5.6982e-05
0.0000e+00
1.0705e-04
5.6028e-05
4.2915e-05
5.6028e-05
5.2929e-05
5.4121e-05
5.8889e-05
5.3167e-05
8.0109e-05
5.6028e-05
6.3896e-05
5.2929e-05
6.0797e-05
5.4836e-05
6.1989e-05
5.5075e-05
5.4121e-05
7.1049e-05
4.0054e-05
5.6028e-05
5.5075e-05
0.0000e+00
1.0490e-04
5.5790e-05
9.6083e-05
5.6982e-05
5.3167e-05
5.3883e-05
2.1458e-06
5.4836e-05
2.1458e-06
5.3883e-05
2.5988e-05
7.5102e-05
3.6001e-05
5.7936e-05
5.3167e-05
5.3883e-05
2.1458e-06
5.3883e-05
2.5034e-05
5.4121e-05
7.8201e-05
5.5075e-05
1.2207e-04
5.4121e-05
5.5075e-05
5.5075e-05
5.4836e-05
7.3195e-05
4.2200e-05
0.0000e+00
1.0490e-04
5.6028e-05
5.6982e-05
5.4121e-05
1.0300e-04
5.5790e-05
8.6069e-05
5.4121e-05
5.2214e-05
5.4836e-05
5.9128e-05
5.3883e-05
6.3896e-05
9.5367e-07
8.6069e-05
5.7936e-05
5.1022e-05
5.3883e-05
2.8610e-06
5.2929e-05
4.5061e-05
6.3181e-05
6.6042e-05
0.0000e+00
1.3208e-04
0.0000e+00
1.0300e-04
5.5075e-05
3.2187e-05
9.5367e-07
5.6982e-05
5.5075e-05
3.8862e-05
5.6028e-05
1.7095e-04
1.1921e-06
2.1458e-06
6.1035e-05
3.0994e-06
5.4121e-05
3.0994e-06
5.5075e-05
8.5115e-05
5.4836e-05
5.2929e-05
5.3883e-05
5.8889e-05
5.2929e-05
1.9073e-06
7.4148e-05
1.4067e-05
5.4121e-05
9.7990e-05
5.2929e-05
5.7220e-05
6.0081e-05
5.9128e-05
5.3883e-05
2.1458e-06
5.2929e-05
4.7922e-05
5.4121e-05
5.9128e-05
0.0000e+00
1.0109e-04
7.4863e-05
3.2902e-05
5.3883e-05
5.1022e-05
5.4121e-05
5.4121e-05
5.2929e-05
5.6982e-05
5.5075e-05
6.6996e-05
5.4121e-05
7.7009e-05
5.3883e-05
5.1975e-05
5.5075e-05
4.0054e-05
5.8174e-05
4.8161e-05
5.4836e-05
5.2929e-05
5.3883e-05
1.9073e-06
5.5075e-05
3.2902e-05
6.0081e-05
6.8903e-05
1.1921e-06
1.3018e-04
5.5075e-05
1.3113e-05
9.5367e-07
1.6928e-05
7.3195e-05
4.2915e-05
5.4836e-05
5.6028e-05
5.2929e-05
5.5075e-05
5.6028e-05
5.6982e-05
5.5075e-05
5.7936e-05
5.5075e-05
8.9884e-05
5.3883e-05
1.9073e-06
5.4121e-05
2.8133e-05
7.2002e-05
3.7909e-05
5.4121e-05
7.2956e-05
5.6028e-05
6.2943e-05
1.1921e-06
1.0395e-04
5.5075e-05
5.6028e-05
6.1035e-05
6.3181e-05
5.3883e-05
5.9605e-06
5.5075e-05
6.1035e-05
7.2956e-05
4.0054e-05
5.5075e-05
5.7936e-05
5.3883e-05
5.7936e-05
5.4121e-05
6.0081e-05
5.3167e-05
3.9101e-05
6.0081e-05
6.0797e-05
5.4836e-05
8.7023e-05
1.1921e-06
1.0610e-04
7.3910e-05
3.6001e-05
5.3883e-05
5.2929e-05
5.5075e-05
5.3883e-05
5.3883e-05
5.6028e-05
5.3167e-05
5.3167e-05
6.2943e-05
6.1035e-05
9.5367e-07
1.2493e-04
5.4121e-05
5.2929e-05
7.2956e-05
3.4094e-05
5.3883e-05
6.4850e-05
0.0000e+00
9.9897e-05
5.5075e-05
1.9073e-06
5.4121e-05
3.0994e-05
9.5367e-07
1.8120e-05
6.2943e-05
5.5075e-05
5.3883e-05
8.0109e-05
5.5075e-05
3.0994e-05
5.6982e-05
5.1022e-05
5.5075e-05
5.2929e-05
5.5075e-05
9.5129e-05
5.3167e-05
5.6982e-05
5.3883e-05
5.5075e-05
5.6028e-05
3.0994e-06
5.3883e-05
7.5102e-05
7.2956e-05
3.7909e-05
5.8174e-05
4.7922e-05
5.3883e-05
5.5075e-05
5.5075e-05
6.0081e-05
0.0000e+00
1.0610e-04
5.4836e-05
3.0994e-06
5.9843e-05
3.6001e-05
5.5075e-05
5.0068e-06
7.1049e-05
1.2088e-04
5.7220e-05
5.5075e-05
5.5075e-05
5.3883e-05
5.5075e-05
5.7936e-05
5.5075e-05
5.7936e-05
1.1921e-06
1.0395e-04
6.2227e-05
5.9128e-05
5.5075e-05
7.7963e-05
5.3883e-05
4.4107e-05
5.6982e-05
4.9829e-05
5.3883e-05
5.4121e-05
5.2929e-05
5.4836e-05
5.4836e-05
5.8889e-05
9.5367e-07
9.9897e-05
5.6028e-05
2.8610e-06
5.4836e-05
3.1948e-05
5.3167e-05
1.6499e-04
9.5367e-07
2.1458e-06
5.6982e-05
4.8876e-05
5.4121e-05
5.4836e-05
5.6028e-05
5.0068e-05
5.5075e-05
5.4121e-05
6.0081e-05
6.4135e-05
5.4121e-05
8.2016e-05
5.4121e-05
4.3869e-05
5.8174e-05
5.1022e-05
5.4121e-05
5.5075e-05
5.2929e-05
1.9073e-06
5.3883e-05
2.2888e-05
5.2929e-05
1.9073e-06
5.3167e-05
4.6968e-05
6.1035e-05
5.9128e-05
7.1049e-05
6.6996e-05
5.6028e-05
5.6028e-05
5.3883e-05
5.6028e-05
5.2929e-05
5.6982e-05
5.4121e-05
5.4121e-05
5.3883e-05
5.9843e-05
5.1975e-05
5.7220e-05
6.1035e-05
7.0095e-05
5.8174e-05
5.1975e-05
5.3883e-05
2.8610e-06
5.4121e-05
6.9857e-05
9.5367e-07
6.9141e-05
5.6028e-05
5.9843e-05
5.3167e-05
5.7936e-05
5.6982e-05
6.1035e-05
9.5367e-07
1.4496e-04
7.3910e-05
4.3154e-05
0.0000e+00
1.0300e-04
5.7936e-05
5.1975e-05
5.5075e-05
2.1458e-06
5.5075e-05
4.0054e-05
5.5075e-05
5.7936e-05
5.3883e-05
5.9128e-05
5.3883e-05
6.1035e-05
5.5075e-05
6.9857e-05
5.8174e-05
5.2214e-05
5.3883e-05
5.6028e-05
5.6028e-05
5.2929e-05
5.4121e-05
5.6028e-05
5.4836e-05
6.1035e-05
9.5367e-07
1.3185e-04
9.5367e-07
1.4019e-04
5.6028e-05
6.1989e-06
0.0000e+00
6.6996e-05
5.6982e-05
5.0068e-05
5.5075e-05
5.4121e-05
5.5075e-05
6.0081e-05
5.5075e-05
5.7936e-05
5.2929e-05
5.6982e-05
6.2943e-05
8.2970e-05
5.4121e-05
5.5075e-05
7.2956e-05
3.7909e-05
5.3883e-05
5.6028e-05
5.5075e-05
5.5075e-05
5.4121e-05
5.4121e-05
5.4121e-05
3.0994e-06
5.2929e-05
2.6941e-05
5.2929e-05
6.7949e-05
5.4836e-05
8.0824e-05
6.9857e-05
4.1008e-05
5.5075e-05
5.3883e-05
5.3167e-05
5.5075e-05
5.2929e-05
5.2929e-05
5.2929e-05
9.0599e-06
9.5367e-07
6.8903e-05
5.3883e-05
1.9073e-06
5.4121e-05
5.5790e-05
7.3910e-05
3.8862e-05
5.6028e-05
4.6968e-05
5.4121e-05
1.5903e-04
5.5075e-05
5.5790e-05
5.3883e-05
5.5790e-05
5.6028e-05
5.8174e-05
9.5367e-07
1.5974e-05
6.1989e-05
6.6996e-05
7.2956e-05
7.7009e-05
9.5367e-07
2.0981e-05
9.5367e-07
1.0514e-04
5.3883e-05
2.1458e-06
5.3883e-05
3.4094e-05
5.2929e-05
5.4836e-05
5.3167e-05
5.4121e-05
5.4121e-05
5.4121e-05
6.5088e-05
7.1526e-06
2.0027e-05
1.2088e-04
5.6982e-05
5.2214e-05
5.3883e-05
5.3883e-05
5.3883e-05
2.3842e-05
5.5790e-05
5.8889e-05
9.5367e-07
1.0300e-04
5.5075e-05
5.1975e-05
5.2929e-05
5.9843e-05
0.0000e+00
1.4091e-04
7.4148e-05
3.9101e-05
9.5367e-07
1.0300e-04
5.6028e-05
5.0068e-06
0.0000e+00
7.1049e-05
5.4121e-05
5.6028e-05
5.4121e-05
5.5075e-05
5.5075e-05
2.1458e-06
5.3883e-05
3.4094e-05
0.0000e+00
1.3304e-04
7.6056e-05
4.0054e-05
5.5075e-05
5.2929e-05
5.3167e-05
5.4121e-05
5.4121e-05
5.2214e-05
5.2929e-05
5.8889e-05
0.0000e+00
2.0027e-05
5.5075e-05
5.6982e-05
6.3181e-05
8.7976e-05
7.2002e-05
3.9101e-05
5.5075e-05
5.5075e-05
5.5075e-05
5.3883e-05
5.4121e-05
5.7936e-05
9.5367e-07
2.2888e-05
1.1921e-06
1.0514e-04
5.6028e-05
1.9073e-06
5.6028e-05
5.2214e-05
5.7936e-05
6.6996e-05
7.2956e-05
4.1962e-05
5.5075e-05
5.5790e-05
5.4836e-05
2.8610e-06
5.2929e-05
4.2915e-05
5.5075e-05
2.1458e-06
5.4121e-05
2.5034e-05
5.5075e-05
1.9073e-06
5.2929e-05
1.2589e-04
9.5367e-07
3.8147e-05
5.8889e-05
3.0994e-06
5.3883e-05
3.5048e-05
5.2929e-05
5.6982e-05
5.3883e-05
5.9128e-05
9.5367e-07
1.0204e-04
5.5075e-05
5.4121e-05
5.5075e-05
5.5075e-05
9.5367e-07
1.1420e-04
5.7936e-05
5.9843e-05
5.4836e-05
5.3883e-05
5.4836e-05
5.5075e-05
5.3883e-05
5.6028e-05
5.3883e-05
2.1458e-06
5.3883e-05
2.4080e-05
5.3883e-05
5.6982e-05
7.3195e-05
6.4135e-05
1.7214e-04
2.0027e-05
2.1458e-06
1.7166e-05
1.0109e-04
4.0531e-06
9.6083e-05
1.9073e-05
2.1458e-06
3.8147e-06
9.3937e-05
4.0531e-06
9.0837e-05
5.0068e-06
9.1076e-05
5.0068e-06
1.3804e-04
5.0068e-06
6.6042e-05
2.8610e-06
5.6028e-05
7.0095e-05
5.5075e-05
6.5088e-05
5.5075e-05
5.6982e-05
5.4836e-05
5.9128e-05
5.3883e-05
5.9128e-05
5.3883e-05
7.2956e-05
5.8889e-05
3.0994e-06
5.6028e-05
2.8849e-05
1.1921e-06
2.0003e-04
1.1921e-06
3.0041e-05
5.6028e-05
5.9128e-05
5.4121e-05
5.9128e-05
5.3883e-05
5.9128e-05
5.5075e-05
2.1458e-06
7.4863e-05
3.6955e-05
6.1989e-05
5.6982e-05
5.5075e-05
6.4850e-05
5.4836e-05
5.6982e-05
5.4121e-05
5.4836e-05
5.3883e-05
2.8610e-06
5.2929e-05
3.1948e-05
9.5367e-07
1.0395e-04
7.3195e-05
6.4135e-05
5.6028e-05
5.0068e-05
5.8889e-05
6.3896e-05
5.3883e-05
6.1989e-05
5.4836e-05
5.8889e-05
5.3883e-05
6.0081e-05
5.2929e-05
6.1035e-05
5.4836e-05
3.0994e-06
5.6028e-05
4.6015e-05
5.4121e-05
5.3167e-05
5.5075e-05
5.9605e-06
5.2929e-05
1.4067e-05
5.3883e-05
3.0994e-06
5.4836e-05
4.0531e-06
5.3883e-05
9.0599e-06
9.5367e-07
3.5048e-05
9.5367e-07
6.1035e-05
5.9128e-05
2.0814e-04
5.3883e-05
2.8610e-06
5.3883e-05
1.9073e-06
6.1035e-05
1.9073e-06
5.5075e-05
2.8610e-06
5.4121e-05
2.1458e-06
5.4121e-05
9.0599e-06
7.2956e-05
4.0531e-06
5.3883e-05
2.8610e-06
5.2929e-05
1.9073e-06
5.5075e-05
3.0994e-06
5.4121e-05
3.0994e-06
5.3883e-05
5.4502e-04
1.1921e-06
1.9073e-06
5.8889e-05
1.9073e-06
7.4148e-05
3.0994e-06
5.7936e-05
1.9073e-06
5.4121e-05
2.1458e-06
5.2929e-05
5.9605e-06
9.5367e-07
5.5313e-04
9.5367e-07
1.9073e-06
5.6982e-05
2.1458e-06
5.4836e-05
1.9073e-06
5.4836e-05
2.1458e-06
5.6028e-05
9.5367e-07
5.4121e-05
2.1458e-06
5.3883e-05
3.0994e-06
5.6982e-05
1.1921e-05
5.5075e-05
2.2197e-04
9.3937e-05
3.8147e-06
9.1076e-05
2.3484e-04
9.5367e-07
5.9605e-06
9.7036e-05
4.0531e-06
9.2983e-05
2.2888e-05
1.0395e-04
5.0068e-06
9.5129e-05
1.0967e-05
2.1458e-06
1.4782e-05
9.5367e-07
3.8147e-06
9.1076e-05
3.8147e-06
8.9884e-05
9.0599e-06
1.1921e-04
5.9605e-06
9.4891e-05
1.5974e-05
9.5367e-07
6.9141e-06
9.6798e-05
4.0531e-06
1.0300e-04
5.0068e-06
5.6982e-05
7.8678e-06
9.5367e-07
8.8215e-06
5.4836e-05
1.9073e-06
5.3883e-05
4.0531e-06
5.6982e-05
1.9073e-06
5.3883e-05
3.5048e-05
9.5367e-07
1.9073e-06
5.5075e-05
1.1492e-04
5.6028e-05
1.3070e-03
9.5367e-07
2.1458e-06
5.9843e-05
5.9605e-06
9.5367e-07
1.1921e-06
5.6028e-05
2.1458e-06
7.5102e-05
3.0994e-06
5.6028e-05
6.9141e-06
9.5367e-07
1.0967e-05
5.4836e-05
7.6509e-04
5.6028e-05
3.0994e-06
5.4121e-05
2.1458e-06
5.2929e-05
9.0599e-06
9.5367e-07
5.1022e-05
5.6028e-05
7.8678e-06
9.5367e-07
2.7895e-05
5.9128e-05
6.8188e-05
9.5367e-07
5.0068e-06
5.3883e-05
3.0994e-06
5.5075e-05
2.5702e-04
9.5367e-07
5.3167e-05
5.5075e-05
3.0994e-06
5.4121e-05
2.1458e-06
5.4121e-05
2.8610e-06
5.6982e-05
2.3603e-04
1.1921e-06
7.2956e-05
5.5075e-05
4.0531e-06
5.4121e-05
1.0014e-05
5.3883e-05
2.8610e-06
5.3883e-05
1.9073e-06
5.3167e-05
3.0994e-06
5.3883e-05
3.0994e-06
7.4863e-05
2.8610e-06
5.5075e-05
1.9073e-06
5.2929e-05
1.2875e-05
9.5367e-07
7.1526e-06
5.5075e-05
1.0014e-04
5.5075e-05
2.3127e-05
5.5075e-05
2.4796e-05
5.4836e-05
6.6042e-05
7.8917e-05
3.5048e-05
5.6028e-05
8.2970e-05
5.3883e-05
5.6028e-05
5.3883e-05
6.1989e-05
5.4121e-05
5.6982e-05
5.4121e-05
8.6904e-04
1.1921e-06
7.1526e-06
9.5367e-07
1.0967e-05
5.6028e-05
3.0994e-06
6.6996e-05
3.2187e-04
5.6982e-05
1.9073e-05
5.5075e-05
4.0531e-06
5.4121e-05
3.0994e-06
5.3883e-05
3.0994e-06
5.3883e-05
2.8610e-06
5.3883e-05
2.8610e-06
7.6056e-05
3.8147e-06
5.4836e-05
3.0994e-06
5.5075e-05
2.1458e-06
5.6982e-05
1.5020e-05
1.1921e-06
1.8120e-05
5.5075e-05
3.0994e-06
5.3883e-05
6.2609e-04
6.1989e-05
3.0994e-06
7.2956e-05
4.0531e-06
5.5075e-05
6.9141e-06
9.5367e-07
4.6968e-05
5.5075e-05
4.0531e-06
5.4121e-05
1.9073e-06
5.4121e-05
2.4080e-05
0.0000e+00
3.5048e-05
5.4121e-05
8.4114e-04
9.5367e-07
2.1458e-06
7.2956e-05
2.8610e-06
5.5075e-05
1.9073e-06
5.4121e-05
1.9073e-06
5.3167e-05
1.4615e-04
9.5367e-07
5.2929e-05
5.6028e-05
2.8610e-06
5.3883e-05
5.0068e-06
5.3883e-05
7.8678e-06
9.5367e-07
5.1022e-05
7.4863e-05
2.8610e-06
5.6028e-05
2.1458e-06
5.4836e-05
2.1458e-06
5.3883e-05
1.9073e-06
5.5075e-05
1.9073e-06
5.2929e-05
8.6308e-04
9.5367e-07
2.8610e-06
6.2943e-05
6.9141e-06
9.5367e-07
9.5129e-05
9.5367e-07
1.1206e-04
5.7936e-05
2.5988e-05
5.5075e-05
1.1921e-05
5.4121e-05
5.0068e-05
1.1921e-06
2.1458e-06
5.6028e-05
6.6996e-05
5.5075e-05
1.0014e-05
5.4836e-05
1.3995e-04
7.4148e-05
8.4162e-05
5.6028e-05
5.0068e-06
5.5075e-05
3.0994e-06
5.5075e-05
2.1458e-06
5.2929e-05
1.9073e-06
5.3883e-05
7.8678e-06
5.5075e-05
1.9073e-06
5.2929e-05
2.8610e-04
5.6982e-05
1.9073e-06
5.4121e-05
1.9789e-05
5.3883e-05
1.9073e-06
6.1035e-05
1.9193e-04
5.5075e-05
7.1526e-06
5.5075e-05
3.0994e-06
5.4121e-05
3.0994e-06
7.1049e-05
4.0531e-06
5.6982e-05
1.9073e-06
5.3883e-05
1.9073e-06
5.4121e-05
4.1008e-05
9.5367e-07
3.2902e-05
5.5075e-05
2.8610e-06
5.3167e-05
2.1458e-06
6.1035e-05
3.0994e-06
7.5102e-05
3.0994e-06
5.6982e-05
1.9073e-06
5.3883e-05
3.0398e-04
5.3883e-05
1.1301e-04
5.4121e-05
5.0068e-06
5.5075e-05
2.1935e-05
6.1035e-05
2.8610e-06
5.3883e-05
1.9073e-06
7.3195e-05
9.0599e-06
5.5075e-05
5.8174e-05
5.3883e-05
2.6703e-04
1.1921e-06
2.1458e-06
5.5075e-05
5.9605e-06
9.5367e-07
9.3937e-05
5.4121e-05
6.3181e-05
5.5075e-05
1.1301e-04
5.3883e-05
2.8610e-06
5.6982e-05
1.9073e-06
5.3883e-05
1.9073e-06
5.4121e-05
2.1458e-06
5.5075e-05
2.1458e-06
5.2929e-05
6.9141e-06
1.1921e-06
1.3113e-05
5.4121e-05
2.1458e-06
5.3883e-05
3.0994e-06
5.6028e-05
2.8610e-06
5.4121e-05
6.4301e-04
9.5367e-07
1.9073e-06
5.6028e-05
1.9073e-06
5.3167e-05
3.0994e-06
5.1975e-05
2.8610e-06
5.3167e-05
3.0994e-06
5.3883e-05
1.8120e-05
1.1921e-06
1.7166e-05
5.7936e-05
5.1022e-05
5.5075e-05
3.4714e-04
5.3167e-05
3.0994e-06
5.5075e-05
2.0981e-05
5.3883e-05
5.9605e-06
5.1975e-05
4.0531e-06
5.4121e-05
3.8147e-06
5.7936e-05
1.1182e-04
5.2929e-05
1.9073e-06
5.4121e-05
7.8678e-06
5.4121e-05
2.8610e-06
5.3167e-05
1.3113e-05
9.5367e-07
1.9073e-06
5.4836e-05
2.8610e-06
5.2929e-05
4.0531e-06
5.6028e-05
1.9073e-06
5.2929e-05
1.9073e-06
5.4121e-05
5.9605e-06
9.5367e-07
1.1921e-06
5.2929e-05
1.9073e-06
6.1035e-05
1.0014e-05
5.4121e-05
8.8215e-06
9.5367e-07
6.0081e-05
5.5075e-05
4.0531e-06
5.6982e-05
4.3917e-04
5.5075e-05
3.0994e-06
5.5075e-05
2.1458e-06
6.1989e-05
3.2496e-04
9.5367e-07
5.3883e-05
5.4836e-05
2.0981e-05
5.4121e-05
2.4080e-05
0.0000e+00
2.1458e-06
7.3910e-05
3.0994e-06
5.6028e-05
4.4703e-04
5.6028e-05
2.8610e-06
5.3883e-05
2.8610e-06
5.3167e-05
2.1458e-06
5.5075e-05
2.1458e-06
5.2929e-05
1.8191e-04
5.5075e-05
7.8678e-06
1.1921e-06
7.6056e-05
9.5367e-07
2.1935e-05
5.8889e-05
2.8610e-06
5.3883e-05
1.9073e-06
5.2929e-05
7.0810e-05
5.2929e-05
3.0994e-06
5.2929e-05
3.0994e-06
5.2929e-05
2.8610e-06
6.9141e-05
2.5034e-05
5.7936e-05
2.8610e-06
5.3167e-05
2.1458e-06
5.2929e-05
2.8610e-06
5.2929e-05
2.1458e-06
5.2929e-05
3.0994e-06
5.9843e-05
3.0994e-06
5.3883e-05
1.9073e-06
7.2956e-05
1.2081e-03
2.1458e-06
1.9073e-06
9.7990e-05
1.9073e-06
9.7036e-05
2.8610e-06
9.6083e-05
3.4809e-05
1.9073e-06
2.1458e-06
9.4891e-05
5.0068e-06
7.0810e-05
3.0994e-06
5.6028e-05
2.8610e-06
5.6982e-05
2.1458e-06
5.3883e-05
1.9073e-06
5.3883e-05
1.9073e-06
5.3167e-05
9.0599e-06
1.1921e-06
2.1458e-06
5.5075e-05
1.1921e-06
5.2929e-05
6.9141e-06
9.5367e-07
1.2159e-05
7.1049e-05
4.1819e-04
5.6982e-05
1.9073e-06
5.4121e-05
4.0531e-06
5.4121e-05
4.6015e-05
9.5367e-07
2.7895e-05
5.5790e-05
3.0994e-06
5.3883e-05
1.9073e-06
5.4121e-05
2.3127e-05
7.4148e-05
3.6001e-05
5.7936e-05
1.9073e-06
6.3181e-05
3.0994e-06
5.5075e-05
2.1458e-06
5.3883e-05
2.1458e-06
5.3883e-05
7.2002e-05
5.4121e-05
6.9141e-06
9.5367e-07
5.1022e-05
5.9128e-05
6.9141e-06
5.5790e-05
4.0531e-06
5.3883e-05
3.0041e-05
0.0000e+00
3.6001e-05
1.1921e-06
5.2929e-05
5.5075e-05
2.1458e-06
5.3883e-05
1.8120e-05
9.5367e-07
6.9141e-06
5.6028e-05
2.5988e-05
5.3883e-05
4.0531e-06
5.6028e-05
2.8610e-06
5.3167e-05
5.9605e-06
9.5367e-07
2.5034e-05
5.4121e-05
3.0994e-06
5.6028e-05
1.9073e-06
5.3167e-05
6.9141e-05
5.3883e-05
5.9605e-06
5.4121e-05
1.1921e-05
9.5367e-07
5.1975e-05
6.6042e-05
3.0994e-06
5.4121e-05
1.1206e-05
9.5367e-07
2.8849e-05
5.5075e-05
1.2875e-05
5.6028e-05
5.9605e-06
1.1921e-06
6.9141e-05
0.0000e+00
5.6982e-05
5.5075e-05
5.9605e-06
7.2002e-05
7.1526e-06
0.0000e+00
3.4809e-05
5.6982e-05
2.1458e-06
5.4121e-05
3.0994e-06
5.3883e-05
4.0531e-06
5.3883e-05
4.0531e-06
6.1989e-05
2.8610e-06
5.3883e-05
2.8610e-06
7.0095e-05
2.8610e-06
5.6028e-05
2.1458e-06
5.2929e-05
1.9073e-06
5.4121e-05
3.0994e-06
5.4121e-05
2.1458e-06
5.3883e-05
2.8610e-06
5.3883e-05
3.8147e-06
5.2929e-05
1.3828e-05
9.5367e-07
3.0994e-06
5.7936e-05
1.9073e-06
5.4121e-05
5.9605e-06
9.5367e-07
1.9073e-06
5.5075e-05
1.9073e-06
5.5790e-05
9.0599e-06
0.0000e+00
5.8889e-05
5.5075e-05
3.3855e-05
5.4836e-05
2.8610e-06
7.2956e-05
7.8678e-06
9.5367e-07
3.7193e-05
5.6028e-05
3.0994e-06
5.4121e-05
1.0967e-05
5.3883e-05
5.9605e-06
5.4121e-05
7.1526e-06
0.0000e+00
5.3883e-05
5.5075e-05
1.9073e-06
5.4121e-05
6.9141e-06
9.5367e-07
3.2187e-05
5.7936e-05
5.9605e-06
5.3167e-05
1.2159e-05
5.3883e-05
5.0068e-06
5.4121e-05
2.8610e-06
5.5075e-05
1.9073e-06
5.4121e-05
1.9073e-05
5.2929e-05
4.0531e-06
5.6982e-05
3.0994e-06
5.4121e-05
3.0994e-06
5.4121e-05
2.1458e-06
5.4121e-05
2.1458e-06
5.3883e-05
9.0599e-06
5.6028e-05
5.9605e-06
5.4121e-05
2.1458e-06
7.2002e-05
2.8610e-06
5.4121e-05
5.9605e-06
5.5075e-05
2.1458e-06
5.3883e-05
3.0994e-06
5.3883e-05
1.9073e-06
5.2929e-05
2.8610e-06
5.3883e-05
1.9073e-06
5.4121e-05
7.8678e-06
9.5367e-07
6.9141e-06
1.1921e-06
5.4121e-05
6.0081e-05
2.1458e-06
5.5075e-05
2.1458e-06
5.5075e-05
2.1458e-06
5.4121e-05
2.1458e-06
5.2929e-05
5.9605e-06
1.1921e-06
6.9141e-05
5.4121e-05
5.9605e-06
7.3910e-05
2.8610e-06
5.4836e-05
1.9073e-06
5.3883e-05
1.9073e-06
5.4121e-05
1.9073e-06
5.5075e-05
6.9141e-06
9.5367e-07
3.6001e-05
1.1921e-06
6.6996e-05
5.5075e-05
1.9073e-06
6.1035e-05
5.0068e-06
5.7936e-05
1.4782e-05
9.5367e-07
1.9073e-06
5.6982e-05
2.1458e-06
5.3883e-05
2.1458e-06
5.3883e-05
1.9073e-06
5.3883e-05
1.9073e-06
5.5075e-05
1.9073e-06
5.4121e-05
3.0994e-06
5.6028e-05
1.9073e-06
5.3883e-05
6.9141e-06
1.1921e-06
4.5061e-05
5.5075e-05
3.0994e-06
5.4121e-05
4.0531e-06
6.1989e-05
3.0994e-06
5.3883e-05
3.0041e-05
5.4121e-05
3.0994e-06
5.6982e-05
1.9073e-06
5.4121e-05
2.1458e-06
5.4121e-05
2.1458e-06
5.2929e-05
2.8610e-06
5.4836e-05
6.9141e-06
1.1921e-06
1.0967e-05
5.4836e-05
2.8610e-06
5.4836e-05
1.9073e-05
7.1049e-05
3.0994e-06
5.6028e-05
1.9073e-06
6.0797e-05
6.1989e-06
9.5367e-07
1.9073e-06
5.5075e-05
5.9605e-06
9.5367e-07
5.9128e-05
5.4836e-05
4.0531e-06
5.3883e-05
2.1935e-05
5.3883e-05
3.0994e-06
5.6982e-05
1.9073e-06
5.4121e-05
2.1458e-06
5.3883e-05
2.8610e-06
5.2929e-05
1.9073e-06
5.4121e-05
7.1526e-06
9.5367e-07
4.8876e-05
5.4121e-05
2.8610e-06
6.2227e-05
3.8147e-06
5.7220e-05
5.9605e-06
0.0000e+00
3.7909e-05
9.5367e-07
5.2929e-05
5.4836e-05
3.0994e-06
5.3883e-05
3.0994e-06
5.3883e-05
2.6941e-05
9.5367e-07
3.0041e-05
5.6028e-05
1.8835e-05
5.4121e-05
3.0994e-06
5.6982e-05
2.8610e-06
5.4121e-05
2.8610e-06
5.4121e-05
5.9605e-06
0.0000e+00
4.1962e-05
9.5367e-07
5.0068e-05
5.6028e-05
6.9141e-06
5.4121e-05
1.9073e-06
5.5075e-05
4.7684e-06
0.0000e+00
9.0599e-06
5.6982e-05
2.8610e-06
5.4121e-05
1.9073e-06
5.4121e-05
3.0994e-06
5.3883e-05
3.0994e-06
5.3883e-05
5.0068e-06
5.3883e-05
1.6928e-05
5.4836e-05
6.9141e-06
6.8188e-05
4.0531e-06
6.2943e-05
3.0994e-06
5.3883e-05
5.9605e-06
0.0000e+00
2.5988e-05
5.5075e-05
3.8147e-06
5.3883e-05
3.8147e-06
5.3883e-05
2.1935e-05
5.4121e-05
5.9605e-06
6.9857e-05
7.1526e-06
9.5367e-07
3.3855e-05
5.7220e-05
3.0994e-06
5.5075e-05
6.9141e-06
9.5367e-07
4.6968e-05
5.3883e-05
1.9073e-06
5.3883e-05
2.0027e-05
6.1989e-05
2.8610e-06
5.3883e-05
2.8610e-06
7.4863e-05
3.0994e-06
5.6982e-05
3.0994e-06
5.5075e-05
5.9605e-06
9.5367e-07
1.4067e-05
5.5075e-05
3.0994e-06
5.5075e-05
1.9073e-06
5.3883e-05
1.9073e-06
5.2929e-05
3.0994e-06
7.0095e-05
4.0531e-06
5.5075e-05
1.9073e-06
5.4121e-05
3.0994e-06
5.5075e-05
2.8610e-06
5.5075e-05
6.9141e-06
9.5367e-07
4.6015e-05
5.5075e-05
2.2173e-05
5.3883e-05
5.9605e-06
7.1764e-05
8.1062e-06
9.5367e-07
3.2902e-05
5.6028e-05
2.8610e-06
5.3883e-05
1.9073e-06
5.4121e-05
5.9605e-06
9.5367e-07
2.4080e-05
5.4836e-05
1.7166e-05
5.2929e-05
2.8610e-06
5.4121e-05
3.0994e-06
6.4135e-05
2.8610e-06
5.4121e-05
8.1062e-06
9.5367e-07
6.9141e-06
5.4836e-05
1.0967e-05
0.0000e+00
5.5075e-05
9.5367e-07
5.1022e-05
5.5075e-05
1.7881e-05
5.4121e-05
3.5048e-05
1.1921e-06
1.1921e-06
5.3883e-05
4.0531e-06
5.6028e-05
1.9073e-06
5.3883e-05
1.9073e-06
5.4121e-05
2.1458e-06
5.2929e-05
1.9073e-06
6.1035e-05
9.0599e-06
5.2929e-05
5.0068e-06
5.4121e-05
1.3113e-05
7.2956e-05
4.0531e-06
5.3883e-05
1.9073e-06
5.3883e-05
5.9605e-06
9.5367e-07
1.9073e-06
5.3883e-05
1.9073e-06
5.3167e-05
9.0599e-06
0.0000e+00
5.7936e-05
0.0000e+00
7.1526e-06
5.4121e-05
5.0068e-06
7.1049e-05
3.8147e-06
5.4836e-05
1.9073e-06
5.3883e-05
9.0599e-06
5.6028e-05
3.0994e-06
5.2929e-05
6.9141e-06
1.1921e-06
4.8161e-05
5.6028e-05
9.0599e-06
9.5367e-07
3.0994e-06
5.5075e-05
4.0531e-06
5.6028e-05
1.9073e-06
5.2929e-05
1.9073e-06
5.4121e-05
3.0994e-06
5.4121e-05
2.1458e-06
5.4121e-05
5.5075e-05
5.4121e-05
3.0994e-06
5.4121e-05
2.0027e-05
7.9155e-05
4.0531e-06
5.6982e-05
2.1458e-06
5.3883e-05
1.9073e-06
5.4121e-05
1.2262e-01
