2.7151e-03
1.9789e-05
5.6982e-05
1.9073e-06
2.5988e-05
1.7371e-03
9.5367e-07
2.5034e-05
9.5367e-07
4.5650e-03
9.5367e-07
3.0994e-06
4.9114e-05
2.8610e-06
4.4107e-05
1.0967e-05
0.0000e+00
1.9073e-06
4.0054e-05
2.9087e-05
0.0000e+00
1.3900e-04
9.5367e-07
2.1458e-06
4.1008e-05
1.9073e-06
3.7909e-05
9.5367e-07
3.7909e-05
2.1458e-06
3.7909e-05
2.1458e-06
3.6955e-05
1.1921e-06
3.6955e-05
2.1458e-06
3.7909e-05
1.9073e-06
4.0054e-05
2.1458e-06
3.6955e-05
2.1458e-06
3.7909e-05
1.9073e-06
3.8862e-05
1.1921e-06
3.7909e-05
2.1458e-06
3.7909e-05
1.9717e-04
0.0000e+00
2.1458e-06
3.8862e-05
9.5367e-07
3.8147e-05
1.9073e-06
3.8147e-05
1.9073e-06
3.7193e-05
1.9073e-06
3.6001e-05
3.0994e-06
3.9101e-05
1.9073e-06
3.9101e-05
1.9073e-06
3.8862e-05
2.1458e-06
4.5061e-05
1.9073e-06
3.8147e-05
1.9073e-06
3.6955e-05
1.3449e-03
0.0000e+00
2.1458e-06
2.5034e-05
9.5367e-07
2.1935e-05
9.5367e-07
2.1935e-05
1.9073e-06
2.2173e-05
9.5367e-07
3.0041e-05
1.9073e-06
2.3127e-05
9.5367e-07
2.0981e-05
9.5367e-07
2.0981e-05
3.9291e-04
0.0000e+00
2.1458e-06
2.1935e-05
1.9073e-06
2.0981e-05
9.5367e-07
2.0981e-05
9.5367e-07
2.0981e-05
9.5367e-07
2.3127e-05
1.9073e-06
2.1935e-05
9.5367e-07
2.0981e-05
5.0068e-06
2.0981e-05
9.5367e-07
2.2173e-05
9.5367e-07
2.0981e-05
9.5367e-07
2.0981e-05
2.1458e-06
2.8849e-05
3.8147e-06
2.1935e-05
1.2319e-03
0.0000e+00
9.5367e-07
2.4080e-05
9.5367e-07
2.1935e-05
9.5367e-07
2.0981e-05
9.5367e-07
2.0981e-05
2.2197e-04
0.0000e+00
9.5367e-07
2.0981e-05
1.0610e-04
0.0000e+00
9.5367e-07
2.3127e-05
1.9073e-06
2.1935e-05
9.5367e-07
2.5034e-05
9.5367e-07
2.0981e-05
9.5367e-07
2.0981e-05
9.5367e-07
2.1219e-05
9.5367e-07
2.0981e-05
3.3617e-04
0.0000e+00
8.5831e-05
0.0000e+00
1.9073e-06
2.3127e-05
1.1921e-06
2.0981e-05
5.7936e-05
9.5367e-07
1.1921e-06
2.1935e-05
9.5367e-07
2.0981e-05
1.9073e-06
2.0981e-05
3.0994e-06
2.1935e-05
9.5367e-07
2.9087e-05
9.5367e-07
2.0981e-05
2.7394e-04
9.5367e-07
2.1458e-06
2.2888e-05
9.5367e-07
2.2173e-05
9.5367e-07
2.0981e-05
9.5367e-07
2.1219e-05
1.1921e-06
2.0981e-05
1.9073e-06
2.9087e-05
1.9073e-06
2.0981e-05
4.6587e-04
9.5367e-07
2.1458e-06
2.1935e-05
9.5367e-07
2.0981e-05
9.5367e-07
2.0981e-05
9.5367e-07
2.0981e-05
1.1921e-06
2.0981e-05
0.0000e+00
2.9087e-05
2.1458e-06
2.0981e-05
1.1492e-04
1.1921e-06
2.8610e-06
0.0000e+00
9.5367e-07
2.1935e-05
9.5367e-07
2.2173e-05
1.4400e-04
0.0000e+00
9.5367e-07
2.1935e-05
2.1458e-06
2.1935e-05
9.5367e-07
2.1935e-05
1.9073e-06
2.1935e-05
1.0967e-05
0.0000e+00
9.5367e-07
2.2173e-05
9.5367e-07
2.0981e-05
9.5367e-07
2.2173e-05
1.9073e-06
2.0981e-05
9.5367e-07
2.2173e-05
9.5487e-04
0.0000e+00
6.1035e-05
0.0000e+00
1.1921e-06
2.1935e-05
9.5367e-07
2.2173e-05
1.8191e-04
0.0000e+00
5.6982e-05
9.5367e-07
1.1921e-06
2.1935e-05
9.5367e-07
2.2173e-05
1.1921e-06
2.0981e-05
4.1008e-05
9.5367e-07
9.5367e-07
2.2173e-05
9.5367e-07
2.1935e-05
1.4496e-04
9.5367e-07
9.5367e-07
2.0981e-05
9.5367e-07
2.0981e-05
1.1921e-06
2.0981e-05
1.9073e-06
2.0981e-05
1.9073e-06
2.0981e-05
2.4915e-04
0.0000e+00
9.5367e-07
3.0041e-05
2.1458e-06
2.7895e-05
1.9073e-06
3.6955e-05
2.1458e-06
3.7909e-05
2.1458e-06
3.6955e-05
7.1526e-06
9.5367e-07
1.9073e-06
3.6955e-05
9.5367e-07
3.7193e-05
2.5988e-04
0.0000e+00
1.9073e-06
5.1975e-05
9.5367e-07
3.9101e-05
8.1062e-05
9.5367e-07
9.5367e-07
3.8862e-05
2.1458e-06
3.8862e-05
1.3113e-05
0.0000e+00
2.1458e-06
3.8862e-05
1.9073e-06
3.6955e-05
2.1458e-06
3.7909e-05
1.9073e-06
3.9101e-05
9.5367e-07
3.7193e-05
9.5367e-07
4.1962e-05
1.4710e-04
0.0000e+00
1.9073e-06
3.8862e-05
1.9073e-06
3.7909e-05
9.5367e-07
3.7909e-05
2.7609e-04
0.0000e+00
1.9073e-06
4.7922e-05
1.9073e-06
3.9101e-05
1.9073e-06
3.6955e-05
2.1458e-06
2.1935e-05
1.0967e-05
1.1921e-06
1.9073e-06
2.2888e-05
2.1458e-06
2.0981e-05
9.5367e-07
2.0981e-05
1.1921e-06
3.0041e-05
1.9073e-06
2.5988e-05
1.9073e-06
2.0981e-05
9.5367e-07
2.1935e-05
9.5367e-07
2.2173e-05
9.5367e-07
2.0981e-05
3.1996e-04
1.1921e-06
1.9073e-06
2.2888e-05
2.1458e-06
2.7895e-05
8.2612e-04
0.0000e+00
9.5367e-07
2.3127e-05
9.5367e-07
2.2173e-05
2.8610e-06
0.0000e+00
2.1458e-06
2.1935e-05
9.5367e-07
2.2173e-05
9.5367e-07
2.0981e-05
2.9492e-04
0.0000e+00
4.0531e-06
0.0000e+00
1.1921e-06
3.0994e-05
1.9073e-06
2.1935e-05
1.1921e-06
2.1935e-05
9.5367e-07
2.1935e-05
9.5367e-07
2.0981e-05
9.5367e-07
2.4080e-05
9.5367e-07
2.1935e-05
9.5367e-07
2.0981e-05
1.1921e-06
2.2888e-05
2.6989e-04
0.0000e+00
1.9073e-06
2.2888e-05
2.1458e-06
2.1935e-05
3.5000e-04
0.0000e+00
1.1921e-06
3.1948e-05
2.8610e-06
3.6001e-05
1.9073e-06
3.7193e-05
7.8678e-06
0.0000e+00
1.9073e-06
4.1962e-05
2.1458e-06
3.9101e-05
3.8147e-06
0.0000e+00
4.0531e-06
0.0000e+00
3.8195e-04
9.5367e-07
2.8610e-06
3.9101e-05
1.9073e-06
3.8147e-05
9.5367e-07
3.8147e-05
9.5367e-07
3.7909e-05
9.5367e-07
5.4836e-05
2.1458e-06
2.9087e-05
1.9073e-06
2.1935e-05
9.5367e-07
2.0981e-05
9.5367e-07
2.0981e-05
9.5367e-07
2.0981e-05
9.5367e-07
2.0981e-05
9.5367e-07
2.0981e-05
1.9073e-06
2.7180e-05
9.5367e-07
2.0981e-05
9.5367e-07
2.1219e-05
9.5367e-07
2.1935e-05
9.5367e-07
2.0027e-05
1.1921e-06
2.0981e-05
9.5367e-07
2.0981e-05
1.9073e-06
3.0041e-05
2.1458e-06
2.1935e-05
9.5367e-07
2.0981e-05
1.1921e-06
2.0981e-05
9.5367e-07
2.0981e-05
7.7701e-04
1.1921e-06
1.9073e-06
2.1935e-05
2.1458e-06
2.0981e-05
9.5367e-07
2.9087e-05
9.5367e-07
2.3127e-05
9.5367e-07
2.0981e-05
9.5367e-07
2.0981e-05
9.5367e-07
2.1935e-05
9.5367e-07
2.0981e-05
1.1921e-06
2.0981e-05
9.5367e-07
2.0981e-05
2.1458e-06
2.0981e-05
9.5367e-07
2.2173e-05
9.5367e-07
2.0981e-05
2.1458e-06
2.0981e-05
9.5367e-07
2.1935e-05
2.1458e-06
2.0981e-05
1.9073e-06
2.1219e-05
1.9073e-06
2.6941e-05
2.1458e-06
2.1935e-05
9.5367e-07
2.0981e-05
9.3913e-04
9.5367e-07
2.1458e-06
2.1935e-05
9.5367e-07
2.0981e-05
9.5367e-07
2.0981e-05
1.9073e-06
2.0981e-05
0.0000e+00
2.7895e-05
9.5367e-07
2.3127e-05
9.5367e-07
2.0981e-05
3.5095e-04
0.0000e+00
9.5367e-07
2.2888e-05
1.0800e-04
0.0000e+00
9.5367e-07
2.1935e-05
9.5367e-07
2.2173e-05
9.5367e-07
2.0981e-05
9.5367e-07
2.9087e-05
1.9073e-06
2.2173e-05
9.5367e-07
2.0981e-05
1.9073e-06
2.0981e-05
9.5367e-07
1.9789e-05
1.1921e-06
2.0027e-05
9.5367e-07
2.0981e-05
1.1921e-06
2.0027e-05
9.5367e-07
2.1935e-05
9.5367e-07
2.0981e-05
9.5367e-07
2.1935e-05
1.1921e-06
2.5988e-05
1.9073e-06
3.7193e-05
7.1096e-04
0.0000e+00
3.0994e-06
4.0054e-05
9.5367e-07
3.6955e-05
9.5367e-07
3.9101e-05
3.0994e-06
3.7909e-05
7.1526e-06
9.5367e-07
9.5367e-07
2.3127e-05
9.5367e-07
2.0981e-05
1.1921e-06
2.0981e-05
9.5367e-07
2.1935e-05
9.5367e-07
2.0981e-05
2.1458e-06
2.1935e-05
1.9073e-06
2.1219e-05
9.5367e-07
2.1935e-05
9.5367e-07
2.0981e-05
9.5367e-07
2.0981e-05
9.5367e-07
2.0981e-05
2.1458e-06
2.0981e-05
4.2605e-04
9.5367e-07
9.5367e-07
2.2888e-05
9.5367e-07
2.1219e-05
9.5367e-07
2.0981e-05
2.1791e-04
0.0000e+00
1.9073e-06
2.2888e-05
1.1921e-06
2.0981e-05
9.5367e-07
2.5034e-05
9.5367e-07
2.0981e-05
1.9073e-06
3.0041e-05
1.9073e-06
2.1935e-05
2.1458e-06
2.0981e-05
1.9073e-06
2.0981e-05
1.1921e-06
2.1935e-05
1.9073e-06
2.0981e-05
1.1921e-06
2.0981e-05
9.5367e-07
2.0981e-05
2.1458e-06
2.1935e-05
9.5367e-07
2.0981e-05
9.5367e-07
2.0981e-05
8.5807e-04
0.0000e+00
1.1921e-06
2.1935e-05
1.9073e-06
2.0981e-05
1.1921e-06
2.0981e-05
1.9073e-06
2.0981e-05
1.9073e-06
2.2173e-05
9.5367e-07
2.0981e-05
9.5367e-07
2.0981e-05
1.1921e-06
2.0981e-05
9.5367e-07
2.0981e-05
1.6308e-04
0.0000e+00
9.5367e-07
2.0981e-05
1.9073e-06
2.0981e-05
2.8610e-06
9.5367e-07
9.5367e-07
2.1935e-05
9.5367e-07
2.0981e-05
9.5367e-07
2.0981e-05
2.0814e-04
9.5367e-07
9.5367e-07
2.1935e-05
1.1921e-06
2.0027e-05
9.5367e-07
2.1935e-05
9.5367e-07
3.0041e-05
1.1921e-06
2.1935e-05
1.1921e-06
2.0981e-05
4.4703e-04
0.0000e+00
1.5211e-04
0.0000e+00
1.9073e-06
2.1935e-05
1.7166e-05
0.0000e+00
9.5367e-07
2.0981e-05
1.1921e-06
2.0981e-05
9.5367e-07
2.1935e-05
1.9073e-06
2.5034e-05
9.5367e-07
2.2173e-05
3.3689e-04
0.0000e+00
1.1921e-06
2.1935e-05
9.5367e-07
2.1935e-05
1.1921e-06
2.1935e-05
9.5367e-07
2.0981e-05
9.5367e-07
2.0981e-05
2.8133e-05
9.5367e-07
9.5367e-07
2.1935e-05
9.5367e-07
2.0981e-05
3.2592e-04
0.0000e+00
6.3896e-05
9.5367e-07
2.1458e-06
2.1935e-05
9.5367e-07
2.2173e-05
9.5367e-07
2.0981e-05
2.2292e-04
1.1921e-06
2.1458e-06
3.0994e-05
1.9073e-06
2.2173e-05
9.5367e-07
2.0981e-05
1.8811e-04
9.5367e-07
1.9073e-06
2.2173e-05
1.1921e-06
2.1935e-05
9.5367e-07
2.2173e-05
9.5367e-07
2.0981e-05
9.5367e-07
2.8849e-05
9.5367e-07
2.1935e-05
2.1458e-06
2.0981e-05
3.8290e-04
0.0000e+00
1.9073e-06
2.1935e-05
2.1458e-06
2.0981e-05
9.4891e-05
0.0000e+00
1.9073e-06
2.1935e-05
1.7500e-04
0.0000e+00
3.0994e-06
9.5367e-07
8.5831e-05
0.0000e+00
2.1458e-06
2.2888e-05
1.9073e-06
2.1219e-05
9.5367e-07
2.1935e-05
4.0531e-06
9.5367e-07
9.5367e-07
2.2173e-05
1.7595e-04
0.0000e+00
9.5367e-07
2.1935e-05
9.5367e-07
2.1219e-05
1.9073e-06
3.0041e-05
1.9073e-06
2.1935e-05
9.5367e-07
2.1935e-05
1.9073e-06
2.0981e-05
3.4785e-04
9.5367e-07
2.1458e-06
2.1935e-05
7.5102e-05
0.0000e+00
9.5367e-07
2.0981e-05
9.5367e-07
2.0981e-05
2.1458e-06
2.1935e-05
5.9605e-06
0.0000e+00
1.8835e-05
0.0000e+00
2.1458e-06
2.1935e-05
9.5367e-07
2.2173e-05
1.9073e-06
2.0981e-05
2.1458e-06
2.0981e-05
3.9983e-04
0.0000e+00
1.9073e-06
2.1935e-05
1.9073e-06
2.3127e-05
1.1921e-06
2.0981e-05
9.5367e-07
2.0981e-05
1.1921e-06
2.0981e-05
9.5367e-07
2.0981e-05
2.1458e-06
2.0981e-05
1.9073e-06
2.0981e-05
4.3917e-04
0.0000e+00
1.0014e-05
0.0000e+00
1.9073e-06
2.2888e-05
2.1458e-06
2.1935e-05
1.9073e-06
2.1219e-05
1.2088e-04
0.0000e+00
9.5367e-07
2.1935e-05
1.9717e-04
0.0000e+00
9.5367e-07
2.0981e-05
9.5367e-07
2.1935e-05
1.9073e-06
3.0041e-05
1.9312e-04
9.5367e-07
1.9073e-06
2.1935e-05
2.8610e-06
0.0000e+00
1.1683e-04
0.0000e+00
6.6996e-05
0.0000e+00
9.5367e-07
2.2173e-05
1.3208e-04
0.0000e+00
2.1458e-06
0.0000e+00
9.5367e-07
2.3127e-05
1.9097e-04
9.5367e-07
9.5367e-07
2.8849e-05
2.1458e-06
2.1935e-05
1.9073e-06
2.0981e-05
1.7715e-04
0.0000e+00
9.5367e-07
2.2173e-05
1.9073e-06
2.0981e-05
2.1458e-06
2.0981e-05
9.5367e-07
2.0981e-05
1.1921e-06
2.8849e-05
9.5367e-07
2.2888e-05
2.1458e-06
2.1935e-05
3.8505e-04
0.0000e+00
5.9605e-06
9.5367e-07
1.9073e-06
2.3127e-05
9.5367e-07
2.2173e-05
9.5367e-07
2.0981e-05
1.9073e-06
2.0981e-05
9.5367e-07
3.0994e-05
9.5367e-07
2.0981e-05
3.4881e-04
0.0000e+00
1.9073e-06
2.1935e-05
3.0994e-06
9.5367e-07
1.3900e-04
0.0000e+00
1.9073e-06
2.1935e-05
1.1921e-06
2.0981e-05
1.2994e-04
9.5367e-07
4.0531e-06
0.0000e+00
9.5367e-07
3.3855e-05
1.7595e-04
0.0000e+00
1.9073e-06
2.1935e-05
1.1921e-06
2.0981e-05
9.5367e-07
2.0981e-05
1.1921e-06
2.0981e-05
2.4295e-04
0.0000e+00
1.1921e-06
2.0981e-05
9.5367e-07
2.2173e-05
1.5378e-04
7.8678e-06
1.1921e-06
2.2888e-05
1.2159e-05
0.0000e+00
1.1897e-04
9.5367e-07
2.1458e-06
2.1935e-05
9.5367e-07
2.0981e-05
2.1458e-06
2.0981e-05
1.9073e-06
2.0981e-05
9.5367e-07
2.1935e-05
1.9073e-06
3.0041e-05
3.0994e-06
2.1935e-05
9.5367e-07
2.0981e-05
3.6001e-04
9.5367e-07
9.7990e-05
9.5367e-07
2.1458e-06
2.2888e-05
3.0994e-06
0.0000e+00
9.5367e-07
2.1935e-05
1.9073e-06
2.2173e-05
2.7299e-04
0.0000e+00
1.1921e-06
2.2888e-05
1.0109e-04
0.0000e+00
2.1458e-06
2.1935e-05
9.5367e-07
2.1935e-05
9.5367e-07
2.0981e-05
9.5367e-07
2.1219e-05
9.5367e-07
2.0981e-05
2.1458e-06
2.0981e-05
9.5367e-07
2.9087e-05
1.9073e-06
2.0981e-05
1.1921e-06
2.0981e-05
9.5367e-07
2.0981e-05
4.5109e-04
0.0000e+00
1.1921e-06
2.1935e-05
9.5367e-07
2.1219e-05
9.5367e-07
2.0981e-05
2.1458e-06
3.0994e-05
1.9073e-06
2.1935e-05
2.1458e-06
2.1935e-05
9.5367e-07
2.0027e-05
9.5367e-07
2.0981e-05
1.9073e-06
2.0981e-05
1.1921e-06
2.0027e-05
4.7803e-04
0.0000e+00
1.9073e-06
3.3140e-05
1.9073e-06
2.2173e-05
9.5367e-07
2.0981e-05
1.9073e-06
2.1219e-05
2.1458e-06
2.1935e-05
2.1458e-06
2.0981e-05
2.2793e-04
0.0000e+00
2.1458e-06
2.1935e-05
9.5367e-07
3.0041e-05
2.1458e-06
2.1935e-05
1.9073e-06
2.1219e-05
3.0589e-04
9.5367e-07
2.1458e-06
2.2888e-05
1.9073e-06
2.0981e-05
9.5367e-07
2.1935e-05
1.9073e-06
2.1219e-05
9.5367e-07
2.9087e-05
2.1458e-06
2.1935e-05
3.0041e-05
0.0000e+00
1.1921e-06
2.1935e-05
1.9073e-06
2.0981e-05
9.5367e-07
2.0981e-05
3.6502e-04
9.5367e-07
1.9073e-06
2.2173e-05
9.5367e-07
2.0981e-05
2.1458e-06
2.9087e-05
1.9073e-06
2.0981e-05
1.1921e-06
2.0981e-05
4.0531e-06
2.0981e-05
1.9073e-06
2.0981e-05
1.9073e-06
2.2173e-05
9.5367e-07
2.0981e-05
1.1921e-06
2.0981e-05
5.0998e-04
0.0000e+00
1.9073e-06
2.2888e-05
2.1458e-06
2.1935e-05
1.9073e-06
2.1219e-05
9.5367e-07
2.0981e-05
2.1458e-06
2.0981e-05
2.8610e-06
2.2888e-05
2.1458e-06
2.0981e-05
9.5367e-07
2.1935e-05
9.5367e-07
2.0981e-05
2.1458e-06
2.1935e-05
1.9073e-06
2.0981e-05
2.1458e-06
2.0981e-05
9.5367e-07
2.1935e-05
7.9513e-04
0.0000e+00
2.1458e-06
2.1935e-05
1.9073e-06
2.3127e-05
3.8481e-04
0.0000e+00
2.1458e-06
2.2888e-05
1.9073e-06
2.2173e-05
9.5367e-07
2.1935e-05
2.1458e-06
2.0981e-05
9.5367e-07
2.0027e-05
5.4121e-05
0.0000e+00
1.9073e-06
3.0041e-05
2.1458e-06
2.1935e-05
9.5367e-07
2.0981e-05
3.5191e-04
9.5367e-07
2.1458e-06
2.1935e-05
1.9073e-06
2.1219e-05
9.5367e-07
2.0981e-05
2.1458e-06
2.0981e-05
9.5367e-07
2.0981e-05
9.5367e-07
2.0981e-05
2.7108e-04
9.5367e-07
1.1921e-06
2.1935e-05
9.5367e-07
2.0981e-05
9.5367e-07
2.0981e-05
2.1458e-06
2.0981e-05
9.5367e-07
2.0981e-05
9.5367e-07
2.1935e-05
5.0068e-06
0.0000e+00
9.5367e-07
2.3127e-05
9.5367e-07
2.0981e-05
2.1458e-06
2.0981e-05
5.4598e-04
0.0000e+00
9.5367e-07
2.1219e-05
5.1022e-05
0.0000e+00
9.5367e-07
2.2173e-05
1.9073e-06
2.0981e-05
9.5367e-07
2.1935e-05
2.1458e-06
2.0981e-05
9.5367e-07
2.0981e-05
1.9073e-06
2.0981e-05
9.5367e-07
2.2173e-05
9.5367e-07
2.0981e-05
9.5367e-07
2.2173e-05
4.2391e-04
0.0000e+00
1.9073e-06
2.3127e-05
1.9073e-06
2.1935e-05
2.1458e-06
2.0981e-05
1.9073e-06
2.1219e-05
9.5367e-07
2.0981e-05
9.5367e-07
2.0981e-05
9.5367e-07
2.0981e-05
1.9073e-06
2.7180e-05
9.5367e-07
2.5034e-05
2.1458e-06
2.1935e-05
1.9073e-06
2.0981e-05
2.1458e-06
2.0981e-05
9.5367e-07
2.0981e-05
1.1921e-06
2.0981e-05
9.5367e-07
2.0981e-05
9.5367e-07
2.9087e-05
2.1458e-06
2.1935e-05
1.9073e-06
2.0981e-05
2.1458e-06
2.0981e-05
9.5367e-07
2.1935e-05
1.1921e-06
2.0981e-05
1.9073e-06
2.0981e-05
1.1921e-06
2.0981e-05
1.9073e-06
2.3127e-05
9.5367e-07
2.1219e-05
9.5367e-07
2.0981e-05
1.1921e-06
2.0981e-05
1.9073e-06
2.0981e-05
2.1458e-06
2.0981e-05
1.9073e-06
2.1219e-05
9.5367e-07
2.9087e-05
1.2519e-03
9.5367e-07
2.1458e-06
2.2888e-05
1.9073e-06
2.2173e-05
1.9073e-06
2.4080e-05
1.9073e-06
2.0981e-05
1.1921e-06
2.0981e-05
9.5367e-07
2.0981e-05
1.1921e-06
3.0041e-05
1.9073e-06
2.1935e-05
2.1458e-06
2.0981e-05
1.9073e-06
2.1935e-05
3.0994e-06
2.0981e-05
5.0998e-04
0.0000e+00
1.9073e-06
2.1935e-05
2.1458e-06
2.1935e-05
3.0994e-06
2.7895e-05
2.1458e-06
2.1935e-05
1.9073e-06
2.0981e-05
9.5367e-07
2.0027e-05
9.5367e-07
2.1935e-05
9.5367e-07
2.3842e-05
9.5367e-07
2.0981e-05
1.9073e-06
2.0981e-05
2.1458e-06
2.2888e-05
4.1199e-04
0.0000e+00
9.5367e-07
2.0981e-05
1.8811e-04
0.0000e+00
1.9073e-06
2.0981e-05
9.5367e-07
2.0981e-05
1.1921e-06
2.1935e-05
1.9073e-06
2.0981e-05
9.5367e-07
2.0981e-05
2.1458e-06
2.1935e-05
9.5367e-07
2.0981e-05
9.5367e-07
2.0981e-05
9.5367e-07
2.4080e-05
1.9908e-04
0.0000e+00
2.1458e-06
2.2888e-05
1.9073e-06
2.1219e-05
9.5367e-07
2.1935e-05
1.9073e-06
2.1935e-05
9.5367e-07
2.0981e-05
5.1594e-04
0.0000e+00
1.9073e-06
2.1935e-05
2.1458e-06
2.1935e-05
1.5020e-05
9.5367e-07
2.1458e-06
2.0981e-05
2.1458e-06
2.1935e-05
1.3208e-04
0.0000e+00
1.3494e-04
0.0000e+00
2.1458e-06
2.1935e-05
2.1458e-06
2.1935e-05
9.5367e-07
2.0981e-05
1.1921e-06
2.0981e-05
2.2602e-04
9.5367e-07
2.1458e-06
2.1935e-05
5.9605e-06
0.0000e+00
9.5367e-07
2.1935e-05
1.9073e-06
3.0994e-05
2.1458e-06
2.1935e-05
1.9073e-06
2.0981e-05
1.1492e-04
9.5367e-07
1.5020e-05
0.0000e+00
2.1458e-06
2.5034e-05
9.5367e-07
2.0981e-05
1.1921e-06
2.0981e-05
1.9073e-06
2.0981e-05
9.5367e-07
2.2173e-05
5.6195e-04
9.5367e-07
7.1049e-05
9.5367e-07
1.9073e-06
2.2173e-05
1.9073e-06
2.1935e-05
3.0994e-06
9.5367e-07
9.5367e-07
2.2173e-05
9.5367e-07
2.0981e-05
2.1458e-06
2.0981e-05
9.5367e-07
3.3140e-05
2.4390e-04
1.1921e-06
1.9073e-06
2.1935e-05
2.1458e-06
2.1935e-05
9.5367e-07
2.0981e-05
1.1921e-06
2.0981e-05
9.5367e-07
2.0981e-05
1.1921e-06
2.0981e-05
1.9073e-06
2.9087e-05
1.9073e-06
2.2173e-05
4.3082e-04
0.0000e+00
2.0027e-05
0.0000e+00
1.9073e-06
2.1935e-05
1.1921e-06
2.0981e-05
9.5367e-07
2.5034e-05
2.7394e-04
0.0000e+00
1.1921e-06
2.2888e-05
9.5367e-07
3.0041e-05
2.1458e-06
2.1935e-05
9.5367e-07
2.1219e-05
9.5367e-07
2.0981e-05
3.0994e-06
0.0000e+00
3.5810e-04
0.0000e+00
9.5367e-07
2.0981e-05
9.5367e-07
2.0981e-05
9.5367e-07
2.0981e-05
1.9073e-06
2.2173e-05
9.5367e-07
2.2173e-05
9.5367e-07
2.4080e-05
2.1458e-06
2.0981e-05
9.5367e-07
2.0981e-05
4.8995e-04
1.1921e-06
3.8147e-06
1.1921e-06
9.5367e-07
2.1935e-05
1.1921e-06
2.0027e-05
1.9073e-06
2.2173e-05
1.9073e-06
2.1935e-05
2.1458e-06
2.1935e-05
1.9073e-06
2.0981e-05
1.1921e-06
2.0981e-05
1.9073e-06
2.0981e-05
9.5367e-07
2.1935e-05
4.4298e-04
9.5367e-07
1.9073e-06
2.3127e-05
9.5367e-07
2.0981e-05
9.5367e-07
2.0981e-05
2.6703e-04
9.5367e-07
2.1458e-06
2.1935e-05
9.5367e-07
2.0981e-05
1.0204e-04
9.5367e-07
6.1989e-05
0.0000e+00
9.4891e-05
0.0000e+00
1.9073e-06
3.2187e-05
6.9141e-06
0.0000e+00
1.8835e-05
9.5367e-07
1.1921e-06
2.2888e-05
9.5367e-07
2.0981e-05
2.1458e-06
2.0981e-05
9.5367e-07
2.0981e-05
9.5367e-07
2.0981e-05
9.5367e-07
2.0027e-05
1.1921e-06
2.2888e-05
1.9073e-06
2.2173e-05
9.5367e-07
2.0981e-05
1.9073e-06
2.1935e-05
1.9073e-06
2.0981e-05
9.5367e-07
2.0981e-05
9.5367e-07
2.0981e-05
9.5367e-07
2.9087e-05
1.9073e-06
2.0981e-05
1.1921e-06
2.0981e-05
9.5367e-07
2.0981e-05
2.1458e-06
2.0981e-05
9.5367e-07
2.0027e-05
2.1458e-06
2.0981e-05
9.5367e-07
2.0981e-05
1.9073e-06
2.2173e-05
1.9073e-06
2.0981e-05
9.5367e-07
2.0027e-05
9.5367e-07
2.0981e-05
1.2372e-03
0.0000e+00
9.5367e-07
2.2173e-05
2.8610e-06
0.0000e+00
2.1458e-06
2.1935e-05
9.5367e-07
2.9802e-05
2.1458e-06
2.1935e-05
9.5367e-07
2.2173e-05
9.5367e-07
2.1935e-05
3.0208e-04
0.0000e+00
1.1921e-06
2.1935e-05
1.9073e-06
2.1219e-05
9.5367e-07
2.0981e-05
2.1315e-04
0.0000e+00
1.9073e-06
3.0041e-05
1.9073e-06
2.1219e-05
9.5367e-07
2.1935e-05
9.5367e-07
2.0981e-05
2.1458e-06
2.1935e-05
9.5367e-07
2.0981e-05
2.8396e-04
0.0000e+00
9.5367e-07
2.1935e-05
1.1921e-06
2.7895e-05
1.1921e-06
2.1935e-05
9.5367e-07
2.1219e-05
9.5367e-07
2.1935e-05
9.5367e-07
2.2173e-05
1.9073e-06
2.1935e-05
4.3511e-04
0.0000e+00
2.1458e-06
2.2888e-05
1.1921e-06
2.9087e-05
1.0490e-04
0.0000e+00
1.1921e-06
2.1935e-05
1.9073e-06
2.1219e-05
9.5367e-07
2.0981e-05
1.1921e-06
2.0981e-05
9.5367e-07
2.0981e-05
1.1921e-06
2.0981e-05
2.4390e-04
0.0000e+00
9.5367e-07
2.1935e-05
1.3494e-04
0.0000e+00
1.9073e-06
2.2173e-05
9.5367e-07
2.0981e-05
1.9073e-06
2.1219e-05
9.5367e-07
2.0981e-05
9.5367e-07
2.2173e-05
2.5988e-05
0.0000e+00
9.5367e-07
3.0994e-05
2.1458e-06
2.4796e-05
3.3689e-04
0.0000e+00
2.1458e-06
2.2888e-05
9.5367e-07
2.1219e-05
1.9073e-06
2.1935e-05
9.5367e-07
2.0981e-05
9.5367e-07
2.1935e-05
2.1458e-06
2.8849e-05
2.1458e-06
2.1935e-05
1.9073e-06
2.1219e-05
9.5367e-07
2.0981e-05
2.1458e-06
2.1935e-05
1.9073e-06
2.0981e-05
2.2411e-04
0.0000e+00
9.5367e-07
2.1935e-05
9.5367e-07
2.9087e-05
9.5367e-07
2.4796e-05
2.1458e-06
2.1935e-05
9.5367e-07
2.0981e-05
2.1458e-06
2.0981e-05
1.9073e-06
2.2173e-05
9.5367e-07
2.0981e-05
5.9605e-04
0.0000e+00
9.5367e-07
2.1935e-05
2.1458e-06
2.2888e-05
2.1458e-06
2.1935e-05
1.9073e-06
2.0981e-05
3.1400e-04
0.0000e+00
9.5367e-07
2.2173e-05
9.5367e-07
2.1935e-05
2.1458e-06
2.1935e-05
2.4199e-04
9.5367e-07
2.1458e-06
2.9802e-05
6.5804e-05
0.0000e+00
1.9073e-06
2.2888e-05
2.1458e-06
2.1935e-05
1.9073e-06
2.1219e-05
1.9073e-06
2.0981e-05
1.6904e-04
0.0000e+00
2.1458e-06
2.2888e-05
2.1458e-06
2.4796e-05
2.0695e-04
0.0000e+00
9.5367e-07
2.2888e-05
2.1458e-06
2.0981e-05
1.9073e-06
2.0981e-05
2.1458e-06
2.1935e-05
9.5367e-07
2.1219e-05
9.5367e-07
2.0981e-05
2.8801e-04
0.0000e+00
1.9073e-06
2.9802e-05
9.5367e-07
2.1935e-05
2.1458e-06
2.0981e-05
1.9073e-06
2.0981e-05
2.0289e-04
0.0000e+00
1.1921e-06
2.2888e-05
2.1458e-06
2.0981e-05
1.0967e-05
9.5367e-07
9.5367e-07
2.1935e-05
1.9073e-06
3.0041e-05
9.5367e-07
2.2173e-05
9.5367e-07
2.0981e-05
1.1921e-06
2.0981e-05
9.5367e-07
2.0981e-05
3.1710e-04
0.0000e+00
9.5367e-07
2.2173e-05
1.9073e-06
2.0981e-05
2.4009e-04
0.0000e+00
1.9073e-06
2.2173e-05
9.5367e-07
2.0981e-05
1.1706e-04
0.0000e+00
1.0109e-04
0.0000e+00
6.3181e-05
0.0000e+00
1.9073e-06
2.3127e-05
1.9073e-06
2.1935e-05
2.1458e-06
2.0981e-05
9.5367e-07
2.1935e-05
9.5367e-07
2.1935e-05
4.0531e-06
0.0000e+00
9.5367e-07
2.1935e-05
9.5367e-07
2.0981e-05
1.1921e-06
2.0027e-05
9.5367e-07
2.0981e-05
9.5367e-07
2.0981e-05
9.5367e-07
2.0981e-05
1.1921e-06
2.1935e-05
4.7803e-04
0.0000e+00
9.5367e-07
2.3842e-05
2.1458e-06
2.1935e-05
9.5367e-07
2.1935e-05
1.1921e-06
2.0981e-05
1.0490e-04
0.0000e+00
9.5367e-07
2.0981e-05
9.5367e-07
2.9087e-05
2.1458e-06
2.1935e-05
4.8208e-04
0.0000e+00
1.9073e-06
2.2173e-05
5.1975e-05
0.0000e+00
9.5367e-07
2.1935e-05
1.9073e-06
2.0981e-05
1.1921e-06
2.0981e-05
1.9073e-06
2.0981e-05
9.5367e-07
3.0994e-05
1.9073e-06
2.0981e-05
2.1458e-06
2.1935e-05
9.5367e-07
2.0981e-05
1.9073e-06
2.0981e-05
9.5367e-07
2.0981e-05
9.5367e-07
2.1935e-05
1.1921e-06
2.0981e-05
1.9073e-06
2.3127e-05
9.5367e-07
2.1935e-05
1.1921e-06
2.0981e-05
6.9499e-04
0.0000e+00
3.0994e-06
2.1935e-05
2.1458e-06
2.0981e-05
9.5367e-07
2.0981e-05
3.0994e-06
2.0981e-05
1.9073e-06
2.2888e-05
9.5367e-07
2.0981e-05
2.8896e-04
0.0000e+00
2.1458e-06
2.1935e-05
1.1921e-06
2.0981e-05
1.9073e-06
2.0981e-05
2.1458e-06
2.1935e-05
9.5367e-07
2.0981e-05
1.9073e-06
2.1935e-05
9.5367e-07
2.0981e-05
9.5367e-07
2.0027e-05
2.1458e-06
2.0981e-05
1.9073e-06
2.0981e-05
2.1458e-06
2.3842e-05
1.1921e-06
2.0981e-05
1.9073e-06
2.0981e-05
1.9073e-06
2.2173e-05
5.2595e-04
9.5367e-07
3.0994e-06
0.0000e+00
1.3685e-04
0.0000e+00
9.5367e-07
2.1935e-05
2.1458e-06
2.0981e-05
9.5367e-07
2.0981e-05
9.5367e-07
2.0981e-05
1.9073e-06
2.0981e-05
2.1458e-06
2.1935e-05
9.5367e-07
2.0981e-05
9.5367e-07
2.4080e-05
4.9901e-04
0.0000e+00
6.6042e-05
0.0000e+00
9.5367e-07
2.0981e-05
2.1458e-06
2.0981e-05
1.9073e-06
2.0981e-05
2.1458e-06
2.7895e-05
4.0531e-06
0.0000e+00
2.1458e-06
2.1935e-05
9.5367e-07
2.2173e-05
2.1458e-06
2.0981e-05
9.5367e-07
2.0981e-05
8.1170e-02
