7.0190e-03
0.0000e+00
1.0896e-04
0.0000e+00
5.8174e-05
0.0000e+00
5.5075e-05
0.0000e+00
5.4121e-05
0.0000e+00
5.8889e-05
0.0000e+00
5.6028e-05
0.0000e+00
5.5075e-05
0.0000e+00
9.5129e-05
0.0000e+00
5.4836e-05
0.0000e+00
5.3167e-05
0.0000e+00
5.4121e-05
0.0000e+00
6.2227e-05
0.0000e+00
5.3167e-05
0.0000e+00
5.3167e-05
0.0000e+00
5.4121e-05
0.0000e+00
5.6982e-05
0.0000e+00
5.5075e-05
0.0000e+00
5.1975e-05
0.0000e+00
5.2929e-05
0.0000e+00
5.1975e-05
0.0000e+00
5.1975e-05
0.0000e+00
5.1975e-05
0.0000e+00
6.9857e-05
0.0000e+00
5.3883e-05
0.0000e+00
5.3167e-05
0.0000e+00
6.1035e-05
0.0000e+00
5.2929e-05
0.0000e+00
5.2929e-05
0.0000e+00
5.1975e-05
0.0000e+00
5.2929e-05
0.0000e+00
5.6982e-05
0.0000e+00
5.2929e-05
0.0000e+00
5.1975e-05
0.0000e+00
5.1975e-05
0.0000e+00
5.2929e-05
0.0000e+00
5.1975e-05
0.0000e+00
5.2929e-05
0.0000e+00
6.6996e-05
0.0000e+00
5.5075e-05
0.0000e+00
5.5075e-05
0.0000e+00
5.6982e-05
0.0000e+00
5.1975e-05
0.0000e+00
5.2929e-05
0.0000e+00
5.1975e-05
0.0000e+00
5.1022e-05
0.0000e+00
7.2002e-05
0.0000e+00
5.4121e-05
0.0000e+00
5.1975e-05
0.0000e+00
5.3167e-05
0.0000e+00
5.3167e-05
0.0000e+00
5.3167e-05
0.0000e+00
5.1975e-05
0.0000e+00
5.1022e-05
0.0000e+00
5.5075e-05
0.0000e+00
6.4850e-05
0.0000e+00
5.1975e-05
0.0000e+00
5.2929e-05
0.0000e+00
5.2929e-05
0.0000e+00
5.2929e-05
0.0000e+00
5.2929e-05
0.0000e+00
7.0095e-05
0.0000e+00
5.4121e-05
0.0000e+00
5.1975e-05
0.0000e+00
5.3167e-05
0.0000e+00
5.3167e-05
0.0000e+00
5.2214e-05
0.0000e+00
5.3167e-05
0.0000e+00
5.3167e-05
0.0000e+00
6.6996e-05
0.0000e+00
5.1975e-05
0.0000e+00
5.3167e-05
0.0000e+00
5.3167e-05
0.0000e+00
5.3167e-05
0.0000e+00
5.1975e-05
0.0000e+00
5.2929e-05
0.0000e+00
6.9141e-05
0.0000e+00
5.4121e-05
0.0000e+00
5.3167e-05
0.0000e+00
5.2929e-05
0.0000e+00
5.2929e-05
0.0000e+00
5.2929e-05
0.0000e+00
5.2929e-05
0.0000e+00
5.1975e-05
0.0000e+00
5.6982e-05
0.0000e+00
5.2929e-05
0.0000e+00
5.2929e-05
0.0000e+00
5.1975e-05
0.0000e+00
5.3167e-05
0.0000e+00
5.1975e-05
0.0000e+00
5.3883e-05
0.0000e+00
6.6996e-05
0.0000e+00
5.5075e-05
0.0000e+00
5.2929e-05
0.0000e+00
5.5075e-05
0.0000e+00
5.2929e-05
0.0000e+00
5.1975e-05
0.0000e+00
5.2929e-05
0.0000e+00
5.8889e-05
0.0000e+00
5.5075e-05
0.0000e+00
5.2929e-05
0.0000e+00
5.2929e-05
0.0000e+00
5.2929e-05
0.0000e+00
5.1975e-05
0.0000e+00
5.2929e-05
0.0000e+00
5.2929e-05
0.0000e+00
7.1049e-05
0.0000e+00
5.4121e-05
0.0000e+00
5.2929e-05
0.0000e+00
5.2929e-05
0.0000e+00
5.1975e-05
0.0000e+00
5.1975e-05
0.0000e+00
5.7936e-05
0.0000e+00
7.7009e-05
0.0000e+00
9.2983e-05
0.0000e+00
9.1076e-05
0.0000e+00
8.9884e-05
0.0000e+00
9.1076e-05
0.0000e+00
8.8930e-05
0.0000e+00
9.1076e-05
0.0000e+00
9.0122e-05
0.0000e+00
9.8944e-05
0.0000e+00
9.3937e-05
0.0000e+00
9.3937e-05
0.0000e+00
8.9884e-05
0.0000e+00
9.0122e-05
0.0000e+00
9.0122e-05
0.0000e+00
9.1076e-05
0.0000e+00
9.1076e-05
0.0000e+00
1.2493e-04
0.0000e+00
9.2030e-05
0.0000e+00
9.2983e-05
0.0000e+00
9.2030e-05
0.0000e+00
9.1076e-05
0.0000e+00
9.2030e-05
0.0000e+00
9.2030e-05
0.0000e+00
9.0122e-05
0.0000e+00
1.4901e-04
0.0000e+00
1.0395e-04
0.0000e+00
9.7036e-05
0.0000e+00
9.2983e-05
0.0000e+00
9.2030e-05
0.0000e+00
9.1076e-05
0.0000e+00
9.2030e-05
0.0000e+00
1.0109e-04
0.0000e+00
1.3399e-04
0.0000e+00
9.7036e-05
0.0000e+00
9.6083e-05
0.0000e+00
9.2983e-05
0.0000e+00
9.0837e-05
0.0000e+00
9.2983e-05
0.0000e+00
9.2983e-05
0.0000e+00
1.2302e-04
0.0000e+00
9.2030e-05
0.0000e+00
8.8930e-05
0.0000e+00
8.8930e-05
0.0000e+00
9.1076e-05
0.0000e+00
9.4891e-05
0.0000e+00
9.1076e-05
0.0000e+00
9.1076e-05
0.0000e+00
9.2030e-05
0.0000e+00
8.9884e-05
0.0000e+00
8.9169e-05
0.0000e+00
8.9884e-05
0.0000e+00
9.2030e-05
0.0000e+00
9.0837e-05
0.0000e+00
9.2030e-05
0.0000e+00
1.1206e-04
0.0000e+00
9.9897e-05
0.0000e+00
9.1076e-05
0.0000e+00
9.2030e-05
0.0000e+00
9.1076e-05
0.0000e+00
9.3937e-05
0.0000e+00
9.0122e-05
0.0000e+00
8.8930e-05
0.0000e+00
9.5129e-05
0.0000e+00
9.8944e-05
0.0000e+00
8.9169e-05
0.0000e+00
9.3937e-05
0.0000e+00
9.5844e-05
0.0000e+00
9.1076e-05
0.0000e+00
9.0122e-05
0.0000e+00
9.0122e-05
0.0000e+00
9.2983e-05
0.0000e+00
1.0300e-04
0.0000e+00
1.1992e-04
0.0000e+00
1.1206e-04
0.0000e+00
9.7990e-05
0.0000e+00
9.4175e-05
0.0000e+00
9.6083e-05
0.0000e+00
1.1396e-04
0.0000e+00
8.9884e-05
0.0000e+00
1.0395e-04
0.0000e+00
8.9884e-05
0.0000e+00
9.7036e-05
0.0000e+00
9.2030e-05
0.0000e+00
9.3937e-05
0.0000e+00
9.2983e-05
0.0000e+00
9.1076e-05
0.0000e+00
8.8930e-05
0.0000e+00
9.7990e-05
0.0000e+00
9.1076e-05
0.0000e+00
9.3937e-05
0.0000e+00
9.2983e-05
0.0000e+00
9.2030e-05
0.0000e+00
9.2983e-05
0.0000e+00
9.2030e-05
0.0000e+00
9.1791e-05
0.0000e+00
8.9884e-05
0.0000e+00
9.2030e-05
0.0000e+00
9.3937e-05
0.0000e+00
9.2030e-05
0.0000e+00
9.0837e-05
0.0000e+00
1.1802e-04
0.0000e+00
9.1076e-05
0.0000e+00
8.9884e-05
0.0000e+00
9.2030e-05
0.0000e+00
1.3399e-04
0.0000e+00
1.0109e-04
0.0000e+00
9.6083e-05
0.0000e+00
9.6083e-05
0.0000e+00
9.5129e-05
0.0000e+00
9.0122e-05
0.0000e+00
8.9169e-05
0.0000e+00
1.0610e-04
0.0000e+00
1.3185e-04
0.0000e+00
9.7990e-05
0.0000e+00
9.2030e-05
0.0000e+00
1.2207e-04
0.0000e+00
9.1076e-05
0.0000e+00
9.3937e-05
0.0000e+00
1.0395e-04
0.0000e+00
9.5844e-05
0.0000e+00
9.1791e-05
0.0000e+00
9.2983e-05
0.0000e+00
9.2983e-05
0.0000e+00
1.1706e-04
0.0000e+00
9.4891e-05
0.0000e+00
9.1076e-05
0.0000e+00
1.0085e-04
0.0000e+00
9.0837e-05
0.0000e+00
8.9884e-05
0.0000e+00
9.2030e-05
0.0000e+00
9.1076e-05
0.0000e+00
9.2983e-05
0.0000e+00
9.3937e-05
0.0000e+00
9.3937e-05
0.0000e+00
9.8944e-05
0.0000e+00
9.4175e-05
0.0000e+00
1.2088e-04
0.0000e+00
9.2983e-05
0.0000e+00
1.1587e-04
0.0000e+00
9.0122e-05
0.0000e+00
8.9884e-05
0.0000e+00
9.0837e-05
0.0000e+00
1.0514e-04
0.0000e+00
9.2983e-05
0.0000e+00
9.5129e-05
0.0000e+00
9.3937e-05
0.0000e+00
9.2983e-05
0.0000e+00
8.9169e-05
0.0000e+00
9.2030e-05
0.0000e+00
9.0122e-05
0.0000e+00
9.0122e-05
0.0000e+00
9.0122e-05
0.0000e+00
9.2983e-05
0.0000e+00
1.1492e-04
0.0000e+00
9.0122e-05
0.0000e+00
8.9884e-05
0.0000e+00
8.8215e-05
0.0000e+00
9.5844e-05
0.0000e+00
9.2030e-05
0.0000e+00
9.8944e-05
0.0000e+00
1.3494e-04
0.0000e+00
4.7922e-05
0.0000e+00
2.2173e-05
0.0000e+00
2.1935e-05
0.0000e+00
2.0981e-05
0.0000e+00
3.2902e-05
0.0000e+00
2.0027e-05
0.0000e+00
2.0027e-05
0.0000e+00
1.9073e-05
0.0000e+00
2.0027e-05
0.0000e+00
1.9073e-05
0.0000e+00
1.9789e-05
0.0000e+00
1.9073e-05
0.0000e+00
2.0027e-05
0.0000e+00
1.7881e-05
0.0000e+00
2.0027e-05
0.0000e+00
3.0041e-05
0.0000e+00
2.0027e-05
0.0000e+00
1.9073e-05
0.0000e+00
1.8835e-05
0.0000e+00
1.9073e-05
0.0000e+00
1.9073e-05
0.0000e+00
1.9789e-05
0.0000e+00
1.9073e-05
0.0000e+00
2.0027e-05
0.0000e+00
1.9073e-05
0.0000e+00
2.4080e-05
0.0000e+00
1.9789e-05
0.0000e+00
2.0027e-05
0.0000e+00
1.9073e-05
0.0000e+00
2.0027e-05
0.0000e+00
2.7895e-05
0.0000e+00
2.1935e-05
0.0000e+00
2.0027e-05
0.0000e+00
2.0027e-05
0.0000e+00
1.8835e-05
0.0000e+00
1.8835e-05
0.0000e+00
1.9073e-05
0.0000e+00
2.0027e-05
0.0000e+00
2.6941e-05
0.0000e+00
1.9073e-05
0.0000e+00
1.8120e-05
0.0000e+00
2.0027e-05
0.0000e+00
3.1948e-05
0.0000e+00
2.0027e-05
0.0000e+00
1.8835e-05
0.0000e+00
1.9073e-05
0.0000e+00
2.0027e-05
0.0000e+00
2.0027e-05
0.0000e+00
1.9073e-05
0.0000e+00
2.0027e-05
0.0000e+00
1.8835e-05
0.0000e+00
1.9073e-05
0.0000e+00
1.9073e-05
0.0000e+00
2.8849e-05
0.0000e+00
1.9789e-05
0.0000e+00
1.9073e-05
0.0000e+00
1.9073e-05
0.0000e+00
1.9073e-05
0.0000e+00
1.8835e-05
0.0000e+00
1.9073e-05
0.0000e+00
2.0027e-05
0.0000e+00
2.5988e-05
0.0000e+00
1.9073e-05
0.0000e+00
2.2888e-05
0.0000e+00
1.9073e-05
0.0000e+00
1.8835e-05
0.0000e+00
1.9073e-05
0.0000e+00
1.9073e-05
0.0000e+00
2.0027e-05
0.0000e+00
2.1219e-05
0.0000e+00
1.9789e-05
0.0000e+00
1.9789e-05
0.0000e+00
2.0027e-05
0.0000e+00
2.0027e-05
0.0000e+00
2.0027e-05
0.0000e+00
1.9073e-05
0.0000e+00
2.6941e-05
0.0000e+00
2.0027e-05
0.0000e+00
2.0027e-05
0.0000e+00
1.9073e-05
0.0000e+00
3.1948e-05
0.0000e+00
1.9073e-05
0.0000e+00
2.0027e-05
0.0000e+00
1.8835e-05
0.0000e+00
2.0027e-05
0.0000e+00
1.9073e-05
0.0000e+00
1.9073e-05
0.0000e+00
1.8835e-05
0.0000e+00
1.9073e-05
0.0000e+00
2.0027e-05
0.0000e+00
1.9073e-05
0.0000e+00
2.5988e-05
0.0000e+00
2.0027e-05
0.0000e+00
1.9073e-05
0.0000e+00
1.9073e-05
0.0000e+00
1.8835e-05
0.0000e+00
1.9073e-05
0.0000e+00
1.9073e-05
0.0000e+00
1.8835e-05
0.0000e+00
2.0027e-05
0.0000e+00
2.0027e-05
0.0000e+00
2.1935e-05
0.0000e+00
1.9073e-05
0.0000e+00
1.8835e-05
0.0000e+00
1.9073e-05
0.0000e+00
1.9073e-05
0.0000e+00
4.1008e-05
0.0000e+00
2.0027e-05
0.0000e+00
2.0027e-05
0.0000e+00
2.0027e-05
0.0000e+00
2.0027e-05
0.0000e+00
1.8835e-05
0.0000e+00
1.8835e-05
0.0000e+00
2.5988e-05
0.0000e+00
2.1219e-05
0.0000e+00
1.9789e-05
0.0000e+00
1.9789e-05
0.0000e+00
1.9073e-05
0.0000e+00
3.2187e-05
0.0000e+00
1.9073e-05
0.0000e+00
1.9073e-05
0.0000e+00
2.5988e-05
0.0000e+00
1.9073e-05
0.0000e+00
1.8835e-05
0.0000e+00
2.0027e-05
0.0000e+00
1.9073e-05
0.0000e+00
1.8835e-05
0.0000e+00
1.9073e-05
0.0000e+00
2.4080e-05
0.0000e+00
2.0027e-05
0.0000e+00
1.8835e-05
0.0000e+00
1.9073e-05
0.0000e+00
1.9073e-05
0.0000e+00
2.0027e-05
0.0000e+00
1.8835e-05
0.0000e+00
1.9073e-05
0.0000e+00
2.0027e-05
0.0000e+00
2.0027e-05
0.0000e+00
1.8835e-05
0.0000e+00
2.0981e-05
0.0000e+00
2.0027e-05
0.0000e+00
1.8835e-05
0.0000e+00
1.9073e-05
0.0000e+00
2.6941e-05
0.0000e+00
1.9073e-05
0.0000e+00
2.1219e-05
0.0000e+00
1.9789e-05
0.0000e+00
2.0027e-05
0.0000e+00
2.0027e-05
0.0000e+00
1.9073e-05
0.0000e+00
2.0027e-05
0.0000e+00
2.6941e-05
0.0000e+00
2.0981e-05
0.0000e+00
2.0027e-05
0.0000e+00
2.0027e-05
0.0000e+00
1.9789e-05
0.0000e+00
3.3140e-05
0.0000e+00
1.9073e-05
0.0000e+00
1.9073e-05
0.0000e+00
1.9789e-05
0.0000e+00
1.8835e-05
0.0000e+00
1.9073e-05
0.0000e+00
1.9073e-05
0.0000e+00
1.8835e-05
0.0000e+00
2.0027e-05
0.0000e+00
1.9073e-05
0.0000e+00
2.5988e-05
0.0000e+00
2.0027e-05
0.0000e+00
1.8835e-05
0.0000e+00
2.0027e-05
0.0000e+00
1.9073e-05
0.0000e+00
1.8835e-05
0.0000e+00
1.7881e-05
0.0000e+00
1.9073e-05
0.0000e+00
2.0981e-05
0.0000e+00
1.9073e-05
0.0000e+00
1.8120e-05
0.0000e+00
2.0981e-05
0.0000e+00
2.0027e-05
0.0000e+00
1.9073e-05
0.0000e+00
2.0027e-05
0.0000e+00
2.4796e-05
0.0000e+00
2.0027e-05
0.0000e+00
2.0981e-05
0.0000e+00
1.9073e-05
0.0000e+00
2.0027e-05
0.0000e+00
1.9789e-05
0.0000e+00
2.0027e-05
0.0000e+00
1.9073e-05
0.0000e+00
2.5988e-05
0.0000e+00
2.0027e-05
0.0000e+00
2.0027e-05
0.0000e+00
2.0027e-05
0.0000e+00
2.0027e-05
0.0000e+00
3.2902e-05
0.0000e+00
1.9073e-05
0.0000e+00
1.9073e-05
0.0000e+00
2.0027e-05
0.0000e+00
2.0027e-05
0.0000e+00
1.9073e-05
0.0000e+00
1.8835e-05
0.0000e+00
1.9073e-05
0.0000e+00
1.9073e-05
0.0000e+00
1.7881e-05
0.0000e+00
2.5988e-05
0.0000e+00
2.0027e-05
0.0000e+00
1.9073e-05
0.0000e+00
1.8835e-05
0.0000e+00
1.8120e-05
0.0000e+00
1.8835e-05
0.0000e+00
1.9073e-05
0.0000e+00
1.9073e-05
0.0000e+00
2.6941e-05
0.0000e+00
1.9073e-05
0.0000e+00
1.9073e-05
0.0000e+00
2.1935e-05
0.0000e+00
1.9073e-05
0.0000e+00
1.8835e-05
0.0000e+00
1.8120e-05
0.0000e+00
1.7881e-05
0.0000e+00
2.0981e-05
0.0000e+00
3.4094e-05
0.0000e+00
1.8835e-05
0.0000e+00
1.8835e-05
0.0000e+00
2.0027e-05
0.0000e+00
1.9073e-05
0.0000e+00
1.9073e-05
0.0000e+00
2.7895e-05
0.0000e+00
2.0027e-05
0.0000e+00
2.0027e-05
0.0000e+00
2.0027e-05
0.0000e+00
1.8835e-05
0.0000e+00
3.2187e-05
0.0000e+00
1.9073e-05
0.0000e+00
1.9073e-05
0.0000e+00
2.0027e-05
0.0000e+00
1.9073e-05
0.0000e+00
1.8835e-05
0.0000e+00
1.9073e-05
0.0000e+00
1.9073e-05
0.0000e+00
1.8835e-05
0.0000e+00
1.9073e-05
0.0000e+00
2.7895e-05
0.0000e+00
2.0027e-05
0.0000e+00
1.9073e-05
0.0000e+00
1.9073e-05
0.0000e+00
1.7881e-05
0.0000e+00
1.9073e-05
0.0000e+00
1.9073e-05
0.0000e+00
1.8835e-05
0.0000e+00
2.7180e-05
0.0000e+00
2.0027e-05
0.0000e+00
1.9073e-05
0.0000e+00
2.0027e-05
0.0000e+00
1.9073e-05
0.0000e+00
1.9073e-05
0.0000e+00
1.7881e-05
0.0000e+00
1.9073e-05
0.0000e+00
2.0027e-05
0.0000e+00
3.2902e-05
0.0000e+00
1.9073e-05
0.0000e+00
2.0027e-05
0.0000e+00
1.9789e-05
0.0000e+00
2.0027e-05
0.0000e+00
1.9073e-05
0.0000e+00
2.6941e-05
0.0000e+00
2.0981e-05
0.0000e+00
2.0027e-05
0.0000e+00
2.0027e-05
0.0000e+00
2.0027e-05
0.0000e+00
3.1948e-05
0.0000e+00
2.0027e-05
0.0000e+00
1.9073e-05
0.0000e+00
2.0027e-05
0.0000e+00
1.9073e-05
0.0000e+00
1.8835e-05
0.0000e+00
1.9073e-05
0.0000e+00
1.9073e-05
0.0000e+00
1.8835e-05
0.0000e+00
1.9073e-05
0.0000e+00
2.5988e-05
0.0000e+00
1.9073e-05
0.0000e+00
1.9073e-05
0.0000e+00
1.9073e-05
0.0000e+00
1.8835e-05
0.0000e+00
2.0027e-05
0.0000e+00
1.9073e-05
0.0000e+00
1.9073e-05
0.0000e+00
2.0027e-05
0.0000e+00
2.0027e-05
0.0000e+00
1.9073e-05
0.0000e+00
2.1935e-05
0.0000e+00
1.9073e-05
0.0000e+00
1.9789e-05
0.0000e+00
1.9073e-05
0.0000e+00
2.6941e-05
0.0000e+00
2.0027e-05
0.0000e+00
3.1948e-05
0.0000e+00
1.9789e-05
0.0000e+00
1.9073e-05
0.0000e+00
1.9073e-05
0.0000e+00
1.9073e-05
0.0000e+00
1.9073e-05
0.0000e+00
2.0981e-05
0.0000e+00
2.0027e-05
0.0000e+00
2.0027e-05
0.0000e+00
2.0027e-05
0.0000e+00
2.0027e-05
0.0000e+00
3.1948e-05
0.0000e+00
2.0027e-05
0.0000e+00
2.6941e-05
0.0000e+00
2.0027e-05
0.0000e+00
1.8835e-05
0.0000e+00
2.0027e-05
0.0000e+00
1.9073e-05
0.0000e+00
1.9073e-05
0.0000e+00
1.8835e-05
0.0000e+00
1.9073e-05
0.0000e+00
2.5034e-05
0.0000e+00
2.0027e-05
0.0000e+00
1.8835e-05
0.0000e+00
1.9073e-05
0.0000e+00
1.9073e-05
0.0000e+00
1.8835e-05
0.0000e+00
1.9073e-05
0.0000e+00
1.7881e-05
0.0000e+00
2.0027e-05
0.0000e+00
2.0027e-05
0.0000e+00
2.0027e-05
0.0000e+00
2.1935e-05
0.0000e+00
2.0027e-05
0.0000e+00
1.9073e-05
0.0000e+00
1.9073e-05
0.0000e+00
2.8849e-05
0.0000e+00
1.9073e-05
0.0000e+00
3.2902e-05
0.0000e+00
2.0027e-05
0.0000e+00
2.0027e-05
0.0000e+00
2.0027e-05
0.0000e+00
2.0027e-05
0.0000e+00
2.0027e-05
0.0000e+00
2.0981e-05
0.0000e+00
2.0027e-05
0.0000e+00
2.0027e-05
0.0000e+00
1.9073e-05
0.0000e+00
1.9789e-05
0.0000e+00
2.0027e-05
0.0000e+00
1.9789e-05
0.0000e+00
2.6226e-05
0.0000e+00
1.9073e-05
0.0000e+00
2.0027e-05
0.0000e+00
1.9073e-05
0.0000e+00
1.8835e-05
0.0000e+00
1.9073e-05
0.0000e+00
1.9073e-05
0.0000e+00
2.0027e-05
0.0000e+00
2.0981e-05
0.0000e+00
1.9073e-05
0.0000e+00
1.8120e-05
0.0000e+00
1.9073e-05
0.0000e+00
1.9073e-05
0.0000e+00
1.9073e-05
0.0000e+00
1.7881e-05
0.0000e+00
2.5034e-05
0.0000e+00
1.8835e-05
0.0000e+00
1.9073e-05
0.0000e+00
1.9073e-05
0.0000e+00
2.1935e-05
0.0000e+00
1.9073e-05
0.0000e+00
1.8835e-05
0.0000e+00
1.9073e-05
0.0000e+00
2.6941e-05
0.0000e+00
1.9073e-05
0.0000e+00
3.1948e-05
0.0000e+00
2.0027e-05
0.0000e+00
1.9073e-05
0.0000e+00
2.0027e-05
0.0000e+00
1.8835e-05
0.0000e+00
1.9073e-05
0.0000e+00
2.0027e-05
0.0000e+00
2.0027e-05
0.0000e+00
1.9073e-05
0.0000e+00
1.8835e-05
0.0000e+00
1.8835e-05
0.0000e+00
3.1948e-05
0.0000e+00
2.0027e-05
0.0000e+00
2.5988e-05
0.0000e+00
1.8835e-05
0.0000e+00
2.0027e-05
0.0000e+00
1.9073e-05
0.0000e+00
1.8835e-05
0.0000e+00
1.8835e-05
0.0000e+00
1.9073e-05
0.0000e+00
1.9073e-05
0.0000e+00
2.0027e-05
0.0000e+00
2.0027e-05
0.0000e+00
1.9073e-05
0.0000e+00
1.8835e-05
0.0000e+00
1.9073e-05
0.0000e+00
1.9073e-05
0.0000e+00
1.8835e-05
0.0000e+00
2.7180e-05
0.0000e+00
1.8835e-05
0.0000e+00
1.9073e-05
0.0000e+00
1.9073e-05
0.0000e+00
2.1935e-05
0.0000e+00
1.9073e-05
0.0000e+00
1.8835e-05
0.0000e+00
1.9073e-05
0.0000e+00
2.0027e-05
0.0000e+00
1.8835e-05
0.0000e+00
3.3140e-05
0.0000e+00
1.9073e-05
0.0000e+00
1.8835e-05
0.0000e+00
1.8835e-05
0.0000e+00
1.9073e-05
0.0000e+00
2.9087e-05
0.0000e+00
2.0027e-05
0.0000e+00
2.0027e-05
0.0000e+00
1.9073e-05
0.0000e+00
2.0027e-05
0.0000e+00
1.8835e-05
0.0000e+00
3.0994e-05
0.0000e+00
1.8835e-05
0.0000e+00
2.0027e-05
0.0000e+00
1.9073e-05
0.0000e+00
2.0027e-05
0.0000e+00
1.8835e-05
0.0000e+00
1.9073e-05
0.0000e+00
1.9073e-05
0.0000e+00
1.9073e-05
0.0000e+00
2.6941e-05
0.0000e+00
2.0027e-05
0.0000e+00
2.0027e-05
0.0000e+00
1.8835e-05
0.0000e+00
1.9073e-05
0.0000e+00
1.9073e-05
0.0000e+00
1.8835e-05
0.0000e+00
1.9073e-05
0.0000e+00
2.6941e-05
0.0000e+00
1.9073e-05
0.0000e+00
1.9073e-05
0.0000e+00
1.8835e-05
0.0000e+00
2.2173e-05
0.0000e+00
1.8835e-05
0.0000e+00
2.0027e-05
0.0000e+00
1.9073e-05
0.0000e+00
2.0027e-05
0.0000e+00
1.9073e-05
0.0000e+00
2.0027e-05
0.0000e+00
1.8835e-05
0.0000e+00
1.9073e-05
0.0000e+00
1.9073e-05
0.0000e+00
2.0027e-05
0.0000e+00
3.0041e-05
0.0000e+00
1.9789e-05
0.0000e+00
2.0027e-05
0.0000e+00
2.0027e-05
0.0000e+00
2.0027e-05
0.0000e+00
2.0027e-05
0.0000e+00
3.1948e-05
0.0000e+00
1.9073e-05
0.0000e+00
2.0027e-05
0.0000e+00
1.8835e-05
0.0000e+00
1.9073e-05
0.0000e+00
1.9073e-05
0.0000e+00
1.9073e-05
0.0000e+00
1.8835e-05
0.0000e+00
1.9073e-05
0.0000e+00
3.0041e-05
0.0000e+00
1.8835e-05
0.0000e+00
2.0027e-05
0.0000e+00
1.8835e-05
0.0000e+00
1.9073e-05
0.0000e+00
1.9073e-05
0.0000e+00
2.0027e-05
0.0000e+00
1.9073e-05
0.0000e+00
2.6941e-05
0.0000e+00
2.0027e-05
0.0000e+00
1.8835e-05
0.0000e+00
2.0981e-05
0.0000e+00
2.0027e-05
0.0000e+00
1.8835e-05
0.0000e+00
1.9073e-05
0.0000e+00
2.5988e-05
0.0000e+00
2.0027e-05
0.0000e+00
3.3140e-05
0.0000e+00
1.8835e-05
0.0000e+00
1.8835e-05
0.0000e+00
1.9073e-05
0.0000e+00
1.9073e-05
0.0000e+00
1.9073e-05
0.0000e+00
2.6941e-05
0.0000e+00
2.0027e-05
0.0000e+00
2.0027e-05
0.0000e+00
1.9073e-05
0.0000e+00
1.9073e-05
0.0000e+00
3.0994e-05
0.0000e+00
1.9073e-05
0.0000e+00
1.9073e-05
0.0000e+00
2.0027e-05
0.0000e+00
1.9073e-05
0.0000e+00
1.8835e-05
0.0000e+00
1.8835e-05
0.0000e+00
1.9073e-05
0.0000e+00
1.9073e-05
0.0000e+00
2.0027e-05
0.0000e+00
2.8133e-05
0.0000e+00
1.9073e-05
0.0000e+00
1.9789e-05
0.0000e+00
1.9073e-05
0.0000e+00
1.9073e-05
0.0000e+00
1.9073e-05
0.0000e+00
1.8835e-05
0.0000e+00
1.9073e-05
0.0000e+00
2.0027e-05
0.0000e+00
1.7881e-05
0.0000e+00
1.9073e-05
0.0000e+00
2.1935e-05
0.0000e+00
1.8835e-05
0.0000e+00
1.9073e-05
0.0000e+00
1.9073e-05
0.0000e+00
2.5988e-05
0.0000e+00
1.9073e-05
0.0000e+00
2.0027e-05
0.0000e+00
2.0027e-05
0.0000e+00
2.0027e-05
0.0000e+00
2.0027e-05
0.0000e+00
1.9073e-05
0.0000e+00
1.8835e-05
0.0000e+00
2.0981e-05
0.0000e+00
2.0027e-05
0.0000e+00
2.0027e-05
0.0000e+00
1.9789e-05
0.0000e+00
2.0027e-05
0.0000e+00
3.2187e-05
0.0000e+00
2.0027e-05
0.0000e+00
1.8835e-05
0.0000e+00
1.9789e-05
0.0000e+00
1.9073e-05
0.0000e+00
1.9073e-05
0.0000e+00
1.8835e-05
0.0000e+00
2.0027e-05
0.0000e+00
1.9073e-05
0.0000e+00
1.9073e-05
0.0000e+00
2.5988e-05
0.0000e+00
1.9789e-05
0.0000e+00
1.9073e-05
0.0000e+00
1.9073e-05
0.0000e+00
1.9073e-05
0.0000e+00
1.9073e-05
0.0000e+00
1.8835e-05
0.0000e+00
1.8120e-05
0.0000e+00
2.0027e-05
0.0000e+00
1.8835e-05
0.0000e+00
1.9073e-05
0.0000e+00
2.2888e-05
0.0000e+00
1.9073e-05
0.0000e+00
1.9073e-05
0.0000e+00
1.8835e-05
0.0000e+00
2.5988e-05
0.0000e+00
2.0027e-05
0.0000e+00
3.3140e-05
0.0000e+00
1.9073e-05
0.0000e+00
1.9789e-05
0.0000e+00
1.8835e-05
0.0000e+00
1.9073e-05
0.0000e+00
2.0027e-05
0.0000e+00
2.0981e-05
0.0000e+00
1.9789e-05
0.0000e+00
2.0027e-05
0.0000e+00
2.0027e-05
0.0000e+00
2.0027e-05
0.0000e+00
3.1948e-05
0.0000e+00
1.9073e-05
0.0000e+00
2.9087e-05
0.0000e+00
1.9073e-05
0.0000e+00
1.8835e-05
0.0000e+00
1.9073e-05
0.0000e+00
1.9073e-05
0.0000e+00
1.7881e-05
0.0000e+00
1.8120e-05
0.0000e+00
2.0027e-05
0.0000e+00
1.9073e-05
0.0000e+00
1.9789e-05
0.0000e+00
1.9073e-05
0.0000e+00
1.9073e-05
0.0000e+00
1.8835e-05
0.0000e+00
2.0027e-05
0.0000e+00
1.9073e-05
0.0000e+00
2.5034e-05
0.0000e+00
2.0027e-05
0.0000e+00
1.8835e-05
0.0000e+00
1.9073e-05
0.0000e+00
2.1935e-05
0.0000e+00
1.9073e-05
0.0000e+00
1.9073e-05
0.0000e+00
2.0027e-05
0.0000e+00
2.7180e-05
0.0000e+00
1.8835e-05
0.0000e+00
3.3140e-05
0.0000e+00
1.9073e-05
0.0000e+00
2.0027e-05
0.0000e+00
1.9789e-05
0.0000e+00
2.0027e-05
0.0000e+00
2.9087e-05
0.0000e+00
2.0981e-05
0.0000e+00
2.0027e-05
0.0000e+00
2.0027e-05
0.0000e+00
1.9789e-05
0.0000e+00
2.0027e-05
0.0000e+00
3.3140e-05
0.0000e+00
1.8835e-05
0.0000e+00
2.6941e-05
0.0000e+00
1.8835e-05
0.0000e+00
1.9073e-05
0.0000e+00
1.9073e-05
0.0000e+00
1.8835e-05
0.0000e+00
1.9073e-05
0.0000e+00
1.9073e-05
0.0000e+00
1.9073e-05
0.0000e+00
2.0027e-05
0.0000e+00
1.8835e-05
0.0000e+00
1.9073e-05
0.0000e+00
1.7881e-05
0.0000e+00
1.7881e-05
0.0000e+00
1.9073e-05
0.0000e+00
1.8835e-05
0.0000e+00
2.5034e-05
0.0000e+00
2.0027e-05
0.0000e+00
1.9073e-05
0.0000e+00
1.8835e-05
0.0000e+00
2.1219e-05
0.0000e+00
1.9073e-05
0.0000e+00
1.9073e-05
0.0000e+00
1.8835e-05
0.0000e+00
2.0027e-05
0.0000e+00
2.0027e-05
0.0000e+00
3.2902e-05
0.0000e+00
1.9073e-05
0.0000e+00
1.9073e-05
0.0000e+00
2.0027e-05
0.0000e+00
1.9789e-05
0.0000e+00
2.5988e-05
0.0000e+00
2.0027e-05
0.0000e+00
2.0027e-05
0.0000e+00
1.8835e-05
0.0000e+00
1.8835e-05
0.0000e+00
1.9073e-05
0.0000e+00
1.9073e-05
0.0000e+00
3.2902e-05
0.0000e+00
2.8133e-05
0.0000e+00
1.8835e-05
0.0000e+00
1.8835e-05
0.0000e+00
1.9073e-05
0.0000e+00
1.9073e-05
0.0000e+00
1.8835e-05
0.0000e+00
2.0027e-05
0.0000e+00
1.9073e-05
0.0000e+00
2.0027e-05
0.0000e+00
1.8835e-05
0.0000e+00
2.0027e-05
0.0000e+00
1.9073e-05
0.0000e+00
1.9073e-05
0.0000e+00
1.8835e-05
0.0000e+00
1.9073e-05
0.0000e+00
2.5988e-05
0.0000e+00
2.0027e-05
0.0000e+00
1.9073e-05
0.0000e+00
1.8835e-05
0.0000e+00
2.2173e-05
0.0000e+00
1.8835e-05
0.0000e+00
1.9073e-05
0.0000e+00
1.9073e-05
0.0000e+00
2.0027e-05
0.0000e+00
1.9073e-05
0.0000e+00
1.9789e-05
0.0000e+00
2.0027e-05
0.0000e+00
2.0027e-05
0.0000e+00
1.9073e-05
0.0000e+00
2.0027e-05
0.0000e+00
2.8849e-05
0.0000e+00
2.0027e-05
0.0000e+00
1.9073e-05
0.0000e+00
1.9073e-05
0.0000e+00
2.0027e-05
0.0000e+00
2.0027e-05
0.0000e+00
3.1948e-05
0.0000e+00
1.9073e-05
0.0000e+00
2.0027e-05
0.0000e+00
1.8835e-05
0.0000e+00
1.9073e-05
0.0000e+00
1.9073e-05
0.0000e+00
2.0027e-05
0.0000e+00
1.7881e-05
0.0000e+00
2.0027e-05
0.0000e+00
2.5034e-05
0.0000e+00
1.8835e-05
0.0000e+00
2.0027e-05
0.0000e+00
1.9073e-05
0.0000e+00
1.9073e-05
0.0000e+00
1.8835e-05
0.0000e+00
1.9073e-05
0.0000e+00
1.8120e-05
0.0000e+00
1.9789e-05
0.0000e+00
2.0027e-05
0.0000e+00
1.9073e-05
0.0000e+00
1.9073e-05
0.0000e+00
2.1935e-05
0.0000e+00
2.0027e-05
0.0000e+00
2.0027e-05
0.0000e+00
2.5988e-05
0.0000e+00
2.0981e-05
0.0000e+00
3.2902e-05
0.0000e+00
2.0027e-05
0.0000e+00
2.0027e-05
0.0000e+00
2.0027e-05
0.0000e+00
2.0027e-05
0.0000e+00
2.0027e-05
0.0000e+00
2.0027e-05
0.0000e+00
2.0027e-05
0.0000e+00
2.0027e-05
0.0000e+00
2.0027e-05
0.0000e+00
1.9073e-05
0.0000e+00
2.0027e-05
0.0000e+00
3.1948e-05
0.0000e+00
2.5034e-05
5.4357e-02
