6.2480e-03
0.0000e+00
1.0204e-04
0.0000e+00
5.7936e-05
0.0000e+00
5.6982e-05
0.0000e+00
5.4121e-05
0.0000e+00
6.3181e-05
0.0000e+00
5.4836e-05
0.0000e+00
6.4135e-05
0.0000e+00
8.6784e-05
0.0000e+00
5.4121e-05
0.0000e+00
5.3883e-05
0.0000e+00
5.1975e-05
0.0000e+00
5.2929e-05
0.0000e+00
5.2929e-05
0.0000e+00
5.2929e-05
0.0000e+00
5.2929e-05
0.0000e+00
5.6982e-05
0.0000e+00
5.3167e-05
0.0000e+00
5.1975e-05
0.0000e+00
5.4121e-05
0.0000e+00
5.3167e-05
0.0000e+00
6.0081e-05
0.0000e+00
5.2929e-05
0.0000e+00
7.5817e-05
0.0000e+00
5.6982e-05
0.0000e+00
5.4121e-05
0.0000e+00
5.1975e-05
0.0000e+00
5.3167e-05
0.0000e+00
5.2214e-05
0.0000e+00
5.4121e-05
0.0000e+00
5.1022e-05
0.0000e+00
5.7936e-05
0.0000e+00
5.2929e-05
0.0000e+00
5.1022e-05
0.0000e+00
5.1022e-05
0.0000e+00
5.9128e-05
0.0000e+00
5.4121e-05
0.0000e+00
5.3167e-05
0.0000e+00
6.6996e-05
0.0000e+00
5.4836e-05
0.0000e+00
5.2214e-05
0.0000e+00
5.4121e-05
0.0000e+00
5.1975e-05
0.0000e+00
5.1975e-05
0.0000e+00
5.1975e-05
0.0000e+00
5.3883e-05
0.0000e+00
7.1049e-05
0.0000e+00
5.3167e-05
0.0000e+00
5.2214e-05
0.0000e+00
5.3167e-05
0.0000e+00
5.4121e-05
0.0000e+00
5.2929e-05
0.0000e+00
5.1975e-05
0.0000e+00
5.1975e-05
0.0000e+00
5.6982e-05
0.0000e+00
5.1975e-05
0.0000e+00
5.1975e-05
0.0000e+00
5.2929e-05
0.0000e+00
5.1975e-05
0.0000e+00
5.1975e-05
0.0000e+00
5.3167e-05
0.0000e+00
7.1049e-05
0.0000e+00
5.3883e-05
0.0000e+00
6.2943e-05
0.0000e+00
9.2983e-05
0.0000e+00
9.2983e-05
0.0000e+00
9.2030e-05
0.0000e+00
9.2030e-05
0.0000e+00
8.9884e-05
0.0000e+00
9.6083e-05
0.0000e+00
8.9884e-05
0.0000e+00
9.1076e-05
0.0000e+00
9.8944e-05
0.0000e+00
9.2030e-05
0.0000e+00
8.9169e-05
0.0000e+00
9.2030e-05
0.0000e+00
1.1301e-04
0.0000e+00
9.4891e-05
0.0000e+00
9.0122e-05
0.0000e+00
9.2030e-05
0.0000e+00
9.9182e-05
0.0000e+00
9.0837e-05
0.0000e+00
9.3937e-05
0.0000e+00
9.1076e-05
0.0000e+00
1.1587e-04
0.0000e+00
9.0837e-05
0.0000e+00
8.9884e-05
0.0000e+00
9.0122e-05
0.0000e+00
7.0095e-05
0.0000e+00
5.3883e-05
0.0000e+00
5.3167e-05
0.0000e+00
5.2929e-05
0.0000e+00
5.6982e-05
0.0000e+00
5.2929e-05
0.0000e+00
5.1975e-05
0.0000e+00
5.2929e-05
0.0000e+00
5.1975e-05
0.0000e+00
5.3167e-05
0.0000e+00
5.2214e-05
0.0000e+00
6.6996e-05
0.0000e+00
5.5075e-05
0.0000e+00
5.2929e-05
0.0000e+00
5.1975e-05
0.0000e+00
6.0081e-05
0.0000e+00
5.2929e-05
0.0000e+00
5.2929e-05
0.0000e+00
5.2929e-05
0.0000e+00
7.2002e-05
0.0000e+00
5.3883e-05
0.0000e+00
5.2929e-05
0.0000e+00
5.1975e-05
0.0000e+00
5.2929e-05
0.0000e+00
5.3167e-05
0.0000e+00
5.2214e-05
0.0000e+00
5.2214e-05
0.0000e+00
5.6982e-05
0.0000e+00
5.1975e-05
0.0000e+00
6.1035e-05
0.0000e+00
5.2929e-05
0.0000e+00
5.1022e-05
0.0000e+00
5.1975e-05
0.0000e+00
5.2214e-05
0.0000e+00
6.8188e-05
0.0000e+00
5.3883e-05
0.0000e+00
5.1975e-05
0.0000e+00
5.1975e-05
0.0000e+00
5.1022e-05
0.0000e+00
5.1022e-05
0.0000e+00
5.1022e-05
0.0000e+00
5.1975e-05
0.0000e+00
8.3923e-05
0.0000e+00
1.0109e-04
0.0000e+00
9.1076e-05
0.0000e+00
9.2030e-05
0.0000e+00
9.2030e-05
0.0000e+00
9.2983e-05
0.0000e+00
9.2030e-05
0.0000e+00
9.1791e-05
0.0000e+00
9.8944e-05
0.0000e+00
6.3896e-05
0.0000e+00
5.1975e-05
0.0000e+00
5.1975e-05
0.0000e+00
5.1975e-05
0.0000e+00
5.1975e-05
0.0000e+00
5.2929e-05
0.0000e+00
7.3910e-05
0.0000e+00
5.2929e-05
0.0000e+00
5.5075e-05
0.0000e+00
5.3167e-05
0.0000e+00
5.1975e-05
0.0000e+00
5.1975e-05
0.0000e+00
5.2929e-05
0.0000e+00
5.2929e-05
0.0000e+00
6.3896e-05
0.0000e+00
5.5075e-05
0.0000e+00
5.3167e-05
0.0000e+00
5.1975e-05
0.0000e+00
5.2214e-05
0.0000e+00
5.3167e-05
0.0000e+00
5.3167e-05
0.0000e+00
6.5804e-05
0.0000e+00
5.4121e-05
0.0000e+00
5.3167e-05
0.0000e+00
5.3883e-05
0.0000e+00
5.2929e-05
0.0000e+00
5.1975e-05
0.0000e+00
5.1022e-05
0.0000e+00
5.1975e-05
0.0000e+00
7.7963e-05
0.0000e+00
5.2929e-05
0.0000e+00
5.5075e-05
0.0000e+00
5.3167e-05
0.0000e+00
5.3167e-05
0.0000e+00
5.3167e-05
0.0000e+00
5.3167e-05
0.0000e+00
5.2929e-05
0.0000e+00
5.5075e-05
0.0000e+00
5.2214e-05
0.0000e+00
5.3167e-05
0.0000e+00
5.3167e-05
0.0000e+00
5.1022e-05
0.0000e+00
5.8889e-05
0.0000e+00
1.0204e-04
0.0000e+00
1.1611e-04
0.0000e+00
9.2030e-05
0.0000e+00
9.2030e-05
0.0000e+00
9.1076e-05
0.0000e+00
9.4891e-05
0.0000e+00
9.2983e-05
0.0000e+00
8.8930e-05
0.0000e+00
9.8944e-05
0.0000e+00
9.9182e-05
0.0000e+00
9.1076e-05
0.0000e+00
9.3937e-05
0.0000e+00
9.3222e-05
0.0000e+00
9.6083e-05
0.0000e+00
9.0122e-05
0.0000e+00
8.8215e-05
0.0000e+00
9.8944e-05
0.0000e+00
9.4891e-05
0.0000e+00
9.2030e-05
0.0000e+00
9.2983e-05
0.0000e+00
9.3937e-05
0.0000e+00
8.9169e-05
0.0000e+00
9.1076e-05
0.0000e+00
9.2030e-05
0.0000e+00
9.2983e-05
0.0000e+00
5.4121e-05
0.0000e+00
5.1022e-05
0.0000e+00
5.1975e-05
0.0000e+00
5.1975e-05
0.0000e+00
5.1975e-05
0.0000e+00
5.1022e-05
0.0000e+00
5.1975e-05
0.0000e+00
5.6028e-05
0.0000e+00
5.1975e-05
0.0000e+00
5.2929e-05
0.0000e+00
5.1022e-05
0.0000e+00
5.1975e-05
0.0000e+00
5.0783e-05
0.0000e+00
5.1975e-05
0.0000e+00
6.9141e-05
0.0000e+00
5.4836e-05
0.0000e+00
5.2929e-05
0.0000e+00
5.1975e-05
0.0000e+00
5.1975e-05
0.0000e+00
5.2929e-05
0.0000e+00
5.1975e-05
0.0000e+00
5.1022e-05
0.0000e+00
7.5102e-05
0.0000e+00
5.3883e-05
0.0000e+00
5.2929e-05
0.0000e+00
5.2929e-05
0.0000e+00
5.2929e-05
0.0000e+00
5.2929e-05
0.0000e+00
6.0081e-05
0.0000e+00
5.1975e-05
0.0000e+00
5.6028e-05
0.0000e+00
5.2929e-05
0.0000e+00
5.1022e-05
0.0000e+00
5.1975e-05
0.0000e+00
5.1975e-05
0.0000e+00
5.1975e-05
0.0000e+00
5.2214e-05
0.0000e+00
6.4135e-05
0.0000e+00
5.6028e-05
0.0000e+00
5.1022e-05
0.0000e+00
5.1975e-05
0.0000e+00
5.2214e-05
0.0000e+00
7.4148e-05
0.0000e+00
6.9857e-05
0.0000e+00
5.1975e-05
0.0000e+00
7.7963e-05
0.0000e+00
5.2214e-05
0.0000e+00
5.1975e-05
0.0000e+00
5.2929e-05
0.0000e+00
5.2929e-05
0.0000e+00
5.1975e-05
0.0000e+00
5.2929e-05
0.0000e+00
5.1975e-05
0.0000e+00
5.5075e-05
0.0000e+00
5.2929e-05
0.0000e+00
5.2929e-05
0.0000e+00
5.9843e-05
0.0000e+00
5.2929e-05
0.0000e+00
5.2929e-05
0.0000e+00
5.1975e-05
0.0000e+00
6.6042e-05
0.0000e+00
5.6028e-05
0.0000e+00
5.1975e-05
0.0000e+00
5.2929e-05
0.0000e+00
5.2929e-05
0.0000e+00
5.4121e-05
0.0000e+00
5.1975e-05
0.0000e+00
5.2929e-05
0.0000e+00
7.1049e-05
0.0000e+00
5.2929e-05
0.0000e+00
5.8889e-05
0.0000e+00
5.2929e-05
0.0000e+00
5.1975e-05
0.0000e+00
5.1975e-05
0.0000e+00
5.2929e-05
0.0000e+00
5.2929e-05
0.0000e+00
5.6982e-05
0.0000e+00
5.2929e-05
0.0000e+00
5.2929e-05
0.0000e+00
5.1022e-05
0.0000e+00
5.1975e-05
0.0000e+00
5.2929e-05
0.0000e+00
5.1975e-05
0.0000e+00
6.8903e-05
0.0000e+00
8.5115e-05
0.0000e+00
9.3937e-05
0.0000e+00
9.4175e-05
0.0000e+00
9.4891e-05
0.0000e+00
9.2030e-05
0.0000e+00
9.0837e-05
0.0000e+00
9.1791e-05
0.0000e+00
9.4891e-05
0.0000e+00
7.8917e-05
0.0000e+00
6.0081e-05
0.0000e+00
5.2214e-05
0.0000e+00
5.3167e-05
0.0000e+00
5.1022e-05
0.0000e+00
5.2929e-05
0.0000e+00
5.2929e-05
0.0000e+00
5.6028e-05
0.0000e+00
5.1975e-05
0.0000e+00
5.1975e-05
0.0000e+00
5.2929e-05
0.0000e+00
5.2929e-05
0.0000e+00
5.2929e-05
0.0000e+00
5.1975e-05
0.0000e+00
7.2956e-05
0.0000e+00
6.1035e-05
0.0000e+00
5.2929e-05
0.0000e+00
5.1975e-05
0.0000e+00
5.6028e-05
0.0000e+00
5.1022e-05
0.0000e+00
5.1022e-05
0.0000e+00
5.1022e-05
0.0000e+00
5.6028e-05
0.0000e+00
5.1975e-05
0.0000e+00
5.3883e-05
0.0000e+00
5.2929e-05
0.0000e+00
5.2929e-05
0.0000e+00
5.1975e-05
0.0000e+00
5.1975e-05
0.0000e+00
7.2956e-05
0.0000e+00
5.6982e-05
0.0000e+00
5.2929e-05
0.0000e+00
5.1022e-05
0.0000e+00
5.2929e-05
0.0000e+00
5.0783e-05
0.0000e+00
5.1975e-05
0.0000e+00
5.3167e-05
0.0000e+00
6.6996e-05
0.0000e+00
5.2929e-05
0.0000e+00
5.1975e-05
0.0000e+00
5.1975e-05
0.0000e+00
5.1022e-05
0.0000e+00
5.1975e-05
0.0000e+00
6.4135e-05
0.0000e+00
9.1791e-05
0.0000e+00
9.4891e-05
0.0000e+00
9.2030e-05
0.0000e+00
9.2983e-05
0.0000e+00
9.2030e-05
0.0000e+00
9.2983e-05
0.0000e+00
9.2030e-05
0.0000e+00
8.8930e-05
0.0000e+00
8.3923e-05
0.0000e+00
5.4121e-05
0.0000e+00
5.3167e-05
0.0000e+00
5.1022e-05
0.0000e+00
5.1975e-05
0.0000e+00
5.2929e-05
0.0000e+00
5.1022e-05
0.0000e+00
5.2214e-05
0.0000e+00
5.4836e-05
0.0000e+00
5.1975e-05
0.0000e+00
5.1975e-05
0.0000e+00
5.2929e-05
0.0000e+00
5.1975e-05
0.0000e+00
5.1975e-05
0.0000e+00
9.9897e-05
0.0000e+00
1.1396e-04
0.0000e+00
9.2030e-05
0.0000e+00
9.2983e-05
0.0000e+00
9.2030e-05
0.0000e+00
9.2030e-05
0.0000e+00
9.0837e-05
0.0000e+00
9.2983e-05
0.0000e+00
6.9857e-05
0.0000e+00
5.6028e-05
0.0000e+00
5.4121e-05
0.0000e+00
5.2929e-05
0.0000e+00
5.1975e-05
0.0000e+00
5.2929e-05
0.0000e+00
5.1975e-05
0.0000e+00
5.1975e-05
0.0000e+00
6.8188e-05
0.0000e+00
5.4121e-05
0.0000e+00
5.2929e-05
0.0000e+00
5.2929e-05
0.0000e+00
5.2929e-05
0.0000e+00
5.1975e-05
0.0000e+00
5.6982e-05
0.0000e+00
5.2929e-05
0.0000e+00
5.6982e-05
0.0000e+00
5.3883e-05
0.0000e+00
5.1975e-05
0.0000e+00
5.2929e-05
0.0000e+00
5.1975e-05
0.0000e+00
5.1022e-05
0.0000e+00
5.1975e-05
0.0000e+00
6.4850e-05
0.0000e+00
5.6028e-05
0.0000e+00
5.1975e-05
0.0000e+00
5.2929e-05
0.0000e+00
5.2929e-05
0.0000e+00
5.2929e-05
0.0000e+00
6.0081e-05
0.0000e+00
5.1022e-05
0.0000e+00
7.0095e-05
0.0000e+00
5.4121e-05
0.0000e+00
5.1975e-05
0.0000e+00
5.2214e-05
0.0000e+00
5.1975e-05
0.0000e+00
5.2929e-05
0.0000e+00
5.1022e-05
0.0000e+00
5.1975e-05
0.0000e+00
5.6028e-05
0.0000e+00
5.2214e-05
0.0000e+00
5.1975e-05
0.0000e+00
5.1975e-05
0.0000e+00
5.9128e-05
0.0000e+00
5.2929e-05
0.0000e+00
5.1022e-05
0.0000e+00
7.7963e-05
0.0000e+00
5.3883e-05
0.0000e+00
5.2929e-05
0.0000e+00
5.1975e-05
0.0000e+00
5.1975e-05
0.0000e+00
5.1975e-05
0.0000e+00
5.2929e-05
0.0000e+00
5.2929e-05
0.0000e+00
5.5075e-05
0.0000e+00
5.1975e-05
0.0000e+00
5.3167e-05
0.0000e+00
6.0081e-05
0.0000e+00
5.1975e-05
0.0000e+00
5.2929e-05
0.0000e+00
5.1975e-05
0.0000e+00
7.1049e-05
0.0000e+00
5.3167e-05
0.0000e+00
5.3167e-05
0.0000e+00
5.3167e-05
0.0000e+00
5.1975e-05
0.0000e+00
5.2929e-05
0.0000e+00
5.2214e-05
0.0000e+00
5.1975e-05
0.0000e+00
5.6028e-05
0.0000e+00
5.1022e-05
0.0000e+00
5.1975e-05
0.0000e+00
5.1975e-05
0.0000e+00
5.2929e-05
0.0000e+00
5.1975e-05
0.0000e+00
5.2929e-05
0.0000e+00
6.7949e-05
0.0000e+00
5.2929e-05
0.0000e+00
5.2929e-05
0.0000e+00
5.1975e-05
0.0000e+00
5.2929e-05
0.0000e+00
5.2929e-05
0.0000e+00
5.1022e-05
0.0000e+00
5.1975e-05
0.0000e+00
7.6056e-05
0.0000e+00
6.0081e-05
0.0000e+00
9.9897e-05
0.0000e+00
9.0837e-05
0.0000e+00
9.2983e-05
0.0000e+00
9.2030e-05
0.0000e+00
9.2983e-05
0.0000e+00
9.2030e-05
0.0000e+00
9.7036e-05
0.0000e+00
9.2983e-05
0.0000e+00
1.0014e-04
0.0000e+00
9.2983e-05
0.0000e+00
9.3937e-05
0.0000e+00
9.1791e-05
0.0000e+00
9.2030e-05
0.0000e+00
1.1802e-04
0.0000e+00
9.2983e-05
0.0000e+00
9.2983e-05
0.0000e+00
6.1989e-05
0.0000e+00
5.1975e-05
0.0000e+00
5.3167e-05
0.0000e+00
5.2929e-05
0.0000e+00
5.1975e-05
0.0000e+00
7.5102e-05
0.0000e+00
5.3883e-05
0.0000e+00
5.1975e-05
0.0000e+00
5.1975e-05
0.0000e+00
5.2929e-05
0.0000e+00
5.2929e-05
0.0000e+00
5.1975e-05
0.0000e+00
5.3167e-05
0.0000e+00
5.6028e-05
0.0000e+00
5.8889e-05
0.0000e+00
5.4121e-05
0.0000e+00
5.3167e-05
0.0000e+00
5.3167e-05
0.0000e+00
5.1975e-05
0.0000e+00
5.3167e-05
0.0000e+00
6.9141e-05
0.0000e+00
5.2929e-05
0.0000e+00
5.3883e-05
0.0000e+00
5.2929e-05
0.0000e+00
5.1975e-05
0.0000e+00
5.2929e-05
0.0000e+00
5.1975e-05
0.0000e+00
5.2929e-05
0.0000e+00
5.5075e-05
0.0000e+00
5.3883e-05
0.0000e+00
5.1975e-05
0.0000e+00
5.1975e-05
0.0000e+00
5.1975e-05
0.0000e+00
5.1975e-05
0.0000e+00
5.1975e-05
0.0000e+00
7.0095e-05
0.0000e+00
5.3883e-05
0.0000e+00
5.2929e-05
0.0000e+00
5.2929e-05
0.0000e+00
5.2929e-05
0.0000e+00
5.1975e-05
0.0000e+00
5.1975e-05
0.0000e+00
5.1022e-05
0.0000e+00
6.2943e-05
0.0000e+00
5.3883e-05
0.0000e+00
5.2929e-05
0.0000e+00
5.2929e-05
0.0000e+00
5.1975e-05
0.0000e+00
5.1975e-05
0.0000e+00
5.2214e-05
0.0000e+00
6.5088e-05
0.0000e+00
5.5790e-05
0.0000e+00
5.2929e-05
0.0000e+00
5.1975e-05
0.0000e+00
5.2929e-05
0.0000e+00
5.2929e-05
0.0000e+00
5.2929e-05
0.0000e+00
5.2929e-05
0.0000e+00
7.0810e-05
0.0000e+00
5.1975e-05
0.0000e+00
5.1975e-05
0.0000e+00
5.3883e-05
0.0000e+00
5.1975e-05
0.0000e+00
5.1022e-05
0.0000e+00
5.0783e-05
0.0000e+00
5.1975e-05
0.0000e+00
5.6028e-05
0.0000e+00
5.1975e-05
0.0000e+00
5.1975e-05
0.0000e+00
5.1975e-05
0.0000e+00
5.1022e-05
0.0000e+00
5.1975e-05
0.0000e+00
5.9843e-05
0.0000e+00
7.1049e-05
0.0000e+00
5.2929e-05
0.0000e+00
5.1975e-05
0.0000e+00
5.1022e-05
0.0000e+00
5.1975e-05
0.0000e+00
5.2929e-05
0.0000e+00
5.1975e-05
0.0000e+00
5.2214e-05
0.0000e+00
5.6028e-05
0.0000e+00
5.1975e-05
0.0000e+00
5.1975e-05
0.0000e+00
5.5790e-05
0.0000e+00
5.1975e-05
0.0000e+00
9.0122e-05
0.0000e+00
9.0837e-05
0.0000e+00
1.1778e-04
0.0000e+00
9.3222e-05
0.0000e+00
9.1076e-05
0.0000e+00
9.2030e-05
0.0000e+00
9.1076e-05
0.0000e+00
9.2983e-05
0.0000e+00
7.0810e-05
0.0000e+00
5.3167e-05
0.0000e+00
8.2016e-05
0.0000e+00
5.2929e-05
0.0000e+00
5.1975e-05
0.0000e+00
5.2929e-05
0.0000e+00
5.1975e-05
0.0000e+00
5.2929e-05
0.0000e+00
5.1975e-05
0.0000e+00
5.1975e-05
0.0000e+00
5.6028e-05
0.0000e+00
5.1022e-05
0.0000e+00
5.1975e-05
0.0000e+00
5.1975e-05
0.0000e+00
5.1975e-05
0.0000e+00
6.0797e-05
0.0000e+00
5.1975e-05
0.0000e+00
7.7963e-05
0.0000e+00
5.4121e-05
0.0000e+00
5.1022e-05
0.0000e+00
5.1022e-05
0.0000e+00
5.2929e-05
0.0000e+00
5.1975e-05
0.0000e+00
5.2929e-05
0.0000e+00
5.1975e-05
0.0000e+00
5.6028e-05
0.0000e+00
5.1975e-05
0.0000e+00
5.2929e-05
0.0000e+00
5.1975e-05
0.0000e+00
6.1035e-05
0.0000e+00
5.3167e-05
0.0000e+00
5.2214e-05
0.0000e+00
6.7949e-05
0.0000e+00
5.6028e-05
0.0000e+00
5.1975e-05
0.0000e+00
5.3167e-05
0.0000e+00
5.2214e-05
0.0000e+00
5.2214e-05
0.0000e+00
5.3167e-05
0.0000e+00
5.3167e-05
0.0000e+00
7.0095e-05
0.0000e+00
5.3883e-05
0.0000e+00
5.1975e-05
0.0000e+00
6.0081e-05
0.0000e+00
5.4121e-05
0.0000e+00
5.1975e-05
0.0000e+00
5.3167e-05
0.0000e+00
5.2214e-05
0.0000e+00
5.6982e-05
0.0000e+00
5.1975e-05
0.0000e+00
5.1975e-05
0.0000e+00
5.2929e-05
0.0000e+00
5.2929e-05
0.0000e+00
5.2929e-05
0.0000e+00
5.2929e-05
0.0000e+00
7.0095e-05
0.0000e+00
5.4121e-05
0.0000e+00
5.3167e-05
0.0000e+00
5.3883e-05
0.0000e+00
5.2929e-05
0.0000e+00
5.1975e-05
0.0000e+00
5.1022e-05
0.0000e+00
5.1975e-05
0.0000e+00
5.5075e-05
0.0000e+00
5.1975e-05
0.0000e+00
5.3883e-05
0.0000e+00
5.2929e-05
0.0000e+00
5.1975e-05
0.0000e+00
5.2929e-05
0.0000e+00
5.2929e-05
0.0000e+00
6.6996e-05
0.0000e+00
5.4836e-05
0.0000e+00
5.9128e-05
0.0000e+00
5.2929e-05
0.0000e+00
5.1975e-05
0.0000e+00
5.2929e-05
0.0000e+00
5.1975e-05
0.0000e+00
5.0783e-05
0.0000e+00
6.8188e-05
0.0000e+00
5.2929e-05
0.0000e+00
5.3883e-05
0.0000e+00
5.1975e-05
0.0000e+00
5.1022e-05
0.0000e+00
5.3883e-05
0.0000e+00
5.1975e-05
0.0000e+00
6.7949e-05
0.0000e+00
6.2943e-05
0.0000e+00
5.4121e-05
0.0000e+00
5.3167e-05
0.0000e+00
5.3167e-05
0.0000e+00
5.3167e-05
0.0000e+00
5.1975e-05
0.0000e+00
5.3167e-05
0.0000e+00
6.8903e-05
0.0000e+00
5.2929e-05
0.0000e+00
5.2929e-05
0.0000e+00
5.1975e-05
0.0000e+00
5.2929e-05
0.0000e+00
5.2929e-05
0.0000e+00
5.1975e-05
0.0000e+00
5.1022e-05
0.0000e+00
5.6028e-05
0.0000e+00
5.3883e-05
0.0000e+00
5.2929e-05
0.0000e+00
5.2929e-05
0.0000e+00
5.2929e-05
0.0000e+00
5.1975e-05
0.0000e+00
5.1022e-05
0.0000e+00
6.9857e-05
0.0000e+00
5.2929e-05
0.0000e+00
5.2929e-05
0.0000e+00
5.1975e-05
0.0000e+00
5.1975e-05
0.0000e+00
5.2929e-05
0.0000e+00
6.1989e-05
0.0000e+00
1.0014e-04
0.0000e+00
9.5129e-05
0.0000e+00
9.3937e-05
0.0000e+00
9.4175e-05
0.0000e+00
9.1076e-05
0.0000e+00
9.1076e-05
0.0000e+00
9.0122e-05
0.0000e+00
9.2030e-05
0.0000e+00
8.4877e-05
0.0000e+00
5.2929e-05
0.0000e+00
5.2929e-05
0.0000e+00
5.2929e-05
0.0000e+00
5.1975e-05
0.0000e+00
5.1975e-05
0.0000e+00
5.1975e-05
0.0000e+00
5.1975e-05
0.0000e+00
5.6028e-05
0.0000e+00
5.2214e-05
0.0000e+00
5.2214e-05
0.0000e+00
5.1022e-05
0.0000e+00
5.2929e-05
0.0000e+00
5.1975e-05
0.0000e+00
6.1989e-05
0.0000e+00
6.8903e-05
0.0000e+00
5.6028e-05
0.0000e+00
5.2929e-05
0.0000e+00
5.1975e-05
0.0000e+00
5.2214e-05
0.0000e+00
5.3167e-05
0.0000e+00
5.3167e-05
0.0000e+00
5.1975e-05
0.0000e+00
6.9141e-05
0.0000e+00
5.3167e-05
0.0000e+00
5.3167e-05
0.0000e+00
5.1975e-05
0.0000e+00
5.6982e-05
0.0000e+00
5.1975e-05
0.0000e+00
5.2929e-05
0.0000e+00
7.2002e-05
0.0000e+00
5.6028e-05
0.0000e+00
5.2214e-05
0.0000e+00
5.1975e-05
0.0000e+00
5.1022e-05
0.0000e+00
5.1975e-05
0.0000e+00
5.1975e-05
0.0000e+00
5.2929e-05
0.0000e+00
6.7949e-05
0.0000e+00
5.1975e-05
0.0000e+00
5.1975e-05
0.0000e+00
5.1975e-05
0.0000e+00
5.1975e-05
0.0000e+00
6.0081e-05
0.0000e+00
5.3167e-05
0.0000e+00
5.3167e-05
0.0000e+00
5.6028e-05
0.0000e+00
5.2929e-05
0.0000e+00
5.1975e-05
0.0000e+00
5.2929e-05
0.0000e+00
5.1022e-05
0.0000e+00
5.1975e-05
0.0000e+00
5.2929e-05
0.0000e+00
6.8903e-05
0.0000e+00
5.2929e-05
0.0000e+00
5.1975e-05
0.0000e+00
5.1975e-05
0.0000e+00
5.7936e-05
0.0000e+00
5.2929e-05
0.0000e+00
5.1975e-05
0.0000e+00
5.1975e-05
0.0000e+00
5.4836e-05
0.0000e+00
5.1975e-05
0.0000e+00
5.2929e-05
0.0000e+00
5.1975e-05
0.0000e+00
5.1022e-05
0.0000e+00
5.2214e-05
0.0000e+00
5.3167e-05
0.0000e+00
6.9141e-05
0.0000e+00
5.2214e-05
0.0000e+00
5.4121e-05
0.0000e+00
5.3167e-05
0.0000e+00
5.2929e-05
0.0000e+00
5.1022e-05
0.0000e+00
5.3167e-05
0.0000e+00
5.1975e-05
0.0000e+00
5.5075e-05
0.0000e+00
5.1975e-05
0.0000e+00
5.0783e-05
0.0000e+00
5.2929e-05
0.0000e+00
5.1975e-05
0.0000e+00
5.2929e-05
0.0000e+00
5.2929e-05
0.0000e+00
6.8903e-05
0.0000e+00
5.2929e-05
0.0000e+00
5.8889e-05
0.0000e+00
9.7990e-05
0.0000e+00
9.1791e-05
0.0000e+00
9.2983e-05
0.0000e+00
9.0122e-05
0.0000e+00
9.2983e-05
0.0000e+00
1.1277e-04
0.0000e+00
9.3937e-05
0.0000e+00
9.4891e-05
0.0000e+00
6.6042e-05
0.0000e+00
5.1975e-05
0.0000e+00
5.1975e-05
0.0000e+00
5.1022e-05
0.0000e+00
5.1975e-05
0.0000e+00
5.6028e-05
0.0000e+00
5.2929e-05
0.0000e+00
5.1022e-05
0.0000e+00
5.1975e-05
0.0000e+00
5.1022e-05
0.0000e+00
5.1975e-05
0.0000e+00
5.2214e-05
0.0000e+00
7.0095e-05
0.0000e+00
5.3883e-05
0.0000e+00
5.1975e-05
0.0000e+00
5.9843e-05
0.0000e+00
5.1975e-05
0.0000e+00
5.1975e-05
0.0000e+00
5.1975e-05
0.0000e+00
5.3167e-05
0.0000e+00
6.8188e-05
0.0000e+00
5.3167e-05
0.0000e+00
5.1975e-05
0.0000e+00
5.2929e-05
0.0000e+00
5.1975e-05
0.0000e+00
5.1022e-05
0.0000e+00
5.1975e-05
0.0000e+00
5.2929e-05
0.0000e+00
5.7936e-05
0.0000e+00
5.8889e-05
0.0000e+00
5.2929e-05
0.0000e+00
5.2929e-05
0.0000e+00
5.3883e-05
0.0000e+00
5.1975e-05
0.0000e+00
5.2929e-05
0.0000e+00
7.1049e-05
0.0000e+00
5.2929e-05
0.0000e+00
5.1975e-05
0.0000e+00
5.3167e-05
0.0000e+00
5.1975e-05
0.0000e+00
5.4121e-05
0.0000e+00
5.1975e-05
0.0000e+00
5.1975e-05
0.0000e+00
9.4891e-05
0.0000e+00
9.2983e-05
0.0000e+00
9.4891e-05
0.0000e+00
9.3937e-05
0.0000e+00
9.2983e-05
0.0000e+00
9.2983e-05
0.0000e+00
9.3937e-05
0.0000e+00
1.2302e-04
0.0000e+00
7.2956e-05
0.0000e+00
5.3883e-05
0.0000e+00
5.4121e-05
0.0000e+00
5.3883e-05
0.0000e+00
5.2929e-05
0.0000e+00
5.1975e-05
0.0000e+00
5.1975e-05
0.0000e+00
7.2956e-05
0.0000e+00
5.2929e-05
0.0000e+00
5.3883e-05
0.0000e+00
5.2929e-05
0.0000e+00
5.1975e-05
0.0000e+00
5.1975e-05
0.0000e+00
5.1975e-05
0.0000e+00
5.2929e-05
0.0000e+00
5.6982e-05
0.0000e+00
5.0783e-05
0.0000e+00
5.1975e-05
0.0000e+00
5.2929e-05
0.0000e+00
5.1975e-05
0.0000e+00
5.2929e-05
0.0000e+00
5.1975e-05
0.0000e+00
6.7949e-05
0.0000e+00
5.3167e-05
0.0000e+00
5.2214e-05
0.0000e+00
5.1975e-05
0.0000e+00
5.2929e-05
0.0000e+00
5.1975e-05
0.0000e+00
5.2929e-05
0.0000e+00
5.7936e-05
0.0000e+00
5.6028e-05
0.0000e+00
5.2929e-05
0.0000e+00
5.2929e-05
0.0000e+00
5.1975e-05
0.0000e+00
5.1975e-05
0.0000e+00
5.1975e-05
0.0000e+00
5.1975e-05
0.0000e+00
6.6042e-05
0.0000e+00
5.6028e-05
0.0000e+00
5.2929e-05
0.0000e+00
5.1975e-05
0.0000e+00
5.1975e-05
0.0000e+00
5.1975e-05
0.0000e+00
5.2929e-05
0.0000e+00
5.7936e-05
0.0000e+00
7.2002e-05
0.0000e+00
5.1975e-05
0.0000e+00
5.1975e-05
0.0000e+00
5.1975e-05
0.0000e+00
5.1975e-05
0.0000e+00
5.2929e-05
0.0000e+00
5.1975e-05
0.0000e+00
5.1022e-05
0.0000e+00
5.6028e-05
0.0000e+00
5.2214e-05
0.0000e+00
5.3167e-05
0.0000e+00
5.2929e-05
0.0000e+00
5.1975e-05
0.0000e+00
5.7936e-05
0.0000e+00
5.2929e-05
0.0000e+00
7.1049e-05
0.0000e+00
5.1975e-05
0.0000e+00
5.2929e-05
0.0000e+00
5.1975e-05
0.0000e+00
5.1975e-05
0.0000e+00
5.1975e-05
0.0000e+00
5.1975e-05
0.0000e+00
5.1975e-05
0.0000e+00
5.6028e-05
0.0000e+00
5.2929e-05
0.0000e+00
5.1975e-05
0.0000e+00
5.3167e-05
0.0000e+00
9.2983e-05
0.0000e+00
8.9884e-05
0.0000e+00
9.5129e-05
0.0000e+00
1.2708e-04
0.0000e+00
9.0837e-05
0.0000e+00
9.0837e-05
0.0000e+00
8.9884e-05
0.0000e+00
9.2030e-05
0.0000e+00
7.2956e-05
0.0000e+00
5.5075e-05
0.0000e+00
5.1975e-05
0.0000e+00
5.5790e-05
0.0000e+00
5.1975e-05
0.0000e+00
5.2929e-05
0.0000e+00
5.2929e-05
0.0000e+00
5.1022e-05
0.0000e+00
5.1022e-05
0.0000e+00
5.1022e-05
0.0000e+00
7.2002e-05
0.0000e+00
5.2929e-05
0.0000e+00
5.2929e-05
0.0000e+00
5.1975e-05
0.0000e+00
5.6028e-05
0.0000e+00
5.4121e-05
0.0000e+00
5.1022e-05
0.0000e+00
5.3167e-05
0.0000e+00
5.6028e-05
0.0000e+00
5.1975e-05
0.0000e+00
5.0783e-05
0.0000e+00
5.4121e-05
0.0000e+00
5.1022e-05
0.0000e+00
5.1022e-05
0.0000e+00
5.1975e-05
0.0000e+00
6.7949e-05
0.0000e+00
5.3883e-05
0.0000e+00
5.3883e-05
0.0000e+00
5.1975e-05
0.0000e+00
6.1035e-05
0.0000e+00
5.2214e-05
0.0000e+00
5.1975e-05
0.0000e+00
5.1975e-05
0.0000e+00
5.6028e-05
0.0000e+00
5.2214e-05
0.0000e+00
5.2929e-05
0.0000e+00
5.1975e-05
0.0000e+00
5.1975e-05
0.0000e+00
5.1975e-05
0.0000e+00
5.3883e-05
0.0000e+00
6.7949e-05
0.0000e+00
5.5075e-05
0.0000e+00
5.5075e-05
0.0000e+00
5.9843e-05
0.0000e+00
5.2929e-05
0.0000e+00
5.2929e-05
0.0000e+00
5.1975e-05
0.0000e+00
5.2929e-05
0.0000e+00
6.7949e-05
0.0000e+00
5.4121e-05
0.0000e+00
5.1022e-05
0.0000e+00
5.1975e-05
0.0000e+00
5.1975e-05
0.0000e+00
5.1022e-05
0.0000e+00
5.1975e-05
0.0000e+00
5.1975e-05
0.0000e+00
5.6028e-05
0.0000e+00
5.1975e-05
0.0000e+00
5.8889e-05
0.0000e+00
5.1975e-05
0.0000e+00
5.1975e-05
0.0000e+00
5.3167e-05
0.0000e+00
5.2214e-05
0.0000e+00
6.9141e-05
0.0000e+00
5.1975e-05
0.0000e+00
5.3167e-05
0.0000e+00
5.1022e-05
0.0000e+00
5.1975e-05
0.0000e+00
5.2929e-05
0.0000e+00
5.1975e-05
0.0000e+00
5.1022e-05
0.0000e+00
7.0810e-05
0.0000e+00
6.1035e-05
0.0000e+00
5.1975e-05
0.0000e+00
5.1022e-05
0.0000e+00
5.1975e-05
0.0000e+00
5.1022e-05
0.0000e+00
5.1975e-05
0.0000e+00
5.1022e-05
0.0000e+00
5.6028e-05
0.0000e+00
5.2929e-05
0.0000e+00
5.1975e-05
0.0000e+00
5.1975e-05
0.0000e+00
5.3167e-05
8.3610e-02
