3.4771e-03
4.6570e-03
2.8610e-06
4.0531e-06
4.1962e-05
1.1921e-06
2.5988e-05
9.5367e-07
2.3127e-05
0.0000e+00
2.1935e-05
2.3603e-04
2.6941e-05
3.0041e-05
2.2173e-05
2.7895e-05
2.2173e-05
9.5367e-07
2.4080e-05
4.0531e-06
2.1935e-05
3.0994e-05
2.2173e-05
1.2302e-04
2.0981e-05
2.6941e-05
2.2173e-05
2.4796e-05
2.0981e-05
2.4080e-05
2.1935e-05
2.4080e-05
2.9802e-05
1.6212e-05
2.1935e-05
2.1935e-05
2.1935e-05
3.1948e-05
2.1935e-05
2.9087e-05
0.0000e+00
4.2200e-05
2.3842e-05
2.0981e-05
2.0981e-05
2.5034e-05
2.4080e-05
2.0981e-05
3.1948e-05
1.5020e-05
2.1935e-05
1.8001e-04
2.2888e-05
3.5048e-05
2.1935e-05
2.4080e-05
2.2173e-05
2.5988e-05
0.0000e+00
4.1008e-05
2.1935e-05
2.3127e-05
2.1935e-05
2.5988e-05
2.9087e-05
1.6928e-05
2.0981e-05
2.5034e-05
2.1935e-05
3.1948e-05
2.0981e-05
2.2888e-05
2.7180e-05
1.8120e-05
2.1935e-05
1.3251e-03
2.1935e-05
2.8610e-06
2.0981e-05
9.5367e-07
2.2173e-05
9.5367e-07
2.1935e-05
1.1921e-06
2.0981e-05
9.5367e-07
2.1935e-05
2.1458e-06
2.0981e-05
9.5367e-07
2.2173e-05
1.9073e-06
2.1935e-05
3.7217e-04
2.7895e-05
9.5367e-07
2.1935e-05
9.5367e-07
2.2173e-05
9.5367e-07
2.0981e-05
9.5367e-07
2.5034e-05
6.6996e-04
9.5367e-07
1.9073e-06
2.5034e-05
4.7994e-04
9.5367e-07
9.5367e-07
2.3127e-05
0.0000e+00
3.1948e-05
7.1526e-06
9.5367e-07
9.5367e-07
2.2888e-05
8.8930e-05
0.0000e+00
9.5367e-07
2.3127e-05
4.7922e-05
2.2888e-05
2.1458e-06
2.0981e-05
9.5367e-07
2.0981e-05
9.5367e-07
2.1935e-05
9.5367e-07
2.1935e-05
1.9312e-04
2.1935e-05
9.0599e-06
2.2173e-05
8.4877e-05
2.2173e-05
1.9073e-06
2.1935e-05
9.5367e-07
2.0981e-05
2.8610e-06
2.0981e-05
9.5367e-07
2.9087e-05
9.5367e-07
2.1935e-05
9.5367e-07
2.1935e-05
9.5367e-07
2.2173e-05
3.1090e-04
2.1935e-05
6.4135e-05
2.1935e-05
2.1458e-06
2.0981e-05
9.5367e-07
2.2173e-05
2.3794e-04
0.0000e+00
9.5367e-07
2.7180e-05
9.5367e-07
2.1935e-05
1.1921e-06
2.1935e-05
9.5367e-07
2.0981e-05
0.0000e+00
2.1219e-05
0.0000e+00
2.0981e-05
7.1049e-05
2.1935e-05
1.9073e-06
2.7895e-05
9.5367e-07
2.1935e-05
9.5367e-07
2.0981e-05
2.2411e-04
0.0000e+00
0.0000e+00
2.2173e-05
0.0000e+00
2.0981e-05
0.0000e+00
2.0981e-05
2.3985e-04
2.1935e-05
1.9073e-06
3.0041e-05
5.1022e-05
9.5367e-07
1.1921e-06
2.1935e-05
9.5367e-07
2.0981e-05
9.5367e-07
2.0981e-05
1.0109e-04
0.0000e+00
2.8610e-06
0.0000e+00
5.0068e-06
2.2888e-05
7.2002e-05
0.0000e+00
3.5882e-04
1.1921e-06
1.1921e-06
3.0994e-05
4.0531e-06
0.0000e+00
9.5367e-07
2.2888e-05
1.1921e-06
2.0981e-05
0.0000e+00
2.0981e-05
9.5367e-07
2.0981e-05
9.5367e-07
2.0981e-05
9.5367e-07
2.0981e-05
9.5367e-07
2.9087e-05
9.5367e-07
2.3127e-05
6.2799e-04
0.0000e+00
9.5367e-07
2.3127e-05
4.4107e-05
2.0981e-05
4.9114e-05
2.1935e-05
1.9073e-06
2.1935e-05
9.5367e-07
2.0981e-05
1.5998e-04
2.0981e-05
3.0994e-05
2.1935e-05
9.5367e-07
2.2173e-05
5.7936e-05
0.0000e+00
2.1458e-06
0.0000e+00
1.7285e-04
0.0000e+00
9.5367e-07
2.1935e-05
2.1458e-06
0.0000e+00
2.8610e-06
2.3127e-05
9.5367e-07
2.1935e-05
1.1921e-06
2.8849e-05
9.5367e-07
2.1935e-05
9.5367e-07
2.0981e-05
9.5367e-07
2.1935e-05
2.1791e-04
2.2173e-05
1.0014e-05
2.1935e-05
2.1100e-04
0.0000e+00
1.1921e-06
2.2888e-05
0.0000e+00
2.9802e-05
9.5367e-07
2.1935e-05
0.0000e+00
2.2173e-05
9.5367e-07
2.1935e-05
3.0994e-06
2.2173e-05
1.5783e-04
2.1935e-05
3.6955e-05
2.0981e-05
2.5034e-05
2.2173e-05
2.3794e-04
0.0000e+00
0.0000e+00
2.1935e-05
0.0000e+00
2.0981e-05
1.1921e-06
2.0981e-05
9.5367e-07
2.0981e-05
3.0994e-06
2.4080e-05
9.5367e-07
2.0981e-05
1.7619e-04
0.0000e+00
9.5367e-07
3.0994e-05
9.5367e-07
2.1219e-05
5.9605e-06
2.1935e-05
2.5034e-05
2.0981e-05
2.3127e-05
2.0981e-05
2.4080e-05
2.1935e-05
2.6202e-04
2.0981e-05
3.5048e-05
2.1935e-05
1.8835e-05
2.3127e-05
1.6928e-05
0.0000e+00
1.7881e-05
2.3127e-05
9.5367e-07
2.2173e-05
9.5367e-07
2.5034e-05
1.9002e-04
0.0000e+00
9.5367e-07
2.1935e-05
9.5367e-07
2.1935e-05
9.5367e-07
2.1935e-05
9.5367e-07
2.3127e-05
9.5367e-07
2.0981e-05
7.6008e-04
0.0000e+00
9.5367e-07
2.3127e-05
9.5367e-07
2.1935e-05
9.5367e-07
2.3127e-05
9.5367e-07
2.1935e-05
1.9908e-04
0.0000e+00
2.1935e-05
0.0000e+00
1.0967e-05
2.2888e-05
1.9813e-04
9.5367e-07
9.5367e-07
2.2173e-05
2.8610e-06
0.0000e+00
0.0000e+00
2.0981e-05
9.6083e-05
2.2888e-05
9.5367e-07
2.2173e-05
9.5367e-07
2.0981e-05
1.1921e-06
3.1948e-05
2.2101e-04
9.5367e-07
9.5367e-07
2.3127e-05
1.5783e-04
0.0000e+00
4.0531e-06
9.5367e-07
2.5988e-05
0.0000e+00
9.5367e-07
2.1935e-05
9.5367e-07
2.1935e-05
9.5367e-07
2.1935e-05
1.1921e-06
2.0981e-05
4.0531e-06
3.0041e-05
2.6894e-04
0.0000e+00
5.0068e-06
2.2173e-05
2.2888e-05
2.0981e-05
2.2888e-05
0.0000e+00
2.1935e-05
2.1935e-05
2.7180e-05
2.1935e-05
2.5034e-05
2.0981e-05
9.5367e-07
2.1219e-05
1.9073e-06
2.3127e-05
3.3498e-04
2.1935e-05
2.5988e-05
2.2173e-05
2.3842e-05
2.0981e-05
2.7180e-05
0.0000e+00
4.3869e-05
2.3127e-05
4.1008e-05
3.2902e-05
2.1458e-06
3.6955e-05
2.1458e-06
4.1962e-05
5.0068e-06
3.9101e-05
1.9073e-06
3.8147e-05
2.0981e-04
9.5367e-07
5.8889e-05
1.1921e-06
1.1921e-06
3.7909e-05
9.3937e-05
0.0000e+00
9.5367e-07
3.6955e-05
9.5367e-07
3.6955e-05
1.9073e-06
3.7193e-05
2.1458e-06
3.6955e-05
1.1301e-04
1.1921e-06
9.5367e-07
2.5034e-05
9.5367e-07
2.1935e-05
2.1458e-06
0.0000e+00
1.9097e-04
0.0000e+00
3.8147e-06
0.0000e+00
0.0000e+00
2.3842e-05
1.1921e-06
2.1935e-05
9.5367e-07
2.2173e-05
9.5367e-07
2.1935e-05
9.5367e-07
2.2173e-05
9.5367e-07
2.1935e-05
9.5367e-07
2.0981e-05
3.1686e-04
0.0000e+00
9.5367e-07
2.1935e-05
2.3317e-04
0.0000e+00
0.0000e+00
3.4094e-05
1.9073e-06
2.3127e-05
9.5367e-07
2.0981e-05
1.5712e-04
9.5367e-07
3.0994e-06
9.5367e-07
9.5367e-07
2.2888e-05
1.3709e-04
0.0000e+00
9.5367e-07
2.2173e-05
9.5367e-07
2.0981e-05
0.0000e+00
2.7180e-05
9.5367e-07
2.3127e-05
9.5367e-07
2.0981e-05
1.6809e-04
2.1935e-05
9.5367e-07
2.1219e-05
1.8287e-04
0.0000e+00
9.5367e-07
2.3127e-05
9.5367e-07
2.0981e-05
1.2159e-05
9.5367e-07
9.5367e-07
3.0994e-05
2.1458e-06
2.1935e-05
2.9588e-04
0.0000e+00
9.5367e-07
2.1935e-05
9.5367e-07
2.2173e-05
9.5367e-07
2.1935e-05
9.5367e-07
2.0981e-05
9.5367e-07
2.0981e-05
9.5367e-07
3.0041e-05
2.1458e-06
2.1935e-05
9.5367e-07
2.0981e-05
2.2507e-04
0.0000e+00
9.5367e-07
2.1935e-05
9.5367e-07
2.1935e-05
0.0000e+00
2.0981e-05
3.8147e-06
2.2173e-05
9.5367e-07
3.0041e-05
9.5367e-07
2.0981e-05
9.5367e-07
2.0981e-05
9.5367e-07
2.1935e-05
9.5367e-07
2.1219e-05
4.9996e-04
2.1935e-05
2.5988e-05
2.0981e-05
3.7909e-05
0.0000e+00
4.0054e-05
2.9087e-05
1.0014e-05
3.7909e-05
3.8147e-06
0.0000e+00
4.0531e-06
4.1962e-05
1.9073e-06
3.7193e-05
4.0531e-06
3.6001e-05
1.9383e-04
0.0000e+00
1.9073e-06
4.0054e-05
9.5367e-07
3.7909e-05
9.5367e-07
3.9101e-05
9.5367e-07
3.7193e-05
9.5367e-07
3.6955e-05
9.5367e-07
3.7193e-05
9.5367e-07
3.6001e-05
4.0531e-06
9.5367e-07
1.9073e-06
3.6955e-05
3.1400e-04
0.0000e+00
2.1458e-06
4.8876e-05
1.9073e-06
3.8862e-05
9.5367e-07
3.7909e-05
1.1921e-06
3.6955e-05
9.5367e-07
3.7193e-05
2.8610e-06
3.6001e-05
9.5367e-07
3.6955e-05
3.0994e-06
3.8147e-05
3.0994e-06
3.7909e-05
4.0531e-06
3.8147e-05
2.8610e-06
3.8147e-05
3.0994e-06
3.6955e-05
9.5367e-07
3.7193e-05
5.0068e-06
3.6955e-05
1.9073e-06
3.6001e-05
1.9073e-06
3.8147e-05
2.1601e-04
0.0000e+00
9.5367e-07
2.4080e-05
1.5807e-04
2.2888e-05
9.5367e-07
2.2173e-05
9.5367e-07
2.0981e-05
8.0109e-05
9.5367e-07
7.7009e-05
9.5367e-07
9.5367e-07
2.1935e-05
9.5367e-07
2.1935e-05
2.8610e-06
0.0000e+00
0.0000e+00
2.2888e-05
9.5367e-07
2.0981e-05
4.5776e-05
2.0981e-05
9.5367e-07
2.0981e-05
9.0599e-06
9.5367e-07
9.5367e-07
3.6955e-05
1.9073e-06
2.2173e-05
3.1209e-04
9.5367e-07
9.5367e-07
2.4080e-05
2.2602e-04
0.0000e+00
9.5367e-07
2.3127e-05
3.8147e-06
1.1921e-06
1.1921e-06
2.1935e-05
9.5367e-07
2.0981e-05
9.5367e-07
2.0981e-05
9.5367e-07
2.0981e-05
1.1802e-04
3.0041e-05
1.2207e-04
2.3127e-05
1.9073e-06
2.2173e-05
9.5367e-07
2.5034e-05
9.5367e-07
2.0981e-05
3.5405e-04
0.0000e+00
1.1921e-06
2.2888e-05
9.5367e-07
2.0981e-05
0.0000e+00
3.0041e-05
1.9073e-06
2.2888e-05
1.1921e-06
2.0981e-05
1.9073e-06
2.2173e-05
9.5367e-07
2.0981e-05
9.5367e-07
2.0981e-05
9.5367e-07
2.0981e-05
9.5367e-07
2.0981e-05
1.9073e-06
2.2888e-05
1.1921e-06
2.1935e-05
2.8300e-04
2.0981e-05
4.1962e-05
2.1935e-05
1.9073e-06
2.2173e-05
9.5367e-07
2.0981e-05
1.9073e-06
2.0981e-05
2.6798e-04
0.0000e+00
0.0000e+00
3.0041e-05
2.1458e-06
2.1935e-05
4.0531e-06
2.1935e-05
1.1802e-04
2.2173e-05
2.1458e-06
2.1935e-05
1.9073e-06
2.1219e-05
1.9073e-06
2.1935e-05
1.6618e-04
0.0000e+00
0.0000e+00
3.0994e-05
1.1921e-06
2.1935e-05
9.5367e-07
2.1935e-05
2.1911e-04
2.0981e-05
6.1035e-05
9.5367e-07
9.5367e-07
2.2173e-05
3.6955e-05
2.0981e-05
2.1458e-06
2.1935e-05
1.5712e-04
9.5367e-07
9.5367e-07
2.4080e-05
6.3896e-05
2.1935e-05
9.3937e-05
9.5367e-07
3.8147e-05
9.5367e-07
9.5367e-07
2.5034e-05
9.5367e-07
2.2173e-05
1.1921e-06
2.0981e-05
4.8876e-05
2.1935e-05
1.9073e-06
2.2173e-05
1.9073e-06
2.3127e-05
5.0068e-06
9.5367e-07
2.0027e-05
2.1935e-05
9.5367e-07
2.0981e-05
9.5367e-07
2.1935e-05
3.2711e-04
2.0981e-05
9.5367e-07
2.0981e-05
5.5075e-05
2.1935e-05
9.5367e-07
2.1935e-05
3.0994e-06
0.0000e+00
2.0027e-05
2.2173e-05
2.8610e-06
0.0000e+00
2.7013e-04
0.0000e+00
0.0000e+00
2.2173e-05
1.2898e-04
0.0000e+00
0.0000e+00
2.3127e-05
9.5367e-07
2.1935e-05
2.4080e-05
3.0041e-05
1.9073e-06
2.2173e-05
2.2721e-04
0.0000e+00
5.0068e-06
0.0000e+00
1.3304e-04
9.5367e-07
9.5367e-07
2.1935e-05
9.5367e-07
2.0981e-05
0.0000e+00
2.0981e-05
9.5367e-07
2.0981e-05
1.2088e-04
3.0994e-05
1.1921e-06
2.1935e-05
9.5367e-07
2.1935e-05
1.1921e-06
2.0981e-05
9.5367e-07
2.0981e-05
9.0122e-05
2.0981e-05
1.9073e-06
2.0981e-05
1.7691e-04
2.1935e-05
2.1458e-06
2.2888e-05
1.2302e-04
0.0000e+00
1.1921e-06
2.1935e-05
7.2002e-05
2.0981e-05
2.1458e-06
2.0981e-05
9.5367e-07
2.2173e-05
7.7009e-05
2.1935e-05
4.6015e-05
2.1935e-05
9.5367e-07
2.3127e-05
1.0395e-04
0.0000e+00
2.5988e-05
0.0000e+00
1.1921e-06
2.1935e-05
1.6594e-04
2.2173e-05
9.0599e-06
2.0981e-05
9.5367e-07
2.0981e-05
9.5367e-07
2.0981e-05
1.5593e-04
2.8133e-05
1.9073e-06
2.3127e-05
9.5367e-07
2.1935e-05
1.4710e-04
0.0000e+00
3.0994e-06
0.0000e+00
9.5367e-07
2.2888e-05
1.1921e-06
2.0981e-05
9.5367e-07
2.0981e-05
2.6298e-04
2.1935e-05
1.1921e-06
3.1948e-05
9.5367e-07
2.0981e-05
1.2898e-04
9.5367e-07
9.5367e-07
2.2173e-05
8.8930e-05
0.0000e+00
1.1921e-06
2.1935e-05
9.5367e-07
2.0981e-05
1.3614e-04
2.1935e-05
4.0531e-06
9.5367e-07
9.5367e-07
3.3140e-05
1.0800e-04
2.1935e-05
1.1921e-06
2.1935e-05
9.5367e-07
2.0981e-05
1.0896e-04
2.0981e-05
9.5367e-07
2.0981e-05
9.5367e-07
2.0981e-05
1.4997e-04
2.0981e-05
2.1458e-06
2.1935e-05
9.5367e-07
2.2173e-05
9.5367e-07
2.0981e-05
9.5367e-07
2.1219e-05
2.1601e-04
2.1935e-05
1.9073e-06
2.2173e-05
9.5367e-07
2.1935e-05
1.7095e-04
0.0000e+00
9.5367e-07
3.0994e-05
9.5367e-07
2.0981e-05
7.0810e-05
2.1935e-05
1.9073e-06
2.0981e-05
9.5367e-07
2.0981e-05
1.2612e-04
0.0000e+00
9.5367e-07
2.2888e-05
1.1921e-06
2.1935e-05
1.8096e-04
0.0000e+00
0.0000e+00
2.2888e-05
9.5367e-07
2.0981e-05
7.9870e-05
2.2173e-05
7.5817e-05
2.1935e-05
9.5367e-07
2.0981e-05
1.1492e-04
0.0000e+00
1.1921e-06
2.1935e-05
0.0000e+00
2.0981e-05
1.4210e-04
2.1935e-05
3.0994e-06
2.0981e-05
8.0824e-05
2.0981e-05
2.8610e-06
2.1935e-05
2.1458e-06
2.0981e-05
1.9073e-06
2.1219e-05
9.5367e-07
2.0981e-05
9.5367e-07
2.7895e-05
9.5367e-07
2.0981e-05
9.5367e-07
2.1935e-05
2.1458e-06
2.1935e-05
3.9697e-04
0.0000e+00
1.1921e-06
2.2888e-05
1.0800e-04
0.0000e+00
0.0000e+00
2.3127e-05
9.5367e-07
2.1935e-05
4.0531e-06
2.2888e-05
9.5367e-07
2.0981e-05
2.8610e-06
2.1935e-05
1.1921e-06
2.0981e-05
1.9073e-06
2.1219e-05
1.2088e-04
9.5367e-07
1.1921e-06
2.2888e-05
9.5367e-07
2.1935e-05
3.2306e-04
3.0994e-05
3.0994e-06
2.1935e-05
2.1458e-06
2.0981e-05
3.0994e-06
0.0000e+00
2.0790e-04
0.0000e+00
9.5367e-07
2.2888e-05
1.1921e-06
2.1935e-05
3.9101e-05
2.1935e-05
1.9073e-06
2.2173e-05
2.8610e-06
2.1935e-05
9.5367e-07
2.2173e-05
9.5367e-07
2.1935e-05
2.9111e-04
9.5367e-07
6.6996e-05
0.0000e+00
0.0000e+00
2.3127e-05
9.5367e-07
2.0981e-05
1.9073e-06
2.0981e-05
1.1921e-06
2.9802e-05
2.8610e-06
0.0000e+00
2.3413e-04
0.0000e+00
1.5974e-05
0.0000e+00
9.5367e-07
2.2888e-05
1.1921e-06
2.0981e-05
1.3590e-04
2.2173e-05
1.9073e-06
2.1935e-05
2.1458e-06
2.0981e-05
1.4591e-04
1.1921e-06
9.5367e-07
2.3127e-05
0.0000e+00
2.2173e-05
9.5367e-07
2.0981e-05
9.5367e-07
2.0981e-05
1.1921e-06
2.0981e-05
2.1458e-06
2.1935e-05
9.5367e-07
2.1219e-05
3.7098e-04
2.0981e-05
1.9073e-06
2.2888e-05
1.1921e-06
2.1935e-05
9.5367e-07
2.0981e-05
9.5367e-07
2.0981e-05
1.6689e-04
9.5367e-07
9.5367e-07
2.4080e-05
9.5367e-07
2.1935e-05
1.1921e-06
2.1935e-05
1.1921e-06
2.1935e-05
9.5367e-07
2.1935e-05
2.1458e-06
2.1935e-05
9.5367e-07
2.1219e-05
9.5367e-07
2.0981e-05
6.1989e-04
2.0981e-05
1.5020e-05
0.0000e+00
2.0981e-05
2.1935e-05
3.6192e-04
0.0000e+00
2.0981e-05
2.4080e-05
9.5367e-07
2.0981e-05
9.5367e-07
2.1935e-05
9.5367e-07
2.1219e-05
9.5367e-07
2.1935e-05
2.9302e-04
9.5367e-07
1.8120e-05
9.5367e-07
9.5367e-07
2.1935e-05
9.5367e-07
2.3127e-05
9.1076e-05
2.0981e-05
1.9073e-06
2.1219e-05
9.5367e-07
2.1935e-05
9.5367e-07
2.0981e-05
1.9073e-06
2.0981e-05
2.9612e-04
0.0000e+00
1.9073e-06
0.0000e+00
5.0068e-06
3.0994e-05
9.5367e-07
2.1935e-05
1.1921e-06
2.0981e-05
9.5367e-07
2.2173e-05
9.5367e-07
2.0981e-05
9.5367e-07
2.0981e-05
5.0068e-06
0.0000e+00
2.8610e-06
2.1935e-05
3.0994e-06
2.7895e-05
9.5367e-07
2.1935e-05
9.5367e-07
2.0981e-05
5.1689e-04
2.2173e-05
9.5367e-07
2.0981e-05
3.0041e-05
2.1935e-05
2.1458e-06
2.0981e-05
9.0599e-06
2.1935e-05
3.8147e-06
1.1921e-06
1.9479e-04
1.1921e-06
9.5367e-07
2.1935e-05
9.5367e-07
2.0981e-05
1.7095e-04
9.5367e-07
9.5367e-07
2.2173e-05
9.5367e-07
2.0981e-05
1.0300e-04
0.0000e+00
1.1897e-04
0.0000e+00
2.5034e-05
0.0000e+00
0.0000e+00
2.4796e-05
1.1921e-06
2.1935e-05
0.0000e+00
2.0981e-05
2.0194e-04
0.0000e+00
9.5367e-07
2.3127e-05
2.8610e-06
9.5367e-07
1.1921e-06
2.1935e-05
1.0967e-05
0.0000e+00
0.0000e+00
2.1935e-05
9.5367e-07
2.0981e-05
1.0490e-04
1.1921e-06
9.5367e-07
2.2888e-05
0.0000e+00
2.0981e-05
9.5367e-07
2.0981e-05
9.5367e-07
2.1219e-05
3.6383e-04
0.0000e+00
9.5367e-07
2.2888e-05
0.0000e+00
2.0981e-05
0.0000e+00
3.0041e-05
9.5367e-07
2.2173e-05
9.5367e-07
2.0981e-05
9.5367e-07
2.0981e-05
1.1921e-06
2.0981e-05
0.0000e+00
2.0981e-05
9.5367e-07
2.1219e-05
9.5367e-07
2.0981e-05
3.7503e-04
0.0000e+00
0.0000e+00
2.2888e-05
0.0000e+00
2.0981e-05
2.2721e-04
2.2888e-05
9.5367e-07
2.0981e-05
9.5367e-07
2.0981e-05
4.0531e-06
2.0981e-05
2.3317e-04
0.0000e+00
1.9073e-06
9.5367e-07
9.5367e-07
2.4080e-05
7.2002e-05
9.5367e-07
6.6042e-05
0.0000e+00
1.9073e-06
0.0000e+00
2.4581e-04
0.0000e+00
0.0000e+00
2.1935e-05
2.1458e-06
2.1935e-05
2.1458e-06
2.1935e-05
9.5367e-07
2.0981e-05
8.8215e-06
2.0981e-05
3.0994e-06
9.5367e-07
1.1921e-05
2.2888e-05
9.5367e-07
2.3127e-05
2.9087e-04
1.1921e-06
9.5367e-07
2.1935e-05
2.1458e-06
0.0000e+00
1.7309e-04
9.5367e-07
9.5367e-07
2.2888e-05
1.1921e-06
2.0981e-05
9.5367e-07
2.9087e-05
1.6403e-04
0.0000e+00
1.4067e-05
2.2888e-05
9.5367e-07
2.0981e-05
9.5367e-07
2.0981e-05
9.5367e-07
2.0981e-05
2.3508e-04
9.5367e-07
2.1458e-06
0.0000e+00
0.0000e+00
2.2888e-05
9.5367e-07
3.0041e-05
3.8147e-06
0.0000e+00
1.8620e-04
9.5367e-07
9.5367e-07
2.2888e-05
0.0000e+00
2.0981e-05
9.5367e-07
2.0981e-05
0.0000e+00
2.0981e-05
9.5367e-07
2.0981e-05
3.4809e-04
2.5034e-05
9.5367e-07
3.0041e-05
4.0531e-06
9.5367e-07
9.5367e-07
2.1935e-05
3.0994e-06
2.0981e-05
1.9073e-06
2.0981e-05
1.1897e-04
2.0981e-05
1.1396e-04
2.0981e-05
3.8147e-06
2.0981e-05
1.9073e-06
2.8133e-05
9.5367e-07
2.0981e-05
1.1921e-06
2.0981e-05
1.9789e-04
2.0981e-05
1.9073e-06
2.1935e-05
1.0300e-04
0.0000e+00
9.5367e-07
2.1935e-05
0.0000e+00
2.1219e-05
9.5367e-07
3.3855e-05
2.1458e-06
2.1935e-05
9.5367e-07
2.2173e-05
9.5367e-07
2.0981e-05
9.5367e-07
2.0981e-05
1.1921e-06
2.1935e-05
9.5367e-07
2.0981e-05
5.9605e-06
0.0000e+00
2.0981e-05
2.9087e-05
5.3477e-04
2.2173e-05
4.7922e-05
2.1219e-05
1.9073e-06
2.1935e-05
3.0994e-06
0.0000e+00
9.5367e-07
2.1219e-05
1.9073e-06
2.0981e-05
2.1458e-06
2.5034e-05
1.9073e-06
2.1935e-05
1.9073e-06
2.1935e-05
2.2292e-04
2.1935e-05
3.0994e-06
2.1935e-05
9.5367e-07
2.0981e-05
9.5367e-07
2.1935e-05
9.5367e-07
2.2173e-05
1.1921e-06
2.0981e-05
9.5367e-07
2.8133e-05
4.4990e-04
0.0000e+00
3.0994e-06
0.0000e+00
3.0994e-06
2.5034e-05
9.5367e-07
2.1935e-05
1.1921e-06
2.0981e-05
9.5367e-07
2.0981e-05
9.5367e-07
2.0981e-05
2.5201e-04
2.1935e-05
1.9073e-06
3.0041e-05
3.0994e-06
2.1935e-05
9.5367e-07
2.2173e-05
9.5367e-07
2.0981e-05
3.0994e-06
0.0000e+00
0.0000e+00
2.2173e-05
3.3784e-04
2.1935e-05
9.5367e-07
2.1935e-05
1.0610e-04
0.0000e+00
1.1921e-06
2.2888e-05
2.1696e-04
9.5367e-07
9.5367e-07
2.3127e-05
0.0000e+00
2.0981e-05
9.5367e-07
2.0981e-05
9.5367e-07
2.0981e-05
1.8907e-04
2.2888e-05
1.1921e-06
2.0981e-05
9.5367e-07
2.3127e-05
9.5367e-07
2.1935e-05
9.5367e-07
2.2173e-05
2.2602e-04
0.0000e+00
9.5367e-07
2.2173e-05
9.5367e-07
2.0981e-05
1.8406e-04
9.5367e-07
9.5367e-07
2.1935e-05
1.1921e-06
2.9802e-05
4.1008e-05
2.3127e-05
6.1989e-05
9.5367e-07
9.5367e-07
2.3127e-05
9.5367e-07
2.1935e-05
2.0885e-04
0.0000e+00
8.3208e-05
0.0000e+00
9.5367e-07
2.1935e-05
3.7193e-05
2.0981e-05
4.1008e-05
2.5034e-05
6.5804e-05
2.3127e-05
1.0967e-05
2.1935e-05
4.0531e-06
0.0000e+00
1.9908e-04
0.0000e+00
9.5367e-07
2.3127e-05
5.0068e-06
0.0000e+00
1.2207e-04
0.0000e+00
9.5367e-07
2.2173e-05
8.9169e-05
0.0000e+00
0.0000e+00
2.1935e-05
1.9073e-06
2.1935e-05
9.5367e-07
2.0981e-05
9.5367e-07
2.0981e-05
9.5367e-07
2.0981e-05
0.0000e+00
2.0981e-05
2.6703e-04
1.1921e-06
9.5367e-07
2.2888e-05
1.1921e-06
2.1935e-05
9.2983e-05
0.0000e+00
2.3580e-04
0.0000e+00
0.0000e+00
2.3127e-05
0.0000e+00
2.0981e-05
0.0000e+00
2.0981e-05
2.0909e-04
0.0000e+00
2.1458e-06
9.5367e-07
9.5367e-07
2.1935e-05
0.0000e+00
2.1935e-05
9.5367e-07
3.0041e-05
9.5367e-07
2.1935e-05
1.9598e-04
2.2173e-05
2.8610e-06
0.0000e+00
1.8191e-04
9.5367e-07
9.5367e-07
2.3127e-05
9.5367e-07
2.1935e-05
5.9128e-05
9.5367e-07
0.0000e+00
2.2173e-05
9.5367e-07
2.1935e-05
8.7976e-05
2.2888e-05
1.1516e-04
0.0000e+00
0.0000e+00
2.2173e-05
9.5367e-07
2.1935e-05
9.6083e-05
2.0981e-05
1.0014e-05
2.1935e-05
1.1396e-04
0.0000e+00
0.0000e+00
2.0981e-05
1.0705e-04
9.5367e-07
5.9128e-05
0.0000e+00
0.0000e+00
2.3127e-05
4.1962e-05
2.1935e-05
1.0014e-05
9.5367e-07
2.2173e-05
2.1935e-05
1.6499e-04
0.0000e+00
2.1458e-06
0.0000e+00
9.5367e-07
2.1935e-05
1.7500e-04
0.0000e+00
0.0000e+00
2.1935e-05
1.4186e-04
0.0000e+00
1.5974e-05
2.3842e-05
8.1062e-06
2.1935e-05
1.0014e-04
9.5367e-07
7.8678e-06
2.1219e-05
1.1921e-05
0.0000e+00
1.1206e-05
2.1935e-05
9.5367e-07
2.0981e-05
1.1921e-06
2.1935e-05
9.5367e-07
2.8133e-05
2.2197e-04
2.1935e-05
2.1458e-06
2.1935e-05
1.1396e-04
2.0981e-05
2.8610e-06
0.0000e+00
1.9789e-05
2.2173e-05
9.5367e-07
2.0981e-05
1.1921e-06
2.3842e-05
1.1921e-06
3.3855e-05
1.1921e-06
2.1935e-05
9.5367e-07
2.1935e-05
2.1458e-06
2.0981e-05
3.1495e-04
2.0981e-05
2.8610e-06
2.0981e-05
9.5367e-07
2.0981e-05
0.0000e+00
2.0981e-05
9.5367e-07
2.2173e-05
9.5367e-07
2.0981e-05
2.1458e-06
2.0981e-05
2.3508e-04
0.0000e+00
0.0000e+00
2.2173e-05
9.5367e-07
2.0981e-05
9.5367e-07
2.0981e-05
9.5367e-07
2.3842e-05
1.9073e-06
2.3127e-05
2.8610e-06
0.0000e+00
8.8215e-06
2.1935e-05
4.0531e-06
2.0981e-05
5.2500e-04
0.0000e+00
9.5367e-07
2.2173e-05
9.5367e-07
2.0981e-05
1.1015e-04
9.5367e-07
3.0994e-06
9.5367e-07
3.8147e-06
3.0041e-05
2.1458e-06
2.1935e-05
2.6417e-04
0.0000e+00
9.5367e-07
2.3127e-05
9.5367e-07
2.0981e-05
5.1022e-05
2.0981e-05
1.9073e-06
2.1935e-05
9.5367e-07
2.1935e-05
9.5367e-07
2.8133e-05
2.4295e-04
0.0000e+00
3.0994e-06
2.2888e-05
4.4107e-05
2.1935e-05
1.1921e-06
2.0981e-05
9.5367e-07
2.2173e-05
1.9073e-06
2.1935e-05
2.1458e-06
2.0981e-05
1.4806e-04
2.8849e-05
1.9073e-06
2.1935e-05
5.0068e-06
2.0981e-05
2.3794e-04
0.0000e+00
9.2030e-05
0.0000e+00
0.0000e+00
2.1935e-05
9.5367e-07
2.1935e-05
0.0000e+00
2.1935e-05
9.5367e-07
2.1935e-05
1.1921e-06
2.9802e-05
2.1100e-04
1.1921e-06
9.5367e-07
2.2888e-05
1.1921e-06
2.1935e-05
9.5367e-07
2.0981e-05
1.1921e-06
2.0981e-05
1.7691e-04
9.5367e-07
1.0014e-05
2.1935e-05
9.5367e-07
2.0981e-05
1.5306e-04
0.0000e+00
0.0000e+00
2.1935e-05
0.0000e+00
2.0981e-05
0.0000e+00
2.0981e-05
2.1100e-04
0.0000e+00
6.3896e-05
0.0000e+00
9.5367e-07
2.3127e-05
9.5367e-07
2.0981e-05
0.0000e+00
2.1219e-05
1.9073e-06
2.2173e-05
1.4496e-04
2.2173e-05
1.1086e-04
9.5367e-07
9.5367e-07
2.2173e-05
9.0599e-06
2.0981e-05
8.0109e-05
2.1935e-05
4.1008e-05
2.0981e-05
2.1458e-06
2.0981e-05
9.5367e-07
2.1219e-05
9.5367e-07
2.1935e-05
9.5367e-07
2.2173e-05
9.5367e-07
2.0981e-05
3.0994e-06
9.5367e-07
1.9073e-06
2.0981e-05
9.5367e-07
2.1935e-05
9.5367e-07
2.0981e-05
1.1921e-06
2.8849e-05
2.1458e-06
2.1935e-05
9.5367e-07
2.1219e-05
9.5367e-07
2.0981e-05
5.7697e-04
1.1921e-06
9.5367e-07
2.4080e-05
9.5367e-07
2.1935e-05
9.5367e-07
2.2173e-05
4.0531e-06
0.0000e+00
9.5367e-07
2.3127e-05
9.5367e-07
2.0981e-05
3.8218e-04
0.0000e+00
9.5367e-07
2.1935e-05
1.0204e-04
2.2173e-05
9.5367e-07
2.0981e-05
3.3140e-05
9.5367e-07
2.0981e-05
2.0981e-05
1.8120e-05
0.0000e+00
9.5367e-07
2.3127e-05
2.4986e-04
0.0000e+00
0.0000e+00
2.1935e-05
0.0000e+00
2.0981e-05
0.0000e+00
2.0981e-05
0.0000e+00
2.0981e-05
9.5367e-07
2.2173e-05
9.5367e-07
2.0981e-05
2.8491e-04
6.9141e-06
9.5367e-07
2.5988e-05
9.5367e-07
2.0981e-05
1.1611e-04
0.0000e+00
0.0000e+00
2.0981e-05
9.2983e-05
2.0981e-05
5.9605e-06
0.0000e+00
2.0027e-05
2.1935e-05
9.2030e-05
9.5367e-07
3.0994e-06
0.0000e+00
9.5367e-07
3.0041e-05
2.1458e-06
2.1935e-05
2.2697e-04
2.1935e-05
2.1458e-06
2.1935e-05
1.9073e-06
2.0981e-05
1.1921e-06
2.1935e-05
9.5367e-07
2.1935e-05
9.0599e-06
2.0981e-05
1.9073e-06
2.1935e-05
9.5367e-07
2.4796e-05
2.1458e-06
2.0981e-05
9.5367e-07
2.2173e-05
9.5367e-07
2.0981e-05
4.2915e-04
0.0000e+00
0.0000e+00
2.1935e-05
1.1921e-06
2.1935e-05
1.1921e-06
2.1935e-05
8.2970e-05
2.2173e-05
9.5367e-07
2.0981e-05
9.6083e-05
2.1935e-05
1.8811e-04
0.0000e+00
0.0000e+00
2.1935e-05
9.5367e-07
2.1935e-05
1.6809e-04
0.0000e+00
0.0000e+00
3.0041e-05
1.1921e-06
2.2888e-05
9.5367e-07
2.1219e-05
9.5367e-07
2.0981e-05
1.6499e-04
2.1935e-05
4.2915e-05
2.1935e-05
2.1458e-06
2.0981e-05
9.5367e-07
2.0981e-05
1.1921e-06
2.7895e-05
9.5367e-07
2.1935e-05
9.5367e-07
2.3127e-05
3.4499e-04
9.5367e-07
9.5367e-07
2.3127e-05
9.5367e-07
2.1935e-05
8.0844e-02
