2.4741e-03
1.6928e-05
4.1008e-05
1.5509e-03
0.0000e+00
2.8610e-06
2.9087e-05
9.5367e-07
2.2888e-05
0.0000e+00
2.3127e-05
4.6239e-03
0.0000e+00
9.5367e-07
2.2888e-05
1.2875e-05
9.5367e-07
1.4067e-05
2.2173e-05
1.3113e-05
2.2888e-05
3.0041e-05
2.3127e-05
1.2398e-04
2.1935e-05
2.5988e-05
2.0981e-05
1.3089e-04
9.5367e-07
6.7949e-05
0.0000e+00
1.9073e-05
9.5367e-07
9.5367e-07
2.3127e-05
9.5367e-07
2.1935e-05
1.1921e-06
2.1935e-05
1.4067e-05
0.0000e+00
4.5061e-05
2.3127e-05
2.0981e-05
2.1935e-05
2.5034e-05
2.1935e-05
2.4080e-05
2.0981e-05
2.5988e-05
2.1935e-05
1.8215e-04
2.1935e-05
3.0041e-05
2.3127e-05
2.2197e-04
9.5367e-07
9.5367e-07
2.1935e-05
0.0000e+00
2.1935e-05
9.5367e-07
2.1935e-05
1.1179e-03
9.5367e-07
9.5367e-07
2.3127e-05
1.4997e-04
0.0000e+00
1.9073e-06
3.7909e-05
9.5367e-07
4.9829e-05
1.9073e-06
3.8862e-05
5.6028e-05
3.6955e-05
9.5367e-07
3.6001e-05
6.8903e-05
0.0000e+00
1.1921e-06
3.7909e-05
9.5367e-07
3.6955e-05
0.0000e+00
3.6955e-05
2.1458e-06
4.7922e-05
1.6499e-04
0.0000e+00
9.5367e-07
3.9101e-05
3.0994e-05
3.6001e-05
9.5367e-07
3.6001e-05
9.5367e-07
3.6955e-05
4.0531e-06
3.8147e-05
9.5367e-07
3.6955e-05
5.0068e-06
4.7922e-05
5.0068e-06
3.6955e-05
9.5367e-07
3.7193e-05
5.0068e-06
3.6955e-05
2.4700e-04
0.0000e+00
9.5367e-07
4.0054e-05
6.8116e-04
9.5367e-07
1.9073e-06
4.6968e-05
2.1458e-06
3.8862e-05
2.1935e-05
4.0054e-05
1.9073e-06
3.7909e-05
9.5367e-07
3.8147e-05
4.0531e-06
3.8147e-05
1.9073e-06
3.8147e-05
8.9884e-05
3.7193e-05
9.5367e-07
3.9101e-05
4.6968e-05
9.5367e-07
9.1076e-05
1.4067e-05
1.9073e-06
3.8147e-05
4.0531e-06
1.1921e-06
9.5367e-07
3.9101e-05
5.0068e-06
3.7909e-05
3.0994e-06
3.7909e-05
1.1921e-06
3.6955e-05
1.4496e-04
3.8147e-05
4.2915e-05
3.6955e-05
1.9073e-06
3.8147e-05
7.8678e-06
0.0000e+00
2.1458e-06
3.6955e-05
1.9073e-06
3.6955e-05
2.5511e-04
9.5367e-07
1.9073e-06
3.0994e-05
0.0000e+00
2.3842e-05
1.1921e-06
2.2888e-05
9.5367e-07
3.8147e-05
1.9073e-06
2.2173e-05
2.8610e-06
2.2173e-05
9.5367e-07
2.1935e-05
9.5367e-07
2.0981e-05
9.5367e-07
2.1935e-05
3.0398e-04
0.0000e+00
0.0000e+00
2.2888e-05
0.0000e+00
2.9087e-05
1.1206e-04
2.1935e-05
2.1458e-06
0.0000e+00
1.9073e-05
2.2888e-05
9.5367e-07
2.1935e-05
0.0000e+00
2.0981e-05
0.0000e+00
2.0981e-05
8.1062e-06
2.0981e-05
9.5367e-07
2.3127e-05
8.7976e-05
1.1921e-06
9.5367e-07
2.2888e-05
1.1921e-06
2.1935e-05
9.5367e-07
2.1935e-05
1.2302e-04
2.0981e-05
9.5367e-07
2.1935e-05
9.5367e-07
2.0981e-05
7.8678e-06
2.2173e-05
4.0531e-06
0.0000e+00
9.5367e-07
2.4080e-05
9.5367e-07
2.1935e-05
1.1921e-06
2.1935e-05
8.6498e-04
9.5367e-07
1.1921e-06
2.2888e-05
0.0000e+00
2.1219e-05
8.8930e-05
2.0981e-05
4.9114e-05
3.0994e-05
1.9073e-06
2.1935e-05
0.0000e+00
2.1935e-05
1.5211e-04
2.1935e-05
3.9101e-05
2.0981e-05
6.0081e-05
9.5367e-07
0.0000e+00
2.2888e-05
0.0000e+00
2.1935e-05
9.5367e-07
3.0041e-05
9.5367e-07
2.2888e-05
9.5367e-07
2.1935e-05
1.0419e-04
2.1935e-05
9.5367e-07
2.0981e-05
2.3079e-04
0.0000e+00
1.9073e-06
9.5367e-07
9.5367e-07
2.2173e-05
0.0000e+00
2.0981e-05
3.6955e-05
2.9802e-05
2.1458e-06
2.1935e-05
1.1921e-05
2.0981e-05
2.0981e-05
2.1935e-05
2.2173e-05
2.0981e-05
2.5034e-05
9.5367e-07
1.5974e-05
2.2173e-05
2.3842e-05
2.2173e-05
2.2888e-05
2.7895e-05
2.4009e-04
2.1935e-05
3.9101e-05
9.5367e-07
4.3869e-05
2.2173e-05
6.6042e-05
2.2888e-05
2.4080e-05
2.1935e-05
2.5034e-05
2.1935e-05
9.5367e-07
2.1219e-05
2.1935e-05
2.9087e-05
1.5020e-05
2.1935e-05
3.5048e-05
2.2173e-05
2.3842e-05
2.2173e-05
2.2888e-05
2.1935e-05
2.8133e-05
2.0981e-05
1.3208e-04
2.1935e-05
2.5511e-04
0.0000e+00
6.2943e-05
0.0000e+00
0.0000e+00
2.2888e-05
4.9114e-05
2.1935e-05
3.4094e-05
2.0981e-05
2.5034e-05
2.2173e-05
1.8835e-05
0.0000e+00
2.0981e-05
2.0981e-05
6.8092e-04
9.5367e-07
1.0014e-05
0.0000e+00
0.0000e+00
2.4080e-05
0.0000e+00
3.0041e-05
9.5367e-07
2.0981e-05
9.5367e-07
2.1935e-05
2.4009e-04
0.0000e+00
9.5367e-07
2.2888e-05
0.0000e+00
2.0981e-05
9.5367e-07
2.0981e-05
0.0000e+00
2.0981e-05
9.5367e-07
3.0994e-05
9.5367e-07
2.1935e-05
2.3413e-04
0.0000e+00
2.0981e-05
2.2173e-05
9.5367e-07
2.1935e-05
9.5367e-07
2.2173e-05
2.3985e-04
0.0000e+00
0.0000e+00
2.0981e-05
0.0000e+00
2.1935e-05
3.5048e-05
0.0000e+00
1.1921e-06
2.2888e-05
9.0599e-06
2.5034e-05
2.8896e-04
0.0000e+00
0.0000e+00
2.1935e-05
0.0000e+00
2.2173e-05
9.5367e-07
2.1935e-05
9.5367e-07
2.0981e-05
9.5367e-07
2.8133e-05
9.5367e-07
2.2173e-05
2.8610e-06
9.5367e-07
3.0994e-06
2.2888e-05
2.1458e-06
2.1935e-05
1.9073e-06
2.1219e-05
3.2902e-04
2.0981e-05
1.7881e-05
2.2173e-05
2.3842e-05
2.2173e-05
1.5020e-05
2.2173e-05
3.0994e-06
2.1935e-05
2.8133e-05
2.0981e-05
2.6941e-05
1.1921e-06
1.0014e-05
0.0000e+00
7.8678e-06
2.2173e-05
3.6788e-04
2.1935e-05
2.5034e-05
2.1219e-05
2.5988e-05
0.0000e+00
3.9101e-05
0.0000e+00
4.3869e-05
2.2888e-05
4.0054e-05
2.1935e-05
4.8161e-05
0.0000e+00
0.0000e+00
2.5034e-05
6.1035e-05
9.5367e-07
1.1301e-04
0.0000e+00
1.1921e-06
2.1935e-05
0.0000e+00
2.0981e-05
9.5367e-07
2.9087e-05
9.5367e-07
2.2173e-05
0.0000e+00
2.0981e-05
9.5367e-07
2.2173e-05
4.3988e-04
0.0000e+00
0.0000e+00
2.2888e-05
9.5367e-07
2.0981e-05
9.5367e-07
2.2173e-05
1.8096e-04
0.0000e+00
0.0000e+00
3.0041e-05
9.5367e-07
2.2173e-05
9.5367e-07
2.0981e-05
9.5367e-07
2.1935e-05
3.5048e-05
2.1935e-05
2.1458e-06
2.2888e-05
9.5367e-07
2.0981e-05
7.8678e-06
2.0981e-05
9.5367e-07
2.2888e-05
3.7122e-04
9.5367e-07
9.5367e-07
2.3127e-05
9.5367e-07
2.1935e-05
9.5367e-07
2.1935e-05
1.1921e-06
2.0981e-05
2.8086e-04
9.5367e-07
9.5367e-07
2.2888e-05
1.1921e-06
2.9802e-05
0.0000e+00
2.1935e-05
9.5367e-07
2.2173e-05
9.5367e-07
2.0981e-05
0.0000e+00
2.1935e-05
8.1062e-05
0.0000e+00
0.0000e+00
2.1219e-05
0.0000e+00
2.1935e-05
9.5367e-07
2.9087e-05
2.4414e-04
2.1935e-05
1.7405e-04
9.5367e-07
0.0000e+00
2.0981e-05
0.0000e+00
2.0981e-05
3.6955e-05
9.5367e-07
9.5367e-07
2.1935e-05
0.0000e+00
2.0981e-05
0.0000e+00
2.1935e-05
1.5998e-04
2.3127e-05
9.5367e-07
2.0981e-05
8.6069e-05
2.1935e-05
9.5367e-07
2.0981e-05
9.5367e-07
2.0981e-05
9.5367e-07
2.1219e-05
8.8215e-06
2.2173e-05
2.5487e-04
0.0000e+00
0.0000e+00
2.9802e-05
4.0531e-06
0.0000e+00
1.1921e-06
2.1935e-05
0.0000e+00
2.5034e-05
9.5367e-07
2.0981e-05
0.0000e+00
2.0981e-05
0.0000e+00
2.0981e-05
9.5367e-07
2.1935e-05
1.1921e-06
2.8849e-05
2.1458e-06
2.1935e-05
3.0994e-06
2.1935e-05
4.9996e-04
2.0981e-05
2.6226e-05
2.0981e-05
3.3855e-05
2.2173e-05
2.5988e-05
2.1935e-05
2.1935e-05
9.5367e-07
5.0068e-06
3.0041e-05
8.1062e-05
9.5367e-07
9.5367e-07
2.3127e-05
0.0000e+00
2.1935e-05
0.0000e+00
2.1935e-05
9.5367e-07
2.1935e-05
1.9717e-04
0.0000e+00
0.0000e+00
2.0981e-05
1.7166e-05
0.0000e+00
0.0000e+00
3.0041e-05
9.5367e-07
2.1935e-05
0.0000e+00
2.1935e-05
0.0000e+00
2.0981e-05
1.8120e-04
2.1935e-05
2.8610e-06
2.2173e-05
3.6883e-04
0.0000e+00
0.0000e+00
2.1935e-05
9.5367e-07
3.0994e-05
9.5367e-07
2.1935e-05
6.5088e-05
0.0000e+00
0.0000e+00
2.1935e-05
1.9813e-04
9.5367e-07
9.5367e-07
2.2173e-05
1.0991e-04
0.0000e+00
9.5367e-07
2.2173e-05
1.9073e-06
9.5367e-07
0.0000e+00
2.1935e-05
9.5367e-07
2.3127e-05
9.5367e-07
2.1935e-05
9.5367e-07
2.1219e-05
3.4094e-04
0.0000e+00
0.0000e+00
2.3127e-05
9.5367e-07
2.1935e-05
8.5115e-05
2.1935e-05
1.9073e-06
2.2173e-05
9.5367e-07
3.0994e-05
9.5367e-07
2.0981e-05
9.5367e-07
2.0981e-05
9.5367e-07
2.0981e-05
9.5367e-07
2.0981e-05
1.1587e-04
9.5367e-07
7.7963e-05
0.0000e+00
9.5367e-07
2.1935e-05
0.0000e+00
2.1219e-05
9.5367e-07
2.3127e-05
1.1921e-06
2.0981e-05
3.0994e-06
2.1935e-05
9.5367e-07
2.1935e-05
9.5367e-07
2.2173e-05
9.5367e-07
2.3842e-05
1.5688e-04
2.1935e-05
3.5214e-04
9.5367e-07
9.5367e-07
2.3842e-05
1.6713e-04
0.0000e+00
2.1458e-06
0.0000e+00
0.0000e+00
2.1935e-05
0.0000e+00
2.2173e-05
9.5367e-07
2.1935e-05
1.9693e-04
1.1921e-06
1.1921e-06
2.1935e-05
0.0000e+00
2.0981e-05
9.5367e-07
2.3127e-05
9.5367e-07
2.0981e-05
8.4162e-05
0.0000e+00
2.1935e-05
0.0000e+00
0.0000e+00
2.1935e-05
4.0507e-04
9.5367e-07
9.5367e-07
2.1935e-05
5.9128e-05
0.0000e+00
2.8133e-05
0.0000e+00
0.0000e+00
2.1935e-05
9.5367e-07
2.3127e-05
9.5367e-07
2.1935e-05
9.5367e-07
2.1935e-05
0.0000e+00
2.4796e-05
5.9128e-05
2.0981e-05
4.3154e-05
2.0981e-05
1.9073e-06
2.1219e-05
2.6083e-04
0.0000e+00
9.5367e-07
3.3855e-05
2.1458e-06
2.1935e-05
1.6403e-04
9.5367e-07
9.5367e-07
2.3127e-05
2.8610e-06
9.5367e-07
5.0068e-06
2.3127e-05
1.0610e-04
9.5367e-07
9.5367e-07
2.3127e-05
8.9884e-05
9.5367e-07
1.1921e-06
2.1935e-05
9.5367e-07
2.3127e-05
1.0014e-05
0.0000e+00
9.5367e-07
2.1935e-05
2.2602e-04
2.0981e-05
2.1458e-06
2.1935e-05
9.5367e-07
2.0981e-05
7.6056e-05
2.0981e-05
2.1458e-06
2.0981e-05
1.4997e-04
2.3127e-05
9.5367e-07
2.1935e-05
5.3167e-05
2.0981e-05
2.8610e-06
2.2173e-05
9.5367e-07
2.0981e-05
4.0531e-06
0.0000e+00
1.9407e-04
0.0000e+00
2.8610e-06
0.0000e+00
5.0068e-06
2.2888e-05
1.9073e-06
2.3127e-05
9.5367e-07
2.1935e-05
3.0994e-06
0.0000e+00
3.0303e-04
0.0000e+00
9.5367e-07
2.1935e-05
0.0000e+00
2.0981e-05
6.6042e-05
2.0981e-05
1.9073e-06
2.0981e-05
5.4836e-05
2.8133e-05
1.0586e-04
0.0000e+00
9.5367e-07
2.2888e-05
0.0000e+00
2.3842e-05
0.0000e+00
2.0981e-05
9.5367e-07
2.1935e-05
9.5367e-07
2.2173e-05
1.9073e-06
2.0981e-05
9.5367e-07
2.0981e-05
1.9073e-06
2.3127e-05
2.6894e-04
2.0981e-05
9.0599e-06
2.0981e-05
2.1458e-06
2.1935e-05
9.5367e-07
2.2173e-05
9.5367e-07
2.1935e-05
9.5367e-07
2.0981e-05
1.1921e-06
3.0994e-05
9.5367e-07
2.0981e-05
0.0000e+00
2.1219e-05
4.1103e-04
2.1935e-05
9.5367e-07
2.0981e-05
9.6083e-05
9.5367e-07
9.5367e-07
2.2173e-05
9.5367e-07
2.1935e-05
2.5034e-05
3.0041e-05
9.5367e-07
2.1935e-05
1.6904e-04
2.2173e-05
9.5367e-07
2.0981e-05
9.5367e-07
2.0981e-05
1.0014e-05
2.1935e-05
1.7095e-04
2.0981e-05
3.0994e-06
2.0981e-05
1.1921e-06
2.1935e-05
6.6996e-05
2.1935e-05
4.6968e-05
2.2173e-05
2.1458e-06
2.2888e-05
1.1110e-04
2.0981e-05
0.0000e+00
2.0981e-05
0.0000e+00
2.0981e-05
1.9193e-04
0.0000e+00
9.5367e-07
2.3127e-05
6.4850e-05
1.1921e-06
1.1921e-06
2.1935e-05
9.4891e-05
2.0981e-05
1.9073e-06
2.0981e-05
2.1458e-06
2.0981e-05
9.5367e-07
2.0981e-05
2.1458e-06
2.0981e-05
1.1301e-04
0.0000e+00
1.9073e-05
9.5367e-07
9.5367e-07
2.3127e-05
2.8205e-04
2.1935e-05
9.5367e-07
2.0981e-05
1.1802e-04
0.0000e+00
0.0000e+00
2.2888e-05
0.0000e+00
2.0981e-05
1.1921e-06
2.1935e-05
9.5367e-07
2.3127e-05
9.5367e-07
2.0981e-05
2.2006e-04
2.0981e-05
9.5367e-07
2.2173e-05
1.1921e-06
2.1935e-05
9.7990e-05
2.1935e-05
2.1458e-06
2.1935e-05
9.5367e-07
2.8133e-05
1.0395e-04
0.0000e+00
2.1458e-06
2.2888e-05
1.3113e-05
2.1935e-05
1.5402e-04
2.0981e-05
2.1458e-06
2.1935e-05
9.5367e-07
2.0981e-05
2.1458e-06
2.0981e-05
9.5367e-07
2.0981e-05
2.8086e-04
0.0000e+00
0.0000e+00
2.2888e-05
9.5367e-07
2.2173e-05
9.7990e-05
2.1935e-05
3.0994e-06
2.1935e-05
9.5367e-07
2.0981e-05
8.9169e-05
2.0981e-05
2.8610e-06
2.0981e-05
1.3399e-04
0.0000e+00
2.1458e-06
9.5367e-07
1.3208e-04
9.5367e-07
9.5367e-07
2.2888e-05
1.1921e-06
2.1935e-05
0.0000e+00
2.1935e-05
9.5367e-07
2.2173e-05
1.4091e-04
2.0981e-05
1.4091e-04
0.0000e+00
9.5367e-07
3.0041e-05
9.5367e-07
2.1935e-05
1.9598e-04
0.0000e+00
0.0000e+00
2.1935e-05
1.8120e-05
2.1935e-05
3.0994e-06
2.0981e-05
1.4186e-04
0.0000e+00
9.5367e-07
2.1935e-05
0.0000e+00
2.0981e-05
1.1921e-06
2.7895e-05
4.0531e-06
2.1935e-05
1.1921e-06
2.0981e-05
4.0531e-06
2.1935e-05
9.5367e-07
2.1935e-05
1.9073e-06
2.1935e-05
0.0000e+00
2.0981e-05
9.5367e-07
2.0981e-05
3.8195e-04
2.3127e-05
5.4121e-05
0.0000e+00
9.5367e-07
2.2173e-05
9.5367e-07
2.1935e-05
1.1110e-04
0.0000e+00
1.6999e-04
0.0000e+00
0.0000e+00
2.2173e-05
1.0705e-04
9.5367e-07
9.5367e-07
2.1935e-05
0.0000e+00
3.0994e-05
1.1921e-06
2.5988e-05
1.0180e-04
2.2173e-05
1.3828e-05
2.0981e-05
5.1975e-05
0.0000e+00
0.0000e+00
2.2173e-05
9.5367e-07
2.1935e-05
9.5367e-07
2.0981e-05
1.1921e-06
2.8849e-05
1.7214e-04
2.1935e-05
1.9073e-06
2.2173e-05
9.0599e-06
2.1935e-05
2.8610e-06
2.1219e-05
9.5367e-07
2.0981e-05
2.8515e-04
2.0981e-05
9.5367e-07
2.1935e-05
9.5367e-07
2.2888e-05
1.1921e-06
2.1935e-05
9.5367e-07
2.1935e-05
3.0994e-06
2.0981e-05
3.0994e-06
2.1935e-05
9.0599e-06
2.0981e-05
1.9073e-06
2.0981e-05
9.5367e-07
2.7895e-05
1.1921e-06
2.1935e-05
3.3689e-04
2.0981e-05
1.9073e-06
2.0981e-05
1.9073e-06
2.0981e-05
1.0967e-05
2.0981e-05
2.7013e-04
9.5367e-07
9.5367e-07
2.3127e-05
9.5367e-07
3.0041e-05
9.5367e-07
2.0981e-05
0.0000e+00
2.0981e-05
1.1921e-06
2.1935e-05
0.0000e+00
2.1935e-05
2.4605e-04
2.0981e-05
3.0994e-06
2.0981e-05
1.4901e-04
0.0000e+00
9.5367e-07
3.0041e-05
9.5367e-07
2.2173e-05
0.0000e+00
2.2888e-05
1.1921e-06
2.0981e-05
2.3603e-04
0.0000e+00
0.0000e+00
2.2173e-05
0.0000e+00
2.1935e-05
9.5367e-07
2.0981e-05
0.0000e+00
2.9802e-05
1.1921e-06
2.1935e-05
0.0000e+00
2.0981e-05
4.3321e-04
2.0981e-05
1.4067e-05
0.0000e+00
2.1935e-05
2.1935e-05
3.6716e-04
2.1935e-05
9.5367e-07
2.0981e-05
1.1992e-04
0.0000e+00
0.0000e+00
2.3127e-05
0.0000e+00
2.0981e-05
9.5367e-07
2.1935e-05
1.1921e-06
2.0981e-05
2.8610e-06
2.2173e-05
2.2793e-04
0.0000e+00
9.5367e-07
2.3127e-05
6.1989e-05
2.0981e-05
2.1458e-06
5.9605e-06
1.4067e-05
2.3127e-05
9.5367e-07
2.1935e-05
2.8491e-04
0.0000e+00
0.0000e+00
2.1935e-05
0.0000e+00
2.0981e-05
1.3399e-04
0.0000e+00
0.0000e+00
2.1935e-05
1.1921e-06
2.0981e-05
0.0000e+00
3.0041e-05
9.5367e-07
2.2173e-05
1.1921e-06
2.0981e-05
2.1458e-06
2.1935e-05
9.5367e-07
2.0981e-05
9.5367e-07
2.0981e-05
9.5367e-07
2.1935e-05
1.1921e-06
2.0981e-05
3.8791e-04
2.2888e-05
9.5367e-07
2.2173e-05
2.8849e-05
2.2173e-05
1.9073e-06
2.1935e-05
1.0014e-05
2.0981e-05
1.0014e-05
1.1921e-06
1.3828e-05
2.2173e-05
9.5367e-07
2.1935e-05
1.8311e-04
0.0000e+00
1.1921e-06
2.2888e-05
9.5367e-07
2.0981e-05
0.0000e+00
2.0981e-05
2.3890e-04
2.2173e-05
2.8610e-06
2.0981e-05
2.1458e-06
2.0981e-05
1.3399e-04
9.5367e-07
1.1921e-06
2.9802e-05
9.5367e-07
2.2888e-05
9.5367e-07
2.2173e-05
2.1601e-04
0.0000e+00
9.5367e-07
2.1935e-05
6.0081e-05
0.0000e+00
0.0000e+00
2.1935e-05
0.0000e+00
2.0981e-05
9.5367e-07
2.0981e-05
2.1458e-06
0.0000e+00
1.1921e-06
2.2888e-05
9.5367e-07
2.1935e-05
1.1921e-06
2.0981e-05
9.5367e-07
2.0981e-05
9.5367e-07
2.0981e-05
0.0000e+00
2.0981e-05
9.5367e-07
2.0981e-05
0.0000e+00
2.7895e-05
9.5367e-07
2.1935e-05
9.5367e-07
2.0981e-05
2.8610e-06
2.2173e-05
9.5367e-07
2.0981e-05
9.5367e-07
2.0981e-05
1.9073e-06
2.5034e-05
9.5367e-07
2.2173e-05
9.5367e-07
2.1935e-05
9.5367e-07
2.2173e-05
9.5367e-07
2.0981e-05
9.1410e-04
2.1935e-05
1.0991e-04
1.1921e-06
5.9605e-06
9.5367e-07
9.5367e-07
2.1935e-05
0.0000e+00
2.0981e-05
1.5092e-04
9.5367e-07
9.5367e-07
2.2888e-05
0.0000e+00
2.0981e-05
9.5367e-07
2.0981e-05
9.6083e-05
0.0000e+00
9.5367e-07
2.1935e-05
0.0000e+00
2.0981e-05
2.2602e-04
2.1935e-05
2.1458e-06
2.1935e-05
9.5367e-07
2.2888e-05
1.1921e-06
2.5988e-05
5.9605e-06
0.0000e+00
1.3113e-05
2.1935e-05
2.5606e-04
0.0000e+00
9.5367e-07
2.1935e-05
0.0000e+00
2.1935e-05
4.1962e-05
0.0000e+00
0.0000e+00
2.1935e-05
9.5367e-07
2.9087e-05
1.4091e-04
2.1935e-05
1.1921e-06
2.0981e-05
1.6809e-04
2.0981e-05
9.5367e-07
2.0981e-05
1.0109e-04
9.5367e-07
1.1921e-06
2.1935e-05
0.0000e+00
2.0981e-05
0.0000e+00
2.9802e-05
1.3018e-04
0.0000e+00
9.5367e-07
2.2173e-05
0.0000e+00
2.0981e-05
9.5367e-07
2.0981e-05
1.1921e-06
2.0981e-05
9.5367e-07
2.0981e-05
9.5367e-07
2.0981e-05
4.0078e-04
0.0000e+00
9.5367e-07
2.3127e-05
0.0000e+00
2.1935e-05
1.1611e-04
2.1935e-05
9.5367e-07
2.0981e-05
3.0994e-06
2.0981e-05
9.2983e-05
9.5367e-07
3.0994e-06
0.0000e+00
9.5367e-07
2.1935e-05
6.3896e-05
2.9087e-05
1.2398e-04
0.0000e+00
6.1035e-05
0.0000e+00
6.1989e-05
0.0000e+00
6.4850e-05
1.1921e-06
9.5367e-07
2.1935e-05
9.0122e-05
2.0981e-05
1.9073e-06
2.2173e-05
9.5367e-07
2.0981e-05
0.0000e+00
2.0981e-05
9.1076e-05
9.5367e-07
3.8147e-05
0.0000e+00
0.0000e+00
2.3127e-05
9.5367e-07
2.1935e-05
0.0000e+00
2.0981e-05
1.1921e-06
2.1935e-05
4.0531e-06
0.0000e+00
1.2875e-05
2.1219e-05
9.7752e-06
0.0000e+00
2.2888e-05
2.1935e-05
5.3501e-04
2.2888e-05
5.1022e-05
0.0000e+00
9.2030e-05
0.0000e+00
0.0000e+00
2.1935e-05
9.5367e-07
2.0981e-05
0.0000e+00
2.0981e-05
9.5367e-07
2.0981e-05
3.0994e-06
2.1935e-05
9.5367e-07
3.0041e-05
1.6093e-04
0.0000e+00
2.0981e-05
2.1935e-05
9.5367e-07
2.2173e-05
9.5367e-07
2.1935e-05
9.5367e-07
2.1219e-05
1.1921e-06
2.1935e-05
4.1199e-04
0.0000e+00
0.0000e+00
2.0981e-05
9.5367e-07
2.5988e-05
1.5020e-05
2.1935e-05
1.1921e-06
2.1935e-05
9.5367e-07
2.1935e-05
9.5367e-07
2.0981e-05
2.8610e-06
2.0981e-05
2.5320e-04
2.0981e-05
3.0994e-06
0.0000e+00
3.0041e-05
2.9087e-05
9.5367e-07
2.1935e-05
2.2411e-04
0.0000e+00
0.0000e+00
2.2173e-05
0.0000e+00
2.1935e-05
1.0896e-04
2.2173e-05
1.9073e-06
2.5034e-05
9.5367e-07
2.2173e-05
4.7684e-06
2.8849e-05
1.1921e-06
2.2888e-05
3.4809e-04
0.0000e+00
1.3113e-05
0.0000e+00
9.5367e-07
2.1935e-05
1.1921e-06
2.1935e-05
1.4997e-04
2.1935e-05
1.1921e-06
2.0981e-05
9.5367e-07
2.0981e-05
9.5367e-07
2.1935e-05
2.3508e-04
1.1921e-06
1.1921e-06
2.2888e-05
9.5367e-07
2.0981e-05
1.5092e-04
0.0000e+00
0.0000e+00
2.2173e-05
6.2943e-05
0.0000e+00
0.0000e+00
2.2173e-05
2.9802e-05
2.0981e-05
9.5367e-07
2.1935e-05
0.0000e+00
2.0981e-05
9.5367e-07
2.0981e-05
2.4199e-04
2.0981e-05
1.9073e-06
2.0981e-05
2.1458e-06
2.0981e-05
8.1062e-05
2.0981e-05
4.1962e-05
3.0041e-05
6.7949e-05
2.1935e-05
1.1921e-05
2.1935e-05
1.1921e-06
2.1935e-05
9.5367e-07
2.0981e-05
2.2912e-04
0.0000e+00
9.5367e-07
2.1935e-05
0.0000e+00
2.1935e-05
9.5367e-07
2.7895e-05
1.1921e-06
2.2888e-05
1.3494e-04
0.0000e+00
0.0000e+00
2.1935e-05
0.0000e+00
2.0981e-05
2.8205e-04
9.5367e-07
9.5367e-07
2.3127e-05
9.5367e-07
2.0981e-05
0.0000e+00
2.0981e-05
0.0000e+00
3.0041e-05
9.5367e-07
2.2173e-05
0.0000e+00
2.1935e-05
9.5367e-07
2.0981e-05
0.0000e+00
2.0981e-05
1.5497e-04
0.0000e+00
9.5367e-07
2.2173e-05
0.0000e+00
2.1935e-05
9.5367e-07
2.9087e-05
9.5367e-07
2.0981e-05
2.5415e-04
0.0000e+00
0.0000e+00
2.1935e-05
1.1921e-06
2.0981e-05
2.6989e-04
2.2173e-05
1.9073e-06
2.0981e-05
1.1921e-06
2.0981e-05
2.1195e-04
0.0000e+00
9.5367e-07
2.2888e-05
3.0994e-06
0.0000e+00
9.5367e-07
2.2173e-05
0.0000e+00
2.0981e-05
9.7036e-05
2.1935e-05
1.9073e-06
2.2173e-05
1.6999e-04
0.0000e+00
0.0000e+00
2.2173e-05
4.3869e-05
3.0041e-05
9.5367e-07
2.0981e-05
9.5367e-07
2.1935e-05
1.1921e-06
2.1935e-05
4.0531e-06
2.0981e-05
1.9073e-06
2.0981e-05
1.1921e-06
2.0981e-05
2.6393e-04
2.1935e-05
2.8610e-06
9.5367e-07
2.3127e-05
2.1935e-05
9.5367e-07
2.2173e-05
1.4400e-04
0.0000e+00
9.5367e-07
2.1935e-05
9.5367e-07
2.2173e-05
9.5367e-07
2.1935e-05
2.9802e-04
2.3127e-05
4.9114e-05
0.0000e+00
9.5367e-07
2.3127e-05
5.7936e-05
2.1935e-05
9.5367e-07
2.2173e-05
1.9073e-06
2.1935e-05
1.1921e-06
2.0981e-05
9.5367e-07
2.1935e-05
1.1921e-06
2.0981e-05
9.5367e-07
2.6941e-05
3.5691e-04
0.0000e+00
0.0000e+00
2.1935e-05
5.7936e-05
0.0000e+00
0.0000e+00
2.1935e-05
9.5367e-07
2.1935e-05
9.5367e-07
2.1935e-05
3.0994e-06
0.0000e+00
9.5367e-07
2.1935e-05
1.1921e-06
2.1935e-05
9.5367e-07
2.2888e-05
9.5367e-07
2.1935e-05
3.0518e-04
2.0981e-05
1.9073e-06
2.2173e-05
2.2388e-04
0.0000e+00
0.0000e+00
2.2888e-05
9.5367e-07
2.2173e-05
0.0000e+00
2.0981e-05
9.5367e-07
2.2173e-05
0.0000e+00
2.0981e-05
0.0000e+00
2.0027e-05
0.0000e+00
2.0981e-05
1.9073e-06
2.5034e-05
1.9073e-06
2.0981e-05
5.9605e-06
2.1935e-05
1.9073e-06
3.1948e-05
9.5367e-07
2.0981e-05
4.1509e-04
0.0000e+00
9.5367e-07
2.2173e-05
0.0000e+00
2.1935e-05
2.9612e-04
9.5367e-07
9.5367e-07
2.1935e-05
0.0000e+00
2.2173e-05
9.5367e-07
2.5034e-05
2.1458e-06
2.2888e-05
2.1458e-06
2.0981e-05
9.5367e-07
2.1935e-05
9.5367e-07
2.0981e-05
3.1805e-04
0.0000e+00
0.0000e+00
2.3127e-05
5.5075e-05
0.0000e+00
0.0000e+00
2.1935e-05
9.5129e-05
2.7895e-05
4.0531e-06
2.2888e-05
4.4107e-05
2.1935e-05
2.1458e-06
2.1935e-05
9.5367e-07
2.2173e-05
2.8610e-06
2.2173e-05
9.5367e-07
2.0981e-05
2.6989e-04
0.0000e+00
9.5367e-07
3.1948e-05
9.5367e-07
2.2173e-05
8.7976e-05
2.1935e-05
2.1458e-06
2.0981e-05
9.5367e-07
2.2173e-05
9.5367e-07
2.0981e-05
1.9073e-06
2.1219e-05
9.5367e-07
2.0981e-05
9.5367e-07
2.8133e-05
2.6107e-04
2.1935e-05
1.0967e-05
2.1935e-05
3.0994e-06
2.1935e-05
9.5367e-07
2.0981e-05
1.9073e-06
2.0981e-05
1.8311e-04
2.1935e-05
3.0994e-06
2.0981e-05
1.1921e-06
2.1935e-05
9.5367e-07
2.0981e-05
0.0000e+00
2.0981e-05
9.5367e-07
2.0981e-05
1.1921e-06
2.1935e-05
9.5367e-07
2.1935e-05
9.5367e-07
2.0981e-05
9.5367e-07
2.7895e-05
2.9707e-04
0.0000e+00
9.0599e-06
2.2173e-05
9.5367e-07
2.1935e-05
2.2793e-04
2.1219e-05
1.9073e-06
2.1935e-05
1.1921e-06
2.0981e-05
9.7990e-05
2.0981e-05
8.0109e-05
2.8849e-05
3.3855e-05
2.2173e-05
1.9073e-06
2.0981e-05
2.1458e-06
2.1935e-05
9.5367e-07
2.0981e-05
9.0599e-06
2.1935e-05
4.0531e-06
0.0000e+00
2.2173e-05
9.5367e-07
1.9073e-06
2.0981e-05
9.5367e-07
2.2888e-05
3.8195e-04
0.0000e+00
0.0000e+00
2.2173e-05
1.0180e-04
1.1921e-06
9.5367e-07
2.1935e-05
9.5367e-07
2.1935e-05
1.8120e-05
2.2888e-05
3.0994e-06
2.0981e-05
9.5367e-07
3.0994e-05
2.5320e-04
9.5367e-07
9.5367e-07
2.3127e-05
9.5367e-07
2.1935e-05
9.5367e-07
2.0981e-05
0.0000e+00
2.0981e-05
0.0000e+00
2.0981e-05
3.7408e-04
0.0000e+00
9.5367e-07
2.3127e-05
9.5367e-07
3.0041e-05
9.5367e-07
2.2173e-05
1.9073e-06
0.0000e+00
1.3113e-05
9.5367e-07
1.4067e-05
2.1935e-05
1.0967e-05
2.2173e-05
3.3188e-04
0.0000e+00
0.0000e+00
2.3127e-05
9.5367e-07
2.1935e-05
0.0000e+00
2.9087e-05
9.5367e-07
2.2173e-05
9.5367e-07
2.1935e-05
1.8096e-04
0.0000e+00
0.0000e+00
2.1935e-05
0.0000e+00
2.0981e-05
0.0000e+00
2.1935e-05
2.1005e-04
2.1935e-05
4.0531e-06
0.0000e+00
1.3828e-05
2.3127e-05
9.5367e-07
2.1935e-05
7.2002e-05
1.1921e-06
9.5367e-07
2.2888e-05
9.5367e-07
2.2173e-05
2.3293e-04
2.0981e-05
2.1458e-06
2.1935e-05
9.5367e-07
2.0981e-05
9.5367e-07
2.3127e-05
9.5367e-07
2.0981e-05
1.1921e-06
2.0981e-05
1.8787e-04
0.0000e+00
1.7405e-04
0.0000e+00
9.5367e-07
2.1935e-05
0.0000e+00
2.1935e-05
9.5367e-07
2.0981e-05
0.0000e+00
3.0041e-05
1.3614e-04
0.0000e+00
0.0000e+00
2.4080e-05
9.5367e-07
2.1935e-05
7.2956e-05
2.0981e-05
9.5367e-07
2.0981e-05
9.6083e-05
2.0981e-05
2.1458e-06
2.1935e-05
9.5367e-07
2.0981e-05
9.5367e-07
2.2888e-05
9.5367e-07
2.2173e-05
9.5367e-07
2.0981e-05
3.2210e-04
0.0000e+00
9.5367e-07
2.1935e-05
1.1921e-06
2.0981e-05
1.7691e-04
2.0981e-05
4.3869e-05
2.0981e-05
1.9073e-06
2.1935e-05
1.1921e-06
2.0981e-05
9.5367e-07
2.0981e-05
9.5367e-07
2.1935e-05
2.0003e-04
9.5367e-07
9.5367e-07
2.1935e-05
0.0000e+00
2.1935e-05
0.0000e+00
2.0981e-05
8.0908e-02
