7.4589e-03
0.0000e+00
1.4997e-04
0.0000e+00
9.5129e-05
0.0000e+00
9.5129e-05
0.0000e+00
9.3937e-05
0.0000e+00
9.2983e-05
0.0000e+00
1.0610e-04
0.0000e+00
9.4891e-05
0.0000e+00
1.2779e-04
0.0000e+00
9.6083e-05
0.0000e+00
9.2983e-05
0.0000e+00
9.2030e-05
0.0000e+00
9.5129e-05
0.0000e+00
9.2030e-05
0.0000e+00
9.2030e-05
0.0000e+00
9.5844e-05
0.0000e+00
9.6798e-05
0.0000e+00
9.2983e-05
0.0000e+00
9.2983e-05
0.0000e+00
9.3937e-05
0.0000e+00
9.2983e-05
0.0000e+00
9.3937e-05
0.0000e+00
9.1076e-05
0.0000e+00
1.1802e-04
0.0000e+00
9.3222e-05
0.0000e+00
9.1076e-05
0.0000e+00
9.3937e-05
0.0000e+00
9.2983e-05
0.0000e+00
9.2983e-05
0.0000e+00
9.1076e-05
0.0000e+00
1.0800e-04
0.0000e+00
9.5129e-05
0.0000e+00
9.2030e-05
0.0000e+00
9.2030e-05
0.0000e+00
9.0837e-05
0.0000e+00
9.1076e-05
0.0000e+00
9.2030e-05
0.0000e+00
9.0837e-05
0.0000e+00
1.2398e-04
0.0000e+00
1.1301e-04
0.0000e+00
9.7036e-05
0.0000e+00
9.2983e-05
0.0000e+00
9.0122e-05
0.0000e+00
9.2983e-05
0.0000e+00
9.1791e-05
0.0000e+00
1.0514e-04
0.0000e+00
1.6403e-04
0.0000e+00
1.0014e-04
0.0000e+00
9.6083e-05
0.0000e+00
9.5844e-05
0.0000e+00
9.3937e-05
0.0000e+00
9.1076e-05
0.0000e+00
9.4175e-05
0.0000e+00
1.0204e-04
0.0000e+00
9.6083e-05
0.0000e+00
9.1076e-05
0.0000e+00
9.3937e-05
0.0000e+00
9.1076e-05
0.0000e+00
9.1791e-05
0.0000e+00
8.9169e-05
0.0000e+00
9.1076e-05
0.0000e+00
1.2589e-04
0.0000e+00
9.0122e-05
0.0000e+00
9.1076e-05
0.0000e+00
9.6083e-05
0.0000e+00
9.2983e-05
0.0000e+00
9.1791e-05
0.0000e+00
9.2983e-05
0.0000e+00
9.1076e-05
0.0000e+00
1.0395e-04
0.0000e+00
1.2207e-04
0.0000e+00
9.6083e-05
0.0000e+00
9.2983e-05
0.0000e+00
9.3937e-05
0.0000e+00
9.2983e-05
0.0000e+00
9.5129e-05
0.0000e+00
1.3018e-04
0.0000e+00
9.8944e-05
0.0000e+00
9.2030e-05
0.0000e+00
9.2030e-05
0.0000e+00
9.1791e-05
0.0000e+00
9.1076e-05
0.0000e+00
9.1076e-05
0.0000e+00
9.1076e-05
0.0000e+00
1.2493e-04
0.0000e+00
9.5129e-05
0.0000e+00
9.2983e-05
0.0000e+00
9.0122e-05
0.0000e+00
8.9884e-05
0.0000e+00
9.2030e-05
0.0000e+00
9.2030e-05
0.0000e+00
8.8930e-05
0.0000e+00
1.0300e-04
0.0000e+00
9.3937e-05
0.0000e+00
1.4210e-04
0.0000e+00
9.5129e-05
0.0000e+00
9.5129e-05
0.0000e+00
9.2030e-05
0.0000e+00
9.2030e-05
0.0000e+00
1.2302e-04
0.0000e+00
1.0896e-04
0.0000e+00
1.3399e-04
0.0000e+00
1.0705e-04
0.0000e+00
9.7036e-05
0.0000e+00
9.3937e-05
0.0000e+00
9.1076e-05
0.0000e+00
9.2983e-05
0.0000e+00
1.0705e-04
0.0000e+00
9.5129e-05
0.0000e+00
1.4186e-04
0.0000e+00
9.7990e-05
0.0000e+00
9.3937e-05
0.0000e+00
9.4891e-05
0.0000e+00
9.1076e-05
0.0000e+00
1.1611e-04
0.0000e+00
9.6083e-05
0.0000e+00
1.3685e-04
0.0000e+00
1.0490e-04
0.0000e+00
9.8944e-05
0.0000e+00
9.3937e-05
0.0000e+00
9.4175e-05
0.0000e+00
9.3937e-05
0.0000e+00
1.1802e-04
0.0000e+00
1.0419e-04
0.0000e+00
9.1791e-05
0.0000e+00
9.2030e-05
0.0000e+00
9.4891e-05
0.0000e+00
9.0122e-05
0.0000e+00
9.3937e-05
0.0000e+00
9.2983e-05
0.0000e+00
9.2983e-05
0.0000e+00
1.0300e-04
0.0000e+00
9.7990e-05
0.0000e+00
9.3937e-05
0.0000e+00
9.0122e-05
0.0000e+00
8.9884e-05
0.0000e+00
9.2030e-05
0.0000e+00
1.1897e-04
0.0000e+00
9.3937e-05
0.0000e+00
1.0300e-04
0.0000e+00
1.1897e-04
0.0000e+00
9.5129e-05
0.0000e+00
9.2983e-05
0.0000e+00
9.2030e-05
0.0000e+00
9.3937e-05
0.0000e+00
1.1706e-04
0.0000e+00
9.1076e-05
0.0000e+00
9.0122e-05
0.0000e+00
9.0837e-05
0.0000e+00
9.1076e-05
0.0000e+00
8.9169e-05
0.0000e+00
9.4891e-05
0.0000e+00
9.3222e-05
0.0000e+00
9.2030e-05
0.0000e+00
8.7976e-05
0.0000e+00
1.0109e-04
0.0000e+00
8.8930e-05
0.0000e+00
9.0122e-05
0.0000e+00
9.5844e-05
0.0000e+00
9.2030e-05
0.0000e+00
1.1611e-04
0.0000e+00
8.9884e-05
0.0000e+00
9.2030e-05
0.0000e+00
9.9182e-05
0.0000e+00
1.3280e-04
0.0000e+00
9.7990e-05
0.0000e+00
9.2030e-05
0.0000e+00
9.2030e-05
0.0000e+00
9.4891e-05
0.0000e+00
9.0122e-05
0.0000e+00
8.9884e-05
0.0000e+00
9.2030e-05
0.0000e+00
9.5844e-05
0.0000e+00
9.0837e-05
0.0000e+00
9.0837e-05
0.0000e+00
1.1492e-04
0.0000e+00
9.1076e-05
0.0000e+00
9.1076e-05
0.0000e+00
8.8930e-05
0.0000e+00
9.0837e-05
0.0000e+00
1.0800e-04
0.0000e+00
9.2983e-05
0.0000e+00
9.2983e-05
0.0000e+00
9.4891e-05
0.0000e+00
9.1076e-05
0.0000e+00
9.0122e-05
0.0000e+00
8.9884e-05
0.0000e+00
9.6083e-05
0.0000e+00
1.2589e-04
0.0000e+00
9.6083e-05
0.0000e+00
1.1802e-04
0.0000e+00
9.7036e-05
0.0000e+00
9.2983e-05
0.0000e+00
9.0122e-05
0.0000e+00
8.9884e-05
0.0000e+00
1.0514e-04
0.0000e+00
1.1897e-04
0.0000e+00
9.3937e-05
0.0000e+00
1.1802e-04
0.0000e+00
9.2030e-05
0.0000e+00
9.6798e-05
0.0000e+00
9.2030e-05
0.0000e+00
1.0204e-04
0.0000e+00
9.0122e-05
0.0000e+00
9.2030e-05
0.0000e+00
9.1076e-05
0.0000e+00
9.6083e-05
0.0000e+00
9.3937e-05
0.0000e+00
9.2030e-05
0.0000e+00
9.2030e-05
0.0000e+00
9.1076e-05
0.0000e+00
9.0837e-05
0.0000e+00
1.1706e-04
0.0000e+00
1.2207e-04
0.0000e+00
9.2983e-05
0.0000e+00
9.0122e-05
0.0000e+00
8.9884e-05
0.0000e+00
8.9884e-05
0.0000e+00
9.0122e-05
0.0000e+00
1.0085e-04
0.0000e+00
1.1802e-04
0.0000e+00
9.7990e-05
0.0000e+00
9.2030e-05
0.0000e+00
9.1076e-05
0.0000e+00
9.2030e-05
0.0000e+00
8.9884e-05
0.0000e+00
9.2030e-05
0.0000e+00
1.0014e-04
0.0000e+00
1.3590e-04
0.0000e+00
9.5844e-05
0.0000e+00
9.0837e-05
0.0000e+00
9.2983e-05
0.0000e+00
9.2983e-05
0.0000e+00
9.3937e-05
0.0000e+00
9.1076e-05
0.0000e+00
1.1492e-04
0.0000e+00
9.4891e-05
0.0000e+00
9.2030e-05
0.0000e+00
9.1791e-05
0.0000e+00
9.1076e-05
0.0000e+00
8.9884e-05
0.0000e+00
9.1076e-05
0.0000e+00
1.0204e-04
0.0000e+00
1.4901e-04
0.0000e+00
9.7036e-05
0.0000e+00
9.1076e-05
0.0000e+00
9.1791e-05
0.0000e+00
9.3937e-05
0.0000e+00
9.2030e-05
0.0000e+00
8.9884e-05
0.0000e+00
9.0122e-05
0.0000e+00
1.5497e-04
0.0000e+00
9.7990e-05
0.0000e+00
9.4891e-05
0.0000e+00
9.2983e-05
0.0000e+00
9.2030e-05
0.0000e+00
9.4175e-05
0.0000e+00
9.3937e-05
0.0000e+00
1.3685e-04
0.0000e+00
1.0014e-04
0.0000e+00
9.1076e-05
0.0000e+00
9.1076e-05
0.0000e+00
9.1076e-05
0.0000e+00
8.9884e-05
0.0000e+00
9.1076e-05
0.0000e+00
1.0300e-04
0.0000e+00
1.4710e-04
0.0000e+00
9.4175e-05
0.0000e+00
9.2030e-05
0.0000e+00
9.1076e-05
0.0000e+00
9.1076e-05
0.0000e+00
8.9169e-05
0.0000e+00
9.0122e-05
0.0000e+00
9.2030e-05
0.0000e+00
9.4891e-05
0.0000e+00
9.1076e-05
0.0000e+00
9.1076e-05
0.0000e+00
9.0122e-05
0.0000e+00
9.2030e-05
0.0000e+00
9.1791e-05
0.0000e+00
9.2030e-05
0.0000e+00
1.1396e-04
0.0000e+00
1.2708e-04
0.0000e+00
9.7990e-05
0.0000e+00
9.6083e-05
0.0000e+00
9.2030e-05
0.0000e+00
9.2983e-05
0.0000e+00
9.1076e-05
0.0000e+00
9.2030e-05
0.0000e+00
1.0395e-04
0.0000e+00
1.3423e-04
0.0000e+00
9.4891e-05
0.0000e+00
9.0837e-05
0.0000e+00
9.2983e-05
0.0000e+00
9.3937e-05
0.0000e+00
9.2030e-05
0.0000e+00
1.1587e-04
0.0000e+00
1.0395e-04
0.0000e+00
9.2983e-05
0.0000e+00
9.2030e-05
0.0000e+00
8.9884e-05
0.0000e+00
9.0837e-05
0.0000e+00
9.2030e-05
0.0000e+00
9.2983e-05
0.0000e+00
1.1706e-04
0.0000e+00
1.0109e-04
0.0000e+00
1.1897e-04
0.0000e+00
9.4891e-05
0.0000e+00
9.2983e-05
0.0000e+00
9.2983e-05
0.0000e+00
9.4891e-05
0.0000e+00
9.1791e-05
0.0000e+00
9.7036e-05
0.0000e+00
1.1897e-04
0.0000e+00
1.1015e-04
0.0000e+00
9.7036e-05
0.0000e+00
9.2030e-05
0.0000e+00
9.1076e-05
0.0000e+00
9.1076e-05
0.0000e+00
1.2207e-04
0.0000e+00
1.0705e-04
0.0000e+00
1.3304e-04
0.0000e+00
1.0300e-04
0.0000e+00
9.7036e-05
0.0000e+00
9.3937e-05
0.0000e+00
9.1076e-05
0.0000e+00
9.2030e-05
0.0000e+00
1.0300e-04
0.0000e+00
9.8944e-05
0.0000e+00
9.9182e-05
0.0000e+00
9.3937e-05
0.0000e+00
9.2030e-05
0.0000e+00
9.2983e-05
0.0000e+00
9.1076e-05
0.0000e+00
1.2302e-04
0.0000e+00
8.9884e-05
0.0000e+00
1.0800e-04
0.0000e+00
9.2030e-05
0.0000e+00
9.1076e-05
0.0000e+00
8.9884e-05
0.0000e+00
9.1076e-05
0.0000e+00
8.7976e-05
0.0000e+00
9.2983e-05
0.0000e+00
9.2030e-05
0.0000e+00
1.2302e-04
0.0000e+00
9.7990e-05
0.0000e+00
9.3937e-05
0.0000e+00
9.2030e-05
0.0000e+00
9.2030e-05
0.0000e+00
1.2016e-04
0.0000e+00
9.2983e-05
0.0000e+00
9.1076e-05
0.0000e+00
1.3614e-04
0.0000e+00
1.2612e-04
0.0000e+00
9.3937e-05
0.0000e+00
9.5844e-05
0.0000e+00
9.3937e-05
0.0000e+00
9.2983e-05
0.0000e+00
9.2030e-05
0.0000e+00
1.0395e-04
0.0000e+00
9.9897e-05
0.0000e+00
9.2983e-05
0.0000e+00
9.1791e-05
0.0000e+00
9.1791e-05
0.0000e+00
1.1301e-04
0.0000e+00
9.2030e-05
0.0000e+00
9.9897e-05
0.0000e+00
9.0122e-05
0.0000e+00
1.0395e-04
0.0000e+00
9.3937e-05
0.0000e+00
9.2983e-05
0.0000e+00
9.2030e-05
0.0000e+00
1.1802e-04
0.0000e+00
9.6083e-05
0.0000e+00
1.0300e-04
0.0000e+00
1.2398e-04
0.0000e+00
9.3937e-05
0.0000e+00
9.1076e-05
0.0000e+00
9.1076e-05
0.0000e+00
9.3937e-05
0.0000e+00
9.3222e-05
0.0000e+00
9.0837e-05
0.0000e+00
1.0109e-04
0.0000e+00
1.1802e-04
0.0000e+00
9.2983e-05
0.0000e+00
8.9884e-05
0.0000e+00
8.9884e-05
0.0000e+00
1.2612e-04
0.0000e+00
9.2030e-05
0.0000e+00
1.0490e-04
0.0000e+00
8.9884e-05
0.0000e+00
1.0109e-04
0.0000e+00
9.2030e-05
0.0000e+00
9.2030e-05
0.0000e+00
9.2030e-05
0.0000e+00
9.2983e-05
0.0000e+00
9.3222e-05
0.0000e+00
9.2030e-05
0.0000e+00
1.2016e-04
0.0000e+00
1.0586e-04
0.0000e+00
9.4891e-05
0.0000e+00
9.2030e-05
0.0000e+00
1.1897e-04
0.0000e+00
9.1791e-05
0.0000e+00
9.1076e-05
0.0000e+00
1.0300e-04
0.0000e+00
1.1921e-04
0.0000e+00
9.7036e-05
0.0000e+00
9.3937e-05
0.0000e+00
9.2030e-05
0.0000e+00
9.6798e-05
0.0000e+00
9.3937e-05
0.0000e+00
9.3937e-05
0.0000e+00
1.0300e-04
0.0000e+00
9.2030e-05
0.0000e+00
9.2030e-05
0.0000e+00
9.3937e-05
0.0000e+00
1.1516e-04
0.0000e+00
9.7036e-05
0.0000e+00
9.2983e-05
0.0000e+00
9.2030e-05
0.0000e+00
1.0395e-04
0.0000e+00
1.2207e-04
0.0000e+00
9.6083e-05
0.0000e+00
9.2030e-05
0.0000e+00
1.2302e-04
0.0000e+00
9.2030e-05
0.0000e+00
9.2030e-05
0.0000e+00
9.2030e-05
0.0000e+00
1.0300e-04
0.0000e+00
1.3709e-04
0.0000e+00
9.2030e-05
0.0000e+00
9.1076e-05
0.0000e+00
9.4891e-05
0.0000e+00
9.2030e-05
0.0000e+00
9.2030e-05
0.0000e+00
9.2983e-05
0.0000e+00
1.0085e-04
0.0000e+00
9.3937e-05
0.0000e+00
9.2030e-05
0.0000e+00
1.1516e-04
0.0000e+00
9.0837e-05
0.0000e+00
8.8930e-05
0.0000e+00
9.2030e-05
0.0000e+00
9.2030e-05
0.0000e+00
1.0085e-04
0.0000e+00
1.1778e-04
0.0000e+00
9.2030e-05
0.0000e+00
1.2183e-04
0.0000e+00
9.2983e-05
0.0000e+00
9.2983e-05
0.0000e+00
9.2983e-05
0.0000e+00
9.5129e-05
0.0000e+00
1.0395e-04
0.0000e+00
1.0085e-04
0.0000e+00
9.4891e-05
0.0000e+00
9.2983e-05
0.0000e+00
9.2030e-05
0.0000e+00
9.2030e-05
0.0000e+00
8.9884e-05
0.0000e+00
1.0180e-04
0.0000e+00
1.1301e-04
0.0000e+00
9.7990e-05
0.0000e+00
8.9884e-05
0.0000e+00
9.4175e-05
0.0000e+00
9.3937e-05
0.0000e+00
9.0122e-05
0.0000e+00
8.9884e-05
0.0000e+00
1.0300e-04
0.0000e+00
1.3304e-04
0.0000e+00
9.6083e-05
0.0000e+00
1.1706e-04
0.0000e+00
9.0837e-05
0.0000e+00
8.9884e-05
0.0000e+00
9.0122e-05
0.0000e+00
9.0122e-05
0.0000e+00
8.8930e-05
0.0000e+00
1.1802e-04
0.0000e+00
9.3937e-05
0.0000e+00
9.4175e-05
0.0000e+00
9.2030e-05
0.0000e+00
9.1076e-05
0.0000e+00
9.1076e-05
0.0000e+00
9.2983e-05
0.0000e+00
1.0204e-04
0.0000e+00
1.1992e-04
0.0000e+00
1.2207e-04
0.0000e+00
9.5129e-05
0.0000e+00
9.3937e-05
0.0000e+00
9.1791e-05
0.0000e+00
9.2983e-05
0.0000e+00
9.2030e-05
0.0000e+00
1.0300e-04
0.0000e+00
1.0109e-04
0.0000e+00
1.2112e-04
0.0000e+00
9.2983e-05
0.0000e+00
9.3937e-05
0.0000e+00
9.2983e-05
0.0000e+00
9.2030e-05
0.0000e+00
1.0395e-04
0.0000e+00
1.3113e-04
0.0000e+00
9.6083e-05
0.0000e+00
9.7990e-05
0.0000e+00
9.2983e-05
0.0000e+00
9.1076e-05
0.0000e+00
9.2983e-05
0.0000e+00
9.2030e-05
0.0000e+00
9.3937e-05
0.0000e+00
1.2088e-04
0.0000e+00
1.2183e-04
0.0000e+00
9.4891e-05
0.0000e+00
9.3937e-05
0.0000e+00
9.4175e-05
0.0000e+00
9.2030e-05
0.0000e+00
9.3937e-05
0.0000e+00
1.0419e-04
0.0000e+00
1.2112e-04
0.0000e+00
9.7990e-05
0.0000e+00
9.5129e-05
0.0000e+00
9.2983e-05
0.0000e+00
9.4891e-05
0.0000e+00
9.2983e-05
0.0000e+00
1.0395e-04
0.0000e+00
9.5129e-05
0.0000e+00
1.1706e-04
0.0000e+00
9.2983e-05
0.0000e+00
9.2030e-05
0.0000e+00
9.0837e-05
0.0000e+00
9.4175e-05
0.0000e+00
9.2030e-05
0.0000e+00
9.2030e-05
0.0000e+00
9.2983e-05
0.0000e+00
1.3804e-04
0.0000e+00
9.2983e-05
0.0000e+00
9.2983e-05
0.0000e+00
9.3937e-05
0.0000e+00
9.2030e-05
0.0000e+00
9.2983e-05
0.0000e+00
9.0837e-05
0.0000e+00
1.2708e-04
0.0000e+00
9.9897e-05
0.0000e+00
9.6083e-05
0.0000e+00
9.2030e-05
0.0000e+00
9.2030e-05
0.0000e+00
9.2030e-05
0.0000e+00
9.2030e-05
0.0000e+00
1.0419e-04
0.0000e+00
1.4305e-04
0.0000e+00
9.1791e-05
0.0000e+00
9.0837e-05
0.0000e+00
9.1076e-05
0.0000e+00
8.9884e-05
0.0000e+00
9.4175e-05
0.0000e+00
9.2030e-05
0.0000e+00
1.0300e-04
0.0000e+00
1.1802e-04
0.0000e+00
1.4305e-04
0.0000e+00
9.2983e-05
0.0000e+00
9.3937e-05
0.0000e+00
9.7036e-05
0.0000e+00
9.2983e-05
0.0000e+00
1.0109e-04
0.0000e+00
1.5593e-04
0.0000e+00
9.2983e-05
0.0000e+00
9.1076e-05
0.0000e+00
9.2030e-05
0.0000e+00
9.1076e-05
0.0000e+00
9.2030e-05
0.0000e+00
9.2983e-05
0.0000e+00
8.7023e-05
0.0000e+00
9.2983e-05
0.0000e+00
9.2030e-05
0.0000e+00
9.0122e-05
0.0000e+00
9.2030e-05
0.0000e+00
9.0837e-05
0.0000e+00
9.2030e-05
0.0000e+00
9.2030e-05
0.0000e+00
1.1206e-04
0.0000e+00
9.3937e-05
0.0000e+00
9.2983e-05
0.0000e+00
9.3937e-05
0.0000e+00
9.2030e-05
0.0000e+00
9.3222e-05
0.0000e+00
9.2983e-05
0.0000e+00
9.2030e-05
0.0000e+00
9.4891e-05
0.0000e+00
1.3685e-04
0.0000e+00
1.0395e-04
0.0000e+00
9.4891e-05
0.0000e+00
9.1076e-05
0.0000e+00
9.1076e-05
0.0000e+00
9.0122e-05
0.0000e+00
1.2398e-04
0.0000e+00
1.0514e-04
0.0000e+00
1.3185e-04
0.0000e+00
9.2983e-05
0.0000e+00
9.0122e-05
0.0000e+00
9.1076e-05
0.0000e+00
8.9884e-05
0.0000e+00
8.7976e-05
0.0000e+00
1.0920e-04
0.0000e+00
9.2030e-05
0.0000e+00
1.1110e-04
0.0000e+00
9.4891e-05
0.0000e+00
9.7990e-05
0.0000e+00
9.6083e-05
0.0000e+00
9.2983e-05
0.0000e+00
1.1897e-04
0.0000e+00
1.0896e-04
0.0000e+00
1.3399e-04
0.0000e+00
9.7990e-05
0.0000e+00
9.2983e-05
0.0000e+00
9.0837e-05
0.0000e+00
9.1076e-05
0.0000e+00
9.0837e-05
0.0000e+00
9.7990e-05
0.0000e+00
1.0514e-04
0.0000e+00
9.1076e-05
0.0000e+00
9.0837e-05
0.0000e+00
9.2030e-05
0.0000e+00
9.2030e-05
0.0000e+00
8.9169e-05
0.0000e+00
1.1587e-04
0.0000e+00
9.4891e-05
0.0000e+00
1.0204e-04
0.0000e+00
1.3614e-04
0.0000e+00
9.7036e-05
0.0000e+00
9.0837e-05
0.0000e+00
8.9884e-05
0.0000e+00
9.5129e-05
0.0000e+00
1.3804e-04
0.0000e+00
9.3937e-05
0.0000e+00
1.1516e-04
0.0000e+00
9.5844e-05
0.0000e+00
9.2030e-05
0.0000e+00
8.9884e-05
0.0000e+00
8.8930e-05
0.0000e+00
9.0122e-05
0.0000e+00
9.6083e-05
0.0000e+00
1.3089e-04
0.0000e+00
9.9897e-05
0.0000e+00
9.2983e-05
0.0000e+00
9.1076e-05
0.0000e+00
9.0122e-05
0.0000e+00
9.0837e-05
0.0000e+00
1.2302e-04
0.0000e+00
1.0490e-04
0.0000e+00
1.1778e-04
0.0000e+00
9.2983e-05
0.0000e+00
9.2030e-05
0.0000e+00
8.9884e-05
0.0000e+00
9.2030e-05
0.0000e+00
9.0837e-05
0.0000e+00
1.0610e-04
0.0000e+00
9.2030e-05
0.0000e+00
9.2030e-05
0.0000e+00
9.2030e-05
0.0000e+00
9.0837e-05
0.0000e+00
9.1076e-05
0.0000e+00
8.9169e-05
0.0000e+00
1.1396e-04
0.0000e+00
9.8944e-05
0.0000e+00
9.1076e-05
0.0000e+00
1.1897e-04
0.0000e+00
9.3937e-05
0.0000e+00
9.1076e-05
0.0000e+00
9.2983e-05
0.0000e+00
9.1076e-05
0.0000e+00
9.4891e-05
0.0000e+00
1.0204e-04
0.0000e+00
9.2983e-05
0.0000e+00
1.0109e-04
0.0000e+00
9.2030e-05
0.0000e+00
9.0837e-05
0.0000e+00
9.1791e-05
0.0000e+00
1.1992e-04
0.0000e+00
9.1076e-05
0.0000e+00
1.0300e-04
0.0000e+00
9.2983e-05
0.0000e+00
9.3222e-05
0.0000e+00
9.0837e-05
0.0000e+00
9.2030e-05
0.0000e+00
9.2030e-05
0.0000e+00
9.4175e-05
0.0000e+00
9.1076e-05
0.0000e+00
9.7990e-05
0.0000e+00
9.1076e-05
0.0000e+00
1.0109e-04
0.0000e+00
9.3937e-05
0.0000e+00
9.2030e-05
0.0000e+00
1.1802e-04
0.0000e+00
9.4891e-05
0.0000e+00
9.1076e-05
0.0000e+00
9.0837e-05
0.0000e+00
9.3937e-05
0.0000e+00
9.1076e-05
0.0000e+00
9.0122e-05
0.0000e+00
9.2030e-05
0.0000e+00
1.1277e-04
0.0000e+00
9.2030e-05
0.0000e+00
9.2983e-05
0.0000e+00
9.0837e-05
0.0000e+00
1.3804e-04
0.0000e+00
9.3937e-05
0.0000e+00
9.5129e-05
0.0000e+00
9.0837e-05
0.0000e+00
9.4891e-05
0.0000e+00
9.1076e-05
0.0000e+00
9.1076e-05
0.0000e+00
1.0109e-04
0.0000e+00
8.9884e-05
0.0000e+00
9.1076e-05
0.0000e+00
9.0122e-05
0.0000e+00
1.1396e-04
0.0000e+00
9.0122e-05
0.0000e+00
8.8930e-05
0.0000e+00
9.0837e-05
0.0000e+00
9.0837e-05
0.0000e+00
1.5521e-04
0.0000e+00
3.0041e-05
0.0000e+00
2.4080e-05
0.0000e+00
2.2888e-05
0.0000e+00
2.0981e-05
0.0000e+00
1.9789e-05
0.0000e+00
3.3855e-05
0.0000e+00
2.0027e-05
0.0000e+00
2.0027e-05
0.0000e+00
2.0027e-05
0.0000e+00
2.6941e-05
0.0000e+00
1.9789e-05
0.0000e+00
2.0027e-05
0.0000e+00
2.0027e-05
0.0000e+00
2.0027e-05
0.0000e+00
2.0027e-05
0.0000e+00
1.9073e-05
0.0000e+00
2.0027e-05
0.0000e+00
2.0981e-05
0.0000e+00
1.9073e-05
0.0000e+00
1.8835e-05
0.0000e+00
1.8835e-05
0.0000e+00
1.8835e-05
0.0000e+00
2.0027e-05
0.0000e+00
2.0027e-05
0.0000e+00
2.6941e-05
0.0000e+00
2.0981e-05
0.0000e+00
2.0981e-05
0.0000e+00
2.0981e-05
0.0000e+00
2.0027e-05
0.0000e+00
2.0027e-05
0.0000e+00
1.9789e-05
0.0000e+00
3.2902e-05
0.0000e+00
3.0041e-05
0.0000e+00
2.0981e-05
0.0000e+00
2.0981e-05
0.0000e+00
2.0981e-05
0.0000e+00
2.0981e-05
0.0000e+00
2.0981e-05
0.0000e+00
2.0981e-05
0.0000e+00
2.0981e-05
0.0000e+00
2.1935e-05
0.0000e+00
3.3140e-05
0.0000e+00
2.0027e-05
0.0000e+00
2.0027e-05
0.0000e+00
2.0027e-05
0.0000e+00
2.0027e-05
0.0000e+00
1.9073e-05
0.0000e+00
2.6941e-05
0.0000e+00
2.0027e-05
0.0000e+00
2.0027e-05
0.0000e+00
2.0027e-05
0.0000e+00
1.9789e-05
0.0000e+00
2.0981e-05
0.0000e+00
2.0027e-05
0.0000e+00
1.9073e-05
0.0000e+00
2.1935e-05
0.0000e+00
2.0027e-05
0.0000e+00
2.0027e-05
0.0000e+00
2.0027e-05
0.0000e+00
1.9789e-05
0.0000e+00
2.0027e-05
0.0000e+00
1.9073e-05
0.0000e+00
2.7180e-05
0.0000e+00
2.3842e-05
0.0000e+00
2.0027e-05
0.0000e+00
2.0027e-05
0.0000e+00
2.0027e-05
0.0000e+00
1.9073e-05
0.0000e+00
2.0981e-05
0.0000e+00
2.0981e-05
0.0000e+00
2.3127e-05
0.0000e+00
2.0981e-05
0.0000e+00
2.0981e-05
0.0000e+00
2.0981e-05
0.0000e+00
2.0981e-05
0.0000e+00
2.0027e-05
0.0000e+00
2.0027e-05
0.0000e+00
2.7180e-05
0.0000e+00
2.0981e-05
0.0000e+00
2.0027e-05
0.0000e+00
2.0027e-05
0.0000e+00
2.0027e-05
0.0000e+00
1.9073e-05
0.0000e+00
1.9073e-05
0.0000e+00
1.8835e-05
0.0000e+00
2.0981e-05
0.0000e+00
2.0027e-05
0.0000e+00
1.9073e-05
0.0000e+00
2.0027e-05
0.0000e+00
2.0027e-05
0.0000e+00
1.9073e-05
0.0000e+00
2.0027e-05
0.0000e+00
2.6941e-05
0.0000e+00
2.0981e-05
0.0000e+00
2.0027e-05
0.0000e+00
2.0027e-05
0.0000e+00
2.0027e-05
0.0000e+00
2.0027e-05
0.0000e+00
1.8835e-05
0.0000e+00
2.0027e-05
0.0000e+00
3.0994e-05
0.0000e+00
2.0027e-05
0.0000e+00
2.0027e-05
0.0000e+00
2.0027e-05
0.0000e+00
3.3140e-05
0.0000e+00
2.0027e-05
0.0000e+00
2.0981e-05
0.0000e+00
2.0981e-05
0.0000e+00
2.1935e-05
0.0000e+00
1.9789e-05
0.0000e+00
1.9789e-05
0.0000e+00
1.9789e-05
0.0000e+00
2.0027e-05
0.0000e+00
2.0981e-05
0.0000e+00
2.0981e-05
0.0000e+00
2.6941e-05
0.0000e+00
2.0981e-05
0.0000e+00
2.0027e-05
0.0000e+00
2.0027e-05
0.0000e+00
2.0027e-05
0.0000e+00
2.0027e-05
0.0000e+00
2.0027e-05
0.0000e+00
2.0027e-05
0.0000e+00
2.0981e-05
0.0000e+00
2.0027e-05
0.0000e+00
2.0027e-05
0.0000e+00
2.0027e-05
0.0000e+00
2.0981e-05
0.0000e+00
2.0027e-05
0.0000e+00
2.0981e-05
0.0000e+00
2.6941e-05
0.0000e+00
2.0981e-05
0.0000e+00
2.0027e-05
0.0000e+00
2.0027e-05
0.0000e+00
2.0027e-05
0.0000e+00
2.0027e-05
0.0000e+00
2.2888e-05
0.0000e+00
2.0027e-05
0.0000e+00
2.8133e-05
0.0000e+00
2.0027e-05
0.0000e+00
1.9789e-05
0.0000e+00
3.5048e-05
0.0000e+00
2.0027e-05
0.0000e+00
2.0981e-05
0.0000e+00
2.0027e-05
0.0000e+00
2.0981e-05
0.0000e+00
2.2173e-05
0.0000e+00
2.0981e-05
0.0000e+00
2.0981e-05
0.0000e+00
2.0981e-05
0.0000e+00
2.0027e-05
0.0000e+00
3.2902e-05
0.0000e+00
2.0027e-05
0.0000e+00
2.6941e-05
0.0000e+00
2.0981e-05
0.0000e+00
1.9073e-05
0.0000e+00
1.9073e-05
0.0000e+00
1.9073e-05
0.0000e+00
1.9073e-05
0.0000e+00
1.9789e-05
0.0000e+00
2.0027e-05
0.0000e+00
2.2173e-05
0.0000e+00
2.0027e-05
0.0000e+00
1.8835e-05
0.0000e+00
2.0027e-05
0.0000e+00
1.9073e-05
0.0000e+00
1.9073e-05
0.0000e+00
2.0027e-05
0.0000e+00
2.7895e-05
0.0000e+00
2.0027e-05
0.0000e+00
2.0027e-05
0.0000e+00
2.0027e-05
0.0000e+00
2.0027e-05
0.0000e+00
2.5034e-05
0.0000e+00
2.0027e-05
0.0000e+00
2.0027e-05
0.0000e+00
2.0981e-05
0.0000e+00
3.2902e-05
0.0000e+00
2.0981e-05
0.0000e+00
2.0981e-05
0.0000e+00
2.0981e-05
0.0000e+00
2.0981e-05
0.0000e+00
2.0981e-05
0.0000e+00
2.6941e-05
0.0000e+00
2.0981e-05
0.0000e+00
2.0027e-05
0.0000e+00
2.0027e-05
0.0000e+00
2.0981e-05
0.0000e+00
2.0027e-05
0.0000e+00
2.0027e-05
0.0000e+00
2.0027e-05
0.0000e+00
2.1935e-05
0.0000e+00
2.0027e-05
0.0000e+00
2.0027e-05
0.0000e+00
2.0027e-05
0.0000e+00
2.0027e-05
0.0000e+00
1.9789e-05
0.0000e+00
1.8835e-05
0.0000e+00
2.8133e-05
0.0000e+00
2.0981e-05
0.0000e+00
2.0027e-05
0.0000e+00
2.0027e-05
0.0000e+00
1.9073e-05
0.0000e+00
2.0981e-05
0.0000e+00
1.9789e-05
0.0000e+00
2.0027e-05
0.0000e+00
2.0981e-05
0.0000e+00
2.0027e-05
0.0000e+00
2.0027e-05
0.0000e+00
2.2888e-05
0.0000e+00
2.0027e-05
0.0000e+00
1.9073e-05
0.0000e+00
2.1935e-05
0.0000e+00
2.7180e-05
0.0000e+00
2.1935e-05
0.0000e+00
2.0981e-05
0.0000e+00
2.0027e-05
0.0000e+00
2.1219e-05
0.0000e+00
2.0981e-05
0.0000e+00
1.9789e-05
0.0000e+00
2.0027e-05
0.0000e+00
2.1935e-05
0.0000e+00
2.0027e-05
0.0000e+00
2.0027e-05
0.0000e+00
3.2902e-05
0.0000e+00
2.0027e-05
0.0000e+00
2.0027e-05
0.0000e+00
1.9073e-05
0.0000e+00
2.5034e-05
0.0000e+00
2.0027e-05
0.0000e+00
2.0027e-05
0.0000e+00
2.0027e-05
0.0000e+00
1.9789e-05
0.0000e+00
2.0027e-05
0.0000e+00
2.0027e-05
0.0000e+00
1.9073e-05
0.0000e+00
2.0981e-05
0.0000e+00
2.0027e-05
0.0000e+00
2.0027e-05
0.0000e+00
1.8835e-05
0.0000e+00
1.8835e-05
0.0000e+00
2.0027e-05
0.0000e+00
2.0027e-05
0.0000e+00
2.5988e-05
0.0000e+00
2.0027e-05
0.0000e+00
2.0027e-05
0.0000e+00
2.2888e-05
0.0000e+00
2.0027e-05
0.0000e+00
1.9073e-05
0.0000e+00
1.9073e-05
0.0000e+00
1.8835e-05
0.0000e+00
3.6001e-05
0.0000e+00
2.0027e-05
0.0000e+00
2.0027e-05
0.0000e+00
2.0027e-05
0.0000e+00
2.0027e-05
0.0000e+00
2.0027e-05
0.0000e+00
2.0027e-05
0.0000e+00
2.9087e-05
0.0000e+00
2.0981e-05
0.0000e+00
2.0027e-05
0.0000e+00
3.2902e-05
0.0000e+00
2.0027e-05
0.0000e+00
1.9073e-05
0.0000e+00
2.0027e-05
0.0000e+00
1.9073e-05
0.0000e+00
2.0981e-05
0.0000e+00
1.9073e-05
0.0000e+00
2.0027e-05
0.0000e+00
2.0027e-05
0.0000e+00
2.0027e-05
0.0000e+00
1.9073e-05
0.0000e+00
1.9073e-05
0.0000e+00
2.7895e-05
0.0000e+00
2.0027e-05
0.0000e+00
2.0027e-05
0.0000e+00
1.8835e-05
0.0000e+00
2.0027e-05
0.0000e+00
2.0027e-05
0.0000e+00
1.9073e-05
0.0000e+00
1.9073e-05
0.0000e+00
2.0027e-05
1.0713e-01
