3.4120e-03
1.5974e-05
4.3869e-05
4.5559e-03
2.5034e-05
1.5974e-05
2.1935e-05
5.0068e-06
2.5988e-05
9.5367e-07
2.3127e-05
2.3198e-04
2.3127e-05
3.4809e-05
2.3127e-05
2.8849e-05
4.6968e-05
1.4067e-05
0.0000e+00
3.0994e-06
2.2888e-05
3.0994e-05
2.2173e-05
2.4986e-04
1.1921e-06
1.5974e-05
0.0000e+00
0.0000e+00
2.2173e-05
9.5367e-07
2.1935e-05
9.5367e-07
2.1935e-05
2.0027e-05
3.0994e-05
2.1005e-04
0.0000e+00
0.0000e+00
2.2888e-05
1.1921e-06
2.1935e-05
0.0000e+00
2.0981e-05
1.1921e-06
2.1935e-05
5.9605e-06
2.1935e-05
9.5367e-07
2.1935e-05
9.5367e-07
3.5048e-05
1.6117e-04
2.2888e-05
3.6955e-05
2.1935e-05
2.3842e-05
2.2173e-05
2.5988e-05
0.0000e+00
4.1962e-05
2.1935e-05
2.1935e-05
2.1935e-05
2.5988e-05
2.2173e-05
1.2610e-03
0.0000e+00
0.0000e+00
3.0994e-05
1.2708e-04
0.0000e+00
9.5367e-07
2.5988e-05
0.0000e+00
2.1935e-05
9.2983e-05
2.1935e-05
3.0994e-05
1.1921e-06
3.8147e-06
2.1219e-05
9.4891e-05
0.0000e+00
0.0000e+00
2.1935e-05
0.0000e+00
2.9087e-05
9.5367e-07
2.1935e-05
9.5367e-07
2.1935e-05
2.8610e-06
2.2173e-05
2.9206e-04
2.1935e-05
8.1062e-06
2.1935e-05
1.9073e-06
2.1219e-05
1.9073e-06
2.0981e-05
2.1458e-06
2.2888e-05
9.5367e-07
2.0981e-05
6.4588e-04
2.2173e-05
1.9073e-06
2.1935e-05
4.5991e-04
2.1935e-05
1.9073e-06
2.1935e-05
1.2159e-05
2.1935e-05
9.5367e-07
2.9087e-05
1.9073e-06
2.3127e-05
4.3869e-05
2.2173e-05
4.7922e-05
2.0981e-05
3.0994e-06
2.1935e-05
2.1458e-06
2.1935e-05
9.5367e-07
2.0981e-05
8.1062e-06
2.1935e-05
1.9407e-04
2.9087e-05
2.8610e-06
2.2173e-05
8.8930e-05
0.0000e+00
1.9073e-05
2.1935e-05
0.0000e+00
2.0981e-05
9.9897e-05
0.0000e+00
1.1921e-06
2.1935e-05
0.0000e+00
2.0981e-05
0.0000e+00
2.2173e-05
1.9073e-06
2.3127e-05
2.3890e-04
2.1935e-05
2.0099e-04
9.5367e-07
9.5367e-07
2.2888e-05
1.1921e-06
2.1935e-05
9.5367e-07
2.1935e-05
1.1611e-04
0.0000e+00
2.5034e-05
2.1935e-05
9.5367e-07
3.0041e-05
1.9073e-06
2.5034e-05
9.5367e-07
2.1935e-05
9.5367e-07
2.0981e-05
2.3580e-04
1.1921e-06
9.5367e-07
2.1935e-05
9.5367e-07
2.2173e-05
9.5367e-07
2.0981e-05
0.0000e+00
2.8133e-05
5.0783e-05
2.1935e-05
9.5367e-07
2.1935e-05
1.1921e-06
2.1935e-05
2.5392e-04
1.1921e-06
1.0967e-05
0.0000e+00
2.7895e-05
2.1935e-05
3.0041e-05
2.0981e-05
1.9073e-06
2.2173e-05
1.9073e-06
2.5988e-05
1.1921e-06
2.0981e-05
6.7949e-05
2.2173e-05
1.1921e-06
2.0981e-05
9.5367e-07
2.0981e-05
3.8147e-05
2.0981e-05
3.3712e-04
2.0981e-05
1.0014e-05
2.8133e-05
1.9073e-06
2.1935e-05
9.5367e-07
2.0981e-05
0.0000e+00
2.0981e-05
9.5367e-07
2.0981e-05
9.5367e-07
2.0981e-05
5.4908e-04
0.0000e+00
0.0000e+00
2.1935e-05
1.1921e-06
3.1948e-05
9.5367e-07
2.1935e-05
5.1975e-05
2.0981e-05
4.6015e-05
2.1935e-05
4.9114e-05
2.1935e-05
1.9073e-06
2.0981e-05
1.9073e-06
2.0981e-05
1.5998e-04
2.0981e-05
3.3140e-05
2.5988e-05
9.5367e-07
2.1935e-05
1.1921e-06
2.1935e-05
3.2902e-05
2.0981e-05
9.5367e-07
2.0981e-05
1.4710e-04
0.0000e+00
6.9141e-06
2.2173e-05
9.5367e-07
2.1935e-05
1.1921e-06
2.9802e-05
2.1458e-06
2.1935e-05
1.9002e-04
0.0000e+00
0.0000e+00
2.2173e-05
9.5367e-07
2.1935e-05
3.0994e-05
2.0981e-05
1.0014e-05
2.0981e-05
1.1921e-05
2.2173e-05
1.8096e-04
3.0041e-05
9.5367e-07
2.3127e-05
9.5367e-07
2.1935e-05
9.5367e-07
2.0981e-05
1.9073e-06
2.0981e-05
5.0068e-06
2.0981e-05
1.9002e-04
1.1921e-06
2.7895e-05
2.1935e-05
2.5034e-05
2.9087e-05
5.9128e-05
2.1935e-05
1.6189e-04
0.0000e+00
1.8835e-05
2.2173e-05
9.5367e-07
2.1935e-05
9.5367e-07
2.2173e-05
9.5367e-07
2.0981e-05
5.0068e-06
2.0981e-05
1.1921e-06
2.9802e-05
1.8907e-04
0.0000e+00
0.0000e+00
2.2888e-05
9.5367e-07
2.1219e-05
1.6928e-05
2.1935e-05
2.2173e-05
2.0981e-05
2.5034e-05
2.1935e-05
2.6202e-04
2.1935e-05
3.5048e-05
2.9087e-05
1.6928e-05
2.3127e-05
1.5020e-05
2.1935e-05
5.0068e-06
0.0000e+00
2.0027e-05
2.3127e-05
9.5367e-07
2.1935e-05
5.0068e-06
2.0981e-05
1.7500e-04
0.0000e+00
1.5020e-05
2.2888e-05
4.5061e-05
9.5367e-07
9.5367e-07
2.3127e-05
7.3695e-04
9.5367e-07
1.1921e-06
2.4796e-05
9.5367e-07
2.1935e-05
0.0000e+00
2.1219e-05
1.4901e-04
0.0000e+00
0.0000e+00
2.1935e-05
6.6996e-05
2.0981e-05
3.8147e-06
0.0000e+00
1.2875e-05
0.0000e+00
2.2173e-05
2.2888e-05
1.7595e-04
2.0981e-05
9.5367e-07
2.0981e-05
9.5367e-07
2.2173e-05
8.0109e-05
2.2888e-05
9.5367e-07
2.2173e-05
1.9073e-06
2.1935e-05
9.5367e-07
2.1935e-05
3.8147e-06
2.2173e-05
1.9884e-04
2.2173e-05
0.0000e+00
2.0981e-05
1.3804e-04
2.0981e-05
9.5367e-07
2.2173e-05
9.5367e-07
2.1935e-05
9.5367e-07
2.9087e-05
9.5367e-07
2.3127e-05
2.7394e-04
0.0000e+00
9.5367e-07
2.3127e-05
5.9605e-06
0.0000e+00
4.0531e-06
2.2173e-05
1.4496e-04
0.0000e+00
9.5367e-07
2.5034e-05
9.5367e-07
2.1935e-05
1.1921e-06
2.1935e-05
1.1921e-06
2.1935e-05
4.0531e-06
2.1935e-05
9.5367e-07
2.1219e-05
3.1185e-04
0.0000e+00
6.4850e-05
1.1921e-06
1.8835e-05
2.2173e-05
2.3842e-05
2.0981e-05
2.3842e-05
2.0981e-05
4.1008e-05
2.9087e-05
1.0967e-05
2.1935e-05
1.8406e-04
0.0000e+00
0.0000e+00
2.1935e-05
1.9073e-06
0.0000e+00
0.0000e+00
2.0981e-05
1.5903e-04
2.1935e-05
4.3154e-05
2.0981e-05
2.4080e-05
2.0981e-05
7.1049e-05
2.1935e-05
1.9789e-05
2.0981e-05
3.1948e-05
2.0981e-05
2.1935e-05
2.1935e-05
2.0981e-05
2.0981e-05
9.2983e-05
2.0981e-05
3.0994e-06
2.0981e-05
1.1921e-06
2.8849e-05
9.5367e-07
2.1935e-05
1.4305e-04
2.1935e-05
9.5367e-07
2.2173e-05
9.5367e-07
2.0981e-05
0.0000e+00
2.1219e-05
2.3603e-04
0.0000e+00
9.5367e-07
2.1935e-05
9.5367e-07
2.8133e-05
9.5367e-07
2.1935e-05
0.0000e+00
2.0981e-05
7.2956e-05
2.1935e-05
2.1458e-06
2.0981e-05
2.1195e-04
2.1935e-05
1.4067e-05
2.1935e-05
3.0994e-06
2.0981e-05
9.5367e-07
3.3140e-05
1.2589e-04
2.2173e-05
9.5367e-07
2.0981e-05
0.0000e+00
2.1219e-05
9.6798e-05
2.2173e-05
1.9073e-06
2.1935e-05
9.5367e-07
2.1219e-05
6.9141e-06
2.0981e-05
2.1458e-06
2.2888e-05
1.6499e-04
1.1921e-06
1.8835e-05
2.2173e-05
9.5367e-07
2.0981e-05
1.6499e-04
2.0981e-05
2.8610e-06
2.1935e-05
1.1921e-06
2.1935e-05
3.8862e-05
9.5367e-07
9.5367e-07
3.0041e-05
1.4496e-04
2.1935e-05
1.0610e-04
0.0000e+00
2.0981e-05
2.2173e-05
0.0000e+00
2.0981e-05
1.1921e-06
2.1935e-05
9.5367e-07
2.2888e-05
1.1921e-06
2.1935e-05
9.0599e-06
2.7895e-05
1.1921e-06
2.1935e-05
9.5367e-07
2.0981e-05
1.9503e-04
2.1935e-05
9.5367e-07
2.0981e-05
1.1921e-06
2.0981e-05
2.7800e-04
0.0000e+00
9.5367e-07
2.2173e-05
9.5367e-07
2.9087e-05
4.1962e-05
9.5367e-07
9.5367e-07
2.4080e-05
9.5367e-07
2.1935e-05
2.2507e-04
2.1935e-05
6.2227e-05
0.0000e+00
1.7881e-05
2.2173e-05
2.4796e-05
2.2173e-05
2.0981e-05
2.0981e-05
2.6941e-05
7.1526e-06
4.0531e-06
2.3842e-05
2.5034e-05
2.1219e-05
2.5034e-05
2.0981e-05
2.0981e-05
2.0981e-05
2.3293e-04
0.0000e+00
0.0000e+00
2.0981e-05
1.9789e-05
2.2173e-05
2.3842e-05
2.2173e-05
1.5020e-05
2.1935e-05
2.0981e-05
2.2173e-05
2.0981e-05
2.0981e-05
2.0981e-05
2.2173e-05
9.5367e-07
2.0981e-05
1.0967e-05
2.2173e-05
2.9993e-04
2.1935e-05
3.1948e-05
3.0041e-05
1.5020e-05
2.1935e-05
2.2173e-05
2.0981e-05
2.5034e-05
9.5367e-07
4.2915e-05
2.1935e-05
2.2888e-05
2.2173e-05
2.6226e-05
0.0000e+00
5.1022e-05
2.1935e-05
2.5034e-05
2.0981e-05
1.7881e-05
2.2173e-05
2.4080e-05
2.1935e-05
2.1935e-05
2.1219e-05
2.8896e-04
9.5367e-07
3.0994e-06
9.5367e-07
0.0000e+00
2.1935e-05
9.5367e-07
2.0981e-05
3.3855e-05
2.2173e-05
1.6499e-04
0.0000e+00
1.0014e-05
2.3127e-05
9.5367e-07
2.1935e-05
1.1921e-06
2.1935e-05
5.6982e-05
2.1935e-05
5.6982e-05
1.1921e-06
2.0981e-05
2.1935e-05
8.1062e-06
2.1935e-05
9.5367e-07
2.2173e-05
9.5367e-07
2.3127e-05
1.9789e-05
2.1935e-05
2.5606e-04
0.0000e+00
1.9073e-06
3.9101e-05
9.5367e-07
3.7909e-05
9.5367e-07
3.7909e-05
4.0531e-06
0.0000e+00
9.0599e-06
3.9101e-05
9.5367e-07
4.9114e-05
1.4997e-04
3.9101e-05
1.9073e-06
3.7193e-05
3.8147e-06
3.6955e-05
9.5367e-07
3.9101e-05
2.8610e-06
3.6955e-05
5.9605e-06
0.0000e+00
9.5367e-07
3.6955e-05
1.0490e-04
2.4080e-05
4.0531e-06
0.0000e+00
1.0705e-04
0.0000e+00
9.5367e-07
2.7895e-05
1.1921e-06
2.1935e-05
2.5511e-04
2.1935e-05
1.9073e-06
2.2173e-05
9.5367e-07
2.1935e-05
1.0014e-05
2.0981e-05
4.0531e-06
0.0000e+00
1.3828e-05
2.3127e-05
9.5367e-07
2.0981e-05
9.5367e-07
2.1935e-05
3.0994e-06
0.0000e+00
1.7881e-05
2.3127e-05
3.5095e-04
0.0000e+00
0.0000e+00
2.0981e-05
0.0000e+00
2.4080e-05
1.9407e-04
0.0000e+00
1.1921e-06
3.1948e-05
0.0000e+00
2.0981e-05
0.0000e+00
2.0981e-05
2.1935e-05
2.1935e-05
4.6015e-05
2.2173e-05
1.1206e-05
2.1935e-05
4.0531e-06
2.0981e-05
2.1887e-04
1.1921e-06
0.0000e+00
2.9802e-05
1.1921e-06
2.0981e-05
0.0000e+00
2.1935e-05
1.1921e-06
2.0981e-05
6.1989e-05
2.1935e-05
1.0014e-05
2.1935e-05
9.5367e-07
2.5034e-05
2.2101e-04
0.0000e+00
1.7166e-05
3.0041e-05
2.9802e-05
2.1935e-05
3.7909e-05
2.1935e-05
2.1458e-06
2.1935e-05
1.5497e-04
2.1935e-05
1.1921e-06
2.0981e-05
1.8191e-04
0.0000e+00
9.5367e-07
2.1935e-05
9.5367e-07
3.0041e-05
1.1921e-06
2.1935e-05
9.5367e-07
2.0981e-05
0.0000e+00
2.0981e-05
2.3842e-05
2.1935e-05
1.9073e-06
2.2173e-05
7.8678e-06
2.1219e-05
2.8610e-06
2.0981e-05
9.5367e-07
2.1935e-05
9.5367e-07
2.0981e-05
0.0000e+00
2.0981e-05
3.2115e-04
2.0981e-05
1.9073e-06
2.0981e-05
5.3883e-05
2.0981e-05
9.0599e-06
2.1935e-05
3.0994e-06
0.0000e+00
1.5974e-05
9.5367e-07
2.0981e-05
2.3127e-05
1.1921e-06
2.1935e-05
2.2888e-04
2.1935e-05
9.5367e-07
2.0981e-05
1.0777e-04
2.1219e-05
9.5367e-07
2.1935e-05
2.3127e-05
2.1935e-05
2.8610e-06
2.3127e-05
9.5367e-07
2.1935e-05
2.0409e-04
2.1935e-05
1.1921e-06
2.0981e-05
9.2983e-05
2.1935e-05
2.8610e-06
0.0000e+00
2.0027e-05
2.1935e-05
0.0000e+00
2.0981e-05
1.1206e-04
2.5034e-05
7.1526e-06
2.1935e-05
9.5367e-07
2.2173e-05
1.2684e-04
9.5367e-07
2.1458e-06
0.0000e+00
3.0994e-06
2.1935e-05
2.1458e-06
2.0981e-05
1.7595e-04
2.0981e-05
6.9141e-06
3.0041e-05
9.5367e-07
2.1935e-05
9.5129e-05
2.1935e-05
7.2956e-05
2.1935e-05
4.0531e-06
0.0000e+00
1.9789e-05
2.2173e-05
7.6056e-05
2.0981e-05
4.6015e-05
2.4080e-05
5.9605e-06
3.1948e-05
9.2983e-05
2.1935e-05
5.9605e-06
0.0000e+00
9.5367e-07
2.1935e-05
1.6499e-04
2.1935e-05
9.0599e-06
2.0981e-05
1.9073e-06
2.2173e-05
9.5367e-07
2.1935e-05
1.8001e-04
0.0000e+00
4.0531e-06
3.3140e-05
1.9073e-06
2.1935e-05
9.5367e-07
2.2173e-05
1.1802e-04
0.0000e+00
2.8610e-06
0.0000e+00
2.2173e-05
0.0000e+00
2.0027e-05
2.6941e-05
2.6011e-04
9.5367e-07
8.7023e-05
0.0000e+00
0.0000e+00
2.1935e-05
0.0000e+00
2.8133e-05
6.4850e-05
2.2173e-05
9.5367e-07
2.1935e-05
6.8188e-05
2.1935e-05
9.5367e-07
2.0981e-05
1.3590e-04
2.1935e-05
2.1458e-06
2.1935e-05
9.5367e-07
2.0981e-05
9.2030e-05
2.3127e-05
9.5367e-07
2.0981e-05
0.0000e+00
2.1219e-05
1.0800e-04
2.1935e-05
1.0896e-04
0.0000e+00
0.0000e+00
2.0981e-05
6.1989e-05
2.1935e-05
8.1062e-06
2.1935e-05
1.1921e-06
2.1935e-05
0.0000e+00
2.0981e-05
1.1921e-06
2.0981e-05
2.1005e-04
2.0981e-05
9.5367e-07
2.1219e-05
9.5367e-07
2.0981e-05
1.4305e-04
2.1935e-05
1.0967e-05
0.0000e+00
3.0041e-05
2.9087e-05
1.2994e-04
0.0000e+00
0.0000e+00
2.1935e-05
9.5367e-07
2.2173e-05
9.5367e-07
2.0981e-05
6.0081e-05
2.1935e-05
1.5497e-04
0.0000e+00
0.0000e+00
2.1935e-05
3.4094e-05
2.1935e-05
9.5367e-07
2.2888e-05
7.3910e-05
2.2173e-05
7.7009e-05
2.1935e-05
3.0994e-06
0.0000e+00
2.0027e-05
2.0981e-05
9.2030e-05
2.0981e-05
9.5367e-07
2.1935e-05
1.5116e-04
2.1935e-05
1.1921e-06
2.2888e-05
7.2002e-05
2.1935e-05
8.2970e-05
0.0000e+00
8.4162e-05
0.0000e+00
0.0000e+00
2.1935e-05
1.1921e-06
2.0981e-05
0.0000e+00
2.0981e-05
9.5367e-07
2.2173e-05
2.3293e-04
0.0000e+00
9.5367e-07
2.4080e-05
0.0000e+00
2.0981e-05
4.2200e-05
2.1935e-05
5.5075e-05
2.1935e-05
3.3140e-05
2.1935e-05
9.5367e-07
2.0981e-05
1.1110e-04
0.0000e+00
9.5367e-07
2.3127e-05
9.5367e-07
2.3127e-05
5.1022e-05
9.5367e-07
9.5367e-07
2.2173e-05
1.9073e-06
0.0000e+00
3.5501e-04
0.0000e+00
0.0000e+00
2.1935e-05
9.0599e-06
9.5367e-07
2.0981e-05
2.3127e-05
9.5367e-07
2.0981e-05
2.1458e-06
0.0000e+00
2.0027e-05
3.0041e-05
1.8001e-04
9.5367e-07
3.0994e-06
2.1935e-05
3.9101e-05
2.1935e-05
1.7500e-04
0.0000e+00
0.0000e+00
2.2173e-05
9.5367e-07
2.1935e-05
9.5367e-07
2.2173e-05
1.4400e-04
2.1935e-05
1.1921e-06
2.2888e-05
2.2888e-05
2.2173e-05
9.5367e-07
2.0981e-05
1.6284e-04
1.1921e-06
1.9789e-05
0.0000e+00
0.0000e+00
2.2888e-05
9.5367e-07
2.1219e-05
6.5804e-05
2.2173e-05
9.5367e-07
2.6941e-05
9.5367e-07
2.2888e-05
1.2398e-04
2.2173e-05
1.6689e-04
9.5367e-07
1.1921e-06
2.1935e-05
1.9073e-06
1.1921e-06
9.7752e-06
2.0981e-05
1.9073e-06
2.2173e-05
9.5367e-07
2.0981e-05
9.5367e-07
2.9087e-05
4.0197e-04
0.0000e+00
9.5367e-07
2.2888e-05
3.0994e-06
9.5367e-07
4.0531e-06
2.1935e-05
8.1062e-06
2.1935e-05
2.1458e-06
2.0981e-05
1.8311e-04
0.0000e+00
0.0000e+00
2.2888e-05
2.1458e-06
0.0000e+00
6.8784e-04
0.0000e+00
9.5367e-07
2.5034e-05
1.9073e-06
0.0000e+00
0.0000e+00
2.1935e-05
9.5367e-07
2.1935e-05
5.0068e-06
0.0000e+00
3.1948e-05
9.5367e-07
9.5367e-07
2.1935e-05
9.5367e-07
2.1935e-05
0.0000e+00
3.0041e-05
9.5367e-07
2.1935e-05
3.6001e-04
9.5367e-07
9.2030e-05
9.5367e-07
9.5367e-07
2.2173e-05
0.0000e+00
2.0981e-05
9.5367e-07
2.1219e-05
5.9605e-06
0.0000e+00
9.5367e-07
2.2173e-05
2.3985e-04
2.1935e-05
1.1921e-06
2.1935e-05
9.5367e-07
2.0981e-05
9.2983e-05
2.1935e-05
3.0994e-06
0.0000e+00
2.0027e-05
2.0981e-05
1.1921e-06
2.0981e-05
9.5367e-07
2.1935e-05
8.1062e-06
2.1935e-05
2.5988e-04
2.3127e-05
9.5367e-07
2.2173e-05
9.5367e-07
2.0981e-05
9.5367e-07
2.2173e-05
9.5367e-07
2.0981e-05
2.1791e-04
1.1921e-06
9.5367e-07
2.1935e-05
0.0000e+00
2.0981e-05
9.5367e-07
2.3127e-05
9.5367e-07
2.0981e-05
2.5392e-04
1.1921e-06
9.5367e-07
2.1935e-05
6.6996e-05
2.1219e-05
1.9073e-06
2.0981e-05
1.0014e-04
0.0000e+00
9.5367e-07
2.0981e-05
1.0967e-05
0.0000e+00
1.1921e-06
2.2888e-05
9.5367e-07
2.2173e-05
1.2493e-04
2.1935e-05
2.1458e-06
2.0981e-05
9.5367e-07
2.1935e-05
1.6403e-04
9.5367e-07
9.0599e-06
2.1935e-05
1.0300e-04
0.0000e+00
2.2888e-05
2.9087e-05
6.9857e-05
2.3127e-05
4.0531e-06
2.1935e-05
1.4067e-05
2.1935e-05
1.9073e-06
2.2173e-05
9.5367e-07
2.5034e-05
1.7691e-04
2.1219e-05
2.8610e-06
9.5367e-07
1.1921e-06
2.0981e-05
5.0068e-06
0.0000e+00
9.5367e-07
2.2888e-05
9.5367e-07
2.2173e-05
7.8678e-06
2.2173e-05
3.6097e-04
9.5367e-07
1.5974e-05
0.0000e+00
1.1921e-06
2.1935e-05
0.0000e+00
2.0981e-05
9.5367e-07
2.2173e-05
8.5115e-05
2.2888e-05
0.0000e+00
2.0981e-05
1.7810e-04
9.5367e-07
9.5367e-07
2.2173e-05
9.5367e-07
2.0981e-05
0.0000e+00
2.2173e-05
9.5367e-07
2.0981e-05
0.0000e+00
2.0981e-05
1.8001e-04
0.0000e+00
0.0000e+00
2.3127e-05
9.5367e-07
2.0981e-05
4.5061e-05
2.0981e-05
1.9073e-06
2.0981e-05
2.2721e-04
2.1935e-05
2.8610e-06
2.0981e-05
1.9073e-06
2.1935e-05
3.8147e-06
2.2888e-05
9.5367e-07
2.0981e-05
2.0409e-04
2.0981e-05
1.1921e-06
2.0981e-05
9.5367e-07
2.0981e-05
4.1008e-05
2.0981e-05
4.3869e-05
2.0981e-05
9.5367e-07
2.7895e-05
1.9813e-04
2.2888e-05
2.1458e-06
2.0981e-05
3.0994e-06
2.0981e-05
2.8610e-06
2.0981e-05
1.0014e-05
2.0981e-05
9.0599e-06
2.0981e-05
9.5367e-07
2.0981e-05
1.1921e-06
2.8849e-05
1.1921e-06
2.0981e-05
2.5415e-04
2.1935e-05
9.5367e-07
2.2173e-05
9.5367e-07
2.0981e-05
1.3208e-04
2.0981e-05
2.1458e-06
2.0981e-05
1.9073e-06
2.0981e-05
1.5783e-04
2.1935e-05
9.5367e-07
2.0981e-05
2.1458e-06
2.0981e-05
1.4806e-04
9.5367e-07
6.1989e-05
9.5367e-07
1.1921e-06
2.2888e-05
4.6968e-05
2.2173e-05
9.5367e-07
2.1935e-05
1.6499e-04
0.0000e+00
1.1921e-06
2.2888e-05
3.0994e-06
0.0000e+00
1.8287e-04
0.0000e+00
9.5367e-07
2.1935e-05
0.0000e+00
2.1935e-05
1.0490e-04
0.0000e+00
0.0000e+00
2.1935e-05
1.0300e-04
2.1935e-05
4.0531e-06
2.0981e-05
1.1206e-05
2.9802e-05
9.5367e-07
2.5034e-05
5.2929e-05
0.0000e+00
9.5367e-07
2.2173e-05
6.1989e-05
2.1935e-05
1.1396e-04
2.0981e-05
4.0531e-06
2.1935e-05
1.9073e-06
2.0981e-05
9.0599e-06
3.0041e-05
9.5367e-07
2.2173e-05
1.9288e-04
0.0000e+00
1.7881e-05
2.1935e-05
9.5367e-07
2.0981e-05
8.1062e-05
2.0981e-05
2.1458e-06
0.0000e+00
1.9073e-05
2.0981e-05
1.3113e-05
2.0981e-05
1.1921e-06
2.1935e-05
4.0531e-06
9.5367e-07
1.5974e-05
0.0000e+00
1.5974e-05
2.1935e-05
9.5367e-07
2.2173e-05
1.9073e-06
2.0981e-05
3.0994e-06
2.0981e-05
5.4097e-04
2.2173e-05
4.9829e-05
3.3140e-05
1.9073e-06
2.3127e-05
9.5367e-07
2.0981e-05
3.0994e-06
2.1935e-05
1.1921e-06
2.0981e-05
1.9073e-06
2.1935e-05
2.3913e-04
9.5367e-07
3.0994e-06
0.0000e+00
6.9141e-06
0.0000e+00
2.2173e-05
2.2888e-05
2.1458e-06
2.1935e-05
0.0000e+00
2.0981e-05
0.0000e+00
2.0981e-05
9.5367e-07
2.1935e-05
9.5367e-07
2.1219e-05
2.8610e-06
2.0981e-05
4.2701e-04
2.0981e-05
1.9073e-06
0.0000e+00
1.0896e-04
0.0000e+00
8.2016e-05
0.0000e+00
9.5367e-07
2.2888e-05
0.0000e+00
2.0981e-05
1.0300e-04
2.0981e-05
3.0994e-06
0.0000e+00
3.0041e-05
2.1935e-05
2.4700e-04
0.0000e+00
0.0000e+00
2.1935e-05
0.0000e+00
3.0994e-05
9.5367e-07
2.2173e-05
1.9503e-04
0.0000e+00
0.0000e+00
2.1935e-05
9.5367e-07
2.2173e-05
5.9605e-06
2.5034e-05
9.5367e-07
2.3127e-05
1.9979e-04
2.0981e-05
1.9073e-06
2.8133e-05
9.5367e-07
2.2173e-05
9.5367e-07
2.0981e-05
1.8096e-04
1.1921e-06
2.1935e-05
2.1935e-05
6.9141e-06
2.0981e-05
1.7691e-04
0.0000e+00
0.0000e+00
2.1935e-05
0.0000e+00
2.0981e-05
5.1022e-05
3.0994e-05
1.1921e-06
2.1935e-05
9.5367e-07
2.1935e-05
1.4997e-04
2.0981e-05
0.0000e+00
2.0981e-05
1.2803e-04
0.0000e+00
1.9073e-06
1.1921e-06
3.8147e-06
2.1935e-05
9.5367e-07
2.0981e-05
1.9908e-04
2.2888e-05
9.5367e-07
2.0981e-05
4.4107e-05
2.0981e-05
3.9101e-05
2.0981e-05
4.1008e-05
2.0981e-05
8.9169e-05
9.5367e-07
1.9073e-05
2.1935e-05
0.0000e+00
2.0981e-05
9.5367e-07
3.0994e-05
1.5116e-04
2.1935e-05
5.0068e-06
0.0000e+00
9.5367e-07
2.2173e-05
2.3198e-04
9.5367e-07
9.5367e-07
2.1935e-05
0.0000e+00
2.2173e-05
9.5367e-07
2.0981e-05
2.1458e-06
2.0981e-05
9.5367e-07
2.1935e-05
1.9073e-06
2.0981e-05
0.0000e+00
2.0981e-05
2.1458e-06
2.1935e-05
2.0099e-04
2.1935e-05
1.0014e-04
0.0000e+00
9.5367e-07
2.1935e-05
9.5367e-07
2.0981e-05
2.0599e-04
2.3127e-05
2.1458e-06
2.1935e-05
9.5367e-07
2.1219e-05
9.5367e-07
2.0981e-05
1.8716e-04
2.1935e-05
9.5367e-07
2.1935e-05
1.1921e-06
2.0981e-05
9.5367e-07
2.9087e-05
9.5367e-07
2.1935e-05
1.7905e-04
2.3127e-05
9.5367e-07
2.0981e-05
9.5367e-07
2.2173e-05
1.4281e-04
2.0981e-05
9.5367e-07
2.0981e-05
1.1921e-06
2.0981e-05
3.1948e-05
2.3127e-05
9.5367e-07
2.0981e-05
2.0885e-04
0.0000e+00
0.0000e+00
2.1935e-05
1.9073e-06
2.2173e-05
1.9073e-06
2.1935e-05
1.8215e-04
9.5367e-07
9.5367e-07
2.1935e-05
9.5367e-07
3.3140e-05
4.8876e-05
0.0000e+00
1.9073e-06
2.1935e-05
9.2030e-05
2.0981e-05
3.8862e-05
2.2173e-05
1.0395e-04
0.0000e+00
9.5367e-07
2.2173e-05
8.7023e-05
0.0000e+00
0.0000e+00
2.1935e-05
4.6968e-05
2.8133e-05
2.0599e-04
9.5367e-07
9.5367e-07
2.3127e-05
0.0000e+00
2.0981e-05
8.3923e-05
2.4080e-05
9.5367e-07
2.1935e-05
8.1062e-06
2.1935e-05
8.4162e-05
2.1935e-05
2.8610e-06
2.1219e-05
5.0068e-06
0.0000e+00
1.9813e-04
0.0000e+00
0.0000e+00
2.3127e-05
9.5367e-07
2.1935e-05
9.5367e-07
2.0981e-05
6.4850e-05
2.1935e-05
2.1458e-06
2.0981e-05
1.1396e-04
2.2173e-05
2.8610e-06
0.0000e+00
1.2875e-05
2.3127e-05
9.5367e-07
2.0981e-05
4.2200e-05
9.5367e-07
1.9073e-06
0.0000e+00
1.6212e-05
2.1935e-05
3.6788e-04
0.0000e+00
9.5367e-07
2.1935e-05
9.5367e-07
2.0981e-05
1.2088e-04
0.0000e+00
0.0000e+00
3.0041e-05
9.5367e-07
2.0981e-05
1.2612e-04
9.5367e-07
9.5367e-07
2.1935e-05
0.0000e+00
2.0981e-05
2.8610e-06
0.0000e+00
3.8147e-06
2.2173e-05
9.5367e-07
2.0981e-05
9.5367e-07
2.0981e-05
4.0531e-06
9.5367e-07
2.2888e-05
2.2173e-05
1.9073e-06
0.0000e+00
4.4513e-04
0.0000e+00
3.0994e-06
0.0000e+00
0.0000e+00
2.2888e-05
1.1396e-04
2.1935e-05
9.5367e-07
2.1935e-05
9.5367e-07
2.0981e-05
9.1076e-05
2.8133e-05
9.5367e-07
2.2173e-05
9.5367e-07
2.0981e-05
9.5367e-07
2.1935e-05
2.3007e-04
2.0981e-05
1.9073e-06
2.0981e-05
5.1975e-05
2.0981e-05
3.0994e-06
2.0981e-05
2.1458e-06
2.2888e-05
9.5367e-07
2.0981e-05
2.1720e-04
2.0981e-05
1.0014e-05
2.0981e-05
4.6015e-05
2.0981e-05
2.1458e-06
2.0981e-05
1.9073e-06
2.1219e-05
1.9073e-06
2.9087e-05
1.9073e-06
2.1935e-05
1.4114e-04
2.1935e-05
9.0599e-06
2.0981e-05
2.8610e-06
2.0981e-05
1.8501e-04
2.0981e-05
3.1948e-05
2.2173e-05
1.2207e-04
0.0000e+00
4.3869e-05
0.0000e+00
0.0000e+00
2.3127e-05
9.5367e-07
2.1935e-05
9.5367e-07
2.2173e-05
1.0800e-04
2.2173e-05
4.5061e-05
0.0000e+00
8.1062e-06
2.1935e-05
1.1206e-04
0.0000e+00
0.0000e+00
2.3127e-05
7.2956e-05
3.0041e-05
1.9073e-06
2.2888e-05
3.0994e-06
9.5367e-07
2.0981e-05
2.0981e-05
1.3089e-04
2.1935e-05
1.2708e-04
9.5367e-07
9.5367e-07
2.2173e-05
0.0000e+00
2.0981e-05
8.5115e-05
2.1935e-05
4.2915e-05
2.9802e-05
9.5367e-07
2.0981e-05
1.4806e-04
0.0000e+00
0.0000e+00
2.0981e-05
1.3614e-04
0.0000e+00
0.0000e+00
2.0981e-05
9.5367e-07
2.1935e-05
3.0994e-06
2.0981e-05
8.0109e-05
2.0981e-05
3.0041e-05
2.3127e-05
9.5367e-07
2.1935e-05
1.0014e-05
2.1219e-05
1.2183e-04
0.0000e+00
1.0395e-04
0.0000e+00
0.0000e+00
2.2173e-05
0.0000e+00
2.0981e-05
0.0000e+00
2.2173e-05
9.5367e-07
3.0041e-05
9.5367e-07
2.1935e-05
9.5367e-07
2.2173e-05
1.1921e-06
2.1935e-05
2.9302e-04
0.0000e+00
2.1458e-06
0.0000e+00
4.0531e-06
2.3842e-05
1.0204e-04
2.1935e-05
2.1458e-06
2.1935e-05
9.5367e-07
2.8133e-05
9.5367e-07
2.1935e-05
2.4199e-04
0.0000e+00
9.5367e-07
2.1935e-05
0.0000e+00
2.2173e-05
1.2589e-04
2.0981e-05
1.0204e-04
2.2173e-05
2.8610e-06
2.0981e-05
3.0041e-05
9.5367e-07
1.4067e-05
2.3127e-05
9.5367e-07
2.1935e-05
5.0068e-06
0.0000e+00
2.0981e-05
2.0981e-05
2.2912e-04
2.1935e-05
1.9073e-06
2.2173e-05
9.5367e-07
2.0981e-05
9.5367e-07
2.0981e-05
1.8287e-04
1.1921e-06
1.1921e-06
2.2888e-05
9.5367e-07
2.2173e-05
1.0395e-04
0.0000e+00
2.5034e-05
2.1935e-05
1.1921e-06
2.0981e-05
9.3937e-05
2.0981e-05
9.2983e-05
2.1935e-05
2.8610e-06
3.2902e-05
9.5367e-07
2.3127e-05
9.5367e-07
2.0981e-05
5.6982e-05
2.0981e-05
1.9407e-04
9.5367e-07
9.5367e-07
2.1935e-05
4.4107e-05
2.1935e-05
2.1458e-06
2.0981e-05
1.1086e-04
1.1921e-06
1.1921e-06
3.0994e-05
1.1587e-04
0.0000e+00
9.5367e-07
2.3127e-05
1.9073e-06
0.0000e+00
0.0000e+00
2.0981e-05
9.5367e-07
2.0981e-05
1.9288e-04
9.5367e-07
9.5367e-07
2.2173e-05
9.5367e-07
2.1935e-05
8.7023e-05
2.9087e-05
9.5367e-07
2.1935e-05
9.5367e-07
2.0981e-05
8.6069e-05
0.0000e+00
2.0981e-05
2.1935e-05
1.5783e-04
9.5367e-07
1.1921e-06
2.1935e-05
1.2708e-04
2.4796e-05
1.1897e-04
0.0000e+00
0.0000e+00
3.0041e-05
1.0395e-04
0.0000e+00
0.0000e+00
2.1935e-05
9.5367e-07
2.0981e-05
4.0531e-06
2.1935e-05
1.2708e-04
2.1935e-05
4.4107e-05
2.0981e-05
2.1458e-06
2.0981e-05
9.5367e-07
2.8133e-05
1.9073e-06
2.3127e-05
3.0994e-06
0.0000e+00
2.0027e-05
2.2173e-05
9.5367e-07
2.0981e-05
3.3307e-04
0.0000e+00
1.1706e-04
9.5367e-07
8.0797e-02
