6.1820e-03
0.0000e+00
1.0490e-04
0.0000e+00
5.7936e-05
0.0000e+00
5.5075e-05
0.0000e+00
5.3883e-05
0.0000e+00
5.1975e-05
0.0000e+00
5.1975e-05
0.0000e+00
5.1975e-05
0.0000e+00
9.6083e-05
0.0000e+00
5.5075e-05
0.0000e+00
5.2929e-05
0.0000e+00
5.1975e-05
0.0000e+00
5.1022e-05
0.0000e+00
5.1975e-05
0.0000e+00
6.1035e-05
0.0000e+00
5.3167e-05
0.0000e+00
5.7936e-05
0.0000e+00
5.1975e-05
0.0000e+00
5.3883e-05
0.0000e+00
5.1022e-05
0.0000e+00
5.2929e-05
0.0000e+00
5.4121e-05
0.0000e+00
5.1975e-05
0.0000e+00
6.7949e-05
0.0000e+00
5.3883e-05
0.0000e+00
5.3883e-05
0.0000e+00
5.1975e-05
0.0000e+00
5.1975e-05
0.0000e+00
5.9128e-05
0.0000e+00
5.1975e-05
0.0000e+00
1.6999e-04
0.0000e+00
5.9128e-05
0.0000e+00
5.3883e-05
0.0000e+00
5.1975e-05
0.0000e+00
5.2929e-05
0.0000e+00
5.2929e-05
0.0000e+00
5.1975e-05
0.0000e+00
5.1022e-05
0.0000e+00
6.4850e-05
0.0000e+00
5.6028e-05
0.0000e+00
6.0081e-05
0.0000e+00
5.4121e-05
0.0000e+00
5.2214e-05
0.0000e+00
5.3167e-05
0.0000e+00
5.3167e-05
0.0000e+00
5.3167e-05
0.0000e+00
7.2002e-05
0.0000e+00
5.4121e-05
0.0000e+00
5.3167e-05
0.0000e+00
5.2929e-05
0.0000e+00
5.2929e-05
0.0000e+00
5.0783e-05
0.0000e+00
5.1975e-05
0.0000e+00
5.1975e-05
0.0000e+00
5.5075e-05
0.0000e+00
5.9843e-05
0.0000e+00
5.1975e-05
0.0000e+00
5.1975e-05
0.0000e+00
5.1975e-05
0.0000e+00
5.1975e-05
0.0000e+00
5.2214e-05
0.0000e+00
7.3195e-05
0.0000e+00
5.2929e-05
0.0000e+00
5.2929e-05
0.0000e+00
5.2929e-05
0.0000e+00
5.1022e-05
0.0000e+00
5.2214e-05
0.0000e+00
5.1975e-05
0.0000e+00
5.1975e-05
0.0000e+00
6.2943e-05
0.0000e+00
5.1975e-05
0.0000e+00
5.2929e-05
0.0000e+00
5.2929e-05
0.0000e+00
5.1975e-05
0.0000e+00
5.1975e-05
0.0000e+00
5.1975e-05
0.0000e+00
6.9857e-05
0.0000e+00
5.2929e-05
0.0000e+00
5.2929e-05
0.0000e+00
5.1975e-05
0.0000e+00
5.2929e-05
0.0000e+00
5.1975e-05
0.0000e+00
5.1975e-05
0.0000e+00
5.1975e-05
0.0000e+00
6.2943e-05
0.0000e+00
5.2929e-05
0.0000e+00
5.2929e-05
0.0000e+00
5.1975e-05
0.0000e+00
5.2929e-05
0.0000e+00
5.2929e-05
0.0000e+00
5.1975e-05
0.0000e+00
5.1975e-05
0.0000e+00
5.6028e-05
0.0000e+00
5.4121e-05
0.0000e+00
5.2929e-05
0.0000e+00
5.2929e-05
0.0000e+00
5.1975e-05
0.0000e+00
5.1975e-05
0.0000e+00
5.7936e-05
0.0000e+00
7.2002e-05
0.0000e+00
5.4121e-05
0.0000e+00
5.2929e-05
0.0000e+00
5.1975e-05
0.0000e+00
5.1975e-05
0.0000e+00
5.1975e-05
0.0000e+00
5.3167e-05
0.0000e+00
5.2214e-05
0.0000e+00
5.6028e-05
0.0000e+00
5.3883e-05
0.0000e+00
5.1022e-05
0.0000e+00
5.2929e-05
0.0000e+00
5.1022e-05
0.0000e+00
5.2929e-05
0.0000e+00
5.4121e-05
0.0000e+00
5.1975e-05
0.0000e+00
5.6982e-05
0.0000e+00
7.5102e-05
0.0000e+00
8.7976e-05
0.0000e+00
9.2030e-05
0.0000e+00
8.7976e-05
0.0000e+00
8.7976e-05
0.0000e+00
8.7976e-05
0.0000e+00
1.2302e-04
0.0000e+00
9.1076e-05
0.0000e+00
9.2030e-05
0.0000e+00
9.0122e-05
0.0000e+00
8.9884e-05
0.0000e+00
8.7976e-05
0.0000e+00
8.8930e-05
0.0000e+00
8.7976e-05
0.0000e+00
9.4891e-05
0.0000e+00
8.8930e-05
0.0000e+00
9.2030e-05
0.0000e+00
8.7976e-05
0.0000e+00
9.1076e-05
0.0000e+00
8.7976e-05
0.0000e+00
8.9169e-05
0.0000e+00
1.1396e-04
0.0000e+00
8.9884e-05
0.0000e+00
9.7990e-05
0.0000e+00
9.0837e-05
0.0000e+00
9.0122e-05
0.0000e+00
8.7023e-05
0.0000e+00
8.7023e-05
0.0000e+00
8.7976e-05
0.0000e+00
9.2030e-05
0.0000e+00
8.8930e-05
0.0000e+00
9.7990e-05
0.0000e+00
8.7976e-05
0.0000e+00
8.9884e-05
0.0000e+00
8.9169e-05
0.0000e+00
8.7023e-05
0.0000e+00
1.1301e-04
0.0000e+00
9.2983e-05
0.0000e+00
8.9884e-05
0.0000e+00
8.9169e-05
0.0000e+00
8.8930e-05
0.0000e+00
9.1076e-05
0.0000e+00
9.1076e-05
0.0000e+00
8.9884e-05
0.0000e+00
9.0837e-05
0.0000e+00
9.0837e-05
0.0000e+00
8.9169e-05
0.0000e+00
8.8930e-05
0.0000e+00
9.7990e-05
0.0000e+00
8.8930e-05
0.0000e+00
9.0122e-05
0.0000e+00
1.1206e-04
0.0000e+00
9.3937e-05
0.0000e+00
9.1076e-05
0.0000e+00
8.8930e-05
0.0000e+00
8.7023e-05
0.0000e+00
9.7036e-05
0.0000e+00
8.9169e-05
0.0000e+00
8.9884e-05
0.0000e+00
1.1396e-04
0.0000e+00
9.0122e-05
0.0000e+00
9.0837e-05
0.0000e+00
8.7976e-05
0.0000e+00
8.7976e-05
0.0000e+00
8.7976e-05
0.0000e+00
9.6083e-05
0.0000e+00
1.0896e-04
0.0000e+00
9.1076e-05
0.0000e+00
9.2030e-05
0.0000e+00
8.9884e-05
0.0000e+00
8.8930e-05
0.0000e+00
9.2030e-05
0.0000e+00
9.0122e-05
0.0000e+00
9.7036e-05
0.0000e+00
1.1396e-04
0.0000e+00
8.9884e-05
0.0000e+00
8.7976e-05
0.0000e+00
8.9169e-05
0.0000e+00
9.0837e-05
0.0000e+00
9.0122e-05
0.0000e+00
8.8930e-05
0.0000e+00
9.7990e-05
0.0000e+00
9.2983e-05
0.0000e+00
9.0122e-05
0.0000e+00
8.8930e-05
0.0000e+00
8.7976e-05
0.0000e+00
9.2030e-05
0.0000e+00
8.8930e-05
0.0000e+00
9.0837e-05
0.0000e+00
1.2612e-04
0.0000e+00
8.9884e-05
0.0000e+00
9.2983e-05
0.0000e+00
8.9169e-05
0.0000e+00
8.8930e-05
0.0000e+00
9.0837e-05
0.0000e+00
9.0122e-05
0.0000e+00
8.8930e-05
0.0000e+00
9.2983e-05
0.0000e+00
9.0122e-05
0.0000e+00
8.9884e-05
0.0000e+00
8.9884e-05
0.0000e+00
9.0122e-05
0.0000e+00
8.8930e-05
0.0000e+00
8.8930e-05
0.0000e+00
1.1301e-04
0.0000e+00
8.7976e-05
0.0000e+00
9.8944e-05
0.0000e+00
9.0122e-05
0.0000e+00
9.0122e-05
0.0000e+00
9.0837e-05
0.0000e+00
9.1076e-05
0.0000e+00
8.8930e-05
0.0000e+00
8.9884e-05
0.0000e+00
8.9169e-05
0.0000e+00
9.7990e-05
0.0000e+00
9.1076e-05
0.0000e+00
8.9884e-05
0.0000e+00
9.4175e-05
0.0000e+00
8.7976e-05
0.0000e+00
1.0896e-04
0.0000e+00
9.0122e-05
0.0000e+00
8.7976e-05
0.0000e+00
9.1076e-05
0.0000e+00
9.7990e-05
0.0000e+00
8.9884e-05
0.0000e+00
9.0837e-05
0.0000e+00
8.7023e-05
0.0000e+00
1.1110e-04
0.0000e+00
8.7976e-05
0.0000e+00
8.9169e-05
0.0000e+00
8.9884e-05
0.0000e+00
9.8944e-05
0.0000e+00
9.0122e-05
0.0000e+00
9.0122e-05
0.0000e+00
8.8930e-05
0.0000e+00
8.9884e-05
0.0000e+00
8.7976e-05
0.0000e+00
8.9884e-05
0.0000e+00
9.1076e-05
0.0000e+00
9.7990e-05
0.0000e+00
9.3222e-05
0.0000e+00
8.9884e-05
0.0000e+00
1.1277e-04
0.0000e+00
8.7976e-05
0.0000e+00
8.7976e-05
0.0000e+00
8.7976e-05
0.0000e+00
9.2030e-05
0.0000e+00
9.1076e-05
0.0000e+00
9.8944e-05
0.0000e+00
9.1076e-05
0.0000e+00
9.0122e-05
0.0000e+00
9.2030e-05
0.0000e+00
8.8930e-05
0.0000e+00
8.8930e-05
0.0000e+00
9.0122e-05
0.0000e+00
9.0122e-05
0.0000e+00
9.7990e-05
0.0000e+00
1.2112e-04
0.0000e+00
8.9884e-05
0.0000e+00
8.7976e-05
0.0000e+00
8.9884e-05
0.0000e+00
8.7976e-05
0.0000e+00
8.8930e-05
0.0000e+00
9.0122e-05
0.0000e+00
9.7036e-05
0.0000e+00
9.4175e-05
0.0000e+00
8.9884e-05
0.0000e+00
9.0122e-05
0.0000e+00
8.8930e-05
0.0000e+00
9.1076e-05
0.0000e+00
8.7976e-05
0.0000e+00
8.7023e-05
0.0000e+00
1.1396e-04
0.0000e+00
9.2983e-05
0.0000e+00
8.9884e-05
0.0000e+00
8.8930e-05
0.0000e+00
8.8930e-05
0.0000e+00
8.9169e-05
0.0000e+00
8.7976e-05
0.0000e+00
8.8930e-05
0.0000e+00
9.3937e-05
0.0000e+00
9.7990e-05
0.0000e+00
9.0122e-05
0.0000e+00
8.8930e-05
0.0000e+00
8.8930e-05
0.0000e+00
8.7023e-05
0.0000e+00
9.0122e-05
0.0000e+00
1.1301e-04
0.0000e+00
8.8930e-05
0.0000e+00
1.0109e-04
0.0000e+00
9.1076e-05
0.0000e+00
8.9884e-05
0.0000e+00
8.7023e-05
0.0000e+00
8.7976e-05
0.0000e+00
8.7023e-05
0.0000e+00
8.8930e-05
0.0000e+00
8.7976e-05
0.0000e+00
8.8930e-05
0.0000e+00
9.2030e-05
0.0000e+00
9.0122e-05
0.0000e+00
1.3995e-04
0.0000e+00
9.5129e-05
0.0000e+00
1.2207e-04
0.0000e+00
9.2983e-05
0.0000e+00
9.2030e-05
0.0000e+00
9.0122e-05
0.0000e+00
1.0204e-04
0.0000e+00
9.3937e-05
0.0000e+00
9.2983e-05
0.0000e+00
9.0837e-05
0.0000e+00
9.2030e-05
0.0000e+00
9.0122e-05
0.0000e+00
9.1076e-05
0.0000e+00
8.9884e-05
0.0000e+00
9.8944e-05
0.0000e+00
9.1076e-05
0.0000e+00
9.2030e-05
0.0000e+00
1.1706e-04
0.0000e+00
9.2030e-05
0.0000e+00
9.0122e-05
0.0000e+00
9.0122e-05
0.0000e+00
9.3937e-05
0.0000e+00
9.4891e-05
0.0000e+00
9.0122e-05
0.0000e+00
9.2030e-05
0.0000e+00
9.3937e-05
0.0000e+00
9.1076e-05
0.0000e+00
9.1076e-05
0.0000e+00
9.1076e-05
0.0000e+00
8.9169e-05
0.0000e+00
8.9884e-05
0.0000e+00
1.0014e-04
0.0000e+00
1.1396e-04
0.0000e+00
9.4891e-05
0.0000e+00
9.1791e-05
0.0000e+00
9.2030e-05
0.0000e+00
9.0837e-05
0.0000e+00
9.2030e-05
0.0000e+00
9.1076e-05
0.0000e+00
9.9897e-05
0.0000e+00
1.1206e-04
0.0000e+00
9.4175e-05
0.0000e+00
9.2983e-05
0.0000e+00
9.1076e-05
0.0000e+00
9.0122e-05
0.0000e+00
8.9884e-05
0.0000e+00
9.0122e-05
0.0000e+00
9.8944e-05
0.0000e+00
9.2030e-05
0.0000e+00
9.1076e-05
0.0000e+00
9.2030e-05
0.0000e+00
9.1076e-05
0.0000e+00
9.2030e-05
0.0000e+00
9.0837e-05
0.0000e+00
9.0122e-05
0.0000e+00
1.2398e-04
0.0000e+00
9.4175e-05
0.0000e+00
9.2983e-05
0.0000e+00
8.9884e-05
0.0000e+00
9.0122e-05
0.0000e+00
9.2983e-05
0.0000e+00
9.2983e-05
0.0000e+00
9.1076e-05
0.0000e+00
1.0204e-04
0.0000e+00
9.1076e-05
0.0000e+00
9.4891e-05
0.0000e+00
9.0122e-05
0.0000e+00
9.3937e-05
0.0000e+00
9.1076e-05
0.0000e+00
9.1076e-05
0.0000e+00
1.1420e-04
0.0000e+00
9.8944e-05
0.0000e+00
9.2030e-05
0.0000e+00
9.4175e-05
0.0000e+00
9.0837e-05
0.0000e+00
9.2030e-05
0.0000e+00
9.2983e-05
0.0000e+00
9.0122e-05
0.0000e+00
9.2030e-05
0.0000e+00
9.0837e-05
0.0000e+00
9.1076e-05
0.0000e+00
8.9884e-05
0.0000e+00
9.4175e-05
0.0000e+00
9.1076e-05
0.0000e+00
9.2983e-05
0.0000e+00
1.1492e-04
0.0000e+00
9.1076e-05
0.0000e+00
8.7976e-05
0.0000e+00
9.7990e-05
0.0000e+00
9.2030e-05
0.0000e+00
9.4891e-05
0.0000e+00
9.1076e-05
0.0000e+00
9.2983e-05
0.0000e+00
9.0837e-05
0.0000e+00
9.0122e-05
0.0000e+00
8.9169e-05
0.0000e+00
9.8944e-05
0.0000e+00
8.9884e-05
0.0000e+00
9.0122e-05
0.0000e+00
8.8930e-05
0.0000e+00
1.1301e-04
0.0000e+00
9.4175e-05
0.0000e+00
8.9884e-05
0.0000e+00
9.0837e-05
0.0000e+00
1.0204e-04
0.0000e+00
9.3937e-05
0.0000e+00
9.2030e-05
0.0000e+00
8.9884e-05
0.0000e+00
1.1611e-04
0.0000e+00
9.2030e-05
0.0000e+00
9.1076e-05
0.0000e+00
9.1076e-05
0.0000e+00
9.1076e-05
0.0000e+00
9.0122e-05
0.0000e+00
9.1076e-05
0.0000e+00
8.9884e-05
0.0000e+00
9.4891e-05
0.0000e+00
9.1791e-05
0.0000e+00
9.2983e-05
0.0000e+00
9.2983e-05
0.0000e+00
9.2983e-05
0.0000e+00
9.8944e-05
0.0000e+00
9.3937e-05
0.0000e+00
1.1706e-04
0.0000e+00
8.9884e-05
0.0000e+00
8.8930e-05
0.0000e+00
9.0122e-05
0.0000e+00
8.8930e-05
0.0000e+00
9.1791e-05
0.0000e+00
1.0014e-04
0.0000e+00
9.1076e-05
0.0000e+00
9.2983e-05
0.0000e+00
9.1076e-05
0.0000e+00
9.0837e-05
0.0000e+00
9.0837e-05
0.0000e+00
9.2983e-05
0.0000e+00
9.2030e-05
0.0000e+00
9.9182e-05
0.0000e+00
1.1086e-04
0.0000e+00
9.1791e-05
0.0000e+00
9.2983e-05
0.0000e+00
9.2030e-05
0.0000e+00
9.0837e-05
0.0000e+00
9.2030e-05
0.0000e+00
8.8930e-05
0.0000e+00
1.0109e-04
0.0000e+00
1.1396e-04
0.0000e+00
8.9884e-05
0.0000e+00
8.8930e-05
0.0000e+00
9.0122e-05
0.0000e+00
8.8930e-05
0.0000e+00
9.0122e-05
0.0000e+00
9.2030e-05
0.0000e+00
9.1076e-05
0.0000e+00
9.2030e-05
0.0000e+00
9.1791e-05
0.0000e+00
9.2030e-05
0.0000e+00
9.2983e-05
0.0000e+00
9.2983e-05
0.0000e+00
9.1076e-05
0.0000e+00
9.1076e-05
0.0000e+00
1.1683e-04
0.0000e+00
9.1076e-05
0.0000e+00
9.2030e-05
0.0000e+00
9.2030e-05
0.0000e+00
9.2030e-05
0.0000e+00
9.0837e-05
0.0000e+00
8.9169e-05
0.0000e+00
8.9884e-05
0.0000e+00
9.4891e-05
0.0000e+00
1.0014e-04
0.0000e+00
9.5129e-05
0.0000e+00
9.2983e-05
0.0000e+00
9.3937e-05
0.0000e+00
9.2030e-05
0.0000e+00
8.8930e-05
0.0000e+00
1.1587e-04
0.0000e+00
9.2983e-05
0.0000e+00
9.7990e-05
0.0000e+00
8.8930e-05
0.0000e+00
9.0837e-05
0.0000e+00
9.2983e-05
0.0000e+00
9.1076e-05
0.0000e+00
8.9884e-05
0.0000e+00
9.3937e-05
0.0000e+00
9.1076e-05
0.0000e+00
9.7990e-05
0.0000e+00
8.9169e-05
0.0000e+00
9.1076e-05
0.0000e+00
9.0837e-05
0.0000e+00
9.2030e-05
0.0000e+00
1.1420e-04
0.0000e+00
9.4891e-05
0.0000e+00
9.0837e-05
0.0000e+00
9.7990e-05
0.0000e+00
8.8930e-05
0.0000e+00
9.2030e-05
0.0000e+00
9.0122e-05
0.0000e+00
9.0837e-05
0.0000e+00
1.1587e-04
0.0000e+00
9.5129e-05
0.0000e+00
9.2983e-05
0.0000e+00
9.0837e-05
0.0000e+00
8.9169e-05
0.0000e+00
1.3399e-04
0.0000e+00
9.5129e-05
0.0000e+00
9.1076e-05
0.0000e+00
9.7036e-05
0.0000e+00
9.0837e-05
0.0000e+00
9.1791e-05
0.0000e+00
1.0514e-04
0.0000e+00
9.3937e-05
0.0000e+00
9.2030e-05
0.0000e+00
9.2983e-05
0.0000e+00
1.1778e-04
0.0000e+00
8.8930e-05
0.0000e+00
8.9169e-05
0.0000e+00
9.2030e-05
0.0000e+00
1.0109e-04
0.0000e+00
8.9884e-05
0.0000e+00
9.1076e-05
0.0000e+00
9.1076e-05
0.0000e+00
9.0837e-05
0.0000e+00
8.7976e-05
0.0000e+00
8.9884e-05
0.0000e+00
9.2983e-05
0.0000e+00
1.0204e-04
0.0000e+00
8.8930e-05
0.0000e+00
9.4175e-05
0.0000e+00
1.1706e-04
0.0000e+00
9.0837e-05
0.0000e+00
8.7976e-05
0.0000e+00
8.9884e-05
0.0000e+00
9.1076e-05
0.0000e+00
9.9897e-05
0.0000e+00
8.7976e-05
0.0000e+00
9.4891e-05
0.0000e+00
1.1683e-04
0.0000e+00
9.0837e-05
0.0000e+00
9.1076e-05
0.0000e+00
8.7976e-05
0.0000e+00
9.2983e-05
0.0000e+00
9.2030e-05
0.0000e+00
9.2983e-05
0.0000e+00
9.0122e-05
0.0000e+00
9.3937e-05
0.0000e+00
9.2030e-05
0.0000e+00
8.9884e-05
0.0000e+00
9.3222e-05
0.0000e+00
9.2030e-05
0.0000e+00
9.2030e-05
0.0000e+00
8.7023e-05
0.0000e+00
1.1206e-04
0.0000e+00
8.7976e-05
0.0000e+00
8.8930e-05
0.0000e+00
9.2983e-05
0.0000e+00
9.1076e-05
0.0000e+00
9.2030e-05
0.0000e+00
9.2030e-05
0.0000e+00
9.9182e-05
0.0000e+00
9.2030e-05
0.0000e+00
8.8930e-05
0.0000e+00
8.8930e-05
0.0000e+00
9.2030e-05
0.0000e+00
9.2030e-05
0.0000e+00
9.2030e-05
0.0000e+00
9.0837e-05
0.0000e+00
1.2183e-04
0.0000e+00
9.1076e-05
0.0000e+00
8.9169e-05
0.0000e+00
1.2612e-04
0.0000e+00
8.9884e-05
0.0000e+00
8.8930e-05
0.0000e+00
8.8930e-05
0.0000e+00
9.1791e-05
0.0000e+00
1.2517e-04
0.0000e+00
9.2030e-05
0.0000e+00
8.9169e-05
0.0000e+00
8.7976e-05
0.0000e+00
8.8930e-05
0.0000e+00
9.0122e-05
0.0000e+00
8.8930e-05
0.0000e+00
8.9169e-05
0.0000e+00
1.0204e-04
0.0000e+00
9.2030e-05
0.0000e+00
9.3222e-05
0.0000e+00
8.9884e-05
0.0000e+00
8.9884e-05
0.0000e+00
9.0122e-05
0.0000e+00
8.9884e-05
0.0000e+00
1.1897e-04
0.0000e+00
1.0014e-04
0.0000e+00
9.1076e-05
0.0000e+00
8.8930e-05
0.0000e+00
8.7976e-05
0.0000e+00
8.9169e-05
0.0000e+00
8.8930e-05
0.0000e+00
9.2030e-05
0.0000e+00
9.2030e-05
0.0000e+00
8.8930e-05
0.0000e+00
1.0109e-04
0.0000e+00
9.2030e-05
0.0000e+00
9.1076e-05
0.0000e+00
9.1076e-05
0.0000e+00
9.2030e-05
0.0000e+00
1.1611e-04
0.0000e+00
8.9884e-05
0.0000e+00
8.9169e-05
0.0000e+00
1.0395e-04
0.0000e+00
9.2030e-05
0.0000e+00
9.1791e-05
0.0000e+00
8.8930e-05
0.0000e+00
9.0837e-05
0.0000e+00
9.2030e-05
0.0000e+00
8.8930e-05
0.0000e+00
9.3222e-05
0.0000e+00
1.0085e-04
0.0000e+00
8.8930e-05
0.0000e+00
9.1076e-05
0.0000e+00
9.0122e-05
0.0000e+00
1.1492e-04
0.0000e+00
8.9169e-05
0.0000e+00
8.8930e-05
0.0000e+00
9.2983e-05
0.0000e+00
1.0109e-04
0.0000e+00
8.9884e-05
0.0000e+00
9.2030e-05
0.0000e+00
9.1076e-05
0.0000e+00
1.1706e-04
0.0000e+00
8.8930e-05
0.0000e+00
8.9169e-05
0.0000e+00
9.2030e-05
0.0000e+00
9.2983e-05
0.0000e+00
9.0122e-05
0.0000e+00
9.1076e-05
0.0000e+00
9.0122e-05
0.0000e+00
9.1076e-05
0.0000e+00
8.8930e-05
0.0000e+00
9.5129e-05
0.0000e+00
9.2030e-05
0.0000e+00
9.1791e-05
0.0000e+00
9.0122e-05
0.0000e+00
9.1076e-05
0.0000e+00
1.1492e-04
0.0000e+00
8.8930e-05
0.0000e+00
9.2983e-05
0.0000e+00
9.2983e-05
0.0000e+00
9.1076e-05
0.0000e+00
9.2983e-05
0.0000e+00
9.6798e-05
0.0000e+00
1.1301e-04
0.0000e+00
1.0490e-04
0.0000e+00
9.2983e-05
0.0000e+00
8.9884e-05
0.0000e+00
8.9169e-05
0.0000e+00
8.8930e-05
0.0000e+00
1.0300e-04
0.0000e+00
8.9169e-05
0.0000e+00
1.1206e-04
0.0000e+00
9.0122e-05
0.0000e+00
9.1791e-05
0.0000e+00
8.9169e-05
0.0000e+00
8.7976e-05
0.0000e+00
8.7976e-05
0.0000e+00
9.0122e-05
0.0000e+00
8.8930e-05
0.0000e+00
9.0837e-05
0.0000e+00
9.1791e-05
0.0000e+00
9.1076e-05
0.0000e+00
8.7976e-05
0.0000e+00
8.6069e-05
0.0000e+00
8.7976e-05
0.0000e+00
9.1076e-05
0.0000e+00
1.2302e-04
0.0000e+00
8.8930e-05
0.0000e+00
9.1076e-05
0.0000e+00
9.0122e-05
0.0000e+00
8.8930e-05
0.0000e+00
8.7976e-05
0.0000e+00
8.7023e-05
0.0000e+00
8.9884e-05
0.0000e+00
9.6798e-05
0.0000e+00
8.8930e-05
0.0000e+00
8.9884e-05
0.0000e+00
9.0122e-05
0.0000e+00
8.7976e-05
0.0000e+00
8.8930e-05
0.0000e+00
8.8930e-05
0.0000e+00
1.1301e-04
0.0000e+00
9.1076e-05
0.0000e+00
9.0122e-05
0.0000e+00
8.9884e-05
0.0000e+00
9.2030e-05
0.0000e+00
8.7976e-05
0.0000e+00
8.8930e-05
0.0000e+00
8.8930e-05
0.0000e+00
1.1110e-04
0.0000e+00
8.8930e-05
0.0000e+00
9.7990e-05
0.0000e+00
8.8930e-05
0.0000e+00
1.2612e-04
0.0000e+00
3.0994e-05
0.0000e+00
2.3127e-05
0.0000e+00
4.4107e-05
0.0000e+00
2.2888e-05
0.0000e+00
2.0981e-05
0.0000e+00
2.1219e-05
0.0000e+00
1.9789e-05
0.0000e+00
1.9789e-05
0.0000e+00
2.0027e-05
0.0000e+00
2.0027e-05
0.0000e+00
2.8133e-05
0.0000e+00
2.1935e-05
0.0000e+00
2.0027e-05
0.0000e+00
2.0027e-05
0.0000e+00
2.0027e-05
0.0000e+00
2.0027e-05
0.0000e+00
2.0027e-05
0.0000e+00
2.0027e-05
0.0000e+00
2.1935e-05
0.0000e+00
2.0981e-05
0.0000e+00
2.0027e-05
0.0000e+00
2.0027e-05
0.0000e+00
2.8133e-05
0.0000e+00
2.1219e-05
0.0000e+00
1.9789e-05
0.0000e+00
2.7895e-05
0.0000e+00
2.0981e-05
0.0000e+00
2.0027e-05
0.0000e+00
2.1935e-05
0.0000e+00
2.0981e-05
0.0000e+00
2.0027e-05
0.0000e+00
2.0027e-05
0.0000e+00
2.0981e-05
0.0000e+00
2.1935e-05
0.0000e+00
2.0027e-05
0.0000e+00
2.0027e-05
0.0000e+00
2.0027e-05
0.0000e+00
2.0027e-05
0.0000e+00
2.0027e-05
0.0000e+00
2.0027e-05
0.0000e+00
2.7895e-05
0.0000e+00
2.2173e-05
0.0000e+00
2.0981e-05
0.0000e+00
1.9789e-05
0.0000e+00
2.0981e-05
0.0000e+00
2.0027e-05
0.0000e+00
2.0027e-05
0.0000e+00
2.0027e-05
0.0000e+00
2.6941e-05
0.0000e+00
2.0981e-05
0.0000e+00
2.0981e-05
0.0000e+00
2.0027e-05
0.0000e+00
2.0027e-05
0.0000e+00
2.0981e-05
0.0000e+00
2.0027e-05
0.0000e+00
2.0027e-05
0.0000e+00
2.1935e-05
0.0000e+00
2.0027e-05
0.0000e+00
1.9789e-05
0.0000e+00
2.3842e-05
0.0000e+00
2.0981e-05
0.0000e+00
2.1219e-05
0.0000e+00
2.1219e-05
0.0000e+00
2.7895e-05
0.0000e+00
2.0981e-05
0.0000e+00
2.0027e-05
0.0000e+00
2.0027e-05
0.0000e+00
2.0981e-05
0.0000e+00
2.0027e-05
0.0000e+00
2.0027e-05
0.0000e+00
2.0981e-05
0.0000e+00
2.1935e-05
0.0000e+00
2.0027e-05
0.0000e+00
2.0981e-05
0.0000e+00
2.0981e-05
0.0000e+00
2.0981e-05
0.0000e+00
2.0027e-05
0.0000e+00
2.0027e-05
0.0000e+00
2.5988e-05
0.0000e+00
2.0981e-05
0.0000e+00
1.9789e-05
0.0000e+00
2.0981e-05
0.0000e+00
2.0981e-05
0.0000e+00
2.0027e-05
0.0000e+00
1.9789e-05
0.0000e+00
2.0027e-05
0.0000e+00
2.2173e-05
0.0000e+00
2.0981e-05
0.0000e+00
2.0027e-05
0.0000e+00
2.0027e-05
0.0000e+00
2.0981e-05
0.0000e+00
2.0027e-05
0.0000e+00
2.0027e-05
0.0000e+00
2.6941e-05
0.0000e+00
2.1935e-05
0.0000e+00
2.0981e-05
0.0000e+00
2.5034e-05
0.0000e+00
2.0981e-05
0.0000e+00
2.0027e-05
0.0000e+00
2.0981e-05
0.0000e+00
2.0027e-05
0.0000e+00
2.8133e-05
0.0000e+00
2.0981e-05
0.0000e+00
2.0981e-05
0.0000e+00
2.0027e-05
0.0000e+00
2.0027e-05
0.0000e+00
1.9789e-05
0.0000e+00
1.9789e-05
0.0000e+00
2.1219e-05
0.0000e+00
2.1935e-05
0.0000e+00
2.0981e-05
0.0000e+00
2.0027e-05
0.0000e+00
2.0027e-05
0.0000e+00
2.0027e-05
0.0000e+00
2.0027e-05
0.0000e+00
2.0027e-05
0.0000e+00
3.0041e-05
0.0000e+00
2.0981e-05
0.0000e+00
2.0027e-05
0.0000e+00
2.0027e-05
0.0000e+00
2.0027e-05
0.0000e+00
2.0027e-05
0.0000e+00
2.0981e-05
0.0000e+00
2.0027e-05
0.0000e+00
2.6941e-05
0.0000e+00
2.0981e-05
0.0000e+00
2.0981e-05
0.0000e+00
2.0027e-05
0.0000e+00
2.0981e-05
0.0000e+00
2.0981e-05
0.0000e+00
2.0027e-05
0.0000e+00
2.0027e-05
0.0000e+00
2.2173e-05
0.0000e+00
2.3842e-05
0.0000e+00
2.0981e-05
0.0000e+00
2.0981e-05
0.0000e+00
2.0981e-05
0.0000e+00
2.0027e-05
0.0000e+00
2.0027e-05
0.0000e+00
2.8133e-05
0.0000e+00
2.1935e-05
0.0000e+00
2.0027e-05
0.0000e+00
2.0027e-05
0.0000e+00
2.0027e-05
0.0000e+00
2.0027e-05
0.0000e+00
2.0981e-05
0.0000e+00
2.0981e-05
0.0000e+00
2.2173e-05
0.0000e+00
2.0981e-05
0.0000e+00
2.0981e-05
0.0000e+00
2.0981e-05
0.0000e+00
2.0027e-05
0.0000e+00
2.0027e-05
0.0000e+00
2.0027e-05
0.0000e+00
2.6941e-05
0.0000e+00
2.1935e-05
0.0000e+00
2.0027e-05
0.0000e+00
1.9789e-05
0.0000e+00
1.9789e-05
0.0000e+00
2.0027e-05
0.0000e+00
2.0027e-05
0.0000e+00
2.0027e-05
0.0000e+00
2.9087e-05
0.0000e+00
2.0027e-05
0.0000e+00
2.0027e-05
0.0000e+00
2.0027e-05
0.0000e+00
2.0027e-05
0.0000e+00
2.0981e-05
0.0000e+00
2.0027e-05
0.0000e+00
2.0027e-05
0.0000e+00
2.4796e-05
0.0000e+00
2.0981e-05
0.0000e+00
2.0981e-05
0.0000e+00
2.0981e-05
0.0000e+00
2.0027e-05
0.0000e+00
2.0027e-05
0.0000e+00
2.0981e-05
0.0000e+00
2.5988e-05
0.0000e+00
2.0981e-05
0.0000e+00
2.0027e-05
0.0000e+00
2.0981e-05
0.0000e+00
2.0981e-05
0.0000e+00
2.0981e-05
0.0000e+00
2.0027e-05
0.0000e+00
2.0027e-05
0.0000e+00
3.2902e-05
0.0000e+00
2.1219e-05
0.0000e+00
2.0027e-05
0.0000e+00
2.0981e-05
0.0000e+00
1.9789e-05
0.0000e+00
2.0027e-05
0.0000e+00
2.0027e-05
0.0000e+00
1.9789e-05
0.0000e+00
2.0981e-05
0.0000e+00
2.0027e-05
0.0000e+00
2.0981e-05
0.0000e+00
2.0981e-05
0.0000e+00
2.0981e-05
0.0000e+00
2.0027e-05
0.0000e+00
2.0027e-05
0.0000e+00
2.9087e-05
0.0000e+00
2.1935e-05
0.0000e+00
2.0981e-05
0.0000e+00
2.0981e-05
0.0000e+00
2.0981e-05
0.0000e+00
2.0027e-05
0.0000e+00
2.0027e-05
0.0000e+00
2.0027e-05
0.0000e+00
3.1233e-05
0.0000e+00
2.1219e-05
0.0000e+00
2.0981e-05
0.0000e+00
1.9789e-05
0.0000e+00
2.0027e-05
0.0000e+00
2.0027e-05
0.0000e+00
2.1935e-05
0.0000e+00
2.0981e-05
0.0000e+00
2.2173e-05
0.0000e+00
2.0027e-05
0.0000e+00
2.0027e-05
0.0000e+00
2.0981e-05
0.0000e+00
1.9789e-05
0.0000e+00
1.8835e-05
0.0000e+00
2.0027e-05
0.0000e+00
2.7895e-05
0.0000e+00
2.0027e-05
0.0000e+00
2.0027e-05
0.0000e+00
2.0027e-05
0.0000e+00
2.0027e-05
0.0000e+00
2.0981e-05
0.0000e+00
1.9073e-05
0.0000e+00
1.9073e-05
0.0000e+00
2.0981e-05
0.0000e+00
2.0981e-05
0.0000e+00
2.0027e-05
0.0000e+00
2.0027e-05
0.0000e+00
2.0027e-05
0.0000e+00
1.9789e-05
0.0000e+00
1.9789e-05
0.0000e+00
2.7180e-05
0.0000e+00
2.1935e-05
0.0000e+00
2.0981e-05
0.0000e+00
2.0027e-05
0.0000e+00
2.0027e-05
0.0000e+00
2.0027e-05
0.0000e+00
2.4080e-05
0.0000e+00
2.0981e-05
0.0000e+00
3.0041e-05
0.0000e+00
2.0027e-05
0.0000e+00
2.0027e-05
0.0000e+00
1.9073e-05
0.0000e+00
2.0027e-05
0.0000e+00
2.0027e-05
0.0000e+00
2.1219e-05
0.0000e+00
1.9789e-05
0.0000e+00
2.1935e-05
0.0000e+00
2.0981e-05
0.0000e+00
2.0027e-05
0.0000e+00
2.0027e-05
0.0000e+00
2.0027e-05
0.0000e+00
2.0027e-05
0.0000e+00
2.0027e-05
0.0000e+00
2.0027e-05
0.0000e+00
2.0981e-05
0.0000e+00
2.0981e-05
0.0000e+00
2.0981e-05
0.0000e+00
2.0027e-05
0.0000e+00
2.0027e-05
0.0000e+00
2.0027e-05
0.0000e+00
2.0027e-05
0.0000e+00
3.0041e-05
0.0000e+00
2.0981e-05
0.0000e+00
2.0981e-05
0.0000e+00
2.0027e-05
0.0000e+00
2.0027e-05
0.0000e+00
2.0027e-05
0.0000e+00
2.0027e-05
0.0000e+00
2.0027e-05
0.0000e+00
2.1935e-05
0.0000e+00
2.0027e-05
0.0000e+00
2.0027e-05
0.0000e+00
2.0027e-05
0.0000e+00
2.0027e-05
0.0000e+00
2.0027e-05
0.0000e+00
2.0981e-05
9.5244e-02
