6.3779e-03
1.0300e-04
6.9141e-06
2.0981e-05
0.0000e+00
3.0994e-06
9.8944e-05
3.0994e-06
6.0081e-05
2.1458e-06
5.6982e-05
3.0994e-06
5.5075e-05
2.8610e-06
5.5790e-05
7.4863e-05
9.5367e-07
7.3910e-05
9.5367e-07
1.2875e-05
9.5367e-07
4.0531e-06
6.1989e-05
2.8610e-06
5.4836e-05
1.9073e-06
5.4836e-05
3.0994e-06
5.5075e-05
5.3167e-05
0.0000e+00
1.9073e-06
5.5790e-05
2.1458e-06
5.4836e-05
2.1458e-06
5.4836e-05
2.8610e-06
5.6982e-05
1.9073e-06
5.6028e-05
1.9073e-06
5.4121e-05
2.8610e-06
5.9128e-05
2.8610e-06
5.5075e-05
2.8610e-06
5.4121e-05
2.8610e-06
5.2929e-05
2.3127e-05
9.5367e-07
2.8610e-06
8.9884e-05
4.3869e-05
9.5367e-07
2.8610e-06
5.6982e-05
1.9073e-06
5.3883e-05
1.9073e-06
5.3167e-05
2.8610e-06
5.4121e-05
3.0994e-06
5.2929e-05
2.8610e-06
5.2929e-05
2.8610e-06
7.3195e-05
4.1962e-05
9.5367e-07
1.9073e-06
5.5075e-05
1.9073e-06
5.4121e-05
3.0994e-06
5.4121e-05
3.0994e-06
5.1975e-05
3.0994e-06
6.1035e-05
3.0994e-06
5.4121e-05
3.0994e-06
7.3910e-05
3.0994e-06
5.5075e-05
1.5974e-05
9.5367e-07
6.3896e-05
9.5367e-07
3.0994e-06
5.6028e-05
1.9073e-06
5.2929e-05
2.1458e-06
5.6028e-05
3.0994e-06
5.3883e-05
3.0994e-06
5.2929e-05
4.0531e-06
5.6028e-05
2.8610e-06
5.2929e-05
3.0994e-06
5.3167e-05
8.7976e-05
0.0000e+00
2.0027e-05
1.1921e-06
2.1458e-06
5.6028e-05
7.2002e-05
0.0000e+00
1.9073e-06
5.4121e-05
3.0994e-06
5.1975e-05
1.5020e-05
9.5367e-07
1.9073e-06
5.6982e-05
2.8610e-06
5.3883e-05
2.8610e-06
5.3167e-05
7.1526e-06
9.5367e-07
5.9605e-06
0.0000e+00
3.0994e-06
5.3883e-05
2.0790e-04
9.5367e-07
3.0994e-06
5.6028e-05
1.2875e-05
0.0000e+00
1.9073e-06
7.6056e-05
4.0531e-06
5.4836e-05
3.1948e-05
0.0000e+00
3.0994e-06
5.4121e-05
2.1458e-06
5.2929e-05
1.9073e-06
5.3167e-05
7.1526e-06
0.0000e+00
1.9073e-06
5.3167e-05
1.1277e-04
9.5367e-07
2.8610e-06
7.4863e-05
9.0599e-06
9.5367e-07
1.9073e-06
5.4121e-05
2.1458e-06
6.1989e-05
2.8610e-06
5.4121e-05
3.0994e-06
5.1975e-05
3.0994e-06
5.2929e-05
2.8610e-06
5.4121e-05
3.0994e-06
6.9141e-05
3.0994e-06
5.4121e-05
3.0994e-06
5.1975e-05
3.0994e-06
5.1975e-05
1.4782e-05
9.5367e-07
1.3494e-04
9.5367e-07
1.9073e-06
5.4836e-05
2.8610e-06
5.1975e-05
2.1458e-06
6.1035e-05
2.8610e-06
7.4148e-05
4.0531e-06
5.4121e-05
3.0994e-06
5.2929e-05
1.2875e-05
1.1921e-06
3.0994e-06
5.4121e-05
9.5129e-05
9.5367e-07
2.8610e-06
5.4836e-05
2.8610e-06
5.2929e-05
1.9073e-06
5.1975e-05
4.0531e-06
5.6028e-05
3.0994e-06
5.2929e-05
2.1458e-06
5.3883e-05
2.8610e-06
5.2929e-05
2.8610e-06
5.3883e-05
2.8610e-06
5.3167e-05
3.0994e-06
5.1975e-05
2.8610e-06
7.2002e-05
4.0531e-06
5.3883e-05
1.9073e-06
5.4121e-05
3.0994e-06
5.3167e-05
3.0994e-06
5.2929e-05
2.8610e-06
5.1975e-05
3.0994e-06
5.1975e-05
3.8147e-06
7.0810e-05
4.0531e-06
5.6028e-05
2.8610e-06
5.2929e-05
3.0994e-06
6.1035e-05
2.8610e-06
5.4121e-05
3.0994e-06
5.1975e-05
1.9073e-06
5.1975e-05
2.1458e-06
5.2929e-05
2.8610e-06
7.2002e-05
3.0994e-06
5.5075e-05
3.0994e-06
5.2929e-05
1.4067e-05
9.5367e-07
2.1458e-06
5.4836e-05
6.7949e-05
9.5367e-07
2.1458e-06
5.5075e-05
2.1458e-06
5.3883e-05
5.6982e-05
9.5367e-07
3.0994e-06
8.2016e-05
2.8610e-06
5.5075e-05
3.2902e-05
9.5367e-07
3.0994e-06
5.4836e-05
3.0994e-06
5.1975e-05
1.9073e-06
5.2929e-05
3.0994e-06
5.2929e-05
2.8610e-06
5.3167e-05
2.1458e-06
7.2002e-05
2.8610e-06
5.3167e-05
1.4067e-05
9.5367e-07
1.1396e-04
9.5367e-07
2.8610e-06
5.4121e-05
2.8610e-06
5.5075e-05
3.0994e-06
5.6028e-05
4.6968e-05
9.5367e-07
2.6941e-05
9.5367e-07
6.5804e-05
9.5367e-07
2.1458e-06
7.5102e-05
4.0531e-06
5.4121e-05
3.0994e-06
5.3883e-05
4.0531e-06
5.2929e-05
1.9073e-06
5.3167e-05
3.0994e-06
5.1975e-05
1.9073e-06
5.3167e-05
2.1458e-06
5.2929e-05
4.0531e-06
5.6028e-05
3.0994e-06
5.2929e-05
3.0994e-06
5.3883e-05
8.1062e-06
0.0000e+00
1.9073e-06
5.4121e-05
2.8610e-06
5.2214e-05
5.4121e-05
0.0000e+00
6.6042e-05
0.0000e+00
2.8610e-06
5.6982e-05
3.0994e-06
7.1049e-05
3.0994e-06
5.4121e-05
3.0994e-06
5.1975e-05
2.0027e-05
9.5367e-07
2.8610e-06
5.6982e-05
2.1458e-06
5.2929e-05
4.0531e-06
5.2929e-05
1.2088e-04
9.5367e-07
3.0994e-06
5.5075e-05
8.1062e-06
9.5367e-07
2.8610e-06
5.4836e-05
2.8610e-06
5.3883e-05
1.9073e-06
5.4121e-05
3.0994e-06
5.1975e-05
1.9073e-06
5.2929e-05
1.6928e-05
9.5367e-07
4.0531e-06
5.7936e-05
3.0994e-06
6.9857e-05
3.0994e-06
5.6028e-05
5.8174e-05
9.5367e-07
1.9073e-06
5.3883e-05
1.0014e-05
5.3883e-05
3.0994e-06
5.2929e-05
2.8610e-06
5.3167e-05
3.0994e-06
5.2929e-05
3.0994e-06
7.2002e-05
2.8610e-06
5.5075e-05
2.8610e-06
5.4121e-05
2.1458e-06
5.2929e-05
1.9073e-06
5.1975e-05
3.0994e-06
5.1975e-05
3.0994e-06
5.1975e-05
1.3828e-05
9.5367e-07
2.8610e-06
7.5102e-05
2.8610e-06
5.5075e-05
2.8610e-06
6.0081e-05
2.8610e-06
5.2929e-05
3.0994e-06
5.2929e-05
3.0994e-06
5.2929e-05
1.9073e-06
5.3883e-05
3.0994e-06
5.2929e-05
4.0531e-06
5.6028e-05
1.9073e-06
5.2929e-05
2.8610e-06
5.3167e-05
3.0994e-06
5.2929e-05
3.0994e-06
5.2929e-05
2.8610e-06
5.2929e-05
2.8610e-06
5.2929e-05
3.0994e-06
7.7963e-05
4.0531e-06
5.5075e-05
3.0994e-06
5.3883e-05
3.0994e-06
5.2929e-05
2.8610e-06
5.2929e-05
2.8610e-06
5.2214e-05
3.0994e-06
5.1975e-05
2.8610e-06
5.2929e-05
2.9087e-05
9.5367e-07
2.8610e-06
5.7936e-05
2.8610e-06
5.4121e-05
3.0994e-06
5.3167e-05
4.5061e-05
9.5367e-07
3.0994e-06
5.6028e-05
7.1526e-06
0.0000e+00
1.9073e-06
6.1989e-05
3.0994e-06
5.2929e-05
1.0967e-05
1.1921e-06
4.0531e-06
5.7936e-05
2.8610e-06
5.3167e-05
2.1458e-06
5.3883e-05
3.0994e-06
5.2929e-05
2.8610e-06
5.1975e-05
3.0994e-06
5.2929e-05
2.8610e-06
5.4121e-05
2.8610e-06
6.9141e-05
3.0994e-06
5.5075e-05
1.3828e-05
9.5367e-07
2.8610e-06
5.4121e-05
6.9141e-06
9.5367e-07
1.7214e-04
0.0000e+00
2.8610e-06
5.6028e-05
2.6941e-05
0.0000e+00
3.0994e-06
5.5075e-05
4.0531e-06
5.4121e-05
2.8610e-06
5.7220e-05
2.1458e-06
5.5075e-05
3.0994e-06
5.1975e-05
2.8610e-06
5.2929e-05
3.0994e-06
5.3167e-05
3.0994e-06
5.2929e-05
3.2902e-05
9.5367e-07
2.8610e-06
5.5075e-05
4.7922e-05
9.5367e-07
2.8610e-06
5.7220e-05
3.0994e-06
5.2929e-05
1.9073e-06
5.3167e-05
2.1458e-06
5.2929e-05
2.8610e-06
5.1975e-05
2.1458e-06
5.1975e-05
2.8610e-06
5.1022e-05
4.0531e-06
5.5075e-05
2.1458e-06
5.3883e-05
3.0994e-06
5.3883e-05
7.3910e-05
9.5367e-07
2.1458e-06
5.5075e-05
3.0994e-06
5.3167e-05
9.0599e-06
9.5367e-07
3.0994e-06
5.6028e-05
3.0994e-06
7.2956e-05
4.0531e-06
5.4836e-05
3.0994e-06
5.4836e-05
2.8610e-06
5.3883e-05
6.2943e-05
9.5367e-07
1.9073e-06
5.6982e-05
3.0994e-06
5.4121e-05
2.5034e-05
0.0000e+00
3.0994e-06
5.3883e-05
3.0994e-06
7.1049e-05
9.0599e-06
9.5367e-07
1.9073e-06
5.5790e-05
1.5903e-04
9.5367e-07
3.0994e-06
5.4836e-05
3.0994e-06
5.3883e-05
4.2915e-05
1.1921e-06
3.3140e-05
0.0000e+00
2.8610e-06
5.5790e-05
2.8610e-06
5.2929e-05
3.0994e-06
5.6028e-05
3.0994e-06
5.2929e-05
2.8610e-06
5.1975e-05
1.1206e-05
9.5367e-07
2.8610e-06
5.5790e-05
1.0800e-04
9.5367e-07
2.1458e-06
6.1989e-05
3.0994e-06
5.3883e-05
1.0967e-05
1.1921e-06
2.8610e-06
5.6982e-05
6.2943e-05
0.0000e+00
2.8610e-06
5.4121e-05
2.1458e-06
5.3883e-05
2.8610e-06
5.1975e-05
3.0994e-06
5.2929e-05
2.8610e-06
5.2929e-05
2.8610e-06
5.1975e-05
1.5020e-05
9.5367e-07
2.1458e-06
5.6028e-05
3.0994e-06
5.2929e-05
1.9073e-06
5.2929e-05
1.0014e-05
5.3883e-05
2.8610e-06
5.4121e-05
3.0994e-06
5.2929e-05
4.7922e-05
9.5367e-07
2.1458e-06
7.2956e-05
3.8147e-06
5.7936e-05
2.8610e-06
5.3167e-05
8.1062e-06
9.5367e-07
1.5020e-05
9.5367e-07
3.0994e-06
5.2929e-05
1.1086e-04
1.1921e-06
2.1458e-06
5.5075e-05
3.0994e-06
5.4121e-05
3.0994e-06
5.3883e-05
3.8147e-06
5.6982e-05
1.4067e-05
1.1921e-06
3.0994e-06
5.5075e-05
5.6982e-05
1.1921e-06
2.1458e-06
5.5075e-05
7.6056e-05
0.0000e+00
3.0994e-06
5.4121e-05
3.0994e-06
5.4121e-05
7.1526e-06
9.5367e-07
1.1206e-04
9.5367e-07
2.8610e-06
5.5075e-05
1.9073e-06
5.3167e-05
3.0994e-06
5.2929e-05
1.9073e-06
5.9128e-05
4.0531e-06
5.1975e-05
2.8610e-06
5.1975e-05
3.0994e-06
5.1975e-05
1.2875e-05
9.5367e-07
2.1458e-06
7.7963e-05
1.2875e-05
9.5367e-07
3.0994e-06
5.4121e-05
3.0994e-06
5.2929e-05
1.9073e-06
5.2929e-05
1.9073e-06
5.4121e-05
3.0994e-06
5.2929e-05
2.8610e-06
5.2929e-05
2.8610e-06
7.2002e-05
3.0994e-06
5.5075e-05
4.8161e-05
9.5367e-07
3.0994e-06
5.4836e-05
3.0994e-06
5.2929e-05
2.8610e-06
5.3167e-05
2.1458e-06
5.2929e-05
2.8610e-06
5.2929e-05
2.8610e-06
7.1049e-05
3.0994e-06
5.3883e-05
3.0994e-06
5.1975e-05
1.9073e-06
5.4121e-05
3.0994e-06
5.2929e-05
2.8610e-06
5.2929e-05
1.0014e-05
9.5367e-07
1.9073e-06
5.6982e-05
3.0994e-06
7.8917e-05
2.8610e-06
5.3883e-05
2.8610e-06
5.4121e-05
3.0994e-06
5.2929e-05
2.8610e-06
5.2929e-05
2.8610e-06
5.1022e-05
3.0994e-06
5.3883e-05
1.9073e-06
5.3167e-05
3.0994e-06
5.6982e-05
2.1219e-05
0.0000e+00
2.8610e-06
5.5075e-05
1.9073e-06
5.3167e-05
2.1458e-06
5.4121e-05
3.0994e-06
5.6028e-05
3.0994e-06
5.9128e-05
4.7922e-05
0.0000e+00
4.4107e-05
9.5367e-07
1.9073e-06
7.6056e-05
4.0531e-06
5.5075e-05
3.0994e-06
5.3883e-05
4.0531e-06
5.2929e-05
2.8610e-06
5.2929e-05
3.0994e-06
5.3883e-05
3.0994e-06
5.1975e-05
2.8610e-06
5.4121e-05
3.0994e-06
5.6982e-05
3.0994e-06
5.1975e-05
1.5020e-05
9.5367e-07
6.7949e-05
1.1921e-06
2.8610e-06
5.6028e-05
1.9073e-06
5.3167e-05
2.8610e-06
5.1975e-05
1.4067e-05
9.5367e-07
3.0994e-06
5.2929e-05
3.0994e-06
5.6028e-05
5.4121e-05
9.5367e-07
5.8889e-05
9.5367e-07
2.8610e-06
5.5075e-05
1.9073e-06
5.3167e-05
3.0994e-06
5.1975e-05
2.8610e-06
5.3883e-05
5.8889e-05
1.1921e-06
2.1458e-06
5.3883e-05
2.8610e-06
5.7936e-05
1.1921e-05
0.0000e+00
2.1458e-06
5.4836e-05
2.1458e-06
5.2929e-05
1.9073e-06
5.3167e-05
5.6982e-05
9.5367e-07
2.8610e-06
5.4121e-05
3.0994e-06
5.4121e-05
2.1458e-06
5.3883e-05
1.6928e-05
9.5367e-07
2.8610e-06
5.7220e-05
3.0994e-06
5.2929e-05
3.0994e-06
5.2929e-05
1.9073e-06
5.6028e-05
3.0994e-06
6.1035e-05
3.0994e-06
5.4121e-05
1.0967e-05
9.5367e-07
1.5783e-04
0.0000e+00
2.8610e-06
5.6982e-05
3.0994e-06
5.4121e-05
3.0994e-06
5.4121e-05
1.1921e-05
0.0000e+00
1.9073e-06
5.5075e-05
5.2929e-05
9.5367e-07
3.0994e-06
5.4836e-05
3.0994e-06
5.2929e-05
1.9073e-06
7.1049e-05
3.8147e-06
6.3896e-05
5.2929e-05
9.5367e-07
2.1458e-06
5.3883e-05
4.6015e-05
9.5367e-07
2.1458e-06
5.4836e-05
3.0994e-06
5.3883e-05
2.8610e-06
5.3883e-05
2.8610e-06
5.3167e-05
3.9101e-05
0.0000e+00
4.0531e-06
5.6982e-05
1.9073e-06
5.5075e-05
2.8610e-06
5.3167e-05
3.0994e-06
5.2929e-05
3.0994e-06
5.3883e-05
3.0994e-06
5.9843e-05
2.8610e-06
5.2929e-05
3.4809e-05
9.5367e-07
2.8610e-06
5.8174e-05
2.1458e-06
5.2929e-05
6.9141e-06
9.5367e-07
1.9073e-06
5.5075e-05
2.8610e-06
5.3167e-05
2.7180e-05
9.5367e-07
2.8610e-06
5.3883e-05
3.6955e-05
1.1921e-06
2.1458e-06
5.3883e-05
1.2875e-05
0.0000e+00
3.0994e-06
5.6982e-05
2.8610e-06
5.3883e-05
1.9073e-06
5.4121e-05
3.0994e-06
6.0081e-05
1.9073e-06
5.2929e-05
1.4210e-04
9.5367e-07
8.1062e-06
9.5367e-07
2.8610e-06
5.4836e-05
3.0994e-06
7.2956e-05
3.8147e-06
5.3883e-05
1.9073e-06
5.2214e-05
3.0994e-06
5.2929e-05
2.8610e-06
5.2214e-05
3.0994e-06
5.1975e-05
1.7166e-05
9.5367e-07
2.8610e-06
5.4836e-05
3.0994e-06
7.9870e-05
4.0531e-06
5.5075e-05
3.0994e-06
5.2929e-05
2.8610e-06
5.3167e-05
3.0994e-06
5.2929e-05
1.9073e-06
5.3883e-05
2.8610e-06
5.1975e-05
3.0994e-06
5.3167e-05
4.0531e-06
5.5075e-05
1.5974e-05
9.5367e-07
2.8610e-06
5.4121e-05
3.0994e-06
5.2929e-05
2.1458e-06
5.3883e-05
2.8610e-06
5.3883e-05
1.9073e-06
5.3167e-05
3.3140e-05
0.0000e+00
2.8610e-06
7.5817e-05
4.0531e-06
5.3883e-05
1.9073e-06
5.2929e-05
2.1458e-06
5.3883e-05
7.5102e-05
0.0000e+00
1.0586e-04
9.5367e-07
1.9073e-06
5.4121e-05
6.9141e-06
9.5367e-07
2.1458e-06
5.2929e-05
1.1897e-04
0.0000e+00
3.0994e-06
7.2956e-05
3.6955e-05
0.0000e+00
1.7166e-05
9.5367e-07
6.3896e-05
9.5367e-07
1.9073e-06
5.6982e-05
3.8147e-06
5.2929e-05
3.0994e-06
5.1975e-05
1.9073e-06
5.2929e-05
3.0994e-06
5.1975e-05
4.0531e-06
6.8903e-05
5.1022e-05
0.0000e+00
1.9073e-06
5.5075e-05
2.8610e-06
5.2214e-05
2.1458e-06
5.3883e-05
2.8610e-06
5.1975e-05
3.0994e-06
5.1975e-05
2.8610e-06
5.9843e-05
2.8610e-06
7.2956e-05
1.4067e-05
0.0000e+00
1.9073e-06
5.6028e-05
4.9114e-05
9.5367e-07
2.1458e-06
5.6028e-05
3.0994e-06
5.2929e-05
1.0395e-04
9.5367e-07
1.9073e-06
5.4836e-05
1.9073e-06
5.3883e-05
1.9073e-06
6.9141e-05
3.0994e-06
5.6028e-05
2.8610e-06
5.4121e-05
3.0994e-06
6.0081e-05
3.0994e-06
5.2929e-05
1.9073e-06
5.4836e-05
3.0994e-06
5.3883e-05
2.8610e-06
5.2929e-05
2.8610e-06
7.4148e-05
8.1062e-06
9.5367e-07
3.0994e-06
5.4836e-05
2.8610e-06
5.2929e-05
6.6042e-05
9.5367e-07
1.9073e-06
5.5075e-05
2.9802e-05
9.5367e-07
5.4121e-05
9.5367e-07
1.9073e-06
5.4836e-05
3.0994e-06
5.1975e-05
3.0994e-06
5.6028e-05
2.8610e-06
5.6982e-05
3.0994e-06
5.4121e-05
3.0994e-06
5.3883e-05
4.8876e-05
9.5367e-07
1.9073e-06
5.6028e-05
3.0994e-06
5.4836e-05
3.0994e-06
5.2929e-05
1.3113e-05
9.5367e-07
2.8610e-06
5.6028e-05
3.0994e-06
5.2929e-05
2.8610e-06
5.3883e-05
2.8610e-06
5.3167e-05
4.2200e-05
9.5367e-07
9.0599e-06
5.6028e-05
3.0994e-06
5.3167e-05
2.1458e-06
7.4863e-05
4.0531e-06
5.6028e-05
3.0994e-06
5.4121e-05
3.0041e-05
1.1921e-06
2.1458e-06
5.3883e-05
1.0967e-05
9.5367e-07
2.8610e-06
5.6028e-05
2.8610e-06
5.2929e-05
2.8610e-06
5.3167e-05
3.0994e-06
7.2002e-05
2.8610e-06
5.6028e-05
2.1458e-06
5.2929e-05
1.1921e-05
9.5367e-07
2.8610e-06
5.4121e-05
1.0419e-04
9.5367e-07
3.0994e-06
5.4836e-05
2.1458e-06
5.3883e-05
1.9073e-06
5.2929e-05
3.0994e-06
5.6028e-05
1.4067e-05
9.5367e-07
3.0994e-06
5.6028e-05
3.0994e-06
5.4121e-05
3.0994e-06
5.3883e-05
2.8610e-06
5.1975e-05
1.5903e-04
0.0000e+00
2.8610e-06
5.6028e-05
3.0994e-06
7.2956e-05
3.8147e-06
5.4836e-05
1.9073e-06
5.2929e-05
2.8610e-06
5.2214e-05
3.0994e-06
5.1975e-05
2.8610e-06
5.2929e-05
3.0994e-06
5.4121e-05
1.4067e-05
9.5367e-07
2.1458e-06
6.8903e-05
3.0994e-06
5.6028e-05
1.2159e-05
9.5367e-07
1.1110e-04
0.0000e+00
2.8610e-06
6.2227e-05
3.0994e-06
5.4121e-05
2.1458e-06
5.2929e-05
2.8610e-06
5.2214e-05
3.0994e-06
5.2929e-05
6.4850e-05
1.1921e-06
3.0994e-06
5.6982e-05
4.0531e-06
5.4121e-05
3.0994e-06
5.4121e-05
3.0994e-06
5.2929e-05
2.8610e-06
5.2929e-05
3.0994e-06
5.3167e-05
3.7909e-05
9.5367e-07
1.9073e-06
5.4121e-05
1.3113e-05
9.5367e-07
3.0994e-06
5.6982e-05
2.8610e-06
5.3883e-05
1.4186e-04
0.0000e+00
3.0994e-06
5.5075e-05
3.0994e-06
5.3167e-05
3.0994e-06
5.2929e-05
2.8610e-06
5.1975e-05
2.1458e-06
6.8903e-05
4.0531e-06
5.6028e-05
3.0994e-06
5.2929e-05
3.0994e-06
5.2929e-05
2.8610e-06
5.1975e-05
3.0994e-06
6.0081e-05
3.0994e-06
5.3883e-05
3.0994e-06
5.1975e-05
1.9073e-06
7.2956e-05
9.0599e-06
0.0000e+00
1.9073e-06
5.5075e-05
3.0994e-06
5.3167e-05
3.0994e-06
5.4836e-05
2.8610e-06
5.1975e-05
3.0994e-06
5.2929e-05
3.0994e-06
5.2929e-05
2.8610e-06
7.1049e-05
4.0531e-06
5.3883e-05
2.8610e-06
5.1975e-05
3.0994e-06
5.7936e-05
1.4067e-05
0.0000e+00
1.9073e-06
5.4836e-05
1.9073e-06
5.2929e-05
3.0994e-06
5.4121e-05
2.1458e-06
7.2956e-05
2.8610e-06
5.3883e-05
2.8610e-06
5.2214e-05
3.0994e-06
5.1975e-05
3.0994e-06
5.1975e-05
3.0994e-06
5.1975e-05
3.0994e-06
5.1975e-05
3.0994e-06
5.2929e-05
1.2875e-05
9.5367e-07
1.9073e-06
5.7936e-05
3.0994e-06
6.0797e-05
2.1458e-06
5.2929e-05
1.9073e-06
5.4121e-05
1.9073e-06
5.2929e-05
2.1458e-06
5.2929e-05
1.9073e-06
5.1022e-05
1.9073e-06
7.0810e-05
7.8678e-06
0.0000e+00
1.9073e-06
5.5075e-05
1.9073e-06
5.5075e-05
2.8610e-06
5.3167e-05
3.0994e-06
5.1975e-05
2.8610e-06
5.2929e-05
1.9073e-06
5.1975e-05
1.9073e-06
7.8917e-05
3.8147e-06
5.3883e-05
2.3842e-05
0.0000e+00
7.1049e-05
1.1921e-06
7.1526e-06
9.5367e-07
1.9073e-06
5.6028e-05
1.9073e-06
5.3883e-05
1.9073e-06
5.3167e-05
9.9182e-05
0.0000e+00
2.8610e-06
5.4121e-05
6.9141e-06
9.5367e-07
2.8610e-06
5.5790e-05
3.0994e-06
5.3883e-05
3.0994e-06
5.2929e-05
3.0994e-06
5.2929e-05
2.8610e-06
5.8889e-05
2.8610e-06
5.3883e-05
2.8610e-06
5.2929e-05
4.0531e-06
5.6028e-05
3.0994e-06
5.2929e-05
2.1458e-06
5.2929e-05
2.9802e-05
9.5367e-07
2.1458e-06
5.4121e-05
3.0994e-06
5.1975e-05
2.8610e-06
5.1975e-05
6.9141e-06
9.5367e-07
5.9605e-06
9.5367e-07
1.0991e-04
0.0000e+00
1.9073e-06
5.6982e-05
2.1458e-06
5.3883e-05
3.0994e-06
5.3883e-05
1.9073e-06
5.2929e-05
3.0994e-06
5.2929e-05
5.0068e-05
9.5367e-07
3.0994e-06
5.3883e-05
1.9073e-06
7.2002e-05
1.5974e-05
9.5367e-07
2.8610e-06
5.6982e-05
6.2943e-05
0.0000e+00
3.0994e-06
5.5075e-05
3.0994e-06
5.3883e-05
2.8610e-06
5.3167e-05
3.0994e-06
5.2929e-05
1.9073e-06
5.3883e-05
2.8610e-06
8.0109e-05
2.8610e-06
5.5075e-05
6.9857e-05
1.1921e-06
2.1458e-06
5.3883e-05
1.3113e-05
9.5367e-07
2.8610e-06
5.2929e-05
3.0994e-06
5.2929e-05
3.0994e-06
5.1975e-05
1.0014e-05
9.5367e-07
1.9073e-06
6.9141e-05
2.8610e-06
5.6028e-05
2.8610e-06
5.2929e-05
3.0994e-06
5.2929e-05
1.4067e-05
9.5367e-07
1.9073e-06
5.6028e-05
1.9073e-06
6.0797e-05
2.1458e-06
5.3883e-05
2.8610e-06
5.2929e-05
2.8610e-06
5.5790e-05
6.4135e-05
9.5367e-07
3.0994e-06
5.6028e-05
3.0994e-06
5.3167e-05
2.1458e-06
5.3883e-05
2.8610e-06
5.2929e-05
2.1935e-05
0.0000e+00
1.9073e-06
5.3883e-05
2.8610e-06
7.2956e-05
1.2875e-05
9.5367e-07
2.8610e-06
5.5075e-05
2.8610e-06
5.9128e-05
2.0981e-05
0.0000e+00
3.0994e-06
5.3167e-05
3.0994e-06
5.1975e-05
2.8610e-06
5.4121e-05
3.0994e-06
5.3167e-05
4.0531e-06
5.6028e-05
2.8610e-06
5.4121e-05
6.1989e-05
0.0000e+00
1.9073e-06
5.5075e-05
3.0994e-06
5.1975e-05
1.9073e-06
5.2929e-05
1.7881e-05
1.1921e-06
2.1458e-06
5.5075e-05
2.1458e-06
7.8917e-05
3.0994e-06
5.4836e-05
3.0994e-06
5.2929e-05
2.8610e-06
5.3167e-05
3.0994e-06
5.2929e-05
3.0994e-06
5.2929e-05
2.8610e-06
5.3167e-05
4.1962e-05
9.5367e-07
3.0994e-06
7.0095e-05
4.0531e-06
5.6028e-05
2.8610e-06
5.3167e-05
3.0994e-06
5.2929e-05
1.7881e-05
9.5367e-07
2.8610e-06
5.4121e-05
2.8610e-06
5.3167e-05
2.1458e-06
6.1035e-05
3.0994e-06
5.2929e-05
2.8610e-06
5.6028e-05
1.9073e-06
5.4121e-05
3.0994e-06
5.2929e-05
3.0994e-06
5.1975e-05
1.9073e-06
5.2929e-05
1.9073e-06
5.2929e-05
2.8610e-06
5.3167e-05
3.0994e-06
6.8903e-05
4.0531e-06
5.3883e-05
1.9073e-06
5.2929e-05
3.0994e-06
5.1975e-05
1.9073e-06
5.3883e-05
3.0994e-06
5.2929e-05
2.8610e-06
5.1975e-05
2.1458e-06
5.2929e-05
1.3828e-05
9.5367e-07
3.0994e-06
5.7936e-05
3.0994e-06
5.2929e-05
2.8610e-06
5.2929e-05
1.9073e-06
5.4121e-05
3.0994e-06
5.1975e-05
1.9073e-06
5.5075e-05
6.9141e-06
1.1921e-06
2.1458e-06
6.8903e-05
4.0531e-06
5.5075e-05
2.1458e-06
5.4121e-05
3.0994e-06
5.9843e-05
1.4305e-04
1.1921e-06
9.0122e-05
9.5367e-07
2.8610e-06
5.6028e-05
3.0994e-06
5.5075e-05
6.9141e-06
9.5367e-07
1.9073e-06
5.4121e-05
4.0531e-06
5.6028e-05
3.0994e-06
5.2929e-05
3.2902e-05
0.0000e+00
3.0994e-06
5.5075e-05
1.1396e-04
9.5367e-07
3.0994e-06
6.2943e-05
3.0994e-06
5.5075e-05
3.0994e-06
5.3167e-05
3.0994e-06
7.3910e-05
2.8610e-06
5.4836e-05
2.8610e-06
5.4121e-05
1.2159e-05
9.5367e-07
1.9073e-06
5.4836e-05
2.8610e-06
5.2929e-05
1.2875e-05
0.0000e+00
2.1458e-06
5.5075e-05
1.0896e-04
9.5367e-07
1.9073e-06
7.2002e-05
3.0994e-06
5.6028e-05
2.1458e-06
6.1035e-05
1.9073e-06
5.4121e-05
3.0994e-06
5.2929e-05
1.6928e-05
1.1921e-06
3.0994e-06
5.6028e-05
4.8161e-05
9.5367e-07
2.8610e-06
5.3883e-05
9.6798e-05
9.5367e-07
4.0531e-06
5.6028e-05
1.9073e-06
5.3883e-05
2.8610e-06
5.3167e-05
2.1458e-06
5.1975e-05
2.8610e-06
5.3883e-05
3.8147e-06
5.1975e-05
3.0994e-06
6.1035e-05
2.8610e-06
7.3910e-05
4.0531e-06
5.5075e-05
2.8610e-06
5.3167e-05
8.1062e-06
9.5367e-07
2.1458e-06
5.3883e-05
1.9073e-06
5.3883e-05
2.8610e-06
5.1975e-05
3.0994e-06
5.4121e-05
6.9141e-06
0.0000e+00
3.0994e-06
5.6028e-05
1.9073e-06
5.4121e-05
3.0994e-06
5.2929e-05
6.7949e-05
1.1921e-06
2.1458e-06
6.1989e-05
2.8610e-06
5.3167e-05
1.1206e-05
9.5367e-07
1.9073e-06
5.5075e-05
2.8610e-06
6.9857e-05
1.0395e-04
0.0000e+00
3.0994e-06
5.6982e-05
1.9073e-06
5.4121e-05
3.0994e-06
5.4121e-05
1.0014e-05
9.5367e-07
6.6996e-05
9.5367e-07
2.8610e-06
5.4121e-05
2.1458e-06
5.5075e-05
3.0994e-06
5.2929e-05
2.8610e-06
6.4135e-05
3.0994e-06
5.4121e-05
3.0994e-06
5.2929e-05
1.9073e-06
5.3167e-05
3.0994e-06
5.2929e-05
2.8610e-06
5.5075e-05
5.6982e-05
9.5367e-07
2.8610e-06
5.4121e-05
2.8610e-06
5.6982e-05
2.9087e-05
9.5367e-07
3.7909e-05
9.5367e-07
3.0994e-06
5.5075e-05
1.9073e-06
5.2929e-05
2.1458e-06
5.3883e-05
2.8610e-06
5.9843e-05
3.0041e-05
9.5367e-07
2.8610e-06
5.5075e-05
2.8610e-06
5.6982e-05
3.0994e-06
5.3883e-05
3.8147e-06
5.2929e-05
3.3855e-05
1.1921e-06
3.0994e-06
5.3883e-05
3.0994e-06
5.3883e-05
2.1458e-06
5.1975e-05
2.8610e-06
5.1975e-05
3.0994e-06
5.6028e-05
3.0994e-06
5.2929e-05
7.8678e-06
9.5367e-07
1.9073e-06
5.4121e-05
2.8610e-06
6.3181e-05
3.0994e-06
5.3883e-05
2.8610e-06
5.1975e-05
2.8610e-06
5.2929e-05
3.0994e-06
7.3910e-05
4.0531e-06
5.3883e-05
2.5988e-05
9.5367e-07
5.6028e-05
9.5367e-07
5.3883e-05
0.0000e+00
2.1458e-06
5.3883e-05
2.8610e-06
5.3167e-05
3.0994e-06
5.2929e-05
3.0994e-06
5.2929e-05
3.0994e-06
7.7963e-05
3.8147e-06
6.0797e-05
3.0994e-06
5.3883e-05
3.0994e-06
5.3883e-05
4.0531e-06
5.1975e-05
1.9073e-06
5.2929e-05
3.0994e-06
5.5075e-05
4.0531e-06
5.1975e-05
2.8610e-06
5.6028e-05
3.0994e-06
5.6982e-05
3.0994e-06
5.2929e-05
2.8610e-06
5.3167e-05
3.0994e-06
5.2929e-05
5.6028e-05
1.1921e-06
2.1458e-06
6.1035e-05
3.0994e-06
5.5075e-05
2.8610e-06
5.6028e-05
3.0994e-06
5.2929e-05
9.0599e-06
0.0000e+00
1.9073e-06
5.5075e-05
2.8610e-06
5.2929e-05
5.6028e-05
9.5367e-07
2.8610e-06
5.4121e-05
2.8610e-06
5.1975e-05
6.6996e-05
9.5367e-07
3.0994e-06
7.2956e-05
1.0395e-04
0.0000e+00
3.0994e-06
5.5075e-05
2.8610e-06
5.3883e-05
2.8610e-06
5.2929e-05
2.8610e-06
5.3167e-05
2.1458e-06
5.2929e-05
2.8610e-06
5.2929e-05
2.9802e-05
9.5367e-07
3.0994e-06
5.7936e-05
2.1458e-06
5.3883e-05
3.0994e-06
5.1975e-05
1.9073e-06
5.4121e-05
8.1062e-06
9.5367e-07
1.9073e-06
5.4121e-05
2.8610e-06
5.1975e-05
2.1458e-06
5.2929e-05
4.0531e-06
6.2943e-05
1.9073e-06
5.4121e-05
3.0994e-06
5.3167e-05
3.0994e-06
5.3883e-05
3.0994e-06
5.2929e-05
1.0967e-05
1.1921e-06
3.0994e-06
5.6982e-05
1.9073e-06
5.3167e-05
6.6996e-05
9.5367e-07
1.9073e-06
5.6982e-05
2.8610e-06
5.3883e-05
2.8610e-06
5.1975e-05
2.1458e-06
5.2929e-05
1.9073e-06
5.1975e-05
3.0994e-06
6.1035e-05
2.8610e-06
5.3883e-05
3.0994e-06
5.6028e-05
3.0994e-06
5.2929e-05
1.9073e-06
5.4836e-05
2.8610e-06
5.2929e-05
3.0994e-06
5.3167e-05
3.0994e-06
5.3883e-05
2.8610e-06
5.2929e-05
3.0994e-06
7.1049e-05
1.5974e-05
0.0000e+00
3.0994e-06
5.4836e-05
4.9114e-05
9.5367e-07
2.8610e-06
5.4836e-05
3.0994e-06
6.1035e-05
2.1458e-06
5.5075e-05
3.0994e-06
5.2929e-05
2.8610e-06
5.1975e-05
3.8147e-06
5.6028e-05
1.3399e-04
9.5367e-07
2.8610e-06
5.6028e-05
1.9073e-06
5.3167e-05
3.0994e-06
5.1975e-05
7.8153e-02
