6.2921e-03
0.0000e+00
1.2207e-04
0.0000e+00
6.5088e-05
0.0000e+00
5.6982e-05
0.0000e+00
5.3883e-05
0.0000e+00
5.3167e-05
0.0000e+00
5.3883e-05
0.0000e+00
5.2929e-05
0.0000e+00
9.7036e-05
0.0000e+00
5.3883e-05
0.0000e+00
5.4121e-05
0.0000e+00
5.2214e-05
0.0000e+00
5.1975e-05
0.0000e+00
5.2929e-05
0.0000e+00
5.2929e-05
0.0000e+00
6.2943e-05
0.0000e+00
5.6028e-05
0.0000e+00
5.3883e-05
0.0000e+00
5.2929e-05
0.0000e+00
5.3167e-05
0.0000e+00
5.4121e-05
0.0000e+00
5.2929e-05
0.0000e+00
5.1975e-05
0.0000e+00
6.9141e-05
0.0000e+00
5.3883e-05
0.0000e+00
5.2929e-05
0.0000e+00
5.2929e-05
0.0000e+00
5.2929e-05
0.0000e+00
5.1975e-05
0.0000e+00
5.9843e-05
0.0000e+00
5.4121e-05
0.0000e+00
5.5075e-05
0.0000e+00
5.3883e-05
0.0000e+00
5.2929e-05
0.0000e+00
5.1975e-05
0.0000e+00
5.2929e-05
0.0000e+00
5.2929e-05
0.0000e+00
5.2929e-05
0.0000e+00
6.5088e-05
0.0000e+00
5.5075e-05
0.0000e+00
5.1975e-05
0.0000e+00
5.3167e-05
0.0000e+00
5.3167e-05
0.0000e+00
5.1975e-05
0.0000e+00
6.1035e-05
0.0000e+00
5.6028e-05
0.0000e+00
7.5102e-05
0.0000e+00
5.3883e-05
0.0000e+00
5.1975e-05
0.0000e+00
5.3883e-05
0.0000e+00
5.1022e-05
0.0000e+00
5.1975e-05
0.0000e+00
5.1022e-05
0.0000e+00
5.1975e-05
0.0000e+00
5.6028e-05
0.0000e+00
5.2929e-05
0.0000e+00
6.2943e-05
0.0000e+00
5.2929e-05
0.0000e+00
5.2929e-05
0.0000e+00
5.2929e-05
0.0000e+00
5.3167e-05
0.0000e+00
7.1049e-05
0.0000e+00
5.3883e-05
0.0000e+00
5.2929e-05
0.0000e+00
5.2929e-05
0.0000e+00
5.2929e-05
0.0000e+00
5.3167e-05
0.0000e+00
5.3167e-05
0.0000e+00
5.3167e-05
0.0000e+00
5.5075e-05
0.0000e+00
5.9128e-05
0.0000e+00
5.3883e-05
0.0000e+00
5.3883e-05
0.0000e+00
5.1975e-05
0.0000e+00
5.2929e-05
0.0000e+00
5.1975e-05
0.0000e+00
6.9141e-05
0.0000e+00
5.3883e-05
0.0000e+00
5.2929e-05
0.0000e+00
5.3167e-05
0.0000e+00
5.3167e-05
0.0000e+00
5.1975e-05
0.0000e+00
5.2929e-05
0.0000e+00
5.1022e-05
0.0000e+00
5.7936e-05
0.0000e+00
6.1035e-05
0.0000e+00
5.3167e-05
0.0000e+00
5.1975e-05
0.0000e+00
5.1975e-05
0.0000e+00
5.2929e-05
0.0000e+00
5.2929e-05
0.0000e+00
7.1049e-05
0.0000e+00
5.4121e-05
0.0000e+00
5.3167e-05
0.0000e+00
5.3167e-05
0.0000e+00
5.1975e-05
0.0000e+00
5.4121e-05
0.0000e+00
5.1975e-05
0.0000e+00
5.1975e-05
0.0000e+00
6.1989e-05
0.0000e+00
5.1975e-05
0.0000e+00
5.2929e-05
0.0000e+00
8.8930e-05
0.0000e+00
9.2030e-05
0.0000e+00
9.0837e-05
0.0000e+00
8.9884e-05
0.0000e+00
1.1802e-04
0.0000e+00
8.9884e-05
0.0000e+00
9.2030e-05
0.0000e+00
9.3937e-05
0.0000e+00
9.2030e-05
0.0000e+00
9.0122e-05
0.0000e+00
9.1076e-05
0.0000e+00
9.4175e-05
0.0000e+00
9.2030e-05
0.0000e+00
9.1076e-05
0.0000e+00
9.1076e-05
0.0000e+00
9.7990e-05
0.0000e+00
9.1076e-05
0.0000e+00
8.8930e-05
0.0000e+00
9.0837e-05
0.0000e+00
1.1802e-04
0.0000e+00
9.2030e-05
0.0000e+00
9.3937e-05
0.0000e+00
9.2030e-05
0.0000e+00
9.9182e-05
0.0000e+00
9.1076e-05
0.0000e+00
9.2983e-05
0.0000e+00
9.3937e-05
0.0000e+00
9.5129e-05
0.0000e+00
9.2983e-05
0.0000e+00
9.2983e-05
0.0000e+00
9.2030e-05
0.0000e+00
9.9897e-05
0.0000e+00
9.3937e-05
0.0000e+00
9.0837e-05
0.0000e+00
9.0122e-05
0.0000e+00
9.2983e-05
0.0000e+00
9.2030e-05
0.0000e+00
9.1076e-05
0.0000e+00
9.3937e-05
0.0000e+00
1.0204e-04
0.0000e+00
9.4175e-05
0.0000e+00
9.2983e-05
0.0000e+00
1.1611e-04
0.0000e+00
9.4175e-05
0.0000e+00
9.2030e-05
0.0000e+00
9.2983e-05
0.0000e+00
9.1076e-05
0.0000e+00
9.7990e-05
0.0000e+00
8.8930e-05
0.0000e+00
1.1301e-04
0.0000e+00
9.9182e-05
0.0000e+00
9.2030e-05
0.0000e+00
9.2030e-05
0.0000e+00
9.2983e-05
0.0000e+00
9.2983e-05
0.0000e+00
8.9884e-05
0.0000e+00
9.2030e-05
0.0000e+00
1.2684e-04
0.0000e+00
9.7036e-05
0.0000e+00
9.0837e-05
0.0000e+00
8.9884e-05
0.0000e+00
9.1791e-05
0.0000e+00
9.2983e-05
0.0000e+00
9.1076e-05
0.0000e+00
9.2030e-05
0.0000e+00
9.3937e-05
0.0000e+00
9.1076e-05
0.0000e+00
9.1076e-05
0.0000e+00
9.0122e-05
0.0000e+00
9.2983e-05
0.0000e+00
9.0837e-05
0.0000e+00
8.9169e-05
0.0000e+00
1.2112e-04
0.0000e+00
1.4210e-04
0.0000e+00
9.2983e-05
0.0000e+00
9.1076e-05
0.0000e+00
9.2983e-05
0.0000e+00
8.8930e-05
0.0000e+00
9.9182e-05
0.0000e+00
9.2030e-05
0.0000e+00
9.3937e-05
0.0000e+00
9.1076e-05
0.0000e+00
9.2983e-05
0.0000e+00
9.0837e-05
0.0000e+00
9.0122e-05
0.0000e+00
9.0122e-05
0.0000e+00
9.9897e-05
0.0000e+00
9.2983e-05
0.0000e+00
9.0122e-05
0.0000e+00
8.9884e-05
0.0000e+00
8.7976e-05
0.0000e+00
8.9884e-05
0.0000e+00
8.8930e-05
0.0000e+00
9.1076e-05
0.0000e+00
9.1076e-05
0.0000e+00
1.1396e-04
0.0000e+00
9.0122e-05
0.0000e+00
9.1076e-05
0.0000e+00
9.1076e-05
0.0000e+00
8.8930e-05
0.0000e+00
9.2030e-05
0.0000e+00
8.9884e-05
0.0000e+00
9.0837e-05
0.0000e+00
9.1076e-05
0.0000e+00
9.2030e-05
0.0000e+00
9.0837e-05
0.0000e+00
9.0837e-05
0.0000e+00
8.9884e-05
0.0000e+00
9.0122e-05
0.0000e+00
9.1076e-05
0.0000e+00
9.2030e-05
0.0000e+00
1.0014e-04
0.0000e+00
9.2030e-05
0.0000e+00
9.2030e-05
0.0000e+00
8.9884e-05
0.0000e+00
9.2983e-05
0.0000e+00
9.0122e-05
0.0000e+00
8.9884e-05
0.0000e+00
1.1492e-04
0.0000e+00
9.8944e-05
0.0000e+00
9.1076e-05
0.0000e+00
9.1076e-05
0.0000e+00
9.1076e-05
0.0000e+00
9.2030e-05
0.0000e+00
9.0122e-05
0.0000e+00
9.2030e-05
0.0000e+00
9.2983e-05
0.0000e+00
9.9897e-05
0.0000e+00
9.1076e-05
0.0000e+00
8.8930e-05
0.0000e+00
8.8930e-05
0.0000e+00
8.9169e-05
0.0000e+00
8.8930e-05
0.0000e+00
9.2983e-05
0.0000e+00
9.1076e-05
0.0000e+00
9.0122e-05
0.0000e+00
9.2030e-05
0.0000e+00
9.0122e-05
0.0000e+00
8.8930e-05
0.0000e+00
8.9884e-05
0.0000e+00
9.1076e-05
0.0000e+00
1.1706e-04
0.0000e+00
9.2983e-05
0.0000e+00
9.2983e-05
0.0000e+00
9.8944e-05
0.0000e+00
9.0837e-05
0.0000e+00
9.3222e-05
0.0000e+00
9.2030e-05
0.0000e+00
9.2030e-05
0.0000e+00
9.5129e-05
0.0000e+00
9.1076e-05
0.0000e+00
9.2030e-05
0.0000e+00
9.7036e-05
0.0000e+00
9.0837e-05
0.0000e+00
9.2030e-05
0.0000e+00
9.2983e-05
0.0000e+00
1.1396e-04
0.0000e+00
9.2983e-05
0.0000e+00
9.2030e-05
0.0000e+00
9.2030e-05
0.0000e+00
9.8944e-05
0.0000e+00
9.1076e-05
0.0000e+00
9.2030e-05
0.0000e+00
9.1076e-05
0.0000e+00
9.4175e-05
0.0000e+00
9.2030e-05
0.0000e+00
9.0122e-05
0.0000e+00
9.1076e-05
0.0000e+00
9.7990e-05
0.0000e+00
8.8215e-05
0.0000e+00
9.2030e-05
0.0000e+00
1.1206e-04
0.0000e+00
9.0122e-05
0.0000e+00
9.0122e-05
0.0000e+00
9.0837e-05
0.0000e+00
9.2030e-05
0.0000e+00
8.9884e-05
0.0000e+00
8.8930e-05
0.0000e+00
9.4175e-05
0.0000e+00
9.4891e-05
0.0000e+00
9.0837e-05
0.0000e+00
9.2030e-05
0.0000e+00
9.2030e-05
0.0000e+00
9.2030e-05
0.0000e+00
9.1791e-05
0.0000e+00
9.2030e-05
0.0000e+00
1.1086e-04
0.0000e+00
9.4891e-05
0.0000e+00
9.1791e-05
0.0000e+00
9.1076e-05
0.0000e+00
9.1076e-05
0.0000e+00
9.0122e-05
0.0000e+00
9.0837e-05
0.0000e+00
1.0300e-04
0.0000e+00
1.1301e-04
0.0000e+00
9.3937e-05
0.0000e+00
9.2030e-05
0.0000e+00
9.2030e-05
0.0000e+00
9.0837e-05
0.0000e+00
9.1076e-05
0.0000e+00
9.0122e-05
0.0000e+00
1.0300e-04
0.0000e+00
9.1076e-05
0.0000e+00
9.0837e-05
0.0000e+00
9.0837e-05
0.0000e+00
8.9884e-05
0.0000e+00
9.1076e-05
0.0000e+00
8.9884e-05
0.0000e+00
9.0122e-05
0.0000e+00
1.1992e-04
0.0000e+00
8.9884e-05
0.0000e+00
9.0837e-05
0.0000e+00
9.0837e-05
0.0000e+00
8.8930e-05
0.0000e+00
9.1076e-05
0.0000e+00
9.1076e-05
0.0000e+00
9.4891e-05
0.0000e+00
1.0180e-04
0.0000e+00
9.0837e-05
0.0000e+00
9.0837e-05
0.0000e+00
8.9884e-05
0.0000e+00
9.1076e-05
0.0000e+00
9.0122e-05
0.0000e+00
8.7976e-05
0.0000e+00
1.1110e-04
0.0000e+00
1.0014e-04
0.0000e+00
9.1076e-05
0.0000e+00
9.0122e-05
0.0000e+00
9.1076e-05
0.0000e+00
9.1076e-05
0.0000e+00
9.2030e-05
0.0000e+00
9.2983e-05
0.0000e+00
1.1206e-04
0.0000e+00
9.1076e-05
0.0000e+00
9.0837e-05
0.0000e+00
9.0837e-05
0.0000e+00
8.9884e-05
0.0000e+00
9.1076e-05
0.0000e+00
9.0122e-05
0.0000e+00
8.8930e-05
0.0000e+00
9.2983e-05
0.0000e+00
9.2030e-05
0.0000e+00
9.9897e-05
0.0000e+00
9.2983e-05
0.0000e+00
8.9884e-05
0.0000e+00
9.0837e-05
0.0000e+00
9.3222e-05
0.0000e+00
1.1492e-04
0.0000e+00
9.0122e-05
0.0000e+00
8.7976e-05
0.0000e+00
9.7990e-05
0.0000e+00
8.8930e-05
0.0000e+00
9.1791e-05
0.0000e+00
8.9884e-05
0.0000e+00
8.8930e-05
0.0000e+00
9.3937e-05
0.0000e+00
9.1076e-05
0.0000e+00
8.9884e-05
0.0000e+00
1.0109e-04
0.0000e+00
9.0122e-05
0.0000e+00
9.1076e-05
0.0000e+00
9.2983e-05
0.0000e+00
1.1301e-04
0.0000e+00
9.2030e-05
0.0000e+00
8.9884e-05
0.0000e+00
9.1076e-05
0.0000e+00
8.9884e-05
0.0000e+00
9.0122e-05
0.0000e+00
9.2030e-05
0.0000e+00
8.9884e-05
0.0000e+00
9.3937e-05
0.0000e+00
9.1076e-05
0.0000e+00
8.7976e-05
0.0000e+00
8.8930e-05
0.0000e+00
8.7976e-05
0.0000e+00
9.8944e-05
0.0000e+00
9.2030e-05
0.0000e+00
1.1396e-04
0.0000e+00
9.0122e-05
0.0000e+00
9.0122e-05
0.0000e+00
8.9884e-05
0.0000e+00
8.9169e-05
0.0000e+00
9.1076e-05
0.0000e+00
9.8944e-05
0.0000e+00
9.2983e-05
0.0000e+00
9.2983e-05
0.0000e+00
9.1076e-05
0.0000e+00
9.2030e-05
0.0000e+00
9.1076e-05
0.0000e+00
9.2030e-05
0.0000e+00
9.1076e-05
0.0000e+00
1.0014e-04
0.0000e+00
1.1110e-04
0.0000e+00
9.3937e-05
0.0000e+00
9.1076e-05
0.0000e+00
9.0122e-05
0.0000e+00
9.1076e-05
0.0000e+00
9.0122e-05
0.0000e+00
9.2030e-05
0.0000e+00
1.0204e-04
0.0000e+00
9.1076e-05
0.0000e+00
8.9884e-05
0.0000e+00
9.0837e-05
0.0000e+00
9.0837e-05
0.0000e+00
8.9884e-05
0.0000e+00
8.9169e-05
0.0000e+00
9.2030e-05
0.0000e+00
1.0705e-04
0.0000e+00
9.3937e-05
0.0000e+00
9.1076e-05
0.0000e+00
8.9884e-05
0.0000e+00
8.8930e-05
0.0000e+00
9.1076e-05
0.0000e+00
9.4891e-05
0.0000e+00
9.2030e-05
0.0000e+00
1.1301e-04
0.0000e+00
9.9897e-05
0.0000e+00
9.3937e-05
0.0000e+00
9.2983e-05
0.0000e+00
9.2983e-05
0.0000e+00
9.2030e-05
0.0000e+00
9.0837e-05
0.0000e+00
9.0837e-05
0.0000e+00
9.4891e-05
0.0000e+00
1.0109e-04
0.0000e+00
9.2983e-05
0.0000e+00
9.0837e-05
0.0000e+00
9.1791e-05
0.0000e+00
9.2030e-05
0.0000e+00
9.2030e-05
0.0000e+00
1.1301e-04
0.0000e+00
9.1076e-05
0.0000e+00
9.7990e-05
0.0000e+00
8.9884e-05
0.0000e+00
9.1076e-05
0.0000e+00
9.1791e-05
0.0000e+00
8.8930e-05
0.0000e+00
9.2030e-05
0.0000e+00
9.2983e-05
0.0000e+00
9.0837e-05
0.0000e+00
9.8228e-05
0.0000e+00
8.8930e-05
0.0000e+00
9.2030e-05
0.0000e+00
9.1076e-05
0.0000e+00
9.3937e-05
0.0000e+00
9.2030e-05
0.0000e+00
9.1076e-05
0.0000e+00
9.2030e-05
0.0000e+00
1.0109e-04
0.0000e+00
8.8930e-05
0.0000e+00
9.1791e-05
0.0000e+00
9.0837e-05
0.0000e+00
9.0837e-05
0.0000e+00
1.1396e-04
0.0000e+00
9.2030e-05
0.0000e+00
9.2030e-05
0.0000e+00
9.1076e-05
0.0000e+00
8.8930e-05
0.0000e+00
1.2803e-04
0.0000e+00
9.8228e-05
0.0000e+00
9.2030e-05
0.0000e+00
9.2983e-05
0.0000e+00
9.3222e-05
0.0000e+00
8.7976e-05
0.0000e+00
1.0180e-04
0.0000e+00
9.0837e-05
0.0000e+00
9.0122e-05
0.0000e+00
8.9884e-05
0.0000e+00
8.7976e-05
0.0000e+00
9.3937e-05
0.0000e+00
9.0122e-05
0.0000e+00
8.7976e-05
0.0000e+00
1.0204e-04
0.0000e+00
8.8930e-05
0.0000e+00
9.0122e-05
0.0000e+00
8.8930e-05
0.0000e+00
1.1206e-04
0.0000e+00
9.2983e-05
0.0000e+00
9.2030e-05
0.0000e+00
9.0837e-05
0.0000e+00
9.1076e-05
0.0000e+00
8.8930e-05
0.0000e+00
8.8930e-05
0.0000e+00
8.9169e-05
0.0000e+00
9.1076e-05
0.0000e+00
8.9884e-05
0.0000e+00
9.0122e-05
0.0000e+00
9.2983e-05
0.0000e+00
9.1076e-05
0.0000e+00
9.9897e-05
0.0000e+00
8.9884e-05
0.0000e+00
1.1206e-04
0.0000e+00
9.0122e-05
0.0000e+00
8.8930e-05
0.0000e+00
9.1076e-05
0.0000e+00
9.2030e-05
0.0000e+00
8.7976e-05
0.0000e+00
9.7036e-05
0.0000e+00
8.7976e-05
0.0000e+00
1.1110e-04
0.0000e+00
8.7976e-05
0.0000e+00
8.9169e-05
0.0000e+00
8.8930e-05
0.0000e+00
9.2030e-05
0.0000e+00
9.0122e-05
0.0000e+00
8.7976e-05
0.0000e+00
8.8930e-05
0.0000e+00
8.8930e-05
0.0000e+00
8.9884e-05
0.0000e+00
9.0122e-05
0.0000e+00
8.7976e-05
0.0000e+00
8.9884e-05
0.0000e+00
8.7023e-05
0.0000e+00
8.7976e-05
0.0000e+00
1.1897e-04
0.0000e+00
8.7976e-05
0.0000e+00
8.7023e-05
0.0000e+00
8.8215e-05
0.0000e+00
8.8930e-05
0.0000e+00
9.1076e-05
0.0000e+00
9.1076e-05
0.0000e+00
8.7976e-05
0.0000e+00
1.0109e-04
0.0000e+00
8.8930e-05
0.0000e+00
8.8930e-05
0.0000e+00
8.9169e-05
0.0000e+00
8.8930e-05
0.0000e+00
8.8930e-05
0.0000e+00
9.0122e-05
0.0000e+00
1.0800e-04
0.0000e+00
8.9169e-05
0.0000e+00
9.0122e-05
0.0000e+00
8.9884e-05
0.0000e+00
8.9169e-05
0.0000e+00
8.7976e-05
0.0000e+00
8.7976e-05
0.0000e+00
9.0837e-05
0.0000e+00
9.2030e-05
0.0000e+00
8.7023e-05
0.0000e+00
9.8944e-05
0.0000e+00
8.9884e-05
0.0000e+00
8.8215e-05
0.0000e+00
8.7976e-05
0.0000e+00
8.7976e-05
0.0000e+00
1.0991e-04
0.0000e+00
9.1076e-05
0.0000e+00
8.9884e-05
0.0000e+00
9.0122e-05
0.0000e+00
9.2030e-05
0.0000e+00
8.9169e-05
0.0000e+00
8.9884e-05
0.0000e+00
8.7976e-05
0.0000e+00
8.9884e-05
0.0000e+00
9.1076e-05
0.0000e+00
8.9169e-05
0.0000e+00
8.6784e-05
0.0000e+00
1.0085e-04
0.0000e+00
9.1076e-05
0.0000e+00
9.2030e-05
0.0000e+00
1.1086e-04
0.0000e+00
9.0122e-05
0.0000e+00
8.9884e-05
0.0000e+00
9.0122e-05
0.0000e+00
8.9884e-05
0.0000e+00
9.7990e-05
0.0000e+00
8.8930e-05
0.0000e+00
8.8930e-05
0.0000e+00
1.1516e-04
0.0000e+00
9.1076e-05
0.0000e+00
9.0837e-05
0.0000e+00
9.0837e-05
0.0000e+00
9.1076e-05
0.0000e+00
9.7990e-05
0.0000e+00
9.0122e-05
0.0000e+00
1.1110e-04
0.0000e+00
8.9884e-05
0.0000e+00
8.9169e-05
0.0000e+00
8.8930e-05
0.0000e+00
8.7976e-05
0.0000e+00
8.9169e-05
0.0000e+00
9.0837e-05
0.0000e+00
1.0014e-04
0.0000e+00
1.0991e-04
0.0000e+00
9.2030e-05
0.0000e+00
8.7976e-05
0.0000e+00
8.7976e-05
0.0000e+00
9.1076e-05
0.0000e+00
8.7023e-05
0.0000e+00
9.1076e-05
0.0000e+00
9.7990e-05
0.0000e+00
9.0837e-05
0.0000e+00
1.2898e-04
0.0000e+00
1.0014e-04
0.0000e+00
9.2983e-05
0.0000e+00
9.2983e-05
0.0000e+00
9.1076e-05
0.0000e+00
9.4891e-05
0.0000e+00
1.2302e-04
0.0000e+00
9.1076e-05
0.0000e+00
9.3937e-05
0.0000e+00
9.3222e-05
0.0000e+00
9.1076e-05
0.0000e+00
9.2030e-05
0.0000e+00
9.2030e-05
0.0000e+00
9.1791e-05
0.0000e+00
9.4891e-05
0.0000e+00
9.0122e-05
0.0000e+00
9.3937e-05
0.0000e+00
9.2030e-05
0.0000e+00
9.1076e-05
0.0000e+00
9.1076e-05
0.0000e+00
9.2030e-05
0.0000e+00
1.1110e-04
0.0000e+00
9.4891e-05
0.0000e+00
9.9897e-05
0.0000e+00
9.1076e-05
0.0000e+00
9.2983e-05
0.0000e+00
9.0837e-05
0.0000e+00
9.1076e-05
0.0000e+00
9.3222e-05
0.0000e+00
1.1492e-04
0.0000e+00
9.4175e-05
0.0000e+00
1.0014e-04
0.0000e+00
9.1791e-05
0.0000e+00
9.2030e-05
0.0000e+00
9.2983e-05
0.0000e+00
9.1791e-05
0.0000e+00
9.2030e-05
0.0000e+00
9.3937e-05
0.0000e+00
9.1076e-05
0.0000e+00
1.0085e-04
0.0000e+00
9.2983e-05
0.0000e+00
9.4891e-05
0.0000e+00
9.0837e-05
0.0000e+00
8.9884e-05
0.0000e+00
1.1516e-04
0.0000e+00
9.1076e-05
0.0000e+00
9.1076e-05
0.0000e+00
9.7990e-05
0.0000e+00
9.2030e-05
0.0000e+00
9.4175e-05
0.0000e+00
9.1076e-05
0.0000e+00
9.3937e-05
0.0000e+00
1.1396e-04
0.0000e+00
9.2030e-05
0.0000e+00
9.1076e-05
0.0000e+00
9.9897e-05
0.0000e+00
9.0122e-05
0.0000e+00
9.2030e-05
0.0000e+00
9.0122e-05
0.0000e+00
9.2983e-05
0.0000e+00
9.4891e-05
0.0000e+00
9.4175e-05
0.0000e+00
9.2983e-05
0.0000e+00
1.0085e-04
0.0000e+00
8.8930e-05
0.0000e+00
9.4175e-05
0.0000e+00
9.2030e-05
0.0000e+00
1.1492e-04
0.0000e+00
9.2030e-05
0.0000e+00
9.1076e-05
0.0000e+00
9.2983e-05
0.0000e+00
8.8930e-05
0.0000e+00
8.8930e-05
0.0000e+00
9.2030e-05
0.0000e+00
8.9884e-05
0.0000e+00
9.4175e-05
0.0000e+00
9.2983e-05
0.0000e+00
9.2030e-05
0.0000e+00
9.1791e-05
0.0000e+00
9.2030e-05
0.0000e+00
9.6083e-05
0.0000e+00
8.9884e-05
0.0000e+00
1.1301e-04
0.0000e+00
9.2030e-05
0.0000e+00
9.0837e-05
0.0000e+00
9.2030e-05
0.0000e+00
9.1076e-05
0.0000e+00
9.2983e-05
0.0000e+00
1.0014e-04
0.0000e+00
9.3937e-05
0.0000e+00
9.7036e-05
0.0000e+00
9.2030e-05
0.0000e+00
9.2983e-05
0.0000e+00
9.1076e-05
0.0000e+00
9.1076e-05
0.0000e+00
9.1791e-05
0.0000e+00
1.0300e-04
0.0000e+00
1.1587e-04
0.0000e+00
9.0837e-05
0.0000e+00
9.0837e-05
0.0000e+00
9.1076e-05
0.0000e+00
9.0122e-05
0.0000e+00
9.2030e-05
0.0000e+00
9.2030e-05
0.0000e+00
1.0204e-04
0.0000e+00
1.1301e-04
0.0000e+00
9.3222e-05
0.0000e+00
9.0837e-05
0.0000e+00
9.3937e-05
0.0000e+00
9.2030e-05
0.0000e+00
9.2030e-05
0.0000e+00
9.3937e-05
0.0000e+00
9.8944e-05
0.0000e+00
8.9884e-05
0.0000e+00
9.2983e-05
0.0000e+00
9.2030e-05
0.0000e+00
9.0122e-05
0.0000e+00
9.2030e-05
0.0000e+00
8.9884e-05
0.0000e+00
9.3937e-05
0.0000e+00
1.2207e-04
0.0000e+00
9.2030e-05
0.0000e+00
1.1182e-04
0.0000e+00
9.3937e-05
0.0000e+00
9.2030e-05
0.0000e+00
9.0122e-05
0.0000e+00
8.9884e-05
0.0000e+00
9.2983e-05
0.0000e+00
1.0300e-04
0.0000e+00
8.9884e-05
0.0000e+00
9.5129e-05
0.0000e+00
9.1076e-05
0.0000e+00
9.1076e-05
0.0000e+00
9.1076e-05
0.0000e+00
9.2030e-05
0.0000e+00
9.2030e-05
0.0000e+00
1.0300e-04
0.0000e+00
9.1076e-05
0.0000e+00
9.2983e-05
0.0000e+00
9.1791e-05
0.0000e+00
9.2983e-05
0.0000e+00
9.2030e-05
0.0000e+00
9.0837e-05
0.0000e+00
1.1897e-04
0.0000e+00
1.0300e-04
0.0000e+00
9.0122e-05
0.0000e+00
9.3937e-05
0.0000e+00
8.9884e-05
0.0000e+00
9.2030e-05
0.0000e+00
9.1791e-05
0.0000e+00
9.1076e-05
0.0000e+00
9.2030e-05
0.0000e+00
9.8944e-05
0.0000e+00
8.9169e-05
0.0000e+00
9.0122e-05
0.0000e+00
8.8930e-05
0.0000e+00
9.0122e-05
0.0000e+00
8.7976e-05
0.0000e+00
1.1110e-04
0.0000e+00
9.0837e-05
0.0000e+00
1.0085e-04
0.0000e+00
8.7976e-05
0.0000e+00
9.2030e-05
0.0000e+00
9.1076e-05
0.0000e+00
9.1076e-05
0.0000e+00
9.2030e-05
0.0000e+00
1.1992e-04
0.0000e+00
9.0122e-05
0.0000e+00
9.1076e-05
0.0000e+00
9.0122e-05
0.0000e+00
9.0122e-05
0.0000e+00
9.1076e-05
0.0000e+00
9.2983e-05
0.0000e+00
9.0122e-05
0.0000e+00
9.4175e-05
0.0000e+00
9.2030e-05
0.0000e+00
9.2983e-05
0.0000e+00
9.1076e-05
0.0000e+00
9.0122e-05
0.0000e+00
9.2030e-05
0.0000e+00
9.2030e-05
0.0000e+00
1.1206e-04
0.0000e+00
9.5129e-05
0.0000e+00
9.2030e-05
0.0000e+00
9.2030e-05
0.0000e+00
9.9182e-05
0.0000e+00
8.8930e-05
0.0000e+00
9.2030e-05
0.0000e+00
9.0122e-05
0.0000e+00
1.1587e-04
0.0000e+00
9.2030e-05
0.0000e+00
9.2030e-05
0.0000e+00
9.2983e-05
0.0000e+00
9.7036e-05
0.0000e+00
9.2030e-05
0.0000e+00
9.2983e-05
0.0000e+00
1.1420e-04
0.0000e+00
9.1791e-05
0.0000e+00
9.2030e-05
0.0000e+00
9.1076e-05
0.0000e+00
9.1076e-05
0.0000e+00
9.9897e-05
0.0000e+00
9.0837e-05
0.0000e+00
1.1086e-04
0.0000e+00
1.2302e-04
0.0000e+00
9.2030e-05
0.0000e+00
8.8930e-05
0.0000e+00
9.1076e-05
0.0000e+00
8.9169e-05
0.0000e+00
1.0180e-04
0.0000e+00
9.1076e-05
0.0000e+00
9.1076e-05
0.0000e+00
9.0837e-05
0.0000e+00
9.0837e-05
0.0000e+00
9.0122e-05
0.0000e+00
9.1076e-05
0.0000e+00
8.8930e-05
0.0000e+00
9.0122e-05
0.0000e+00
8.9884e-05
0.0000e+00
1.1277e-04
0.0000e+00
9.2030e-05
0.0000e+00
8.9884e-05
0.0000e+00
9.0837e-05
0.0000e+00
9.0837e-05
0.0000e+00
9.0122e-05
0.0000e+00
9.2030e-05
0.0000e+00
9.8944e-05
0.0000e+00
9.2030e-05
0.0000e+00
9.0837e-05
0.0000e+00
9.0837e-05
0.0000e+00
9.0122e-05
0.0000e+00
9.1076e-05
0.0000e+00
8.9884e-05
0.0000e+00
8.9169e-05
0.0000e+00
1.1897e-04
0.0000e+00
9.3937e-05
0.0000e+00
9.1076e-05
0.0000e+00
9.0122e-05
0.0000e+00
9.2030e-05
0.0000e+00
8.9884e-05
0.0000e+00
8.9169e-05
0.0000e+00
8.9884e-05
0.0000e+00
1.0014e-04
0.0000e+00
8.9884e-05
0.0000e+00
9.1076e-05
0.0000e+00
9.0122e-05
0.0000e+00
9.0837e-05
0.0000e+00
9.0837e-05
0.0000e+00
8.8930e-05
0.0000e+00
1.1587e-04
0.0000e+00
1.0014e-04
0.0000e+00
9.0122e-05
0.0000e+00
9.2983e-05
0.0000e+00
8.9884e-05
0.0000e+00
8.8930e-05
0.0000e+00
9.1076e-05
0.0000e+00
8.9884e-05
0.0000e+00
1.1206e-04
0.0000e+00
9.1076e-05
0.0000e+00
9.7990e-05
0.0000e+00
1.1802e-04
0.0000e+00
9.3937e-05
0.0000e+00
9.2983e-05
0.0000e+00
9.1076e-05
0.0000e+00
9.0122e-05
0.0000e+00
9.2030e-05
0.0000e+00
1.0085e-04
0.0000e+00
9.2030e-05
0.0000e+00
9.0122e-05
0.0000e+00
8.9884e-05
0.0000e+00
8.9169e-05
0.0000e+00
8.9884e-05
0.0000e+00
1.1492e-04
0.0000e+00
9.2983e-05
0.0000e+00
9.1791e-05
0.0000e+00
9.4175e-05
0.0000e+00
1.3590e-04
0.0000e+00
9.9897e-05
0.0000e+00
9.2983e-05
0.0000e+00
9.2030e-05
0.0000e+00
9.5844e-05
0.0000e+00
9.0837e-05
0.0000e+00
9.2030e-05
0.0000e+00
9.3937e-05
0.0000e+00
9.1076e-05
0.0000e+00
9.1076e-05
0.0000e+00
9.0122e-05
0.0000e+00
1.1706e-04
0.0000e+00
9.2983e-05
0.0000e+00
9.1076e-05
0.0000e+00
9.9897e-05
0.0000e+00
9.1791e-05
0.0000e+00
8.9884e-05
0.0000e+00
8.9169e-05
0.0000e+00
8.8930e-05
0.0000e+00
9.3222e-05
0.0000e+00
9.0837e-05
0.0000e+00
8.9884e-05
0.0000e+00
9.9182e-05
0.0000e+00
9.2030e-05
0.0000e+00
9.0122e-05
0.0000e+00
9.0837e-05
0.0000e+00
1.1110e-04
0.0000e+00
9.2030e-05
0.0000e+00
8.8930e-05
0.0000e+00
9.0122e-05
0.0000e+00
1.0085e-04
0.0000e+00
9.0837e-05
0.0000e+00
9.1076e-05
0.0000e+00
9.2030e-05
0.0000e+00
1.1396e-04
0.0000e+00
9.1791e-05
0.0000e+00
9.2030e-05
0.0000e+00
9.0837e-05
0.0000e+00
9.7990e-05
0.0000e+00
8.9884e-05
0.0000e+00
9.1076e-05
0.0000e+00
8.9884e-05
0.0000e+00
9.3937e-05
0.0000e+00
9.1076e-05
0.0000e+00
9.0122e-05
0.0000e+00
9.0122e-05
0.0000e+00
9.2030e-05
0.0000e+00
9.1076e-05
0.0000e+00
9.2030e-05
0.0000e+00
1.1086e-04
0.0000e+00
9.1791e-05
0.0000e+00
9.0837e-05
0.0000e+00
9.1791e-05
0.0000e+00
8.9884e-05
0.0000e+00
9.1076e-05
0.0000e+00
9.7990e-05
0.0000e+00
9.1076e-05
0.0000e+00
9.2030e-05
0.0000e+00
9.0122e-05
0.0000e+00
9.1076e-05
0.0000e+00
9.0122e-05
0.0000e+00
8.9884e-05
0.0000e+00
9.3937e-05
0.0000e+00
9.8944e-05
0.0000e+00
1.0991e-04
0.0000e+00
9.4175e-05
0.0000e+00
9.0837e-05
0.0000e+00
9.0837e-05
0.0000e+00
9.0122e-05
0.0000e+00
8.9884e-05
0.0000e+00
8.8930e-05
0.0000e+00
9.8944e-05
0.0000e+00
1.1110e-04
0.0000e+00
9.2030e-05
0.0000e+00
9.1076e-05
0.0000e+00
9.0837e-05
0.0000e+00
9.0837e-05
0.0000e+00
9.0122e-05
0.0000e+00
9.1076e-05
0.0000e+00
8.8930e-05
0.0000e+00
9.2983e-05
0.0000e+00
9.2983e-05
0.0000e+00
9.1076e-05
0.0000e+00
9.0122e-05
0.0000e+00
9.0837e-05
0.0000e+00
8.9884e-05
0.0000e+00
9.0122e-05
0.0000e+00
1.1110e-04
0.0000e+00
9.1076e-05
0.0000e+00
8.8930e-05
0.0000e+00
8.9884e-05
0.0000e+00
9.0122e-05
0.0000e+00
9.0122e-05
0.0000e+00
8.9884e-05
0.0000e+00
8.7976e-05
0.0000e+00
9.2983e-05
0.0000e+00
9.7990e-05
0.0000e+00
9.2030e-05
0.0000e+00
9.0122e-05
0.0000e+00
9.0122e-05
0.0000e+00
8.9884e-05
0.0000e+00
8.8930e-05
0.0000e+00
1.0991e-04
0.0000e+00
9.2030e-05
0.0000e+00
9.8944e-05
0.0000e+00
9.0122e-05
0.0000e+00
9.2983e-05
0.0000e+00
9.2030e-05
0.0000e+00
9.1076e-05
0.0000e+00
8.9169e-05
0.0000e+00
9.4175e-05
0.0000e+00
8.9884e-05
0.0000e+00
9.1076e-05
0.0000e+00
9.1076e-05
0.0000e+00
9.1076e-05
0.0000e+00
9.1076e-05
0.0000e+00
8.9884e-05
0.0000e+00
1.1301e-04
0.0000e+00
9.2030e-05
0.0000e+00
9.1076e-05
0.0000e+00
8.9884e-05
0.0000e+00
9.9182e-05
0.0000e+00
9.1791e-05
0.0000e+00
1.1778e-04
0.0000e+00
9.0837e-05
0.0000e+00
9.2983e-05
0.0000e+00
9.1076e-05
0.0000e+00
9.0837e-05
0.0000e+00
8.8215e-05
0.0000e+00
8.9884e-05
0.0000e+00
1.0014e-04
0.0000e+00
8.7976e-05
1.2368e-01
