2.6751e-03
1.7166e-05
5.6028e-05
1.9073e-06
2.6941e-05
9.5367e-07
2.2888e-05
1.9073e-06
2.3127e-05
9.5367e-07
2.5988e-05
2.1458e-06
2.4080e-05
2.1458e-06
2.3127e-05
1.9073e-06
4.7922e-05
2.1458e-06
2.1935e-05
2.1458e-06
2.1935e-05
9.5367e-07
2.2173e-05
1.9073e-06
2.2173e-05
1.9073e-06
2.1935e-05
1.1921e-06
2.0981e-05
5.9605e-06
2.2173e-05
1.9073e-06
2.3127e-05
7.2470e-03
1.1921e-06
9.5367e-07
4.0054e-05
1.9073e-06
4.1008e-05
2.1458e-06
3.8862e-05
2.1458e-06
3.6955e-05
2.8491e-04
9.5367e-07
2.8610e-06
4.5061e-05
2.1458e-06
5.8889e-05
2.1458e-06
3.7909e-05
1.1921e-06
3.8862e-05
5.0068e-06
0.0000e+00
1.1921e-06
3.7909e-05
4.0531e-06
9.5367e-07
1.1921e-06
3.6001e-05
9.5367e-07
3.6955e-05
9.5367e-07
3.6001e-05
1.0014e-05
8.8215e-06
1.9073e-06
3.6955e-05
5.0712e-04
9.5367e-07
5.0068e-06
0.0000e+00
2.1458e-06
3.7909e-05
2.1458e-06
3.6955e-05
9.5367e-07
3.6955e-05
7.8678e-06
0.0000e+00
1.1921e-06
3.7909e-05
9.5367e-07
3.6955e-05
1.9073e-06
3.7193e-05
9.5367e-07
3.6955e-05
1.1921e-06
3.6955e-05
1.3900e-04
0.0000e+00
1.1921e-06
4.2915e-05
9.5367e-07
3.7909e-05
9.5367e-07
3.7193e-05
9.5367e-07
3.6001e-05
2.1458e-06
3.6955e-05
1.9073e-06
2.5988e-05
9.5367e-07
2.0981e-05
9.5367e-07
2.2173e-05
9.9897e-05
9.5367e-07
1.1921e-06
2.1935e-05
9.5367e-07
2.0981e-05
1.1921e-06
2.1935e-05
2.1458e-06
2.2888e-05
1.1921e-06
2.1935e-05
5.1999e-04
0.0000e+00
9.5367e-07
2.3127e-05
9.5367e-07
2.0981e-05
9.5367e-07
2.0981e-05
9.5367e-07
2.0981e-05
9.5367e-07
2.1219e-05
1.0586e-04
6.9141e-06
9.5367e-07
2.2173e-05
9.5367e-07
2.4080e-05
9.5367e-07
2.0981e-05
9.5367e-07
2.0981e-05
9.5367e-07
2.0981e-05
1.5974e-05
0.0000e+00
9.5367e-07
2.1935e-05
9.5367e-07
2.0981e-05
1.9073e-06
2.3127e-05
9.5367e-07
2.1935e-05
9.5367e-07
2.0981e-05
1.1921e-06
2.0981e-05
0.0000e+00
2.0981e-05
0.0000e+00
2.0981e-05
9.5367e-07
2.0981e-05
9.5367e-07
2.9087e-05
1.9073e-06
2.2173e-05
9.5367e-07
2.1935e-05
9.5367e-07
2.1219e-05
7.0190e-04
0.0000e+00
1.1921e-06
2.1935e-05
3.0994e-06
9.5367e-07
9.5367e-07
2.2173e-05
9.5367e-07
2.0981e-05
1.9073e-06
2.2888e-05
1.1921e-06
2.0981e-05
9.5367e-07
2.0981e-05
1.1921e-06
2.0981e-05
7.1287e-04
9.5367e-07
9.5367e-07
2.3127e-05
9.5367e-07
2.1935e-05
9.5367e-07
2.0981e-05
1.9073e-06
2.2173e-05
9.5367e-07
2.1935e-05
9.5367e-07
2.2173e-05
9.5367e-07
2.1935e-05
9.5367e-07
2.2173e-05
2.8992e-04
0.0000e+00
0.0000e+00
2.1935e-05
9.5367e-07
2.1935e-05
9.5367e-07
2.2173e-05
9.5367e-07
2.1935e-05
9.5367e-07
2.0981e-05
9.5367e-07
2.0981e-05
9.5367e-07
2.1219e-05
9.5367e-07
2.1935e-05
3.9291e-04
0.0000e+00
9.5367e-07
2.1935e-05
3.0994e-06
6.9141e-06
9.5367e-07
2.1935e-05
9.5367e-07
2.2173e-05
9.5367e-07
2.1935e-05
9.5367e-07
2.0981e-05
2.3127e-05
9.5367e-07
9.5367e-07
2.3127e-05
9.5367e-07
2.0981e-05
9.5367e-07
2.5034e-05
2.1458e-06
2.2888e-05
1.1921e-06
2.0981e-05
5.9605e-06
0.0000e+00
9.5367e-07
2.0981e-05
9.5367e-07
2.0981e-05
1.1921e-06
2.0981e-05
9.5367e-07
2.0981e-05
5.9199e-04
0.0000e+00
9.5367e-07
3.0994e-05
9.5367e-07
2.0981e-05
4.2605e-04
9.5367e-07
9.5367e-07
2.1935e-05
9.5367e-07
2.0981e-05
7.4148e-05
9.5367e-07
9.5367e-07
2.1935e-05
1.1921e-06
2.0981e-05
9.5367e-07
2.0981e-05
8.2016e-05
9.5367e-07
9.5367e-07
2.1935e-05
9.5367e-07
2.1935e-05
9.5367e-07
2.0981e-05
9.5367e-07
2.0981e-05
9.5367e-07
2.0981e-05
9.5367e-07
2.0981e-05
1.3494e-04
0.0000e+00
9.5367e-07
2.8133e-05
9.5367e-07
2.2173e-05
0.0000e+00
2.5034e-05
3.8385e-04
0.0000e+00
9.5367e-07
2.1935e-05
9.5367e-07
2.1219e-05
0.0000e+00
2.0981e-05
0.0000e+00
2.2173e-05
9.5367e-07
2.0981e-05
9.5367e-07
2.1935e-05
9.5367e-07
2.1935e-05
9.5367e-07
2.1219e-05
9.5367e-07
2.0981e-05
9.5367e-07
2.0981e-05
9.5367e-07
2.1935e-05
9.5367e-07
2.0981e-05
1.1921e-06
2.7895e-05
9.5367e-07
2.2173e-05
9.5367e-07
2.0981e-05
1.1921e-06
2.0981e-05
9.5367e-07
2.0981e-05
0.0000e+00
2.1219e-05
9.5367e-07
2.0981e-05
5.5909e-04
9.5367e-07
9.5367e-07
3.5048e-05
3.0994e-06
9.5367e-07
9.5367e-07
2.2173e-05
9.5367e-07
2.0981e-05
0.0000e+00
2.1219e-05
0.0000e+00
2.0981e-05
9.5367e-07
2.0981e-05
3.3140e-05
0.0000e+00
9.5367e-07
2.0981e-05
9.3699e-04
0.0000e+00
9.5367e-07
2.3127e-05
3.2902e-05
0.0000e+00
0.0000e+00
2.1935e-05
9.5367e-07
2.1935e-05
1.1921e-06
2.1935e-05
9.5367e-07
2.1935e-05
1.1921e-06
2.0981e-05
9.5367e-07
2.0981e-05
1.1921e-06
2.2888e-05
4.0531e-06
9.5367e-07
9.5367e-07
2.0981e-05
9.5367e-07
2.0981e-05
1.1921e-06
2.0981e-05
9.5367e-07
2.0981e-05
2.8396e-04
0.0000e+00
2.9778e-04
1.1921e-06
9.5367e-07
2.1935e-05
9.5367e-07
2.1935e-05
9.5367e-07
2.1935e-05
9.5367e-07
2.1219e-05
9.5367e-07
2.1935e-05
9.5367e-07
2.0981e-05
2.3413e-04
0.0000e+00
9.5367e-07
2.2173e-05
9.5367e-07
2.1935e-05
4.9114e-05
6.9141e-06
9.5367e-07
2.1935e-05
1.1921e-06
2.1935e-05
9.5367e-07
2.0981e-05
9.5367e-07
2.1219e-05
9.5367e-07
2.0981e-05
9.5367e-07
2.0981e-05
1.1921e-06
2.1935e-05
9.5367e-07
2.6941e-05
9.5367e-07
2.0981e-05
9.5367e-07
2.2173e-05
2.4295e-04
9.5367e-07
9.5367e-07
2.3127e-05
9.5367e-07
2.1935e-05
9.5367e-07
2.0981e-05
9.5367e-07
2.0981e-05
9.5367e-07
2.9087e-05
9.5367e-07
2.4080e-05
9.5367e-07
2.2173e-05
9.5367e-07
2.0981e-05
9.5367e-07
2.0981e-05
1.1921e-06
2.1935e-05
9.5367e-07
2.0981e-05
9.5367e-07
2.1219e-05
9.5367e-07
2.3127e-05
9.5367e-07
2.0981e-05
1.1921e-06
2.0981e-05
9.5367e-07
2.0981e-05
2.7394e-04
0.0000e+00
8.1301e-04
9.5367e-07
9.5367e-07
2.2173e-05
9.5367e-07
2.1935e-05
9.5367e-07
3.0041e-05
1.1921e-06
2.2888e-05
9.5367e-07
2.2173e-05
1.1921e-06
2.0981e-05
1.5807e-04
0.0000e+00
1.5402e-04
0.0000e+00
9.5367e-07
2.2173e-05
0.0000e+00
2.0981e-05
9.5367e-07
2.0981e-05
1.1921e-06
3.1948e-05
9.5367e-07
2.0981e-05
1.1921e-06
2.0981e-05
9.5367e-07
2.0981e-05
9.5367e-07
2.1219e-05
9.5367e-07
2.0981e-05
1.6999e-04
9.5367e-07
9.5367e-07
2.2173e-05
9.5367e-07
2.9087e-05
9.5367e-07
2.1935e-05
9.5367e-07
2.1219e-05
2.4486e-04
0.0000e+00
9.5367e-07
2.1935e-05
9.5367e-07
2.1219e-05
1.6594e-04
0.0000e+00
1.1921e-06
2.1935e-05
9.5367e-07
2.4080e-05
9.5367e-07
2.9087e-05
9.5367e-07
2.0981e-05
1.1921e-06
2.0981e-05
9.5367e-07
2.0981e-05
1.1921e-06
2.0981e-05
9.5367e-07
2.0981e-05
0.0000e+00
2.0981e-05
0.0000e+00
2.0981e-05
9.5367e-07
2.1935e-05
9.5367e-07
2.0981e-05
0.0000e+00
2.0981e-05
9.5367e-07
2.0981e-05
5.3406e-04
0.0000e+00
1.1921e-06
2.1935e-05
9.5367e-07
2.0981e-05
1.1921e-06
2.0981e-05
9.5367e-07
2.5988e-05
1.1921e-06
2.1935e-05
9.5367e-07
2.1935e-05
0.0000e+00
2.0981e-05
9.5367e-07
2.0981e-05
9.5367e-07
2.0981e-05
9.5367e-07
2.0981e-05
9.5367e-07
2.8133e-05
9.5367e-07
2.3127e-05
9.5367e-07
2.0981e-05
0.0000e+00
2.0981e-05
9.5367e-07
2.0981e-05
9.5367e-07
2.0981e-05
9.5367e-07
2.1935e-05
9.5367e-07
2.2173e-05
5.5385e-04
0.0000e+00
9.5367e-07
2.5988e-05
1.1921e-06
2.0981e-05
9.5367e-07
2.1935e-05
9.5367e-07
2.2173e-05
9.5367e-07
2.0981e-05
9.5367e-07
2.2173e-05
9.5367e-07
2.0981e-05
9.5367e-07
3.0041e-05
1.9073e-06
2.0981e-05
9.5367e-07
2.0981e-05
9.5367e-07
2.0981e-05
1.1921e-06
2.0981e-05
5.8293e-04
0.0000e+00
0.0000e+00
2.1935e-05
9.5367e-07
2.0981e-05
9.5367e-07
3.2902e-05
1.1921e-06
2.0981e-05
9.5367e-07
2.0981e-05
0.0000e+00
2.0981e-05
9.5367e-07
2.0981e-05
9.5367e-07
2.0981e-05
2.4009e-04
0.0000e+00
9.5367e-07
2.1935e-05
9.5367e-07
2.8849e-05
4.5300e-04
0.0000e+00
0.0000e+00
2.1935e-05
9.5367e-07
2.0981e-05
4.9114e-05
9.5367e-07
1.1921e-06
2.2888e-05
1.1492e-04
0.0000e+00
1.1921e-06
2.0981e-05
3.0994e-06
0.0000e+00
9.5367e-07
2.0981e-05
9.5367e-07
2.2173e-05
4.6968e-05
9.5367e-07
9.5367e-07
2.2173e-05
9.5367e-07
2.0981e-05
9.5367e-07
2.0981e-05
9.5367e-07
2.0027e-05
9.5367e-07
2.0981e-05
9.5367e-07
2.0981e-05
1.1921e-06
2.8849e-05
4.3011e-04
0.0000e+00
9.5367e-07
2.2888e-05
9.5367e-07
2.0981e-05
0.0000e+00
2.0981e-05
0.0000e+00
2.0981e-05
9.5367e-07
2.0981e-05
9.5367e-07
2.0981e-05
1.5998e-04
9.5367e-07
9.5367e-07
2.3127e-05
9.5367e-07
2.0981e-05
0.0000e+00
2.1219e-05
1.1921e-06
2.0981e-05
9.3937e-05
0.0000e+00
1.0014e-05
0.0000e+00
0.0000e+00
2.1935e-05
2.0981e-05
9.5367e-07
1.1921e-06
2.1935e-05
9.5367e-07
2.2888e-05
9.5367e-07
2.2173e-05
0.0000e+00
2.0981e-05
9.5367e-07
2.1219e-05
9.5367e-07
2.0981e-05
9.5367e-07
2.0981e-05
6.9499e-04
0.0000e+00
2.8610e-06
1.1921e-06
2.3842e-05
9.5367e-07
1.6785e-04
0.0000e+00
9.5367e-07
2.2888e-05
2.7180e-05
0.0000e+00
0.0000e+00
2.0981e-05
1.1921e-06
2.1935e-05
9.5367e-07
2.0981e-05
9.5367e-07
2.1935e-05
2.9802e-04
0.0000e+00
9.5367e-07
2.2888e-05
9.5367e-07
2.8849e-05
9.1791e-05
0.0000e+00
3.0994e-05
0.0000e+00
9.5367e-07
2.1935e-05
9.5367e-07
2.0981e-05
0.0000e+00
2.0981e-05
1.1921e-06
2.0981e-05
9.5367e-07
2.0981e-05
9.5367e-07
2.0981e-05
2.2197e-04
0.0000e+00
0.0000e+00
2.3127e-05
9.5367e-07
2.1935e-05
1.1921e-06
2.0981e-05
9.5367e-07
2.0981e-05
9.5367e-07
2.2173e-05
1.3399e-04
1.1921e-06
1.1921e-06
2.1935e-05
9.5367e-07
3.0041e-05
9.5367e-07
2.1219e-05
9.5367e-07
2.1935e-05
9.5367e-07
2.2173e-05
1.1587e-04
0.0000e+00
1.1921e-06
2.0981e-05
9.5367e-07
2.1935e-05
9.5367e-07
2.0981e-05
1.1921e-06
2.6941e-05
2.6798e-04
0.0000e+00
0.0000e+00
2.2888e-05
9.5367e-07
2.2173e-05
9.5367e-07
2.1935e-05
9.5367e-07
2.0981e-05
1.1921e-06
2.0981e-05
9.5367e-07
2.0981e-05
0.0000e+00
2.0981e-05
2.1458e-06
2.1935e-05
5.1308e-04
0.0000e+00
9.5367e-07
2.0981e-05
9.5367e-07
2.1935e-05
9.5367e-07
2.1219e-05
9.5367e-07
2.0981e-05
2.0289e-04
1.1921e-06
9.5367e-07
2.0981e-05
9.5367e-07
3.4094e-05
2.9397e-04
0.0000e+00
1.1921e-06
2.1935e-05
9.5367e-07
2.2173e-05
1.1921e-05
9.5367e-07
9.5367e-07
2.2173e-05
9.5367e-07
2.0981e-05
1.0300e-04
9.5367e-07
9.5367e-07
2.2173e-05
9.5367e-07
3.0041e-05
9.5367e-07
2.0981e-05
1.1921e-06
2.0981e-05
9.5367e-07
2.0981e-05
4.1795e-04
9.5367e-07
5.0068e-06
0.0000e+00
9.5367e-07
2.3127e-05
9.5367e-07
2.0981e-05
9.5367e-07
2.0981e-05
9.5367e-07
2.2173e-05
9.5367e-07
2.0981e-05
1.8907e-04
0.0000e+00
1.1921e-06
2.1935e-05
4.6968e-05
0.0000e+00
0.0000e+00
2.1935e-05
9.5367e-07
2.1935e-05
3.1114e-04
9.5367e-07
9.5367e-07
2.1935e-05
4.8876e-05
9.5367e-07
2.8610e-06
0.0000e+00
1.1921e-06
2.5034e-05
9.5367e-07
2.1935e-05
9.5367e-07
2.2173e-05
9.5367e-07
2.1935e-05
9.5367e-07
2.0981e-05
2.4390e-04
0.0000e+00
9.5367e-07
2.1935e-05
9.5367e-07
3.0041e-05
9.5367e-07
2.0981e-05
1.1921e-06
2.0981e-05
1.8191e-04
1.1921e-06
9.5367e-07
2.1935e-05
4.0531e-06
0.0000e+00
0.0000e+00
2.0981e-05
2.5988e-05
9.5367e-07
1.2112e-04
0.0000e+00
1.0967e-05
9.5367e-07
9.5367e-07
2.8133e-05
9.5367e-07
2.1935e-05
4.6015e-05
0.0000e+00
9.5367e-07
2.3127e-05
9.5367e-07
2.1935e-05
9.5367e-07
2.0981e-05
1.1921e-06
2.1935e-05
9.5367e-07
2.0981e-05
1.1921e-06
2.0981e-05
1.1921e-06
2.2888e-05
0.0000e+00
2.0981e-05
9.5367e-07
2.0981e-05
2.9588e-04
0.0000e+00
9.5367e-07
2.1935e-05
1.1921e-06
2.0981e-05
0.0000e+00
2.0981e-05
9.5367e-07
2.0981e-05
9.5367e-07
2.1935e-05
1.1921e-06
2.0981e-05
9.5367e-07
2.0981e-05
1.1921e-06
2.1935e-05
7.5698e-04
0.0000e+00
9.5367e-07
2.3127e-05
9.5367e-07
2.2173e-05
9.5367e-07
2.1935e-05
9.5367e-07
2.2173e-05
5.9605e-06
0.0000e+00
1.1921e-06
2.1935e-05
9.5367e-07
2.0981e-05
1.1921e-06
2.0981e-05
0.0000e+00
2.0981e-05
2.1410e-04
9.5367e-07
9.5367e-07
2.1935e-05
1.9002e-04
0.0000e+00
9.5367e-07
2.2888e-05
9.5367e-07
2.0981e-05
9.0837e-05
0.0000e+00
9.5367e-07
2.0981e-05
0.0000e+00
2.0981e-05
1.1921e-06
2.0981e-05
9.5367e-07
2.1935e-05
8.5115e-05
9.5367e-07
3.6001e-05
0.0000e+00
9.5367e-07
2.3127e-05
9.5367e-07
2.1935e-05
9.5367e-07
2.0981e-05
3.3307e-04
9.5367e-07
1.1921e-06
2.1935e-05
9.5367e-07
2.2173e-05
9.5367e-07
2.0981e-05
9.5367e-07
2.0981e-05
9.5367e-07
2.2173e-05
9.5367e-07
2.0981e-05
9.5367e-07
2.1219e-05
2.8586e-04
0.0000e+00
9.5367e-07
2.1935e-05
0.0000e+00
2.1219e-05
0.0000e+00
2.0981e-05
9.5367e-07
2.0981e-05
7.4863e-05
1.1921e-06
1.5974e-05
9.5367e-07
1.8907e-04
0.0000e+00
3.0994e-06
0.0000e+00
9.5367e-07
2.3127e-05
0.0000e+00
2.0981e-05
9.5367e-07
2.0981e-05
9.5367e-07
2.0981e-05
9.5367e-07
2.0981e-05
0.0000e+00
2.0981e-05
1.9217e-04
0.0000e+00
9.5367e-07
2.3127e-05
1.5187e-04
0.0000e+00
2.8610e-06
0.0000e+00
1.1921e-06
2.1935e-05
9.5367e-07
2.0981e-05
0.0000e+00
2.0981e-05
9.5367e-07
2.0981e-05
4.6015e-05
0.0000e+00
0.0000e+00
2.9087e-05
4.2486e-04
0.0000e+00
9.5367e-07
2.2888e-05
0.0000e+00
2.0981e-05
0.0000e+00
2.0981e-05
7.0095e-05
9.5367e-07
9.5367e-07
2.0981e-05
9.5367e-07
2.1935e-05
9.5367e-07
2.0981e-05
9.5367e-07
2.3127e-05
9.5367e-07
2.0981e-05
0.0000e+00
2.0981e-05
9.5367e-07
2.0981e-05
9.5367e-07
2.0981e-05
3.0994e-04
0.0000e+00
9.5367e-07
2.3127e-05
3.0994e-05
9.5367e-07
9.5367e-07
2.8849e-05
9.5367e-07
2.1935e-05
9.5367e-07
2.2173e-05
9.5367e-07
2.0981e-05
0.0000e+00
2.0981e-05
1.1921e-06
2.0981e-05
9.5367e-07
2.0981e-05
3.4809e-04
9.5367e-07
9.5367e-07
2.9087e-05
9.5367e-07
2.1935e-05
0.0000e+00
2.0981e-05
2.7800e-04
0.0000e+00
9.5367e-07
2.2173e-05
9.5367e-07
2.1935e-05
1.1921e-06
2.0981e-05
9.5367e-07
2.1935e-05
9.5367e-07
2.0027e-05
9.5367e-07
2.1219e-05
9.5367e-07
2.1935e-05
9.5367e-07
2.2173e-05
9.5367e-07
2.0981e-05
0.0000e+00
2.0981e-05
1.1921e-06
2.0981e-05
9.5367e-07
2.0981e-05
3.8815e-04
0.0000e+00
1.1921e-06
2.1935e-05
9.5367e-07
2.2173e-05
9.5367e-07
2.1935e-05
4.6206e-04
9.5367e-07
4.0531e-06
0.0000e+00
2.2173e-05
0.0000e+00
9.5367e-07
2.3127e-05
4.9829e-05
0.0000e+00
2.0695e-04
0.0000e+00
9.5367e-07
2.3127e-05
2.0981e-05
0.0000e+00
9.5367e-07
2.2888e-05
0.0000e+00
2.0981e-05
9.5367e-07
2.0981e-05
9.5367e-07
2.1219e-05
9.5367e-07
2.0981e-05
9.5367e-07
2.0981e-05
0.0000e+00
2.0981e-05
9.5367e-07
2.3127e-05
9.5367e-07
2.1935e-05
9.5367e-07
2.5034e-05
1.1921e-06
2.0981e-05
9.5367e-07
2.0981e-05
1.1921e-06
2.0981e-05
9.5367e-07
2.0981e-05
0.0000e+00
3.0041e-05
9.5367e-07
2.1935e-05
1.5688e-04
0.0000e+00
4.0293e-04
0.0000e+00
9.5367e-07
2.1219e-05
9.5367e-07
2.0981e-05
9.5367e-07
2.0981e-05
9.5367e-07
2.0981e-05
9.5367e-07
2.0981e-05
1.1921e-06
2.8849e-05
2.1458e-06
2.0981e-05
9.5367e-07
2.1935e-05
2.2817e-04
0.0000e+00
9.5367e-07
2.1935e-05
1.1921e-06
2.0027e-05
3.1805e-04
0.0000e+00
3.0994e-06
9.5367e-07
9.5367e-07
2.1935e-05
1.1921e-06
2.9802e-05
1.1921e-06
2.0981e-05
9.5367e-07
2.0981e-05
1.1921e-06
2.0981e-05
9.5367e-07
2.0981e-05
1.1921e-06
2.0981e-05
9.5367e-07
2.0981e-05
9.5367e-07
2.0981e-05
7.7009e-05
9.5367e-07
9.5367e-07
2.3127e-05
3.1686e-04
0.0000e+00
9.5367e-07
2.1935e-05
9.5367e-07
1.9789e-05
9.5367e-07
2.0981e-05
0.0000e+00
2.0981e-05
9.5367e-07
2.0981e-05
9.5367e-07
2.9087e-05
9.5367e-07
2.1935e-05
9.5367e-07
2.0981e-05
9.5367e-07
2.0981e-05
9.5367e-07
2.2173e-05
9.5367e-07
2.0981e-05
9.5367e-07
2.0981e-05
9.5367e-07
2.0981e-05
9.5367e-07
2.8133e-05
7.1883e-04
1.1921e-06
1.1921e-06
2.2888e-05
1.1921e-06
2.0981e-05
2.8849e-05
0.0000e+00
0.0000e+00
2.0981e-05
9.5367e-07
2.0981e-05
9.5367e-07
2.1935e-05
9.5367e-07
2.1219e-05
9.5367e-07
2.2173e-05
9.5367e-07
2.0981e-05
9.5367e-07
1.9789e-05
9.5367e-07
2.0981e-05
9.5367e-07
2.0981e-05
0.0000e+00
2.0981e-05
9.5367e-07
2.0981e-05
9.5367e-07
2.9087e-05
5.5194e-04
0.0000e+00
0.0000e+00
2.1935e-05
3.6001e-05
0.0000e+00
9.5367e-07
2.2173e-05
9.5367e-07
2.0981e-05
4.9114e-05
9.5367e-07
9.5367e-07
2.1935e-05
1.1921e-06
2.0981e-05
0.0000e+00
3.1948e-05
1.1921e-06
2.1935e-05
0.0000e+00
2.1935e-05
1.1921e-06
2.0981e-05
0.0000e+00
2.0981e-05
9.5367e-07
2.0981e-05
1.1921e-06
2.0981e-05
9.5367e-07
2.0027e-05
9.5367e-07
2.9087e-05
9.5367e-07
2.1219e-05
0.0000e+00
2.5034e-05
9.5367e-07
2.0981e-05
9.5367e-07
2.0981e-05
9.5367e-07
2.0981e-05
9.5367e-07
2.1219e-05
8.4281e-04
0.0000e+00
0.0000e+00
3.2902e-05
1.1921e-06
2.1935e-05
9.5367e-07
2.0981e-05
9.5367e-07
2.0981e-05
5.9605e-06
9.5367e-07
9.5367e-07
2.2173e-05
9.5367e-07
2.0981e-05
9.5367e-07
2.1935e-05
1.1921e-06
2.9802e-05
1.4997e-04
0.0000e+00
9.5367e-07
2.3127e-05
9.5367e-07
2.0981e-05
9.5367e-07
2.1935e-05
9.5367e-07
2.1935e-05
9.5367e-07
2.1219e-05
9.5367e-07
2.0981e-05
0.0000e+00
2.8133e-05
9.5367e-07
2.0981e-05
1.1921e-06
2.1935e-05
9.5367e-07
2.0027e-05
9.5367e-07
2.1219e-05
9.5367e-07
2.0981e-05
9.5367e-07
2.2173e-05
9.5367e-07
2.1935e-05
9.5367e-07
2.2173e-05
9.5367e-07
2.1935e-05
9.5367e-07
2.0981e-05
9.5367e-07
2.0981e-05
9.5367e-07
2.0981e-05
9.5367e-07
2.0981e-05
9.5367e-07
2.0981e-05
9.5367e-07
2.9087e-05
9.5367e-07
2.2173e-05
1.0562e-03
0.0000e+00
1.0014e-05
0.0000e+00
9.5367e-07
2.1935e-05
9.5367e-07
2.1935e-05
1.1921e-06
2.0981e-05
9.5367e-07
2.0981e-05
3.9101e-04
0.0000e+00
1.4067e-05
0.0000e+00
0.0000e+00
3.1948e-05
9.5367e-07
2.0981e-05
1.1921e-06
2.1935e-05
9.8944e-05
0.0000e+00
9.5367e-07
2.0981e-05
1.4687e-04
0.0000e+00
0.0000e+00
2.1935e-05
3.9101e-05
0.0000e+00
9.2030e-05
9.5367e-07
1.1921e-06
2.1935e-05
1.1921e-06
2.2888e-05
9.5367e-07
2.1935e-05
1.1921e-06
2.2888e-05
9.5367e-07
2.0981e-05
9.5367e-07
2.0981e-05
0.0000e+00
2.0027e-05
9.5367e-07
2.0981e-05
2.7084e-04
0.0000e+00
9.5367e-07
2.9087e-05
9.5367e-07
2.1935e-05
1.1921e-06
2.0981e-05
9.5367e-07
2.1935e-05
1.1921e-06
2.0981e-05
9.5367e-07
2.0981e-05
0.0000e+00
2.0981e-05
9.5367e-07
2.0981e-05
9.5367e-07
2.4796e-05
9.5367e-07
2.1935e-05
9.5367e-07
2.1219e-05
2.8777e-04
0.0000e+00
2.0194e-04
0.0000e+00
1.1921e-06
2.2888e-05
9.5367e-07
2.0027e-05
5.3883e-05
9.5367e-07
9.5367e-07
2.0981e-05
1.1921e-06
2.1935e-05
2.1601e-04
9.5367e-07
3.8147e-06
1.1921e-06
9.5367e-07
2.4080e-05
0.0000e+00
2.1219e-05
6.9857e-05
0.0000e+00
9.0599e-06
0.0000e+00
0.0000e+00
2.0981e-05
9.5367e-07
2.0981e-05
9.5367e-07
3.0041e-05
9.5367e-07
2.1935e-05
0.0000e+00
2.0981e-05
9.5367e-07
2.0981e-05
9.5367e-07
2.0981e-05
9.5367e-07
2.0981e-05
1.8096e-04
0.0000e+00
0.0000e+00
2.1935e-05
0.0000e+00
2.1219e-05
9.5367e-07
2.2173e-05
9.5367e-07
2.0981e-05
9.5367e-07
2.0981e-05
9.5367e-07
2.0981e-05
9.5367e-07
2.0981e-05
9.5367e-07
2.0981e-05
9.5367e-07
2.0981e-05
9.5367e-07
2.7895e-05
9.5367e-07
2.0981e-05
1.1921e-06
2.0981e-05
7.2289e-04
0.0000e+00
4.0531e-06
9.5367e-07
9.5367e-07
2.2888e-05
6.8903e-05
0.0000e+00
0.0000e+00
2.1935e-05
9.5367e-07
2.0981e-05
8.8215e-05
9.5367e-07
9.5367e-07
2.2173e-05
9.5367e-07
2.0981e-05
1.1921e-06
2.4796e-05
1.1921e-06
2.0981e-05
9.5367e-07
2.0981e-05
0.0000e+00
2.0981e-05
0.0000e+00
2.0981e-05
9.5367e-07
3.0041e-05
2.1458e-06
2.1935e-05
9.5367e-07
2.0981e-05
1.1921e-06
2.0981e-05
9.5367e-07
2.1935e-05
9.5367e-07
2.2173e-05
1.1802e-04
0.0000e+00
6.1297e-04
9.5367e-07
9.5367e-07
2.3127e-05
9.5367e-07
3.0041e-05
4.9114e-05
0.0000e+00
9.5367e-07
2.1935e-05
1.1921e-06
2.0981e-05
1.9073e-06
0.0000e+00
0.0000e+00
2.0981e-05
9.5367e-07
2.0981e-05
1.1921e-06
2.0981e-05
3.2997e-04
9.5367e-07
9.5367e-07
3.0041e-05
1.1921e-06
2.0981e-05
9.5367e-07
2.0981e-05
9.5367e-07
2.1219e-05
9.5367e-07
2.0981e-05
9.5367e-07
2.0981e-05
0.0000e+00
2.0981e-05
2.2888e-04
0.0000e+00
9.5367e-07
3.0994e-05
9.5367e-07
2.2173e-05
9.5367e-07
2.1935e-05
9.5367e-07
2.0981e-05
1.1921e-06
2.0981e-05
9.5367e-07
2.0981e-05
2.0027e-05
0.0000e+00
9.5367e-07
2.1935e-05
9.5367e-07
2.8133e-05
9.5367e-07
2.1935e-05
1.1921e-06
2.0981e-05
9.5367e-07
2.0981e-05
9.5367e-07
2.2173e-05
9.5367e-07
2.0981e-05
9.5367e-07
2.0981e-05
9.5367e-07
2.0981e-05
9.5367e-07
2.3127e-05
9.5367e-07
2.0981e-05
1.1921e-06
2.0981e-05
9.5367e-07
2.1935e-05
9.5367e-07
2.0981e-05
0.0000e+00
2.0981e-05
9.5367e-07
2.0981e-05
9.5367e-07
2.5988e-05
9.5367e-07
2.1935e-05
1.1921e-06
2.0981e-05
0.0000e+00
2.0981e-05
9.5367e-07
2.1219e-05
1.1921e-06
2.1935e-05
9.5367e-07
2.0981e-05
1.1921e-06
2.0981e-05
1.3540e-03
0.0000e+00
9.5367e-07
2.3127e-05
9.5367e-07
2.0981e-05
9.5367e-07
2.1219e-05
9.5367e-07
2.0981e-05
9.5367e-07
2.0981e-05
1.9407e-04
0.0000e+00
0.0000e+00
2.0981e-05
9.5367e-07
2.0981e-05
9.5367e-07
2.2173e-05
9.5367e-07
2.0981e-05
9.5367e-07
2.0981e-05
9.5367e-07
2.0981e-05
0.0000e+00
2.0981e-05
1.1921e-06
2.0981e-05
9.5367e-07
2.0981e-05
0.0000e+00
3.0994e-05
9.5367e-07
2.1935e-05
1.1921e-06
2.0981e-05
9.5367e-07
2.0981e-05
9.5367e-07
2.1219e-05
4.2796e-04
0.0000e+00
9.5367e-07
2.2173e-05
9.5367e-07
2.0981e-05
7.6056e-05
9.5367e-07
1.1921e-06
2.2888e-05
9.5367e-07
2.2173e-05
9.5367e-07
2.0981e-05
9.5367e-07
2.0981e-05
0.0000e+00
2.0981e-05
9.5367e-07
2.0981e-05
9.5367e-07
2.0981e-05
1.1921e-06
2.7895e-05
1.9073e-06
2.1219e-05
9.5367e-07
2.0981e-05
9.5367e-07
2.5034e-05
3.7289e-04
0.0000e+00
1.9073e-06
0.0000e+00
0.0000e+00
2.1935e-05
6.1011e-04
0.0000e+00
9.5367e-07
2.1935e-05
9.5367e-07
2.7895e-05
1.1921e-06
2.2888e-05
9.5367e-07
2.0981e-05
3.0041e-05
0.0000e+00
0.0000e+00
2.0981e-05
9.5367e-07
2.2173e-05
1.1921e-06
2.0027e-05
9.5367e-07
2.0981e-05
1.1921e-06
2.6941e-05
9.5367e-07
2.2173e-05
0.0000e+00
2.0981e-05
2.0027e-05
0.0000e+00
9.5367e-07
2.0981e-05
2.8491e-04
0.0000e+00
9.5367e-07
2.1935e-05
1.2493e-04
1.1921e-06
9.5367e-07
2.1935e-05
0.0000e+00
2.0981e-05
2.1458e-06
2.5988e-05
1.0300e-04
0.0000e+00
9.5367e-07
2.0981e-05
9.2983e-05
0.0000e+00
9.5367e-07
2.1935e-05
3.1090e-04
0.0000e+00
9.5367e-07
2.2888e-05
9.5367e-07
2.0981e-05
9.5367e-07
2.1935e-05
2.8610e-06
0.0000e+00
0.0000e+00
2.2888e-05
0.0000e+00
2.0981e-05
3.1590e-04
0.0000e+00
9.5367e-07
2.1935e-05
3.1233e-05
0.0000e+00
9.5367e-07
2.1935e-05
1.1921e-06
2.0981e-05
9.5367e-07
2.0981e-05
9.5367e-07
2.2888e-05
3.0041e-05
0.0000e+00
1.1921e-06
2.2888e-05
9.5367e-07
2.1935e-05
2.9302e-04
1.1921e-06
1.4782e-05
1.1921e-06
9.5367e-07
2.1935e-05
5.6982e-05
0.0000e+00
4.6015e-05
9.5367e-07
9.5367e-07
2.1935e-05
9.5367e-07
2.7895e-05
1.3614e-04
0.0000e+00
1.5020e-05
0.0000e+00
9.5367e-07
2.3127e-05
9.5367e-07
2.0981e-05
6.9141e-05
0.0000e+00
0.0000e+00
2.0981e-05
1.1921e-06
2.1935e-05
9.5367e-07
2.0981e-05
0.0000e+00
2.8849e-05
1.1921e-06
2.0981e-05
9.5367e-07
2.0981e-05
1.1921e-06
2.0981e-05
9.5367e-07
2.0981e-05
1.9598e-04
0.0000e+00
1.1921e-06
2.1935e-05
9.5367e-07
2.0981e-05
0.0000e+00
2.7895e-05
1.1921e-06
2.1935e-05
5.0783e-04
0.0000e+00
1.5688e-04
9.5367e-07
1.1921e-06
2.2888e-05
9.5367e-07
2.1935e-05
9.5367e-07
2.0981e-05
9.5367e-07
2.0981e-05
9.5367e-07
2.2173e-05
9.5367e-07
3.0994e-05
9.5367e-07
2.2173e-05
4.9901e-04
9.5367e-07
9.5367e-07
2.3127e-05
0.0000e+00
2.0981e-05
0.0000e+00
2.0981e-05
9.5367e-07
2.1935e-05
9.5367e-07
2.0981e-05
1.1921e-06
2.8849e-05
1.1921e-06
2.1935e-05
9.5367e-07
2.1935e-05
1.1921e-06
2.1935e-05
9.5367e-07
2.1935e-05
1.1921e-06
2.0981e-05
0.0000e+00
2.0981e-05
9.5367e-07
2.2173e-05
1.9073e-06
2.1935e-05
1.1921e-06
2.0981e-05
9.5367e-07
2.1935e-05
9.5367e-07
2.0981e-05
9.5367e-07
2.0981e-05
7.5405e-02
