3.4120e-03
2.0981e-05
6.6996e-05
1.1921e-05
4.1008e-05
3.7811e-03
9.5367e-07
1.5974e-05
3.0994e-05
9.5367e-07
2.1935e-05
1.2875e-05
0.0000e+00
1.1721e-03
0.0000e+00
3.0994e-06
2.5988e-05
9.5367e-07
2.3127e-05
9.5367e-07
2.4080e-05
4.0531e-06
0.0000e+00
0.0000e+00
2.2173e-05
1.9908e-04
2.2888e-05
1.9073e-06
2.0981e-05
9.5367e-07
2.1935e-05
4.0531e-06
2.3127e-05
1.1921e-06
2.0981e-05
1.1921e-06
2.2888e-05
1.1921e-06
2.1935e-05
2.5034e-05
2.2888e-05
2.0981e-05
2.1935e-05
2.1935e-05
2.2173e-05
2.7895e-04
0.0000e+00
4.9114e-05
2.1935e-05
9.4175e-05
2.1935e-05
9.5367e-07
2.2888e-05
0.0000e+00
2.1935e-05
9.5367e-07
2.1935e-05
9.5367e-07
2.0981e-05
9.5367e-07
2.0981e-05
4.0531e-06
2.1935e-05
2.1219e-05
2.1935e-05
2.0027e-05
2.6941e-05
2.1458e-06
2.2888e-05
1.8120e-05
2.1935e-05
4.9496e-04
0.0000e+00
1.8835e-05
2.3127e-05
9.0599e-06
2.1935e-05
8.6069e-05
9.5367e-07
0.0000e+00
2.3127e-05
0.0000e+00
2.0981e-05
2.1458e-06
0.0000e+00
3.3855e-05
2.3127e-05
2.0981e-05
2.1935e-05
2.1935e-05
2.1935e-05
2.3127e-05
2.1935e-05
1.2302e-04
2.0981e-05
2.7180e-05
2.0981e-05
2.2888e-05
2.1935e-05
1.2708e-04
0.0000e+00
1.1921e-06
2.2888e-05
4.6968e-05
2.1935e-05
1.1921e-06
2.0981e-05
9.0599e-06
2.1935e-05
1.9073e-06
2.2173e-05
9.5367e-07
2.1935e-05
5.0068e-06
0.0000e+00
9.5367e-07
2.1935e-05
1.9073e-06
2.3127e-05
9.5367e-07
2.1935e-05
9.5367e-07
2.0981e-05
4.9806e-04
2.2888e-05
1.3113e-05
2.1935e-05
9.5367e-07
2.1935e-05
2.9087e-05
2.0981e-05
2.1458e-06
2.8849e-05
1.1921e-06
2.1935e-05
4.1962e-05
2.0981e-05
9.5367e-07
2.0981e-05
3.5095e-04
9.5367e-07
9.5367e-07
2.3127e-05
9.5367e-07
2.1935e-05
9.5367e-07
2.1935e-05
3.0994e-06
9.5367e-07
9.5367e-07
2.9802e-05
9.5367e-07
2.1935e-05
9.5367e-07
2.2173e-05
0.0000e+00
2.1935e-05
9.5367e-07
2.2173e-05
3.8147e-06
2.8133e-05
4.5991e-04
1.1921e-06
9.5367e-07
2.2888e-05
9.5367e-07
3.0041e-05
1.1921e-06
2.1935e-05
9.5367e-07
2.2173e-05
5.8889e-05
9.5367e-07
1.1921e-06
2.1935e-05
0.0000e+00
2.0981e-05
1.8620e-04
2.1935e-05
8.1062e-06
2.0981e-05
3.0994e-06
0.0000e+00
9.5367e-07
2.7180e-05
9.5367e-07
2.1935e-05
2.3413e-04
2.1935e-05
1.5092e-04
2.0981e-05
4.0531e-06
0.0000e+00
2.0027e-05
2.1935e-05
0.0000e+00
2.1219e-05
1.0014e-05
0.0000e+00
6.9141e-06
2.7895e-05
9.5367e-07
2.1935e-05
9.5367e-07
2.0981e-05
1.8597e-04
2.0981e-05
9.5367e-07
2.1935e-05
0.0000e+00
2.0981e-05
2.9993e-04
0.0000e+00
9.5367e-07
2.1935e-05
3.0994e-06
0.0000e+00
0.0000e+00
3.0994e-05
9.5367e-07
2.0981e-05
0.0000e+00
2.0981e-05
9.5367e-07
2.2173e-05
1.1921e-06
2.0981e-05
9.5367e-07
2.1935e-05
1.9717e-04
0.0000e+00
1.5020e-05
2.0981e-05
2.1458e-06
0.0000e+00
9.0599e-06
2.4080e-05
2.8396e-04
2.1935e-05
2.1458e-06
2.1935e-05
9.5367e-07
2.1935e-05
9.6083e-05
9.5367e-07
9.5367e-07
2.2173e-05
4.0054e-05
2.1935e-05
0.0000e+00
2.0981e-05
9.5367e-07
2.3127e-05
5.0068e-06
2.0981e-05
5.7936e-05
0.0000e+00
0.0000e+00
2.0981e-05
9.5367e-07
2.0981e-05
3.3188e-04
0.0000e+00
9.5367e-07
2.3127e-05
0.0000e+00
2.0981e-05
3.0994e-06
0.0000e+00
9.5367e-07
2.8133e-05
2.1410e-04
2.1935e-05
1.9073e-06
2.2173e-05
9.5367e-07
2.1935e-05
5.1022e-05
2.1935e-05
9.0599e-06
2.1935e-05
2.1458e-06
2.0981e-05
7.5102e-05
2.8849e-05
5.9605e-06
9.5367e-07
2.1458e-06
0.0000e+00
2.1935e-05
0.0000e+00
1.0300e-04
0.0000e+00
0.0000e+00
2.2888e-05
0.0000e+00
2.0981e-05
0.0000e+00
2.0981e-05
4.1008e-04
9.5367e-07
9.5367e-07
2.1935e-05
2.8610e-06
9.5367e-07
9.5367e-07
3.0994e-05
3.9101e-05
2.0981e-05
2.1458e-06
2.1935e-05
1.9312e-04
9.5367e-07
0.0000e+00
2.1935e-05
1.9073e-06
0.0000e+00
9.5367e-07
2.2173e-05
0.0000e+00
2.1935e-05
9.5367e-07
2.0981e-05
0.0000e+00
2.1935e-05
8.0109e-05
2.1935e-05
2.8610e-06
2.1219e-05
1.9073e-06
2.0981e-05
9.0599e-06
2.1935e-05
1.1921e-06
2.0981e-05
2.8396e-04
2.1935e-05
2.1458e-06
2.9802e-05
5.5790e-05
0.0000e+00
0.0000e+00
2.1935e-05
9.5367e-07
2.2173e-05
9.5367e-07
2.1935e-05
9.5367e-07
2.2173e-05
9.5367e-07
2.1935e-05
9.5367e-07
2.0981e-05
0.0000e+00
2.7895e-05
9.5367e-07
2.1219e-05
0.0000e+00
2.0981e-05
9.5367e-07
2.0981e-05
2.1458e-06
0.0000e+00
1.7881e-05
2.2173e-05
7.8678e-06
2.2173e-05
9.0003e-04
2.1935e-05
2.7895e-05
2.8849e-05
2.1458e-06
2.2888e-05
1.1206e-05
0.0000e+00
4.3869e-05
2.2888e-05
4.8161e-05
2.0981e-05
2.4080e-05
2.1935e-05
3.6001e-05
2.0981e-05
3.8862e-05
2.1935e-05
0.0000e+00
2.0981e-05
2.8491e-04
0.0000e+00
0.0000e+00
2.4080e-05
9.5367e-07
2.0981e-05
0.0000e+00
2.0981e-05
0.0000e+00
2.1935e-05
9.5367e-07
2.0981e-05
6.3896e-05
2.0981e-05
1.0395e-04
2.2173e-05
9.5367e-07
2.2173e-05
1.7881e-05
2.1935e-05
2.3127e-05
2.1935e-05
9.5367e-07
2.3842e-05
1.0967e-05
2.0981e-05
6.7949e-05
9.5367e-07
3.9101e-05
9.5367e-07
4.3869e-05
0.0000e+00
1.7500e-04
0.0000e+00
9.5367e-07
3.0041e-05
3.0994e-06
0.0000e+00
1.0014e-05
2.2888e-05
2.0981e-05
2.0981e-05
2.3842e-05
1.1921e-06
4.1962e-05
2.0981e-05
2.0981e-05
2.0981e-05
3.0041e-05
2.1935e-05
2.4080e-05
2.0981e-05
0.0000e+00
2.8133e-05
3.5286e-04
0.0000e+00
0.0000e+00
2.1935e-05
0.0000e+00
2.0981e-05
9.5367e-07
2.1935e-05
9.5367e-07
2.1935e-05
1.1992e-04
2.0981e-05
2.5034e-05
2.0981e-05
9.5367e-07
3.0994e-05
1.0967e-05
2.2173e-05
2.0027e-05
2.0981e-05
2.0981e-05
2.0981e-05
2.1935e-05
2.1935e-05
2.5988e-05
9.5367e-07
1.0014e-05
2.2173e-05
2.1935e-05
2.1935e-05
3.4094e-05
2.7895e-05
2.1458e-06
2.2888e-05
1.6928e-05
2.0981e-05
3.5286e-04
2.1935e-05
9.5367e-07
2.1935e-05
2.2173e-05
2.0981e-05
2.1935e-05
2.2173e-05
2.5988e-05
0.0000e+00
1.2302e-04
9.5367e-07
9.5367e-07
3.0994e-05
1.1921e-06
2.0981e-05
1.2088e-04
2.1219e-05
2.3842e-05
2.0981e-05
2.2888e-05
2.1935e-05
2.5034e-05
2.0981e-05
1.8835e-05
2.2173e-05
3.6001e-05
2.0981e-05
1.4782e-05
2.1935e-05
2.1935e-05
2.2173e-05
2.0981e-05
2.1935e-05
9.5367e-07
2.0981e-05
1.1921e-06
2.0981e-05
2.3198e-04
9.5367e-07
9.5367e-07
2.2173e-05
9.5367e-07
2.1935e-05
3.0994e-06
0.0000e+00
4.0531e-06
2.3127e-05
1.4114e-04
2.1935e-05
2.3127e-05
0.0000e+00
4.0054e-05
2.1935e-05
2.3127e-05
2.5034e-05
1.9073e-05
2.2888e-05
2.8133e-05
2.0981e-05
2.4080e-05
3.0994e-05
3.1948e-05
0.0000e+00
3.6001e-05
2.2173e-05
2.0695e-04
0.0000e+00
4.1008e-05
2.2173e-05
2.2888e-05
2.1935e-05
2.3127e-05
2.1935e-05
8.4877e-05
0.0000e+00
9.5367e-07
2.2888e-05
9.5367e-07
2.8133e-05
1.5020e-05
2.1935e-05
2.0027e-05
2.1935e-05
2.5988e-05
0.0000e+00
7.1526e-06
2.1935e-05
2.0909e-04
9.5367e-07
9.5367e-07
2.3127e-05
9.5367e-07
2.1935e-05
1.3900e-04
9.5367e-07
1.1921e-06
2.1935e-05
1.5974e-05
0.0000e+00
4.1962e-05
2.3127e-05
9.5367e-07
2.1935e-05
1.4067e-05
2.1935e-05
1.9073e-05
2.0981e-05
2.2888e-05
2.1935e-05
2.2173e-05
2.1935e-05
2.0981e-05
2.0981e-05
2.5988e-05
2.2888e-05
2.0099e-04
1.1921e-06
9.5367e-07
2.2888e-05
9.5367e-07
2.2173e-05
9.5367e-07
2.0981e-05
8.1062e-06
2.0981e-05
2.1935e-05
2.0981e-05
2.3127e-05
2.0981e-05
1.3828e-05
2.2173e-05
3.3855e-05
2.3127e-05
2.1935e-05
2.1935e-05
2.1219e-05
2.1935e-05
2.0981e-05
2.0981e-05
2.9492e-04
0.0000e+00
0.0000e+00
2.1935e-05
2.1458e-06
0.0000e+00
4.0531e-06
3.0041e-05
1.4067e-05
2.2888e-05
3.5048e-05
0.0000e+00
4.2200e-05
2.1935e-05
2.7895e-05
2.0981e-05
2.5034e-05
9.5367e-07
4.0054e-05
2.1935e-05
2.1935e-05
2.2173e-05
7.8917e-05
2.0981e-05
2.8610e-06
7.1526e-06
0.0000e+00
2.3127e-05
2.0981e-05
2.1935e-05
4.1008e-04
2.0981e-05
2.4080e-05
2.2173e-05
2.1935e-05
2.5034e-05
2.6941e-05
0.0000e+00
4.0054e-05
2.1935e-05
3.3140e-05
2.1935e-05
9.5367e-07
2.2173e-05
1.9073e-06
0.0000e+00
1.9073e-05
2.1935e-05
2.5988e-05
1.1921e-06
4.2915e-05
2.1935e-05
2.5320e-04
9.5367e-07
9.0837e-05
0.0000e+00
4.1008e-05
0.0000e+00
1.4067e-05
9.5367e-07
3.0994e-05
2.1935e-05
2.3127e-05
2.9087e-05
1.5974e-05
2.1935e-05
2.0981e-05
2.6941e-05
9.5367e-07
2.1935e-05
6.9141e-06
2.0981e-05
1.3781e-04
1.1921e-06
9.5367e-07
2.1935e-05
2.1458e-06
9.5367e-07
1.5020e-05
0.0000e+00
4.1962e-05
0.0000e+00
4.3154e-05
3.1948e-05
3.1304e-04
0.0000e+00
0.0000e+00
2.3127e-05
9.5367e-07
2.1935e-05
9.5367e-07
2.1935e-05
3.0994e-06
0.0000e+00
0.0000e+00
2.2173e-05
0.0000e+00
2.0981e-05
8.2016e-05
0.0000e+00
0.0000e+00
3.0994e-05
9.5367e-07
2.2173e-05
2.7490e-04
9.5367e-07
0.0000e+00
2.1935e-05
1.2088e-04
9.5367e-07
3.0994e-06
0.0000e+00
5.0068e-06
2.3127e-05
2.2888e-05
2.0981e-05
2.3127e-05
2.0981e-05
9.2030e-05
2.9087e-05
9.5367e-07
2.1935e-05
2.9087e-05
9.5367e-07
4.3154e-05
0.0000e+00
4.3869e-05
9.5367e-07
4.2915e-05
2.4080e-05
2.0027e-05
2.1935e-05
1.5998e-04
2.0981e-05
1.9073e-06
2.1935e-05
1.2994e-04
2.9802e-05
2.4080e-05
2.0981e-05
5.9843e-05
0.0000e+00
3.8147e-06
2.1935e-05
2.5034e-05
9.5367e-07
4.1008e-05
2.1935e-05
2.0027e-05
2.2173e-05
7.2002e-05
0.0000e+00
0.0000e+00
2.0981e-05
2.0981e-05
2.6941e-05
1.9073e-05
2.1935e-05
2.2173e-05
2.1935e-05
9.5367e-07
2.5034e-05
1.3113e-05
2.0981e-05
2.5988e-05
2.1935e-05
9.5367e-07
2.2173e-05
1.8001e-04
9.5367e-07
2.0981e-05
9.5367e-07
2.1458e-06
9.5367e-07
9.5367e-07
2.3127e-05
9.5367e-07
2.0981e-05
3.0994e-06
0.0000e+00
0.0000e+00
2.0981e-05
9.0599e-06
2.1935e-05
3.2902e-05
2.1935e-05
2.4080e-05
2.1935e-05
1.4710e-04
2.6941e-05
3.8099e-04
2.2888e-05
2.1935e-05
2.1219e-05
2.3127e-05
2.1935e-05
3.0994e-06
0.0000e+00
3.0041e-05
2.1935e-05
2.0981e-05
2.1219e-05
2.1935e-05
2.0981e-05
9.5367e-07
2.1219e-05
1.0967e-05
2.1935e-05
3.0994e-05
2.0981e-05
1.2422e-04
2.1935e-05
1.3089e-04
9.5367e-07
1.1921e-06
2.1935e-05
9.5367e-07
2.1935e-05
9.6083e-05
0.0000e+00
0.0000e+00
2.1935e-05
1.2803e-04
3.0041e-05
2.4080e-05
2.1935e-05
9.5367e-07
2.2173e-05
9.0837e-05
0.0000e+00
0.0000e+00
2.1935e-05
9.5367e-07
2.1219e-05
7.8678e-06
2.2173e-05
9.5367e-07
2.1935e-05
1.0967e-05
0.0000e+00
3.6001e-05
2.2888e-05
3.0041e-05
2.1219e-05
2.0981e-05
2.1935e-05
2.8491e-04
2.2173e-05
9.5367e-07
2.1935e-05
1.4067e-05
2.0981e-05
2.3127e-05
2.1935e-05
2.1935e-05
3.0041e-05
6.5088e-05
2.1935e-05
3.1948e-05
2.0981e-05
2.3842e-05
1.1921e-06
4.1008e-05
2.1935e-05
3.0994e-06
9.5367e-07
3.1948e-05
0.0000e+00
4.1962e-05
2.2173e-05
2.3985e-04
2.2173e-05
2.2888e-05
2.9087e-05
2.4080e-05
2.1935e-05
4.8161e-05
0.0000e+00
1.6928e-05
2.1935e-05
2.5988e-05
2.1935e-05
2.2888e-05
2.2173e-05
1.3089e-04
0.0000e+00
4.1008e-05
2.1935e-05
2.0981e-05
2.0981e-05
2.2173e-05
3.0994e-05
2.2888e-05
2.2173e-05
1.4806e-04
9.5367e-07
9.5367e-07
2.1935e-05
5.6982e-05
0.0000e+00
0.0000e+00
2.0981e-05
0.0000e+00
2.0981e-05
9.5367e-07
2.1935e-05
9.5367e-07
2.2173e-05
1.3113e-05
2.2888e-05
2.1935e-05
2.2173e-05
9.5367e-07
2.4080e-05
5.9605e-06
2.1935e-05
3.2115e-04
0.0000e+00
0.0000e+00
2.1935e-05
0.0000e+00
2.0981e-05
0.0000e+00
2.1935e-05
4.7922e-05
9.5367e-07
9.5367e-07
2.3127e-05
0.0000e+00
2.1935e-05
1.1921e-06
2.1935e-05
1.2493e-04
0.0000e+00
0.0000e+00
2.3127e-05
9.5367e-07
2.0981e-05
2.1458e-06
9.5367e-07
0.0000e+00
2.1935e-05
9.5367e-07
2.2888e-05
3.0994e-06
2.1935e-05
1.1921e-06
2.1935e-05
2.6488e-04
2.2173e-05
2.9898e-04
0.0000e+00
0.0000e+00
2.1935e-05
9.5367e-07
2.1935e-05
1.9073e-05
2.1935e-05
1.2159e-05
0.0000e+00
2.0981e-05
9.5367e-07
2.9087e-05
2.3127e-05
2.0981e-05
2.1935e-05
1.6403e-04
2.1935e-05
2.1935e-05
2.1935e-05
2.0981e-05
2.0981e-05
3.5048e-05
2.0981e-05
2.1935e-05
3.0041e-05
1.5020e-05
2.2888e-05
1.9073e-05
2.2173e-05
2.2888e-05
9.5367e-07
4.0054e-05
2.1935e-05
2.1219e-05
2.1935e-05
9.5367e-07
2.0981e-05
3.2187e-05
0.0000e+00
4.2915e-05
0.0000e+00
4.5061e-05
0.0000e+00
4.2200e-05
2.8849e-05
1.5974e-05
2.2173e-05
2.0981e-05
2.0981e-05
2.2173e-05
2.1935e-05
2.6894e-04
2.2173e-05
3.3855e-05
2.2173e-05
9.5367e-07
2.2888e-05
1.0014e-05
2.1935e-05
1.4067e-05
2.2888e-05
1.9073e-05
2.1935e-05
1.9789e-05
2.2173e-05
2.0027e-05
2.1935e-05
2.1935e-05
2.2173e-05
9.3937e-05
2.1935e-05
2.4080e-05
2.0981e-05
1.0014e-04
0.0000e+00
3.0994e-06
0.0000e+00
0.0000e+00
2.3127e-05
9.5367e-07
2.0981e-05
1.0967e-05
2.2173e-05
1.2398e-04
2.1935e-05
3.6955e-05
2.2173e-05
2.2173e-05
2.2888e-05
2.0981e-05
2.2173e-05
1.5020e-05
2.3127e-05
2.0027e-05
2.1935e-05
2.0981e-05
2.1219e-05
2.2173e-05
2.0981e-05
2.8133e-05
2.1935e-05
2.4080e-05
2.0981e-05
7.7009e-05
2.0981e-05
2.3127e-05
2.7895e-05
7.1526e-06
2.0981e-05
1.9073e-06
0.0000e+00
2.7895e-05
2.2173e-05
1.6093e-04
2.0981e-05
2.3127e-05
2.5034e-05
2.0027e-05
2.1935e-05
1.6999e-04
2.1935e-05
2.4080e-05
2.9087e-05
1.2875e-05
2.2888e-05
2.2888e-05
0.0000e+00
4.1962e-05
2.1935e-05
2.1935e-05
2.2173e-05
1.2994e-04
0.0000e+00
0.0000e+00
2.1935e-05
0.0000e+00
2.0981e-05
9.5367e-07
2.0981e-05
1.0014e-05
2.9087e-05
1.4067e-05
2.1935e-05
1.9693e-04
2.2173e-05
2.6941e-05
2.1935e-05
2.3127e-05
2.1935e-05
3.1948e-05
2.1935e-05
1.1921e-06
2.0981e-05
1.1921e-05
2.1935e-05
1.5974e-05
2.2888e-05
2.0027e-05
2.1935e-05
2.3127e-05
2.1935e-05
1.2302e-04
0.0000e+00
0.0000e+00
2.2173e-05
9.5367e-07
2.0981e-05
6.9141e-06
2.2173e-05
2.2888e-05
0.0000e+00
3.9816e-05
3.0994e-05
1.9312e-04
0.0000e+00
4.4107e-05
2.1935e-05
2.0027e-05
2.2173e-05
2.5988e-05
2.0981e-05
1.4091e-04
0.0000e+00
4.2915e-05
2.1935e-05
2.3127e-05
2.1935e-05
2.3127e-05
2.1935e-05
1.3828e-05
2.3127e-05
2.0981e-05
2.0981e-05
2.3127e-05
9.5367e-07
4.1962e-05
2.1935e-05
3.0994e-05
2.0981e-05
9.5367e-07
2.0981e-05
1.3113e-05
2.0981e-05
2.4080e-05
0.0000e+00
5.9605e-06
2.7895e-05
4.0412e-04
2.2888e-05
1.1921e-06
2.1935e-05
1.0014e-05
0.0000e+00
4.0054e-05
2.1935e-05
1.1921e-06
2.1935e-05
1.6809e-04
2.0981e-05
2.2888e-05
2.1219e-05
2.2888e-05
3.0041e-05
1.5020e-05
2.3127e-05
2.2173e-05
2.1935e-05
9.0122e-05
0.0000e+00
9.5367e-07
2.2888e-05
5.8174e-05
0.0000e+00
9.5367e-07
2.1935e-05
2.8610e-06
0.0000e+00
1.2159e-05
2.1935e-05
2.8896e-04
0.0000e+00
0.0000e+00
3.0994e-05
1.9073e-06
2.1935e-05
1.4067e-05
2.1935e-05
2.1935e-05
2.1935e-05
2.3127e-05
2.1935e-05
9.5367e-07
2.1935e-05
2.0027e-05
2.1935e-05
2.0981e-05
2.0981e-05
9.5367e-07
2.3127e-05
2.1100e-04
9.5367e-07
9.5367e-07
2.2173e-05
9.5367e-07
2.5988e-05
2.8610e-06
0.0000e+00
0.0000e+00
2.0981e-05
0.0000e+00
2.0981e-05
0.0000e+00
2.0981e-05
3.1948e-05
3.6001e-05
2.1458e-06
2.1935e-05
9.5367e-07
2.0981e-05
1.4067e-05
2.1935e-05
2.5296e-04
2.2173e-05
2.1935e-05
2.0981e-05
2.4080e-05
2.1935e-05
2.2173e-05
2.0981e-05
2.5034e-05
2.3127e-05
2.0695e-04
0.0000e+00
0.0000e+00
2.1935e-05
9.5367e-07
2.1935e-05
9.5367e-07
2.2173e-05
9.2983e-05
2.1935e-05
2.3127e-05
2.1935e-05
2.4080e-05
0.0000e+00
1.0014e-05
2.1935e-05
1.5593e-04
9.5367e-07
1.2207e-04
0.0000e+00
0.0000e+00
2.1935e-05
9.5367e-07
2.0981e-05
0.0000e+00
2.1935e-05
0.0000e+00
2.0981e-05
1.1921e-06
2.1935e-05
1.8501e-04
0.0000e+00
9.5367e-07
2.1935e-05
9.5367e-07
2.5988e-05
9.5367e-07
2.0981e-05
2.5988e-05
0.0000e+00
1.9503e-04
9.5367e-07
9.5367e-07
2.3127e-05
9.5367e-07
2.1935e-05
4.4107e-05
2.1935e-05
2.1458e-06
2.1935e-05
2.4080e-05
2.8849e-05
1.3828e-05
2.2173e-05
2.3842e-05
0.0000e+00
7.1526e-06
2.1935e-05
2.3127e-05
0.0000e+00
4.1008e-05
2.1935e-05
1.5020e-05
2.2173e-05
3.0994e-05
2.0981e-05
2.1935e-05
2.2173e-05
2.2888e-05
2.9087e-05
1.4067e-05
2.1935e-05
2.0981e-05
2.5988e-05
1.7166e-05
2.1935e-05
2.2697e-04
2.1935e-05
8.0109e-05
2.0981e-05
3.3140e-05
2.1935e-05
2.0981e-05
2.0981e-05
1.3828e-05
2.3127e-05
9.5367e-07
2.0981e-05
3.0994e-06
9.5367e-07
1.5020e-05
0.0000e+00
4.1008e-05
2.0981e-05
2.0981e-05
2.1935e-05
2.9087e-05
2.0981e-05
1.6403e-04
2.1935e-05
2.4080e-05
0.0000e+00
9.7752e-06
3.0994e-05
2.0814e-04
0.0000e+00
1.1301e-04
9.5367e-07
9.5367e-07
2.3127e-05
2.8610e-06
1.1921e-06
1.2994e-04
9.5367e-07
9.5367e-07
2.1935e-05
1.1921e-06
2.1935e-05
9.5367e-07
2.1935e-05
9.5367e-07
2.0981e-05
1.1921e-06
2.1935e-05
1.8311e-04
2.1935e-05
2.4080e-05
2.1935e-05
1.6928e-05
2.2173e-05
2.3842e-05
2.0981e-05
3.1948e-05
2.0981e-05
2.5034e-05
2.1935e-05
2.1935e-05
2.8849e-05
1.5974e-05
2.3127e-05
9.5367e-07
2.1935e-05
3.4094e-05
2.0981e-05
2.1935e-05
2.0981e-05
2.4080e-05
0.0000e+00
1.0014e-05
2.1935e-05
5.5075e-05
2.0981e-05
3.0804e-04
0.0000e+00
9.5367e-07
2.8849e-05
9.5367e-07
2.1935e-05
9.5367e-07
2.5988e-05
1.1921e-06
2.0981e-05
1.3089e-04
0.0000e+00
4.2915e-05
2.1935e-05
2.2173e-05
2.0981e-05
9.5367e-07
2.2173e-05
9.5367e-07
3.0041e-05
5.2929e-05
9.5367e-07
7.1526e-06
0.0000e+00
9.0599e-06
2.1935e-05
2.1935e-05
2.2173e-05
2.3842e-05
2.2173e-05
2.1935e-05
2.0981e-05
2.2173e-05
2.0981e-05
2.8706e-04
9.5367e-07
9.5367e-07
3.5048e-05
9.5367e-07
2.2888e-05
2.9802e-05
2.1935e-05
2.4080e-05
2.1935e-05
2.2888e-05
2.2173e-05
1.6594e-04
2.1935e-05
2.3127e-05
2.0981e-05
2.0981e-05
2.0981e-05
9.8944e-05
2.2888e-05
2.3127e-05
2.1935e-05
2.2888e-05
2.2173e-05
2.2888e-05
2.1935e-05
2.2173e-05
2.0981e-05
2.5034e-05
9.5367e-07
1.0014e-05
2.3127e-05
1.0800e-04
0.0000e+00
5.5075e-05
2.9802e-05
9.5367e-07
2.2888e-05
4.6015e-05
0.0000e+00
4.3154e-05
0.0000e+00
4.1008e-05
2.2888e-05
2.2173e-05
2.3127e-05
2.4700e-04
0.0000e+00
2.8610e-06
0.0000e+00
9.5367e-07
2.1935e-05
9.5367e-07
2.1935e-05
3.0994e-06
9.5367e-07
1.6904e-04
0.0000e+00
1.9073e-06
0.0000e+00
0.0000e+00
2.2888e-05
0.0000e+00
2.0981e-05
1.1921e-05
2.1935e-05
3.3140e-05
0.0000e+00
4.1008e-05
2.1935e-05
2.4796e-05
2.0981e-05
2.1935e-05
2.0981e-05
1.5974e-05
2.3127e-05
2.2173e-05
2.1935e-05
2.1935e-05
2.2173e-05
3.5048e-05
2.0981e-05
1.2493e-04
0.0000e+00
4.3154e-05
2.1935e-05
1.5807e-04
2.1935e-05
2.1935e-05
2.1219e-05
2.2173e-05
3.0041e-05
9.5367e-07
2.0981e-05
8.1062e-06
2.1935e-05
2.5034e-05
2.5034e-05
2.8610e-06
0.0000e+00
4.6015e-05
2.1935e-05
9.5367e-07
2.0981e-05
5.0068e-06
0.0000e+00
6.9141e-06
2.2173e-05
1.4067e-05
2.3127e-05
2.1219e-05
2.1935e-05
4.0889e-04
0.0000e+00
9.5367e-07
2.1935e-05
0.0000e+00
2.2173e-05
1.0180e-04
1.1921e-06
1.1921e-06
2.1935e-05
9.5367e-07
2.0981e-05
0.0000e+00
3.0041e-05
1.9789e-05
0.0000e+00
9.5367e-07
2.2888e-05
9.5367e-07
2.1219e-05
9.5367e-07
2.1935e-05
9.5367e-07
2.2173e-05
9.5367e-07
2.1935e-05
9.5367e-07
2.1935e-05
2.1505e-04
9.5367e-07
3.0041e-05
0.0000e+00
0.0000e+00
2.3127e-05
9.5367e-07
2.1935e-05
1.3399e-04
2.1935e-05
2.5034e-05
0.0000e+00
4.2915e-05
2.1935e-05
2.2173e-05
2.1935e-05
2.0981e-05
2.1219e-05
2.1935e-05
2.9087e-05
1.4067e-05
2.1935e-05
2.0981e-05
2.2173e-05
3.3855e-05
2.2173e-05
1.9073e-06
0.0000e+00
3.2187e-05
2.1935e-05
2.0027e-05
2.0981e-05
2.2173e-05
2.1935e-05
9.5367e-07
2.0981e-05
3.7193e-04
9.5367e-07
3.0994e-06
0.0000e+00
9.5367e-07
2.3127e-05
0.0000e+00
2.0981e-05
9.5367e-07
2.2173e-05
1.8811e-04
2.1935e-05
2.4080e-05
2.0981e-05
2.1935e-05
2.1935e-05
2.1935e-05
2.9087e-05
1.9073e-05
2.1935e-05
2.1935e-05
2.2173e-05
3.2902e-05
2.0981e-05
2.0981e-05
2.2173e-05
2.1935e-05
2.1935e-05
9.5367e-07
2.2173e-05
1.7500e-04
0.0000e+00
4.2915e-05
2.8133e-05
1.5020e-05
2.1935e-05
2.2173e-05
2.1935e-05
2.3842e-05
2.2173e-05
9.5367e-07
2.1935e-05
2.0027e-05
2.1935e-05
2.1219e-05
2.1935e-05
2.1935e-05
2.1219e-05
8.7023e-05
2.2888e-05
2.4080e-05
2.0981e-05
0.0000e+00
2.0981e-05
1.0014e-05
2.0981e-05
2.3794e-04
2.2173e-05
2.3842e-05
2.0981e-05
3.4809e-05
0.0000e+00
4.1962e-05
2.1935e-05
1.5020e-05
2.1935e-05
1.8215e-04
9.5367e-07
9.5367e-07
2.3127e-05
9.5367e-07
2.1935e-05
0.0000e+00
2.0981e-05
9.5367e-07
2.0981e-05
1.1706e-04
0.0000e+00
4.1962e-05
2.1935e-05
9.5367e-07
2.9087e-05
1.9073e-06
2.2173e-05
2.0981e-05
2.0981e-05
2.1410e-04
9.5367e-07
9.5367e-07
2.2173e-05
3.0994e-06
9.5367e-07
1.3113e-05
2.1935e-05
9.5367e-07
2.0981e-05
2.1219e-05
2.1935e-05
2.2888e-05
2.9087e-05
3.0994e-06
9.5367e-07
2.5034e-05
2.2888e-05
3.3092e-04
2.1935e-05
2.3127e-05
0.0000e+00
4.2915e-05
2.1935e-05
2.4080e-05
9.5367e-07
4.1008e-05
2.2173e-05
0.0000e+00
2.0981e-05
2.0981e-05
0.0000e+00
9.5367e-07
2.3127e-05
2.0027e-05
2.1935e-05
2.0027e-05
2.0981e-05
1.1611e-04
2.1935e-05
2.5034e-05
9.5367e-07
2.4295e-04
0.0000e+00
9.5367e-07
2.1935e-05
9.5367e-07
2.2173e-05
1.1921e-06
3.7909e-05
1.0395e-04
0.0000e+00
1.9073e-06
0.0000e+00
0.0000e+00
2.1935e-05
9.5367e-07
2.1935e-05
1.1921e-06
2.1935e-05
8.8930e-05
2.1935e-05
3.4094e-05
2.0981e-05
1.1921e-06
2.1935e-05
1.7500e-04
0.0000e+00
1.1921e-06
2.2888e-05
9.5367e-07
2.2173e-05
0.0000e+00
2.0981e-05
0.0000e+00
2.0981e-05
0.0000e+00
2.0981e-05
7.4863e-05
2.1935e-05
2.0981e-05
2.0981e-05
3.3140e-05
2.7895e-05
1.2159e-05
2.2888e-05
1.4210e-04
9.5367e-07
9.5367e-07
2.1935e-05
1.8120e-05
9.5367e-07
9.5367e-07
2.1935e-05
1.1921e-06
2.0981e-05
3.0994e-05
2.1935e-05
2.3127e-05
2.9087e-05
1.4067e-05
2.1935e-05
2.0981e-05
2.2173e-05
2.0981e-05
2.0981e-05
4.3797e-04
2.5988e-05
2.2173e-05
2.1935e-05
2.5988e-05
2.0981e-05
0.0000e+00
2.0981e-05
2.5988e-05
3.0994e-05
1.4067e-05
2.1935e-05
8.7976e-05
2.2173e-05
2.2888e-05
2.1935e-05
2.2173e-05
2.1935e-05
2.0981e-05
2.0981e-05
1.1611e-04
0.0000e+00
1.4067e-05
0.0000e+00
9.5367e-07
2.2173e-05
3.0994e-06
0.0000e+00
4.0054e-05
2.2888e-05
2.0981e-05
2.0981e-05
2.2888e-05
1.1921e-06
3.9816e-05
2.0981e-05
2.3842e-05
0.0000e+00
5.1975e-05
2.2888e-05
2.5988e-05
2.1935e-05
1.1921e-06
2.0981e-05
2.8610e-06
2.3127e-05
4.2915e-05
2.1935e-05
2.3127e-05
2.3127e-05
2.6989e-04
2.1935e-05
2.1935e-05
2.1935e-05
3.3140e-05
0.0000e+00
8.1062e-06
2.1935e-05
2.4080e-05
2.1935e-05
9.5367e-07
2.1935e-05
9.5367e-07
2.1935e-05
2.1505e-04
2.2173e-05
2.7895e-05
0.0000e+00
4.1008e-05
2.1935e-05
2.2888e-05
2.0981e-05
3.6001e-05
9.5367e-07
4.1962e-05
2.2173e-05
9.5367e-07
2.0981e-05
5.0068e-06
0.0000e+00
2.0599e-04
9.5367e-07
0.0000e+00
2.4080e-05
9.5367e-07
2.1219e-05
1.6928e-05
2.1935e-05
2.4080e-05
0.0000e+00
4.9114e-05
2.1935e-05
2.2173e-05
2.1935e-05
2.1935e-05
2.0981e-05
5.0068e-05
2.2173e-05
2.2888e-05
2.1219e-05
2.5988e-05
2.0981e-05
2.1458e-06
0.0000e+00
3.0041e-05
2.1935e-05
3.5048e-05
2.1935e-05
2.4080e-05
9.5367e-07
4.0054e-05
2.1935e-05
2.0981e-05
2.9802e-05
9.5367e-07
2.0981e-05
4.0531e-06
2.1935e-05
2.1219e-05
2.0981e-05
2.1935e-05
2.1219e-05
3.1233e-05
2.1935e-05
2.5034e-05
2.0981e-05
5.0998e-04
1.1921e-06
9.5367e-07
3.1948e-05
0.0000e+00
2.2173e-05
9.5367e-07
2.1935e-05
9.5367e-07
2.2173e-05
2.9588e-04
0.0000e+00
9.5367e-07
0.0000e+00
0.0000e+00
2.2173e-05
9.5367e-07
2.1935e-05
1.2398e-04
0.0000e+00
1.9073e-06
9.5367e-07
1.1921e-06
2.2888e-05
9.5367e-07
2.0981e-05
2.2984e-04
2.1935e-05
9.5367e-07
2.0981e-05
3.6001e-05
2.1935e-05
2.2888e-05
2.1219e-05
2.3127e-05
2.1935e-05
2.2173e-05
2.0981e-05
1.7166e-05
2.1935e-05
5.3167e-05
2.1935e-05
2.4080e-05
2.0981e-05
0.0000e+00
2.2173e-05
2.1219e-05
0.0000e+00
4.1962e-05
2.1935e-05
1.8835e-05
2.2173e-05
2.0027e-05
2.0981e-05
1.5974e-05
2.3127e-05
2.0981e-05
2.1935e-05
2.2888e-05
2.2173e-05
2.5034e-05
2.1935e-05
7.4393e-02
