2.6009e-03
5.9509e-04
4.0531e-06
4.9870e-03
0.0000e+00
2.1458e-06
4.4823e-05
9.5367e-07
2.3842e-05
9.5367e-07
2.2888e-05
9.5367e-07
2.3842e-05
1.1921e-06
2.2888e-05
9.5367e-07
2.2173e-05
0.0000e+00
3.5048e-05
9.5367e-07
2.3127e-05
9.5367e-07
2.0981e-05
1.3580e-03
9.5367e-07
0.0000e+00
2.2888e-05
3.0994e-06
0.0000e+00
5.9605e-06
9.5367e-07
2.6226e-05
0.0000e+00
0.0000e+00
2.3127e-05
1.8835e-05
2.1935e-05
1.5020e-05
2.2888e-05
2.5034e-05
2.1935e-05
2.3127e-05
2.1935e-05
2.0981e-05
2.2173e-05
2.7585e-04
2.3127e-05
1.4496e-04
0.0000e+00
2.1458e-06
9.5367e-07
9.5367e-07
2.2173e-05
1.5974e-05
3.1948e-05
3.0994e-06
0.0000e+00
1.7166e-05
2.1935e-05
2.9087e-05
0.0000e+00
9.5367e-07
2.1935e-05
2.0981e-05
9.5367e-07
4.0054e-05
2.1935e-05
5.9605e-06
0.0000e+00
4.2200e-05
2.1935e-05
4.9090e-04
2.1935e-05
9.5367e-07
3.0041e-05
2.1458e-06
2.1935e-05
2.3127e-05
2.1935e-05
2.1935e-05
2.1935e-05
2.8610e-06
9.5367e-07
3.2187e-05
2.1935e-05
3.1948e-05
2.1935e-05
2.4080e-05
2.1935e-05
2.3127e-05
3.0041e-05
1.3828e-05
2.2888e-05
1.2207e-04
2.1935e-05
2.8133e-05
2.1935e-05
2.3842e-05
2.2173e-05
2.1935e-05
2.1935e-05
1.6618e-04
9.5367e-07
9.5367e-07
2.0981e-05
0.0000e+00
2.9802e-05
1.1921e-06
2.1935e-05
5.9605e-06
9.5367e-07
1.0014e-05
0.0000e+00
3.3855e-05
0.0000e+00
1.1921e-06
2.1935e-05
8.1062e-06
2.1935e-05
9.5367e-07
2.1935e-05
9.5367e-07
2.0981e-05
4.9782e-04
3.2902e-05
4.0531e-06
9.5367e-07
6.8903e-05
0.0000e+00
0.0000e+00
2.1935e-05
1.1921e-06
2.1935e-05
9.5367e-07
2.1219e-05
4.9829e-05
2.2173e-05
1.9073e-06
0.0000e+00
2.1935e-05
2.1935e-05
9.5367e-07
2.8849e-05
9.5367e-07
2.0981e-05
5.0068e-06
0.0000e+00
3.3689e-04
9.5367e-07
9.5367e-07
2.1935e-05
9.5367e-07
2.1935e-05
2.8610e-06
0.0000e+00
1.1921e-06
2.1935e-05
1.5020e-05
0.0000e+00
9.5367e-07
2.3127e-05
2.1458e-06
2.1935e-05
1.9073e-06
2.2173e-05
4.7302e-04
0.0000e+00
0.0000e+00
2.1935e-05
0.0000e+00
2.1935e-05
9.5367e-07
2.1219e-05
0.0000e+00
2.0981e-05
2.7204e-04
0.0000e+00
0.0000e+00
2.8849e-05
1.1921e-06
2.2888e-05
3.0994e-06
0.0000e+00
9.5367e-07
2.2888e-05
2.6608e-04
0.0000e+00
1.7309e-04
9.5367e-07
9.5367e-07
2.3127e-05
0.0000e+00
2.2173e-05
1.1921e-06
2.0981e-05
9.5367e-07
2.2173e-05
3.0994e-06
0.0000e+00
6.9141e-06
2.4080e-05
9.5367e-07
2.2173e-05
2.1291e-04
0.0000e+00
9.5367e-07
2.2173e-05
9.5367e-07
2.0981e-05
9.5367e-07
2.1219e-05
7.7009e-05
2.5988e-05
1.9073e-06
3.0041e-05
9.5367e-07
2.2173e-05
9.5367e-07
2.0981e-05
9.5367e-07
2.2173e-05
9.5367e-07
2.0981e-05
9.5367e-07
2.1219e-05
9.5367e-07
2.0981e-05
1.1921e-06
2.1935e-05
3.6001e-04
2.2888e-05
9.5367e-07
2.1935e-05
9.5367e-07
2.2173e-05
3.0684e-04
0.0000e+00
9.5367e-07
2.2888e-05
1.1921e-06
2.0981e-05
0.0000e+00
2.0981e-05
1.1921e-06
2.1935e-05
1.2112e-04
0.0000e+00
3.0994e-06
0.0000e+00
9.5367e-07
2.3127e-05
3.0994e-06
0.0000e+00
9.5367e-07
2.1935e-05
9.5367e-07
2.0981e-05
9.5367e-07
2.1935e-05
1.1921e-06
2.0981e-05
9.5367e-07
2.0981e-05
9.5367e-07
2.2888e-05
1.8001e-04
2.1935e-05
1.0967e-05
2.0981e-05
1.1921e-06
2.0981e-05
4.0507e-04
2.1935e-05
1.9073e-06
2.2173e-05
9.5367e-07
2.0981e-05
5.0068e-05
2.9087e-05
1.9073e-06
2.1935e-05
9.4891e-05
0.0000e+00
1.1921e-06
2.1935e-05
1.4067e-05
9.5367e-07
9.5367e-07
2.1935e-05
3.0994e-06
0.0000e+00
1.3113e-05
2.1935e-05
1.9073e-06
2.0981e-05
1.1921e-05
9.5367e-07
1.0014e-05
3.0994e-05
1.0490e-04
2.1935e-05
7.8678e-06
2.2173e-05
1.9073e-06
2.1935e-05
5.0068e-06
2.0981e-05
3.6407e-04
2.3127e-05
9.5367e-07
2.1935e-05
9.5367e-07
2.2173e-05
1.9073e-06
2.3127e-05
9.5367e-07
2.1935e-05
1.1921e-06
2.0981e-05
1.9073e-06
2.1935e-05
3.0994e-06
0.0000e+00
2.6703e-04
0.0000e+00
0.0000e+00
2.2888e-05
9.5367e-07
2.1219e-05
9.5367e-07
2.9087e-05
9.5367e-07
2.1935e-05
3.0303e-04
1.1921e-06
9.5367e-07
2.1935e-05
0.0000e+00
2.0981e-05
9.5367e-07
2.1935e-05
9.5367e-07
2.0981e-05
0.0000e+00
2.0981e-05
9.5367e-07
2.8849e-05
1.6928e-05
2.3127e-05
1.3113e-05
2.1935e-05
9.5367e-07
2.1219e-05
2.3842e-05
0.0000e+00
1.9073e-06
2.1935e-05
1.1921e-06
2.1935e-05
2.2888e-05
0.0000e+00
0.0000e+00
2.1935e-05
9.5367e-07
2.8133e-05
9.5367e-07
2.2173e-05
9.0003e-04
4.1008e-05
8.1062e-06
0.0000e+00
1.9073e-06
3.8147e-05
2.8610e-06
4.0054e-05
6.6042e-05
0.0000e+00
2.1458e-06
3.8862e-05
2.1458e-06
3.7909e-05
5.3883e-05
9.5367e-07
4.0531e-06
0.0000e+00
9.5367e-07
4.0054e-05
1.9073e-06
3.8147e-05
1.5974e-05
9.5367e-07
9.5367e-07
3.8862e-05
1.9073e-06
3.8147e-05
4.0531e-06
0.0000e+00
9.5367e-07
3.6955e-05
3.6812e-04
9.5367e-07
6.9141e-06
1.0014e-05
1.9073e-06
4.0054e-05
1.9073e-06
3.8147e-05
5.9605e-06
0.0000e+00
9.5367e-07
3.8147e-05
3.8147e-06
4.0770e-05
3.6001e-05
3.7909e-05
1.9073e-06
3.6955e-05
1.9073e-06
3.6955e-05
1.9073e-06
3.6955e-05
5.0068e-06
3.7909e-05
6.8903e-05
0.0000e+00
2.1458e-06
3.7909e-05
9.5367e-07
3.6955e-05
9.5367e-07
3.7909e-05
2.1458e-06
3.6001e-05
9.5367e-07
3.6001e-05
2.1458e-06
3.7909e-05
1.0967e-05
0.0000e+00
1.9073e-06
3.7909e-05
2.1458e-06
3.6955e-05
4.0531e-06
9.5367e-07
3.0994e-06
3.7909e-05
2.1458e-06
3.6955e-05
4.0388e-04
0.0000e+00
1.9073e-06
3.9101e-05
2.8610e-06
1.0967e-05
1.9073e-06
3.8147e-05
9.5367e-07
3.6001e-05
1.1921e-06
3.6955e-05
9.5367e-07
3.6955e-05
2.1458e-06
3.7909e-05
8.1062e-06
9.5367e-07
9.5367e-07
3.7193e-05
9.5367e-07
3.6955e-05
1.8120e-05
9.5367e-07
1.1921e-06
3.6955e-05
1.9073e-06
3.6001e-05
3.4118e-04
0.0000e+00
1.0967e-05
3.6955e-05
2.1458e-06
3.7909e-05
9.5367e-07
3.8147e-05
4.0531e-06
3.6955e-05
2.8610e-06
4.8161e-05
2.8610e-06
3.6001e-05
5.0068e-06
3.6001e-05
1.1396e-04
3.7909e-05
1.9073e-06
3.6955e-05
9.5367e-07
3.6955e-05
2.1458e-06
3.6955e-05
9.5367e-07
4.1962e-05
3.0994e-06
3.6955e-05
1.9073e-06
3.6955e-05
1.9073e-06
3.6001e-05
4.0531e-06
9.5367e-07
3.0994e-06
0.0000e+00
2.1458e-06
3.7909e-05
1.9073e-06
3.7193e-05
1.2875e-05
1.1921e-06
9.0599e-06
0.0000e+00
2.1458e-06
3.6001e-05
3.2091e-04
0.0000e+00
2.1458e-06
3.7909e-05
9.5367e-07
3.6001e-05
1.9073e-06
3.8147e-05
2.1458e-06
3.7909e-05
1.1921e-06
4.1008e-05
3.8147e-06
3.7909e-05
3.0994e-06
3.7909e-05
1.9073e-06
3.6001e-05
2.2316e-04
0.0000e+00
9.5367e-07
3.7909e-05
9.5367e-07
3.8147e-05
1.9073e-06
3.7909e-05
2.1458e-06
3.6955e-05
9.5367e-07
3.6955e-05
2.9087e-05
9.5367e-07
1.1921e-06
4.6015e-05
1.9073e-06
3.6955e-05
2.1458e-06
3.6955e-05
7.8678e-06
0.0000e+00
2.1458e-06
3.6955e-05
2.8610e-06
3.7909e-05
4.0531e-06
9.5367e-07
7.1526e-06
3.7909e-05
2.1458e-06
3.6955e-05
2.5320e-04
9.5367e-07
1.9073e-06
3.9101e-05
9.0599e-06
9.5367e-07
9.5367e-07
3.8147e-05
9.5367e-07
3.6001e-05
9.5367e-07
3.8147e-05
9.5367e-07
3.6955e-05
2.1458e-06
3.7909e-05
9.5367e-07
4.6968e-05
1.1921e-06
3.6001e-05
9.5367e-07
3.6955e-05
3.8147e-06
0.0000e+00
1.5497e-04
9.5367e-07
1.9073e-06
3.7193e-05
1.1921e-06
3.6001e-05
9.5367e-07
3.6955e-05
9.5367e-07
3.6001e-05
1.9073e-06
4.8161e-05
1.9073e-06
3.6001e-05
1.9073e-06
3.6001e-05
1.9073e-06
3.6001e-05
1.1921e-06
3.6955e-05
4.0531e-06
3.6001e-05
9.5367e-07
3.6001e-05
1.9073e-06
3.6955e-05
1.6713e-04
3.7909e-05
5.1975e-05
0.0000e+00
1.1921e-06
3.7909e-05
2.1458e-06
4.1962e-05
3.8147e-06
3.6955e-05
1.9073e-06
3.8147e-05
2.1458e-06
3.6955e-05
9.5129e-05
0.0000e+00
3.0994e-06
9.5367e-07
6.9141e-06
1.1921e-06
1.9073e-06
3.8147e-05
2.1458e-06
3.8862e-05
3.8910e-04
3.8147e-05
1.9073e-06
3.6955e-05
2.1458e-06
3.6955e-05
2.1458e-06
3.9816e-05
1.9073e-06
3.6955e-05
4.0531e-06
0.0000e+00
1.5020e-05
9.5367e-07
1.9073e-06
3.7193e-05
1.9073e-06
3.8147e-05
1.9073e-06
3.8147e-05
2.6679e-04
0.0000e+00
1.9073e-06
3.7193e-05
1.1921e-06
3.7909e-05
9.5367e-07
3.6955e-05
9.5367e-07
4.5061e-05
9.5367e-07
3.8147e-05
9.5367e-07
3.6955e-05
9.5367e-07
3.6955e-05
4.0531e-06
9.5367e-07
1.9073e-06
3.9101e-05
1.9073e-06
4.1008e-05
4.0531e-06
3.7193e-05
1.9073e-06
4.7922e-05
2.1458e-06
3.9101e-05
1.9073e-06
3.7909e-05
2.1458e-06
3.6955e-05
1.1921e-06
3.6955e-05
1.9073e-06
3.7193e-05
1.9073e-06
3.6001e-05
4.0531e-06
3.7909e-05
1.9073e-06
3.7909e-05
9.5367e-07
3.7909e-05
2.1458e-06
3.7909e-05
2.1458e-06
3.6955e-05
1.9073e-06
3.8147e-05
9.5367e-07
3.8147e-05
2.1458e-06
3.7909e-05
2.1458e-06
4.6968e-05
1.9073e-06
3.7909e-05
9.5367e-07
4.1008e-05
1.9073e-06
3.6001e-05
3.3402e-04
3.8147e-05
1.9073e-06
3.7909e-05
2.1458e-06
3.6001e-05
7.7963e-05
9.5367e-07
1.3113e-05
4.7922e-05
1.9073e-06
3.7909e-05
1.9073e-06
3.7193e-05
2.1458e-06
3.6001e-05
2.1458e-06
3.6955e-05
1.9073e-06
3.7909e-05
1.4305e-04
0.0000e+00
1.5998e-04
0.0000e+00
1.9073e-06
3.8147e-05
1.9073e-06
3.8147e-05
2.1458e-06
3.6001e-05
1.9073e-06
3.7909e-05
1.9073e-06
3.6001e-05
1.1921e-06
3.6955e-05
9.5367e-07
3.6001e-05
2.1458e-06
3.5048e-05
1.9073e-06
4.6015e-05
1.9073e-06
3.7909e-05
4.0531e-06
3.7909e-05
1.0014e-05
0.0000e+00
2.1458e-06
3.6955e-05
9.5367e-07
3.6955e-05
5.0068e-06
9.5367e-07
2.1458e-06
3.6955e-05
2.1458e-06
3.6955e-05
1.9073e-06
4.6968e-05
2.1458e-06
3.6955e-05
9.5367e-07
3.6001e-05
4.0531e-06
1.1921e-06
2.1458e-06
3.7909e-05
2.1458e-06
3.7909e-05
4.8876e-05
0.0000e+00
1.9073e-06
3.9101e-05
9.5367e-07
3.6955e-05
5.1808e-04
9.5367e-07
1.9073e-06
3.9101e-05
9.5367e-07
3.7193e-05
3.8147e-06
0.0000e+00
9.5367e-07
3.7909e-05
1.1921e-06
3.6955e-05
9.5367e-07
3.8147e-05
2.8610e-06
1.1921e-06
9.5367e-07
3.7909e-05
1.0014e-05
4.7922e-05
1.4019e-04
0.0000e+00
9.5367e-07
3.8862e-05
9.5367e-07
3.8147e-05
2.8610e-06
9.5367e-07
9.5367e-07
3.6955e-05
2.1458e-06
3.5048e-05
1.9073e-06
3.6001e-05
2.1911e-04
3.7909e-05
5.0068e-06
0.0000e+00
9.5367e-07
3.7909e-05
3.0994e-06
3.6955e-05
4.0531e-06
3.7909e-05
2.1458e-06
3.6955e-05
3.0994e-06
9.5367e-07
1.9073e-06
3.6001e-05
9.5367e-07
3.6955e-05
2.1458e-06
4.6968e-05
1.9073e-06
3.5048e-05
2.1458e-06
3.7909e-05
2.6608e-04
0.0000e+00
2.1458e-06
4.1008e-05
9.5367e-07
3.7909e-05
1.1921e-06
3.6955e-05
8.8930e-05
1.1921e-06
1.1921e-06
3.6955e-05
1.9073e-06
3.6955e-05
1.9073e-06
3.6955e-05
5.9605e-06
9.5367e-07
9.5367e-07
3.6955e-05
2.1458e-06
3.6955e-05
1.9073e-06
3.8147e-05
2.1887e-04
3.8147e-05
1.9073e-06
3.6955e-05
2.1458e-06
3.6955e-05
1.9073e-06
3.8147e-05
1.9073e-06
4.1008e-05
1.9073e-06
3.7909e-05
1.4496e-04
0.0000e+00
1.1921e-06
3.7909e-05
9.5367e-07
3.6001e-05
1.9073e-06
3.6955e-05
2.1458e-06
4.6968e-05
1.9073e-06
3.6001e-05
2.1458e-06
3.6001e-05
2.1458e-06
3.6955e-05
9.5367e-07
3.6955e-05
2.1458e-06
3.6955e-05
1.9073e-06
3.6955e-05
1.9073e-06
3.6001e-05
2.1458e-06
3.6955e-05
1.9073e-06
3.7909e-05
4.0531e-06
0.0000e+00
1.9073e-06
3.6001e-05
1.9073e-06
4.1008e-05
1.9073e-06
3.6955e-05
1.9073e-06
3.8147e-05
9.5367e-07
3.7909e-05
2.1458e-06
3.7909e-05
2.1458e-06
3.6001e-05
9.5367e-07
3.7193e-05
2.1458e-06
3.6955e-05
2.1458e-06
3.6955e-05
4.0531e-06
3.6955e-05
1.9073e-06
3.7193e-05
1.9073e-06
4.6015e-05
2.1458e-06
3.6955e-05
1.9073e-06
3.7193e-05
2.8610e-06
3.8147e-05
1.9073e-06
3.6955e-05
3.2902e-04
0.0000e+00
1.9073e-06
4.0054e-05
9.5367e-07
3.7193e-05
1.1921e-06
4.6015e-05
2.0003e-04
3.8862e-05
9.5367e-07
3.6001e-05
4.0531e-06
9.5367e-07
9.5367e-07
3.7193e-05
2.1458e-06
3.6955e-05
1.8001e-04
0.0000e+00
2.1458e-06
3.6955e-05
1.9073e-06
3.7193e-05
1.9073e-06
5.0068e-05
1.9073e-06
3.7193e-05
3.0994e-06
3.7909e-05
2.1458e-06
3.6001e-05
1.9073e-06
3.6001e-05
2.1458e-06
3.6001e-05
1.9073e-06
3.6001e-05
4.0531e-06
9.5367e-07
1.0967e-05
4.7922e-05
1.9073e-06
3.7193e-05
1.9073e-06
3.8147e-05
2.1458e-06
3.6955e-05
2.1458e-06
3.7909e-05
1.9073e-06
3.7193e-05
1.9073e-06
3.6955e-05
2.8396e-04
0.0000e+00
9.5367e-07
5.0068e-05
5.0068e-06
0.0000e+00
1.9073e-06
3.7193e-05
1.9073e-06
3.6001e-05
9.5367e-07
3.6001e-05
1.9073e-06
3.6001e-05
9.5367e-07
3.6001e-05
2.1458e-06
3.6001e-05
9.5367e-07
4.8161e-05
6.2943e-05
3.9101e-05
5.9605e-06
0.0000e+00
9.5367e-07
3.8147e-05
1.9073e-06
3.8147e-05
2.1458e-06
3.6955e-05
2.1458e-06
3.6001e-05
1.9073e-06
3.6001e-05
1.0395e-04
4.8876e-05
9.5367e-07
3.6955e-05
2.1458e-06
3.6955e-05
1.9073e-06
3.7193e-05
1.9073e-06
3.6955e-05
9.5367e-07
3.6001e-05
1.9073e-06
3.6001e-05
9.5367e-07
3.6001e-05
2.1458e-06
3.8862e-05
2.1458e-06
3.6955e-05
5.6028e-05
3.8147e-05
2.8133e-05
9.5367e-07
4.0531e-06
9.5367e-07
9.5367e-07
3.7909e-05
1.7691e-04
1.1921e-06
1.9073e-06
3.8147e-05
9.5367e-07
3.6955e-05
1.1921e-06
5.1022e-05
1.3590e-04
3.6955e-05
9.5367e-07
3.6001e-05
1.9073e-06
3.6001e-05
2.1458e-06
3.7909e-05
2.1458e-06
3.6001e-05
1.9073e-06
3.6955e-05
1.9073e-06
3.6001e-05
3.0994e-06
3.6955e-05
2.1458e-06
3.7909e-05
1.9073e-06
3.4809e-05
9.5367e-07
3.6955e-05
2.1195e-04
0.0000e+00
9.5367e-07
3.9101e-05
5.0068e-06
3.7909e-05
2.1458e-06
3.7909e-05
4.0531e-06
9.5367e-07
2.8610e-06
4.0054e-05
1.9073e-06
3.7909e-05
1.9073e-06
3.6001e-05
2.1458e-06
3.6955e-05
2.1458e-06
3.6001e-05
9.5367e-07
3.6001e-05
2.1458e-06
3.6955e-05
1.1921e-05
3.7909e-05
1.9073e-06
3.6001e-05
2.1458e-06
3.6001e-05
2.8610e-06
3.8147e-05
1.7881e-04
3.8862e-05
2.1458e-06
3.6955e-05
1.9073e-06
4.1008e-05
1.4591e-04
9.5367e-07
1.9073e-06
3.8147e-05
9.5367e-07
3.8147e-05
2.1458e-06
3.6955e-05
1.1921e-06
3.6955e-05
1.9073e-06
3.6955e-05
1.1921e-06
3.6955e-05
9.5367e-07
3.7193e-05
1.1921e-06
4.6015e-05
4.0531e-06
0.0000e+00
4.0531e-06
3.9101e-05
2.1458e-06
3.6955e-05
4.0531e-06
9.5367e-07
9.5367e-07
3.7909e-05
3.9196e-04
0.0000e+00
2.1458e-06
3.6955e-05
1.9073e-06
3.6001e-05
3.8147e-06
9.5367e-07
1.9073e-06
4.9114e-05
1.4901e-04
3.7909e-05
1.9073e-06
3.8147e-05
1.9073e-06
3.7193e-05
2.1458e-06
3.7909e-05
1.1921e-06
3.6955e-05
1.9073e-06
3.7193e-05
5.0068e-06
0.0000e+00
1.9073e-06
4.6968e-05
5.0068e-06
0.0000e+00
6.2943e-05
0.0000e+00
7.1526e-06
9.5367e-07
9.5367e-07
3.7193e-05
2.7418e-04
9.5367e-07
9.5367e-07
3.7193e-05
9.5367e-07
3.8147e-05
1.1921e-06
3.7909e-05
4.0531e-06
9.5367e-07
9.5367e-07
4.9114e-05
9.5367e-07
3.6955e-05
4.0531e-06
0.0000e+00
1.3900e-04
1.1921e-06
2.1458e-06
3.6955e-05
4.0531e-06
0.0000e+00
9.5367e-07
3.8147e-05
1.9073e-06
3.7909e-05
5.0068e-06
1.1921e-06
9.5367e-07
4.1008e-05
1.9073e-06
5.4121e-05
5.0068e-06
0.0000e+00
9.5367e-07
3.6955e-05
9.5367e-07
3.6001e-05
2.1458e-06
3.8147e-05
2.2984e-04
3.7193e-05
9.5367e-07
3.7909e-05
3.0994e-06
3.6955e-05
2.1458e-06
4.6968e-05
1.9073e-06
3.7193e-05
1.9073e-06
3.6001e-05
1.9073e-06
3.8147e-05
1.9073e-06
3.6955e-05
2.1601e-04
0.0000e+00
2.1458e-06
3.7909e-05
2.1458e-06
3.7909e-05
6.9141e-06
9.5367e-07
9.5367e-07
4.7922e-05
2.1458e-06
3.6001e-05
1.9073e-06
3.6001e-05
1.1921e-06
3.6955e-05
1.9073e-06
3.5763e-05
2.1458e-06
3.6955e-05
2.1458e-06
3.6955e-05
1.9073e-06
4.6968e-05
2.1458e-06
3.8862e-05
2.1458e-06
3.6955e-05
2.1458e-06
3.6955e-05
1.9073e-06
3.6955e-05
2.1458e-06
3.6955e-05
1.9073e-06
3.6001e-05
2.1458e-06
3.7909e-05
1.9073e-06
4.7922e-05
2.6488e-04
1.1921e-06
1.5974e-05
3.8862e-05
2.1458e-06
3.6955e-05
9.5367e-07
3.7193e-05
4.0531e-06
1.1921e-06
9.5367e-07
3.6955e-05
1.9073e-06
3.6001e-05
3.0994e-05
9.5367e-07
9.5367e-07
4.6968e-05
2.1458e-06
3.6955e-05
1.9073e-06
3.8147e-05
1.9073e-06
3.6955e-05
2.1458e-06
3.6001e-05
1.9073e-06
3.6955e-05
2.4414e-04
0.0000e+00
9.5367e-07
3.8147e-05
6.0081e-05
4.7922e-05
9.5367e-07
3.6955e-05
1.9073e-06
3.6001e-05
5.0068e-06
0.0000e+00
4.0531e-06
0.0000e+00
1.9073e-06
3.6955e-05
2.1458e-06
3.6001e-05
9.5367e-07
3.6001e-05
9.5367e-07
3.6001e-05
1.7810e-04
0.0000e+00
9.5367e-07
3.8862e-05
8.1062e-06
0.0000e+00
2.3007e-04
9.5367e-07
9.5367e-07
3.8147e-05
9.5367e-07
3.6001e-05
1.1921e-06
3.6001e-05
9.5367e-07
3.6955e-05
9.5367e-07
3.6955e-05
2.8610e-06
1.3113e-05
1.9073e-06
3.7909e-05
4.0531e-06
0.0000e+00
9.5367e-07
3.8147e-05
9.5367e-07
3.7909e-05
1.9813e-04
3.8147e-05
9.5367e-07
3.6001e-05
9.5367e-07
3.6001e-05
1.9073e-06
3.7193e-05
2.1458e-06
3.7909e-05
2.1458e-06
3.6955e-05
1.9073e-06
3.6955e-05
5.0068e-06
9.5367e-07
6.2943e-05
0.0000e+00
1.1921e-06
3.7909e-05
9.5367e-07
3.6001e-05
8.8215e-06
0.0000e+00
7.2002e-05
0.0000e+00
9.5367e-07
4.7922e-05
2.1458e-06
3.6955e-05
9.0599e-06
0.0000e+00
9.5367e-07
3.6955e-05
1.1921e-06
3.6955e-05
3.5691e-04
1.1921e-06
1.9073e-06
3.9101e-05
1.9073e-06
3.7909e-05
4.0531e-06
1.1921e-06
1.8120e-05
9.5367e-07
9.5367e-07
3.8862e-05
1.1921e-06
3.6955e-05
5.9605e-06
0.0000e+00
1.1921e-06
3.7909e-05
9.5367e-07
3.9101e-05
9.5367e-07
3.7193e-05
9.5367e-07
3.6955e-05
9.5367e-07
3.6955e-05
9.5367e-07
4.8161e-05
9.5367e-07
3.8147e-05
1.9073e-06
3.6955e-05
2.1291e-04
3.7909e-05
9.5367e-07
3.6955e-05
1.8191e-04
0.0000e+00
1.9073e-06
3.9101e-05
1.1921e-06
3.6001e-05
1.9073e-06
4.6968e-05
7.5102e-05
3.7909e-05
1.1921e-06
3.7909e-05
9.5367e-07
3.7193e-05
1.9073e-06
3.6955e-05
2.1458e-06
3.6955e-05
7.8678e-06
0.0000e+00
1.9073e-06
3.6955e-05
8.5115e-05
4.9114e-05
9.0599e-06
1.1921e-06
2.1458e-06
3.6955e-05
4.5061e-05
3.6955e-05
1.9073e-06
3.7193e-05
1.9073e-06
3.6955e-05
3.0994e-06
3.7909e-05
9.5367e-07
3.6001e-05
2.1458e-06
4.6015e-05
1.9073e-06
3.7193e-05
1.1921e-06
3.6955e-05
1.9073e-06
3.8147e-05
5.3883e-05
3.6001e-05
2.1458e-06
3.6001e-05
9.7990e-05
9.5367e-07
9.5367e-07
3.6955e-05
9.5367e-07
4.6968e-05
1.9073e-06
3.6001e-05
9.5367e-07
4.0054e-05
1.9073e-06
3.6955e-05
1.9073e-06
3.7193e-05
2.1458e-06
3.6955e-05
2.1458e-06
3.6955e-05
1.9073e-06
3.8147e-05
2.1458e-06
3.6001e-05
1.0300e-04
3.7909e-05
1.7405e-04
0.0000e+00
2.1458e-06
3.7909e-05
9.5367e-07
3.6001e-05
2.8610e-06
1.1921e-06
1.1921e-06
3.6955e-05
1.0014e-05
3.8147e-05
1.1206e-05
9.5367e-07
9.5367e-07
4.8161e-05
5.0068e-06
9.5367e-07
3.8147e-06
0.0000e+00
3.0994e-05
9.5367e-07
9.5367e-07
3.7193e-05
2.1458e-06
3.6001e-05
2.1458e-06
3.6955e-05
1.9073e-06
3.8147e-05
2.1458e-06
3.7909e-05
1.9073e-06
4.8876e-05
2.1458e-06
3.7909e-05
4.0531e-06
1.1921e-06
1.9073e-06
3.6955e-05
2.1458e-06
3.6001e-05
1.9073e-06
3.6001e-05
2.1458e-06
3.6001e-05
1.9073e-06
3.6001e-05
1.9073e-06
4.6968e-05
1.9073e-06
3.7193e-05
9.5367e-07
3.6001e-05
1.9073e-06
3.7193e-05
9.5367e-07
3.6955e-05
2.1458e-06
4.1008e-05
1.9073e-06
3.6001e-05
3.0994e-06
3.6001e-05
4.1103e-04
3.9101e-05
1.9073e-06
3.7193e-05
1.9073e-06
3.6955e-05
2.1458e-06
3.6001e-05
1.9073e-06
3.7193e-05
1.9073e-06
3.6955e-05
2.1458e-06
3.6955e-05
1.9073e-06
4.8161e-05
5.9605e-06
0.0000e+00
9.5367e-07
4.0054e-05
3.0994e-06
3.6001e-05
1.9073e-06
3.6955e-05
5.0068e-06
0.0000e+00
6.2943e-05
0.0000e+00
1.9073e-06
3.6001e-05
9.5367e-07
3.7193e-05
1.1921e-06
3.7909e-05
2.1458e-06
3.7909e-05
4.1294e-04
0.0000e+00
9.5367e-07
3.9101e-05
9.5367e-07
3.6955e-05
1.9073e-06
3.6955e-05
1.9073e-06
4.2200e-05
3.0994e-06
3.6955e-05
9.5367e-07
3.7193e-05
2.1458e-06
3.6955e-05
1.9073e-06
3.6001e-05
4.0531e-06
1.1921e-06
2.0099e-04
0.0000e+00
9.5367e-07
3.8147e-05
1.9073e-06
3.6955e-05
1.1921e-06
3.6955e-05
1.9073e-06
3.8862e-05
5.0068e-06
0.0000e+00
1.9073e-06
3.8147e-05
1.9073e-06
3.6001e-05
2.1458e-06
3.6955e-05
1.0800e-04
0.0000e+00
2.1458e-06
4.1962e-05
3.8147e-06
9.5367e-07
9.5367e-07
3.9101e-05
2.5320e-04
9.5367e-07
9.5367e-07
3.9101e-05
9.5367e-07
4.8161e-05
9.5367e-07
3.7193e-05
9.5367e-07
3.6955e-05
2.1458e-06
3.6001e-05
9.5367e-07
3.6001e-05
9.5367e-07
3.7193e-05
9.5367e-07
3.7909e-05
4.0531e-06
0.0000e+00
2.0814e-04
9.5367e-07
1.9073e-06
3.9101e-05
3.0994e-06
9.5367e-07
1.9073e-06
3.8147e-05
1.9073e-06
3.7193e-05
7.9870e-05
0.0000e+00
9.5367e-07
3.9101e-05
3.8147e-06
0.0000e+00
1.2589e-04
9.5367e-07
4.0531e-06
0.0000e+00
1.1921e-06
3.8862e-05
9.5367e-07
3.7909e-05
5.9605e-06
0.0000e+00
9.5367e-07
3.7909e-05
3.4714e-04
0.0000e+00
1.9073e-06
3.7909e-05
9.5367e-07
3.8147e-05
1.9073e-06
3.6955e-05
1.1921e-06
3.7909e-05
4.0531e-06
0.0000e+00
1.9073e-06
4.8161e-05
5.0068e-06
0.0000e+00
1.9073e-06
3.6955e-05
2.1458e-06
3.6001e-05
1.3089e-04
0.0000e+00
1.9073e-06
3.7909e-05
2.1458e-06
3.6955e-05
1.9073e-06
3.6955e-05
1.9073e-06
5.1975e-05
2.1458e-06
3.6955e-05
1.9073e-06
3.8147e-05
1.9073e-06
3.6001e-05
9.5367e-07
3.8147e-05
1.9073e-06
4.0054e-05
2.1458e-06
3.6955e-05
1.7405e-04
0.0000e+00
9.5367e-07
3.9101e-05
3.8147e-06
0.0000e+00
5.9605e-06
0.0000e+00
9.5367e-07
3.9101e-05
9.5367e-07
3.6955e-05
2.1458e-06
3.7909e-05
2.1458e-06
3.6955e-05
5.0068e-06
0.0000e+00
2.0003e-04
9.5367e-07
9.5367e-07
3.6955e-05
1.9073e-06
4.7922e-05
2.1458e-06
3.6955e-05
9.5367e-07
3.6001e-05
2.1458e-06
3.8862e-05
2.1458e-06
3.6955e-05
1.9073e-06
3.9101e-05
1.9073e-06
3.7909e-05
1.9073e-06
3.7193e-05
1.9073e-06
3.7909e-05
2.1458e-06
3.6955e-05
1.1921e-06
3.6955e-05
1.9073e-06
3.6955e-05
2.1458e-06
3.6001e-05
4.1890e-04
3.9101e-05
1.9073e-06
4.1008e-05
8.8215e-06
0.0000e+00
9.5367e-07
4.7922e-05
2.1458e-06
3.6955e-05
1.0395e-04
0.0000e+00
1.9073e-06
3.8147e-05
9.5367e-07
3.6955e-05
9.5367e-07
3.6001e-05
9.5367e-07
3.6001e-05
1.9073e-06
3.8147e-05
9.5367e-07
4.7922e-05
2.1458e-06
3.6955e-05
1.9073e-06
3.6955e-05
1.9073e-06
3.7909e-05
9.5367e-07
3.6001e-05
1.9073e-06
3.6001e-05
1.9073e-06
3.6955e-05
1.9073e-06
3.6001e-05
2.1458e-06
3.7909e-05
8.1062e-06
0.0000e+00
1.9073e-06
3.8147e-05
1.9073e-06
3.6955e-05
2.3127e-05
3.7909e-05
1.1921e-06
3.7909e-05
2.4700e-04
3.8147e-05
1.9073e-06
3.6955e-05
4.0531e-06
0.0000e+00
1.9073e-06
3.7909e-05
5.0068e-06
0.0000e+00
9.5367e-07
3.7193e-05
2.1458e-06
3.6955e-05
1.9503e-04
4.1008e-05
3.0994e-06
3.7909e-05
1.9073e-06
3.7909e-05
1.9073e-06
4.7922e-05
1.9073e-06
3.6955e-05
5.0068e-06
0.0000e+00
9.5367e-07
3.7193e-05
8.8215e-06
0.0000e+00
9.5367e-07
3.6955e-05
9.5367e-07
3.6001e-05
1.3113e-04
3.8147e-05
2.1458e-06
3.7909e-05
2.1458e-06
4.6015e-05
2.1458e-06
3.6001e-05
9.5367e-07
3.6955e-05
7.0810e-05
9.5367e-07
1.9073e-06
3.9101e-05
9.5367e-07
3.8147e-05
4.0531e-06
1.1921e-06
1.9073e-06
3.8862e-05
2.1458e-06
3.6955e-05
2.1458e-06
3.6955e-05
2.1458e-06
3.6001e-05
9.5367e-07
3.6001e-05
8.1062e-06
0.0000e+00
1.9073e-06
3.7193e-05
1.9073e-06
3.7909e-05
2.1458e-06
3.6955e-05
1.9073e-06
3.6001e-05
3.0994e-06
3.9816e-05
1.1921e-06
3.6955e-05
1.9073e-06
3.6001e-05
2.1458e-06
3.6001e-05
1.9073e-06
3.6001e-05
1.9073e-06
3.6001e-05
3.5000e-04
3.6001e-05
1.1516e-04
4.7922e-05
9.5367e-07
3.6955e-05
1.2183e-04
9.5367e-07
1.9073e-06
3.8147e-05
1.1921e-06
3.7909e-05
9.5367e-07
3.6001e-05
2.1458e-06
3.6001e-05
9.5367e-07
3.6955e-05
2.3413e-04
9.5367e-07
1.0967e-05
5.0068e-05
2.1458e-06
3.7909e-05
1.9073e-06
3.7193e-05
1.9073e-06
3.7909e-05
2.1458e-06
3.8862e-05
7.0095e-05
9.5367e-07
1.1921e-06
3.8862e-05
4.0531e-06
9.5367e-07
1.1921e-06
3.6955e-05
1.9073e-06
3.8147e-05
9.5367e-07
3.6001e-05
9.5367e-07
3.6001e-05
2.1458e-06
3.6001e-05
1.9073e-06
3.6955e-05
2.1458e-06
3.7909e-05
1.9073e-06
3.9101e-05
1.3900e-04
0.0000e+00
7.5380e-02
