2.6860e-03
4.8399e-04
1.9073e-06
2.9087e-05
3.9816e-05
1.1921e-06
2.2888e-05
8.1062e-06
0.0000e+00
1.3113e-04
0.0000e+00
9.5367e-07
2.4080e-05
9.5367e-07
2.4080e-05
9.5367e-07
2.2888e-05
9.7013e-04
0.0000e+00
4.5002e-03
9.5367e-07
1.1342e-03
9.5367e-07
9.5367e-07
3.2187e-05
9.5367e-07
2.4080e-05
9.5367e-07
2.2888e-05
0.0000e+00
2.1935e-05
9.5367e-07
2.2173e-05
9.5367e-07
2.1935e-05
1.7500e-04
0.0000e+00
5.1022e-05
3.3140e-05
1.2875e-05
2.3127e-05
3.0088e-04
2.3127e-05
3.0994e-06
2.0981e-05
9.0599e-06
9.5367e-07
5.0068e-05
2.1935e-05
1.0014e-04
0.0000e+00
1.9073e-06
0.0000e+00
3.1948e-05
2.2888e-05
1.1921e-06
2.1935e-05
9.5367e-07
2.2888e-05
0.0000e+00
2.1935e-05
5.0068e-06
0.0000e+00
3.8147e-05
9.5367e-07
4.2915e-05
9.5367e-07
2.3127e-05
2.1935e-05
2.2173e-05
2.4080e-05
4.8804e-04
2.1935e-05
1.9073e-06
2.1219e-05
2.1458e-06
2.2888e-05
2.2173e-05
2.1935e-05
2.0981e-05
2.3127e-05
2.8610e-06
9.5367e-07
3.2187e-05
2.1935e-05
3.1948e-05
2.0981e-05
2.2602e-04
0.0000e+00
9.5367e-07
2.1935e-05
0.0000e+00
2.8849e-05
1.1921e-06
2.4796e-05
9.5367e-07
2.1935e-05
2.0695e-04
2.1935e-05
2.1458e-06
2.0981e-05
9.5367e-07
2.1219e-05
9.5367e-07
2.0981e-05
0.0000e+00
2.0981e-05
9.5367e-07
2.1935e-05
9.5367e-07
2.0981e-05
9.5367e-07
2.0981e-05
5.0068e-06
2.2173e-05
9.5367e-07
2.0981e-05
3.0994e-06
2.1935e-05
5.0807e-04
0.0000e+00
2.8610e-06
0.0000e+00
8.8215e-06
0.0000e+00
1.9073e-05
3.1948e-05
1.1921e-06
2.1935e-05
2.3198e-04
0.0000e+00
9.5367e-07
2.2173e-05
9.5367e-07
2.0981e-05
0.0000e+00
2.0981e-05
1.1921e-06
2.0981e-05
0.0000e+00
2.0981e-05
9.5367e-07
2.9087e-05
1.9073e-06
2.1935e-05
1.9073e-06
2.1219e-05
2.8610e-06
2.1935e-05
2.1458e-06
2.0981e-05
9.5367e-07
2.0981e-05
2.1458e-06
2.1935e-05
1.6308e-04
2.7895e-05
3.0994e-06
0.0000e+00
1.6928e-05
2.2888e-05
3.9411e-04
2.0981e-05
9.5367e-07
2.1935e-05
9.5367e-07
2.1935e-05
9.5367e-07
2.2173e-05
9.5367e-07
2.0981e-05
9.5367e-07
2.9087e-05
3.0994e-06
0.0000e+00
4.0531e-06
2.2888e-05
9.5367e-07
2.0981e-05
9.5367e-07
2.0981e-05
1.8716e-04
2.0981e-05
9.5367e-07
2.0981e-05
0.0000e+00
2.0981e-05
9.5367e-07
2.9087e-05
9.5367e-07
2.3127e-05
3.8147e-06
2.0981e-05
4.8590e-04
2.2173e-05
9.5367e-07
2.0981e-05
9.5367e-07
2.2173e-05
2.4199e-04
0.0000e+00
0.0000e+00
2.2173e-05
3.0994e-06
0.0000e+00
0.0000e+00
3.0041e-05
1.9217e-04
0.0000e+00
9.5367e-07
2.2888e-05
1.1921e-06
2.0981e-05
1.9073e-06
0.0000e+00
0.0000e+00
2.0981e-05
1.0896e-04
2.1935e-05
4.0531e-06
0.0000e+00
2.8133e-05
2.1935e-05
1.8811e-04
3.0041e-05
1.9073e-06
2.1935e-05
3.0994e-06
9.5367e-07
1.0967e-05
2.2173e-05
9.5367e-07
2.0981e-05
1.1921e-06
2.0981e-05
9.5367e-07
2.0981e-05
9.5367e-07
2.0981e-05
3.4308e-04
0.0000e+00
9.5367e-07
2.3127e-05
9.5367e-07
2.1935e-05
0.0000e+00
2.0981e-05
0.0000e+00
2.1935e-05
9.8944e-05
1.1921e-06
9.5367e-07
2.1935e-05
0.0000e+00
2.0981e-05
1.1921e-06
2.0981e-05
4.0531e-06
2.1935e-05
2.1458e-06
2.0981e-05
9.5367e-07
2.1219e-05
1.9073e-06
2.0981e-05
1.3018e-04
2.1935e-05
1.0967e-05
2.0981e-05
3.0994e-06
2.1935e-05
4.0412e-04
3.0041e-05
1.9789e-05
1.1921e-06
5.9605e-06
2.2888e-05
4.1008e-05
0.0000e+00
4.6015e-05
9.5367e-07
9.5367e-07
2.1935e-05
4.0531e-06
2.1935e-05
6.1035e-05
2.1935e-05
2.1458e-06
2.0981e-05
0.0000e+00
2.1219e-05
3.0994e-06
2.2888e-05
3.6907e-04
0.0000e+00
0.0000e+00
2.2173e-05
9.5367e-07
2.1935e-05
0.0000e+00
2.1935e-05
0.0000e+00
2.0981e-05
0.0000e+00
2.0981e-05
0.0000e+00
2.0981e-05
1.2279e-04
1.1921e-06
2.1935e-05
2.2888e-05
1.1921e-06
2.0981e-05
9.8944e-05
9.5367e-07
9.6083e-05
0.0000e+00
2.1458e-06
0.0000e+00
0.0000e+00
2.3127e-05
9.5367e-07
2.0981e-05
0.0000e+00
2.1935e-05
1.0610e-04
0.0000e+00
9.5367e-07
2.2888e-05
2.7108e-04
9.5367e-07
9.5367e-07
2.2173e-05
9.5367e-07
2.1935e-05
1.4305e-04
0.0000e+00
9.5367e-07
2.2173e-05
9.5367e-07
2.1935e-05
9.5367e-07
2.2173e-05
9.5367e-07
2.1935e-05
9.5367e-07
2.2888e-05
5.9605e-06
0.0000e+00
9.5367e-07
2.1935e-05
1.1921e-06
2.0981e-05
1.9073e-06
0.0000e+00
2.1935e-05
2.2888e-05
9.5367e-07
2.2173e-05
2.8610e-06
0.0000e+00
2.6941e-05
2.1935e-05
1.1921e-06
2.2888e-05
8.9192e-04
1.1921e-06
2.0981e-05
2.1935e-05
9.5367e-07
2.0981e-05
9.5367e-07
2.0981e-05
3.8147e-06
2.3127e-05
9.5367e-07
2.0981e-05
1.0014e-05
0.0000e+00
1.1921e-05
2.8849e-05
1.9908e-04
2.2173e-05
9.5367e-07
2.0981e-05
9.5367e-07
2.0981e-05
0.0000e+00
2.0981e-05
9.5367e-07
2.0981e-05
0.0000e+00
2.0981e-05
9.5367e-07
2.0981e-05
9.5367e-07
2.8849e-05
4.5061e-05
2.1935e-05
2.7609e-04
2.1935e-05
1.0014e-05
2.0981e-05
2.1458e-06
2.0981e-05
1.9073e-06
2.1219e-05
9.5367e-07
2.1935e-05
9.5367e-07
2.7180e-05
1.9073e-06
2.1935e-05
2.0599e-04
2.1935e-05
9.5367e-07
2.2173e-05
9.5367e-07
2.1935e-05
3.5048e-05
2.1935e-05
2.1458e-06
2.1935e-05
2.0981e-05
2.0981e-05
1.1921e-06
3.0994e-05
9.5367e-07
2.1935e-05
2.1458e-06
2.0981e-05
2.1458e-06
2.1935e-05
1.9073e-06
2.0981e-05
9.5367e-07
2.0981e-05
2.0695e-04
2.0981e-05
2.8610e-06
2.1935e-05
1.9073e-06
2.2888e-05
1.1921e-06
2.1935e-05
4.2295e-04
0.0000e+00
0.0000e+00
2.2888e-05
9.5367e-07
2.0981e-05
2.1458e-06
0.0000e+00
9.5367e-07
2.0981e-05
1.0991e-04
2.1935e-05
1.0610e-04
9.5367e-07
0.0000e+00
2.2888e-05
1.1921e-06
2.1935e-05
9.5367e-07
2.0981e-05
9.5367e-07
2.2173e-05
9.5367e-07
2.0981e-05
4.4107e-05
0.0000e+00
0.0000e+00
2.0981e-05
0.0000e+00
2.0981e-05
9.5367e-07
2.9087e-05
4.2582e-04
2.1935e-05
1.0014e-05
2.1935e-05
0.0000e+00
2.0981e-05
9.5367e-07
2.0981e-05
6.1035e-05
2.0981e-05
9.5367e-07
1.9789e-05
9.5367e-07
2.0981e-05
7.1049e-05
2.3127e-05
1.3185e-04
2.1219e-05
1.9073e-06
2.0981e-05
1.0014e-05
2.1935e-05
1.0967e-05
2.2888e-05
7.5102e-05
0.0000e+00
9.5367e-07
2.2173e-05
0.0000e+00
2.0981e-05
9.5367e-07
2.1935e-05
1.2207e-04
2.0981e-05
9.5367e-07
2.0981e-05
9.5367e-07
2.0981e-05
1.0967e-05
2.0981e-05
9.5367e-07
2.1935e-05
9.5367e-07
2.1935e-05
1.1921e-06
2.7895e-05
1.6809e-04
2.1935e-05
9.5367e-07
2.0981e-05
1.9073e-06
2.0981e-05
1.4710e-04
9.5367e-07
2.9087e-05
2.0981e-05
1.9073e-06
2.3842e-05
1.1396e-04
2.2173e-05
1.9073e-06
2.0981e-05
9.5367e-07
2.1935e-05
1.1921e-06
2.0981e-05
9.5367e-07
2.0981e-05
9.5367e-07
2.1219e-05
9.5367e-07
2.0981e-05
9.5367e-07
2.0981e-05
0.0000e+00
2.0981e-05
9.5367e-07
3.3140e-05
3.2902e-04
0.0000e+00
0.0000e+00
2.1935e-05
7.8201e-05
2.0981e-05
2.0981e-05
2.0981e-05
9.0599e-06
2.1935e-05
1.9073e-06
2.3842e-05
6.3896e-05
0.0000e+00
0.0000e+00
2.2173e-05
9.5367e-07
2.2173e-05
9.5367e-07
2.0981e-05
3.0994e-06
2.0981e-05
2.6703e-04
2.2173e-05
1.1921e-06
2.0981e-05
1.0014e-05
2.1935e-05
1.1015e-04
2.0981e-05
5.6982e-05
2.9087e-05
9.5367e-07
2.1935e-05
5.0068e-06
0.0000e+00
2.2101e-04
0.0000e+00
1.9073e-06
0.0000e+00
0.0000e+00
2.2888e-05
3.0994e-06
0.0000e+00
0.0000e+00
2.0981e-05
1.5783e-04
2.2173e-05
9.5367e-07
2.1935e-05
0.0000e+00
2.9802e-05
9.5367e-07
2.0981e-05
5.9605e-06
1.1921e-06
3.8147e-06
0.0000e+00
3.3283e-04
0.0000e+00
5.7936e-05
9.5367e-07
1.9073e-06
0.0000e+00
9.5367e-07
2.1935e-05
0.0000e+00
2.0981e-05
0.0000e+00
2.1935e-05
9.5367e-07
2.9087e-05
1.9073e-06
2.5034e-05
2.7394e-04
1.1921e-06
1.9073e-06
0.0000e+00
9.5367e-07
2.3127e-05
1.1802e-04
0.0000e+00
0.0000e+00
2.0981e-05
0.0000e+00
2.0981e-05
9.5367e-07
2.1935e-05
9.5367e-07
3.0994e-05
2.1458e-06
2.0981e-05
3.0994e-04
0.0000e+00
2.0981e-05
2.1935e-05
4.9114e-05
2.2888e-05
1.9073e-06
2.2173e-05
9.5367e-07
2.0981e-05
7.6056e-05
2.1935e-05
9.5367e-07
3.0041e-05
2.1458e-06
2.1935e-05
1.9073e-06
0.0000e+00
1.2875e-05
2.1935e-05
1.3828e-05
2.2173e-05
1.9073e-06
2.1935e-05
2.7299e-04
2.0981e-05
9.5367e-07
2.0981e-05
0.0000e+00
2.7895e-05
9.5367e-07
2.1935e-05
8.8930e-05
9.5367e-07
1.1921e-06
2.0981e-05
6.4135e-05
2.4796e-05
1.0014e-05
2.2173e-05
1.8883e-04
9.5367e-07
2.1458e-06
0.0000e+00
9.5367e-07
2.3127e-05
9.5367e-07
3.0041e-05
9.5367e-07
2.2888e-05
1.1921e-06
2.0981e-05
3.4094e-05
9.5367e-07
9.5367e-07
2.1935e-05
9.5367e-07
2.2173e-05
9.5367e-07
2.1935e-05
3.9101e-05
2.0981e-05
9.5367e-07
2.1935e-05
2.8610e-06
0.0000e+00
5.4216e-04
0.0000e+00
0.0000e+00
2.3127e-05
9.5367e-07
2.1935e-05
4.4107e-05
2.1935e-05
1.9073e-06
2.0981e-05
9.5367e-07
2.0981e-05
9.5367e-07
2.0981e-05
9.5367e-07
3.0041e-05
1.1086e-04
2.0981e-05
1.1921e-06
2.0981e-05
0.0000e+00
2.0981e-05
1.3995e-04
0.0000e+00
2.0981e-05
2.1935e-05
5.0068e-06
2.1935e-05
5.6028e-05
0.0000e+00
0.0000e+00
2.1935e-05
1.1921e-06
2.2888e-05
4.1962e-05
2.1935e-05
1.9598e-04
2.0981e-05
9.0599e-06
2.0981e-05
3.0994e-06
2.1935e-05
7.1049e-05
2.1935e-05
1.0014e-05
2.0981e-05
6.8188e-05
9.5367e-07
0.0000e+00
3.0041e-05
7.0095e-05
2.2888e-05
3.0994e-06
9.5367e-07
2.5988e-05
2.1935e-05
9.5367e-07
2.0981e-05
7.5817e-05
2.0981e-05
9.5367e-07
2.0981e-05
3.0994e-06
2.1935e-05
9.0599e-06
0.0000e+00
8.1062e-06
2.2888e-05
2.9612e-04
2.3127e-05
2.8610e-06
0.0000e+00
2.9087e-05
9.5367e-07
2.3127e-05
0.0000e+00
2.0027e-05
2.1935e-05
2.0909e-04
9.5367e-07
9.5367e-07
2.1935e-05
0.0000e+00
2.1935e-05
9.5367e-07
3.0041e-05
9.5367e-07
2.1935e-05
2.1458e-06
0.0000e+00
0.0000e+00
2.0981e-05
9.5367e-07
2.1935e-05
1.8120e-05
0.0000e+00
0.0000e+00
2.0981e-05
4.2200e-04
1.1921e-06
9.5367e-07
2.1935e-05
0.0000e+00
2.9087e-05
1.0896e-04
0.0000e+00
1.1921e-06
2.1935e-05
0.0000e+00
2.0981e-05
1.1921e-06
2.0981e-05
0.0000e+00
2.0981e-05
9.5367e-07
2.0981e-05
9.5367e-07
2.1219e-05
5.9605e-06
2.7895e-05
1.8692e-04
0.0000e+00
2.1458e-06
2.1935e-05
1.1921e-05
2.0981e-05
2.8491e-04
0.0000e+00
9.7752e-06
2.1935e-05
9.5367e-07
2.2173e-05
0.0000e+00
2.0981e-05
8.1062e-06
2.1935e-05
9.5367e-07
3.0041e-05
9.4175e-05
0.0000e+00
0.0000e+00
2.2888e-05
4.0531e-06
2.0981e-05
1.9073e-06
2.1935e-05
9.5367e-07
2.2173e-05
9.5367e-07
2.0981e-05
3.8099e-04
2.2173e-05
1.9073e-06
3.0041e-05
1.9073e-06
2.1935e-05
1.1921e-06
2.1935e-05
9.5367e-07
2.0981e-05
1.2207e-04
0.0000e+00
9.5367e-07
2.2173e-05
5.1022e-05
2.0981e-05
6.9141e-06
2.2173e-05
2.0027e-05
2.6941e-05
9.5367e-07
2.2173e-05
9.5367e-07
2.0981e-05
2.8205e-04
2.0981e-05
9.5367e-07
2.1935e-05
3.6001e-05
2.0981e-05
1.1921e-06
2.3842e-05
1.1921e-06
2.0981e-05
5.1022e-05
3.0041e-05
9.5367e-07
2.1935e-05
9.5367e-07
2.2173e-05
0.0000e+00
2.0981e-05
1.4615e-04
2.1935e-05
5.6982e-05
2.1935e-05
1.5211e-04
9.5367e-07
9.5367e-07
2.1935e-05
3.0994e-06
0.0000e+00
9.5367e-07
2.2888e-05
9.5367e-07
2.0981e-05
0.0000e+00
2.1935e-05
2.1458e-06
0.0000e+00
1.4067e-05
2.1935e-05
8.7023e-05
2.0981e-05
7.7963e-05
9.5367e-07
2.8610e-06
0.0000e+00
1.9073e-06
0.0000e+00
4.0531e-06
3.0994e-05
9.5367e-07
2.2888e-05
9.5367e-07
2.2173e-05
9.5367e-07
2.1935e-05
4.3893e-04
2.2173e-05
1.1921e-05
9.5367e-07
1.1301e-04
0.0000e+00
2.1458e-06
9.5367e-07
6.9141e-06
0.0000e+00
2.0027e-05
2.1935e-05
9.5367e-07
3.0041e-05
1.1921e-06
2.1935e-05
5.0068e-06
9.5367e-07
2.7299e-04
9.5367e-07
9.5367e-07
2.2173e-05
2.8610e-06
0.0000e+00
6.8903e-05
0.0000e+00
9.5367e-07
2.2173e-05
9.5367e-07
2.1935e-05
2.3913e-04
2.1935e-05
1.1921e-06
2.1935e-05
9.5367e-07
2.2173e-05
5.0068e-06
2.1935e-05
4.0531e-06
0.0000e+00
1.9073e-05
2.1935e-05
9.5367e-07
2.0981e-05
2.1100e-04
2.2888e-05
6.1035e-05
9.5367e-07
9.5367e-07
3.0994e-05
9.5367e-07
2.2173e-05
9.5367e-07
2.0981e-05
9.6083e-05
2.1935e-05
1.3900e-04
2.1219e-05
9.5367e-07
2.0981e-05
1.1921e-06
2.0981e-05
9.5367e-07
2.1935e-05
1.1921e-06
2.1935e-05
9.5367e-07
2.0981e-05
0.0000e+00
2.0981e-05
5.9605e-06
2.1935e-05
4.0531e-06
2.0981e-05
2.1458e-06
2.0981e-05
9.5367e-07
2.0981e-05
9.5367e-07
2.7895e-05
3.7813e-04
9.5367e-07
1.9073e-06
0.0000e+00
0.0000e+00
2.2888e-05
7.4148e-05
0.0000e+00
1.5020e-05
2.2888e-05
5.0068e-06
2.2173e-05
1.8692e-04
2.1935e-05
2.1458e-06
2.1935e-05
9.5367e-07
2.0981e-05
4.0054e-05
2.2888e-05
9.5367e-07
2.0981e-05
0.0000e+00
2.0981e-05
8.1062e-06
0.0000e+00
2.2173e-05
0.0000e+00
2.0027e-05
2.2888e-05
1.4997e-04
2.1935e-05
9.5367e-07
2.2173e-05
5.2214e-05
0.0000e+00
0.0000e+00
2.1935e-05
1.2898e-04
2.1935e-05
9.0599e-06
2.1935e-05
1.5116e-04
2.0981e-05
2.1458e-06
2.1935e-05
9.5367e-07
2.1935e-05
1.1921e-06
2.1935e-05
9.5367e-07
3.0994e-05
5.0068e-06
0.0000e+00
6.9141e-06
0.0000e+00
5.0068e-06
2.2173e-05
9.5367e-07
2.0981e-05
5.0068e-06
2.1935e-05
1.1921e-06
2.0981e-05
9.5367e-07
2.0981e-05
3.9792e-04
0.0000e+00
2.0027e-05
3.0994e-05
1.9073e-06
2.3127e-05
9.5367e-07
2.0981e-05
3.6001e-05
2.2173e-05
8.8215e-06
2.2173e-05
1.8001e-04
9.5367e-07
2.1935e-05
2.2173e-05
9.5367e-07
2.1935e-05
9.5367e-07
2.2173e-05
2.0790e-04
2.1935e-05
4.0531e-06
9.5367e-07
9.5367e-07
2.0981e-05
9.5367e-07
2.1935e-05
1.0014e-05
2.1935e-05
8.6069e-05
0.0000e+00
9.5367e-07
2.2888e-05
0.0000e+00
2.0981e-05
1.5020e-05
3.0994e-05
9.5367e-07
2.1935e-05
4.0531e-06
2.1935e-05
1.1921e-06
2.0981e-05
1.9073e-06
2.1219e-05
1.5402e-04
2.2173e-05
7.8678e-06
2.0981e-05
2.1458e-06
2.1935e-05
1.2875e-05
2.3127e-05
2.3580e-04
2.5034e-05
2.1458e-06
2.0981e-05
2.6011e-04
0.0000e+00
0.0000e+00
2.1935e-05
9.5367e-07
2.1219e-05
3.8147e-06
0.0000e+00
9.5367e-07
2.0981e-05
0.0000e+00
2.9087e-05
4.0531e-06
2.2173e-05
0.0000e+00
2.0981e-05
4.0531e-06
2.1935e-05
1.9073e-06
2.0981e-05
6.4850e-05
2.2173e-05
7.7963e-05
2.1935e-05
1.9073e-06
2.0981e-05
2.0695e-04
2.3127e-05
3.8147e-06
2.0981e-05
2.2602e-04
2.0981e-05
9.5367e-07
2.0981e-05
1.1921e-06
2.0981e-05
9.5367e-07
2.0981e-05
1.3113e-05
2.1935e-05
1.8620e-04
2.9802e-05
9.5367e-07
2.1935e-05
9.2983e-05
0.0000e+00
1.1921e-06
2.1935e-05
1.9073e-06
0.0000e+00
0.0000e+00
2.1935e-05
0.0000e+00
2.0981e-05
1.1921e-06
2.0981e-05
1.9073e-06
2.0981e-05
7.4863e-05
3.1948e-05
9.5367e-07
2.2173e-05
2.2888e-05
2.0981e-05
9.5367e-07
2.0981e-05
9.5367e-07
2.2173e-05
3.3498e-04
9.5367e-07
9.5367e-07
2.1935e-05
9.5367e-07
2.1935e-05
3.0994e-06
0.0000e+00
0.0000e+00
2.2173e-05
9.5367e-07
2.1935e-05
6.7949e-05
2.2173e-05
1.9073e-06
2.1935e-05
1.1921e-06
2.1935e-05
9.5367e-07
2.1935e-05
1.3018e-04
2.3842e-05
7.2002e-05
3.0041e-05
1.1921e-06
2.1935e-05
0.0000e+00
2.0981e-05
2.4199e-04
2.2173e-05
1.9073e-06
2.1935e-05
9.5367e-07
2.0981e-05
9.5367e-07
2.0981e-05
5.8174e-05
9.5367e-07
2.0981e-05
3.0994e-05
5.0068e-06
9.5367e-07
1.0967e-05
0.0000e+00
1.8835e-05
2.2173e-05
7.7009e-05
2.1935e-05
2.9397e-04
0.0000e+00
9.5367e-07
2.3127e-05
9.5367e-07
2.1935e-05
1.1921e-06
2.0981e-05
1.6928e-05
3.0041e-05
1.9073e-06
2.3127e-05
9.5367e-07
2.0981e-05
2.1458e-06
2.0981e-05
0.0000e+00
2.0981e-05
3.0994e-06
9.5367e-07
3.0303e-04
9.5367e-07
9.5367e-07
2.2173e-05
1.6999e-04
9.5367e-07
2.8610e-06
0.0000e+00
9.5367e-07
3.0041e-05
9.5367e-07
2.1935e-05
9.5367e-07
2.5034e-05
9.5367e-07
2.2173e-05
9.5367e-07
2.1935e-05
9.5367e-07
2.0981e-05
9.8944e-05
1.1921e-06
9.5367e-07
2.1935e-05
2.0409e-04
3.0994e-05
5.0068e-05
0.0000e+00
9.5367e-07
2.1935e-05
4.0531e-06
9.5367e-07
1.1921e-06
2.0981e-05
1.9073e-06
0.0000e+00
7.7009e-05
0.0000e+00
0.0000e+00
2.2173e-05
3.5906e-04
0.0000e+00
0.0000e+00
2.1935e-05
0.0000e+00
3.0041e-05
9.5367e-07
2.2173e-05
9.5367e-07
2.1935e-05
3.6001e-05
2.2173e-05
9.5367e-07
2.0981e-05
9.5367e-07
2.0981e-05
1.2803e-04
9.5367e-07
1.0014e-05
2.2173e-05
1.3828e-05
2.6941e-05
5.0068e-06
2.2888e-05
9.5367e-07
2.2173e-05
1.7881e-05
2.0981e-05
9.5367e-07
2.1935e-05
9.5367e-07
2.0981e-05
2.8300e-04
0.0000e+00
2.0981e-05
2.2888e-05
3.0994e-06
2.9087e-05
2.8610e-06
2.3127e-05
9.5367e-07
2.0981e-05
9.5367e-07
2.2173e-05
9.5367e-07
2.1935e-05
9.5367e-07
2.2173e-05
1.1921e-06
2.0981e-05
9.5367e-07
2.1935e-05
2.9802e-04
0.0000e+00
3.0994e-05
9.5367e-07
9.5367e-07
2.3127e-05
0.0000e+00
2.0981e-05
1.9813e-04
2.1935e-05
5.6028e-05
2.1935e-05
1.4067e-05
2.1935e-05
3.0994e-06
2.2888e-05
1.1921e-06
2.1935e-05
2.1458e-06
2.2888e-05
1.1921e-06
2.0981e-05
1.1086e-04
2.2173e-05
0.0000e+00
2.0981e-05
1.0014e-05
2.2173e-05
2.8610e-06
0.0000e+00
1.9073e-05
2.0981e-05
1.1921e-06
2.0981e-05
3.0994e-06
2.1935e-05
9.5367e-07
2.2173e-05
9.5367e-07
2.0981e-05
9.5367e-07
2.0981e-05
3.0994e-06
9.5367e-07
5.0068e-06
2.1935e-05
1.1921e-06
2.1935e-05
5.7793e-04
0.0000e+00
9.5367e-07
2.1935e-05
1.3304e-04
2.2888e-05
1.9073e-06
2.0981e-05
9.5367e-07
2.1935e-05
9.5367e-07
2.1219e-05
1.1921e-06
2.0981e-05
9.5367e-07
2.0981e-05
3.0994e-06
0.0000e+00
9.5367e-07
2.2173e-05
1.9073e-06
2.3127e-05
2.6488e-04
2.1935e-05
2.1458e-06
2.0981e-05
0.0000e+00
2.1219e-05
0.0000e+00
2.4080e-05
9.5844e-05
2.0981e-05
1.9073e-06
2.0981e-05
2.1458e-06
3.0041e-05
2.0719e-04
0.0000e+00
0.0000e+00
2.2173e-05
0.0000e+00
2.0981e-05
1.6308e-04
2.0981e-05
9.5367e-07
2.0981e-05
1.6499e-04
9.5367e-07
9.5367e-07
2.1935e-05
9.5367e-07
2.2173e-05
9.5367e-07
2.3127e-05
2.8610e-06
2.1935e-05
5.4121e-05
2.1935e-05
2.1458e-06
2.1935e-05
1.6928e-05
2.2173e-05
7.1049e-05
2.0981e-05
8.1062e-06
2.0981e-05
9.5367e-07
2.9087e-05
2.0027e-05
2.2888e-05
9.5367e-07
2.0981e-05
9.5367e-07
2.2173e-05
9.5367e-07
2.0981e-05
2.1458e-06
2.0981e-05
1.9073e-06
2.0981e-05
2.2006e-04
2.0981e-05
8.1062e-06
2.8133e-05
1.2183e-04
9.5367e-07
2.7180e-05
2.1935e-05
1.5497e-04
0.0000e+00
0.0000e+00
2.1935e-05
1.2493e-04
1.1921e-06
9.5367e-07
2.2888e-05
9.0599e-06
0.0000e+00
1.4067e-05
0.0000e+00
2.1458e-06
0.0000e+00
3.8147e-06
2.1935e-05
2.1458e-06
2.2888e-05
1.1611e-04
2.0981e-05
1.9073e-06
2.2173e-05
9.5367e-07
2.0981e-05
2.0313e-04
0.0000e+00
9.5367e-07
2.1935e-05
2.1935e-05
2.0981e-05
3.6955e-05
2.1935e-05
1.1921e-06
2.1935e-05
9.5367e-07
2.0981e-05
9.5367e-07
2.1935e-05
2.4080e-05
2.1935e-05
9.5367e-07
2.0981e-05
0.0000e+00
2.0981e-05
3.6192e-04
2.0981e-05
9.0599e-06
3.2902e-05
9.5367e-07
2.2173e-05
3.0994e-05
0.0000e+00
0.0000e+00
2.1935e-05
0.0000e+00
2.0981e-05
9.5367e-07
2.1935e-05
9.5367e-07
2.2173e-05
1.8191e-04
2.1935e-05
8.1062e-06
2.9087e-05
9.5367e-07
2.1935e-05
9.5367e-07
2.0981e-05
1.1683e-04
2.0981e-05
9.5367e-07
2.1935e-05
1.1921e-06
2.1935e-05
9.5367e-07
2.1935e-05
5.6028e-05
2.0981e-05
9.5367e-07
2.2888e-05
1.1921e-06
2.0981e-05
9.5367e-07
2.0981e-05
1.0800e-04
2.0981e-05
1.1921e-06
2.1935e-05
9.5367e-07
2.1935e-05
3.2187e-05
2.1935e-05
2.3842e-05
0.0000e+00
2.0981e-05
2.7895e-05
4.5776e-05
2.1935e-05
7.8678e-06
2.2173e-05
7.7009e-05
9.5367e-07
2.1935e-05
0.0000e+00
1.9073e-06
9.5367e-07
9.5367e-07
2.2173e-05
0.0000e+00
2.1935e-05
7.2956e-05
2.2173e-05
9.5367e-07
2.9087e-05
1.9073e-06
2.0981e-05
2.6417e-04
0.0000e+00
0.0000e+00
2.0981e-05
0.0000e+00
2.0981e-05
9.5367e-07
2.1935e-05
1.1921e-06
2.1935e-05
3.3402e-04
2.2888e-05
2.8133e-05
0.0000e+00
9.5367e-07
2.3127e-05
2.0981e-05
2.1935e-05
1.1921e-06
2.0981e-05
9.5367e-07
2.2173e-05
1.1206e-04
0.0000e+00
1.1921e-06
2.1935e-05
1.9598e-04
0.0000e+00
9.5367e-07
2.3127e-05
2.5034e-05
2.8849e-05
2.1458e-06
2.1935e-05
7.6056e-05
9.5367e-07
9.5367e-07
2.1935e-05
1.1921e-06
2.1935e-05
2.6298e-04
2.1935e-05
9.5367e-07
2.0981e-05
9.5367e-07
2.0981e-05
1.1921e-06
3.0041e-05
2.1458e-06
2.1935e-05
1.8096e-04
2.0981e-05
5.6982e-05
0.0000e+00
2.1458e-06
0.0000e+00
2.8610e-06
2.2173e-05
9.5367e-07
2.0981e-05
2.7514e-04
9.5367e-07
1.9073e-06
0.0000e+00
0.0000e+00
2.1935e-05
1.2398e-04
9.5367e-07
9.5367e-07
2.3842e-05
3.0994e-06
0.0000e+00
9.5367e-07
2.2173e-05
9.5367e-07
2.1935e-05
9.5367e-07
2.0981e-05
1.7595e-04
2.2173e-05
0.0000e+00
2.0981e-05
1.1921e-06
2.0981e-05
9.5367e-07
2.1935e-05
9.5367e-07
2.1935e-05
9.5367e-07
2.0981e-05
6.7234e-05
2.1935e-05
9.5367e-07
2.0981e-05
2.4509e-04
2.0981e-05
1.1921e-06
2.0981e-05
9.5367e-07
2.9087e-05
2.1601e-04
0.0000e+00
0.0000e+00
2.2173e-05
0.0000e+00
2.0981e-05
2.5034e-05
9.5367e-07
9.5367e-07
2.2173e-05
2.3842e-05
2.0981e-05
1.9073e-06
2.2173e-05
2.0313e-04
9.5367e-07
9.5367e-07
3.0041e-05
4.0531e-06
9.5367e-07
1.6928e-05
2.1935e-05
9.5367e-07
2.1935e-05
1.1921e-06
2.0981e-05
5.9843e-05
1.1921e-06
1.9073e-06
0.0000e+00
0.0000e+00
2.4080e-05
9.5367e-07
2.1219e-05
9.5367e-07
2.7895e-05
1.1921e-06
2.1935e-05
9.5367e-07
2.2173e-05
3.6693e-04
2.1935e-05
1.1921e-06
2.1935e-05
9.5367e-07
2.0981e-05
0.0000e+00
2.0981e-05
9.5367e-07
2.0981e-05
9.5367e-07
2.9087e-05
5.9605e-06
2.0981e-05
1.0014e-05
2.0981e-05
2.4295e-04
2.2173e-05
3.8147e-06
9.5367e-07
1.9073e-05
2.3127e-05
9.5367e-07
2.1935e-05
2.3198e-04
2.1219e-05
9.5367e-07
3.0041e-05
9.5367e-07
2.1935e-05
4.0531e-06
2.0981e-05
0.0000e+00
2.0981e-05
9.5367e-07
2.0981e-05
9.5367e-07
2.1219e-05
2.1696e-04
0.0000e+00
0.0000e+00
2.2173e-05
0.0000e+00
3.0041e-05
0.0000e+00
2.0981e-05
2.4080e-05
2.1935e-05
2.6917e-04
0.0000e+00
2.0981e-05
2.1935e-05
5.2929e-05
0.0000e+00
9.5367e-07
2.2173e-05
1.9073e-06
0.0000e+00
1.7881e-05
2.1935e-05
9.0837e-05
9.5367e-07
9.5367e-07
2.3127e-05
9.5367e-07
2.1935e-05
2.1195e-04
1.1921e-06
9.5367e-07
2.2888e-05
9.5367e-07
2.2173e-05
9.5367e-07
2.1935e-05
9.5367e-07
2.0981e-05
1.9073e-06
0.0000e+00
2.7394e-04
1.1921e-06
1.1921e-06
3.0994e-05
0.0000e+00
2.0981e-05
0.0000e+00
2.0981e-05
3.8147e-06
1.1921e-06
0.0000e+00
2.1935e-05
9.5367e-07
2.1935e-05
1.1921e-06
2.1935e-05
3.7909e-05
0.0000e+00
2.8849e-05
2.2888e-05
2.7609e-04
2.2888e-05
1.1921e-06
2.1935e-05
9.5367e-07
2.0981e-05
9.0599e-06
2.0981e-05
6.0081e-05
0.0000e+00
0.0000e+00
2.1935e-05
1.1921e-06
2.0981e-05
2.4295e-04
2.2173e-05
9.5367e-07
2.3127e-05
1.9073e-06
2.0981e-05
3.3140e-05
2.1935e-05
6.7949e-05
0.0000e+00
4.1962e-05
9.5367e-07
9.5367e-07
2.1935e-05
0.0000e+00
2.0981e-05
9.5367e-07
2.1935e-05
9.5367e-07
2.9087e-05
1.8406e-04
2.2888e-05
2.8133e-05
0.0000e+00
0.0000e+00
2.0981e-05
2.1935e-05
2.1935e-05
2.5034e-05
2.1935e-05
2.8133e-05
2.1935e-05
8.1062e-06
2.1935e-05
8.7976e-05
2.9087e-05
9.5367e-07
2.1935e-05
9.5367e-07
2.0981e-05
1.9073e-05
2.1935e-05
6.6996e-05
0.0000e+00
0.0000e+00
2.1935e-05
2.1935e-05
2.0981e-05
9.5367e-07
2.2173e-05
3.9816e-05
2.1935e-05
5.0068e-06
9.5367e-07
9.5367e-07
2.2888e-05
9.5367e-07
2.1935e-05
6.4850e-05
2.2173e-05
3.0994e-05
2.1935e-05
9.5367e-07
2.1219e-05
5.2905e-04
0.0000e+00
0.0000e+00
2.1935e-05
1.9073e-06
0.0000e+00
9.5367e-07
2.1935e-05
1.3018e-04
2.1935e-05
1.8907e-04
0.0000e+00
2.1458e-06
0.0000e+00
0.0000e+00
2.1935e-05
0.0000e+00
2.0981e-05
9.5367e-07
2.0981e-05
9.5367e-07
2.2173e-05
0.0000e+00
2.7895e-05
3.3498e-04
2.1935e-05
9.5367e-07
2.2173e-05
9.5367e-07
2.1935e-05
9.5367e-07
2.1935e-05
6.7949e-05
2.0981e-05
9.5367e-07
2.2173e-05
1.0014e-05
2.0981e-05
6.1989e-05
9.5367e-07
1.1921e-06
2.2888e-05
9.5367e-07
2.2173e-05
9.7036e-05
0.0000e+00
9.5367e-07
2.3127e-05
2.4796e-05
2.1935e-05
9.5367e-07
2.0981e-05
2.6917e-04
2.1935e-05
1.1921e-06
2.1935e-05
4.0531e-06
2.2888e-05
1.1921e-06
2.0981e-05
7.5915e-02
