3.3700e-03
1.7881e-05
5.9128e-05
1.0967e-05
4.3869e-05
3.8147e-06
3.8862e-05
2.1458e-06
3.8862e-05
2.8610e-06
3.9101e-05
2.8610e-06
3.7909e-05
3.0994e-06
3.7909e-05
3.0994e-06
5.2929e-05
6.0701e-04
9.5367e-07
2.1458e-06
4.2915e-05
1.1921e-06
3.8862e-05
9.5367e-07
3.8147e-05
5.0068e-06
9.5367e-07
9.5367e-07
3.7193e-05
5.1188e-03
9.5367e-07
1.9073e-06
3.1948e-05
7.1526e-06
9.5367e-07
1.9073e-06
2.5988e-05
2.0027e-05
2.2888e-05
2.5034e-05
2.2888e-05
2.2173e-05
2.1935e-05
2.0981e-05
2.2173e-05
2.7585e-04
2.3127e-05
3.0041e-05
2.1935e-05
4.4107e-05
3.0994e-05
1.4067e-05
2.1935e-05
2.3127e-05
2.1935e-05
1.1921e-06
2.1935e-05
9.0599e-06
2.1935e-05
0.0000e+00
2.0981e-05
7.1526e-06
2.1935e-05
2.0027e-05
2.1935e-05
1.4067e-05
2.2888e-05
1.9073e-06
2.0981e-05
2.2173e-05
2.2888e-05
4.9090e-04
2.1935e-05
5.1975e-05
9.5367e-07
1.8120e-05
9.5367e-07
7.8678e-06
2.1935e-05
2.0981e-05
2.1935e-05
9.5367e-07
3.0041e-05
5.0068e-06
2.2888e-05
3.0994e-05
2.2173e-05
2.1935e-05
2.1935e-05
2.1935e-05
2.1935e-05
2.1935e-05
2.0981e-05
1.2398e-04
2.1935e-05
2.7180e-05
2.1935e-05
2.3842e-05
3.0041e-05
1.0967e-05
2.1935e-05
3.2187e-05
2.1935e-05
2.0981e-05
2.0981e-05
6.9141e-06
2.1935e-05
9.5367e-07
2.0981e-05
9.5367e-07
2.1935e-05
7.9155e-05
2.7895e-05
9.5367e-07
2.2888e-05
4.7898e-04
0.0000e+00
2.1458e-06
9.5367e-07
0.0000e+00
2.3127e-05
9.5367e-07
2.1935e-05
6.1989e-05
2.2888e-05
9.5367e-07
2.2173e-05
9.5367e-07
2.1935e-05
9.5367e-07
3.0994e-05
4.4823e-05
0.0000e+00
9.5367e-07
2.2888e-05
5.6982e-05
2.3127e-05
9.5367e-07
2.2173e-05
2.8610e-06
2.1935e-05
4.6968e-05
0.0000e+00
0.0000e+00
2.1935e-05
9.5367e-07
2.2173e-05
4.0531e-06
2.3127e-05
1.9073e-06
0.0000e+00
9.5367e-07
2.2888e-05
1.1921e-06
2.1935e-05
9.5367e-07
2.2173e-05
9.5367e-07
2.0981e-05
9.5367e-07
2.2173e-05
9.5367e-07
2.1935e-05
1.1921e-06
2.2888e-05
3.0994e-06
2.1935e-05
9.5367e-07
2.0981e-05
6.6900e-04
9.5367e-07
0.0000e+00
2.2888e-05
9.5367e-07
2.2173e-05
5.9605e-06
2.1935e-05
3.0994e-06
9.5367e-07
9.5367e-07
3.0994e-05
1.1921e-06
2.2888e-05
9.5367e-07
2.2173e-05
9.5367e-07
2.1935e-05
1.1921e-06
2.1935e-05
9.5367e-07
2.0981e-05
0.0000e+00
2.0981e-05
8.8191e-04
0.0000e+00
1.1921e-06
3.6001e-05
9.5367e-07
2.1935e-05
9.5367e-07
2.2173e-05
0.0000e+00
2.0981e-05
9.5367e-07
2.2173e-05
9.5367e-07
2.0981e-05
9.5367e-07
2.2173e-05
2.8610e-06
2.2173e-05
8.5115e-05
2.2888e-05
1.0419e-04
0.0000e+00
9.5367e-07
2.1935e-05
2.8610e-06
0.0000e+00
0.0000e+00
2.3127e-05
9.5367e-07
2.1935e-05
1.4114e-04
0.0000e+00
0.0000e+00
2.3127e-05
9.5367e-07
2.1935e-05
1.9503e-04
3.0041e-05
9.5367e-07
2.2173e-05
9.5367e-07
2.1935e-05
0.0000e+00
2.0981e-05
1.1921e-06
2.0981e-05
9.5367e-07
2.0981e-05
3.0994e-06
0.0000e+00
9.5367e-07
2.1219e-05
1.9073e-06
3.0041e-05
9.5367e-07
2.2173e-05
9.5367e-07
2.1935e-05
2.1458e-06
2.1935e-05
2.8610e-06
0.0000e+00
0.0000e+00
2.1935e-05
3.9196e-04
0.0000e+00
4.4823e-04
9.5367e-07
1.9073e-06
0.0000e+00
0.0000e+00
2.3127e-05
1.1921e-06
2.1935e-05
9.5367e-07
2.2173e-05
9.5367e-07
2.5034e-05
1.9407e-04
2.1935e-05
9.5367e-07
2.2173e-05
1.1921e-06
2.0981e-05
5.1022e-05
2.1935e-05
1.1921e-06
2.8849e-05
1.1921e-06
2.2888e-05
9.5367e-07
2.2173e-05
5.8889e-05
2.1935e-05
2.1458e-06
2.0981e-05
9.5367e-07
2.1219e-05
9.5367e-07
2.0981e-05
9.5367e-07
2.2173e-05
9.5367e-07
3.0041e-05
9.5367e-07
2.2888e-05
1.0180e-04
2.1935e-05
3.5906e-04
0.0000e+00
9.5367e-07
2.1935e-05
9.5367e-07
2.1935e-05
3.7909e-05
1.1921e-06
1.9789e-05
2.3127e-05
9.5367e-07
2.1935e-05
9.5367e-07
2.2173e-05
9.5367e-07
2.0981e-05
9.5367e-07
2.2173e-05
9.5367e-07
2.1935e-05
1.9073e-06
2.1219e-05
9.5367e-07
2.0981e-05
9.5367e-07
2.2173e-05
9.5367e-07
2.9087e-05
9.5367e-07
2.1935e-05
9.5367e-07
2.2173e-05
9.5367e-07
2.1935e-05
0.0000e+00
2.1219e-05
9.5367e-07
2.1935e-05
9.5367e-07
2.1935e-05
1.1921e-06
2.1935e-05
9.5367e-07
2.3127e-05
9.5367e-07
2.0981e-05
5.3096e-04
2.1935e-05
1.5974e-05
9.5367e-07
9.5367e-07
2.1935e-05
9.5367e-07
2.1935e-05
2.0123e-04
9.5367e-07
9.5367e-07
2.1935e-05
0.0000e+00
3.0994e-05
1.1921e-06
2.1935e-05
0.0000e+00
2.0981e-05
0.0000e+00
2.1935e-05
7.4387e-04
2.2888e-05
9.5367e-07
2.1935e-05
1.3113e-05
2.1935e-05
4.0531e-06
2.2888e-05
1.9073e-06
2.3127e-05
9.5367e-07
2.1935e-05
9.5367e-07
2.2173e-05
9.5367e-07
2.1935e-05
3.0994e-06
2.1935e-05
5.0068e-06
9.5367e-07
9.5367e-07
2.1935e-05
9.5367e-07
2.5034e-05
9.5367e-07
2.8849e-05
1.9073e-06
2.2173e-05
9.5367e-07
2.1935e-05
2.5105e-04
2.1935e-05
2.7609e-04
2.1935e-05
1.0014e-05
2.2173e-05
3.7909e-05
0.0000e+00
1.9598e-04
1.1921e-06
0.0000e+00
2.5988e-05
1.1921e-06
2.3842e-05
9.5367e-07
2.2173e-05
8.8215e-06
2.1935e-05
2.7895e-05
9.5367e-07
9.5367e-07
2.2888e-05
2.9087e-05
2.1935e-05
2.1458e-06
2.0981e-05
0.0000e+00
2.0981e-05
9.5367e-07
2.2888e-05
3.5906e-04
0.0000e+00
9.5367e-07
2.3127e-05
9.5367e-07
2.0981e-05
3.1948e-05
0.0000e+00
0.0000e+00
2.1935e-05
9.5367e-07
2.2173e-05
0.0000e+00
2.0981e-05
0.0000e+00
2.1935e-05
9.5367e-07
2.2888e-05
1.1921e-06
2.0981e-05
1.5998e-04
0.0000e+00
1.1921e-06
2.2888e-05
9.5367e-07
2.2173e-05
0.0000e+00
2.1935e-05
0.0000e+00
2.1935e-05
0.0000e+00
2.1935e-05
9.5367e-07
2.2888e-05
0.0000e+00
2.1935e-05
0.0000e+00
2.0981e-05
0.0000e+00
2.1935e-05
9.5367e-07
2.1935e-05
2.1458e-06
2.1935e-05
9.5367e-07
2.0981e-05
2.8610e-06
0.0000e+00
9.5367e-07
2.3127e-05
7.8392e-04
2.3127e-05
9.5367e-07
2.1935e-05
1.1921e-06
2.1935e-05
9.0599e-06
2.0981e-05
6.2943e-05
0.0000e+00
0.0000e+00
2.1935e-05
0.0000e+00
2.2173e-05
8.7976e-05
2.3127e-05
1.3089e-04
2.1219e-05
9.5367e-07
2.1935e-05
4.7922e-05
1.1921e-06
7.2956e-05
0.0000e+00
9.5367e-07
2.3127e-05
1.6880e-04
0.0000e+00
9.5367e-07
2.1935e-05
1.9073e-06
0.0000e+00
0.0000e+00
2.1935e-05
9.5367e-07
2.2888e-05
5.0068e-06
9.5367e-07
9.5367e-07
2.2888e-05
1.1921e-06
2.1935e-05
1.9073e-06
2.1935e-05
0.0000e+00
2.2173e-05
1.8597e-04
2.1935e-05
1.4997e-04
0.0000e+00
0.0000e+00
2.9087e-05
1.1921e-05
0.0000e+00
2.6393e-04
0.0000e+00
9.5367e-07
2.2888e-05
0.0000e+00
2.1935e-05
0.0000e+00
2.2173e-05
9.5367e-07
2.1935e-05
9.5367e-07
2.2173e-05
9.5367e-07
2.1935e-05
0.0000e+00
2.2888e-05
2.7299e-04
0.0000e+00
3.0994e-06
0.0000e+00
9.5367e-07
2.3127e-05
0.0000e+00
2.1935e-05
3.0994e-06
0.0000e+00
0.0000e+00
2.1935e-05
8.1062e-05
2.1935e-05
9.5367e-07
2.1935e-05
1.9073e-06
2.2888e-05
9.5367e-07
2.1935e-05
3.0994e-06
2.1935e-05
0.0000e+00
2.0981e-05
9.5367e-07
2.2173e-05
9.5367e-07
2.1935e-05
1.1921e-06
2.0981e-05
9.5367e-07
2.0981e-05
1.9073e-06
2.3127e-05
9.5367e-07
2.0981e-05
9.5367e-07
2.2173e-05
9.5367e-07
2.1935e-05
4.9114e-04
0.0000e+00
0.0000e+00
2.2888e-05
1.1921e-06
2.1935e-05
9.5367e-07
2.1935e-05
9.5367e-07
2.1935e-05
5.3883e-05
2.1935e-05
5.0068e-06
2.1935e-05
9.5367e-07
2.1935e-05
1.7405e-04
0.0000e+00
1.2708e-04
0.0000e+00
1.9073e-06
0.0000e+00
0.0000e+00
2.2888e-05
9.5367e-07
2.2173e-05
0.0000e+00
2.3127e-05
9.5367e-07
2.1935e-05
0.0000e+00
2.0981e-05
4.2200e-04
0.0000e+00
0.0000e+00
2.2888e-05
2.1458e-06
0.0000e+00
2.1458e-06
0.0000e+00
9.5367e-07
2.1935e-05
1.1921e-06
2.4796e-05
3.0994e-06
2.2888e-05
9.5367e-07
2.2173e-05
9.5367e-07
2.1935e-05
9.5367e-07
2.2173e-05
9.5367e-07
2.0981e-05
1.6809e-04
2.1935e-05
3.0994e-05
0.0000e+00
9.5367e-07
2.1935e-05
4.3106e-04
3.0041e-05
9.5367e-07
2.1935e-05
1.1921e-06
2.1935e-05
2.3127e-05
2.5034e-05
0.0000e+00
2.1935e-05
9.1076e-05
2.1935e-05
9.5367e-07
2.1219e-05
1.2875e-05
9.5367e-07
9.5367e-07
3.0041e-05
1.1921e-06
2.2888e-05
1.6928e-05
2.2173e-05
9.5367e-07
2.0981e-05
0.0000e+00
2.1219e-05
0.0000e+00
2.0981e-05
0.0000e+00
2.0981e-05
0.0000e+00
2.0981e-05
2.1458e-06
2.2888e-05
9.5367e-07
2.1935e-05
4.0603e-04
2.1935e-05
2.0409e-04
9.5367e-07
9.5367e-07
2.3127e-05
0.0000e+00
2.1935e-05
0.0000e+00
2.1219e-05
1.1921e-06
2.1935e-05
1.1921e-06
2.2888e-05
9.5367e-07
2.1935e-05
9.5367e-07
2.2173e-05
9.5367e-07
2.1935e-05
3.1209e-04
0.0000e+00
9.5367e-07
2.2888e-05
0.0000e+00
2.0981e-05
0.0000e+00
2.1935e-05
9.5367e-07
2.3127e-05
1.1921e-06
2.1935e-05
9.5367e-07
2.1935e-05
0.0000e+00
2.0981e-05
9.5367e-07
2.1935e-05
9.5367e-07
2.0981e-05
0.0000e+00
2.6226e-05
9.5367e-07
2.0981e-05
1.9073e-06
2.3127e-05
3.7694e-04
2.0981e-05
4.0531e-06
9.5367e-07
9.0599e-06
2.1935e-05
1.4591e-04
2.1935e-05
3.0994e-06
2.0981e-05
5.9605e-06
2.1935e-05
1.1921e-06
2.0981e-05
1.1921e-06
2.2888e-05
9.5367e-07
2.2888e-05
1.1921e-06
2.0981e-05
2.6798e-04
2.1935e-05
9.5367e-07
2.0981e-05
8.1062e-06
2.1935e-05
7.1049e-05
2.1935e-05
1.0014e-05
2.9087e-05
9.5367e-07
2.2173e-05
0.0000e+00
2.1935e-05
9.5367e-07
2.2173e-05
1.1897e-04
0.0000e+00
1.1921e-06
2.2888e-05
9.5367e-07
2.1935e-05
9.7990e-05
0.0000e+00
2.0981e-05
2.2173e-05
0.0000e+00
2.7895e-05
2.8610e-06
0.0000e+00
1.0967e-05
2.1935e-05
3.0994e-06
2.1935e-05
1.1206e-04
2.1935e-05
1.1921e-06
2.1935e-05
8.8215e-06
2.2173e-05
9.5367e-07
2.1935e-05
9.5367e-07
2.8849e-05
1.1921e-06
2.1935e-05
8.6069e-05
2.1935e-05
2.0409e-04
9.5367e-07
9.5367e-07
2.1935e-05
9.5367e-07
2.2173e-05
9.5367e-07
2.0981e-05
7.0095e-05
2.1935e-05
1.9073e-06
2.8849e-05
4.3511e-04
0.0000e+00
0.0000e+00
2.3127e-05
1.0014e-05
0.0000e+00
9.5367e-07
2.1935e-05
0.0000e+00
2.1935e-05
7.2956e-05
0.0000e+00
1.1921e-06
2.1935e-05
3.9101e-05
0.0000e+00
2.0027e-05
2.1935e-05
9.5367e-07
2.1935e-05
9.5367e-07
2.1935e-05
9.5367e-07
2.2173e-05
1.7095e-04
2.1935e-05
1.1921e-06
2.1935e-05
1.2875e-05
2.0981e-05
2.7299e-04
2.1935e-05
0.0000e+00
2.8849e-05
3.0994e-06
9.5367e-07
9.5367e-07
2.2888e-05
9.5367e-07
2.1219e-05
9.5367e-07
2.1935e-05
7.8917e-05
2.1935e-05
9.5367e-07
2.1935e-05
5.3883e-05
0.0000e+00
2.0003e-04
0.0000e+00
0.0000e+00
2.1935e-05
1.1921e-06
2.1935e-05
1.8501e-04
2.5034e-05
2.1458e-06
0.0000e+00
3.1948e-05
9.5367e-07
1.1921e-06
2.1935e-05
9.5367e-07
2.1935e-05
0.0000e+00
2.0981e-05
9.5367e-07
2.0981e-05
1.6499e-04
3.0994e-05
1.9073e-06
2.1935e-05
3.8147e-05
0.0000e+00
1.9073e-06
2.2173e-05
9.5367e-07
2.1935e-05
2.8896e-04
0.0000e+00
2.0981e-05
2.1935e-05
3.6001e-05
2.1935e-05
9.5367e-07
2.2173e-05
9.5367e-07
2.4080e-05
8.1062e-05
9.5367e-07
9.5367e-07
2.3127e-05
1.7285e-04
0.0000e+00
1.9073e-06
0.0000e+00
6.1989e-06
2.1935e-05
1.0109e-04
0.0000e+00
0.0000e+00
2.1935e-05
1.1921e-06
2.1935e-05
9.5367e-07
3.0994e-05
8.2016e-05
2.2888e-05
1.9073e-06
0.0000e+00
1.1921e-06
2.1935e-05
9.5367e-07
2.0981e-05
5.0068e-06
2.2173e-05
9.9897e-05
2.1935e-05
1.1921e-06
2.1935e-05
9.5367e-07
2.6941e-05
9.5367e-07
2.2888e-05
1.5020e-05
2.1935e-05
2.1458e-06
2.5034e-05
4.7302e-04
0.0000e+00
0.0000e+00
2.2173e-05
1.1921e-06
2.1935e-05
0.0000e+00
2.1935e-05
1.1921e-06
2.0981e-05
1.1921e-06
2.1935e-05
0.0000e+00
2.0981e-05
0.0000e+00
2.2173e-05
9.5367e-07
2.1935e-05
1.1921e-06
2.1935e-05
9.5367e-07
2.0981e-05
9.5367e-07
2.0981e-05
1.9073e-06
2.9087e-05
1.9073e-06
2.2173e-05
0.0000e+00
2.0981e-05
9.5367e-07
2.2173e-05
9.5367e-07
2.0981e-05
5.5099e-04
2.2888e-05
9.5367e-07
2.1219e-05
9.5367e-07
2.0981e-05
2.8610e-06
2.3127e-05
9.5367e-07
2.2173e-05
9.5367e-07
2.1935e-05
9.5367e-07
2.2173e-05
2.1386e-04
0.0000e+00
0.0000e+00
2.1935e-05
3.0994e-06
9.5367e-07
1.1921e-06
2.1935e-05
9.5367e-07
3.0041e-05
1.6809e-04
2.1935e-05
3.5048e-05
0.0000e+00
9.5367e-07
2.1935e-05
6.0081e-05
9.5367e-07
4.2915e-05
0.0000e+00
9.5367e-07
2.2888e-05
5.1975e-05
0.0000e+00
0.0000e+00
2.2888e-05
2.6941e-05
2.1935e-05
3.8099e-04
6.9141e-06
9.5367e-07
2.2888e-05
0.0000e+00
2.1935e-05
9.5367e-07
2.0981e-05
9.5367e-07
2.1935e-05
1.5974e-05
0.0000e+00
0.0000e+00
2.1935e-05
9.5367e-07
2.0981e-05
0.0000e+00
2.0981e-05
9.5367e-07
2.1935e-05
9.5367e-07
2.2173e-05
0.0000e+00
2.0981e-05
2.3508e-04
2.0981e-05
9.5367e-07
2.2173e-05
9.5367e-07
2.1935e-05
1.1396e-04
9.5367e-07
1.1921e-06
2.2888e-05
2.1458e-06
2.2888e-05
9.5367e-07
2.2173e-05
1.2088e-04
2.3842e-05
1.1921e-06
2.1935e-05
0.0000e+00
2.0981e-05
9.5367e-07
2.1935e-05
0.0000e+00
2.0981e-05
0.0000e+00
2.8849e-05
9.5367e-07
2.1935e-05
9.5367e-07
2.1935e-05
1.4591e-04
2.2173e-05
1.9073e-06
2.1935e-05
1.3208e-04
0.0000e+00
2.1458e-06
2.1935e-05
9.5367e-07
2.2173e-05
9.5367e-07
2.8849e-05
2.1458e-06
2.1935e-05
9.5367e-07
2.2173e-05
4.6587e-04
0.0000e+00
1.9073e-06
0.0000e+00
3.0994e-06
2.3127e-05
9.5367e-07
2.1935e-05
9.5367e-07
2.2173e-05
9.5367e-07
2.1935e-05
3.9816e-05
2.3127e-05
9.5367e-07
2.1935e-05
0.0000e+00
2.0981e-05
2.1696e-04
0.0000e+00
1.1921e-06
2.2888e-05
9.5367e-07
2.2173e-05
1.1921e-06
2.1935e-05
9.5367e-07
2.1935e-05
1.1921e-06
2.7895e-05
3.6192e-04
1.1921e-06
0.0000e+00
2.1935e-05
1.1921e-06
2.3127e-05
1.4186e-04
9.5367e-07
1.1921e-06
2.2888e-05
9.5367e-07
2.2173e-05
0.0000e+00
2.0981e-05
0.0000e+00
2.1935e-05
2.1458e-06
0.0000e+00
1.9073e-06
0.0000e+00
3.0088e-04
9.5367e-07
2.1458e-06
9.5367e-07
9.5367e-07
2.3127e-05
0.0000e+00
2.1935e-05
6.9141e-06
2.2173e-05
2.2793e-04
0.0000e+00
0.0000e+00
2.1935e-05
3.0994e-06
0.0000e+00
9.5367e-07
3.0994e-05
9.5367e-07
2.2173e-05
3.1948e-05
0.0000e+00
0.0000e+00
2.3127e-05
9.5367e-07
2.1935e-05
9.5367e-07
2.2173e-05
1.3304e-04
9.5367e-07
1.9073e-06
0.0000e+00
9.5367e-07
2.2173e-05
3.1996e-04
0.0000e+00
9.5367e-07
2.2888e-05
1.1921e-06
2.0981e-05
0.0000e+00
2.4080e-05
2.1386e-04
2.1935e-05
9.5367e-07
2.1935e-05
1.1921e-06
2.0981e-05
9.5367e-07
2.0981e-05
1.3113e-05
2.1935e-05
1.7500e-04
2.2888e-05
8.1062e-06
2.1935e-05
9.5367e-07
2.1935e-05
2.1458e-06
2.1935e-05
0.0000e+00
2.2173e-05
9.5367e-07
2.1935e-05
1.2493e-04
0.0000e+00
0.0000e+00
2.1935e-05
9.5367e-07
2.2888e-05
0.0000e+00
2.0981e-05
9.5367e-07
2.1935e-05
9.5367e-07
2.2173e-05
9.5367e-07
2.0981e-05
2.1458e-06
2.1935e-05
9.5367e-07
2.2173e-05
3.6979e-04
0.0000e+00
9.5367e-07
2.4080e-05
9.5367e-07
2.0981e-05
0.0000e+00
2.1935e-05
9.5367e-07
2.0981e-05
5.6982e-05
2.2173e-05
9.5367e-07
2.1935e-05
1.5116e-04
0.0000e+00
0.0000e+00
2.1935e-05
1.1921e-06
2.9802e-05
1.1921e-06
2.1935e-05
0.0000e+00
2.4080e-05
0.0000e+00
2.2173e-05
9.5367e-07
2.1935e-05
7.2002e-05
2.1935e-05
2.1458e-06
2.0981e-05
0.0000e+00
2.0981e-05
2.8801e-04
2.3127e-05
9.5367e-07
2.0981e-05
0.0000e+00
2.0981e-05
1.9073e-06
0.0000e+00
7.8678e-06
2.2173e-05
9.5367e-07
2.1935e-05
9.5367e-07
2.2173e-05
8.8930e-05
0.0000e+00
0.0000e+00
2.8849e-05
9.5367e-07
2.1935e-05
4.0531e-06
0.0000e+00
9.5367e-07
2.3127e-05
9.5367e-07
2.0981e-05
2.9612e-04
2.0981e-05
1.1921e-06
2.1935e-05
3.1948e-05
9.5367e-07
9.5367e-07
2.2173e-05
9.5367e-07
2.1935e-05
9.5367e-07
2.1935e-05
1.1921e-06
2.1935e-05
9.5367e-07
2.1935e-05
4.4298e-04
1.1921e-06
1.0085e-04
0.0000e+00
1.9073e-06
0.0000e+00
9.5367e-07
2.3127e-05
0.0000e+00
2.0981e-05
1.1921e-06
2.9802e-05
9.5367e-07
2.1935e-05
1.9908e-04
2.2888e-05
1.1921e-06
2.0981e-05
0.0000e+00
2.0981e-05
8.1062e-06
2.0981e-05
9.5367e-07
2.0981e-05
0.0000e+00
2.0981e-05
1.1921e-06
2.1935e-05
9.5367e-07
2.2173e-05
1.9073e-06
2.1935e-05
0.0000e+00
2.1935e-05
9.5367e-07
2.1935e-05
1.1921e-06
2.1935e-05
9.5367e-07
2.0981e-05
9.5367e-07
2.7895e-05
9.5367e-07
2.2173e-05
9.5367e-07
2.1935e-05
5.2714e-04
2.1935e-05
9.5367e-07
2.1935e-05
5.7936e-05
0.0000e+00
9.5367e-07
2.3127e-05
9.5367e-07
2.2173e-05
2.8610e-06
3.0041e-05
9.5367e-07
2.1935e-05
0.0000e+00
2.1935e-05
2.7704e-04
9.5367e-07
3.0994e-06
0.0000e+00
0.0000e+00
2.1935e-05
0.0000e+00
2.0981e-05
9.5367e-07
2.1935e-05
1.1921e-06
2.0981e-05
1.1921e-06
2.2888e-05
9.5367e-07
2.2173e-05
1.1921e-06
2.1935e-05
9.5367e-07
2.1935e-05
1.1921e-06
2.0981e-05
9.5367e-07
2.0981e-05
1.1921e-06
2.1935e-05
9.5367e-07
2.9087e-05
9.5367e-07
2.2173e-05
5.7292e-04
2.1935e-05
1.3113e-05
2.1935e-05
5.0068e-06
0.0000e+00
1.9073e-05
2.2173e-05
2.8610e-06
9.5367e-07
9.5367e-07
2.1935e-05
9.5367e-07
2.2173e-05
1.9073e-06
2.3127e-05
9.5367e-07
2.1935e-05
0.0000e+00
2.0981e-05
1.2589e-04
2.2173e-05
1.9073e-06
2.1935e-05
0.0000e+00
2.1935e-05
1.5712e-04
0.0000e+00
0.0000e+00
2.2888e-05
7.5102e-05
5.9605e-06
1.1921e-06
2.3842e-05
2.6941e-05
1.1921e-06
9.5367e-07
2.4080e-05
1.1921e-06
2.1935e-05
9.5367e-07
2.0981e-05
4.2605e-04
0.0000e+00
0.0000e+00
2.2888e-05
9.6083e-05
0.0000e+00
2.1458e-06
0.0000e+00
0.0000e+00
3.1948e-05
4.0531e-06
9.5367e-07
9.5367e-07
2.1935e-05
3.2997e-04
9.5367e-07
9.5367e-07
2.1935e-05
1.1921e-06
2.0981e-05
0.0000e+00
2.0981e-05
9.5367e-07
2.2173e-05
9.5367e-07
2.0981e-05
8.7976e-05
2.3127e-05
9.5367e-07
2.2173e-05
1.1921e-06
2.1935e-05
9.5367e-07
2.0981e-05
1.1206e-05
0.0000e+00
0.0000e+00
2.1935e-05
3.6716e-04
2.0981e-05
9.5367e-07
2.0981e-05
4.0531e-06
2.9087e-05
9.5367e-07
2.1935e-05
9.5367e-07
2.0981e-05
7.0095e-05
2.1935e-05
9.5367e-07
2.1935e-05
1.2708e-04
2.5034e-05
9.5367e-07
2.1935e-05
1.5974e-05
2.2173e-05
6.4135e-05
2.2888e-05
7.1526e-06
2.0981e-05
9.5367e-07
2.0981e-05
5.9128e-05
9.5367e-07
9.5367e-07
2.4080e-05
9.5367e-07
2.1935e-05
1.1921e-06
2.0981e-05
0.0000e+00
2.0981e-05
9.5367e-07
2.3127e-05
1.9789e-04
2.1935e-05
8.1062e-06
2.0981e-05
1.1921e-06
2.1935e-05
3.0303e-04
0.0000e+00
0.0000e+00
2.2173e-05
0.0000e+00
2.1935e-05
0.0000e+00
2.0981e-05
1.1921e-06
2.2888e-05
9.5367e-07
2.2173e-05
9.5367e-07
2.1935e-05
0.0000e+00
2.2173e-05
1.9073e-06
0.0000e+00
3.0994e-06
2.2173e-05
1.8001e-04
2.1935e-05
1.9073e-06
2.2173e-05
9.5367e-07
2.9087e-05
2.5988e-05
2.2888e-05
8.1062e-06
2.1935e-05
9.5367e-07
2.1935e-05
1.9598e-04
2.0981e-05
2.6941e-05
0.0000e+00
2.4796e-05
0.0000e+00
0.0000e+00
2.2888e-05
2.5034e-05
2.1935e-05
9.5367e-07
2.1935e-05
0.0000e+00
2.1935e-05
1.3709e-04
0.0000e+00
9.5367e-07
2.2888e-05
1.1921e-06
2.1935e-05
9.5367e-07
2.1935e-05
0.0000e+00
2.1219e-05
9.5367e-07
2.1935e-05
9.5367e-07
2.3127e-05
2.4080e-05
2.1935e-05
1.9073e-06
2.2173e-05
7.8678e-06
2.2173e-05
2.1458e-06
2.1935e-05
9.5367e-07
2.2173e-05
4.3678e-04
9.5367e-07
9.5367e-07
2.2888e-05
1.1921e-06
3.1948e-05
9.5367e-07
2.1935e-05
9.5367e-07
2.2173e-05
0.0000e+00
2.0981e-05
9.5367e-07
2.0981e-05
9.5367e-07
2.0981e-05
2.8491e-04
2.0981e-05
9.5367e-07
2.7895e-05
9.5367e-07
2.2173e-05
2.5034e-05
2.1935e-05
2.5034e-05
0.0000e+00
0.0000e+00
2.2173e-05
6.9857e-05
2.0981e-05
9.5367e-07
2.0981e-05
0.0000e+00
2.0981e-05
5.0068e-06
2.1935e-05
5.4836e-05
0.0000e+00
3.6192e-04
0.0000e+00
0.0000e+00
2.4080e-05
0.0000e+00
2.0981e-05
0.0000e+00
2.0981e-05
0.0000e+00
2.0981e-05
2.1458e-06
0.0000e+00
0.0000e+00
2.1935e-05
0.0000e+00
2.0981e-05
9.5367e-07
2.1935e-05
0.0000e+00
2.1219e-05
4.4990e-04
0.0000e+00
0.0000e+00
2.1935e-05
0.0000e+00
2.0981e-05
1.1921e-06
2.1935e-05
9.5367e-07
2.0981e-05
1.1921e-06
2.0981e-05
2.1458e-06
2.2888e-05
9.5367e-07
2.1219e-05
9.5367e-07
2.1935e-05
2.1458e-06
2.1935e-05
2.0909e-04
2.1935e-05
9.0599e-06
2.0981e-05
0.0000e+00
2.0981e-05
2.5105e-04
0.0000e+00
1.1921e-06
2.9802e-05
1.1921e-06
2.0981e-05
5.0068e-06
9.5367e-07
3.0994e-06
9.5367e-07
5.0068e-06
2.3127e-05
8.8215e-06
2.2173e-05
9.5367e-07
2.1935e-05
9.5367e-07
2.2173e-05
0.0000e+00
2.0981e-05
2.1458e-06
2.2888e-05
4.0531e-06
0.0000e+00
9.5367e-07
2.2888e-05
9.5367e-07
2.2173e-05
6.9141e-06
2.2173e-05
9.5367e-07
2.1935e-05
9.5367e-07
2.2173e-05
0.0000e+00
2.0981e-05
9.5367e-07
2.2888e-05
9.5367e-07
2.2173e-05
9.5367e-07
2.0981e-05
7.9513e-04
0.0000e+00
3.0994e-06
0.0000e+00
0.0000e+00
2.2888e-05
9.5367e-07
2.1935e-05
9.5367e-07
2.2173e-05
1.1921e-06
3.0041e-05
0.0000e+00
2.1935e-05
9.5367e-07
2.2173e-05
9.5367e-07
2.1935e-05
0.0000e+00
2.1935e-05
1.1921e-06
2.1935e-05
9.5367e-07
2.0981e-05
0.0000e+00
2.0981e-05
9.5367e-07
2.3127e-05
9.5367e-07
2.0981e-05
9.5367e-07
2.1935e-05
7.4911e-04
9.5367e-07
1.1921e-06
2.2888e-05
9.5367e-07
2.1935e-05
1.1921e-06
2.1935e-05
9.5367e-07
2.1935e-05
9.5367e-07
2.3127e-05
6.1989e-06
2.2888e-05
9.5367e-07
2.2173e-05
7.8678e-06
2.1219e-05
5.1022e-05
9.5367e-07
3.2187e-04
1.1921e-06
9.5367e-07
2.2888e-05
9.5367e-07
2.2173e-05
0.0000e+00
3.0041e-05
9.5367e-07
2.1935e-05
9.5367e-07
2.2173e-05
4.7922e-05
0.0000e+00
0.0000e+00
2.1935e-05
9.5367e-07
2.1935e-05
0.0000e+00
2.2173e-05
9.5367e-07
2.1935e-05
1.3614e-04
0.0000e+00
0.0000e+00
2.9087e-05
9.5367e-07
2.1935e-05
9.5367e-07
2.1935e-05
9.5367e-07
2.0981e-05
1.1921e-06
2.0981e-05
4.1485e-04
0.0000e+00
2.8610e-06
0.0000e+00
9.5367e-07
2.2888e-05
9.5367e-07
2.2173e-05
3.0994e-06
9.5367e-07
9.5367e-07
2.3127e-05
0.0000e+00
2.0981e-05
0.0000e+00
2.1219e-05
2.8610e-06
9.5367e-07
5.0068e-06
0.0000e+00
9.5367e-07
2.1935e-05
9.5367e-07
2.2173e-05
5.8889e-04
2.1935e-05
9.5367e-07
2.3127e-05
0.0000e+00
2.0981e-05
9.5367e-07
2.2173e-05
9.5367e-07
2.1935e-05
4.0531e-06
2.1935e-05
9.5367e-07
2.1219e-05
1.9503e-04
0.0000e+00
9.5367e-07
2.1935e-05
0.0000e+00
2.9087e-05
9.5367e-07
2.2173e-05
9.5367e-07
2.1935e-05
0.0000e+00
2.2173e-05
1.5116e-04
0.0000e+00
0.0000e+00
2.1935e-05
0.0000e+00
2.1935e-05
9.5367e-07
2.2173e-05
2.6298e-04
0.0000e+00
9.5367e-07
2.3842e-05
1.1921e-06
2.1935e-05
9.5367e-07
2.1935e-05
9.5367e-07
2.1935e-05
1.9073e-06
0.0000e+00
9.5367e-07
2.1935e-05
9.5367e-07
2.2888e-05
2.9397e-04
0.0000e+00
2.0981e-05
2.8849e-05
1.1921e-06
2.1935e-05
1.9073e-06
0.0000e+00
9.5367e-07
2.1935e-05
3.2401e-04
0.0000e+00
0.0000e+00
2.1935e-05
9.5367e-07
2.1935e-05
9.5367e-07
2.2173e-05
1.9073e-06
2.0981e-05
1.2207e-04
9.5367e-07
9.5367e-07
2.3127e-05
0.0000e+00
2.1935e-05
9.5367e-07
2.2173e-05
9.5367e-07
2.1935e-05
2.1458e-06
2.1935e-05
9.5367e-07
2.2173e-05
1.7595e-04
2.1935e-05
9.5367e-07
2.1935e-05
1.1921e-06
2.1935e-05
2.0981e-05
2.1935e-05
2.5034e-05
2.0981e-05
2.1458e-06
2.1935e-05
8.1062e-06
2.1935e-05
1.1396e-04
2.1935e-05
9.5367e-07
2.9087e-05
9.5367e-07
2.3127e-05
0.0000e+00
2.2173e-05
2.9087e-05
2.1935e-05
9.5367e-07
2.1935e-05
0.0000e+00
2.0981e-05
9.5367e-07
2.1935e-05
8.1062e-06
2.0981e-05
0.0000e+00
2.8133e-05
1.9073e-06
2.1935e-05
1.1921e-06
2.1935e-05
0.0000e+00
2.0981e-05
7.3218e-04
0.0000e+00
1.9073e-06
0.0000e+00
1.9073e-06
0.0000e+00
0.0000e+00
2.3127e-05
0.0000e+00
2.0981e-05
9.5367e-07
3.0041e-05
1.1301e-04
2.2888e-05
9.5367e-07
2.2173e-05
9.5367e-07
2.0981e-05
2.9206e-04
0.0000e+00
0.0000e+00
2.1935e-05
0.0000e+00
2.1935e-05
5.9128e-05
0.0000e+00
0.0000e+00
2.1935e-05
1.7190e-04
2.4080e-05
2.6941e-05
0.0000e+00
0.0000e+00
2.1935e-05
9.5367e-07
2.1935e-05
1.5998e-04
9.5367e-07
5.6982e-05
0.0000e+00
9.5367e-07
2.3127e-05
9.5367e-07
2.0981e-05
0.0000e+00
2.0981e-05
0.0000e+00
2.3127e-05
9.5367e-07
2.0981e-05
9.5367e-07
2.1935e-05
1.9193e-04
9.5367e-07
1.1921e-06
2.2888e-05
9.5367e-07
2.1935e-05
1.1921e-06
2.1935e-05
9.5367e-07
2.1935e-05
9.5367e-07
2.9087e-05
7.5155e-02
