2.5711e-03
5.1022e-05
4.2915e-05
5.3596e-04
2.7180e-05
4.9570e-03
2.6941e-05
1.8120e-05
2.2888e-05
3.0994e-06
2.5034e-05
1.7881e-05
9.5367e-07
1.1921e-06
2.2888e-05
1.1921e-06
2.1935e-05
9.5367e-07
3.4094e-05
1.5020e-05
9.5367e-07
9.5367e-07
2.4080e-05
9.5367e-07
2.1935e-05
1.3292e-03
2.1935e-05
9.5367e-07
2.0981e-05
9.5367e-07
2.0981e-05
5.0068e-06
2.1935e-05
9.5367e-07
2.3127e-05
9.5367e-07
2.1935e-05
4.0531e-06
9.5367e-07
3.9101e-05
2.1935e-05
2.4080e-05
2.1935e-05
2.2173e-05
2.1935e-05
2.7585e-04
2.1935e-05
3.0041e-05
2.1935e-05
9.4175e-05
3.1948e-05
9.5367e-07
2.2173e-05
1.9073e-06
2.1935e-05
9.5367e-07
2.1935e-05
9.5367e-07
2.0981e-05
9.5367e-07
2.0981e-05
9.5367e-07
2.0981e-05
2.0981e-05
2.1935e-05
1.3113e-05
2.1935e-05
3.0994e-06
2.0981e-05
2.2173e-05
2.0981e-05
4.9210e-04
2.1935e-05
9.5367e-07
2.0981e-05
9.0599e-06
2.1935e-05
2.3127e-05
2.0981e-05
2.0981e-05
2.9087e-05
9.5367e-07
2.1219e-05
1.5020e-05
0.0000e+00
4.1962e-05
2.2173e-05
2.1935e-05
2.0981e-05
1.9097e-04
0.0000e+00
4.0531e-06
0.0000e+00
1.4067e-05
2.1935e-05
2.6226e-05
2.1935e-05
2.4080e-05
2.8849e-05
1.4067e-05
2.6941e-05
2.9087e-05
2.1935e-05
1.2517e-04
0.0000e+00
7.7963e-05
0.0000e+00
9.5367e-07
3.8147e-05
9.5367e-07
3.6001e-05
9.5367e-07
3.8862e-05
5.0068e-06
3.6955e-05
3.8147e-06
4.7922e-05
4.0531e-06
3.6001e-05
2.1458e-06
3.6001e-05
4.0531e-06
3.6955e-05
2.4509e-04
4.3869e-05
2.1458e-06
3.7909e-05
9.7752e-06
9.5367e-07
1.9073e-06
3.9101e-05
1.9073e-06
4.9114e-05
5.0068e-06
9.5367e-07
3.8147e-06
3.6955e-05
1.9073e-06
3.6955e-05
9.5367e-07
3.6955e-05
3.0994e-06
3.7909e-05
7.1526e-06
9.5367e-07
1.9073e-06
3.8147e-05
3.8147e-06
3.6955e-05
1.8001e-04
3.8862e-05
5.0068e-06
1.1921e-06
9.5367e-07
3.6955e-05
4.0531e-06
3.7909e-05
3.0994e-06
3.6955e-05
5.9605e-06
4.0054e-05
4.0531e-06
3.6955e-05
3.3903e-04
0.0000e+00
3.0994e-06
9.5367e-07
2.9993e-04
1.1206e-05
1.9073e-06
4.1962e-05
2.1458e-06
3.8862e-05
2.1458e-06
3.7909e-05
1.1921e-06
3.6955e-05
1.9073e-06
4.1008e-05
4.0531e-06
3.8147e-05
2.8610e-06
3.6001e-05
4.0531e-06
4.8161e-05
6.9141e-06
9.5367e-07
2.1458e-06
3.6955e-05
1.2517e-04
3.7909e-05
2.1458e-06
3.6001e-05
9.5367e-07
3.6955e-05
4.0531e-06
3.6955e-05
1.9073e-06
3.6955e-05
4.0531e-06
4.4823e-05
5.0068e-06
3.6001e-05
4.0531e-06
3.7193e-05
9.1076e-05
0.0000e+00
9.5367e-07
3.8862e-05
4.0531e-06
0.0000e+00
1.9073e-06
4.1008e-05
1.1921e-06
3.6955e-05
1.9073e-06
3.6001e-05
1.5974e-05
0.0000e+00
1.9073e-06
3.6955e-05
1.1921e-06
3.6955e-05
1.9073e-06
3.7193e-05
3.5596e-04
0.0000e+00
1.9073e-06
3.6955e-05
2.1458e-06
3.6955e-05
9.5367e-07
3.7193e-05
2.1458e-06
5.1022e-05
5.0068e-06
3.6955e-05
6.6042e-05
3.7909e-05
1.9073e-06
3.6955e-05
1.9073e-06
3.6001e-05
3.0994e-06
3.6001e-05
2.1458e-06
3.6001e-05
6.9141e-06
9.5367e-07
9.5367e-07
3.6955e-05
1.9073e-06
3.7909e-05
5.9605e-06
3.8147e-05
3.8147e-06
1.1921e-06
2.8610e-06
3.7193e-05
4.0531e-06
3.6001e-05
5.0068e-06
3.6001e-05
1.1921e-06
3.6001e-05
1.2875e-05
0.0000e+00
2.5988e-05
4.7207e-05
2.1458e-06
3.6955e-05
3.5310e-04
3.7909e-05
2.1458e-06
3.6955e-05
1.9073e-06
3.6001e-05
1.1921e-06
3.6001e-05
2.1458e-06
3.6955e-05
2.1458e-06
3.6955e-05
4.0531e-06
9.5367e-07
1.3828e-05
3.6955e-05
9.5367e-07
3.6955e-05
6.1989e-06
3.7909e-05
9.5367e-07
3.7193e-05
5.0068e-06
3.5048e-05
2.8610e-06
3.7193e-05
4.0531e-06
3.6001e-05
3.0994e-06
3.6001e-05
5.0068e-06
3.7909e-05
3.0994e-06
4.1008e-05
1.9073e-06
3.6955e-05
2.0695e-04
3.6955e-05
3.6001e-05
9.5367e-07
9.5367e-07
3.6955e-05
2.1458e-06
3.6001e-05
3.8147e-06
3.6001e-05
1.9073e-06
3.8147e-05
4.0531e-06
3.6955e-05
4.0531e-06
3.7193e-05
3.8147e-06
3.7193e-05
3.3855e-05
9.5367e-07
1.5974e-05
3.6955e-05
1.9073e-06
3.6001e-05
2.7204e-04
1.0014e-05
5.0068e-06
0.0000e+00
9.5367e-07
3.9101e-05
2.1458e-06
3.6001e-05
1.9073e-06
3.6001e-05
5.9605e-06
0.0000e+00
4.0531e-06
9.5367e-07
2.8610e-06
3.6955e-05
1.9073e-06
3.6001e-05
4.0531e-06
3.6001e-05
6.6185e-04
9.5367e-07
1.9073e-06
2.6941e-05
1.1921e-06
2.1935e-05
5.0068e-06
0.0000e+00
9.5367e-07
2.1935e-05
9.5367e-07
2.1935e-05
1.1921e-06
2.0981e-05
9.5367e-07
2.2173e-05
2.0099e-04
3.1948e-05
1.8120e-05
2.1935e-05
9.5367e-07
2.2173e-05
1.8120e-05
0.0000e+00
4.4823e-05
2.2888e-05
4.8161e-05
2.0981e-05
2.4080e-05
2.0981e-05
3.7909e-05
2.4796e-05
3.5048e-05
3.2187e-05
1.9073e-06
2.2888e-05
1.1921e-06
2.0981e-05
2.1935e-05
2.1935e-05
2.2316e-04
0.0000e+00
1.3804e-04
0.0000e+00
0.0000e+00
2.3127e-05
2.8610e-06
1.1921e-06
1.9073e-06
2.1935e-05
1.0300e-04
2.8133e-05
9.5367e-07
2.3127e-05
1.6928e-05
2.0981e-05
2.1935e-05
2.1935e-05
9.5367e-07
2.0981e-05
1.3828e-05
2.0981e-05
6.1035e-05
2.0981e-05
2.2888e-05
2.0981e-05
2.2888e-05
3.0041e-05
2.6941e-05
2.1219e-05
2.4796e-05
2.0981e-05
2.2888e-05
2.0981e-05
5.4836e-05
0.0000e+00
4.1008e-05
2.1935e-05
2.1935e-05
2.1935e-05
2.3127e-05
2.0981e-05
2.0981e-05
2.7895e-05
2.5988e-05
9.5367e-07
4.8161e-05
0.0000e+00
1.0967e-05
2.1935e-05
2.0981e-05
2.0981e-05
2.2888e-05
2.0981e-05
9.5367e-07
2.0981e-05
1.2159e-05
2.0981e-05
2.5034e-05
2.0981e-05
3.8600e-04
3.0994e-05
1.5020e-05
2.2173e-05
9.2983e-05
9.5367e-07
9.5367e-07
2.2173e-05
9.5367e-07
2.0981e-05
9.5367e-07
2.0981e-05
1.0967e-05
2.0981e-05
2.2173e-05
2.0981e-05
7.2002e-05
0.0000e+00
9.5367e-07
2.1935e-05
4.0531e-06
0.0000e+00
7.1526e-06
2.1935e-05
2.1935e-05
2.0981e-05
3.5286e-04
2.1935e-05
1.1921e-05
0.0000e+00
3.2187e-05
2.1935e-05
2.1935e-05
2.3127e-05
2.4080e-05
2.8849e-05
1.4782e-05
2.1935e-05
3.1948e-05
2.1219e-05
2.2888e-05
2.3127e-05
1.3185e-04
2.2173e-05
2.2888e-05
2.1935e-05
2.3842e-05
1.1921e-06
4.1008e-05
2.0981e-05
2.1935e-05
3.0041e-05
2.5988e-05
2.1935e-05
2.1935e-05
2.1935e-05
2.1935e-05
2.0981e-05
2.4080e-05
0.0000e+00
7.1526e-06
2.1935e-05
4.1008e-05
0.0000e+00
0.0000e+00
2.1935e-05
1.0967e-05
2.0981e-05
4.0531e-06
7.1526e-06
9.5367e-07
2.3127e-05
1.9288e-04
2.3127e-05
1.4114e-04
2.0981e-05
2.3127e-05
2.1935e-05
2.0981e-05
2.0981e-05
2.3127e-05
2.0981e-05
2.3127e-05
2.1935e-05
5.6028e-05
0.0000e+00
6.9141e-06
0.0000e+00
5.1975e-05
2.3127e-05
2.1935e-05
2.2173e-05
2.0480e-04
2.1935e-05
2.1935e-05
2.2173e-05
2.2888e-05
2.1935e-05
2.3127e-05
2.0981e-05
2.0981e-05
2.2173e-05
1.5020e-05
2.2888e-05
1.2159e-05
2.1935e-05
3.2902e-05
0.0000e+00
4.1962e-05
0.0000e+00
4.4107e-05
2.1935e-05
9.5367e-07
2.1219e-05
1.0967e-05
2.1935e-05
2.4080e-05
2.0981e-05
9.5367e-07
3.3140e-05
5.9605e-06
2.1935e-05
3.0041e-05
2.0981e-05
2.3603e-04
2.1219e-05
2.5988e-05
0.0000e+00
1.3399e-04
0.0000e+00
3.0994e-06
9.5367e-07
9.5367e-07
2.1935e-05
6.0797e-05
0.0000e+00
0.0000e+00
2.1935e-05
2.5988e-05
0.0000e+00
5.0068e-06
2.2888e-05
2.0981e-05
2.0981e-05
2.1935e-05
2.0981e-05
9.5367e-07
2.0981e-05
1.2684e-04
2.2173e-05
2.0027e-05
2.1935e-05
2.0981e-05
2.0981e-05
1.5974e-05
2.4080e-05
6.7949e-05
9.5367e-07
6.9141e-06
2.2173e-05
2.1935e-05
2.0981e-05
2.2173e-05
2.1935e-05
2.0981e-05
2.1935e-05
2.3127e-05
2.0981e-05
2.1935e-05
2.1935e-05
2.0981e-05
2.7895e-05
2.7609e-04
0.0000e+00
0.0000e+00
2.2173e-05
9.5367e-07
2.1935e-05
1.2159e-05
2.0981e-05
2.0003e-04
0.0000e+00
0.0000e+00
2.3127e-05
9.5367e-07
2.1935e-05
3.0994e-06
0.0000e+00
1.0967e-05
3.0041e-05
9.5367e-07
2.1935e-05
2.8610e-06
0.0000e+00
2.1935e-05
2.1935e-05
4.1008e-04
2.1935e-05
2.4080e-05
2.0981e-05
2.5034e-05
9.5367e-07
4.2200e-05
2.0981e-05
2.6941e-05
2.2173e-05
2.4080e-05
2.3127e-05
1.1921e-06
2.0981e-05
9.5367e-07
2.0981e-05
8.8215e-06
0.0000e+00
4.2915e-05
2.1935e-05
2.4080e-05
2.0981e-05
2.5105e-04
2.0981e-05
2.1935e-05
2.1935e-05
1.5974e-05
2.2888e-05
2.0027e-05
2.1935e-05
3.0041e-05
2.2173e-05
2.1935e-05
2.0981e-05
2.2888e-05
9.5367e-07
4.1008e-05
2.2173e-05
9.5367e-07
2.0981e-05
1.1921e-05
2.2173e-05
2.8849e-05
3.0994e-05
1.6212e-05
9.5367e-07
8.7023e-05
9.5367e-07
1.1921e-05
2.3127e-05
2.1935e-05
2.1935e-05
2.3127e-05
2.1935e-05
2.2888e-05
2.2173e-05
2.2888e-05
2.0981e-05
2.3127e-05
2.0981e-05
2.7895e-05
2.1935e-05
2.2888e-05
2.1935e-05
2.4080e-05
2.0981e-05
2.3127e-05
2.0981e-05
2.1935e-05
2.0981e-05
2.3842e-05
2.2173e-05
2.2888e-05
2.0981e-05
2.4080e-05
2.7895e-05
2.6226e-05
2.0981e-05
2.3842e-05
2.2173e-05
2.6941e-05
2.1935e-05
3.5405e-04
2.0981e-05
2.2888e-05
2.1935e-05
2.3127e-05
2.0981e-05
9.2030e-05
2.0981e-05
1.9073e-06
2.1935e-05
2.7180e-05
2.1935e-05
2.1935e-05
2.2173e-05
2.3842e-05
9.5367e-07
4.8876e-05
1.1921e-06
4.1008e-05
2.1935e-05
1.6308e-04
9.5367e-07
2.0981e-05
2.1935e-05
1.2898e-04
2.1935e-05
2.4080e-05
2.2173e-05
2.0981e-05
2.1935e-05
2.1935e-05
2.0981e-05
2.2888e-05
2.1219e-05
2.0981e-05
2.0981e-05
2.0981e-05
2.2173e-05
2.0981e-05
2.1935e-05
2.3127e-05
9.5367e-07
4.2915e-05
2.2888e-05
2.5034e-05
2.1935e-05
2.5988e-05
0.0000e+00
1.0967e-05
2.0981e-05
2.3127e-05
2.1935e-05
2.5988e-05
2.5034e-05
1.6689e-04
0.0000e+00
1.1921e-06
2.1935e-05
9.5367e-07
2.1935e-05
8.1062e-06
0.0000e+00
9.5367e-07
2.3127e-05
9.5367e-07
2.0981e-05
4.0531e-06
0.0000e+00
1.1921e-06
2.1935e-05
9.0599e-06
2.1935e-05
2.3603e-04
0.0000e+00
2.1458e-06
0.0000e+00
5.9605e-06
2.1935e-05
3.8695e-04
3.0994e-05
1.4782e-05
2.2173e-05
2.0981e-05
2.0981e-05
9.5367e-07
2.1935e-05
1.0490e-04
0.0000e+00
0.0000e+00
2.1935e-05
1.9073e-06
2.2173e-05
2.8610e-06
0.0000e+00
5.9605e-06
0.0000e+00
5.1975e-05
2.9087e-05
1.1611e-04
2.0981e-05
2.2888e-05
2.2173e-05
2.2888e-05
2.0981e-05
2.1458e-06
0.0000e+00
2.9087e-05
2.0981e-05
2.0027e-05
2.0981e-05
2.4104e-04
2.1935e-05
3.3140e-05
3.0041e-05
9.5367e-07
2.2173e-05
1.9073e-06
2.1935e-05
2.5034e-05
2.2888e-05
2.4080e-05
9.5367e-07
4.1008e-05
2.2173e-05
2.8610e-06
0.0000e+00
2.8133e-05
2.1935e-05
2.3127e-05
2.0981e-05
1.5092e-04
0.0000e+00
9.5367e-07
2.2173e-05
1.9884e-04
2.2173e-05
4.0531e-06
0.0000e+00
3.1948e-05
0.0000e+00
4.0054e-05
2.2888e-05
2.0981e-05
2.1219e-05
7.3910e-05
0.0000e+00
5.1975e-05
2.1935e-05
2.1935e-05
2.0981e-05
1.4067e-05
2.2888e-05
9.5367e-07
2.1935e-05
1.0967e-05
0.0000e+00
4.1008e-05
2.2173e-05
2.3985e-04
2.2173e-05
2.2888e-05
2.0981e-05
3.1948e-05
2.1935e-05
2.2888e-05
2.2173e-05
1.8120e-05
0.0000e+00
4.7922e-05
9.5367e-07
4.1962e-05
2.2888e-05
1.2708e-04
2.1935e-05
2.0981e-05
2.1935e-05
2.2888e-05
0.0000e+00
4.2915e-05
0.0000e+00
5.1975e-05
2.1219e-05
2.0981e-05
2.0981e-05
2.2173e-05
2.8849e-05
1.5020e-05
2.3127e-05
2.0027e-05
2.1935e-05
2.1935e-05
2.0981e-05
2.2888e-05
2.0981e-05
3.2187e-05
2.0981e-05
2.3127e-05
2.1935e-05
2.2888e-05
2.0981e-05
9.5367e-07
3.1948e-05
2.1458e-06
2.1935e-05
2.5034e-05
2.4796e-05
1.8835e-05
2.1935e-05
2.1935e-05
2.0981e-05
3.4094e-05
2.1935e-05
2.3127e-05
2.1935e-05
2.1935e-05
2.0981e-05
1.5020e-05
2.3127e-05
2.1219e-05
2.0981e-05
2.5034e-05
2.0981e-05
2.4080e-05
0.0000e+00
4.1962e-05
2.0981e-05
1.8096e-04
9.5367e-07
9.5367e-07
2.1935e-05
9.5367e-07
2.0981e-05
2.9492e-04
0.0000e+00
9.5367e-07
2.3127e-05
9.5367e-07
2.0981e-05
1.5020e-05
2.0981e-05
2.1935e-05
2.0981e-05
2.2912e-04
2.0981e-05
2.5034e-05
2.1935e-05
2.0981e-05
2.2173e-05
3.0994e-06
9.5367e-07
1.5020e-05
2.4080e-05
1.7166e-05
2.1935e-05
1.6403e-04
2.1935e-05
2.1935e-05
2.2173e-05
2.2888e-05
0.0000e+00
5.4836e-05
2.2173e-05
7.2002e-05
9.5367e-07
9.5367e-07
2.0981e-05
1.3828e-05
2.9087e-05
1.3113e-05
2.1935e-05
2.0027e-05
2.1935e-05
2.0027e-05
2.1935e-05
9.5367e-07
2.0981e-05
3.3140e-05
0.0000e+00
4.1962e-05
2.0981e-05
2.1935e-05
2.0981e-05
2.2173e-05
2.0981e-05
1.5974e-05
2.2173e-05
3.1495e-04
0.0000e+00
9.5367e-07
2.1219e-05
1.7881e-05
2.2173e-05
3.3855e-05
2.2173e-05
9.5367e-07
2.0981e-05
1.0967e-05
2.1935e-05
2.3127e-05
0.0000e+00
4.1962e-05
1.1921e-06
3.2902e-05
2.1935e-05
1.9073e-05
2.0981e-05
2.0981e-05
2.1219e-05
9.4891e-05
2.1935e-05
2.4080e-05
2.0981e-05
1.1921e-06
2.1935e-05
1.1921e-05
2.0981e-05
2.2888e-05
3.2902e-05
1.0014e-05
2.1935e-05
2.1935e-05
2.0981e-05
1.2493e-04
0.0000e+00
2.2411e-04
0.0000e+00
9.5367e-07
2.2173e-05
2.8610e-06
9.5367e-07
1.1921e-06
2.1935e-05
9.5367e-07
2.0981e-05
9.5367e-07
3.0041e-05
3.8147e-06
9.5367e-07
1.7405e-04
0.0000e+00
2.1458e-06
0.0000e+00
4.0531e-06
2.1935e-05
2.1935e-05
2.1935e-05
1.3113e-05
2.1935e-05
9.5367e-07
2.0981e-05
8.8215e-06
2.1219e-05
1.6189e-04
2.0981e-05
1.6928e-05
2.3127e-05
2.1935e-05
2.1935e-05
1.7095e-04
0.0000e+00
4.2915e-05
2.1935e-05
1.9407e-04
9.5367e-07
9.5367e-07
2.0981e-05
0.0000e+00
2.0981e-05
9.5367e-07
2.2173e-05
9.5367e-07
2.9087e-05
1.9073e-06
2.1935e-05
2.0218e-04
0.0000e+00
9.5367e-07
2.2173e-05
6.7234e-05
9.5367e-07
9.5367e-07
2.0981e-05
1.5020e-05
2.1935e-05
2.9087e-05
2.4080e-05
2.0027e-05
2.1935e-05
2.4796e-05
2.1935e-05
9.5367e-07
2.1935e-05
1.5974e-05
9.5367e-07
4.1962e-05
2.1935e-05
2.9683e-04
1.1921e-06
9.5367e-07
2.1935e-05
9.5367e-07
2.1219e-05
9.5367e-07
2.0981e-05
9.5367e-07
2.9087e-05
1.2493e-04
0.0000e+00
0.0000e+00
2.2888e-05
9.5367e-07
2.1219e-05
5.9605e-06
0.0000e+00
4.4107e-05
2.1935e-05
2.2888e-05
2.1219e-05
2.5988e-05
2.1935e-05
1.3709e-04
2.2173e-05
2.4080e-05
3.0041e-05
1.4067e-05
2.1935e-05
2.3127e-05
2.1935e-05
2.1935e-05
2.1219e-05
2.1935e-05
2.1935e-05
2.0981e-05
2.0981e-05
2.3127e-05
2.0981e-05
3.1948e-05
2.0981e-05
9.5367e-07
2.2173e-05
5.9605e-06
2.1935e-05
2.1935e-05
2.1935e-05
9.5367e-07
2.0981e-05
3.9816e-04
2.1935e-05
9.5367e-07
2.2173e-05
1.0967e-05
0.0000e+00
4.0054e-05
2.1935e-05
9.5367e-07
2.2173e-05
1.8501e-04
0.0000e+00
1.7881e-05
2.2173e-05
2.1935e-05
2.0981e-05
2.6941e-05
0.0000e+00
4.0054e-05
2.1935e-05
2.1935e-05
2.1219e-05
2.1935e-05
2.0981e-05
9.5367e-07
2.7895e-05
1.5974e-05
2.1935e-05
9.5367e-07
2.0981e-05
3.5048e-05
2.4080e-05
9.5367e-07
2.1935e-05
9.0599e-06
2.0981e-05
2.6512e-04
0.0000e+00
3.6955e-05
2.1935e-05
2.3127e-05
2.1935e-05
1.8120e-05
0.0000e+00
6.9141e-06
2.3127e-05
3.0994e-05
2.1935e-05
2.0981e-05
2.1935e-05
9.5367e-07
2.0981e-05
1.0896e-04
2.0981e-05
2.1935e-05
2.0981e-05
2.8610e-06
9.5367e-07
2.9087e-05
2.9087e-05
1.6928e-05
0.0000e+00
4.4823e-05
0.0000e+00
6.9141e-06
2.1935e-05
3.7909e-05
2.0981e-05
2.2507e-04
0.0000e+00
1.1420e-04
9.5367e-07
1.9073e-06
0.0000e+00
5.0068e-06
2.2173e-05
2.2888e-05
2.1935e-05
2.4080e-05
2.9087e-05
1.4067e-05
2.2888e-05
3.1948e-05
2.0981e-05
2.1935e-05
2.0981e-05
2.1935e-05
2.2173e-05
2.1935e-05
2.1935e-05
2.2173e-05
2.0981e-05
2.0099e-04
1.1921e-06
4.1962e-05
2.0981e-05
1.0967e-05
2.3127e-05
9.5367e-07
2.0981e-05
2.2173e-05
2.0981e-05
2.1935e-05
2.1219e-05
2.0981e-05
2.1935e-05
2.1935e-05
2.0981e-05
2.2888e-05
0.0000e+00
4.1008e-05
2.1935e-05
1.5020e-05
2.2173e-05
3.0994e-05
2.1935e-05
2.4080e-05
2.1935e-05
2.2173e-05
2.0981e-05
2.1935e-05
2.0981e-05
2.3127e-05
2.0981e-05
2.0981e-05
2.1219e-05
2.0981e-05
2.8849e-05
1.8835e-05
2.4796e-05
2.9111e-04
2.0981e-05
2.1458e-06
2.1935e-05
2.4080e-05
2.0981e-05
2.2888e-05
2.0981e-05
2.1935e-05
2.0981e-05
9.5367e-07
2.2173e-05
1.9073e-06
2.1935e-05
2.0981e-05
2.1935e-05
1.5020e-05
2.2173e-05
3.0994e-05
2.0981e-05
2.2888e-05
2.0981e-05
2.2888e-05
2.1935e-05
2.2173e-05
2.0981e-05
2.1935e-05
2.8133e-05
1.5020e-05
2.1935e-05
2.2697e-04
2.1935e-05
7.8917e-05
2.1935e-05
3.5048e-05
9.5367e-07
4.1008e-05
0.0000e+00
4.1008e-05
2.2173e-05
1.9073e-06
2.1935e-05
3.0994e-06
9.5367e-07
1.5020e-05
0.0000e+00
3.2902e-05
2.3127e-05
2.0027e-05
2.1935e-05
2.8133e-05
2.0981e-05
1.6499e-04
0.0000e+00
4.3154e-05
2.1935e-05
9.5367e-07
2.0981e-05
2.0289e-04
2.2173e-05
2.1935e-05
2.1935e-05
2.1219e-05
3.0994e-05
1.1921e-05
2.1935e-05
2.2173e-05
2.1935e-05
2.0981e-05
2.0981e-05
1.1921e-06
2.0981e-05
2.2888e-05
2.1219e-05
1.1921e-06
2.0981e-05
1.0967e-05
2.1935e-05
2.1291e-04
2.3127e-05
2.9087e-05
0.0000e+00
3.6001e-05
2.1219e-05
7.3910e-05
0.0000e+00
3.0994e-06
2.1935e-05
2.4080e-05
2.1935e-05
2.9087e-05
0.0000e+00
3.6955e-05
2.2173e-05
9.5367e-07
2.0981e-05
2.5988e-05
2.1935e-05
2.0981e-05
2.1935e-05
2.1935e-05
2.1935e-05
1.1921e-06
2.0981e-05
4.6968e-05
2.0981e-05
3.0994e-05
2.0981e-05
2.1935e-05
2.1219e-05
9.5367e-07
2.9087e-05
6.9141e-06
9.5367e-07
4.0054e-05
2.2173e-05
3.4213e-04
2.1935e-05
2.2888e-05
2.0981e-05
2.3127e-05
2.1935e-05
4.0531e-06
0.0000e+00
1.7166e-05
2.1935e-05
2.4080e-05
2.0981e-05
1.5020e-05
2.2173e-05
9.5367e-07
2.0981e-05
3.4094e-05
9.5367e-07
2.1935e-05
2.2173e-05
2.2888e-05
2.0981e-05
2.7180e-05
0.0000e+00
3.7909e-05
2.0981e-05
3.3855e-05
2.1935e-05
2.3127e-05
2.6941e-05
2.2697e-04
2.4796e-05
2.0027e-05
2.1935e-05
2.0981e-05
2.2173e-05
1.6904e-04
1.1921e-06
4.3154e-05
2.1935e-05
2.0981e-05
2.0981e-05
1.0395e-04
2.0981e-05
3.0041e-05
0.0000e+00
3.6955e-05
2.9802e-05
1.0419e-04
9.5367e-07
9.5367e-07
2.0981e-05
1.1921e-06
2.0981e-05
9.5367e-07
2.0981e-05
7.3195e-05
0.0000e+00
5.6028e-05
2.4796e-05
1.1921e-06
2.0981e-05
5.0068e-05
2.1935e-05
1.3828e-05
2.1935e-05
2.2888e-05
0.0000e+00
4.2915e-05
0.0000e+00
4.4823e-05
2.1935e-05
1.9073e-05
2.1935e-05
3.1948e-05
2.2173e-05
2.1696e-04
0.0000e+00
0.0000e+00
2.1935e-05
1.1921e-06
2.0981e-05
2.1458e-06
2.2888e-05
9.5367e-07
2.2173e-05
3.6001e-05
2.1935e-05
2.1935e-05
2.0981e-05
3.3140e-05
0.0000e+00
4.1962e-05
2.1935e-05
2.2888e-05
2.0981e-05
2.1935e-05
2.0981e-05
2.2888e-05
3.0041e-05
1.5020e-05
2.0981e-05
2.1935e-05
2.2173e-05
3.5048e-05
2.0981e-05
1.2398e-04
0.0000e+00
4.3154e-05
2.1935e-05
1.5712e-04
2.0981e-05
2.3127e-05
0.0000e+00
4.1008e-05
2.0981e-05
1.1921e-06
2.1935e-05
5.9605e-06
0.0000e+00
4.4107e-05
2.1935e-05
2.1458e-06
2.0981e-05
3.0994e-05
2.5034e-05
1.9073e-06
2.0981e-05
1.1921e-06
2.0981e-05
9.5367e-07
2.0981e-05
1.9073e-06
2.1935e-05
1.0419e-04
0.0000e+00
0.0000e+00
2.2173e-05
1.1921e-06
2.1935e-05
4.0531e-06
2.1935e-05
3.2902e-05
2.1935e-05
2.4080e-05
2.0981e-05
9.5367e-07
2.1219e-05
3.7289e-04
0.0000e+00
0.0000e+00
2.2888e-05
9.5367e-07
2.1935e-05
0.0000e+00
2.0981e-05
9.5367e-07
2.0981e-05
2.2793e-04
0.0000e+00
9.5367e-07
2.2888e-05
9.5367e-07
2.2173e-05
2.8610e-06
9.5367e-07
1.1921e-06
3.0994e-05
9.5367e-07
2.0981e-05
1.1921e-06
2.0981e-05
1.4305e-04
0.0000e+00
4.5061e-05
9.5367e-07
4.3869e-05
1.1921e-06
4.3869e-05
9.5367e-07
4.1962e-05
2.2173e-05
2.1935e-05
2.0981e-05
1.8501e-04
0.0000e+00
0.0000e+00
3.2902e-05
2.1458e-06
2.1935e-05
9.5367e-07
2.0981e-05
9.5367e-07
2.0981e-05
9.5367e-07
2.0981e-05
9.5367e-07
2.0981e-05
2.8610e-06
0.0000e+00
6.9141e-06
2.1935e-05
2.0981e-05
2.9087e-05
1.5020e-05
2.0981e-05
3.3140e-05
2.0981e-05
2.3842e-05
2.0981e-05
3.9792e-04
2.1935e-05
2.4080e-05
2.1935e-05
2.1935e-05
2.0981e-05
2.4080e-05
0.0000e+00
4.6015e-05
3.0041e-05
1.1921e-05
2.1935e-05
1.7500e-04
0.0000e+00
1.1921e-06
2.1935e-05
9.5367e-07
2.0981e-05
1.1921e-06
2.0981e-05
8.8930e-05
2.2173e-05
2.4796e-05
0.0000e+00
4.3869e-05
0.0000e+00
2.5320e-04
9.5367e-07
9.5367e-07
2.9087e-05
2.8610e-06
0.0000e+00
1.1921e-06
2.1935e-05
9.5367e-07
2.2173e-05
1.1921e-06
2.0981e-05
9.5367e-07
2.0981e-05
2.3842e-05
2.2173e-05
9.5367e-07
2.1935e-05
9.0599e-06
2.9087e-05
2.2888e-04
2.2173e-05
2.2888e-05
2.2173e-05
3.4809e-05
0.0000e+00
4.1962e-05
2.0981e-05
2.2173e-05
2.0981e-05
2.0981e-05
2.1935e-05
2.3127e-05
9.5367e-07
4.1008e-05
2.1935e-05
1.5020e-05
2.1935e-05
1.9073e-06
2.2173e-05
1.9288e-04
2.5034e-05
2.2173e-05
2.0981e-05
9.5367e-07
2.1935e-05
1.0014e-05
2.2173e-05
2.2888e-05
2.0981e-05
6.6042e-05
2.9087e-05
1.8835e-05
0.0000e+00
6.9141e-06
2.2888e-05
1.1015e-04
2.0981e-05
9.5367e-07
2.0981e-05
2.1219e-05
2.1935e-05
2.5034e-05
0.0000e+00
2.9087e-05
9.5367e-07
2.5034e-05
2.2888e-05
3.3092e-04
3.0994e-05
1.4067e-05
0.0000e+00
4.2915e-05
2.1935e-05
2.0981e-05
2.0981e-05
2.1935e-05
2.2173e-05
9.5367e-07
2.0981e-05
1.8120e-05
2.0981e-05
9.5367e-07
2.0981e-05
1.0014e-05
2.0981e-05
1.3828e-05
2.3127e-05
1.1396e-04
2.0981e-05
2.3127e-05
2.0981e-05
2.1935e-05
2.0981e-05
2.3842e-05
1.1921e-06
5.6982e-05
2.1935e-05
2.1935e-05
2.2173e-05
2.2888e-05
2.1935e-05
1.1921e-05
2.1935e-05
2.4796e-04
0.0000e+00
0.0000e+00
2.1935e-05
0.0000e+00
2.0981e-05
2.1458e-06
2.0981e-05
3.1948e-05
2.1935e-05
1.1921e-06
2.0981e-05
9.5367e-07
2.0027e-05
2.8610e-06
0.0000e+00
3.0994e-05
2.2888e-05
2.2173e-05
2.1935e-05
2.2888e-05
2.0981e-05
9.5367e-07
2.0981e-05
1.7095e-04
2.0981e-05
2.1935e-05
2.1935e-05
3.3140e-05
2.0981e-05
1.5974e-05
2.1935e-05
2.4080e-05
2.4080e-05
2.0027e-05
2.0981e-05
2.0981e-05
2.0981e-05
3.4404e-04
9.5367e-07
9.5367e-07
2.1935e-05
9.5367e-07
2.2173e-05
9.5367e-07
2.1935e-05
1.9073e-06
2.1935e-05
0.0000e+00
2.1935e-05
9.5367e-07
2.0981e-05
2.7299e-04
2.1219e-05
2.3842e-05
2.0981e-05
2.5988e-05
2.1935e-05
9.5367e-07
2.1935e-05
2.5034e-05
3.0041e-05
1.4067e-05
2.1935e-05
8.7023e-05
2.2173e-05
2.4796e-05
1.1921e-06
4.1008e-05
2.1935e-05
2.0981e-05
2.1935e-05
2.0981e-05
2.0981e-05
2.1935e-05
2.1935e-05
3.3140e-05
2.7895e-05
1.5974e-05
2.2888e-05
2.0027e-05
2.0981e-05
2.2173e-05
2.0981e-05
2.0981e-05
2.1935e-05
2.0027e-05
2.1935e-05
2.1935e-05
2.0981e-05
3.2187e-05
2.1935e-05
2.6941e-05
3.3140e-05
1.9073e-06
2.1935e-05
9.5367e-07
2.0981e-05
4.2915e-05
0.0000e+00
4.1962e-05
2.2173e-05
2.6894e-04
2.1935e-05
6.5088e-05
9.5367e-07
1.0967e-05
2.0981e-05
9.5367e-07
2.1935e-05
6.1989e-06
2.1935e-05
1.9073e-06
2.2173e-05
6.9141e-06
2.1935e-05
2.1505e-04
2.0981e-05
2.7180e-05
2.1935e-05
2.1935e-05
2.0981e-05
2.2888e-05
2.1935e-05
3.3855e-05
2.9802e-05
1.5020e-05
2.2173e-05
9.5367e-07
2.0981e-05
1.0014e-05
2.0981e-05
9.5367e-07
2.1935e-05
1.1921e-05
2.0981e-05
1.4997e-04
2.0981e-05
2.3127e-05
2.0981e-05
1.8120e-05
2.2888e-05
3.0041e-05
2.1935e-05
2.3127e-05
9.5367e-07
4.1008e-05
2.0981e-05
5.5075e-05
2.0981e-05
2.3842e-05
2.2173e-05
2.6941e-05
2.5034e-05
9.5367e-07
2.0981e-05
3.0994e-06
0.0000e+00
5.2929e-05
0.0000e+00
4.2200e-05
2.1935e-05
2.0027e-05
2.1935e-05
2.2173e-05
2.0981e-05
3.8862e-05
0.0000e+00
9.5367e-07
2.1935e-05
1.6212e-05
2.0981e-05
2.4080e-05
9.5367e-07
5.1975e-05
0.0000e+00
4.4107e-05
3.0994e-05
1.2875e-05
2.1935e-05
2.0981e-05
2.0981e-05
2.0981e-05
2.0981e-05
2.0981e-05
2.1935e-05
3.7003e-04
2.2173e-05
1.3399e-04
2.1935e-05
3.3140e-05
2.1935e-05
1.2875e-05
2.3127e-05
1.0490e-04
2.0981e-05
2.3127e-05
2.1935e-05
9.3937e-05
0.0000e+00
9.5367e-07
2.1935e-05
1.1921e-06
2.0981e-05
2.3484e-04
2.1935e-05
9.5367e-07
2.0981e-05
1.0109e-04
0.0000e+00
1.9073e-06
0.0000e+00
1.1921e-05
2.3127e-05
2.0981e-05
2.1935e-05
2.4080e-05
2.0981e-05
5.5075e-05
2.1935e-05
2.4080e-05
2.0981e-05
9.5367e-07
2.0981e-05
2.0981e-05
2.8133e-05
1.7881e-05
0.0000e+00
3.7909e-05
2.4080e-05
1.9073e-05
2.1935e-05
2.1935e-05
2.0981e-05
2.1935e-05
2.0981e-05
2.2888e-05
2.2173e-05
2.5034e-05
2.1935e-05
7.5243e-02
