8.8279e-03
0.0000e+00
1.4997e-04
0.0000e+00
9.8944e-05
0.0000e+00
9.7036e-05
0.0000e+00
9.6083e-05
0.0000e+00
9.3937e-05
0.0000e+00
6.6042e-05
0.0000e+00
5.3883e-05
0.0000e+00
8.7976e-05
0.0000e+00
5.4836e-05
0.0000e+00
5.2929e-05
0.0000e+00
5.2929e-05
0.0000e+00
5.4121e-05
0.0000e+00
5.3167e-05
0.0000e+00
5.3167e-05
0.0000e+00
5.4121e-05
0.0000e+00
7.6056e-05
0.0000e+00
5.6028e-05
0.0000e+00
5.3883e-05
0.0000e+00
5.2929e-05
0.0000e+00
6.1035e-05
0.0000e+00
5.2929e-05
0.0000e+00
5.2929e-05
0.0000e+00
7.7009e-05
0.0000e+00
5.6982e-05
0.0000e+00
5.2929e-05
0.0000e+00
5.2929e-05
0.0000e+00
5.1975e-05
0.0000e+00
5.2929e-05
0.0000e+00
5.1975e-05
0.0000e+00
5.1975e-05
0.0000e+00
6.7949e-05
0.0000e+00
5.3883e-05
0.0000e+00
5.3167e-05
0.0000e+00
6.1989e-05
0.0000e+00
5.2929e-05
0.0000e+00
5.2929e-05
0.0000e+00
5.4121e-05
0.0000e+00
5.3167e-05
0.0000e+00
5.6982e-05
0.0000e+00
5.2929e-05
0.0000e+00
5.4121e-05
0.0000e+00
5.4121e-05
0.0000e+00
5.3883e-05
0.0000e+00
5.2929e-05
0.0000e+00
5.2929e-05
0.0000e+00
6.7949e-05
0.0000e+00
5.3883e-05
0.0000e+00
5.9128e-05
0.0000e+00
5.3883e-05
0.0000e+00
5.3883e-05
0.0000e+00
5.2929e-05
0.0000e+00
5.1975e-05
0.0000e+00
1.6809e-04
0.0000e+00
5.6028e-05
0.0000e+00
5.4121e-05
0.0000e+00
5.2929e-05
0.0000e+00
5.2929e-05
0.0000e+00
5.2929e-05
0.0000e+00
5.2929e-05
0.0000e+00
5.2929e-05
0.0000e+00
7.1049e-05
0.0000e+00
5.6028e-05
0.0000e+00
5.3883e-05
0.0000e+00
5.2929e-05
0.0000e+00
5.2929e-05
0.0000e+00
5.3167e-05
0.0000e+00
5.4121e-05
0.0000e+00
5.1975e-05
0.0000e+00
6.8903e-05
0.0000e+00
5.5075e-05
0.0000e+00
5.3167e-05
0.0000e+00
5.1975e-05
0.0000e+00
5.1975e-05
0.0000e+00
5.4121e-05
0.0000e+00
6.1035e-05
0.0000e+00
5.5075e-05
0.0000e+00
5.6982e-05
0.0000e+00
5.3883e-05
0.0000e+00
5.3883e-05
0.0000e+00
5.2929e-05
0.0000e+00
5.3167e-05
0.0000e+00
5.2929e-05
0.0000e+00
5.2929e-05
0.0000e+00
6.7949e-05
0.0000e+00
5.4836e-05
0.0000e+00
5.4121e-05
0.0000e+00
5.4121e-05
0.0000e+00
5.2929e-05
0.0000e+00
6.0797e-05
0.0000e+00
5.2929e-05
0.0000e+00
5.3167e-05
0.0000e+00
5.6982e-05
0.0000e+00
5.4121e-05
0.0000e+00
5.2929e-05
0.0000e+00
5.1975e-05
0.0000e+00
5.2929e-05
0.0000e+00
5.3883e-05
0.0000e+00
5.2929e-05
0.0000e+00
6.6996e-05
0.0000e+00
5.3883e-05
0.0000e+00
5.1975e-05
0.0000e+00
5.3883e-05
0.0000e+00
5.9128e-05
0.0000e+00
5.3167e-05
0.0000e+00
5.1975e-05
0.0000e+00
5.4121e-05
0.0000e+00
7.6056e-05
0.0000e+00
5.2929e-05
0.0000e+00
5.3883e-05
0.0000e+00
5.2929e-05
0.0000e+00
5.2929e-05
0.0000e+00
5.2929e-05
0.0000e+00
5.8889e-05
0.0000e+00
5.5790e-05
0.0000e+00
5.6028e-05
0.0000e+00
5.2929e-05
0.0000e+00
6.1035e-05
0.0000e+00
5.3883e-05
0.0000e+00
5.2929e-05
0.0000e+00
5.1975e-05
0.0000e+00
5.3883e-05
0.0000e+00
7.1049e-05
0.0000e+00
5.4121e-05
0.0000e+00
5.3883e-05
0.0000e+00
5.1975e-05
0.0000e+00
5.2929e-05
0.0000e+00
5.2929e-05
0.0000e+00
5.2929e-05
0.0000e+00
5.2929e-05
0.0000e+00
5.6028e-05
0.0000e+00
6.0081e-05
0.0000e+00
5.2214e-05
0.0000e+00
5.1975e-05
0.0000e+00
5.4121e-05
0.0000e+00
5.3167e-05
0.0000e+00
5.1022e-05
0.0000e+00
7.5102e-05
0.0000e+00
5.4121e-05
0.0000e+00
5.4121e-05
0.0000e+00
5.1975e-05
0.0000e+00
5.2929e-05
0.0000e+00
5.3883e-05
0.0000e+00
5.2929e-05
0.0000e+00
5.2929e-05
0.0000e+00
6.1035e-05
0.0000e+00
5.6028e-05
0.0000e+00
5.3167e-05
0.0000e+00
5.3167e-05
0.0000e+00
5.1975e-05
0.0000e+00
5.1975e-05
0.0000e+00
5.2929e-05
0.0000e+00
7.3910e-05
0.0000e+00
5.1975e-05
0.0000e+00
5.4121e-05
0.0000e+00
5.3167e-05
0.0000e+00
5.2214e-05
0.0000e+00
5.3167e-05
0.0000e+00
5.3167e-05
0.0000e+00
5.4121e-05
0.0000e+00
5.7220e-05
0.0000e+00
5.5075e-05
0.0000e+00
5.3883e-05
0.0000e+00
5.1975e-05
0.0000e+00
5.2929e-05
0.0000e+00
5.1975e-05
0.0000e+00
5.3883e-05
0.0000e+00
6.7949e-05
0.0000e+00
5.3883e-05
0.0000e+00
5.2929e-05
0.0000e+00
5.2929e-05
0.0000e+00
5.3167e-05
0.0000e+00
5.3167e-05
0.0000e+00
5.1975e-05
0.0000e+00
5.9128e-05
0.0000e+00
5.6982e-05
0.0000e+00
5.2929e-05
0.0000e+00
5.3883e-05
0.0000e+00
5.2929e-05
0.0000e+00
5.2929e-05
0.0000e+00
5.2929e-05
0.0000e+00
5.1022e-05
0.0000e+00
6.8903e-05
0.0000e+00
5.4121e-05
0.0000e+00
5.1975e-05
0.0000e+00
5.2929e-05
0.0000e+00
5.3883e-05
0.0000e+00
5.6028e-05
0.0000e+00
5.8889e-05
0.0000e+00
5.4121e-05
0.0000e+00
5.5075e-05
0.0000e+00
5.2929e-05
0.0000e+00
5.3167e-05
0.0000e+00
5.2214e-05
0.0000e+00
5.1975e-05
0.0000e+00
5.2929e-05
0.0000e+00
5.1022e-05
0.0000e+00
6.8903e-05
0.0000e+00
5.2929e-05
0.0000e+00
5.2929e-05
0.0000e+00
5.1975e-05
0.0000e+00
5.2929e-05
0.0000e+00
5.2929e-05
0.0000e+00
5.2929e-05
0.0000e+00
5.3883e-05
0.0000e+00
5.8889e-05
0.0000e+00
5.6028e-05
0.0000e+00
5.3883e-05
0.0000e+00
5.2929e-05
0.0000e+00
5.2929e-05
0.0000e+00
5.2929e-05
0.0000e+00
5.1975e-05
0.0000e+00
6.6042e-05
0.0000e+00
5.6028e-05
0.0000e+00
5.2929e-05
0.0000e+00
5.2929e-05
0.0000e+00
5.2929e-05
0.0000e+00
6.1035e-05
0.0000e+00
5.2929e-05
0.0000e+00
5.2929e-05
0.0000e+00
7.1049e-05
0.0000e+00
5.4121e-05
0.0000e+00
5.3167e-05
0.0000e+00
5.3167e-05
0.0000e+00
5.2929e-05
0.0000e+00
5.0783e-05
0.0000e+00
5.4121e-05
0.0000e+00
6.4135e-05
0.0000e+00
5.4836e-05
0.0000e+00
5.3883e-05
0.0000e+00
5.1975e-05
0.0000e+00
6.0081e-05
0.0000e+00
5.3167e-05
0.0000e+00
5.4121e-05
0.0000e+00
5.3883e-05
0.0000e+00
7.2002e-05
0.0000e+00
5.3883e-05
0.0000e+00
5.3883e-05
0.0000e+00
5.4121e-05
0.0000e+00
5.3167e-05
0.0000e+00
5.3167e-05
0.0000e+00
5.3167e-05
0.0000e+00
5.5075e-05
0.0000e+00
5.4836e-05
0.0000e+00
5.4121e-05
0.0000e+00
7.7009e-05
0.0000e+00
5.4121e-05
0.0000e+00
5.4121e-05
0.0000e+00
5.3883e-05
0.0000e+00
6.8903e-05
0.0000e+00
9.2983e-05
0.0000e+00
5.5075e-05
0.0000e+00
5.2929e-05
0.0000e+00
5.2929e-05
0.0000e+00
5.2929e-05
0.0000e+00
5.4121e-05
0.0000e+00
5.2929e-05
0.0000e+00
6.2943e-05
0.0000e+00
8.7023e-05
0.0000e+00
5.2929e-05
0.0000e+00
5.2929e-05
0.0000e+00
5.2214e-05
0.0000e+00
5.3167e-05
0.0000e+00
5.3167e-05
0.0000e+00
5.3167e-05
0.0000e+00
7.2002e-05
0.0000e+00
5.2929e-05
0.0000e+00
5.1975e-05
0.0000e+00
8.5115e-05
0.0000e+00
7.7009e-05
0.0000e+00
7.3910e-05
0.0000e+00
5.7220e-05
0.0000e+00
5.3167e-05
0.0000e+00
7.4148e-05
0.0000e+00
5.5075e-05
0.0000e+00
8.4877e-05
0.0000e+00
8.0824e-05
0.0000e+00
7.7009e-05
0.0000e+00
7.1049e-05
0.0000e+00
6.4135e-05
0.0000e+00
5.3167e-05
0.0000e+00
5.6982e-05
0.0000e+00
5.9843e-05
0.0000e+00
8.7976e-05
0.0000e+00
6.1989e-05
0.0000e+00
5.1975e-05
0.0000e+00
5.2214e-05
0.0000e+00
5.5075e-05
0.0000e+00
1.1897e-04
0.0000e+00
8.1062e-05
0.0000e+00
5.5075e-05
0.0000e+00
5.3883e-05
0.0000e+00
5.2929e-05
0.0000e+00
5.2929e-05
0.0000e+00
5.3883e-05
0.0000e+00
5.3167e-05
0.0000e+00
5.6982e-05
0.0000e+00
5.3883e-05
0.0000e+00
5.3883e-05
0.0000e+00
5.1975e-05
0.0000e+00
5.2929e-05
0.0000e+00
5.1975e-05
0.0000e+00
5.1975e-05
0.0000e+00
6.9141e-05
0.0000e+00
5.3883e-05
0.0000e+00
5.3883e-05
0.0000e+00
5.2929e-05
0.0000e+00
5.2929e-05
0.0000e+00
5.1975e-05
0.0000e+00
6.0081e-05
0.0000e+00
5.3167e-05
0.0000e+00
5.6982e-05
0.0000e+00
5.3883e-05
0.0000e+00
5.1975e-05
0.0000e+00
5.3167e-05
0.0000e+00
5.1022e-05
0.0000e+00
5.2929e-05
0.0000e+00
5.2929e-05
0.0000e+00
6.5088e-05
0.0000e+00
5.6982e-05
0.0000e+00
5.3167e-05
0.0000e+00
5.3167e-05
0.0000e+00
5.2929e-05
0.0000e+00
6.0797e-05
0.0000e+00
5.4121e-05
0.0000e+00
5.1975e-05
0.0000e+00
7.1049e-05
0.0000e+00
5.3883e-05
0.0000e+00
5.1975e-05
0.0000e+00
5.2929e-05
0.0000e+00
5.2929e-05
0.0000e+00
5.2929e-05
0.0000e+00
5.1975e-05
0.0000e+00
5.3167e-05
0.0000e+00
5.6028e-05
0.0000e+00
5.3167e-05
0.0000e+00
5.2929e-05
0.0000e+00
5.8889e-05
0.0000e+00
5.4836e-05
0.0000e+00
5.2929e-05
0.0000e+00
5.2929e-05
0.0000e+00
7.1049e-05
0.0000e+00
5.4836e-05
0.0000e+00
5.2929e-05
0.0000e+00
5.1975e-05
0.0000e+00
5.4121e-05
0.0000e+00
5.3167e-05
0.0000e+00
5.3167e-05
0.0000e+00
5.3167e-05
0.0000e+00
5.4836e-05
0.0000e+00
5.2929e-05
0.0000e+00
5.3167e-05
0.0000e+00
5.4836e-05
0.0000e+00
5.2929e-05
0.0000e+00
5.2929e-05
0.0000e+00
5.2929e-05
0.0000e+00
7.0095e-05
0.0000e+00
5.2929e-05
0.0000e+00
5.3883e-05
0.0000e+00
5.1975e-05
0.0000e+00
5.2929e-05
0.0000e+00
5.2929e-05
0.0000e+00
5.4121e-05
0.0000e+00
5.3167e-05
0.0000e+00
5.6028e-05
0.0000e+00
5.1975e-05
0.0000e+00
6.1035e-05
0.0000e+00
5.3883e-05
0.0000e+00
5.1975e-05
0.0000e+00
5.2929e-05
0.0000e+00
5.2929e-05
0.0000e+00
6.8903e-05
0.0000e+00
5.6028e-05
0.0000e+00
5.6028e-05
0.0000e+00
5.2929e-05
0.0000e+00
5.1975e-05
0.0000e+00
5.1975e-05
0.0000e+00
5.2929e-05
0.0000e+00
5.1975e-05
0.0000e+00
6.8903e-05
0.0000e+00
6.1035e-05
0.0000e+00
5.2214e-05
0.0000e+00
5.3167e-05
0.0000e+00
5.3167e-05
0.0000e+00
5.3167e-05
0.0000e+00
5.1975e-05
0.0000e+00
5.1975e-05
0.0000e+00
5.6028e-05
0.0000e+00
5.2929e-05
0.0000e+00
5.2929e-05
0.0000e+00
5.2929e-05
0.0000e+00
5.2929e-05
0.0000e+00
5.1975e-05
0.0000e+00
5.2929e-05
0.0000e+00
7.4148e-05
0.0000e+00
5.3883e-05
0.0000e+00
5.2929e-05
0.0000e+00
5.1022e-05
0.0000e+00
5.1975e-05
0.0000e+00
5.4121e-05
0.0000e+00
5.2929e-05
0.0000e+00
5.3167e-05
0.0000e+00
5.6028e-05
0.0000e+00
5.3883e-05
0.0000e+00
5.2929e-05
0.0000e+00
5.1975e-05
0.0000e+00
5.1975e-05
0.0000e+00
5.1975e-05
0.0000e+00
5.3167e-05
0.0000e+00
8.0824e-05
0.0000e+00
5.3883e-05
0.0000e+00
5.4121e-05
0.0000e+00
5.1975e-05
0.0000e+00
5.3167e-05
0.0000e+00
5.3167e-05
0.0000e+00
5.3167e-05
0.0000e+00
5.3167e-05
0.0000e+00
5.6028e-05
0.0000e+00
5.2929e-05
0.0000e+00
5.2929e-05
0.0000e+00
5.2929e-05
0.0000e+00
5.2929e-05
0.0000e+00
5.3167e-05
0.0000e+00
6.0081e-05
0.0000e+00
6.8903e-05
0.0000e+00
5.3883e-05
0.0000e+00
5.4121e-05
0.0000e+00
5.2214e-05
0.0000e+00
5.3167e-05
0.0000e+00
5.3167e-05
0.0000e+00
5.3167e-05
0.0000e+00
5.3167e-05
0.0000e+00
5.6982e-05
0.0000e+00
5.3167e-05
0.0000e+00
5.4121e-05
0.0000e+00
5.2214e-05
0.0000e+00
5.4121e-05
0.0000e+00
5.1022e-05
0.0000e+00
5.4121e-05
0.0000e+00
7.0095e-05
0.0000e+00
5.6028e-05
0.0000e+00
5.5075e-05
0.0000e+00
5.2929e-05
0.0000e+00
5.2929e-05
0.0000e+00
5.2929e-05
0.0000e+00
5.3883e-05
0.0000e+00
5.1975e-05
0.0000e+00
5.5075e-05
0.0000e+00
5.1975e-05
0.0000e+00
5.2929e-05
0.0000e+00
5.4121e-05
0.0000e+00
5.3167e-05
0.0000e+00
6.1035e-05
0.0000e+00
5.1975e-05
0.0000e+00
5.2929e-05
0.0000e+00
5.3883e-05
0.0000e+00
5.1975e-05
0.0000e+00
5.3883e-05
0.0000e+00
5.1975e-05
0.0000e+00
5.1975e-05
0.0000e+00
5.2929e-05
0.0000e+00
5.2929e-05
0.0000e+00
6.6996e-05
0.0000e+00
5.2929e-05
0.0000e+00
5.1975e-05
0.0000e+00
5.4121e-05
0.0000e+00
5.8889e-05
0.0000e+00
5.4836e-05
0.0000e+00
5.2929e-05
0.0000e+00
5.2929e-05
0.0000e+00
5.6028e-05
0.0000e+00
5.2929e-05
0.0000e+00
5.2929e-05
0.0000e+00
5.2929e-05
0.0000e+00
5.3883e-05
0.0000e+00
5.2929e-05
0.0000e+00
5.1975e-05
0.0000e+00
6.6996e-05
0.0000e+00
5.2929e-05
0.0000e+00
5.2929e-05
0.0000e+00
5.2929e-05
0.0000e+00
5.4836e-05
0.0000e+00
5.4121e-05
0.0000e+00
5.1975e-05
0.0000e+00
5.3167e-05
0.0000e+00
5.6982e-05
0.0000e+00
5.2929e-05
0.0000e+00
5.2929e-05
0.0000e+00
5.2929e-05
0.0000e+00
5.4121e-05
0.0000e+00
5.4121e-05
0.0000e+00
5.1975e-05
0.0000e+00
5.2929e-05
0.0000e+00
5.6028e-05
0.0000e+00
5.1975e-05
0.0000e+00
6.0797e-05
0.0000e+00
5.2929e-05
0.0000e+00
5.2929e-05
0.0000e+00
5.2929e-05
0.0000e+00
5.2929e-05
0.0000e+00
7.1049e-05
0.0000e+00
5.3883e-05
0.0000e+00
5.3883e-05
0.0000e+00
5.2929e-05
0.0000e+00
5.1975e-05
0.0000e+00
5.2929e-05
0.0000e+00
5.3883e-05
0.0000e+00
5.2929e-05
0.0000e+00
5.6982e-05
0.0000e+00
6.0081e-05
0.0000e+00
5.2929e-05
0.0000e+00
5.2929e-05
0.0000e+00
5.2929e-05
0.0000e+00
5.4121e-05
0.0000e+00
5.3167e-05
0.0000e+00
7.4148e-05
0.0000e+00
5.3167e-05
0.0000e+00
5.4121e-05
0.0000e+00
5.3883e-05
0.0000e+00
5.2929e-05
0.0000e+00
5.1975e-05
0.0000e+00
5.2929e-05
0.0000e+00
5.2929e-05
0.0000e+00
6.2943e-05
0.0000e+00
5.4121e-05
0.0000e+00
5.3167e-05
0.0000e+00
5.3167e-05
0.0000e+00
5.4121e-05
0.0000e+00
5.1975e-05
0.0000e+00
5.2214e-05
0.0000e+00
6.6996e-05
0.0000e+00
5.6028e-05
0.0000e+00
5.3167e-05
0.0000e+00
5.2929e-05
0.0000e+00
5.1975e-05
0.0000e+00
5.2929e-05
0.0000e+00
5.1975e-05
0.0000e+00
6.1035e-05
0.0000e+00
6.9141e-05
0.0000e+00
5.5075e-05
0.0000e+00
5.1975e-05
0.0000e+00
5.2929e-05
0.0000e+00
5.1975e-05
0.0000e+00
5.3883e-05
0.0000e+00
5.1975e-05
0.0000e+00
5.2929e-05
0.0000e+00
5.6028e-05
0.0000e+00
5.3167e-05
0.0000e+00
5.4121e-05
0.0000e+00
5.2929e-05
0.0000e+00
5.3883e-05
0.0000e+00
5.1975e-05
0.0000e+00
5.3883e-05
0.0000e+00
6.6996e-05
0.0000e+00
5.6028e-05
0.0000e+00
5.2929e-05
0.0000e+00
5.1975e-05
0.0000e+00
5.3883e-05
0.0000e+00
5.3883e-05
0.0000e+00
5.6028e-05
0.0000e+00
5.2929e-05
0.0000e+00
7.0095e-05
0.0000e+00
5.5075e-05
0.0000e+00
5.2929e-05
0.0000e+00
5.2929e-05
0.0000e+00
5.4121e-05
0.0000e+00
5.6028e-05
0.0000e+00
5.4121e-05
0.0000e+00
5.2929e-05
0.0000e+00
5.6028e-05
0.0000e+00
5.2929e-05
0.0000e+00
5.2929e-05
0.0000e+00
5.1975e-05
0.0000e+00
5.1022e-05
0.0000e+00
5.2929e-05
0.0000e+00
5.2929e-05
0.0000e+00
6.7949e-05
0.0000e+00
5.2929e-05
0.0000e+00
5.3883e-05
0.0000e+00
5.1975e-05
0.0000e+00
6.0081e-05
0.0000e+00
5.3167e-05
0.0000e+00
5.3167e-05
0.0000e+00
5.1975e-05
0.0000e+00
5.5075e-05
0.0000e+00
5.3883e-05
0.0000e+00
5.3883e-05
0.0000e+00
5.1975e-05
0.0000e+00
5.1975e-05
0.0000e+00
5.1975e-05
0.0000e+00
5.2929e-05
0.0000e+00
6.6996e-05
0.0000e+00
5.4121e-05
0.0000e+00
5.3167e-05
0.0000e+00
5.9128e-05
0.0000e+00
5.2929e-05
0.0000e+00
5.2929e-05
0.0000e+00
5.2929e-05
0.0000e+00
5.4121e-05
0.0000e+00
5.6028e-05
0.0000e+00
5.2929e-05
0.0000e+00
5.1975e-05
0.0000e+00
5.2929e-05
0.0000e+00
5.4836e-05
0.0000e+00
5.2929e-05
0.0000e+00
5.1975e-05
0.0000e+00
6.5088e-05
0.0000e+00
5.6028e-05
0.0000e+00
5.8889e-05
0.0000e+00
5.3167e-05
0.0000e+00
5.4121e-05
0.0000e+00
5.1975e-05
0.0000e+00
5.3167e-05
0.0000e+00
5.2929e-05
0.0000e+00
7.2956e-05
0.0000e+00
5.1975e-05
0.0000e+00
5.1975e-05
0.0000e+00
5.2929e-05
0.0000e+00
5.3883e-05
0.0000e+00
5.2929e-05
0.0000e+00
5.1975e-05
0.0000e+00
6.4850e-05
0.0000e+00
5.5075e-05
0.0000e+00
6.0797e-05
0.0000e+00
5.2929e-05
0.0000e+00
5.2929e-05
0.0000e+00
5.5075e-05
0.0000e+00
5.3167e-05
0.0000e+00
5.2214e-05
0.0000e+00
5.7936e-05
0.0000e+00
5.2929e-05
0.0000e+00
5.4121e-05
0.0000e+00
5.1975e-05
0.0000e+00
5.1975e-05
0.0000e+00
5.2929e-05
0.0000e+00
5.1975e-05
0.0000e+00
6.6996e-05
0.0000e+00
5.9843e-05
0.0000e+00
5.4121e-05
0.0000e+00
5.3167e-05
0.0000e+00
5.2214e-05
0.0000e+00
5.4121e-05
0.0000e+00
5.3883e-05
0.0000e+00
5.2929e-05
0.0000e+00
5.6028e-05
0.0000e+00
5.2929e-05
0.0000e+00
5.2929e-05
0.0000e+00
5.2929e-05
0.0000e+00
5.1975e-05
0.0000e+00
5.2929e-05
0.0000e+00
5.2929e-05
0.0000e+00
7.6056e-05
0.0000e+00
5.3883e-05
0.0000e+00
5.2929e-05
0.0000e+00
5.1975e-05
0.0000e+00
5.2929e-05
0.0000e+00
5.2214e-05
0.0000e+00
5.2214e-05
0.0000e+00
5.4121e-05
0.0000e+00
5.5075e-05
0.0000e+00
5.1022e-05
0.0000e+00
5.3167e-05
0.0000e+00
5.3167e-05
0.0000e+00
5.2214e-05
0.0000e+00
5.3167e-05
0.0000e+00
5.3167e-05
0.0000e+00
7.2956e-05
0.0000e+00
5.6028e-05
0.0000e+00
5.4121e-05
0.0000e+00
5.4121e-05
0.0000e+00
5.3167e-05
0.0000e+00
5.2214e-05
0.0000e+00
5.1975e-05
0.0000e+00
5.1975e-05
0.0000e+00
5.6982e-05
0.0000e+00
5.3883e-05
0.0000e+00
5.1975e-05
0.0000e+00
5.2929e-05
0.0000e+00
5.3883e-05
0.0000e+00
5.2929e-05
0.0000e+00
6.0081e-05
0.0000e+00
6.9141e-05
0.0000e+00
5.6028e-05
0.0000e+00
5.3167e-05
0.0000e+00
5.1975e-05
0.0000e+00
5.2929e-05
0.0000e+00
5.4121e-05
0.0000e+00
5.1975e-05
0.0000e+00
5.2929e-05
0.0000e+00
6.7949e-05
0.0000e+00
5.4121e-05
0.0000e+00
5.3167e-05
0.0000e+00
5.3167e-05
0.0000e+00
5.3167e-05
0.0000e+00
6.1989e-05
0.0000e+00
5.4121e-05
0.0000e+00
5.3167e-05
0.0000e+00
5.6982e-05
0.0000e+00
5.3167e-05
0.0000e+00
5.1975e-05
0.0000e+00
5.2929e-05
0.0000e+00
5.2929e-05
0.0000e+00
5.2929e-05
0.0000e+00
5.1975e-05
0.0000e+00
6.6996e-05
0.0000e+00
5.2929e-05
0.0000e+00
5.1975e-05
0.0000e+00
5.1975e-05
0.0000e+00
5.3167e-05
0.0000e+00
6.0081e-05
0.0000e+00
5.1975e-05
0.0000e+00
5.1975e-05
0.0000e+00
5.4836e-05
0.0000e+00
5.2929e-05
0.0000e+00
5.2929e-05
0.0000e+00
5.1975e-05
0.0000e+00
5.2929e-05
0.0000e+00
5.1975e-05
0.0000e+00
5.2929e-05
0.0000e+00
6.9857e-05
0.0000e+00
5.4121e-05
0.0000e+00
5.3883e-05
0.0000e+00
5.4836e-05
0.0000e+00
6.0081e-05
0.0000e+00
5.2929e-05
0.0000e+00
5.2929e-05
0.0000e+00
5.1975e-05
0.0000e+00
5.6028e-05
0.0000e+00
5.3883e-05
0.0000e+00
5.1975e-05
0.0000e+00
5.2929e-05
0.0000e+00
5.2929e-05
0.0000e+00
5.1022e-05
0.0000e+00
5.2929e-05
0.0000e+00
7.2956e-05
0.0000e+00
5.5790e-05
0.0000e+00
5.1975e-05
0.0000e+00
6.0081e-05
0.0000e+00
5.2929e-05
0.0000e+00
5.2929e-05
0.0000e+00
5.1975e-05
0.0000e+00
5.3167e-05
0.0000e+00
7.0810e-05
0.0000e+00
5.4121e-05
0.0000e+00
5.3167e-05
0.0000e+00
5.6028e-05
0.0000e+00
5.3883e-05
0.0000e+00
5.3883e-05
0.0000e+00
5.1975e-05
0.0000e+00
5.2929e-05
0.0000e+00
5.6028e-05
0.0000e+00
5.9128e-05
0.0000e+00
5.2929e-05
0.0000e+00
5.2929e-05
0.0000e+00
5.2929e-05
0.0000e+00
5.2929e-05
0.0000e+00
5.1975e-05
0.0000e+00
7.0810e-05
0.0000e+00
5.2929e-05
0.0000e+00
5.4121e-05
0.0000e+00
5.2929e-05
0.0000e+00
5.3883e-05
0.0000e+00
5.2929e-05
0.0000e+00
5.2929e-05
0.0000e+00
5.3167e-05
0.0000e+00
5.6028e-05
0.0000e+00
5.4836e-05
0.0000e+00
5.1975e-05
0.0000e+00
5.2929e-05
0.0000e+00
5.2929e-05
0.0000e+00
5.2929e-05
0.0000e+00
5.2929e-05
0.0000e+00
6.8903e-05
0.0000e+00
5.6028e-05
0.0000e+00
5.1975e-05
0.0000e+00
5.2929e-05
0.0000e+00
5.1975e-05
0.0000e+00
5.1975e-05
0.0000e+00
5.4121e-05
0.0000e+00
5.3883e-05
0.0000e+00
7.4863e-05
0.0000e+00
5.4121e-05
0.0000e+00
5.3167e-05
0.0000e+00
5.3167e-05
0.0000e+00
5.3167e-05
0.0000e+00
5.4121e-05
0.0000e+00
5.3883e-05
0.0000e+00
5.2929e-05
0.0000e+00
5.6982e-05
0.0000e+00
5.2929e-05
0.0000e+00
5.2929e-05
0.0000e+00
5.1975e-05
0.0000e+00
5.1975e-05
0.0000e+00
5.1975e-05
0.0000e+00
5.8889e-05
0.0000e+00
7.2956e-05
0.0000e+00
5.3883e-05
0.0000e+00
5.2929e-05
0.0000e+00
5.2929e-05
0.0000e+00
5.1975e-05
0.0000e+00
5.1975e-05
0.0000e+00
5.1975e-05
0.0000e+00
5.2929e-05
0.0000e+00
5.6028e-05
0.0000e+00
5.2929e-05
0.0000e+00
5.1975e-05
0.0000e+00
5.2929e-05
0.0000e+00
5.1975e-05
0.0000e+00
5.2929e-05
0.0000e+00
5.5075e-05
0.0000e+00
7.0095e-05
0.0000e+00
5.4836e-05
0.0000e+00
5.2929e-05
0.0000e+00
5.3883e-05
0.0000e+00
5.2929e-05
0.0000e+00
5.1975e-05
0.0000e+00
5.1975e-05
0.0000e+00
5.2929e-05
0.0000e+00
7.0095e-05
0.0000e+00
5.1975e-05
0.0000e+00
5.3167e-05
0.0000e+00
5.1022e-05
0.0000e+00
5.1975e-05
0.0000e+00
5.8889e-05
0.0000e+00
5.2929e-05
0.0000e+00
5.2929e-05
0.0000e+00
5.6982e-05
0.0000e+00
5.1975e-05
0.0000e+00
5.2214e-05
0.0000e+00
5.3167e-05
0.0000e+00
5.3167e-05
0.0000e+00
5.4121e-05
0.0000e+00
5.1975e-05
0.0000e+00
6.7949e-05
0.0000e+00
5.2929e-05
0.0000e+00
5.2929e-05
0.0000e+00
5.2929e-05
0.0000e+00
6.0081e-05
0.0000e+00
5.3883e-05
0.0000e+00
5.2929e-05
0.0000e+00
5.2929e-05
0.0000e+00
5.6982e-05
0.0000e+00
5.2929e-05
0.0000e+00
5.3883e-05
0.0000e+00
5.2929e-05
0.0000e+00
5.2929e-05
0.0000e+00
5.2929e-05
0.0000e+00
5.3883e-05
0.0000e+00
6.7949e-05
0.0000e+00
5.4121e-05
0.0000e+00
5.3167e-05
0.0000e+00
5.1975e-05
0.0000e+00
5.4121e-05
0.0000e+00
5.2929e-05
0.0000e+00
5.2929e-05
0.0000e+00
5.1975e-05
0.0000e+00
5.6982e-05
0.0000e+00
5.3167e-05
0.0000e+00
5.4121e-05
0.0000e+00
5.4121e-05
0.0000e+00
5.1975e-05
0.0000e+00
5.2929e-05
0.0000e+00
5.2929e-05
0.0000e+00
6.7949e-05
0.0000e+00
5.2929e-05
0.0000e+00
5.3883e-05
0.0000e+00
6.0081e-05
0.0000e+00
5.5075e-05
0.0000e+00
5.1975e-05
0.0000e+00
5.2929e-05
0.0000e+00
5.1975e-05
0.0000e+00
5.6028e-05
0.0000e+00
5.3883e-05
0.0000e+00
5.1975e-05
0.0000e+00
5.2929e-05
0.0000e+00
5.3883e-05
0.0000e+00
5.1975e-05
0.0000e+00
5.2929e-05
0.0000e+00
8.3923e-05
0.0000e+00
5.4836e-05
0.0000e+00
6.1035e-05
0.0000e+00
5.2929e-05
0.0000e+00
5.2929e-05
0.0000e+00
5.1975e-05
0.0000e+00
5.1975e-05
0.0000e+00
5.1975e-05
0.0000e+00
5.6982e-05
0.0000e+00
5.1975e-05
0.0000e+00
5.2929e-05
0.0000e+00
5.2929e-05
0.0000e+00
5.3883e-05
0.0000e+00
5.3883e-05
0.0000e+00
5.1975e-05
0.0000e+00
6.6996e-05
0.0000e+00
5.9843e-05
0.0000e+00
5.2929e-05
0.0000e+00
5.4121e-05
0.0000e+00
5.4121e-05
0.0000e+00
5.2929e-05
0.0000e+00
5.2929e-05
0.0000e+00
5.2929e-05
0.0000e+00
5.6028e-05
0.0000e+00
5.4121e-05
0.0000e+00
5.1975e-05
0.0000e+00
5.2929e-05
0.0000e+00
5.3883e-05
0.0000e+00
5.2929e-05
0.0000e+00
5.4121e-05
0.0000e+00
6.9141e-05
0.0000e+00
5.4836e-05
0.0000e+00
5.3883e-05
0.0000e+00
5.4121e-05
0.0000e+00
5.3167e-05
0.0000e+00
5.3167e-05
0.0000e+00
5.3167e-05
0.0000e+00
5.3167e-05
0.0000e+00
5.5075e-05
0.0000e+00
5.2929e-05
0.0000e+00
5.2929e-05
0.0000e+00
5.2929e-05
0.0000e+00
5.2929e-05
0.0000e+00
5.1975e-05
0.0000e+00
5.2929e-05
0.0000e+00
7.7963e-05
0.0000e+00
5.2929e-05
0.0000e+00
5.1975e-05
0.0000e+00
5.2929e-05
0.0000e+00
5.2929e-05
0.0000e+00
5.2929e-05
0.0000e+00
5.2929e-05
0.0000e+00
5.1975e-05
0.0000e+00
5.6028e-05
0.0000e+00
5.3167e-05
0.0000e+00
5.4121e-05
0.0000e+00
5.1975e-05
0.0000e+00
5.1975e-05
0.0000e+00
5.1975e-05
0.0000e+00
5.9128e-05
0.0000e+00
6.7949e-05
0.0000e+00
5.6028e-05
0.0000e+00
5.1975e-05
0.0000e+00
5.2929e-05
0.0000e+00
5.2929e-05
0.0000e+00
5.1975e-05
0.0000e+00
5.2929e-05
0.0000e+00
5.3883e-05
0.0000e+00
6.7949e-05
0.0000e+00
5.2929e-05
0.0000e+00
5.3167e-05
0.0000e+00
5.4121e-05
0.0000e+00
5.2929e-05
0.0000e+00
5.2929e-05
0.0000e+00
8.7976e-05
0.0000e+00
8.7976e-05
0.0000e+00
6.0081e-05
0.0000e+00
5.3167e-05
0.0000e+00
5.3167e-05
0.0000e+00
5.1975e-05
0.0000e+00
5.4121e-05
0.0000e+00
5.3167e-05
0.0000e+00
5.4121e-05
0.0000e+00
6.7949e-05
0.0000e+00
5.5075e-05
0.0000e+00
5.1975e-05
0.0000e+00
5.9843e-05
0.0000e+00
5.4121e-05
0.0000e+00
5.2929e-05
0.0000e+00
5.2929e-05
0.0000e+00
5.2929e-05
0.0000e+00
5.7220e-05
0.0000e+00
5.4121e-05
0.0000e+00
5.3167e-05
0.0000e+00
5.1022e-05
0.0000e+00
5.2929e-05
0.0000e+00
5.1975e-05
0.0000e+00
5.2929e-05
0.0000e+00
6.6996e-05
0.0000e+00
5.4121e-05
0.0000e+00
5.9843e-05
0.0000e+00
5.1975e-05
0.0000e+00
5.2929e-05
0.0000e+00
5.3883e-05
0.0000e+00
5.1975e-05
0.0000e+00
5.1975e-05
0.0000e+00
5.6028e-05
0.0000e+00
5.4121e-05
0.0000e+00
5.1975e-05
0.0000e+00
5.3167e-05
0.0000e+00
5.1975e-05
0.0000e+00
5.2929e-05
0.0000e+00
5.2929e-05
0.0000e+00
6.5088e-05
0.0000e+00
5.5075e-05
0.0000e+00
5.5075e-05
0.0000e+00
5.2929e-05
0.0000e+00
5.3883e-05
0.0000e+00
5.2929e-05
0.0000e+00
5.3883e-05
0.0000e+00
5.2929e-05
0.0000e+00
7.2956e-05
0.0000e+00
5.3883e-05
8.0167e-02
