8.8620e-03
1.8170e-03
1.4997e-04
1.9789e-05
1.0300e-04
4.0531e-06
9.4175e-05
1.7881e-05
9.2983e-05
7.1526e-06
9.2983e-05
4.0531e-06
9.4891e-05
3.6955e-05
2.1458e-06
2.5034e-05
9.2983e-05
1.2159e-05
9.7036e-05
1.5974e-05
9.1791e-05
1.0967e-05
1.0180e-04
1.4782e-05
9.3937e-05
1.4067e-05
9.5367e-07
9.4175e-05
9.5129e-05
9.0599e-06
9.4891e-05
6.1989e-06
9.2030e-05
1.3113e-05
9.5129e-05
5.0068e-06
9.4175e-05
4.0531e-06
9.7036e-05
5.0068e-06
9.2983e-05
3.0994e-06
9.2983e-05
3.0994e-06
9.2983e-05
2.8610e-06
9.2030e-05
2.8610e-06
1.1992e-04
4.0531e-06
9.0122e-05
3.0994e-06
1.0204e-04
1.8120e-05
9.2030e-05
3.0994e-06
9.0122e-05
9.0599e-06
9.9182e-05
4.0531e-06
9.2030e-05
1.0967e-05
9.4891e-05
4.0531e-06
9.4891e-05
7.8678e-06
9.4175e-05
4.0531e-06
9.2030e-05
1.0967e-05
9.1076e-05
1.0014e-05
9.7990e-05
3.0994e-06
9.2983e-05
7.1526e-06
9.1076e-05
1.2159e-05
2.1458e-06
1.0967e-05
2.2888e-05
3.8147e-06
9.3937e-05
4.0531e-06
9.4891e-05
1.2159e-05
1.1921e-06
1.5688e-04
9.5367e-07
5.9605e-06
9.4175e-05
1.0014e-05
2.1458e-06
6.6996e-05
1.9073e-06
8.8930e-05
9.3937e-05
1.0967e-05
9.2030e-05
1.2159e-05
1.2994e-04
1.1921e-05
9.5367e-07
9.5129e-05
9.5129e-05
3.8147e-06
9.2030e-05
1.0014e-05
9.5367e-07
1.1921e-05
9.1791e-05
5.0068e-06
9.7036e-05
9.0599e-06
1.1921e-06
2.8610e-06
9.0837e-05
4.2915e-05
9.5367e-07
1.2875e-05
9.3937e-05
3.0994e-06
9.4175e-05
1.2875e-05
9.5367e-07
3.0994e-06
9.5129e-05
4.9114e-05
9.2030e-05
5.0068e-06
9.3937e-05
3.0994e-06
9.2030e-05
4.0531e-06
9.2030e-05
9.0599e-06
1.2803e-04
1.0967e-05
9.5367e-07
1.3828e-05
9.5367e-07
3.4094e-05
9.5367e-07
9.0122e-05
9.6083e-05
5.9605e-06
9.2030e-05
5.9605e-06
9.0837e-05
1.0967e-05
9.2030e-05
1.5020e-05
1.1921e-06
1.0896e-04
9.5844e-05
7.8678e-06
9.6798e-05
3.8147e-06
9.3937e-05
4.0531e-06
9.4175e-05
2.8610e-06
9.4891e-05
3.8147e-06
9.0837e-05
3.0994e-06
9.1076e-05
2.1458e-06
1.0109e-04
2.8610e-06
1.1587e-04
1.1380e-03
9.5367e-07
9.5129e-05
9.8944e-05
4.0531e-06
9.5129e-05
3.0994e-06
9.1076e-05
4.0531e-06
9.1076e-05
3.6001e-05
1.1921e-06
1.9073e-06
9.8944e-05
4.0531e-06
9.5129e-05
1.1921e-05
1.9073e-06
3.0994e-06
9.4175e-05
9.7752e-06
1.9073e-06
3.0994e-06
9.2030e-05
5.9605e-06
9.6798e-05
4.0531e-06
9.2983e-05
4.0531e-06
9.9182e-05
8.0991e-04
1.9073e-06
1.0681e-04
1.0109e-04
3.0994e-06
1.2207e-04
3.8147e-06
9.3937e-05
2.8610e-06
8.9884e-05
3.0994e-06
8.9169e-05
2.8610e-06
9.0837e-05
4.0531e-06
8.9884e-05
7.8678e-06
8.9884e-05
5.0068e-06
9.6083e-05
9.0599e-06
9.7990e-05
1.9503e-04
1.1921e-06
9.7990e-05
1.1921e-06
9.0122e-05
9.2983e-05
1.2875e-05
9.5367e-07
2.1458e-06
9.2030e-05
1.0967e-05
9.3937e-05
2.1458e-06
9.4175e-05
3.8147e-06
9.2983e-05
7.8678e-06
9.2030e-05
3.0994e-06
9.0122e-05
2.8610e-06
9.2983e-05
9.0599e-06
9.2030e-05
6.8903e-05
9.3937e-05
2.7990e-04
9.2983e-05
1.1921e-05
9.5367e-07
8.7976e-05
9.3937e-05
4.0531e-06
9.5844e-05
3.8147e-06
1.0204e-04
1.1921e-05
2.1458e-06
6.9141e-06
1.1921e-06
9.1076e-05
9.2030e-05
1.1921e-05
9.3937e-05
8.1062e-06
9.4891e-05
1.0014e-05
1.9073e-06
5.9605e-06
9.1791e-05
4.0531e-06
1.1921e-04
5.0068e-06
1.1182e-04
5.0068e-06
9.4891e-05
1.0014e-05
9.6083e-05
2.8610e-06
9.3937e-05
8.1062e-06
9.1791e-05
4.0531e-06
9.1076e-05
8.1062e-06
9.2030e-05
5.0068e-06
9.4891e-05
9.0599e-06
9.3937e-05
9.0599e-06
9.5367e-07
6.9141e-06
8.9884e-05
3.0994e-06
9.1076e-05
6.9141e-06
9.2983e-05
6.9141e-06
9.5367e-07
6.9141e-06
9.4891e-05
4.0531e-06
1.1897e-04
4.0531e-06
9.2983e-05
1.0014e-05
9.3937e-05
6.9141e-06
9.2983e-05
4.0531e-06
9.3937e-05
7.8678e-06
9.2983e-05
8.8215e-06
9.5367e-07
7.2002e-05
9.5367e-07
3.0994e-06
9.5129e-05
4.0531e-06
9.0837e-05
1.4067e-05
2.1458e-06
1.9073e-06
9.2983e-05
7.8678e-06
9.2983e-05
7.1526e-06
9.1076e-05
7.8678e-06
9.5367e-07
1.6212e-04
9.5367e-07
7.1526e-06
9.5367e-07
7.1526e-06
1.9073e-06
3.0994e-06
9.5129e-05
7.7009e-05
1.0490e-04
4.0531e-06
9.5129e-05
3.0994e-06
9.8944e-05
8.1062e-06
1.1921e-06
6.4135e-05
9.5367e-07
8.9169e-05
9.6083e-05
1.0014e-05
9.5367e-07
1.7881e-05
9.4891e-05
2.8610e-06
9.4891e-05
9.0599e-06
9.5367e-07
6.0081e-05
9.7036e-05
5.9605e-06
9.2983e-05
4.0531e-06
9.2030e-05
4.0531e-06
9.3937e-05
3.0994e-06
9.2030e-05
5.0068e-06
9.4175e-05
1.6928e-05
9.5367e-07
4.0531e-06
1.0514e-04
1.0014e-05
9.6083e-05
9.0599e-06
2.1458e-06
8.8215e-06
9.2983e-05
7.1526e-06
1.9073e-06
1.7166e-05
9.7036e-05
1.0395e-04
2.1458e-06
1.9073e-06
9.2030e-05
3.0994e-06
9.2983e-05
1.0014e-05
1.0705e-04
5.0068e-06
9.1076e-05
7.8678e-06
9.2983e-05
9.0599e-06
9.5367e-07
3.0994e-06
9.2983e-05
4.0531e-06
9.2983e-05
3.0994e-06
9.2983e-05
2.8610e-06
9.1076e-05
3.8147e-06
9.3937e-05
4.0531e-06
9.1076e-05
2.8610e-06
9.2030e-05
1.6928e-05
9.2030e-05
6.9141e-06
9.1076e-05
6.9141e-06
9.3937e-05
3.0994e-06
9.2030e-05
5.0068e-06
9.6083e-05
3.0994e-06
1.2016e-04
4.0531e-06
9.7990e-05
4.0531e-06
9.4175e-05
1.1921e-05
9.2030e-05
4.0531e-06
9.3937e-05
2.8610e-06
9.1791e-05
3.0994e-06
9.5129e-05
2.8610e-06
9.0837e-05
4.0531e-06
1.2302e-04
4.0531e-06
9.2983e-05
2.8610e-06
9.1791e-05
3.0994e-06
9.1076e-05
1.5020e-05
2.1458e-06
2.8610e-06
9.1791e-05
7.1526e-06
9.3222e-05
1.9073e-06
8.9884e-05
7.1526e-06
1.3113e-04
8.8215e-06
9.2030e-05
1.0014e-05
9.7990e-05
3.0994e-06
9.2983e-05
8.1062e-06
9.2030e-05
6.9141e-06
9.2983e-05
3.0994e-06
9.2983e-05
8.1062e-06
9.2030e-05
1.8835e-05
9.2983e-05
5.0068e-06
9.6083e-05
1.4067e-05
9.6083e-05
6.9141e-06
9.6083e-05
7.8678e-06
9.3937e-05
2.8610e-06
8.8930e-05
6.9141e-06
8.9884e-05
6.1989e-06
1.2398e-04
8.1062e-06
9.4891e-05
1.0967e-05
9.5367e-07
1.0967e-05
9.5367e-07
5.9605e-06
9.2983e-05
5.9605e-06
9.3937e-05
8.1062e-06
9.4175e-05
3.8147e-06
9.3937e-05
1.4067e-05
9.5367e-07
3.8147e-06
1.1706e-04
1.4067e-05
9.3937e-05
3.0994e-06
9.2983e-05
3.0994e-06
9.1076e-05
2.8610e-06
9.4891e-05
3.8147e-06
9.4891e-05
1.0014e-05
9.5367e-07
9.1076e-05
9.1076e-05
4.0531e-06
9.1076e-05
5.0068e-06
9.7990e-05
4.0531e-06
9.2030e-05
2.8610e-06
9.1076e-05
1.0967e-05
1.1921e-06
7.2956e-05
9.5129e-05
1.0967e-05
1.9073e-06
1.1802e-04
9.5367e-07
8.9884e-05
1.0586e-04
4.0531e-06
9.2983e-05
1.0014e-05
9.5367e-07
7.3910e-05
9.5367e-07
8.7976e-05
9.9897e-05
4.0531e-06
9.5129e-05
2.8610e-06
9.2983e-05
2.0027e-05
8.9169e-05
6.9141e-06
1.0085e-04
4.0531e-06
9.2030e-05
3.0994e-06
1.1086e-04
5.0068e-06
9.2983e-05
2.8610e-06
9.0837e-05
3.0994e-06
9.2983e-05
8.1062e-06
2.1458e-06
3.1233e-05
1.9073e-06
9.1076e-05
1.0300e-04
3.0994e-06
9.4175e-05
8.1062e-06
9.2030e-05
4.0531e-06
9.5129e-05
4.0531e-06
8.7976e-05
2.8610e-06
9.1076e-05
3.0994e-06
8.8930e-05
3.0994e-06
9.0122e-05
8.1062e-06
9.5367e-07
4.6968e-05
1.1921e-06
8.7976e-05
9.6083e-05
1.1921e-05
1.1921e-06
6.2943e-05
9.3937e-05
4.0531e-06
9.1076e-05
2.6941e-05
9.2983e-05
8.1062e-06
2.1458e-06
8.7023e-05
1.0490e-04
3.0994e-06
9.1076e-05
2.8610e-06
9.1076e-05
2.8610e-06
9.1791e-05
5.0068e-06
9.3937e-05
4.0531e-06
9.3937e-05
5.0068e-06
9.4175e-05
1.0014e-05
8.8930e-05
1.5020e-05
9.5367e-07
3.0994e-06
1.0610e-04
7.8678e-06
9.3937e-05
3.0994e-06
9.2983e-05
7.8678e-06
9.4891e-05
3.0994e-06
9.0837e-05
8.1062e-06
9.0837e-05
9.0599e-06
2.1458e-06
1.9073e-06
9.4891e-05
4.0531e-06
1.0109e-04
3.0994e-06
9.2983e-05
4.0531e-06
1.4496e-04
5.0068e-06
1.2183e-04
1.6928e-05
1.1921e-06
2.8610e-06
9.2030e-05
6.9141e-06
9.1791e-05
3.0994e-06
9.3937e-05
9.7752e-06
9.5367e-07
3.0994e-06
9.2983e-05
2.8610e-06
9.5844e-05
4.0531e-06
9.4891e-05
4.0531e-06
9.2983e-05
3.0994e-06
9.0837e-05
4.0531e-06
9.2030e-05
3.0994e-06
9.3937e-05
4.0531e-06
1.0109e-04
4.0531e-06
9.2983e-05
4.0531e-06
9.2983e-05
3.8147e-06
1.1802e-04
5.0068e-06
9.5129e-05
2.8610e-06
9.2983e-05
3.0994e-06
9.4891e-05
1.9073e-06
9.2983e-05
4.0531e-06
1.0610e-04
5.0068e-06
9.3937e-05
4.0531e-06
9.1076e-05
5.9605e-06
9.6083e-05
3.8147e-06
9.2983e-05
4.0531e-06
9.1076e-05
3.8147e-06
9.2983e-05
5.0068e-06
9.2030e-05
1.8120e-05
2.1458e-06
3.0994e-06
9.1791e-05
3.0994e-06
9.5129e-05
5.0068e-06
9.2983e-05
3.0994e-06
9.1076e-05
4.0531e-06
9.1076e-05
2.8610e-06
9.0837e-05
4.0531e-06
9.1076e-05
3.8147e-06
1.0395e-04
5.0068e-06
9.2983e-05
4.0531e-06
1.1706e-04
3.8147e-06
9.2030e-05
2.8610e-06
9.1076e-05
4.0531e-06
9.2983e-05
3.8147e-06
9.2030e-05
3.0994e-06
9.4175e-05
4.0531e-06
1.0109e-04
3.0994e-06
9.1076e-05
5.0068e-06
9.2030e-05
1.0014e-05
1.1921e-06
2.8610e-06
9.5844e-05
3.0994e-06
9.2983e-05
5.0068e-06
9.5129e-05
3.8147e-06
9.3937e-05
4.0531e-06
1.0109e-04
5.0068e-06
9.1076e-05
2.8610e-06
1.1683e-04
5.0068e-06
9.4891e-05
3.8147e-06
9.2030e-05
2.8610e-06
9.0837e-05
7.8678e-06
9.5367e-07
2.8610e-06
9.2030e-05
1.9073e-06
8.9884e-05
5.0068e-06
1.0490e-04
4.0531e-06
1.1802e-04
5.0068e-06
8.9884e-05
3.0994e-06
9.1076e-05
2.8610e-06
9.0837e-05
3.0994e-06
9.1076e-05
3.0994e-06
9.1076e-05
4.0531e-06
9.0837e-05
4.0531e-06
9.1076e-05
1.0967e-05
9.5367e-07
8.1062e-06
1.1921e-06
3.2902e-05
9.3222e-05
1.1921e-05
1.1921e-06
9.0837e-05
9.4891e-05
2.8610e-06
9.2983e-05
3.0994e-06
9.6083e-05
3.0994e-06
9.4891e-05
4.0531e-06
9.2983e-05
1.2159e-05
1.9073e-06
8.1062e-06
2.1458e-06
8.7023e-05
9.4891e-05
4.0531e-06
9.3937e-05
2.8610e-06
9.2030e-05
2.8610e-06
9.0837e-05
3.0994e-06
9.6083e-05
4.3154e-05
9.6083e-05
1.7881e-05
9.5367e-07
7.9870e-05
1.9073e-06
3.8147e-06
9.7990e-05
3.8147e-06
9.3937e-05
3.0994e-06
9.3937e-05
2.8610e-06
9.1076e-05
2.8610e-06
9.1791e-05
1.0967e-05
1.9073e-06
3.0994e-06
1.0800e-04
3.0994e-06
9.3937e-05
5.9605e-06
9.2030e-05
4.0531e-06
9.0837e-05
4.0531e-06
9.2983e-05
2.8610e-06
9.1791e-05
4.0531e-06
9.2030e-05
2.8610e-06
9.2983e-05
4.0531e-06
9.5844e-05
3.0994e-06
1.3018e-04
1.0014e-05
2.1458e-06
1.9073e-06
9.6798e-05
3.0994e-06
9.2030e-05
3.0994e-06
9.1076e-05
8.1062e-06
1.1921e-06
7.8678e-06
9.5367e-07
9.7036e-05
9.3937e-05
3.0994e-06
9.3937e-05
8.1062e-06
9.2983e-05
5.0068e-06
9.7036e-05
3.0994e-06
9.3937e-05
3.0994e-06
9.1076e-05
3.0994e-06
9.2030e-05
3.0994e-06
8.9884e-05
2.1458e-06
1.0109e-04
2.8610e-06
9.0837e-05
1.0014e-05
1.1921e-06
1.0014e-05
1.1921e-06
5.6982e-05
9.5129e-05
8.1062e-06
9.5367e-07
9.7752e-06
9.5367e-07
9.2030e-05
9.5844e-05
3.0994e-06
9.3937e-05
3.0994e-06
9.3937e-05
3.0994e-06
9.2983e-05
4.0531e-06
9.1076e-05
5.0068e-06
9.6083e-05
4.0531e-06
9.2030e-05
4.0531e-06
9.2030e-05
4.0531e-06
9.4891e-05
8.1062e-06
1.9073e-06
3.0994e-06
9.3937e-05
7.1526e-06
1.1921e-06
9.1076e-05
9.5844e-05
4.0531e-06
9.2983e-05
1.0967e-05
9.5367e-07
6.7949e-05
9.2983e-05
5.9605e-06
9.3937e-05
4.0531e-06
9.4175e-05
9.0599e-06
1.9073e-06
7.1049e-05
1.0800e-04
4.0531e-06
9.4175e-05
5.0068e-06
9.1076e-05
3.0994e-06
1.1992e-04
4.0531e-06
9.1076e-05
2.8610e-06
9.1076e-05
7.8678e-06
1.9073e-06
1.0800e-04
9.2983e-05
2.1935e-05
9.3937e-05
4.0531e-06
9.3937e-05
4.0531e-06
9.3222e-05
2.8610e-06
1.1802e-04
1.0014e-05
9.5367e-07
3.0994e-06
9.4175e-05
7.8678e-06
9.5367e-07
9.0122e-05
9.2983e-05
1.0014e-05
9.5367e-07
1.9073e-05
9.5844e-05
5.0068e-06
9.2983e-05
4.0531e-06
9.2030e-05
4.0531e-06
9.5129e-05
4.0531e-06
9.2983e-05
1.0014e-05
9.5367e-07
3.0994e-06
9.2983e-05
4.0531e-06
9.3937e-05
3.0994e-06
1.0204e-04
3.8147e-06
9.4891e-05
5.0068e-06
9.2983e-05
9.0599e-06
9.5367e-07
3.0041e-05
9.5367e-07
4.0531e-06
9.3937e-05
3.0994e-06
9.1076e-05
3.8147e-06
9.2983e-05
2.8610e-06
9.1076e-05
3.0994e-06
1.0514e-04
1.1206e-05
1.9073e-06
2.6941e-05
9.3937e-05
3.0994e-06
9.0122e-05
4.0531e-06
9.7990e-05
4.0531e-06
9.2030e-05
1.0014e-05
2.1458e-06
8.8215e-06
9.5367e-07
7.1526e-06
2.1458e-06
1.1921e-04
1.0610e-04
5.0068e-06
9.2030e-05
4.0531e-06
9.5129e-05
2.8610e-06
9.0837e-05
3.8147e-06
9.2983e-05
3.0994e-06
9.1076e-05
3.0994e-06
9.2983e-05
4.0531e-06
9.4175e-05
9.0599e-06
1.9073e-06
1.5020e-05
1.0014e-04
3.0994e-06
9.2983e-05
4.0531e-06
9.2030e-05
2.8610e-06
1.1802e-04
3.0994e-06
9.2030e-05
3.0994e-06
9.1076e-05
2.8610e-06
9.1791e-05
9.0599e-06
1.1921e-06
1.0014e-05
1.0204e-04
1.0014e-05
9.2030e-05
1.0014e-05
9.5367e-07
4.0531e-06
1.0109e-04
4.0531e-06
9.3937e-05
3.0994e-06
9.2983e-05
3.0994e-06
9.1076e-05
4.0531e-06
9.1076e-05
1.5020e-05
9.3937e-05
9.0599e-06
9.4175e-05
5.0068e-06
9.5844e-05
3.0994e-06
1.1802e-04
4.0531e-06
9.2030e-05
2.8610e-06
8.8930e-05
4.0531e-06
9.1076e-05
3.0994e-06
9.2030e-05
9.0599e-06
2.1458e-06
7.1526e-06
1.1921e-06
1.8120e-05
1.1921e-06
1.3113e-05
1.1921e-06
9.1791e-05
9.2030e-05
5.0068e-06
9.3937e-05
4.0531e-06
9.1076e-05
8.3923e-05
9.5844e-05
2.8610e-06
9.2983e-05
3.9101e-05
1.9073e-06
9.6083e-05
9.2030e-05
1.2875e-05
1.9073e-06
8.6069e-05
9.2983e-05
4.0531e-06
1.1897e-04
5.0068e-06
9.6083e-05
3.8147e-06
9.2030e-05
3.0994e-06
9.2983e-05
8.1062e-06
1.9073e-06
2.0981e-05
1.9073e-06
9.3937e-05
9.4891e-05
1.2159e-05
9.5367e-07
9.2030e-05
9.7036e-05
8.8215e-06
9.5367e-07
9.1076e-05
9.5367e-07
7.0095e-05
9.5367e-07
9.0837e-05
1.0991e-04
3.7193e-05
9.5367e-07
9.2030e-05
9.4891e-05
5.9605e-06
9.3937e-05
5.0068e-06
9.4891e-05
9.0599e-06
1.1921e-06
9.2030e-05
9.2983e-05
8.8215e-06
9.2030e-05
5.0068e-06
9.6083e-05
3.8147e-06
9.2030e-05
5.9605e-06
9.4175e-05
3.8147e-06
9.3937e-05
4.0531e-06
9.2030e-05
9.0599e-06
9.2983e-05
3.0994e-06
9.2983e-05
4.0531e-06
1.2589e-04
1.1921e-05
9.5367e-07
8.7976e-05
9.6083e-05
9.0599e-06
9.5367e-07
4.0531e-06
9.0837e-05
5.9605e-06
8.9884e-05
9.0599e-06
9.5367e-07
1.2159e-05
9.1076e-05
7.8678e-06
9.0837e-05
3.0994e-06
1.2517e-04
1.2159e-05
9.5367e-07
3.0994e-06
9.2983e-05
2.8610e-06
9.2030e-05
4.0531e-06
9.3937e-05
9.0599e-06
9.5367e-07
3.8147e-06
9.0837e-05
4.0531e-06
9.5129e-05
1.4400e-04
9.5367e-07
1.0610e-04
9.6083e-05
1.0967e-05
9.5367e-07
6.0797e-05
9.4891e-05
3.0994e-06
9.2983e-05
9.0599e-06
1.1921e-06
9.0599e-06
9.2983e-05
4.1962e-05
9.3937e-05
2.8610e-06
9.2030e-05
3.3855e-05
9.5367e-07
7.9870e-05
9.0837e-05
5.9605e-06
9.2030e-05
4.0531e-06
9.2983e-05
3.0994e-06
9.5129e-05
1.0967e-05
9.5367e-07
2.5988e-05
9.2983e-05
3.0994e-06
9.6083e-05
4.0531e-06
1.0180e-04
1.0014e-05
9.5367e-07
6.1989e-06
1.9073e-06
9.5844e-05
9.2983e-05
2.8610e-06
9.3937e-05
4.0531e-06
9.2983e-05
3.0994e-06
9.2030e-05
1.0014e-05
9.5367e-07
3.8147e-06
9.2983e-05
1.9073e-06
1.0204e-04
6.3896e-05
9.5129e-05
5.0068e-06
9.2983e-05
1.0014e-05
9.5367e-07
3.0994e-06
9.3937e-05
8.8215e-06
9.5367e-07
1.9073e-06
9.2983e-05
9.0599e-06
9.5367e-07
2.8610e-06
9.6083e-05
9.9897e-05
1.9073e-06
7.1526e-06
9.5367e-07
8.1062e-06
2.1458e-06
2.8610e-06
9.2983e-05
5.9605e-06
9.3937e-05
9.7752e-06
9.5367e-07
6.9141e-06
9.5367e-07
3.0994e-06
9.6083e-05
3.8147e-06
9.3937e-05
5.0068e-06
9.5129e-05
4.0531e-06
9.2030e-05
9.0599e-06
1.1921e-06
3.0994e-06
9.1076e-05
5.0068e-06
9.4175e-05
5.0068e-06
9.0837e-05
2.8610e-06
9.2030e-05
4.0531e-06
9.1076e-05
3.0994e-06
9.6083e-05
4.0531e-06
9.2983e-05
4.0531e-06
1.0109e-04
2.8610e-06
1.1396e-04
5.9605e-06
9.2030e-05
4.0531e-06
9.1076e-05
3.8147e-06
9.4891e-05
1.1821e-03
9.5367e-07
2.8610e-06
9.7036e-05
3.0994e-06
9.0122e-05
9.0599e-06
9.5367e-07
1.9073e-06
9.5844e-05
2.1458e-06
1.2302e-04
4.0531e-06
9.7036e-05
4.0531e-06
9.2030e-05
5.0068e-06
9.7036e-05
4.0531e-06
9.2983e-05
4.0531e-06
9.2030e-05
3.0994e-06
1.0300e-04
1.0014e-05
9.5367e-07
3.0994e-06
1.2016e-04
1.1921e-05
9.5367e-07
3.0994e-06
9.2983e-05
3.0994e-06
9.2030e-05
3.0994e-06
9.2983e-05
4.0531e-06
9.2983e-05
2.8610e-06
9.1076e-05
3.0994e-06
1.0300e-04
4.0531e-06
1.2398e-04
5.0068e-06
9.3937e-05
3.0994e-06
9.2030e-05
3.0994e-06
9.2983e-05
4.0531e-06
9.4175e-05
2.8610e-06
9.4891e-05
2.8610e-06
9.2983e-05
3.0994e-06
9.1076e-05
1.3113e-05
1.1921e-06
8.1062e-06
9.5367e-07
2.0981e-05
9.2030e-05
9.0599e-06
1.1921e-06
2.8610e-06
9.1791e-05
2.8610e-06
9.0837e-05
3.0994e-06
9.1076e-05
1.2875e-05
9.5367e-07
3.1948e-05
9.2983e-05
1.9073e-05
9.5367e-07
3.0994e-06
9.2983e-05
4.7684e-06
9.3937e-05
5.0068e-06
9.7990e-05
4.0531e-06
9.2030e-05
7.4148e-05
1.1921e-06
1.9073e-06
9.6798e-05
1.9073e-06
9.6083e-05
2.1458e-06
1.0395e-04
3.0994e-06
1.1611e-04
3.8147e-06
9.4891e-05
5.0068e-06
9.3937e-05
7.8678e-06
9.5367e-07
2.1458e-06
9.3937e-05
3.0994e-06
9.0837e-05
9.0599e-06
9.5367e-07
6.9141e-06
1.1921e-06
3.0994e-06
9.2030e-05
9.0599e-06
9.5367e-07
1.0014e-05
1.9073e-06
1.9073e-06
9.2983e-05
9.0599e-06
9.5367e-07
3.0994e-06
9.3937e-05
4.0531e-06
9.5129e-05
2.8610e-06
9.4891e-05
2.0027e-05
9.5129e-05
2.8610e-06
9.4891e-05
8.1062e-06
1.1921e-06
6.1989e-06
1.4091e-04
5.1022e-05
9.5367e-07
1.5974e-05
9.5367e-07
6.9141e-06
9.5367e-07
3.0994e-06
1.0610e-04
4.0531e-06
9.6083e-05
1.9073e-06
9.6083e-05
1.0014e-05
9.5367e-07
3.0994e-06
9.7036e-05
3.0994e-06
1.2398e-04
5.0068e-06
9.5129e-05
2.8610e-06
1.0300e-04
3.8147e-06
9.4891e-05
1.0014e-05
2.1458e-06
4.6968e-05
9.5367e-07
8.9884e-05
9.5129e-05
3.0994e-06
9.5129e-05
2.8610e-06
9.7990e-05
4.0531e-06
1.2112e-04
4.0531e-06
9.3937e-05
4.0531e-06
9.6083e-05
3.0994e-06
9.1076e-05
3.0994e-06
9.0122e-05
4.0531e-06
9.1076e-05
3.0994e-06
9.2030e-05
4.0531e-06
9.7990e-05
1.1921e-05
9.5367e-07
4.0054e-05
1.0705e-04
3.0994e-06
9.2983e-05
3.8147e-06
9.2030e-05
3.8147e-06
8.9884e-05
3.8147e-06
9.2030e-05
3.0994e-06
9.1076e-05
5.0068e-06
9.7036e-05
1.0014e-05
2.1458e-06
3.0994e-06
1.0514e-04
4.0531e-06
9.2983e-05
8.1062e-06
9.5367e-07
2.8610e-06
9.3937e-05
4.0531e-06
9.6083e-05
4.0531e-06
9.2983e-05
4.0531e-06
9.2983e-05
3.8147e-06
1.1802e-04
4.0531e-06
9.2983e-05
3.8147e-06
9.1076e-05
9.0599e-06
9.5367e-07
3.2187e-05
9.7990e-05
5.0068e-06
9.4891e-05
9.0599e-06
9.5367e-07
2.1458e-06
9.3937e-05
4.0531e-06
9.3222e-05
1.0014e-05
9.5367e-07
9.0599e-06
1.9073e-06
7.6056e-05
1.0300e-04
9.0599e-06
9.5367e-07
1.0991e-04
9.4175e-05
4.0531e-06
9.2983e-05
1.3113e-05
1.1921e-06
8.9884e-05
9.4891e-05
5.0068e-06
9.2030e-05
4.0531e-06
9.2030e-05
5.0068e-06
9.7036e-05
4.0531e-06
9.5844e-05
1.0967e-05
9.5367e-07
2.1458e-06
9.2983e-05
4.0531e-06
9.2030e-05
1.0014e-05
9.5367e-07
8.9884e-05
9.6083e-05
4.0531e-06
9.4891e-05
1.1921e-05
1.2517e-04
9.7752e-06
1.9073e-06
9.1076e-05
9.5129e-05
2.8610e-06
9.6083e-05
4.0531e-06
9.2983e-05
4.0531e-06
9.2030e-05
2.8610e-06
9.6083e-05
1.0014e-05
9.5367e-07
3.0994e-06
9.6083e-05
5.9605e-06
9.6083e-05
4.0531e-06
9.1076e-05
4.0531e-06
9.3937e-05
3.0994e-06
9.0122e-05
4.0531e-06
9.0837e-05
4.0531e-06
9.1076e-05
9.0599e-06
2.1458e-06
8.1062e-06
9.5367e-07
2.6941e-05
1.1921e-06
5.0068e-06
1.4305e-04
3.8147e-06
9.2983e-05
2.8610e-06
9.2030e-05
3.0994e-06
9.1076e-05
3.0994e-06
9.1076e-05
4.0531e-06
9.3937e-05
2.8610e-06
9.3937e-05
1.1921e-05
9.2983e-05
1.3113e-05
9.7036e-05
4.0531e-06
9.4891e-05
4.0531e-06
9.2983e-05
4.0531e-06
9.2030e-05
4.0531e-06
9.2983e-05
4.0531e-06
9.5129e-05
1.9073e-06
9.0837e-05
2.8610e-06
1.2183e-04
1.0014e-05
2.1458e-06
1.9073e-06
9.7036e-05
3.0994e-06
9.1076e-05
3.0994e-06
9.1076e-05
2.8610e-06
9.1076e-05
3.0994e-06
9.2983e-05
4.0531e-06
9.1076e-05
3.0994e-06
1.2112e-04
5.0068e-06
1.0014e-04
4.0531e-06
9.2030e-05
4.0531e-06
9.1076e-05
5.0068e-06
9.1791e-05
3.8147e-06
9.3937e-05
4.0531e-06
9.2983e-05
4.0531e-06
9.4175e-05
5.0068e-06
9.8944e-05
4.0531e-06
9.2983e-05
9.0599e-06
9.5367e-07
1.9073e-06
9.1076e-05
4.0531e-06
9.5129e-05
4.0531e-06
9.4175e-05
3.8147e-06
9.0837e-05
2.8610e-06
9.2983e-05
8.8215e-06
2.8849e-05
9.0599e-06
1.9073e-06
7.8678e-06
9.5367e-07
5.5075e-05
2.1458e-06
8.2970e-05
9.4891e-05
4.1008e-05
9.5367e-07
8.9884e-05
9.3937e-05
5.0068e-06
9.3937e-05
4.0531e-06
9.2983e-05
5.0068e-06
9.2983e-05
1.4067e-05
1.3208e-04
1.0967e-05
1.9073e-06
7.8201e-05
9.6083e-05
3.0994e-06
9.4891e-05
7.8678e-06
1.9073e-06
5.0068e-06
9.2030e-05
3.0994e-06
9.2030e-05
9.0599e-06
1.1921e-06
1.0014e-05
9.1076e-05
4.0531e-06
1.2708e-04
4.0531e-06
9.7990e-05
4.0531e-06
9.4891e-05
4.0531e-06
9.2030e-05
4.0531e-06
9.2983e-05
4.0531e-06
9.2030e-05
1.0014e-05
2.1458e-06
1.9073e-06
9.5129e-05
3.8147e-06
1.1897e-04
5.0068e-06
9.1076e-05
4.0531e-06
9.5129e-05
3.8147e-06
9.0837e-05
2.8610e-06
9.3937e-05
4.0531e-06
9.3937e-05
3.0994e-06
9.5129e-05
4.0531e-06
9.3937e-05
1.0967e-05
1.9073e-06
9.0599e-06
9.5367e-07
3.0994e-06
9.4891e-05
1.0014e-05
9.5367e-07
2.3842e-05
1.9073e-06
9.2983e-05
9.5129e-05
5.0068e-06
9.4175e-05
1.0967e-05
9.5367e-07
9.3937e-05
9.5367e-07
9.3937e-05
9.5367e-07
1.0610e-04
9.5367e-07
8.9169e-05
9.6083e-05
1.7881e-05
9.7990e-05
4.0531e-06
9.4891e-05
1.1921e-05
2.1458e-06
8.9884e-05
9.5844e-05
4.0531e-06
9.4891e-05
1.4067e-05
9.2983e-05
4.0531e-06
9.2030e-05
5.0068e-06
9.5129e-05
5.0068e-06
9.7036e-05
4.0531e-06
9.4891e-05
3.0994e-06
9.4891e-05
2.5034e-05
9.5367e-07
7.1526e-06
1.1921e-06
7.3910e-05
9.5844e-05
5.0068e-06
9.9897e-05
3.0994e-06
9.1076e-05
3.8147e-05
1.1706e-04
4.0531e-06
9.6798e-05
4.0531e-06
9.3937e-05
4.0531e-06
9.4891e-05
4.0531e-06
9.0837e-05
5.0068e-06
1.0085e-04
1.0014e-05
9.5367e-07
2.1458e-06
9.4175e-05
3.8147e-06
1.1301e-04
4.0531e-06
9.3937e-05
4.0531e-06
9.2030e-05
4.0531e-06
9.3937e-05
4.0531e-06
9.3937e-05
4.0531e-06
9.2983e-05
1.0014e-05
2.1458e-06
4.0531e-06
9.2983e-05
4.0531e-06
1.0204e-04
5.0068e-06
9.2983e-05
4.0531e-06
9.2030e-05
3.0994e-06
9.0122e-05
4.0531e-06
8.9884e-05
4.0531e-06
9.3937e-05
1.0967e-05
1.1921e-06
1.9073e-06
1.0419e-04
2.8610e-06
9.1791e-05
5.0068e-06
9.6083e-05
3.0994e-06
9.7036e-05
5.0068e-06
9.4891e-05
9.0599e-06
1.1921e-06
2.8610e-06
9.3937e-05
4.0531e-06
9.5129e-05
4.0531e-06
1.0300e-04
9.0599e-06
2.1458e-06
7.8678e-06
9.5367e-07
4.0531e-06
9.3937e-05
4.0531e-06
9.1076e-05
4.0531e-06
9.3937e-05
2.8610e-06
9.3937e-05
4.0531e-06
9.3937e-05
1.0014e-05
9.5367e-07
7.8678e-06
9.5367e-07
2.2888e-05
1.0395e-04
3.0994e-06
1.2898e-04
4.0531e-06
9.2983e-05
5.0068e-06
9.2983e-05
4.0531e-06
9.2983e-05
1.0014e-05
9.5367e-07
2.1458e-06
9.2030e-05
2.8610e-06
9.2030e-05
9.0599e-06
9.4891e-05
1.0014e-05
1.9073e-06
8.4877e-05
1.2708e-04
3.8147e-06
9.4891e-05
4.0531e-06
9.2983e-05
9.7752e-06
9.5367e-07
4.0531e-06
9.2983e-05
4.0531e-06
9.0122e-05
3.8147e-06
1.0204e-04
3.8147e-06
1.0204e-04
1.0014e-05
9.5367e-07
3.8147e-06
1.0991e-04
1.0014e-05
2.1458e-06
6.1989e-06
9.5367e-07
7.9155e-05
9.3937e-05
5.0068e-06
9.3937e-05
7.8678e-06
2.1458e-06
4.0531e-06
9.5129e-05
1.4067e-05
9.5129e-05
5.0068e-06
9.7990e-05
3.0994e-06
9.2983e-05
4.0531e-06
9.2983e-05
5.0068e-06
9.2983e-05
3.0994e-06
9.2030e-05
3.8147e-06
9.1076e-05
1.7881e-05
9.5367e-07
1.0967e-05
9.5367e-07
1.0490e-04
1.0300e-04
2.8610e-06
1.1206e-04
1.1921e-05
9.5367e-07
9.2030e-05
9.3937e-05
4.0531e-06
9.5129e-05
5.0068e-06
9.3937e-05
1.0014e-05
9.5367e-07
1.1015e-04
9.6083e-05
5.0068e-06
8.6069e-05
5.0941e-03
6.7949e-05
1.3868e-01
