6.2852e-03
2.8205e-04
1.1492e-04
5.0068e-06
6.3896e-05
2.1458e-06
5.9128e-05
3.0994e-05
5.7936e-05
4.5280e-03
9.5367e-07
6.9141e-06
6.4135e-05
2.1458e-06
5.6028e-05
1.9073e-06
5.4836e-05
3.0994e-06
6.0081e-05
1.9073e-06
6.2943e-05
1.9073e-06
5.8174e-05
2.1458e-06
5.6028e-05
1.2803e-04
5.6028e-05
1.5020e-05
6.2227e-05
3.0994e-06
5.5075e-05
3.0994e-06
7.4148e-05
4.0531e-06
5.5075e-05
2.8610e-06
5.4121e-05
1.9073e-06
5.4121e-05
3.1400e-04
5.5075e-05
1.7166e-05
9.5367e-07
3.7789e-04
9.5367e-07
1.9073e-06
5.7936e-05
2.1458e-06
5.4836e-05
3.9291e-04
9.5367e-07
1.9073e-06
5.9128e-05
2.1458e-06
5.3883e-05
6.6042e-05
1.1921e-06
9.5367e-07
5.7936e-05
1.9073e-06
5.4121e-05
1.9073e-06
5.2929e-05
1.3995e-04
9.5367e-07
1.9073e-06
5.6028e-05
1.9073e-06
7.5102e-05
2.0504e-04
5.5790e-05
8.5115e-05
5.4836e-05
1.7881e-05
5.5075e-05
4.0054e-05
5.5075e-05
5.9605e-06
5.3883e-05
4.0531e-06
5.2929e-05
1.9073e-06
5.3883e-05
4.0531e-06
5.6982e-05
4.1795e-04
5.5075e-05
1.8835e-05
5.6982e-05
1.5974e-05
5.5075e-05
2.1458e-06
5.2929e-05
2.5010e-04
9.5367e-07
1.9073e-06
5.5075e-05
9.5367e-07
5.4121e-05
1.9073e-06
5.6028e-05
3.0994e-06
5.4836e-05
1.0967e-05
5.6028e-05
8.1062e-06
5.5075e-05
3.0994e-06
6.1989e-05
3.9601e-04
5.3883e-05
2.8610e-06
5.4836e-05
2.8610e-06
7.0810e-05
3.0994e-06
5.6028e-05
2.1458e-06
5.4121e-05
2.1458e-06
5.3883e-05
1.2088e-04
5.4836e-05
1.9073e-06
5.3883e-05
2.0981e-05
5.5075e-05
1.9073e-06
5.4121e-05
1.7405e-04
7.2956e-05
3.0994e-06
5.6028e-05
2.1458e-06
5.3883e-05
1.9073e-06
5.3883e-05
1.9073e-06
5.4121e-05
3.1090e-04
9.5367e-07
2.1458e-06
5.6982e-05
2.8610e-06
5.4836e-05
5.1022e-05
9.5367e-07
3.0994e-06
5.7936e-05
6.3896e-05
9.5367e-07
2.9993e-04
0.0000e+00
1.9073e-06
5.4836e-05
1.9073e-06
6.1989e-05
2.1458e-06
5.6028e-05
3.0994e-06
5.3883e-05
5.9605e-06
5.4836e-05
6.9141e-06
7.3910e-05
3.3307e-04
9.5367e-07
5.9605e-06
9.5367e-07
1.1921e-06
5.7936e-05
1.9073e-06
5.5075e-05
1.9073e-06
5.2929e-05
2.1458e-06
5.9843e-05
2.1458e-06
5.6028e-05
2.1458e-06
5.4836e-05
1.9073e-06
5.7936e-05
1.7729e-03
9.5367e-07
1.9073e-06
5.8174e-05
2.1458e-06
5.3883e-05
2.1458e-06
5.3883e-05
1.9073e-06
5.2929e-05
9.5367e-07
5.1975e-05
5.9605e-06
0.0000e+00
7.1526e-06
9.5367e-07
9.5367e-07
7.6056e-05
2.8610e-06
5.5075e-05
1.9073e-06
5.4121e-05
1.2312e-03
9.5367e-07
9.5367e-07
5.6028e-05
1.9073e-06
5.3883e-05
9.5367e-07
5.3167e-05
2.1458e-06
5.5075e-05
1.9073e-06
8.0824e-05
2.8610e-06
5.3883e-05
9.5606e-04
9.5367e-07
2.1458e-06
5.7936e-05
1.4067e-05
5.5075e-05
2.1458e-06
5.3883e-05
5.0902e-04
9.5367e-07
2.1458e-06
5.6982e-05
1.1921e-05
0.0000e+00
9.5367e-07
7.8917e-05
1.9073e-06
5.5075e-05
2.1458e-06
5.5075e-05
9.0599e-06
1.1921e-06
1.3113e-05
5.7936e-05
5.0068e-06
5.5075e-05
2.1458e-06
5.4121e-05
2.1458e-06
5.3883e-05
1.9073e-06
7.0095e-05
2.8610e-06
5.4836e-05
6.9904e-04
9.5367e-07
1.9073e-06
5.5790e-05
1.6403e-04
9.5367e-07
9.5367e-07
5.4836e-05
2.1458e-06
5.8889e-05
1.2875e-05
0.0000e+00
1.9073e-06
5.6028e-05
5.0068e-06
7.2956e-05
4.0531e-06
5.6982e-05
5.9605e-06
5.4121e-05
2.1458e-06
5.3883e-05
4.2701e-04
1.1921e-06
2.1458e-06
5.8889e-05
1.0395e-04
9.5367e-07
1.1921e-06
5.6028e-05
1.9073e-06
5.5075e-05
2.8610e-06
7.5102e-05
2.8610e-06
5.6028e-05
2.1458e-06
5.3883e-05
2.8610e-06
5.3883e-05
9.7990e-05
5.4121e-05
5.9605e-06
9.5367e-07
2.1458e-06
5.4121e-05
2.1458e-06
5.3883e-05
2.1458e-06
7.1049e-05
5.8174e-05
9.5367e-07
9.5367e-07
5.6028e-05
2.8610e-06
5.2929e-05
6.0821e-04
0.0000e+00
1.9073e-06
5.6028e-05
5.9605e-06
9.5367e-07
5.2214e-04
9.5367e-07
1.9073e-06
5.7220e-05
2.1458e-06
5.2929e-05
3.0994e-06
5.7936e-05
6.9141e-06
0.0000e+00
9.5367e-07
5.6982e-05
2.1458e-06
5.3883e-05
1.9073e-06
5.2929e-05
6.9141e-06
6.1035e-05
2.8610e-06
5.2929e-05
1.9073e-06
5.5075e-05
3.0994e-06
5.6028e-05
2.8610e-06
5.3883e-05
1.9073e-06
5.4121e-05
4.7994e-04
5.2929e-05
1.6928e-05
6.1989e-05
3.0994e-06
5.6982e-05
2.8610e-06
5.4121e-05
1.9073e-06
7.1049e-05
2.8610e-06
5.6982e-05
2.7514e-04
9.5367e-07
1.9073e-06
5.6028e-05
1.9073e-06
5.3883e-05
1.4997e-04
0.0000e+00
2.1458e-06
6.2943e-05
8.4877e-05
5.5075e-05
4.0531e-06
5.2929e-05
1.9073e-06
7.3195e-05
3.0994e-06
5.6028e-05
2.8610e-06
5.6028e-05
9.0599e-06
5.5075e-05
1.9073e-06
5.2214e-05
5.0068e-06
5.5075e-05
1.9073e-06
5.4121e-05
3.0994e-06
5.4121e-05
3.0994e-06
5.6982e-05
5.1713e-04
9.5367e-07
2.1458e-06
5.6028e-05
7.5817e-05
1.1921e-06
1.1921e-06
5.6028e-05
3.0994e-06
5.5075e-05
8.1062e-06
5.5075e-05
2.1458e-06
5.3883e-05
3.0994e-06
7.8917e-05
2.9683e-04
5.6028e-05
2.8610e-06
5.3883e-05
1.0705e-04
0.0000e+00
9.5367e-07
5.5075e-05
1.9073e-06
5.5075e-05
1.2875e-05
9.5367e-07
2.1458e-06
5.6028e-05
2.1458e-06
5.5075e-05
2.5034e-05
1.1921e-06
1.7166e-05
5.7936e-05
2.8610e-06
5.4121e-05
1.2875e-05
5.5075e-05
2.8610e-06
5.5075e-05
2.8610e-06
5.3167e-05
2.1458e-06
5.5075e-05
2.1458e-06
5.2929e-05
1.9073e-06
7.4863e-05
3.8147e-06
5.4836e-05
5.8889e-04
9.5367e-07
1.9073e-06
5.6982e-05
3.1805e-04
5.6982e-05
2.8610e-06
5.3883e-05
2.8610e-06
5.4121e-05
3.7098e-04
0.0000e+00
9.5367e-07
5.6028e-05
3.0994e-06
5.6982e-05
1.9073e-06
5.4121e-05
3.0994e-06
5.4121e-05
3.0994e-06
5.2929e-05
2.8610e-06
5.2929e-05
4.2415e-04
9.5367e-07
1.9073e-06
5.7220e-05
1.9073e-06
5.4836e-05
3.0994e-06
5.6982e-05
8.8215e-06
5.3883e-05
1.1921e-05
5.4121e-05
1.9073e-06
5.3167e-05
1.3709e-04
9.5367e-07
9.5367e-07
5.4836e-05
1.9073e-06
5.3883e-05
4.6015e-05
6.3181e-05
2.8610e-06
5.6028e-05
2.1458e-06
5.3883e-05
2.1458e-06
5.3883e-05
1.9073e-06
5.2929e-05
1.9073e-06
5.4121e-05
2.1458e-06
5.3883e-05
2.1458e-06
5.3883e-05
1.9073e-06
6.7234e-05
3.0994e-06
5.6982e-05
1.9073e-06
5.3883e-05
2.8610e-06
5.3167e-05
6.8307e-04
1.1921e-06
2.1458e-06
5.6982e-05
1.9073e-06
5.4121e-05
5.6982e-04
9.5367e-07
5.9605e-06
9.5367e-07
9.5367e-07
7.4148e-05
2.1458e-06
5.6028e-05
1.9073e-06
5.4121e-05
9.9182e-05
5.4836e-05
2.1458e-06
5.1975e-05
1.9073e-06
5.4121e-05
2.7180e-05
9.5367e-07
3.0994e-05
6.1989e-05
3.0994e-06
6.7949e-05
3.0994e-06
5.6028e-05
1.9073e-06
5.3883e-05
2.8610e-06
5.4121e-05
5.7483e-04
0.0000e+00
2.6393e-04
9.5367e-07
1.9073e-06
5.6028e-05
2.1458e-06
5.3883e-05
1.9073e-06
5.3883e-05
5.6028e-05
7.4863e-05
3.0994e-06
5.4836e-05
3.0994e-06
5.2929e-05
1.9073e-06
5.3167e-05
5.9605e-06
0.0000e+00
1.1921e-06
5.2929e-05
1.0967e-05
5.3167e-05
9.0599e-06
6.1035e-05
3.8910e-04
7.2002e-05
2.6202e-04
9.5367e-07
2.1458e-06
5.6028e-05
1.9073e-06
5.4121e-05
2.1458e-06
5.8889e-05
3.0994e-06
5.4836e-05
3.0994e-06
5.3883e-05
2.4080e-05
9.5367e-07
1.3995e-04
9.5367e-07
1.1921e-06
7.4863e-05
3.0994e-06
5.5075e-05
1.9073e-06
5.2929e-05
1.9073e-06
5.3167e-05
3.0994e-06
5.5075e-05
1.0014e-05
9.5367e-07
1.9073e-06
5.6028e-05
1.9073e-06
5.4121e-05
7.0190e-04
7.2002e-05
3.0994e-06
5.6028e-05
3.0994e-06
5.5075e-05
3.0994e-06
5.2929e-05
1.9073e-06
5.2929e-05
3.0994e-06
6.0081e-05
3.0994e-06
5.4121e-05
4.5395e-04
9.5367e-07
1.2875e-05
5.6982e-05
1.5020e-05
5.6982e-05
2.8610e-06
5.3883e-05
1.9073e-06
5.5075e-05
2.8610e-06
5.4121e-05
3.8862e-05
5.6028e-05
4.0531e-06
5.3883e-05
2.1935e-05
5.5075e-05
1.9073e-06
7.3195e-05
4.1914e-04
5.5075e-05
2.1458e-06
5.4121e-05
3.0994e-06
5.4121e-05
3.0994e-06
5.5075e-05
2.1458e-06
5.2929e-05
1.9073e-06
5.3883e-05
1.9073e-06
5.5075e-05
1.1802e-04
9.5367e-07
1.9073e-06
5.8174e-05
2.1458e-06
5.3883e-05
1.9073e-06
5.4836e-05
5.9605e-06
5.4121e-05
3.0994e-06
5.3883e-05
5.0068e-06
5.3167e-05
3.0994e-06
5.4121e-05
9.0599e-06
6.4135e-05
3.0994e-06
5.5075e-05
3.0994e-06
5.4121e-05
6.6996e-04
9.5367e-07
1.9073e-06
5.6028e-05
1.9073e-06
6.0081e-05
1.9073e-06
5.5075e-05
3.0994e-06
5.5075e-05
3.0994e-06
5.6028e-05
1.9073e-06
5.4121e-05
1.1921e-05
1.1921e-06
1.9073e-06
5.5075e-05
2.8610e-06
5.4121e-05
4.0770e-05
9.5367e-07
5.0068e-06
5.6028e-05
2.1458e-06
5.2929e-05
1.8835e-05
6.9857e-05
4.4107e-05
9.5367e-07
1.9073e-06
5.6982e-05
2.8610e-06
6.0797e-05
1.0459e-03
0.0000e+00
1.9073e-06
5.6028e-05
1.9073e-06
5.5075e-05
2.8610e-06
5.4121e-05
1.7786e-04
5.6028e-05
2.3127e-05
7.9870e-05
3.0994e-06
5.5075e-05
1.9073e-06
5.4121e-05
2.1458e-06
5.2929e-05
3.0994e-06
5.3883e-05
2.1458e-06
6.1035e-05
2.3103e-04
0.0000e+00
5.1975e-05
5.4836e-05
3.0994e-06
7.6056e-05
3.0994e-06
5.5075e-05
1.9073e-06
5.4121e-05
2.1458e-06
5.4121e-05
6.1011e-04
9.5367e-07
1.9073e-06
5.5075e-05
1.9073e-06
5.4121e-05
2.8610e-06
5.6982e-05
2.1458e-06
6.9857e-05
2.8610e-06
5.2929e-05
7.8678e-06
5.3883e-05
1.0490e-04
5.4121e-05
2.8610e-06
5.5075e-05
2.8610e-06
5.4121e-05
7.1526e-06
9.5367e-07
1.9073e-06
5.6028e-05
1.9073e-06
7.3910e-05
2.8610e-06
5.4836e-05
1.9073e-06
5.2929e-05
1.9073e-06
5.5075e-05
3.0994e-06
5.3167e-05
3.0994e-06
5.4121e-05
7.2598e-04
9.5367e-07
5.9605e-06
9.5367e-07
9.5367e-07
5.8174e-05
2.1458e-06
7.3910e-05
2.1458e-06
5.6028e-05
4.4107e-04
1.1921e-06
2.1458e-06
5.6982e-05
1.9073e-06
5.4121e-05
2.1458e-06
5.3883e-05
1.9073e-06
5.3167e-05
2.1458e-06
5.3883e-05
3.0994e-06
7.2956e-05
5.0068e-06
5.4836e-05
5.9605e-06
5.6028e-05
5.0068e-06
5.5075e-05
2.8610e-06
5.4121e-05
3.0994e-06
5.2929e-05
5.9605e-06
6.1035e-05
2.3842e-05
9.5367e-07
5.9605e-06
7.5102e-05
4.5204e-04
9.5367e-07
2.1458e-06
5.7936e-05
1.9073e-06
5.5075e-05
1.9073e-06
5.4121e-05
1.9073e-06
5.4121e-05
2.1458e-06
5.8889e-05
1.9073e-06
5.5790e-05
1.9073e-06
7.0810e-05
3.0994e-06
5.5075e-05
3.0994e-06
5.4121e-05
5.9605e-06
5.4836e-05
5.6791e-04
6.0797e-05
2.8610e-06
5.3883e-05
1.9073e-06
5.5075e-05
2.8610e-06
5.5075e-05
1.9073e-06
7.2956e-05
4.0531e-06
5.5075e-05
2.8610e-06
5.3167e-05
3.7813e-04
9.5367e-07
5.3883e-05
6.0797e-05
1.5020e-05
5.5075e-05
2.8610e-06
5.5075e-05
1.6189e-04
5.5790e-05
2.1458e-06
7.2002e-05
4.0531e-06
5.5075e-05
2.8610e-06
5.5075e-05
1.9073e-06
5.3167e-05
1.5998e-04
9.5367e-07
9.5367e-07
5.5075e-05
1.9073e-06
6.1035e-05
2.8610e-06
5.4836e-05
3.4595e-04
1.1921e-06
6.9141e-06
9.5367e-07
9.5367e-07
5.8174e-05
2.7204e-04
1.1921e-06
5.0068e-06
9.5367e-07
2.1458e-06
5.6028e-05
2.5296e-04
9.5367e-07
1.4067e-05
5.6028e-05
1.1206e-05
5.5075e-05
7.7963e-05
9.5367e-07
9.5367e-07
5.6982e-05
4.0531e-06
5.7220e-05
2.1458e-06
5.6028e-05
1.1015e-04
5.5075e-05
1.0896e-04
9.5367e-07
1.9073e-06
5.6028e-05
1.9073e-06
5.2929e-05
1.9073e-06
5.3167e-05
2.1458e-06
5.5075e-05
4.3607e-04
1.5974e-05
3.0994e-06
5.7936e-05
5.6982e-05
9.5367e-07
4.5061e-05
6.1989e-05
2.8610e-06
5.5075e-05
1.9073e-06
5.4121e-05
1.3900e-04
5.3883e-05
3.0994e-06
5.5075e-05
3.0994e-06
5.2929e-05
3.0994e-06
5.7936e-05
1.9073e-06
5.4121e-05
2.8610e-06
5.3167e-05
2.7204e-04
9.5367e-07
1.9073e-06
5.6028e-05
1.4806e-04
0.0000e+00
5.9605e-06
1.1921e-06
9.0599e-06
5.6982e-05
9.2030e-05
9.5367e-07
2.6107e-04
9.5367e-07
2.1458e-06
5.7936e-05
1.9073e-06
5.3883e-05
1.9073e-06
6.1035e-05
3.0994e-06
5.3883e-05
9.0599e-06
5.3883e-05
4.7493e-04
9.5367e-07
9.5367e-07
5.6028e-05
1.9073e-06
5.5075e-05
6.9141e-06
1.7166e-05
2.1458e-06
5.6982e-05
1.9073e-06
6.1035e-05
1.9073e-06
5.3883e-05
1.9073e-06
5.4121e-05
2.1458e-06
5.3883e-05
1.9073e-06
5.3167e-05
7.1526e-06
9.5367e-07
2.8610e-06
5.5075e-05
5.3096e-04
6.4135e-05
3.0994e-06
5.5075e-05
2.1458e-06
5.4121e-05
2.1458e-06
5.4836e-05
3.0994e-06
5.2929e-05
5.9605e-06
1.1921e-06
2.1458e-06
5.6028e-05
1.5020e-05
1.1921e-06
1.2159e-05
7.2956e-05
2.8610e-06
5.4836e-05
4.7088e-04
5.3883e-05
4.0531e-06
5.3883e-05
2.1458e-06
5.4836e-05
3.0994e-06
5.3883e-05
1.9073e-06
5.3883e-05
2.8610e-06
5.4121e-05
2.8610e-06
5.6028e-05
2.8610e-06
5.3883e-05
2.2292e-04
5.5075e-05
1.1206e-05
6.1989e-05
3.0994e-06
5.4121e-05
2.4605e-04
9.5367e-07
1.1396e-04
9.5367e-07
2.1458e-06
5.6028e-05
1.9073e-06
7.2002e-05
3.0994e-06
5.6028e-05
2.6989e-04
1.1921e-06
2.1458e-06
5.5075e-05
2.1458e-06
5.3883e-05
1.9073e-06
5.5075e-05
2.8610e-06
5.4121e-05
3.0994e-06
5.4121e-05
5.9605e-06
5.5075e-05
2.8610e-06
5.6982e-05
3.0994e-06
5.5075e-05
2.1458e-06
5.4121e-05
4.5204e-04
0.0000e+00
2.1458e-06
5.7936e-05
1.9073e-06
5.4121e-05
2.1458e-06
5.3883e-05
5.9605e-06
9.5367e-07
3.0994e-06
7.4148e-05
3.0994e-06
5.6028e-05
4.1890e-04
1.1921e-06
1.9073e-06
5.6982e-05
3.0994e-06
5.2929e-05
1.9073e-06
5.3883e-05
2.8610e-06
5.4121e-05
1.4281e-04
0.0000e+00
9.5367e-07
5.6028e-05
1.9073e-06
5.6028e-05
4.0531e-06
5.3883e-05
2.8610e-06
5.3883e-05
1.9073e-06
5.3167e-05
2.1005e-04
0.0000e+00
7.1526e-06
0.0000e+00
9.0599e-06
5.7936e-05
1.6928e-05
5.3883e-05
4.9090e-04
0.0000e+00
2.1458e-06
5.9843e-05
1.9073e-06
5.3883e-05
2.2984e-04
9.5367e-07
2.8610e-06
5.8174e-05
2.1458e-06
5.3883e-05
1.9073e-06
5.4121e-05
2.6989e-04
1.1921e-06
2.8610e-06
5.6982e-05
2.1458e-06
7.2956e-05
1.9073e-06
5.6028e-05
2.6941e-05
9.5367e-07
2.1458e-06
6.1989e-05
1.9073e-06
5.4121e-05
1.8811e-04
5.4121e-05
3.0994e-06
5.2929e-05
1.9073e-06
5.5075e-05
6.9141e-06
7.2002e-05
4.0531e-06
5.6982e-05
2.8610e-06
5.4121e-05
2.1458e-06
5.3167e-05
4.2796e-04
9.5367e-07
1.9073e-06
5.6982e-05
1.9073e-06
5.2929e-05
1.9073e-06
5.4121e-05
4.0197e-04
9.5367e-07
9.5367e-07
8.2016e-05
7.8678e-06
9.5367e-07
1.9073e-06
5.6028e-05
1.9073e-06
5.2929e-05
2.8610e-06
5.4121e-05
1.9073e-06
5.4121e-05
2.1458e-06
5.3883e-05
6.4301e-04
0.0000e+00
1.0705e-04
9.5367e-07
1.9073e-06
7.5817e-05
3.0994e-06
5.4836e-05
2.1458e-06
5.3883e-05
1.9073e-06
5.4836e-05
1.1301e-04
1.1921e-06
1.9073e-06
5.6028e-05
6.6996e-05
5.5075e-05
2.1458e-06
5.2929e-05
1.0967e-05
0.0000e+00
2.8610e-06
6.1989e-05
2.1458e-06
5.3883e-05
2.1458e-06
5.3883e-05
3.0994e-06
5.3883e-05
3.0994e-06
5.3883e-05
5.6005e-04
9.5367e-07
9.5367e-07
5.5075e-05
2.0814e-04
0.0000e+00
1.9073e-06
7.9870e-05
3.8147e-06
5.6028e-05
1.9073e-06
5.3883e-05
4.0531e-06
5.4836e-05
3.0994e-06
5.4836e-05
2.5034e-05
9.5367e-07
2.1458e-06
5.6982e-05
1.9073e-06
5.4121e-05
2.1458e-06
6.8903e-05
1.9073e-06
5.7936e-05
1.9073e-06
5.3167e-05
2.1458e-06
6.1035e-05
8.1062e-06
9.5367e-07
1.9073e-06
5.4836e-05
2.8610e-06
5.3883e-05
2.8610e-06
5.4836e-05
2.8610e-06
5.3883e-05
2.8610e-06
5.7220e-05
8.3399e-04
9.5367e-07
1.9073e-06
5.6982e-05
1.9073e-06
5.4121e-05
2.1458e-06
5.2929e-05
1.9073e-06
5.3167e-05
2.6608e-04
5.4121e-05
3.0994e-06
5.3883e-05
1.0014e-05
9.5367e-07
3.5286e-04
9.5367e-07
2.1458e-06
5.6982e-05
1.9073e-06
5.3167e-05
2.0027e-05
9.5367e-07
5.9605e-06
5.5075e-05
2.8610e-06
5.3883e-05
2.8610e-06
5.2929e-05
3.0994e-06
5.4121e-05
4.0531e-06
5.6028e-05
2.8610e-06
5.9843e-05
3.5048e-05
5.3883e-05
3.0994e-06
5.1975e-05
2.8610e-06
5.4121e-05
1.9073e-06
5.3167e-05
6.9141e-06
9.5367e-07
1.9073e-06
5.4121e-05
6.9141e-06
5.7220e-05
3.0994e-06
5.2929e-05
2.8610e-06
5.3883e-05
1.2207e-04
9.5367e-07
1.9073e-06
5.5075e-05
1.9073e-06
5.4121e-05
3.0994e-06
6.1035e-05
1.2875e-05
1.1921e-06
2.1458e-06
7.3910e-05
8.1062e-06
9.5367e-07
9.5367e-07
5.6982e-05
3.0994e-06
5.5075e-05
5.9605e-06
5.4836e-05
1.9073e-06
5.2929e-05
2.4581e-04
5.4836e-05
6.9141e-06
9.5367e-07
1.9739e-03
1.1921e-06
1.9073e-06
5.6982e-05
1.9813e-04
9.5367e-07
9.5367e-07
5.7936e-05
2.1458e-06
5.4121e-05
4.4107e-05
5.5075e-05
6.1989e-06
0.0000e+00
2.8610e-06
5.5075e-05
1.3185e-04
5.2929e-05
3.0041e-05
0.0000e+00
3.5691e-04
9.5367e-07
5.9605e-06
9.5367e-07
2.8610e-06
5.7936e-05
1.9073e-06
5.4121e-05
2.1458e-06
5.3883e-05
1.9073e-06
5.3167e-05
2.1458e-06
5.2929e-05
3.0994e-06
5.3883e-05
1.9073e-06
5.3883e-05
1.9073e-06
7.5102e-05
9.7752e-06
9.5367e-07
1.9073e-06
5.5075e-05
5.9605e-06
5.5075e-05
3.0994e-06
5.4121e-05
3.9601e-04
5.5075e-05
1.5974e-05
5.3883e-05
3.0994e-06
5.2929e-05
3.0994e-06
7.2002e-05
4.7421e-04
5.6982e-05
1.9073e-06
5.5075e-05
1.9073e-06
5.4121e-05
3.0994e-06
5.4121e-05
1.4067e-05
1.1921e-06
1.1921e-06
5.6982e-05
1.9073e-06
5.5075e-05
1.9073e-06
7.1049e-05
2.6393e-04
1.1921e-06
2.1458e-06
5.6982e-05
1.9073e-06
5.3167e-05
5.9605e-06
9.5367e-07
1.1921e-06
5.6028e-05
2.1458e-06
5.5075e-05
1.9073e-06
5.2929e-05
1.4091e-04
5.6028e-05
7.8678e-06
1.1921e-06
6.9141e-06
1.1921e-06
1.9073e-06
5.6982e-05
1.9073e-06
5.4121e-05
3.0994e-06
5.4121e-05
3.0994e-06
5.3883e-05
1.1921e-05
6.1989e-05
3.0994e-06
5.4121e-05
6.5708e-04
0.0000e+00
5.9605e-06
9.5367e-07
2.8610e-06
5.8174e-05
2.1458e-06
5.3883e-05
1.9073e-06
6.0081e-05
1.9073e-06
5.4121e-05
2.1458e-06
5.2929e-05
1.9073e-06
5.4121e-05
9.5367e-07
5.3883e-05
2.5201e-04
7.3910e-05
4.2915e-05
0.0000e+00
9.5367e-07
5.4836e-05
1.9073e-06
5.4836e-05
2.2197e-04
1.1921e-06
2.1458e-06
5.7936e-05
1.9073e-06
5.4121e-05
2.1458e-06
5.5075e-05
5.9605e-06
9.5367e-07
1.9073e-06
7.2002e-05
2.8610e-06
5.6028e-05
1.5020e-04
9.5367e-07
1.9073e-06
5.5790e-05
1.9073e-06
5.4121e-05
1.9073e-06
5.3167e-05
2.1458e-06
5.4121e-05
2.1458e-06
6.1989e-05
3.8218e-04
9.5367e-07
1.9073e-06
7.4148e-05
3.0994e-06
5.5075e-05
3.0994e-06
5.1975e-05
3.0994e-06
5.2929e-05
5.9605e-06
9.5367e-07
2.8610e-06
5.6982e-05
9.0599e-06
5.4121e-05
7.1526e-06
9.5367e-07
4.0531e-06
6.1989e-05
4.0531e-06
5.6982e-05
8.1062e-06
9.5367e-07
1.9073e-06
5.4836e-05
2.8610e-06
5.2929e-05
3.0994e-06
5.5075e-05
3.0994e-06
5.3167e-05
8.3303e-04
1.1921e-06
5.9605e-06
9.5367e-07
9.5367e-07
5.8174e-05
4.0531e-06
5.8174e-05
3.0994e-06
5.4121e-05
3.0994e-06
5.2929e-05
1.9073e-06
5.3883e-05
3.7289e-04
5.5075e-05
2.8610e-06
5.5075e-05
2.8610e-06
5.3883e-05
1.9073e-06
7.0810e-05
4.0531e-06
5.6028e-05
1.9073e-06
5.5075e-05
8.8215e-05
9.5367e-07
9.5367e-07
5.6028e-05
1.9073e-06
5.5075e-05
1.9073e-06
5.4121e-05
8.1062e-06
5.2929e-05
2.8610e-06
6.7949e-05
9.7752e-06
5.6028e-05
1.4210e-04
9.5367e-07
9.5367e-07
5.6028e-05
2.1458e-06
5.4836e-05
1.9073e-06
5.3883e-05
1.9073e-06
5.3167e-05
2.1458e-06
5.3883e-05
6.9094e-04
9.5367e-07
1.9073e-06
7.7009e-05
3.0899e-04
1.1921e-06
1.1921e-06
5.6982e-05
2.1458e-06
5.6028e-05
1.1921e-06
5.3883e-05
1.9073e-06
5.3883e-05
2.1458e-06
5.5075e-05
3.0208e-04
1.1921e-06
1.1921e-05
9.5367e-07
2.1458e-06
7.7963e-05
3.0994e-06
5.3883e-05
3.4094e-05
5.5075e-05
3.0994e-06
5.2929e-05
4.3583e-04
9.5367e-07
1.9073e-06
5.6982e-05
1.6212e-04
9.5367e-07
1.9073e-06
5.5075e-05
1.9073e-06
5.3167e-05
3.0994e-06
5.6982e-05
1.9073e-06
5.3167e-05
1.1921e-06
5.2929e-05
1.9073e-06
5.3167e-05
2.1601e-04
9.5367e-07
1.9073e-06
5.8174e-05
2.1458e-06
5.3883e-05
1.9073e-06
5.5075e-05
1.5020e-05
0.0000e+00
1.9073e-06
5.7936e-05
2.1458e-06
5.2929e-05
1.9073e-06
5.4121e-05
5.9605e-06
0.0000e+00
9.5367e-07
5.4121e-05
4.8709e-04
1.1921e-06
2.1458e-06
5.5075e-05
3.0994e-06
5.5075e-05
3.0994e-06
7.2956e-05
2.8610e-06
5.3883e-05
1.9073e-06
5.5075e-05
2.8610e-06
5.2929e-05
1.5974e-05
5.4121e-05
1.9073e-06
5.4121e-05
4.4799e-04
5.4836e-05
5.9605e-06
0.0000e+00
6.5088e-05
9.5367e-07
2.1458e-06
6.0081e-05
3.0994e-06
5.3883e-05
3.0994e-06
5.5075e-05
2.1458e-06
5.5075e-05
3.0994e-06
5.5075e-05
2.1458e-06
5.4121e-05
3.7599e-04
5.5075e-05
4.0531e-06
7.2956e-05
4.0531e-06
5.5075e-05
3.0994e-06
5.3883e-05
1.8907e-04
0.0000e+00
9.5367e-07
5.7220e-05
1.9073e-06
5.2929e-05
2.8610e-06
6.0081e-05
2.8610e-06
5.4836e-05
3.0994e-06
7.1049e-05
7.1526e-06
9.5367e-07
9.5367e-07
5.2929e-05
1.9073e-06
5.3167e-05
3.0994e-06
5.3883e-05
3.0994e-06
5.2929e-05
2.8610e-06
5.3167e-05
3.0994e-06
5.2929e-05
1.9073e-06
6.9857e-05
9.6488e-04
9.5367e-07
1.9073e-06
5.8174e-05
1.9073e-06
5.2929e-05
1.9073e-06
5.4121e-05
2.1458e-06
5.3883e-05
9.5367e-07
6.0081e-05
1.9073e-06
5.5075e-05
2.7013e-04
8.1062e-05
4.0531e-06
5.5075e-05
2.8610e-06
5.3883e-05
2.8610e-06
5.4121e-05
6.9141e-06
9.5367e-07
1.9073e-06
5.4836e-05
2.8610e-06
5.4836e-05
1.9073e-06
5.2929e-05
1.9073e-06
7.5102e-05
4.0531e-06
5.6982e-05
2.8610e-06
5.4836e-05
6.6209e-04
9.5367e-07
9.5367e-07
5.6982e-05
5.9605e-06
1.1921e-06
6.3181e-05
0.0000e+00
9.5367e-07
5.8174e-05
2.1458e-06
5.3883e-05
2.1458e-06
5.4836e-05
3.0994e-06
5.6982e-05
1.9073e-06
5.4121e-05
4.0817e-04
9.5367e-07
1.9073e-06
5.6028e-05
2.8610e-06
5.5075e-05
5.3883e-05
0.0000e+00
1.9073e-06
5.6028e-05
1.9073e-06
5.5075e-05
9.5367e-07
7.4148e-05
2.1458e-06
5.5075e-05
3.0994e-06
5.5075e-05
3.0994e-06
5.1975e-05
1.9073e-06
5.3883e-05
3.8147e-06
5.3883e-05
1.9073e-06
5.3883e-05
1.9073e-06
5.4121e-05
2.8610e-06
5.6982e-05
2.1458e-06
5.4121e-05
2.1458e-06
6.1989e-05
7.6389e-04
1.1921e-06
1.0681e-04
1.1921e-06
1.1921e-06
6.1989e-05
1.9073e-06
5.4121e-05
2.1458e-06
5.3883e-05
1.9073e-06
5.1975e-05
4.0531e-06
5.6982e-05
2.9302e-04
5.3883e-05
6.9141e-06
9.5367e-07
1.9073e-06
5.3883e-05
1.9073e-06
5.4836e-05
2.5034e-05
9.5367e-07
5.9605e-06
1.1921e-06
2.1458e-06
5.5075e-05
2.1458e-06
6.1035e-05
3.9291e-04
5.8174e-05
2.6011e-04
5.5075e-05
2.1458e-06
5.1975e-05
3.0994e-06
6.3896e-05
3.0994e-06
5.4836e-05
2.8610e-06
5.3883e-05
2.8610e-06
5.4121e-05
2.8610e-06
7.3195e-05
4.0531e-06
5.4836e-05
1.9073e-06
5.5790e-05
3.0994e-06
5.3883e-05
1.9073e-06
5.3883e-05
2.8610e-06
5.3883e-05
2.8610e-06
5.5075e-05
1.9073e-06
5.4121e-05
4.1509e-04
0.0000e+00
2.8610e-06
5.8174e-05
1.1921e-06
5.2929e-05
9.5367e-07
5.4121e-05
2.1458e-06
5.2929e-05
1.9073e-06
5.4121e-05
4.8804e-04
5.7936e-05
4.0531e-06
5.6028e-05
3.0994e-06
7.1049e-05
4.0531e-06
5.6028e-05
2.1458e-06
5.4121e-05
2.1458e-06
5.4121e-05
3.0994e-06
5.3883e-05
2.8610e-06
5.4836e-05
1.9073e-06
5.2929e-05
3.0994e-06
5.3167e-05
3.8147e-06
5.4836e-05
3.0994e-06
6.1989e-05
3.0994e-06
5.6028e-05
3.0994e-06
5.3167e-05
1.9073e-06
5.3883e-05
3.0994e-06
5.3883e-05
1.9073e-06
5.3167e-05
3.0994e-06
7.0095e-05
4.0531e-06
5.6982e-05
7.5388e-04
0.0000e+00
1.9073e-06
5.6982e-05
5.9605e-06
1.1921e-06
2.7800e-04
0.0000e+00
9.5367e-07
5.6028e-05
2.1458e-06
5.2929e-05
1.9073e-06
5.4121e-05
1.9979e-04
9.5367e-07
1.0967e-05
9.5367e-07
2.1458e-06
5.8889e-05
3.2902e-05
9.5367e-07
1.9073e-06
5.6028e-05
1.9073e-06
5.3167e-05
3.2187e-05
9.5367e-07
9.5367e-07
5.6028e-05
1.9073e-06
5.4121e-05
2.8610e-06
5.4121e-05
1.9073e-06
6.9141e-05
3.0994e-06
5.4121e-05
2.7800e-04
5.6028e-05
2.1458e-06
5.4121e-05
4.1699e-04
9.5367e-07
6.1989e-06
9.5367e-07
1.9073e-06
5.6028e-05
1.3494e-04
6.1989e-05
3.0994e-06
5.5075e-05
3.0994e-06
7.5102e-05
3.0994e-06
5.6028e-05
2.8610e-06
5.3883e-05
2.8610e-06
5.4836e-05
2.8610e-06
5.4121e-05
2.8610e-06
5.4121e-05
1.2302e-04
0.0000e+00
1.9073e-06
5.6028e-05
1.9073e-06
7.0095e-05
3.0994e-06
5.4121e-05
2.1458e-06
6.1989e-05
4.8900e-04
5.6028e-05
8.1062e-06
9.5367e-07
9.5367e-07
5.5075e-05
2.0194e-04
5.5075e-05
1.0014e-05
5.9843e-05
3.0994e-06
7.2956e-05
2.8610e-06
5.4836e-05
3.0994e-06
5.3883e-05
1.9073e-06
5.4836e-05
3.0994e-06
5.3883e-05
3.0994e-06
5.3883e-05
2.8610e-06
5.3883e-05
1.9073e-06
5.2929e-05
4.0531e-06
5.6982e-05
1.3310e-01
