6.4430e-03
1.2152e-03
1.1611e-04
4.3731e-03
9.5367e-07
5.9605e-06
6.6042e-05
2.1458e-06
5.6028e-05
9.5367e-07
5.3883e-05
1.9073e-06
6.7949e-05
2.1458e-06
5.6028e-05
2.1458e-06
5.5075e-05
3.4499e-04
9.5367e-07
2.1458e-06
5.9843e-05
2.1458e-06
5.3883e-05
1.9073e-06
5.3167e-05
2.5988e-05
5.4836e-05
1.6928e-05
5.3883e-05
5.9605e-06
6.1989e-05
3.0994e-06
5.3883e-05
3.4523e-04
9.5367e-07
9.5367e-07
5.9128e-05
2.1458e-06
5.2929e-05
2.5034e-05
5.5075e-05
1.2159e-05
5.6028e-05
1.9073e-06
5.4121e-05
2.1458e-06
5.2929e-05
1.2159e-05
9.5367e-07
2.1458e-06
7.7009e-05
4.0531e-06
5.5075e-05
1.9073e-06
5.5075e-05
1.9073e-06
5.5075e-05
1.9073e-06
5.5075e-05
1.9073e-06
5.4121e-05
1.1921e-06
5.4836e-05
6.4397e-04
5.6982e-05
2.1458e-06
7.2956e-05
3.0994e-06
5.3883e-05
3.0899e-04
5.3883e-05
8.6069e-05
5.4836e-05
1.3113e-05
6.1035e-05
5.3167e-05
9.5367e-07
4.5061e-05
5.5075e-05
2.1458e-06
5.3883e-05
2.1458e-06
7.1049e-05
3.0994e-06
5.5075e-05
4.2105e-04
5.4121e-05
1.3828e-05
5.9843e-05
1.9073e-05
5.5075e-05
2.3603e-04
1.1921e-06
2.1458e-06
5.6028e-05
9.5367e-07
5.3883e-05
2.1458e-06
7.3910e-05
2.8610e-06
5.3883e-05
7.8678e-06
5.4836e-05
8.1062e-06
5.3883e-05
8.1062e-06
5.3883e-05
1.9073e-06
5.1975e-05
4.1699e-04
5.6028e-05
8.0109e-05
9.5367e-07
1.9073e-06
7.4863e-05
2.8610e-06
5.4836e-05
8.1062e-06
5.5075e-05
2.1458e-06
5.3883e-05
8.1062e-05
6.1989e-05
1.7190e-04
0.0000e+00
1.1921e-06
5.5075e-05
2.1458e-06
5.3883e-05
7.3910e-05
7.3195e-05
3.0994e-06
5.7936e-05
1.0991e-04
0.0000e+00
9.5367e-07
5.5075e-05
1.9073e-06
5.5075e-05
1.3828e-05
5.4836e-05
1.9073e-06
5.9843e-05
1.8191e-04
5.4836e-05
5.0068e-06
5.4121e-05
2.8610e-06
5.8174e-05
5.6028e-05
0.0000e+00
5.1022e-05
5.4836e-05
3.0994e-06
5.3883e-05
5.0068e-06
0.0000e+00
2.8610e-06
5.4121e-05
4.2915e-05
5.4121e-05
1.3828e-05
5.3883e-05
3.0994e-06
7.2956e-05
2.8610e-06
5.4836e-05
4.9996e-04
9.5367e-07
2.1458e-06
5.4836e-05
2.1458e-06
5.3883e-05
9.5367e-07
5.4121e-05
9.5367e-07
5.2929e-05
1.7080e-03
1.1921e-06
7.1526e-06
0.0000e+00
9.5367e-07
7.7963e-05
2.8610e-06
5.3883e-05
1.9073e-06
5.3167e-05
1.9073e-06
6.1989e-05
2.1458e-06
5.5075e-05
9.5367e-07
5.1975e-05
1.1921e-06
5.2929e-05
9.5367e-07
5.3167e-05
3.0994e-06
5.6982e-05
9.5367e-07
5.2929e-05
9.5367e-07
5.2929e-05
9.5367e-07
5.2929e-05
9.5367e-07
5.3167e-05
1.1921e-06
5.1975e-05
9.5367e-07
5.3883e-05
2.2700e-03
0.0000e+00
7.1526e-06
0.0000e+00
1.9073e-06
5.6982e-05
2.1458e-06
5.5075e-05
5.9605e-06
0.0000e+00
9.5367e-07
5.5075e-05
2.8133e-05
5.4121e-05
2.1458e-06
5.3883e-05
1.9073e-06
5.2929e-05
1.9073e-06
5.3167e-05
3.8147e-06
5.6028e-05
1.9717e-04
9.5367e-07
1.9073e-06
5.6028e-05
1.9073e-06
5.4121e-05
9.5367e-07
5.2929e-05
2.4891e-04
9.5367e-07
5.8889e-05
0.0000e+00
4.9114e-05
5.6028e-05
3.0994e-06
5.3883e-05
2.8610e-06
5.7220e-05
6.3896e-04
0.0000e+00
2.1458e-06
5.8889e-05
1.9073e-06
5.5075e-05
1.5020e-05
5.3883e-05
1.9073e-06
5.3883e-05
1.9073e-06
5.1975e-05
1.9073e-06
5.2929e-05
2.7919e-04
9.5367e-07
7.8678e-06
9.5367e-07
9.5367e-07
5.9128e-05
2.1458e-06
5.5075e-05
9.5367e-07
5.3883e-05
1.9073e-06
5.4121e-05
5.9605e-06
5.5075e-05
7.8678e-06
5.5075e-05
1.9073e-06
7.3195e-05
3.2806e-04
5.8174e-05
2.0981e-05
5.3883e-05
3.8147e-06
5.4836e-05
8.1062e-06
0.0000e+00
4.5061e-05
5.4121e-05
1.2207e-04
5.4121e-05
3.0994e-06
5.2929e-05
1.9073e-06
6.9857e-05
2.8610e-06
5.6028e-05
2.1458e-06
5.4121e-05
6.1989e-06
0.0000e+00
7.8678e-06
9.5367e-07
1.9073e-06
5.6028e-05
1.9073e-06
5.4121e-05
2.1458e-06
5.3883e-05
5.8603e-04
5.4121e-05
1.1206e-05
7.8917e-05
3.8147e-06
5.3883e-05
1.9073e-06
5.2929e-05
1.9073e-06
5.3883e-05
1.9073e-06
5.1975e-05
1.9073e-06
5.2929e-05
2.1458e-06
5.1975e-05
2.8610e-06
5.4121e-05
3.8004e-04
5.6982e-05
1.9073e-06
6.0797e-05
1.9073e-06
5.5075e-05
1.9073e-06
5.5075e-05
1.9073e-06
5.2929e-05
4.0531e-06
5.2929e-05
5.0592e-04
0.0000e+00
1.4400e-04
9.5367e-07
2.1458e-06
7.5102e-05
1.2612e-04
0.0000e+00
7.6056e-05
9.5367e-07
9.5367e-07
5.6028e-05
9.5367e-07
5.2929e-05
2.6107e-04
9.5367e-07
9.5367e-07
5.5790e-05
9.5367e-07
5.2929e-05
9.5367e-07
5.2929e-05
1.0085e-04
6.9857e-05
1.4067e-05
0.0000e+00
5.0068e-06
0.0000e+00
2.0981e-05
5.6028e-05
1.5974e-05
9.5367e-07
2.1458e-06
5.6028e-05
1.9073e-06
5.3883e-05
1.9073e-06
5.2929e-05
2.1458e-06
5.3883e-05
1.9073e-06
6.9857e-05
1.9073e-06
5.6028e-05
5.3215e-04
5.4121e-05
2.0027e-05
5.6028e-05
5.0068e-06
5.2929e-05
3.0994e-06
5.3883e-05
3.0041e-05
5.2929e-05
1.9073e-06
5.2929e-05
3.0994e-06
5.6982e-05
1.9073e-06
5.3883e-05
3.4785e-04
0.0000e+00
4.8876e-05
5.5075e-05
1.9073e-06
5.4121e-05
2.2888e-05
1.1921e-06
3.0994e-06
5.4121e-05
4.0531e-06
5.4121e-05
8.1062e-05
0.0000e+00
9.0122e-05
9.5367e-07
5.9605e-06
1.1921e-06
2.4080e-05
6.4135e-05
2.1458e-06
5.5075e-05
5.0068e-06
5.4121e-05
4.0531e-06
5.5075e-05
5.9605e-06
9.5367e-07
3.0994e-06
5.4121e-05
4.0531e-06
5.2929e-05
4.0531e-06
7.2002e-05
9.9492e-04
9.5367e-07
2.1458e-06
5.6028e-05
7.1526e-06
9.5367e-07
1.0967e-05
5.5075e-05
6.4135e-05
9.5367e-07
9.5367e-07
5.5075e-05
1.9073e-06
5.4121e-05
1.9073e-06
5.9128e-05
3.8505e-04
9.5367e-07
9.5367e-07
5.7220e-05
3.0994e-06
5.4121e-05
5.9605e-06
5.5075e-05
2.1458e-06
5.3883e-05
1.9073e-06
5.2929e-05
1.9073e-06
5.3167e-05
2.1458e-06
5.3883e-05
2.8491e-04
5.6028e-05
3.8147e-06
5.7220e-05
7.3910e-05
5.3883e-05
1.6499e-04
9.5367e-07
1.9073e-06
5.4121e-05
2.1458e-06
5.4121e-05
1.9073e-06
5.3883e-05
8.7023e-05
9.5367e-07
1.9073e-06
5.7220e-05
1.9073e-06
7.3910e-05
3.8147e-06
5.4121e-05
1.9073e-06
5.4121e-05
2.1458e-06
5.2929e-05
1.9073e-06
5.3883e-05
1.2875e-05
0.0000e+00
2.1458e-06
5.6028e-05
1.9073e-06
5.4121e-05
1.9073e-06
6.6996e-05
2.8610e-06
5.5790e-05
2.1458e-06
5.3883e-05
1.9073e-06
5.2929e-05
1.9073e-06
6.0081e-05
1.9073e-06
5.5075e-05
9.5367e-07
5.5075e-05
7.1526e-06
9.5367e-07
2.8610e-06
5.4121e-05
2.8610e-06
5.6982e-05
1.2960e-03
9.5367e-07
3.6001e-05
6.0081e-05
3.0994e-06
5.4121e-05
1.9073e-06
5.2929e-05
2.1458e-06
5.3883e-05
8.1062e-06
5.5075e-05
2.1458e-06
5.3883e-05
3.0994e-06
5.6982e-05
1.9073e-06
5.4121e-05
2.1458e-06
5.2929e-05
1.9073e-06
5.4121e-05
2.1458e-06
5.3883e-05
3.5310e-04
9.5367e-07
9.5367e-07
5.8174e-05
4.8113e-04
5.5075e-05
3.8147e-06
5.6982e-05
3.0303e-04
9.5367e-07
9.5367e-07
5.5075e-05
1.9073e-06
5.4121e-05
1.1921e-06
5.5075e-05
5.9605e-06
9.5367e-07
9.5367e-07
5.6028e-05
1.4806e-04
5.3883e-05
2.8610e-06
7.0810e-05
3.0994e-06
5.6982e-05
3.7003e-04
5.9605e-06
9.5367e-07
5.5790e-05
9.5367e-07
5.3883e-05
1.9073e-06
5.1975e-05
9.5367e-07
5.1975e-05
5.0068e-06
9.5367e-07
2.1458e-06
5.3883e-05
9.0599e-06
7.5102e-05
4.0531e-06
5.5075e-05
5.0068e-06
5.3883e-05
1.9073e-06
5.4121e-05
9.5367e-07
5.3167e-05
5.9605e-06
9.5367e-07
9.5367e-07
5.3883e-05
7.0000e-04
5.5790e-05
1.9073e-06
7.2002e-05
3.0994e-06
5.6028e-05
1.0085e-04
1.1921e-06
7.5102e-05
0.0000e+00
2.0027e-05
9.5367e-07
9.5367e-07
5.5790e-05
3.7694e-04
5.6982e-05
2.1458e-06
5.3883e-05
3.0994e-05
5.4121e-05
2.1458e-06
7.2002e-05
2.8610e-06
5.5075e-05
1.9073e-06
5.4121e-05
3.0994e-05
5.4836e-05
2.1458e-06
5.2929e-05
2.1935e-05
5.4121e-05
1.9073e-06
5.2929e-05
4.4107e-04
5.3883e-05
3.0994e-06
5.6982e-05
2.8610e-06
5.4121e-05
1.2875e-05
0.0000e+00
9.5367e-07
5.6028e-05
4.0793e-04
0.0000e+00
9.5367e-07
5.4836e-05
1.9073e-06
5.3883e-05
5.0068e-06
9.5367e-07
9.5367e-07
5.4121e-05
1.1921e-06
7.3910e-05
3.1710e-04
9.5367e-07
1.9073e-06
5.8174e-05
5.9605e-06
9.5367e-07
4.2200e-05
9.5367e-07
5.4836e-05
9.5367e-07
3.1900e-04
9.5367e-07
9.5367e-07
5.6982e-05
9.5367e-07
5.3883e-05
9.5367e-07
5.6028e-05
1.9073e-06
8.0109e-05
1.2159e-05
0.0000e+00
4.0531e-06
5.6028e-05
2.5988e-05
9.5367e-07
5.5075e-05
9.5367e-07
5.2929e-05
5.5790e-05
1.9073e-06
5.3883e-05
1.9073e-06
5.4121e-05
5.9605e-06
9.5367e-07
5.0068e-06
5.3883e-05
4.0531e-06
5.6982e-05
1.9073e-06
5.5075e-05
2.1458e-06
5.2929e-05
1.9073e-06
5.2929e-05
1.0509e-03
0.0000e+00
2.1458e-06
6.1035e-05
9.5367e-07
5.3883e-05
1.9073e-06
5.2929e-05
1.9073e-06
7.4148e-05
1.6499e-04
5.4836e-05
2.5034e-05
5.5075e-05
2.1458e-06
5.2929e-05
3.7909e-05
0.0000e+00
2.1458e-06
5.6982e-05
1.9073e-06
5.4121e-05
1.9073e-06
5.2929e-05
2.7895e-04
7.3910e-05
7.8678e-06
9.5367e-07
3.6001e-05
9.5367e-07
8.5831e-05
9.5367e-07
2.8491e-04
9.5367e-07
2.0981e-05
0.0000e+00
9.5367e-07
5.6028e-05
1.9073e-06
5.3167e-05
3.0994e-06
5.6028e-05
8.1062e-06
5.6982e-05
2.8610e-06
8.0109e-05
2.5606e-04
5.4836e-05
2.1935e-05
5.3883e-05
2.1696e-04
9.5367e-07
6.1035e-05
9.5367e-07
8.1062e-06
5.6982e-05
4.1962e-05
9.5367e-07
2.8610e-06
5.4836e-05
4.6492e-04
9.5367e-07
1.1921e-06
5.6028e-05
1.1921e-06
7.6056e-05
2.1458e-06
5.3883e-05
9.5367e-07
5.2929e-05
1.2875e-05
0.0000e+00
2.1458e-06
5.6982e-05
3.0804e-04
9.5367e-07
1.9073e-06
5.5075e-05
1.6594e-04
0.0000e+00
9.5367e-07
5.6028e-05
1.9073e-06
7.2002e-05
1.9073e-06
5.4836e-05
6.9141e-06
1.1921e-06
8.1062e-06
5.6028e-05
2.8610e-06
5.4836e-05
1.9073e-06
5.6028e-05
1.9073e-06
5.4121e-05
1.2875e-05
5.5075e-05
1.9073e-06
7.4148e-05
7.2598e-04
9.5367e-07
2.2173e-05
9.5367e-07
5.0068e-06
9.5367e-07
9.5367e-07
5.6982e-05
9.5367e-07
5.3883e-05
9.5367e-07
5.4121e-05
1.1921e-06
5.3883e-05
1.9073e-06
5.2929e-05
5.9605e-06
7.3910e-05
6.9141e-06
5.4836e-05
2.1458e-06
5.4836e-05
4.9210e-04
0.0000e+00
1.8001e-04
9.5367e-07
7.8917e-05
9.5367e-07
9.5367e-07
5.6982e-05
2.1458e-06
5.1975e-05
9.5367e-07
5.3883e-05
1.1396e-04
7.7963e-05
3.0994e-06
5.6028e-05
7.3910e-05
9.5367e-07
5.0068e-06
9.5367e-07
5.0068e-06
5.6028e-05
1.7118e-04
9.5367e-07
9.5367e-07
5.5075e-05
2.8181e-04
5.3883e-05
9.0599e-06
5.2929e-05
2.2888e-05
6.0081e-05
3.8147e-06
5.6982e-05
1.4901e-04
9.5367e-07
1.1611e-04
9.5367e-07
1.9073e-06
5.5075e-05
2.8610e-06
5.2929e-05
9.0599e-06
9.5367e-07
2.0981e-05
5.5790e-05
3.0994e-06
5.4836e-05
3.0994e-06
5.2929e-05
4.0531e-06
5.6982e-05
9.5367e-07
6.0081e-05
1.9073e-06
5.5075e-05
1.9073e-06
5.4121e-05
1.9073e-06
5.2929e-05
2.1458e-06
5.2929e-05
2.8610e-06
5.3883e-05
7.6103e-04
5.5075e-05
2.8610e-06
5.6028e-05
1.0204e-04
9.5367e-07
9.5367e-07
5.4121e-05
2.1458e-06
5.2929e-05
9.5367e-07
5.4121e-05
2.1458e-06
5.2929e-05
2.5296e-04
9.5367e-07
9.5367e-07
6.0797e-05
3.0994e-06
6.9857e-05
3.0994e-06
5.5075e-05
2.1458e-06
5.3883e-05
3.0994e-06
5.2929e-05
1.9073e-06
5.3167e-05
3.0994e-06
5.3883e-05
3.8505e-04
5.5075e-05
1.7166e-05
9.5367e-07
5.0783e-05
7.4863e-05
4.0531e-06
5.6028e-05
1.2898e-04
9.5367e-07
5.2929e-05
5.5075e-05
2.1458e-06
5.3883e-05
1.9073e-06
5.2929e-05
1.7166e-05
5.3883e-05
5.9605e-06
5.4121e-05
2.1458e-06
5.2929e-05
2.8610e-06
5.6028e-05
1.9073e-06
5.2929e-05
9.5367e-07
6.0081e-05
2.6107e-04
5.3167e-05
5.0068e-06
5.4121e-05
2.0027e-05
5.3167e-05
3.9411e-04
0.0000e+00
2.3699e-04
9.5367e-07
5.0068e-06
0.0000e+00
1.9073e-06
5.7936e-05
9.5367e-07
5.4121e-05
2.1458e-06
5.2929e-05
1.0014e-05
1.1921e-06
9.5367e-07
5.4836e-05
1.9073e-06
5.2214e-05
9.5367e-07
5.1975e-05
2.1458e-06
5.2929e-05
3.8147e-06
5.4836e-05
2.1458e-06
5.2929e-05
1.9073e-06
5.2929e-05
1.1921e-05
5.6028e-05
3.0994e-06
5.4121e-05
1.5211e-04
5.2929e-05
6.0511e-04
0.0000e+00
1.0014e-05
0.0000e+00
2.6703e-04
0.0000e+00
9.5367e-07
7.6056e-05
2.1458e-06
5.3883e-05
9.5367e-07
5.2929e-05
1.0586e-04
0.0000e+00
9.5367e-07
5.6028e-05
2.1458e-06
5.2929e-05
9.5367e-07
5.3167e-05
4.0913e-04
9.5367e-07
1.9073e-06
5.6028e-05
3.0994e-06
5.6982e-05
1.9073e-06
5.4121e-05
2.8610e-06
5.4121e-05
2.8610e-06
5.4121e-05
1.9073e-06
5.4121e-05
2.1458e-06
5.2929e-05
5.7936e-05
5.4121e-05
1.2159e-05
7.6056e-05
4.0531e-06
5.5075e-05
1.9073e-06
5.5075e-05
2.1458e-06
5.3883e-05
1.9073e-06
5.4836e-05
1.9073e-06
5.4121e-05
2.5702e-04
5.3883e-05
3.0994e-06
5.3883e-05
1.9073e-06
5.5075e-05
2.1458e-06
5.2929e-05
1.9073e-06
5.9128e-05
2.4390e-04
0.0000e+00
2.1458e-06
5.4836e-05
7.9870e-05
9.5367e-07
9.5367e-07
5.6982e-05
1.9073e-06
5.2929e-05
1.9073e-06
6.9141e-05
4.0531e-06
5.7936e-05
4.4894e-04
0.0000e+00
1.9073e-06
5.5075e-05
1.9073e-06
5.4121e-05
2.1458e-06
5.3883e-05
1.9073e-06
5.3167e-05
5.0068e-06
9.5367e-07
3.0994e-06
5.5075e-05
1.9073e-06
7.2956e-05
3.2806e-04
5.5075e-05
3.0994e-06
5.5075e-05
3.0994e-06
5.3167e-05
1.9073e-06
5.3883e-05
2.0981e-05
5.2929e-05
3.0994e-06
5.3883e-05
2.1458e-06
6.8903e-05
2.8610e-06
5.5790e-05
1.9073e-06
5.3883e-05
1.9073e-06
5.2929e-05
2.1458e-06
5.3883e-05
2.3103e-04
5.5075e-05
2.0027e-05
5.3883e-05
5.0068e-06
5.3883e-05
2.1458e-06
7.3910e-05
5.0998e-04
1.1921e-06
9.5367e-07
5.6028e-05
7.5102e-05
1.1921e-06
1.1921e-06
5.6982e-05
5.0068e-06
9.5367e-07
9.5367e-07
5.7936e-05
1.9073e-06
5.3883e-05
5.8293e-04
1.1921e-06
9.5367e-07
5.6028e-05
1.9073e-06
5.8174e-05
9.5367e-07
5.3883e-05
9.5367e-07
5.4121e-05
3.9101e-05
5.3167e-05
2.1458e-06
5.5075e-05
3.1710e-04
9.5367e-07
9.5367e-07
5.5075e-05
2.1458e-06
5.1975e-05
8.1062e-06
9.5367e-07
9.5367e-07
6.3896e-05
1.9073e-06
5.4121e-05
1.1921e-06
5.2929e-05
1.9073e-06
5.3167e-05
4.7612e-04
1.1921e-06
9.5367e-07
5.5075e-05
2.1458e-06
5.2929e-05
8.8930e-05
8.0824e-05
3.0994e-06
5.5075e-05
1.0014e-05
9.5367e-07
2.7895e-05
1.1921e-06
3.6001e-05
9.5367e-07
1.1921e-06
5.6982e-05
3.8862e-05
5.4121e-05
2.8610e-06
5.3167e-05
3.0994e-06
5.4121e-05
7.1621e-04
9.5367e-07
1.9073e-06
7.5817e-05
3.0994e-06
5.5075e-05
2.1458e-06
5.6028e-05
2.1458e-06
5.2929e-05
1.1182e-04
5.3883e-05
1.9908e-04
0.0000e+00
9.5367e-07
5.6982e-05
8.1062e-06
9.5367e-07
1.9073e-06
5.6028e-05
1.9073e-06
5.6982e-05
9.5367e-07
5.3167e-05
9.5367e-07
5.2929e-05
1.9073e-06
5.3883e-05
1.9073e-06
5.4121e-05
2.8610e-06
5.3167e-05
5.9605e-06
5.4836e-05
5.2094e-04
7.3195e-05
4.0531e-06
5.5075e-05
5.0068e-06
5.4121e-05
3.0994e-06
5.4121e-05
2.1458e-06
5.2929e-05
2.8610e-06
5.5075e-05
1.9073e-06
5.4121e-05
2.1458e-06
5.3883e-05
4.2391e-04
1.1921e-06
2.1458e-06
6.0081e-05
2.1458e-06
5.3883e-05
9.5367e-07
5.2214e-05
1.1921e-06
5.1975e-05
2.5487e-04
9.5367e-07
2.1458e-06
5.6028e-05
9.5367e-07
5.3883e-05
9.5367e-07
8.1778e-05
3.0994e-06
5.3883e-05
2.4390e-04
9.5367e-07
9.5367e-07
5.6028e-05
1.9073e-06
5.3167e-05
1.1921e-06
5.2929e-05
2.1291e-04
5.5075e-05
1.9073e-06
5.4121e-05
2.1458e-06
8.8930e-05
2.8610e-06
5.6028e-05
5.9605e-06
5.3883e-05
3.0994e-06
5.2929e-05
2.5201e-04
9.5367e-07
7.8678e-06
5.6028e-05
5.5075e-05
9.5367e-07
9.5367e-07
5.3883e-05
1.9073e-06
5.5075e-05
1.5807e-04
0.0000e+00
9.5367e-07
5.6982e-05
2.1458e-06
5.3883e-05
1.5593e-04
9.5367e-07
1.9789e-05
9.5367e-07
9.5367e-07
5.5075e-05
2.1458e-06
5.3883e-05
1.9073e-06
5.3167e-05
5.0068e-06
0.0000e+00
1.1921e-06
5.3883e-05
2.1458e-06
5.6028e-05
5.0068e-06
9.5367e-07
1.1921e-06
5.6028e-05
2.1458e-06
5.2929e-05
6.9141e-06
1.1921e-06
1.1921e-06
6.2943e-05
1.9073e-06
5.4121e-05
2.1219e-05
5.3883e-05
1.9073e-06
7.3910e-05
4.0531e-06
5.6982e-05
3.0994e-06
5.3883e-05
2.8610e-06
5.3883e-05
1.9503e-04
5.5075e-05
6.9141e-06
9.5367e-07
9.5367e-07
5.5075e-05
2.1019e-03
1.1921e-06
2.1458e-06
6.1035e-05
1.9073e-06
5.6982e-05
3.0994e-06
5.3883e-05
6.1035e-05
9.5367e-07
5.4121e-05
0.0000e+00
9.5367e-07
5.6028e-05
1.3494e-04
7.2956e-05
4.0531e-06
5.6028e-05
6.9141e-06
5.5075e-05
2.8610e-06
7.2956e-05
4.0531e-06
5.5075e-05
3.0994e-06
6.1035e-05
2.8610e-06
5.5075e-05
1.9073e-06
5.2929e-05
3.4404e-04
1.1921e-06
2.1458e-06
5.6982e-05
2.1458e-06
5.2929e-05
1.9073e-06
6.9857e-05
4.0531e-06
5.6982e-05
2.8610e-06
5.4836e-05
1.9073e-06
6.0081e-05
1.9073e-06
5.5075e-05
2.4486e-04
5.4121e-05
1.6928e-05
5.4121e-05
6.1989e-06
0.0000e+00
1.9073e-06
5.4121e-05
5.2309e-04
5.9128e-05
7.1526e-06
9.5367e-07
1.0800e-04
9.5367e-07
1.9073e-06
5.6982e-05
5.0068e-06
0.0000e+00
9.5367e-07
5.3883e-05
1.9073e-06
5.3167e-05
1.8406e-04
1.1921e-06
9.5367e-07
5.4836e-05
9.5367e-07
7.4148e-05
2.1458e-06
6.1035e-05
9.2030e-05
0.0000e+00
1.1921e-06
5.5075e-05
1.9073e-06
5.3883e-05
9.5367e-07
5.4121e-05
1.4496e-04
5.3883e-05
1.5020e-05
9.5367e-07
9.5367e-07
5.7220e-05
6.6996e-05
9.5367e-07
9.5367e-07
5.9128e-05
1.1921e-06
5.3883e-05
9.5367e-07
5.4836e-05
1.9073e-06
6.1989e-05
3.0994e-06
5.4836e-05
3.0994e-06
5.3883e-05
1.9073e-06
5.4836e-05
1.9073e-06
7.2956e-05
4.0531e-06
5.4121e-05
1.9073e-06
5.4121e-05
3.0994e-06
5.1975e-05
1.9073e-06
5.3167e-05
8.2207e-04
0.0000e+00
1.1921e-06
5.6028e-05
2.1458e-06
5.4121e-05
1.9073e-06
7.2002e-05
4.0531e-06
5.4121e-05
1.9073e-06
5.2929e-05
2.1458e-06
5.2929e-05
2.8610e-06
5.4121e-05
2.8610e-06
5.4121e-05
3.0994e-06
5.2929e-05
9.4891e-05
5.3883e-05
2.8610e-06
5.6028e-05
3.0994e-06
5.4121e-05
1.9073e-06
5.3883e-05
2.8610e-06
5.2214e-05
3.0994e-06
5.3883e-05
2.8610e-06
5.2929e-05
9.8944e-05
9.5367e-07
9.5367e-07
5.4836e-05
2.8610e-06
6.3181e-05
3.9816e-04
9.5367e-07
5.9605e-06
9.5367e-07
9.5367e-07
5.4836e-05
1.9073e-06
5.4836e-05
9.3937e-05
9.5367e-07
2.1458e-06
5.6982e-05
1.3828e-05
9.5367e-07
5.2214e-05
9.5367e-07
2.3890e-04
9.5367e-07
9.5367e-07
7.5102e-05
3.0994e-06
5.6028e-05
6.3801e-04
9.5367e-07
9.5367e-07
6.1989e-05
9.5367e-07
5.4121e-05
1.9073e-06
5.3883e-05
9.5367e-07
5.3167e-05
9.5367e-07
5.2929e-05
6.9141e-06
9.5367e-07
2.1458e-06
7.3910e-05
4.0531e-06
5.4836e-05
2.1458e-06
5.4836e-05
3.0994e-06
5.4836e-05
3.4595e-04
5.6028e-05
2.1458e-06
5.3883e-05
2.1458e-06
5.3883e-05
1.9073e-06
5.3883e-05
4.0531e-06
5.6982e-05
1.9073e-06
5.4121e-05
3.0994e-06
5.4121e-05
3.0994e-06
5.4121e-05
2.1458e-06
5.5075e-05
3.0994e-06
5.4121e-05
4.0054e-05
5.5075e-05
2.1458e-06
8.0109e-05
6.0797e-04
0.0000e+00
1.9073e-06
5.8174e-05
9.5367e-07
5.3883e-05
1.9073e-06
5.3167e-05
5.0068e-06
0.0000e+00
1.1921e-06
5.4836e-05
8.1062e-06
9.5367e-07
9.5367e-07
5.5075e-05
2.1458e-06
8.0109e-05
4.0531e-06
5.4121e-05
1.9073e-06
5.3883e-05
1.9073e-06
5.3167e-05
2.1458e-06
5.2929e-05
1.9073e-06
5.4121e-05
2.1458e-06
5.4121e-05
8.2898e-04
5.4836e-05
3.0994e-06
5.6028e-05
1.9073e-06
5.4121e-05
1.9073e-06
5.4121e-05
2.1458e-06
5.2929e-05
1.5974e-05
9.5367e-07
2.1458e-06
5.6028e-05
2.1458e-06
5.3883e-05
9.5367e-07
5.3883e-05
1.9073e-06
8.2016e-05
5.0068e-06
5.6028e-05
1.9073e-06
5.2929e-05
7.1192e-04
9.5367e-07
1.1921e-06
5.4121e-05
2.1458e-06
5.2929e-05
6.9141e-06
1.1921e-06
1.1921e-06
5.6028e-05
1.9073e-06
5.2929e-05
1.9073e-06
5.8174e-05
7.1526e-06
9.5367e-07
9.5367e-07
5.4121e-05
3.0994e-06
5.4121e-05
2.1458e-06
5.2929e-05
2.5034e-05
0.0000e+00
1.9073e-06
5.4121e-05
4.6086e-04
5.4836e-05
1.5020e-05
9.5367e-07
1.9073e-06
7.2002e-05
3.0994e-06
5.4121e-05
3.0994e-06
5.2929e-05
4.4489e-04
0.0000e+00
1.1921e-06
5.6028e-05
5.9605e-06
9.5367e-07
9.5367e-07
5.6028e-05
1.3089e-04
5.3883e-05
6.9141e-06
0.0000e+00
9.5367e-07
7.3910e-05
2.8610e-06
5.5075e-05
1.9073e-06
5.3167e-05
2.1458e-06
5.4121e-05
5.0902e-04
0.0000e+00
2.1458e-06
5.6982e-05
2.1458e-06
5.4121e-05
6.9141e-06
0.0000e+00
1.9073e-06
5.4121e-05
2.8610e-06
5.7220e-05
3.0994e-06
5.3883e-05
1.1802e-04
5.4121e-05
1.9073e-06
5.2929e-05
6.6996e-05
0.0000e+00
9.5367e-07
5.6982e-05
2.1458e-06
6.0081e-05
3.0994e-06
5.4121e-05
8.1062e-06
9.5367e-07
4.5300e-04
1.1921e-06
9.5367e-07
5.8889e-05
9.5367e-07
5.4121e-05
4.7302e-04
0.0000e+00
1.9073e-06
5.6982e-05
1.9073e-06
5.4121e-05
9.5367e-07
5.4121e-05
9.5367e-07
5.3883e-05
2.1458e-06
5.5075e-05
1.1921e-06
5.2929e-05
2.7394e-04
1.1921e-06
5.4121e-05
9.5367e-07
9.5367e-07
5.5075e-05
1.9073e-06
5.3167e-05
1.4210e-04
9.5367e-07
1.9073e-06
5.4836e-05
2.8610e-06
5.3883e-05
2.8610e-06
7.3195e-05
3.0994e-06
5.2929e-05
3.0994e-06
5.5075e-05
3.0994e-06
5.2929e-05
2.8610e-06
5.3167e-05
2.1458e-06
5.5075e-05
3.0994e-06
6.0081e-05
2.1458e-06
6.7949e-05
3.0994e-06
5.7936e-05
2.8610e-06
5.2214e-05
6.3300e-04
0.0000e+00
9.5367e-07
5.6028e-05
2.1458e-06
6.1035e-05
1.9789e-05
9.5367e-07
9.5367e-07
5.5075e-05
2.1458e-06
5.3883e-05
1.9073e-06
7.2956e-05
3.0994e-06
5.4121e-05
2.1458e-06
5.3883e-05
3.5310e-04
5.4836e-05
3.0994e-06
5.3883e-05
1.1992e-04
1.1921e-06
9.5367e-07
5.6028e-05
1.9073e-06
5.4121e-05
1.1921e-06
7.9870e-05
1.9073e-06
5.3883e-05
5.6791e-04
9.5367e-07
9.5367e-07
5.5075e-05
5.9605e-06
9.5367e-07
9.5367e-07
5.5075e-05
9.5367e-07
5.4121e-05
2.8133e-05
9.5367e-07
9.5367e-07
5.6028e-05
2.1458e-06
7.2956e-05
1.9073e-06
5.4836e-05
1.9073e-06
5.2929e-05
4.2701e-04
9.5367e-07
9.5367e-07
5.6982e-05
1.1921e-06
5.4836e-05
5.9605e-06
9.5367e-07
1.1921e-06
5.6982e-05
2.9922e-04
5.3883e-05
1.9073e-06
7.0810e-05
4.0531e-06
5.6028e-05
5.9605e-06
9.5367e-07
4.0531e-06
9.5367e-07
1.9073e-06
5.3883e-05
2.8610e-06
5.4121e-05
1.9073e-06
6.0081e-05
3.6383e-04
5.2929e-05
2.6393e-04
5.4121e-05
4.0531e-06
5.7220e-05
3.0994e-06
5.2929e-05
3.0994e-06
5.3883e-05
1.2159e-05
9.5367e-07
9.5367e-07
5.4121e-05
9.5367e-07
5.3883e-05
6.9141e-06
9.5367e-07
1.1921e-05
0.0000e+00
9.5367e-07
5.6028e-05
3.0994e-06
5.7936e-05
3.0994e-06
5.3883e-05
1.9073e-06
5.5075e-05
5.4288e-04
0.0000e+00
1.9073e-06
5.6028e-05
1.9073e-06
5.5075e-05
9.5367e-07
5.3883e-05
1.9073e-06
5.4121e-05
1.9073e-06
5.8174e-05
2.1458e-06
5.4121e-05
4.7803e-04
5.9128e-05
3.0994e-06
5.4121e-05
1.3828e-05
9.5367e-07
5.9605e-06
9.5367e-07
1.9073e-06
5.6028e-05
1.9073e-06
5.3883e-05
6.9141e-06
7.1049e-05
8.1062e-06
9.5367e-07
9.5367e-07
5.6982e-05
5.5695e-04
9.5367e-07
2.1458e-06
5.6982e-05
1.9073e-06
5.4121e-05
3.5405e-04
9.5367e-07
9.5367e-07
5.4836e-05
1.9073e-06
5.2929e-05
9.5367e-07
5.3883e-05
1.9073e-06
6.4135e-05
1.1921e-06
5.5075e-05
9.5367e-07
5.2929e-05
9.5367e-07
5.4121e-05
2.1458e-06
5.4121e-05
5.6028e-05
0.0000e+00
9.5367e-07
5.5790e-05
9.5367e-07
5.3883e-05
2.8610e-06
5.5790e-05
3.5501e-04
1.1921e-06
9.5367e-07
5.6982e-05
2.1458e-06
5.3883e-05
9.5367e-07
5.4121e-05
1.4782e-05
5.3883e-05
3.3903e-04
9.5367e-07
9.5367e-07
5.6028e-05
2.1458e-06
7.2956e-05
1.9073e-06
5.5075e-05
9.5367e-07
5.3167e-05
2.1458e-06
6.1035e-05
2.1458e-06
5.3883e-05
5.9605e-06
0.0000e+00
4.6897e-04
9.5367e-07
9.5367e-07
5.5075e-05
5.0068e-06
9.5367e-07
0.0000e+00
7.2956e-05
1.9073e-06
5.6028e-05
6.8903e-05
5.4836e-05
1.9073e-06
5.4836e-05
3.0994e-06
5.5075e-05
2.1458e-06
5.3883e-05
1.9073e-06
5.3883e-05
2.8610e-06
5.2929e-05
2.8610e-06
7.2002e-05
1.8120e-04
9.5367e-07
5.0068e-06
9.5367e-07
9.5367e-07
5.6028e-05
1.9073e-06
5.4121e-05
6.0081e-05
0.0000e+00
9.5367e-07
5.5075e-05
5.0902e-04
5.6028e-05
1.9073e-06
5.5075e-05
2.8610e-06
7.3195e-05
1.3399e-04
5.5075e-05
1.4067e-05
9.5367e-07
9.5367e-07
6.1989e-05
2.8610e-06
5.4836e-05
3.0994e-06
5.4836e-05
2.1458e-06
5.3883e-05
1.9073e-06
5.3883e-05
1.9073e-06
7.3195e-05
4.0531e-06
5.4121e-05
3.0994e-06
5.3167e-05
3.0994e-06
5.2929e-05
1.3412e-01
