8.7981e-03
4.6968e-05
1.5807e-04
5.2929e-05
1.9073e-06
8.1062e-06
1.0300e-04
7.8678e-06
1.0705e-04
8.1062e-06
1.0490e-04
2.0981e-05
9.5367e-07
5.0068e-06
9.7990e-05
6.6996e-05
9.5129e-05
4.0531e-06
1.2589e-04
5.0068e-06
9.4175e-05
1.1921e-05
9.3937e-05
4.0531e-06
9.4891e-05
1.5974e-05
9.2983e-05
7.1526e-06
9.1076e-05
4.0531e-06
9.4891e-05
8.1062e-06
9.5129e-05
1.0014e-05
9.4891e-05
8.1062e-06
9.4175e-05
7.8678e-06
9.4891e-05
3.0994e-06
1.0109e-04
7.8678e-06
9.2983e-05
6.9141e-06
9.7990e-05
7.1526e-06
9.3937e-05
8.8215e-06
1.2088e-04
1.2875e-05
9.5367e-07
8.1062e-06
9.3937e-05
2.4080e-05
9.5367e-07
3.0994e-06
9.8944e-05
4.0531e-06
9.6083e-05
8.1062e-06
9.3937e-05
3.8147e-06
9.1076e-05
1.0014e-05
9.1076e-05
5.0068e-06
1.0109e-04
8.8215e-06
9.4891e-05
4.0531e-06
9.1076e-05
6.9141e-06
1.0490e-04
4.0531e-06
9.5129e-05
7.8678e-06
9.3937e-05
6.9141e-06
9.3937e-05
4.0531e-06
9.2030e-05
3.8147e-06
9.5844e-05
1.8835e-05
9.5367e-07
1.0109e-04
1.1921e-06
3.8147e-06
1.0681e-04
5.0068e-06
9.3937e-05
8.8215e-06
9.4891e-05
4.0531e-06
9.2983e-05
9.2030e-05
1.9073e-06
2.8610e-06
9.5844e-05
1.0014e-05
2.1458e-06
1.9073e-06
9.4175e-05
3.0994e-06
9.9182e-05
2.4080e-05
9.5367e-07
2.8610e-06
9.2030e-05
1.0800e-04
9.5129e-05
2.8610e-06
9.2983e-05
3.5048e-05
2.1458e-06
2.1458e-06
9.4891e-05
1.0967e-05
9.5367e-07
2.8610e-06
9.8944e-05
4.0531e-06
1.0180e-04
3.0994e-06
9.2983e-05
8.1062e-06
9.3937e-05
2.8610e-06
9.4891e-05
1.0014e-05
2.1458e-06
1.0967e-05
9.5367e-07
3.0994e-06
9.5129e-05
1.2875e-05
9.5367e-07
4.0531e-06
9.3937e-05
3.0994e-06
9.3937e-05
4.0531e-06
9.7990e-05
3.8147e-06
9.4891e-05
4.0531e-06
9.6083e-05
1.0014e-05
1.9073e-06
3.0994e-06
9.4175e-05
3.8147e-06
9.2030e-05
1.0967e-05
9.5367e-07
8.1062e-06
9.2030e-05
1.5020e-05
1.1921e-06
1.7099e-03
1.1921e-06
1.2159e-05
9.5367e-07
2.8610e-06
9.8944e-05
3.0994e-06
9.0122e-05
3.0994e-06
9.6083e-05
3.0994e-06
9.5129e-05
4.0531e-06
1.2112e-04
2.8610e-06
9.2983e-05
5.0068e-06
9.2030e-05
3.0994e-06
9.2030e-05
1.0014e-05
9.1791e-05
2.0027e-05
2.1458e-06
9.5367e-07
9.4891e-05
2.8849e-05
9.5367e-07
1.1683e-04
1.9073e-06
6.9141e-06
9.5367e-07
9.8944e-05
2.4080e-05
1.9073e-06
9.6083e-05
1.9073e-06
9.2030e-05
2.1458e-06
9.2983e-05
4.0531e-06
9.2030e-05
7.9989e-04
9.5367e-07
7.8678e-06
9.5367e-07
1.3113e-05
9.5367e-07
4.0054e-05
9.3937e-05
2.8610e-06
1.0204e-04
3.8147e-06
9.2030e-05
9.0599e-06
9.6083e-05
1.5187e-04
9.5367e-07
5.9605e-06
9.5367e-07
2.1458e-06
9.3937e-05
3.0994e-06
9.2030e-05
4.7708e-04
9.7990e-05
2.8610e-06
9.5129e-05
2.8610e-06
1.1992e-04
8.8215e-06
9.7036e-05
4.0531e-06
9.3937e-05
1.8120e-05
9.5844e-05
8.1062e-06
9.6083e-05
7.8678e-06
9.2983e-05
2.8610e-06
9.3937e-05
6.9141e-06
9.2983e-05
4.0531e-06
9.2983e-05
1.7881e-05
9.5367e-07
3.0994e-06
9.4891e-05
7.8678e-06
1.0180e-04
6.1989e-06
9.2030e-05
3.8147e-06
9.2983e-05
4.0531e-06
9.3937e-05
8.5115e-05
9.2983e-05
2.1100e-04
9.5367e-07
1.9073e-06
1.0395e-04
3.0994e-06
9.2030e-05
3.8147e-06
9.4891e-05
2.8610e-06
9.4891e-05
3.0994e-06
9.3937e-05
8.8215e-06
9.5367e-07
1.1921e-06
9.2983e-05
1.0014e-05
1.9073e-06
6.9141e-06
1.2493e-04
1.1921e-05
1.9073e-06
9.0599e-06
2.1458e-06
8.1062e-06
1.1921e-06
5.1022e-05
9.7990e-05
3.8147e-06
9.3937e-05
2.8610e-06
9.2030e-05
1.0014e-05
9.5367e-07
3.0994e-06
9.2030e-05
3.0994e-06
9.2983e-05
2.8110e-04
2.1458e-06
7.8678e-06
1.1921e-06
1.9073e-06
9.4175e-05
1.3804e-04
9.2983e-05
3.8147e-06
9.2030e-05
3.8147e-06
9.2983e-05
4.0531e-06
9.2983e-05
4.0531e-06
1.0419e-04
5.0068e-06
1.2088e-04
4.0531e-06
9.0837e-05
4.0531e-06
9.0122e-05
3.0994e-06
9.1076e-05
1.0014e-05
2.1458e-06
2.8610e-06
9.3937e-05
3.0994e-06
9.7990e-05
4.0531e-06
9.7036e-05
3.8147e-06
1.1706e-04
4.0531e-06
9.2983e-05
4.0531e-06
9.4175e-05
1.0014e-05
9.5367e-07
4.0531e-06
9.2983e-05
4.0531e-06
9.4175e-05
4.0531e-06
9.1076e-05
3.0994e-06
9.5129e-05
4.0531e-06
1.2517e-04
1.2159e-05
9.5367e-07
4.0531e-06
9.6083e-05
3.8147e-06
9.3937e-05
4.0531e-06
9.5129e-05
2.8610e-06
9.4891e-05
1.0014e-05
1.1921e-06
2.8610e-06
9.2030e-05
3.0994e-06
9.2030e-05
1.0967e-05
1.9073e-06
2.8610e-06
9.5844e-05
4.0531e-06
9.1076e-05
2.8610e-06
9.1076e-05
1.9073e-06
9.5844e-05
5.0068e-06
9.3937e-05
4.0531e-06
9.7990e-05
4.0531e-06
9.7036e-05
4.0531e-06
1.2493e-04
5.0068e-06
9.4891e-05
2.2173e-05
9.5367e-07
3.0994e-06
9.3937e-05
3.0994e-06
9.2030e-05
1.0967e-05
9.5367e-07
2.8610e-06
9.5129e-05
4.0531e-06
9.2983e-05
4.0531e-06
9.3937e-05
5.9605e-06
9.9897e-05
5.0068e-06
9.6083e-05
4.0531e-06
8.9884e-05
4.0531e-06
9.1076e-05
3.8147e-06
9.2030e-05
3.0994e-06
9.1076e-05
4.0531e-06
8.9884e-05
4.0531e-06
1.1396e-04
4.0531e-06
9.9182e-05
3.8147e-06
9.3937e-05
5.0068e-06
9.4175e-05
4.0531e-06
9.4891e-05
3.8147e-06
9.1076e-05
1.0014e-05
9.5367e-07
3.0994e-06
9.2983e-05
4.0531e-06
1.2803e-04
5.0068e-06
1.0324e-04
3.8147e-06
9.4891e-05
4.0531e-06
9.4891e-05
4.0531e-06
9.5129e-05
4.0531e-06
9.1076e-05
2.8610e-06
8.8930e-05
2.8610e-06
8.8930e-05
4.0531e-06
9.6083e-05
4.0531e-06
1.0300e-04
1.0967e-05
1.9073e-06
2.8610e-06
9.7036e-05
4.0531e-06
9.3937e-05
3.0994e-06
9.2983e-05
4.0531e-06
9.2030e-05
4.0531e-06
9.0837e-05
5.9605e-06
9.4891e-05
3.0994e-06
1.0300e-04
1.0014e-05
1.1921e-06
1.9073e-06
9.4891e-05
3.0994e-06
9.7990e-05
1.0014e-05
1.1921e-06
3.0994e-06
9.2983e-05
4.0531e-06
9.1076e-05
9.0599e-06
1.1921e-06
1.9073e-06
1.2398e-04
1.1921e-05
9.5367e-07
3.0994e-06
9.4175e-05
2.8610e-06
1.0085e-04
5.0068e-06
9.9182e-05
2.8610e-06
9.2030e-05
3.8147e-06
9.0837e-05
4.0531e-06
9.1791e-05
2.8610e-06
1.1492e-04
5.9605e-06
9.3222e-05
2.5821e-04
9.5129e-05
3.8147e-06
9.2030e-05
3.8147e-06
9.4891e-05
3.8147e-06
9.3937e-05
4.0531e-06
9.2983e-05
4.0531e-06
9.2983e-05
4.0531e-06
1.0300e-04
5.0068e-06
9.4891e-05
1.0967e-05
9.5367e-07
3.0994e-06
9.1076e-05
4.0531e-06
9.3937e-05
3.2902e-05
9.5367e-07
8.1062e-06
2.1458e-06
6.9141e-06
9.5367e-07
4.6015e-05
9.4891e-05
4.0531e-06
1.1802e-04
5.0068e-06
1.0395e-04
2.2697e-04
1.1921e-06
6.9141e-06
9.5367e-07
1.6999e-04
9.5367e-07
1.2994e-04
9.5367e-07
2.8610e-06
9.7036e-05
2.8610e-06
9.8228e-05
3.0994e-06
1.0300e-04
8.7976e-05
9.5367e-07
1.9073e-06
1.1897e-04
4.0531e-06
9.2983e-05
3.8147e-06
9.0837e-05
5.0068e-06
9.6083e-05
3.0994e-06
9.1791e-05
3.8147e-06
9.4891e-05
3.8147e-06
9.8944e-05
3.0994e-06
9.2983e-05
5.0068e-06
9.3222e-05
4.0531e-06
9.2030e-05
3.0994e-06
9.6083e-05
4.0531e-06
9.5129e-05
4.0531e-06
9.3937e-05
1.1921e-05
9.5367e-07
2.8610e-06
1.0109e-04
4.0531e-06
9.4891e-05
9.3937e-05
2.5988e-05
3.0994e-06
9.4175e-05
3.0994e-06
9.5129e-05
9.0599e-06
9.5367e-07
2.1458e-06
9.3937e-05
1.2016e-04
1.1921e-06
2.8610e-06
1.0490e-04
3.0994e-06
9.2983e-05
5.0068e-06
9.2983e-05
4.0531e-06
1.2207e-04
1.1921e-05
2.1458e-06
4.0531e-06
9.9182e-05
2.8610e-06
9.3937e-05
3.8147e-06
9.4891e-05
5.0068e-06
9.5129e-05
1.0967e-05
9.4175e-05
4.0531e-06
9.6083e-05
3.8147e-06
1.2088e-04
6.1989e-06
9.7990e-05
4.0531e-06
9.5129e-05
1.3089e-04
1.9073e-06
3.0994e-06
9.3937e-05
3.0994e-06
1.0300e-04
4.0531e-06
9.3937e-05
4.0531e-06
9.3937e-05
1.0967e-05
9.5367e-07
4.0531e-06
9.7036e-05
4.0531e-06
9.3222e-05
1.6928e-05
9.6083e-05
3.0994e-06
9.3937e-05
3.8147e-06
9.9897e-05
4.0531e-06
9.0837e-05
3.0994e-06
9.1076e-05
4.0531e-06
1.1396e-04
4.0531e-06
9.1076e-05
3.0994e-06
9.1076e-05
2.8610e-06
9.1076e-05
3.0994e-06
9.2983e-05
5.0068e-06
9.7990e-05
1.0967e-05
9.5367e-07
8.1062e-06
2.1458e-06
2.9802e-05
9.5367e-07
3.0994e-05
2.1458e-06
3.6955e-05
1.2612e-04
5.0068e-06
9.6083e-05
4.0531e-06
9.4175e-05
2.8610e-06
9.3937e-05
4.0531e-06
9.3937e-05
9.0599e-06
2.1458e-06
2.8610e-06
9.9897e-05
4.0531e-06
9.0122e-05
3.0994e-06
1.1611e-04
5.0068e-06
9.2983e-05
3.0994e-06
9.1076e-05
3.0994e-06
9.1076e-05
4.0531e-06
9.2030e-05
5.0068e-06
9.3937e-05
4.0531e-06
9.3937e-05
1.0991e-04
9.5367e-07
9.0599e-06
9.5367e-07
4.0531e-06
9.6083e-05
2.1458e-06
9.2030e-05
2.9993e-04
1.9073e-06
3.9101e-05
1.0300e-04
4.0531e-06
9.7036e-05
4.0531e-06
9.6083e-05
1.0014e-05
1.1921e-06
8.1062e-06
1.1921e-06
5.0068e-05
9.4175e-05
4.0531e-06
1.1992e-04
4.0531e-06
9.4891e-05
5.0068e-06
9.4175e-05
3.8147e-06
9.2983e-05
4.0531e-06
9.3937e-05
3.0994e-06
9.3937e-05
4.7684e-06
9.3937e-05
4.0531e-06
9.2983e-05
5.0068e-06
9.2030e-05
4.0531e-06
9.0122e-05
4.0531e-06
1.0204e-04
4.0531e-06
9.6083e-05
3.8147e-06
9.6083e-05
2.0027e-05
9.5367e-07
2.8610e-06
9.5844e-05
3.0994e-06
9.3937e-05
5.0068e-06
9.6083e-05
1.0014e-05
9.5367e-07
3.0994e-06
9.4175e-05
2.8610e-06
1.0085e-04
1.0014e-05
9.5367e-07
2.1458e-06
9.2983e-05
3.0994e-06
9.1076e-05
2.2292e-04
9.7990e-05
3.8147e-06
1.1492e-04
5.0068e-06
9.2983e-05
9.0599e-06
9.5367e-07
2.1458e-06
9.3937e-05
4.0531e-06
9.4175e-05
3.0994e-06
9.6083e-05
2.8610e-06
9.4891e-05
2.8610e-06
9.2983e-05
2.8610e-06
1.1611e-04
1.3113e-05
2.1458e-06
4.0531e-06
9.8944e-05
3.0994e-06
9.9182e-05
2.8610e-06
9.3937e-05
1.0014e-05
2.1458e-06
1.9073e-06
9.3222e-05
3.0994e-06
9.6083e-05
9.0599e-06
9.5367e-07
3.0994e-06
9.1076e-05
9.9897e-05
9.5367e-07
2.8610e-06
9.5844e-05
3.0994e-06
1.0204e-04
2.8610e-06
9.2030e-05
4.0531e-06
9.1791e-05
5.0068e-06
9.1076e-05
9.0599e-06
9.5367e-07
6.9141e-06
9.5367e-07
3.0994e-06
9.2983e-05
3.1281e-04
1.9073e-06
2.8610e-06
9.7036e-05
8.8215e-06
9.5367e-07
3.0994e-06
9.3937e-05
4.0531e-06
9.5844e-05
3.0994e-06
9.2030e-05
9.0599e-06
9.5367e-07
1.9073e-06
9.5844e-05
7.3910e-05
1.0085e-04
2.8610e-06
1.2493e-04
4.0531e-06
9.1791e-05
4.0531e-06
9.0837e-05
3.0994e-06
9.2030e-05
2.8610e-06
9.0837e-05
3.0994e-06
9.1076e-05
1.0967e-05
1.1921e-06
3.0994e-06
9.5129e-05
4.0531e-06
1.2493e-04
5.0068e-06
9.6083e-05
5.0068e-06
9.1076e-05
3.8147e-06
9.1076e-05
3.8147e-06
9.0837e-05
2.8610e-06
9.1076e-05
4.0531e-06
9.1076e-05
3.0994e-06
9.0837e-05
5.0068e-06
1.0514e-04
1.0014e-05
9.5367e-07
3.0994e-06
9.4175e-05
3.8147e-06
9.3937e-05
4.0531e-06
9.2030e-05
2.8610e-06
9.0837e-05
9.0599e-06
9.5367e-07
3.0994e-06
9.3937e-05
4.0531e-06
1.2207e-04
4.0531e-06
1.0300e-04
5.9605e-06
9.5129e-05
4.0531e-06
9.2983e-05
3.0994e-06
9.1076e-05
4.0531e-06
9.2030e-05
3.0994e-06
9.2030e-05
9.7752e-06
9.5367e-07
2.8610e-06
1.1301e-04
1.0967e-05
1.1921e-06
8.8215e-06
9.5367e-07
2.1458e-06
1.0204e-04
2.8610e-06
9.2030e-05
1.0014e-05
9.5367e-07
1.9073e-06
9.5129e-05
4.0531e-06
9.2983e-05
3.0994e-06
9.3937e-05
1.8311e-04
9.6083e-05
4.0531e-06
1.0204e-04
4.0531e-06
9.1076e-05
2.8610e-06
9.1076e-05
3.0994e-06
9.1076e-05
4.0531e-06
9.4175e-05
2.8610e-06
9.3937e-05
5.0068e-06
9.5844e-05
2.5988e-05
1.9073e-06
3.0994e-06
9.7036e-05
2.8610e-06
9.4175e-05
9.0599e-06
9.5367e-07
3.0994e-06
9.3937e-05
3.0994e-06
9.1076e-05
3.0994e-06
9.1076e-05
3.0994e-06
9.4175e-05
4.0531e-06
9.2983e-05
4.7684e-06
9.7036e-05
4.0531e-06
1.0395e-04
4.0531e-06
9.3937e-05
3.8147e-06
9.1076e-05
2.8610e-06
9.2983e-05
2.8610e-06
8.9884e-05
3.8147e-06
9.0837e-05
4.0531e-06
1.2207e-04
5.0068e-06
9.2983e-05
1.7881e-05
9.5367e-07
3.0994e-06
9.7036e-05
2.8610e-06
9.4891e-05
4.0531e-06
9.5844e-05
1.0204e-04
9.5367e-07
5.9605e-06
9.5367e-07
2.1458e-06
9.7990e-05
3.0994e-06
9.4891e-05
5.0068e-06
9.7036e-05
4.0531e-06
9.3222e-05
5.0068e-06
9.2983e-05
3.0994e-06
9.6083e-05
3.0994e-06
9.4175e-05
4.0531e-06
9.4891e-05
3.8147e-06
9.3937e-05
4.0531e-06
1.1802e-04
4.0531e-06
1.0419e-04
3.8147e-06
9.3937e-05
1.0014e-05
2.1458e-06
2.8610e-06
9.3937e-05
9.0599e-06
9.5367e-07
2.1458e-06
9.5129e-05
4.0531e-06
9.2030e-05
3.8147e-06
9.1076e-05
4.0531e-06
9.7036e-05
4.0531e-06
1.0300e-04
1.0967e-05
2.1458e-06
1.9073e-06
9.4175e-05
5.0068e-06
9.2030e-05
4.0531e-06
8.9169e-05
4.0531e-06
9.1791e-05
9.0599e-06
1.9073e-06
4.0531e-06
1.1802e-04
5.0068e-06
9.7990e-05
1.0967e-05
9.5367e-07
3.8147e-06
1.0300e-04
2.1935e-05
9.5367e-07
2.1935e-05
1.1921e-06
7.8678e-06
9.5367e-07
2.8610e-06
9.2983e-05
6.9141e-06
9.1076e-05
3.0994e-06
9.5129e-05
2.8610e-06
1.2088e-04
3.6001e-05
9.3937e-05
3.8147e-05
1.0395e-04
4.0531e-06
9.4891e-05
3.0994e-06
9.2983e-05
2.8610e-06
9.3937e-05
3.0994e-06
9.5129e-05
3.0994e-06
9.3937e-05
4.0531e-06
9.7036e-05
4.0531e-06
9.2983e-05
1.1921e-05
9.6798e-05
2.8610e-06
9.5844e-05
1.0014e-05
9.5367e-07
2.8610e-06
9.2983e-05
4.0531e-06
9.3937e-05
4.0531e-06
9.2983e-05
5.9605e-06
9.7036e-05
4.0531e-06
9.6083e-05
2.8610e-06
1.0180e-04
3.8147e-06
9.2983e-05
3.0994e-06
9.5129e-05
3.8147e-06
9.2030e-05
4.0531e-06
9.3937e-05
9.0599e-06
9.5367e-07
5.0068e-06
9.6083e-05
1.0967e-05
9.5367e-07
1.9073e-06
9.6083e-05
5.0068e-06
1.0395e-04
4.0531e-06
9.6083e-05
2.8610e-06
9.6083e-05
4.0531e-06
9.3937e-05
3.8147e-06
9.4175e-05
5.0068e-06
9.4175e-05
4.0531e-06
9.2983e-05
5.0068e-06
9.7036e-05
4.0531e-06
9.2030e-05
4.0531e-06
9.3937e-05
4.0531e-06
9.5129e-05
2.8610e-06
9.2983e-05
4.0531e-06
1.2493e-04
4.0531e-06
9.1791e-05
4.0531e-06
1.0109e-04
5.0068e-06
1.0395e-04
4.0531e-06
9.7036e-05
1.9073e-06
9.4891e-05
3.0994e-06
9.5129e-05
2.8610e-06
9.4891e-05
1.0014e-05
2.4080e-05
5.0068e-06
9.2030e-05
1.0014e-05
2.1458e-06
2.8610e-06
9.2983e-05
4.0531e-06
1.0204e-04
3.0994e-06
9.0837e-05
4.0531e-06
8.9884e-05
3.0994e-06
9.1076e-05
4.0531e-06
8.9884e-05
5.9605e-06
9.2983e-05
4.0531e-06
9.2983e-05
5.0068e-06
9.4175e-05
3.8147e-06
1.0085e-04
9.5129e-05
9.3937e-05
1.5974e-05
1.1921e-06
1.9073e-06
9.5844e-05
2.8610e-06
9.5844e-05
5.0068e-06
9.7036e-05
4.0531e-06
9.0837e-05
4.0531e-06
1.0490e-04
3.0994e-06
9.6083e-05
4.0531e-06
9.2983e-05
9.0599e-06
9.5367e-07
2.8610e-06
9.5844e-05
3.0994e-06
9.1076e-05
7.5102e-05
9.3937e-05
2.8610e-06
9.3937e-05
1.0014e-05
9.5367e-07
2.1458e-06
9.7990e-05
5.0068e-06
9.3937e-05
9.0599e-06
2.1458e-06
2.8610e-06
9.2983e-05
3.8147e-06
9.4891e-05
4.0531e-06
1.1492e-04
5.0068e-06
9.2983e-05
7.2002e-05
1.9073e-06
8.1062e-06
9.5367e-07
3.0994e-06
9.9897e-05
4.0531e-06
9.7036e-05
3.0994e-06
9.2030e-05
2.0194e-04
1.9073e-06
2.8610e-06
9.3937e-05
3.0994e-06
9.3937e-05
3.0994e-06
9.7036e-05
3.0994e-06
9.9897e-05
3.8147e-06
9.3937e-05
5.0068e-06
9.2983e-05
4.0531e-06
9.2030e-05
4.0531e-06
9.2030e-05
1.0014e-05
9.5367e-07
2.8610e-06
9.3937e-05
3.8147e-06
1.0300e-04
4.0531e-06
5.8889e-05
1.9073e-06
6.1035e-05
2.1458e-06
5.3883e-05
1.9073e-06
5.4836e-05
1.9073e-06
5.2929e-05
1.9073e-06
5.2929e-05
1.1802e-04
7.8201e-05
3.0994e-06
5.4121e-05
2.0027e-05
5.3167e-05
5.9605e-06
5.2929e-05
1.1897e-04
9.5367e-07
9.5367e-07
5.5075e-05
2.1458e-06
6.1035e-05
1.9073e-06
5.2929e-05
1.9073e-06
7.2956e-05
3.0994e-06
5.5075e-05
5.9605e-06
0.0000e+00
9.5367e-07
5.4121e-05
7.1526e-06
9.5367e-07
1.0586e-04
0.0000e+00
1.1921e-06
5.5075e-05
5.0068e-06
0.0000e+00
9.5367e-07
5.4121e-05
1.1921e-06
5.5075e-05
5.9605e-06
1.4067e-05
3.6001e-05
5.9128e-05
5.0068e-06
5.4121e-05
1.0967e-05
5.2929e-05
1.9073e-06
5.4121e-05
2.1458e-06
5.2929e-05
1.1599e-03
5.4836e-05
7.8678e-06
9.5367e-07
6.4850e-05
7.0810e-05
3.0994e-06
5.6028e-05
9.1696e-04
5.5075e-05
1.9073e-06
5.3167e-05
2.1458e-06
5.2929e-05
1.9073e-06
5.0783e-05
1.9073e-06
5.3883e-05
5.9605e-06
6.0081e-05
1.6904e-04
7.2002e-05
2.8610e-06
5.3883e-05
9.5367e-07
5.4121e-05
7.4148e-05
9.5367e-07
5.0068e-05
5.5075e-05
2.1458e-06
5.2929e-05
2.8706e-04
0.0000e+00
1.4806e-04
9.5367e-07
9.5367e-07
5.6982e-05
1.9073e-06
7.2956e-05
9.6083e-05
0.0000e+00
5.9605e-06
9.5367e-07
9.5367e-07
5.6028e-05
4.7684e-06
9.5367e-07
9.5367e-07
5.2929e-05
2.1458e-06
5.2929e-05
1.9073e-06
5.1975e-05
3.8600e-04
5.4121e-05
5.0068e-06
7.3910e-05
6.9141e-06
0.0000e+00
2.1458e-06
5.3883e-05
2.1458e-06
5.3883e-05
1.9073e-06
5.3167e-05
4.8709e-04
5.4121e-05
1.9073e-06
5.4121e-05
2.2173e-05
5.3883e-05
5.9605e-06
6.9141e-05
3.0994e-06
5.6982e-05
1.9073e-06
5.4121e-05
2.1458e-06
5.3883e-05
1.9073e-06
5.2929e-05
9.5367e-07
5.2929e-05
1.9073e-06
5.2929e-05
1.2398e-04
5.1975e-05
4.0531e-06
5.6982e-05
1.9073e-06
5.1975e-05
2.1458e-06
5.2929e-05
1.9073e-06
5.3167e-05
1.1897e-04
5.2929e-05
2.4080e-05
5.3167e-05
4.0531e-06
5.1975e-05
2.0981e-05
7.0095e-05
4.6110e-04
9.5367e-07
2.1458e-06
5.8889e-05
6.9141e-06
1.1921e-06
9.0599e-06
5.5075e-05
2.1100e-04
9.5367e-07
9.5367e-07
5.4121e-05
2.1458e-06
5.2929e-05
1.9073e-06
5.4121e-05
1.9073e-06
5.2929e-05
3.0994e-06
5.5075e-05
3.0994e-06
5.4121e-05
2.7990e-04
9.5367e-07
9.5367e-07
5.5075e-05
1.9073e-06
5.2214e-05
2.1458e-06
5.2929e-05
9.5367e-07
5.4121e-05
2.1458e-06
5.2929e-05
7.1526e-06
0.0000e+00
1.9073e-06
5.6028e-05
2.8610e-06
5.3883e-05
8.8215e-06
5.4836e-05
1.9073e-06
6.0081e-05
1.0681e-04
5.3883e-05
1.1182e-04
9.5367e-07
9.5367e-07
5.4121e-05
1.0610e-04
7.1049e-05
6.9141e-06
9.5367e-07
5.0068e-06
1.1921e-06
3.0994e-06
5.5075e-05
2.9087e-05
5.4121e-05
4.0531e-06
5.2929e-05
3.3808e-04
5.3883e-05
2.1458e-06
5.3883e-05
1.9073e-06
5.4121e-05
2.2602e-04
9.5367e-07
5.9605e-06
0.0000e+00
7.1526e-06
5.8174e-05
5.0068e-06
5.3883e-05
1.0014e-05
5.4121e-05
4.0531e-06
6.0081e-05
6.9141e-06
9.5367e-07
5.6028e-05
5.4121e-05
2.0981e-05
5.1975e-05
7.1526e-06
7.2002e-05
5.7912e-04
9.5367e-07
1.9073e-06
6.4135e-05
9.5367e-07
5.2929e-05
5.9605e-06
1.1921e-06
9.5367e-07
5.3883e-05
1.9073e-06
5.3167e-05
2.1458e-06
5.3883e-05
1.9073e-06
5.4121e-05
4.5395e-04
9.5367e-07
5.0783e-05
6.3896e-05
1.9073e-06
5.3167e-05
2.1458e-06
5.2929e-05
1.9073e-06
5.2929e-05
1.9073e-06
5.2929e-05
8.4877e-05
9.5367e-07
1.1921e-06
5.5075e-05
2.1458e-06
7.2002e-05
1.8835e-05
9.5367e-07
3.0994e-06
5.5075e-05
5.9605e-06
9.5367e-07
1.2589e-04
0.0000e+00
2.1458e-06
5.4836e-05
1.9073e-06
5.2929e-05
1.9073e-06
5.4836e-05
1.9073e-06
5.3883e-05
9.5367e-07
7.0095e-05
4.8685e-04
0.0000e+00
2.1458e-06
5.5075e-05
2.1458e-06
5.2929e-05
1.9073e-06
5.2929e-05
4.9496e-04
9.5367e-07
9.5367e-07
5.4836e-05
5.9605e-06
0.0000e+00
4.0531e-06
5.4121e-05
6.6996e-05
0.0000e+00
4.0531e-06
0.0000e+00
1.9073e-06
5.6982e-05
4.2892e-04
5.4836e-05
2.3127e-05
5.4836e-05
1.9073e-06
5.2929e-05
5.9605e-06
1.1921e-06
1.1301e-04
9.5367e-07
9.5367e-07
5.3883e-05
1.9073e-06
5.4121e-05
2.1458e-06
7.5102e-05
3.0994e-06
5.3883e-05
1.9073e-06
5.9843e-05
1.9073e-06
5.2929e-05
1.9073e-06
5.3167e-05
2.1458e-06
5.2929e-05
5.4789e-04
9.5367e-07
9.5367e-07
5.5075e-05
2.1458e-06
7.1049e-05
1.9073e-06
5.9843e-05
1.9073e-06
5.2929e-05
2.8610e-06
5.2214e-05
2.1458e-06
5.2929e-05
1.9073e-06
5.3167e-05
1.9073e-06
5.1975e-05
2.1458e-06
5.2929e-05
3.0994e-06
5.4836e-05
1.9073e-06
5.3883e-05
4.5180e-04
5.3883e-05
2.4080e-05
5.2929e-05
4.0531e-06
5.4121e-05
6.9141e-06
9.5367e-07
3.3855e-05
5.5075e-05
1.9073e-06
5.3167e-05
3.0994e-06
5.6028e-05
1.9073e-06
5.3167e-05
2.1458e-06
5.2929e-05
4.3607e-04
5.2929e-05
5.9605e-06
5.2929e-05
1.9073e-06
5.4121e-05
3.0994e-06
5.2929e-05
1.9073e-06
6.9857e-05
2.8610e-06
5.4836e-05
4.4489e-04
5.5075e-05
2.1458e-06
5.2929e-05
1.9073e-06
5.3883e-05
2.8610e-06
5.2929e-05
2.1458e-06
5.4121e-05
2.1458e-06
5.2929e-05
1.9073e-06
5.3883e-05
3.6955e-05
5.4121e-05
3.0994e-06
5.3167e-05
9.0599e-06
5.4121e-05
1.2875e-05
0.0000e+00
9.2983e-05
1.1921e-06
3.5048e-05
6.1989e-05
1.9073e-06
5.2929e-05
1.9073e-06
7.0095e-05
2.8610e-06
5.6982e-05
2.9397e-04
5.4121e-05
4.9901e-04
5.3883e-05
4.0531e-06
5.2929e-05
3.0994e-06
5.3883e-05
5.9605e-06
9.5367e-07
6.8903e-05
5.4121e-05
3.0994e-06
5.2929e-05
3.0994e-06
5.5075e-05
2.1458e-06
5.3883e-05
1.9073e-06
5.2929e-05
2.2292e-04
1.1921e-06
1.9073e-06
5.6982e-05
1.2803e-04
5.4121e-05
2.1935e-05
5.2929e-05
4.0531e-06
5.5075e-05
2.8610e-06
5.4836e-05
3.0994e-06
5.3883e-05
1.9073e-06
5.3883e-05
5.9605e-06
9.5367e-07
4.9114e-05
0.0000e+00
8.8215e-06
5.3883e-05
8.8215e-06
5.3883e-05
2.4080e-05
5.3883e-05
1.9073e-06
7.0095e-05
6.0701e-04
9.5367e-07
9.5367e-07
5.6982e-05
1.9073e-06
5.3883e-05
1.9073e-06
5.3167e-05
1.0967e-05
9.5367e-07
9.5367e-07
5.4121e-05
1.1921e-06
5.3883e-05
1.5283e-04
5.4836e-05
3.1686e-04
9.5367e-07
2.9087e-05
5.8889e-05
1.9073e-06
5.2929e-05
7.8678e-06
0.0000e+00
5.1975e-05
6.2943e-05
1.9073e-06
5.4121e-05
1.0014e-05
5.2929e-05
6.9141e-06
5.2929e-05
5.9605e-06
9.5367e-07
2.8610e-06
7.5102e-05
2.8610e-06
5.4121e-05
3.0994e-06
5.4121e-05
2.1458e-06
5.3883e-05
2.1458e-06
5.2929e-05
1.9073e-06
5.4121e-05
5.9605e-06
0.0000e+00
2.8610e-06
5.2929e-05
4.0531e-06
6.9857e-05
3.0994e-06
5.8889e-05
2.1458e-06
5.3883e-05
1.9073e-06
5.3883e-05
1.9073e-06
5.2929e-05
7.7009e-04
5.5075e-05
4.6015e-05
5.3167e-05
3.0422e-04
5.4836e-05
3.0994e-06
5.6982e-05
2.1458e-06
5.2929e-05
1.9073e-06
5.2929e-05
1.9073e-06
5.4121e-05
2.1458e-06
5.2929e-05
1.9073e-06
5.3167e-05
2.1458e-06
5.5075e-05
2.7394e-04
7.0810e-05
2.4605e-04
5.5075e-05
5.9605e-06
9.5367e-07
8.2016e-05
0.0000e+00
2.6941e-05
5.4836e-05
4.3869e-05
9.5367e-07
3.3903e-04
9.5367e-07
9.5367e-07
5.6028e-05
9.5367e-07
5.4121e-05
2.1458e-06
5.3883e-05
1.8001e-04
0.0000e+00
2.1911e-04
9.5367e-07
9.5367e-07
5.7936e-05
9.5367e-07
5.3883e-05
1.9073e-06
5.4121e-05
1.9073e-06
5.4121e-05
2.1458e-06
5.5075e-05
2.1458e-06
5.3883e-05
1.9073e-06
5.2929e-05
3.8147e-06
5.6982e-05
3.4618e-04
6.1035e-05
2.1458e-06
5.6982e-05
1.6928e-05
0.0000e+00
1.1921e-06
5.3883e-05
9.5367e-07
5.2929e-05
6.9141e-06
9.5367e-07
2.0981e-05
1.1921e-06
5.5075e-05
5.5075e-05
1.9073e-06
7.1049e-05
9.5844e-05
9.5367e-07
1.9073e-06
5.5075e-05
1.9073e-06
5.4121e-05
1.1921e-06
5.2929e-05
1.9073e-06
5.2929e-05
2.1458e-06
6.1035e-05
3.0994e-06
5.4121e-05
2.1458e-06
7.2002e-05
2.8610e-06
5.4121e-05
2.1458e-06
5.4121e-05
2.1458e-06
5.2929e-05
1.9073e-06
5.1975e-05
9.5367e-07
5.1975e-05
9.5367e-07
5.5075e-05
2.1458e-06
6.6042e-05
2.8610e-06
5.6028e-05
1.0099e-03
5.5075e-05
4.0531e-06
5.4121e-05
7.8678e-06
6.0081e-05
2.1458e-06
5.5075e-05
1.4067e-05
5.2929e-05
2.1458e-06
5.2929e-05
1.9073e-06
7.0095e-05
7.8678e-06
9.5367e-07
4.0531e-06
5.5075e-05
2.1458e-06
5.3883e-05
1.9073e-06
5.1975e-05
1.9073e-06
5.2929e-05
4.8709e-04
0.0000e+00
3.7909e-05
5.5075e-05
2.0981e-05
7.1049e-05
2.1458e-06
5.5075e-05
9.5367e-07
5.3167e-05
9.5367e-07
5.2929e-05
7.2002e-05
5.3883e-05
1.3089e-04
5.3883e-05
1.0014e-05
5.3883e-05
2.6202e-04
9.5367e-07
9.5367e-07
7.1049e-05
5.9605e-06
0.0000e+00
1.1921e-06
5.6982e-05
1.9073e-06
5.4121e-05
2.1458e-06
5.4121e-05
9.5367e-07
5.2929e-05
5.9605e-06
9.5367e-07
6.8903e-05
0.0000e+00
1.1921e-06
5.2929e-05
1.1921e-05
5.3883e-05
4.4608e-04
5.8174e-05
2.1458e-06
5.2929e-05
1.9073e-06
5.2929e-05
1.5283e-04
5.4121e-05
1.0014e-05
5.3883e-05
6.9141e-06
5.2929e-05
1.9073e-06
5.9128e-05
2.1458e-06
7.1049e-05
1.2016e-04
0.0000e+00
9.5367e-07
5.6028e-05
3.7885e-04
9.5367e-07
1.1921e-06
5.2929e-05
5.9605e-06
9.5367e-07
1.4067e-05
9.5367e-07
1.3140e-01
