6.5100e-03
1.0085e-04
7.8678e-06
4.0531e-06
9.4891e-05
4.0531e-06
1.0109e-04
2.6410e-03
1.9073e-06
1.3113e-05
6.6996e-05
3.0994e-06
5.6028e-05
2.1458e-06
5.4836e-05
2.8610e-06
5.3883e-05
3.0994e-06
9.2983e-05
4.0531e-06
5.6982e-05
3.0994e-06
5.4121e-05
2.0709e-03
9.5367e-07
4.0531e-06
6.4135e-05
8.8215e-06
5.6028e-05
2.1458e-06
5.2929e-05
3.0994e-06
5.2929e-05
2.8610e-06
7.7009e-05
3.0994e-06
5.6982e-05
3.7003e-04
9.5367e-07
3.0994e-06
6.1989e-05
9.0599e-06
9.5367e-07
1.9073e-06
5.7220e-05
3.0994e-06
6.2943e-05
4.9114e-05
9.5367e-07
1.9073e-06
5.5075e-05
2.8610e-06
7.3910e-05
2.8610e-06
5.6028e-05
3.0994e-06
5.4121e-05
2.1458e-06
5.2929e-05
1.9073e-06
5.2929e-05
7.0095e-04
1.1921e-06
2.8610e-06
5.6028e-05
2.8610e-06
5.3883e-05
3.8290e-04
9.5367e-07
1.2088e-04
9.5367e-07
2.8610e-06
6.5804e-05
9.7036e-05
9.5367e-07
2.1458e-06
5.8889e-05
2.1458e-06
5.4836e-05
2.1458e-06
5.3883e-05
1.9073e-06
5.2929e-05
4.9281e-04
9.5367e-07
2.1458e-06
6.6042e-05
2.8610e-06
7.6056e-05
1.0967e-05
1.1921e-06
2.1458e-06
5.5075e-05
3.0994e-06
5.2929e-05
1.9073e-06
5.2929e-05
8.0824e-05
9.5367e-07
1.9073e-06
5.6982e-05
3.0994e-06
5.3883e-05
2.8610e-06
5.4836e-05
1.9073e-06
7.0810e-05
6.8593e-04
0.0000e+00
7.8678e-06
9.5367e-07
2.1458e-06
5.7936e-05
3.0994e-06
5.3883e-05
2.8610e-06
5.4121e-05
2.8610e-06
5.4121e-05
2.3317e-04
9.5367e-07
3.0994e-06
5.6982e-05
1.9073e-06
7.4148e-05
3.0994e-06
5.5075e-05
2.2602e-04
0.0000e+00
3.0994e-06
5.5075e-05
2.1458e-06
5.2929e-05
1.9073e-06
5.2929e-05
3.0994e-06
5.3167e-05
2.1458e-06
5.2929e-05
2.8610e-06
7.0095e-05
3.2091e-04
9.5367e-07
2.8610e-06
5.6982e-05
3.0994e-06
5.1975e-05
1.2803e-04
9.5367e-07
1.9073e-06
5.5075e-05
1.9073e-06
5.4121e-05
1.9073e-06
5.4121e-05
6.1989e-06
9.5367e-07
9.5367e-07
9.2030e-05
4.0531e-06
6.6996e-05
1.9073e-06
5.4121e-05
2.1458e-06
5.4121e-05
1.9073e-06
5.2929e-05
1.9073e-06
5.3167e-05
2.1458e-06
5.2929e-05
1.9073e-06
5.4121e-05
4.0531e-06
5.6028e-05
1.9073e-06
5.2929e-05
1.9073e-06
5.2929e-05
1.9073e-06
5.2929e-05
2.1458e-06
5.2929e-05
1.9073e-06
5.2929e-05
1.9073e-06
5.2929e-05
2.1458e-06
7.4863e-05
3.0994e-06
5.6028e-05
2.1458e-06
5.2929e-05
1.9073e-06
5.3167e-05
2.1458e-06
5.2929e-05
1.9073e-06
5.4121e-05
2.1458e-06
5.2929e-05
2.8610e-06
5.3883e-05
1.9073e-06
7.3195e-05
3.0994e-06
5.3883e-05
2.1458e-06
5.2929e-05
2.8610e-06
5.1975e-05
1.9073e-06
5.2929e-05
3.0994e-06
5.2929e-05
1.9073e-06
6.0797e-05
3.0994e-06
6.6996e-05
8.8215e-06
5.6028e-05
4.2591e-03
9.5367e-07
1.1921e-05
9.5367e-07
2.1458e-06
5.6028e-05
3.0994e-06
5.4121e-05
3.0994e-06
5.2929e-05
2.8610e-06
5.1975e-05
3.0994e-06
5.2929e-05
1.9073e-06
7.7009e-05
3.0994e-06
6.1035e-05
4.7302e-04
9.5367e-07
4.0531e-06
5.9128e-05
3.0994e-06
5.2929e-05
1.9073e-06
5.3883e-05
1.9073e-06
5.3167e-05
5.6982e-05
9.5367e-07
1.9073e-06
5.4121e-05
3.0994e-06
5.6982e-05
6.4802e-04
9.5367e-07
1.9073e-06
5.3883e-05
1.9073e-06
5.3167e-05
2.1458e-06
5.2929e-05
1.9073e-06
6.1035e-05
3.0994e-06
5.2929e-05
1.9073e-06
5.3167e-05
2.8610e-06
5.6028e-05
2.8610e-06
5.2929e-05
2.1458e-06
5.1975e-05
1.9073e-06
5.3167e-05
3.0994e-06
5.4121e-05
3.0994e-06
5.1975e-05
5.9199e-04
9.5367e-07
2.1458e-06
5.6982e-05
4.0531e-06
5.5075e-05
1.9073e-06
5.4121e-05
1.9073e-06
5.3167e-05
1.7500e-04
0.0000e+00
3.0994e-06
5.3883e-05
6.9141e-06
9.5367e-07
2.1458e-06
5.2929e-05
1.9073e-06
5.1975e-05
2.1458e-06
7.6056e-05
2.8610e-06
5.4121e-05
1.5020e-05
9.5367e-07
1.9073e-06
5.5075e-05
3.0994e-06
5.2929e-05
6.3896e-04
1.1921e-06
3.0994e-06
6.2943e-05
1.9073e-06
5.3883e-05
2.8610e-06
5.1975e-05
2.1458e-06
7.2956e-05
4.0531e-06
5.6028e-05
1.9073e-06
5.2929e-05
1.9073e-06
5.2929e-05
1.9073e-06
5.3883e-05
4.3797e-04
6.9141e-06
4.5061e-05
9.5367e-07
2.1458e-06
5.6028e-05
1.9073e-06
5.2929e-05
3.0994e-06
5.5075e-05
3.0994e-06
5.3883e-05
5.5194e-04
1.1921e-06
2.1458e-06
6.6996e-05
1.9073e-06
5.4121e-05
2.1458e-06
5.1975e-05
1.9073e-06
5.3167e-05
2.1458e-06
5.1975e-05
2.8610e-06
5.4836e-05
1.9073e-06
5.2929e-05
2.1458e-06
5.2929e-05
2.8610e-06
5.1975e-05
2.1458e-06
5.2929e-05
4.8494e-04
9.5367e-07
1.9073e-06
5.6982e-05
2.9087e-05
9.5367e-07
5.0068e-06
0.0000e+00
3.0994e-06
5.8174e-05
8.8215e-06
9.5367e-07
2.1458e-06
5.6028e-05
1.9073e-06
5.2929e-05
2.1458e-06
5.2929e-05
1.9073e-06
5.3167e-05
2.1458e-06
5.2929e-05
6.0606e-04
9.5367e-07
1.9073e-06
7.3195e-05
3.0994e-06
5.6982e-05
1.9073e-06
5.4836e-05
8.2016e-05
9.5367e-07
8.1062e-06
9.5367e-07
9.8944e-05
9.5367e-07
1.9073e-06
5.6982e-05
4.1199e-04
9.5367e-07
2.8610e-06
5.4121e-05
2.1458e-06
5.2929e-05
2.8610e-06
7.2956e-05
7.8678e-06
1.1921e-06
2.1458e-06
5.6028e-05
9.5129e-05
9.5367e-07
2.1458e-06
5.5790e-05
1.9073e-06
5.3883e-05
1.9073e-06
5.6028e-05
3.0994e-06
5.2929e-05
1.9073e-06
5.2929e-05
3.0994e-06
5.5075e-05
1.9073e-06
5.3167e-05
1.0014e-05
1.1921e-06
2.1458e-06
5.5075e-05
2.1458e-06
5.5075e-05
2.1458e-06
5.3883e-05
1.9073e-06
5.2929e-05
1.9073e-06
5.3167e-05
9.6011e-04
9.5367e-07
7.1526e-06
0.0000e+00
1.9073e-06
5.7220e-05
2.1458e-06
5.5075e-05
3.0994e-06
5.1975e-05
1.9073e-06
5.4836e-05
1.9073e-06
5.2929e-05
4.0579e-04
9.5367e-07
2.0027e-05
9.5367e-07
1.9073e-06
5.5790e-05
4.0531e-06
5.6028e-05
2.1458e-06
5.4121e-05
2.1458e-06
5.1975e-05
4.0483e-04
9.5367e-07
2.8610e-06
5.6028e-05
1.4806e-04
9.5367e-07
7.8678e-06
1.1921e-06
2.1458e-06
5.6028e-05
3.0994e-06
5.4121e-05
3.0994e-06
5.6028e-05
2.0599e-04
1.1921e-06
3.0994e-06
5.6982e-05
1.9073e-06
5.4121e-05
1.9073e-06
5.3167e-05
2.1458e-06
5.1975e-05
1.9073e-06
5.4121e-05
1.9073e-06
5.2929e-05
3.0994e-06
5.5075e-05
2.7895e-05
1.1921e-06
3.0994e-06
5.3883e-05
2.1458e-06
5.2929e-05
1.9073e-06
5.4121e-05
3.0994e-06
5.1022e-05
1.9073e-06
5.3167e-05
3.0994e-06
6.1035e-05
2.1458e-06
7.1049e-05
2.8610e-06
5.4121e-05
1.9073e-06
5.2929e-05
1.2159e-05
9.5367e-07
1.9073e-06
5.4121e-05
1.3480e-03
9.5367e-07
1.9073e-06
5.5790e-05
2.9087e-05
9.5367e-07
2.8610e-06
5.5075e-05
2.8610e-06
7.9155e-05
3.0994e-06
5.4121e-05
2.1458e-06
5.2929e-05
1.9073e-06
5.2929e-05
1.9073e-06
5.1975e-05
1.9073e-06
5.2214e-05
2.1458e-06
5.3883e-05
1.9073e-06
5.4121e-05
2.8610e-06
5.6028e-05
1.9073e-06
5.4121e-05
8.5998e-04
0.0000e+00
1.9073e-06
5.6982e-05
3.0994e-06
5.2929e-05
1.9073e-06
5.2214e-05
1.3113e-05
9.5367e-07
2.8610e-06
5.4836e-05
1.9073e-06
7.2956e-05
3.0994e-06
6.1035e-05
4.4799e-04
9.5367e-07
1.9073e-06
5.4836e-05
1.9073e-06
5.3167e-05
2.1458e-06
5.2929e-05
2.8610e-06
5.1975e-05
2.1458e-06
5.2929e-05
1.9073e-06
7.2002e-05
2.8610e-06
5.2929e-05
1.9073e-06
5.5075e-05
1.9073e-06
5.4121e-05
3.0994e-06
5.2929e-05
1.9073e-06
5.1975e-05
3.0994e-06
5.5075e-05
3.0994e-04
9.5367e-07
1.9073e-06
7.4148e-05
3.0994e-05
9.5367e-07
1.9073e-06
5.4121e-05
7.5412e-04
1.1921e-06
2.1458e-06
5.6028e-05
3.0994e-06
5.4121e-05
3.0994e-06
5.1975e-05
1.9073e-06
5.3167e-05
2.1458e-06
5.8889e-05
1.9073e-06
7.2956e-05
4.6802e-04
9.5367e-07
1.9073e-06
5.5075e-05
8.4877e-05
9.5367e-07
2.1458e-06
5.4121e-05
3.0994e-06
5.2929e-05
1.9073e-06
5.6028e-05
9.9897e-05
9.5367e-07
1.9073e-06
5.6982e-05
1.9073e-06
7.2956e-05
3.0994e-06
5.4121e-05
4.9210e-04
9.5367e-07
2.1458e-06
5.4836e-05
1.9073e-06
5.3883e-05
1.9073e-06
6.2227e-05
2.5988e-05
1.1921e-06
2.1458e-06
5.4836e-05
2.1458e-06
5.2929e-05
2.8610e-06
5.6982e-05
3.0994e-06
5.3883e-05
1.9073e-06
5.2929e-05
1.9073e-06
5.2929e-05
1.9073e-06
5.2929e-05
2.8610e-06
5.1975e-05
3.0994e-06
5.2929e-05
1.9073e-06
7.1049e-05
2.8610e-06
5.4836e-05
2.8610e-06
5.2929e-05
1.9073e-06
6.1989e-05
1.9073e-06
5.3883e-05
2.8610e-06
5.3167e-05
5.5504e-04
1.1921e-06
2.1458e-06
5.6028e-05
3.0017e-04
9.5367e-07
2.8610e-06
7.3910e-05
2.8610e-06
5.4836e-05
1.9073e-06
5.3883e-05
1.6928e-05
0.0000e+00
2.1458e-06
5.3883e-05
4.6968e-05
0.0000e+00
2.1458e-06
5.4836e-05
3.0994e-06
5.2929e-05
1.9073e-06
5.2929e-05
2.8610e-06
5.7220e-05
1.9073e-06
5.2929e-05
2.1458e-06
6.2943e-05
1.9073e-06
5.4121e-05
2.1458e-06
5.3883e-05
1.9073e-06
5.1975e-05
9.8515e-04
9.5367e-07
3.0708e-04
0.0000e+00
1.9073e-06
7.6056e-05
7.8678e-06
9.5367e-07
8.2016e-05
9.5367e-07
1.9073e-06
5.6028e-05
2.1458e-06
5.2929e-05
1.9073e-06
5.4121e-05
3.3522e-04
9.5367e-07
2.8610e-06
5.5075e-05
1.9073e-06
5.4121e-05
3.0994e-06
7.1049e-05
2.8610e-06
5.4121e-05
1.9073e-06
5.3167e-05
3.0994e-06
5.1975e-05
1.9073e-06
5.4121e-05
7.0095e-05
0.0000e+00
1.9073e-06
6.0797e-05
3.0994e-06
5.6028e-05
4.9496e-04
0.0000e+00
1.9073e-06
7.3910e-05
2.6083e-04
9.5367e-07
1.0967e-05
0.0000e+00
3.0994e-06
5.5075e-05
3.0994e-06
5.4121e-05
1.9073e-06
5.2929e-05
1.9073e-06
5.3167e-05
2.1458e-06
5.1975e-05
1.9073e-06
5.4121e-05
3.0994e-06
5.6028e-05
2.1458e-06
5.3883e-05
2.1458e-06
5.2929e-05
4.2582e-04
0.0000e+00
1.9073e-06
5.6982e-05
2.1458e-06
5.2929e-05
1.9073e-06
5.2929e-05
1.9073e-06
5.2929e-05
2.8610e-06
5.4836e-05
1.9073e-06
5.3883e-05
2.8610e-06
5.2214e-05
3.8505e-04
9.5367e-07
3.0994e-06
5.6982e-05
1.9073e-06
5.4121e-05
1.9073e-06
5.5075e-05
3.0994e-06
5.3883e-05
3.0994e-06
5.4121e-05
2.1458e-06
5.2929e-05
2.8610e-06
5.3167e-05
2.1458e-06
5.2929e-05
2.8610e-06
5.3167e-05
3.7622e-04
9.5367e-07
2.8610e-06
5.5790e-05
3.0994e-06
5.5075e-05
2.1458e-06
7.3910e-05
9.0599e-06
9.5367e-07
3.0994e-06
5.4836e-05
2.8610e-06
5.2929e-05
1.9073e-06
5.3167e-05
3.0994e-06
5.1975e-05
1.9073e-06
5.1975e-05
3.0994e-06
5.2929e-05
1.9073e-06
6.9141e-05
3.0994e-06
5.4121e-05
1.0870e-03
9.5367e-07
1.9073e-06
5.6982e-05
2.1458e-06
5.2929e-05
1.9073e-06
5.4121e-05
1.9073e-06
5.4121e-05
2.1458e-06
5.3883e-05
1.9073e-06
7.2956e-05
4.3511e-04
9.5367e-07
1.9073e-06
5.5075e-05
7.9870e-05
9.5367e-07
2.1458e-06
5.6982e-05
2.1601e-04
9.5367e-07
1.0967e-05
9.5367e-07
1.9073e-06
5.4836e-05
1.9073e-06
5.4121e-05
1.9073e-06
5.2929e-05
7.2002e-05
1.5974e-05
2.8610e-06
5.6028e-05
1.9073e-06
5.2929e-05
1.9073e-06
5.2929e-05
3.0994e-06
5.9843e-05
3.0994e-06
5.2929e-05
1.9073e-06
5.4121e-05
1.9073e-06
5.2929e-05
3.0994e-06
7.7963e-05
2.8610e-06
5.5075e-05
8.1301e-04
9.5367e-07
1.9073e-06
5.6028e-05
6.6042e-05
9.5367e-07
2.1458e-06
5.3883e-05
1.9073e-06
5.3883e-05
1.9073e-06
5.3167e-05
3.0994e-06
5.2929e-05
1.9908e-04
1.1921e-06
2.1458e-06
5.6982e-05
1.9073e-06
6.1035e-05
2.8610e-06
5.3883e-05
1.9073e-06
5.4121e-05
2.1458e-06
5.2929e-05
1.9073e-06
5.1975e-05
2.1458e-06
5.2929e-05
5.1999e-04
9.5367e-07
3.0994e-06
6.4850e-05
3.0994e-06
5.1975e-05
1.9073e-06
5.5075e-05
2.0289e-04
0.0000e+00
1.9073e-06
5.6028e-05
2.1458e-06
5.2929e-05
1.9073e-06
5.2214e-05
2.1458e-06
5.2929e-05
3.0994e-06
5.6982e-05
3.0994e-06
5.2929e-05
2.1458e-06
5.2929e-05
1.9073e-06
5.1975e-05
8.1062e-06
5.2929e-05
3.2997e-04
9.5367e-07
1.9073e-06
5.4121e-05
3.0994e-06
5.4121e-05
3.0994e-06
5.5075e-05
1.9073e-06
5.4121e-05
2.1458e-06
5.3883e-05
1.9073e-06
5.4121e-05
2.1458e-06
5.3883e-05
1.9073e-06
5.1975e-05
1.9073e-06
5.4836e-05
1.9073e-06
7.2002e-05
2.8610e-06
5.3883e-05
2.8610e-06
5.2929e-05
1.9073e-06
5.4121e-05
2.1458e-06
5.2929e-05
2.8610e-06
5.2929e-05
3.0994e-06
5.4121e-05
2.1458e-06
5.2929e-05
2.8610e-06
5.5075e-05
6.3705e-04
9.5367e-07
6.0105e-04
9.5367e-07
2.1458e-06
5.4836e-05
8.1062e-06
9.5367e-07
1.9073e-06
5.5075e-05
1.9073e-06
5.5075e-05
2.8610e-06
5.2929e-05
1.9073e-06
5.2929e-05
2.1458e-06
7.2956e-05
1.5974e-05
9.5367e-07
6.8903e-05
9.5367e-07
5.3000e-04
9.5367e-07
2.8610e-06
5.7220e-05
2.1458e-06
5.3883e-05
1.9073e-06
5.4121e-05
1.9073e-06
5.1975e-05
2.8610e-06
5.2929e-05
2.1458e-06
7.5102e-05
3.0994e-06
5.4121e-05
2.7895e-04
9.5367e-07
1.9073e-06
6.1989e-05
1.9073e-06
5.5790e-05
3.0994e-06
5.2929e-05
1.9073e-06
5.1975e-05
2.1458e-06
5.2929e-05
1.9073e-06
7.5102e-05
3.1495e-04
0.0000e+00
1.9073e-06
5.4836e-05
1.9073e-06
5.3883e-05
2.8610e-06
5.3167e-05
3.0994e-06
6.1989e-05
3.0994e-06
5.3167e-05
3.0994e-06
5.1975e-05
1.9073e-06
7.3195e-05
3.0994e-06
5.4121e-05
2.1458e-06
5.2929e-05
1.9073e-06
5.1975e-05
2.1458e-06
5.2929e-05
1.9073e-06
5.1975e-05
2.1458e-06
5.2929e-05
6.0892e-04
9.5367e-07
2.8610e-06
7.5102e-05
5.9843e-05
9.5367e-07
1.9073e-06
5.5075e-05
5.4836e-05
9.5367e-07
2.1458e-06
5.4121e-05
3.9911e-04
9.5367e-07
1.9073e-06
5.6982e-05
3.0994e-06
5.4121e-05
2.1458e-06
5.2929e-05
1.9073e-06
7.1049e-05
3.0994e-06
5.4836e-05
2.1458e-06
5.2929e-05
2.8610e-06
5.1975e-05
2.1458e-06
5.2929e-05
1.9073e-06
5.5075e-05
1.9073e-06
5.4121e-05
2.9993e-04
1.1921e-06
2.1458e-06
7.2956e-05
3.8147e-06
5.5790e-05
3.0994e-06
5.2929e-05
2.8610e-06
5.3167e-05
2.1458e-06
5.2929e-05
2.8610e-06
5.1975e-05
3.0994e-06
5.1975e-05
2.1458e-06
5.1975e-05
1.9073e-06
7.1049e-05
2.8610e-06
5.6982e-05
2.8610e-06
5.3167e-05
2.1458e-06
1.4091e-04
1.0967e-05
3.6001e-05
2.1458e-06
2.4080e-05
1.9073e-06
2.3127e-05
1.1151e-03
9.5367e-07
2.1458e-06
4.6968e-05
1.9073e-06
2.0981e-05
1.9073e-06
2.0981e-05
9.5367e-07
2.0027e-05
2.1458e-06
1.8835e-05
2.1458e-06
1.9073e-05
1.9073e-06
2.0027e-05
1.9073e-06
2.5988e-05
2.1458e-06
2.0027e-05
1.9073e-06
2.0027e-05
1.9073e-06
2.0027e-05
2.1458e-06
1.9789e-05
1.3011e-03
1.1921e-06
1.9073e-06
2.1935e-05
2.1458e-06
1.9789e-05
2.1458e-06
1.9073e-05
3.0994e-06
2.0027e-05
1.1921e-06
1.9073e-05
2.5582e-04
0.0000e+00
2.1458e-06
2.0027e-05
1.9073e-06
2.0027e-05
2.1458e-06
1.8835e-05
2.1458e-06
2.0027e-05
1.9073e-06
2.0027e-05
2.1458e-06
2.0981e-05
2.8610e-06
2.0027e-05
1.1592e-03
9.5367e-07
1.9073e-06
2.0027e-05
2.1458e-06
1.8835e-05
9.5367e-07
1.9073e-05
1.9073e-06
2.0027e-05
9.5367e-07
1.9073e-05
2.1458e-06
2.0027e-05
1.9073e-06
3.6001e-05
2.1458e-06
2.0027e-05
1.9073e-06
2.0027e-05
2.1458e-06
1.9789e-05
2.1458e-06
2.0027e-05
1.1709e-03
0.0000e+00
1.9073e-06
2.0981e-05
2.1458e-06
2.7895e-05
2.1458e-06
1.9789e-05
2.1458e-06
1.9073e-05
1.9073e-06
2.0027e-05
1.9073e-06
2.0027e-05
2.1458e-06
1.8835e-05
1.1921e-06
1.8835e-05
2.1458e-06
1.9073e-05
1.9073e-06
2.0981e-05
2.1458e-06
2.0027e-05
4.9281e-04
9.5367e-07
2.8610e-06
2.2173e-05
1.9073e-06
2.0027e-05
1.9073e-06
2.0027e-05
2.1458e-06
1.8835e-05
9.5367e-07
2.0027e-05
2.1458e-06
3.3855e-05
2.1458e-06
1.9789e-05
2.1458e-06
2.0027e-05
1.9073e-06
2.0027e-05
1.5039e-03
0.0000e+00
3.0994e-06
2.0027e-05
1.9073e-06
2.0027e-05
1.1897e-04
0.0000e+00
3.0994e-06
3.0994e-05
3.0994e-06
2.0981e-05
4.5991e-04
0.0000e+00
3.0994e-06
2.0027e-05
1.9073e-06
1.9073e-05
2.1458e-06
1.8835e-05
2.1458e-06
2.0027e-05
1.9073e-06
1.9073e-05
1.9073e-06
2.0027e-05
3.3617e-04
0.0000e+00
9.0599e-06
9.5367e-07
1.9073e-06
2.0981e-05
2.1458e-06
2.0027e-05
9.5367e-07
1.9073e-05
1.9073e-06
2.0027e-05
9.5367e-07
1.9073e-05
1.9073e-06
2.0027e-05
2.1458e-06
2.7895e-05
1.9073e-06
1.8835e-05
2.1458e-06
1.8835e-05
2.1458e-06
2.0027e-05
5.2285e-04
9.5367e-07
8.1062e-05
0.0000e+00
2.1458e-06
2.1935e-05
1.4114e-04
0.0000e+00
2.0027e-05
0.0000e+00
1.9073e-06
2.0981e-05
1.9073e-06
3.4094e-05
1.9073e-06
1.8835e-05
4.3607e-04
9.5367e-07
1.9073e-06
2.0027e-05
2.1458e-06
1.9073e-05
1.9073e-06
1.9073e-05
1.9073e-06
1.9073e-05
2.8610e-06
1.8835e-05
2.1341e-03
0.0000e+00
2.8896e-04
9.5367e-07
2.1458e-06
2.0981e-05
1.9073e-06
1.9789e-05
2.3413e-04
0.0000e+00
3.0994e-06
2.0027e-05
1.9073e-06
1.9073e-05
1.9073e-06
1.9073e-05
1.9073e-06
2.0027e-05
2.1458e-06
3.1948e-05
1.9073e-06
1.9073e-05
2.7394e-04
0.0000e+00
1.9073e-06
2.0027e-05
1.9073e-06
1.8835e-05
4.2915e-04
9.5367e-07
1.9073e-06
2.0027e-05
1.9073e-06
1.8835e-05
9.5367e-07
1.8835e-05
1.9073e-06
2.0027e-05
9.5367e-07
1.8835e-05
6.6304e-04
0.0000e+00
8.1062e-05
9.5367e-07
1.4067e-05
0.0000e+00
2.1458e-06
2.0981e-05
6.4707e-04
9.5367e-07
3.0041e-05
0.0000e+00
1.9073e-06
3.4809e-05
2.1458e-06
2.0027e-05
1.1921e-06
3.3855e-05
2.1458e-06
1.8835e-05
2.1458e-06
2.0027e-05
1.9073e-06
2.0027e-05
2.8610e-06
1.9073e-05
9.5367e-07
1.9073e-05
1.9073e-06
2.0027e-05
1.9073e-06
2.7180e-05
1.9073e-06
1.9073e-05
1.9073e-06
2.0027e-05
1.9073e-06
1.8835e-05
9.2101e-04
9.5367e-07
1.9073e-06
2.0027e-05
1.9073e-06
1.8835e-05
6.5088e-05
0.0000e+00
2.1458e-06
2.0027e-05
1.9073e-06
2.7895e-05
2.1458e-06
2.0027e-05
9.5367e-07
1.9073e-05
1.9073e-06
1.9073e-05
2.1458e-06
1.9789e-05
2.1458e-06
1.8835e-05
2.1458e-06
2.0027e-05
1.9073e-06
2.0027e-05
1.9073e-06
2.0027e-05
1.9073e-06
3.3140e-05
1.9073e-06
2.0027e-05
2.1458e-06
2.0027e-05
1.9073e-06
2.0027e-05
1.4999e-03
9.5367e-07
1.9073e-06
2.0027e-05
2.1458e-06
1.9073e-05
3.0994e-06
2.0027e-05
2.1458e-06
1.9073e-05
1.9073e-06
2.0027e-05
1.9073e-06
1.9073e-05
2.8610e-06
1.9073e-05
4.9996e-04
1.1921e-06
1.9073e-06
2.0981e-05
2.1458e-06
1.8835e-05
2.8610e-06
2.0981e-05
1.1921e-06
1.9073e-05
1.9073e-06
1.9073e-05
1.9073e-06
2.0027e-05
4.2796e-04
0.0000e+00
8.1062e-06
0.0000e+00
1.9073e-06
2.0027e-05
9.5367e-07
2.2888e-05
2.1458e-06
2.6941e-05
5.0592e-04
9.5367e-07
2.1458e-06
2.0981e-05
9.5367e-07
1.9073e-05
1.9073e-06
2.0981e-05
2.6488e-04
0.0000e+00
7.8678e-06
0.0000e+00
2.1458e-06
2.0027e-05
1.9073e-06
2.0027e-05
1.9073e-06
3.8147e-05
1.5211e-04
9.5367e-07
2.1458e-06
2.1935e-05
1.9073e-06
2.0027e-05
9.5367e-07
2.0027e-05
2.1458e-06
3.2902e-05
2.1458e-06
2.0027e-05
9.9683e-04
0.0000e+00
2.8610e-06
2.0981e-05
2.1458e-06
2.8849e-05
2.1458e-06
1.8835e-05
2.1458e-06
2.0027e-05
6.3801e-04
1.1921e-06
1.9073e-06
2.0981e-05
9.5367e-07
2.0027e-05
1.2994e-04
0.0000e+00
1.9073e-06
1.9073e-05
1.9073e-06
2.0027e-05
1.9073e-06
2.0027e-05
1.9073e-06
1.9073e-05
1.9073e-06
1.8835e-05
2.1458e-06
1.8835e-05
4.1103e-04
9.5367e-07
2.1458e-06
2.0027e-05
1.9073e-06
1.9073e-05
1.9073e-06
1.9073e-05
2.1458e-06
4.4823e-05
3.0994e-06
2.0027e-05
1.9073e-06
2.0027e-05
1.9073e-06
1.8835e-05
2.1458e-06
1.8835e-05
8.6904e-04
1.1921e-06
1.9073e-06
2.0027e-05
3.0994e-06
2.0027e-05
1.9073e-06
2.9087e-05
1.9073e-06
2.0027e-05
1.9073e-06
1.8835e-05
2.1458e-06
1.8835e-05
2.1458e-06
2.0027e-05
1.2119e-03
0.0000e+00
1.9073e-06
2.0981e-05
5.9605e-06
0.0000e+00
2.1458e-06
1.9073e-05
1.6809e-04
0.0000e+00
2.1458e-06
2.0027e-05
1.9073e-06
2.0027e-05
1.9073e-06
2.0027e-05
1.9073e-06
2.0027e-05
2.1458e-06
1.8835e-05
2.1458e-06
2.0027e-05
3.3593e-04
0.0000e+00
1.9073e-06
2.7895e-05
1.9073e-06
2.0027e-05
1.9073e-06
2.0027e-05
1.9073e-06
1.9073e-05
1.9073e-06
2.0027e-05
6.6686e-04
2.8610e-06
2.1458e-06
2.0027e-05
1.9073e-06
1.9073e-05
1.9073e-06
2.8133e-05
1.9073e-06
1.9073e-05
1.9073e-06
1.8835e-05
2.1458e-06
1.8835e-05
1.9073e-06
1.9073e-05
1.0219e-03
0.0000e+00
3.0994e-06
2.1935e-05
3.0994e-06
2.0027e-05
1.9073e-06
4.1962e-05
1.4114e-04
0.0000e+00
4.6968e-05
9.5367e-07
1.9073e-06
2.1219e-05
1.6880e-04
0.0000e+00
1.9073e-06
2.0027e-05
5.5385e-04
0.0000e+00
2.8610e-06
2.0981e-05
2.1458e-06
1.9789e-05
2.1458e-06
1.9073e-05
1.4377e-04
8.1062e-06
1.9073e-06
2.0981e-05
9.5367e-07
2.0027e-05
9.5367e-07
1.9073e-05
1.9073e-06
1.9073e-05
6.5207e-04
0.0000e+00
6.9857e-05
0.0000e+00
1.9073e-06
2.0981e-05
1.9073e-06
1.8835e-05
2.9016e-04
9.5367e-07
2.1458e-06
2.0981e-05
1.9073e-06
2.0027e-05
1.9073e-06
2.0027e-05
1.5211e-04
0.0000e+00
2.1458e-06
2.0027e-05
9.5367e-07
1.9073e-05
1.9073e-06
2.0027e-05
9.5367e-07
1.9073e-05
1.9073e-06
2.0981e-05
1.9073e-06
2.0027e-05
2.1458e-06
1.8835e-05
2.1458e-06
1.8835e-05
2.1458e-06
1.8835e-05
2.1458e-06
1.9073e-05
1.9073e-06
2.0027e-05
9.5367e-07
2.7180e-05
2.1458e-06
2.0027e-05
9.5367e-07
1.9073e-05
1.9073e-06
1.8835e-05
2.1458e-06
1.8835e-05
1.9860e-03
0.0000e+00
8.1062e-06
0.0000e+00
1.9073e-06
2.1219e-05
2.1458e-06
2.0027e-05
2.1458e-06
2.0027e-05
1.9073e-06
1.9073e-05
1.9073e-06
1.9073e-05
9.5367e-07
1.9073e-05
1.9073e-06
2.0027e-05
2.1458e-06
1.8835e-05
2.1458e-06
1.9073e-05
1.9073e-06
2.9087e-05
1.9073e-06
2.0027e-05
1.9073e-06
1.8835e-05
2.1458e-06
1.8835e-05
2.1458e-06
1.8835e-05
2.1458e-06
1.9073e-05
1.9073e-06
1.9073e-05
1.9073e-06
1.9073e-05
1.9073e-06
2.7180e-05
1.9073e-06
2.0027e-05
1.9073e-06
2.1935e-05
1.8940e-03
9.5367e-07
1.9073e-06
2.0981e-05
1.1921e-06
2.0027e-05
1.9073e-06
2.1935e-05
2.1458e-06
2.0027e-05
1.9073e-06
2.7895e-05
3.0994e-06
2.0981e-05
3.8004e-04
0.0000e+00
1.9073e-06
2.0981e-05
3.0994e-06
1.9073e-05
1.9073e-06
2.0027e-05
9.5367e-07
1.9073e-05
1.9073e-06
1.9073e-05
1.9073e-06
2.8133e-05
1.9073e-06
1.9073e-05
1.9073e-06
1.9073e-05
2.1458e-06
1.8835e-05
1.1921e-06
1.8835e-05
2.1458e-06
1.9073e-05
1.9073e-06
1.9073e-05
1.9073e-06
2.0027e-05
1.4369e-03
9.5367e-07
3.6716e-04
0.0000e+00
2.8610e-06
2.2173e-05
1.9073e-06
1.9073e-05
1.9073e-06
1.9073e-05
1.5807e-04
0.0000e+00
1.9073e-06
1.9789e-05
9.0599e-06
9.5367e-07
2.1458e-06
2.0027e-05
5.3382e-04
9.5367e-07
3.1781e-04
1.1921e-06
2.1458e-06
2.0981e-05
1.9073e-06
1.9073e-05
1.9073e-06
1.9073e-05
2.1458e-06
1.8835e-05
2.1458e-06
1.8835e-05
2.1458e-06
3.6001e-05
2.1458e-06
2.0981e-05
2.8300e-04
0.0000e+00
6.9141e-06
0.0000e+00
9.5367e-07
2.1935e-05
9.5367e-07
1.8835e-05
2.1458e-06
2.0027e-05
9.5367e-07
1.9073e-05
1.9073e-06
2.0027e-05
1.9073e-06
1.9073e-05
1.9073e-06
2.0027e-05
1.9073e-06
2.0027e-05
1.9073e-06
1.9073e-05
1.9073e-06
2.0027e-05
1.5171e-03
0.0000e+00
3.0994e-06
2.1935e-05
3.0994e-06
1.9789e-05
2.1458e-06
1.9073e-05
1.1587e-04
0.0000e+00
3.0994e-06
2.0981e-05
1.1277e-04
1.1921e-06
1.9073e-06
2.0027e-05
7.0095e-05
0.0000e+00
1.9073e-06
1.9073e-05
1.9073e-06
1.9073e-05
2.1458e-06
1.8835e-05
2.1458e-06
1.8835e-05
2.1458e-06
2.0027e-05
3.9601e-04
0.0000e+00
2.1458e-06
2.0981e-05
1.9073e-06
2.0027e-05
9.5367e-07
1.8835e-05
2.1458e-06
2.0027e-05
9.5367e-07
1.9073e-05
1.9073e-06
2.0027e-05
9.5367e-07
1.9073e-05
1.9073e-06
2.7180e-05
2.8610e-06
2.0027e-05
1.9073e-06
1.9073e-05
1.9073e-06
1.8835e-05
2.1458e-06
2.0027e-05
2.1458e-06
2.0027e-05
1.9073e-06
1.9073e-05
1.7369e-03
1.1921e-06
1.9073e-06
3.4094e-05
2.8610e-06
2.0981e-05
1.3804e-04
9.5367e-07
2.1458e-06
2.0027e-05
2.1458e-06
1.9073e-05
1.9073e-06
1.9073e-05
1.9073e-06
1.9073e-05
1.9073e-06
1.8835e-05
5.3406e-04
0.0000e+00
2.8610e-06
1.9789e-05
1.9073e-06
1.9073e-05
9.5367e-07
1.9073e-05
1.9073e-06
1.9073e-05
6.8998e-04
0.0000e+00
1.9073e-06
2.0981e-05
2.1458e-06
2.0027e-05
1.9073e-06
2.0027e-05
3.0994e-06
2.0981e-05
1.9073e-06
1.8835e-05
2.1458e-06
2.0027e-05
1.9073e-06
1.9073e-05
1.9073e-06
1.9073e-05
1.9073e-06
1.8835e-05
2.1458e-06
3.2902e-05
2.1458e-06
2.5988e-05
2.8610e-06
2.0027e-05
1.1771e-03
9.5367e-07
1.9073e-06
1.9789e-05
2.1458e-06
2.0027e-05
3.0589e-04
0.0000e+00
2.1458e-06
2.0027e-05
1.9073e-06
2.0027e-05
1.9073e-06
3.6955e-05
2.1458e-06
2.9087e-05
1.9073e-06
2.0027e-05
3.0994e-06
1.9789e-05
2.1458e-06
2.0027e-05
1.9073e-06
2.0027e-05
1.9073e-06
2.0027e-05
2.1458e-06
1.9789e-05
1.1921e-06
2.0027e-05
1.3259e-01
