6.1569e-03
6.3014e-04
1.0705e-04
6.1989e-06
6.1035e-05
5.0068e-06
5.6982e-05
3.1948e-05
5.6982e-05
2.5902e-03
5.7936e-05
1.8930e-03
5.6028e-05
1.0014e-05
5.5075e-05
1.2112e-04
1.9073e-06
5.9605e-06
6.0081e-05
1.0967e-05
0.0000e+00
9.5367e-07
5.6982e-05
2.1458e-06
5.4836e-05
1.1015e-04
6.1989e-05
4.5776e-05
0.0000e+00
2.5988e-05
6.4135e-05
5.9605e-06
9.5367e-07
6.6042e-05
5.6028e-05
5.9986e-04
9.5367e-07
1.9073e-06
5.9128e-05
9.0599e-06
9.5367e-07
1.1921e-06
5.6028e-05
9.5367e-07
6.1989e-05
6.7949e-05
5.5075e-05
5.0068e-06
5.5075e-05
2.0981e-05
5.3883e-05
3.3998e-04
7.7963e-05
8.0109e-05
1.1921e-06
5.9605e-06
9.5367e-07
1.5020e-05
6.4850e-05
2.1458e-06
5.6982e-05
6.9141e-06
9.5367e-07
3.9101e-05
5.5075e-05
3.9911e-04
9.5367e-07
9.5367e-07
5.6982e-05
3.0994e-06
5.5075e-05
4.9829e-05
0.0000e+00
5.1022e-05
5.6982e-05
3.8862e-05
5.5790e-05
4.0531e-06
5.4121e-05
4.0531e-06
5.4121e-05
2.1458e-06
5.2929e-05
2.0981e-05
5.3167e-05
4.2200e-04
5.5075e-05
1.2875e-05
7.2956e-05
8.1062e-06
0.0000e+00
5.0068e-05
5.6982e-05
1.9073e-06
5.5075e-05
1.9288e-04
5.4121e-05
2.8610e-06
5.5075e-05
1.8835e-05
5.5075e-05
3.0494e-04
9.5367e-07
9.5367e-07
6.1989e-05
1.9073e-06
5.6982e-05
1.1921e-06
5.4836e-05
1.5306e-04
5.3883e-05
2.1458e-06
5.3883e-05
2.1458e-06
5.3883e-05
2.0981e-05
5.5075e-05
3.0994e-06
5.3167e-05
3.0994e-06
6.7949e-05
1.0490e-04
5.7936e-05
7.8678e-06
5.4836e-05
1.0967e-05
5.5075e-05
2.8610e-06
5.4121e-05
3.0088e-04
9.5367e-07
2.5034e-05
9.5367e-07
9.5367e-07
5.3883e-05
1.9073e-06
5.4121e-05
1.9073e-06
7.2956e-05
3.0994e-06
5.6028e-05
2.1410e-04
5.6982e-05
7.1526e-06
9.5367e-07
5.2929e-05
5.5075e-05
1.1921e-05
5.2929e-05
6.4135e-05
5.4836e-05
2.1458e-06
5.3883e-05
1.9789e-04
7.3910e-05
2.8610e-06
5.3883e-05
1.9073e-06
6.1035e-05
1.9073e-06
5.4836e-05
1.9073e-06
5.4121e-05
3.9601e-04
0.0000e+00
5.0068e-06
9.5367e-07
4.0531e-06
5.4836e-05
1.9073e-06
5.4836e-05
9.5367e-07
7.2002e-05
3.0994e-06
5.5075e-05
2.1458e-06
5.3883e-05
2.1458e-06
5.6028e-05
1.6031e-03
0.0000e+00
9.5367e-07
5.6982e-05
2.1458e-06
5.2929e-05
2.4295e-04
0.0000e+00
1.1921e-06
5.6028e-05
3.0994e-06
5.6028e-05
7.8678e-06
5.4121e-05
1.1878e-03
9.5367e-07
2.1458e-06
6.1035e-05
2.1458e-06
5.4836e-05
6.9141e-06
0.0000e+00
9.5367e-07
5.5075e-05
9.5367e-07
5.3883e-05
2.1458e-06
7.6056e-05
1.0967e-05
9.5367e-07
3.1304e-04
9.5367e-07
1.9073e-06
5.7936e-05
9.5367e-07
5.3883e-05
9.5367e-07
5.4121e-05
9.3937e-05
9.5367e-07
9.5367e-07
5.6028e-05
5.7197e-04
5.6028e-05
1.6928e-05
7.1049e-05
2.8610e-06
5.6028e-05
1.9073e-06
5.4121e-05
4.3988e-04
5.6028e-05
1.0014e-05
0.0000e+00
3.0994e-06
5.5075e-05
2.5988e-05
5.5075e-05
2.8610e-06
5.3167e-05
2.1458e-06
7.2956e-05
2.8610e-06
5.6982e-05
2.1458e-06
5.3883e-05
1.9073e-06
5.3883e-05
1.9073e-06
5.4121e-05
6.1989e-06
9.5367e-07
2.0027e-05
5.4836e-05
1.5020e-05
5.5075e-05
6.3300e-04
7.0095e-05
3.0994e-06
5.6028e-05
9.2030e-05
5.5075e-05
3.0994e-06
5.3883e-05
9.0599e-06
6.0081e-05
3.0994e-06
5.2929e-05
9.5367e-07
5.4121e-05
1.9073e-06
5.4121e-05
9.5367e-07
6.9857e-05
3.0994e-06
5.3883e-05
1.9073e-06
5.3883e-05
3.4499e-04
5.6982e-05
1.0967e-05
5.5075e-05
4.8876e-05
5.5075e-05
4.0531e-06
5.4121e-05
3.8147e-06
5.2929e-05
1.1921e-05
0.0000e+00
5.1022e-05
5.6028e-05
1.9073e-06
5.4121e-05
9.5129e-05
5.4121e-05
2.1458e-06
5.3883e-05
1.9073e-06
5.4836e-05
1.9073e-06
5.2929e-05
9.5367e-07
5.2929e-05
2.8610e-06
6.4135e-05
2.8610e-06
5.3167e-05
1.9073e-06
5.1975e-05
9.5367e-07
5.2929e-05
5.1188e-04
5.4121e-05
3.8147e-06
5.3883e-05
1.9073e-06
5.4121e-05
4.2200e-04
7.3910e-05
2.8610e-06
5.3883e-05
1.9073e-06
5.4121e-05
2.8610e-06
5.4121e-05
2.1458e-06
5.3883e-05
1.9073e-06
5.3883e-05
1.9073e-06
5.2929e-05
5.0068e-06
9.5367e-07
3.5405e-04
0.0000e+00
2.8610e-06
5.6982e-05
2.1458e-06
5.4836e-05
8.2970e-05
9.5367e-07
1.1921e-06
5.3883e-05
1.6809e-04
5.3167e-05
1.6928e-05
5.3883e-05
1.1921e-05
6.1035e-05
3.0994e-06
5.4121e-05
1.9073e-06
5.5075e-05
1.9073e-06
5.4121e-05
1.9073e-06
5.4121e-05
2.2197e-04
5.3883e-05
4.0531e-06
5.2929e-05
1.9073e-06
5.3167e-05
9.9182e-05
5.3883e-05
9.3937e-05
6.7949e-05
3.0994e-06
5.6028e-05
2.1458e-06
5.3883e-05
5.0068e-06
5.3167e-05
5.0068e-06
5.6028e-05
3.3593e-04
0.0000e+00
9.5367e-07
5.5075e-05
9.5367e-07
5.4121e-05
1.1921e-06
5.3883e-05
2.1458e-06
5.5075e-05
2.1458e-06
5.5075e-05
1.3113e-04
5.3883e-05
6.1035e-05
5.4121e-05
5.9605e-06
5.3167e-05
2.2173e-05
5.3883e-05
3.0994e-06
5.4121e-05
1.3113e-05
9.5367e-07
4.1008e-05
9.5367e-07
5.0068e-05
5.7936e-05
3.1781e-04
5.6028e-05
3.0994e-06
5.2929e-05
2.8610e-06
5.3883e-05
5.3883e-05
5.4121e-05
3.8147e-06
5.3883e-05
8.8215e-06
5.3883e-05
3.0994e-06
5.6028e-05
6.1989e-06
0.0000e+00
9.5367e-07
5.5075e-05
4.3011e-04
9.5367e-07
2.1458e-06
5.4836e-05
9.5367e-07
5.2929e-05
9.5367e-07
5.2929e-05
9.5367e-07
5.4121e-05
2.9993e-04
9.5367e-07
9.5367e-07
7.9870e-05
6.9141e-06
1.1921e-06
9.5367e-07
5.4836e-05
9.5367e-07
5.4121e-05
1.9073e-06
5.4121e-05
2.9516e-04
0.0000e+00
5.4836e-05
5.4836e-05
1.9073e-06
5.2929e-05
1.9073e-06
5.4121e-05
3.0303e-04
5.6982e-05
2.0027e-05
5.5075e-05
2.8610e-06
5.2929e-05
2.8610e-06
5.3167e-05
2.1458e-06
5.2929e-05
1.6928e-05
0.0000e+00
3.9101e-05
5.4121e-05
3.7098e-04
5.5075e-05
3.0994e-06
5.6028e-05
1.9073e-06
5.2929e-05
1.0014e-05
5.3883e-05
1.6928e-05
1.1921e-06
5.1022e-05
5.5075e-05
1.9073e-06
5.3167e-05
8.2970e-05
5.4836e-05
4.0531e-06
5.3883e-05
3.3855e-05
5.6028e-05
3.3212e-04
0.0000e+00
1.9073e-06
5.6028e-05
5.9605e-06
0.0000e+00
9.5367e-07
5.5075e-05
6.1393e-04
0.0000e+00
9.5367e-07
5.6982e-05
1.9073e-06
5.2929e-05
9.5367e-07
5.3883e-05
1.9073e-06
5.6028e-05
6.9141e-06
9.5367e-07
2.5892e-04
9.5367e-07
9.5367e-07
5.6028e-05
1.9073e-06
5.4121e-05
2.1458e-06
5.3883e-05
9.5367e-07
5.6028e-05
2.2888e-04
5.5075e-05
1.9073e-06
8.0109e-05
3.0994e-06
5.4121e-05
2.1458e-06
5.2929e-05
4.6968e-05
5.5075e-05
3.0994e-06
5.3883e-05
5.9605e-06
0.0000e+00
5.0068e-05
5.5075e-05
1.9073e-06
5.3167e-05
1.3113e-05
7.7963e-05
3.0994e-06
5.6028e-05
2.1458e-06
5.2929e-05
6.1893e-04
1.1921e-06
5.0068e-06
9.5367e-07
3.0994e-06
5.6982e-05
2.0909e-04
5.4121e-05
3.0994e-06
5.3883e-05
2.1458e-06
5.3883e-05
5.6028e-05
7.4863e-05
4.0531e-06
5.5075e-05
2.1458e-06
5.3883e-05
1.9073e-06
5.3167e-05
2.1458e-06
5.3883e-05
1.0014e-05
0.0000e+00
3.1090e-04
9.5367e-07
1.9073e-06
5.6028e-05
1.4710e-04
5.2929e-05
5.9605e-06
5.6028e-05
2.0599e-04
5.3167e-05
4.0531e-06
5.4121e-05
2.1458e-06
5.3883e-05
9.0599e-06
5.2929e-05
2.8610e-06
5.5075e-05
1.9073e-06
5.3167e-05
2.1458e-06
7.2956e-05
3.0994e-05
5.6028e-05
2.0981e-05
5.4121e-05
2.1458e-06
5.3883e-05
6.9141e-06
0.0000e+00
4.7922e-05
5.5075e-05
3.0994e-06
5.3167e-05
1.5974e-05
9.5367e-07
9.5367e-07
5.3883e-05
8.4805e-04
9.5367e-07
8.1062e-05
9.5367e-07
9.5367e-07
5.9128e-05
1.1921e-06
5.4836e-05
1.1921e-05
9.5367e-07
9.5367e-07
6.1989e-05
2.8610e-06
5.4121e-05
3.3379e-04
5.4836e-05
2.8610e-06
5.3883e-05
3.1948e-05
7.2002e-05
3.0994e-06
5.6028e-05
1.1015e-04
9.5367e-07
9.5367e-07
5.4121e-05
5.9605e-06
6.9141e-06
1.9073e-05
5.6028e-05
2.5034e-05
9.5367e-07
5.1022e-05
5.5075e-05
4.3893e-04
5.5075e-05
5.9605e-06
0.0000e+00
3.6955e-05
5.6982e-05
5.0068e-06
5.4121e-05
8.1062e-06
5.2929e-05
1.9073e-06
5.3883e-05
2.4986e-04
0.0000e+00
9.5367e-07
5.4836e-05
1.3709e-04
9.5367e-07
9.5367e-07
5.5075e-05
1.9073e-06
7.2956e-05
1.9073e-06
5.4836e-05
2.8610e-06
5.6982e-05
9.0599e-06
6.1989e-05
6.1989e-06
5.4836e-05
2.1458e-06
5.2929e-05
5.0068e-06
5.5075e-05
5.0807e-04
9.5367e-07
9.5367e-07
7.5817e-05
3.0994e-06
5.4836e-05
2.1458e-06
5.3883e-05
2.1458e-06
5.4836e-05
2.1458e-06
5.1975e-05
1.9073e-06
5.2929e-05
2.1458e-06
5.2929e-05
1.9073e-06
5.4121e-05
6.9141e-06
0.0000e+00
9.0599e-06
0.0000e+00
1.5020e-05
5.7220e-05
2.1458e-06
5.4121e-05
1.9073e-06
5.2929e-05
5.0068e-06
5.3883e-05
2.0027e-05
5.3883e-05
2.1458e-06
5.3883e-05
1.9073e-06
5.1975e-05
2.1458e-06
6.2943e-05
9.6798e-04
5.6028e-05
1.9073e-06
5.3883e-05
1.9073e-06
5.3883e-05
1.7786e-04
5.4836e-05
2.8849e-05
9.5367e-07
7.7963e-05
5.4121e-05
4.0531e-06
5.4121e-05
1.9073e-06
5.7220e-05
2.1458e-06
5.3883e-05
1.9073e-06
5.2929e-05
2.1601e-04
5.3883e-05
2.6941e-05
9.5367e-07
3.0041e-05
5.4836e-05
2.8133e-05
9.5367e-07
5.2929e-05
5.5075e-05
2.8610e-06
7.2002e-05
3.0994e-06
5.4121e-05
5.3596e-04
5.6028e-05
2.1458e-06
5.2929e-05
3.0994e-06
5.6028e-05
1.9073e-06
5.5075e-05
1.5020e-05
5.6028e-05
7.1526e-06
5.3883e-05
8.9884e-05
5.7936e-05
8.1062e-06
1.1921e-06
5.4121e-05
5.6982e-05
1.9073e-06
5.2929e-05
1.9073e-06
5.2929e-05
1.9073e-06
5.5790e-05
3.6407e-04
0.0000e+00
2.1935e-05
0.0000e+00
1.1921e-06
5.4836e-05
4.0102e-04
0.0000e+00
1.9073e-06
5.8889e-05
9.5367e-07
5.5075e-05
2.8610e-06
5.2929e-05
1.9073e-06
5.2929e-05
2.1458e-06
5.3883e-05
2.9802e-04
9.5367e-07
1.9073e-06
5.4836e-05
1.2398e-04
5.4121e-05
1.9073e-06
5.6982e-05
2.1458e-06
5.2929e-05
9.8944e-05
9.5367e-07
5.0068e-06
9.5367e-07
9.5367e-07
5.6028e-05
5.0068e-06
5.3883e-05
5.9605e-06
5.3883e-05
7.8678e-06
5.4121e-05
3.8147e-06
6.9141e-05
1.9073e-06
5.6028e-05
6.9141e-06
9.5367e-07
4.1008e-05
6.1989e-05
4.7016e-04
9.5367e-07
1.9073e-06
5.4121e-05
1.1921e-06
5.2929e-05
1.9073e-06
5.3883e-05
1.9073e-06
5.3167e-05
9.5367e-07
7.2002e-05
2.8610e-06
5.3167e-05
2.1458e-06
6.0081e-05
2.1458e-06
5.2929e-05
9.5367e-07
5.2214e-05
9.5367e-07
5.3883e-05
1.9073e-06
5.3167e-05
6.2704e-04
9.5367e-07
1.1921e-06
7.9870e-05
4.0531e-06
5.5075e-05
2.1458e-06
5.4121e-05
1.9073e-06
5.3883e-05
1.9073e-06
5.3167e-05
2.1458e-06
5.2929e-05
3.5787e-04
5.3883e-05
9.0599e-06
5.2929e-05
1.0014e-05
6.2943e-05
1.9073e-06
5.6028e-05
1.5306e-04
5.4836e-05
3.0994e-06
5.3883e-05
2.2507e-04
9.5367e-07
9.5367e-07
5.6028e-05
9.5367e-07
5.4121e-05
9.7752e-06
0.0000e+00
2.8610e-06
7.0095e-05
2.4891e-04
9.5367e-07
1.9073e-06
5.9128e-05
2.1458e-06
5.3883e-05
1.0300e-04
5.3883e-05
1.9073e-06
5.4121e-05
1.9073e-06
5.2929e-05
1.7405e-04
5.4121e-05
2.1458e-06
5.2929e-05
1.4806e-04
5.6982e-05
1.9073e-06
5.3883e-05
1.0967e-05
5.4121e-05
3.0994e-06
5.4121e-05
1.3304e-04
0.0000e+00
1.8096e-04
0.0000e+00
5.0068e-06
9.5367e-07
7.1526e-06
5.6028e-05
1.9073e-06
5.5075e-05
3.6001e-05
6.5088e-05
1.1206e-04
9.5367e-07
1.9073e-06
5.5075e-05
1.9073e-06
5.4121e-05
2.1458e-06
5.4121e-05
3.3402e-04
5.4121e-05
3.8147e-05
5.5075e-05
1.4067e-05
5.2929e-05
1.3113e-05
0.0000e+00
3.8862e-05
5.7936e-05
1.3900e-04
9.5367e-07
5.2929e-05
5.5075e-05
6.1989e-06
0.0000e+00
2.9588e-04
1.1921e-06
1.2207e-04
1.1921e-06
1.1921e-06
5.4836e-05
2.1458e-06
5.8889e-05
1.9073e-06
5.3883e-05
1.9073e-06
7.3195e-05
5.1975e-05
5.4836e-05
1.9073e-06
5.4836e-05
1.9073e-06
5.4836e-05
1.9073e-06
5.5075e-05
2.2197e-04
5.3883e-05
5.9605e-06
5.2929e-05
2.8610e-06
5.2929e-05
3.0994e-06
6.4135e-05
3.9411e-04
0.0000e+00
9.5367e-07
5.6028e-05
7.2956e-05
5.4121e-05
2.8610e-06
5.3167e-05
4.0531e-06
5.3167e-05
2.2197e-04
9.5367e-07
9.0837e-05
1.1921e-06
1.4400e-04
1.1921e-06
1.1921e-06
7.2956e-05
1.9073e-06
5.6982e-05
1.9073e-06
5.3167e-05
1.1921e-06
5.3883e-05
9.5367e-07
5.3167e-05
1.7214e-04
5.5075e-05
1.1921e-05
6.1989e-05
1.9073e-06
5.2929e-05
1.9073e-06
7.2002e-05
3.0994e-06
5.5075e-05
9.5367e-07
5.2929e-05
9.0599e-06
5.6028e-05
2.1458e-06
5.3883e-05
8.1062e-06
5.3883e-05
1.9073e-06
5.3883e-05
3.7503e-04
5.5075e-05
6.9141e-06
9.5367e-07
2.7180e-04
9.5367e-07
9.5367e-07
5.6982e-05
9.5367e-07
5.5075e-05
9.5367e-07
5.4121e-05
2.9087e-05
9.5367e-07
9.5367e-07
5.5075e-05
8.4877e-05
5.4121e-05
1.0967e-05
5.2929e-05
7.8678e-06
1.1921e-06
2.9087e-05
5.7936e-05
1.8907e-04
5.5075e-05
2.4009e-04
9.5367e-07
9.5367e-07
5.4836e-05
1.9073e-06
5.4121e-05
2.1458e-06
5.5075e-05
1.1706e-04
6.1035e-05
1.9073e-06
7.1049e-05
1.9073e-06
5.6028e-05
2.1458e-06
5.3883e-05
1.9073e-06
5.2929e-05
1.9073e-06
5.2929e-05
2.1458e-06
5.2929e-05
7.8678e-06
5.4121e-05
4.0531e-06
5.3167e-05
3.0994e-06
7.0095e-05
3.8505e-04
5.5075e-05
2.8610e-06
5.4121e-05
3.0994e-06
5.2929e-05
3.0994e-06
5.3883e-05
3.6955e-05
9.5367e-07
9.5367e-07
5.5075e-05
2.1458e-06
5.2929e-05
3.6192e-04
9.5367e-07
1.0800e-04
9.5367e-07
9.5367e-07
5.8174e-05
3.0994e-06
5.5075e-05
2.1458e-06
5.2929e-05
6.7949e-05
5.4121e-05
2.0981e-05
5.4121e-05
6.1989e-06
5.3883e-05
3.0994e-06
5.2929e-05
2.3818e-04
9.5367e-07
5.0068e-06
9.5367e-07
1.0014e-05
6.4135e-05
2.1458e-06
5.2929e-05
2.1458e-06
5.3883e-05
1.9073e-06
5.3167e-05
4.2915e-04
5.3883e-05
8.1062e-06
5.3883e-05
1.9073e-06
7.3195e-05
1.5998e-04
5.4836e-05
3.0994e-06
5.2929e-05
1.9073e-06
5.4121e-05
2.8610e-06
5.6982e-05
2.1791e-04
5.4836e-05
5.0068e-06
5.5075e-05
2.0981e-05
5.3167e-05
1.4067e-05
0.0000e+00
2.9016e-04
0.0000e+00
1.9073e-06
5.7936e-05
1.9073e-06
5.3883e-05
1.9073e-06
5.2929e-05
2.1458e-06
5.2929e-05
1.9073e-06
5.2929e-05
4.3082e-04
9.5367e-07
1.9073e-06
5.6982e-05
2.1458e-06
5.6982e-05
8.8215e-06
9.5367e-07
2.8610e-06
5.6028e-05
4.0531e-06
5.3883e-05
2.8610e-06
5.3883e-05
1.9073e-06
5.1975e-05
3.5191e-04
5.2929e-05
3.1948e-05
6.1035e-05
8.1062e-06
0.0000e+00
3.3855e-05
0.0000e+00
4.0531e-06
5.6982e-05
5.0068e-06
9.5367e-07
4.9114e-05
5.2929e-05
2.1458e-06
5.3883e-05
5.9009e-04
6.1035e-05
4.7207e-05
5.3883e-05
2.5034e-05
5.4836e-05
3.0994e-06
5.6982e-05
1.3995e-04
9.5367e-07
5.0068e-06
0.0000e+00
1.0014e-05
5.6028e-05
6.6042e-05
5.5075e-05
2.8610e-06
5.3167e-05
2.1458e-06
5.3883e-05
1.9073e-06
5.3883e-05
1.9073e-06
6.0081e-05
3.0994e-06
5.6982e-05
1.9073e-06
5.4121e-05
2.1458e-06
5.5075e-05
2.1458e-06
5.3883e-05
4.5800e-04
5.5075e-05
1.9073e-06
5.4121e-05
1.5521e-04
5.5075e-05
2.4796e-05
7.2002e-05
2.8610e-06
5.5075e-05
2.8610e-06
5.3167e-05
2.1458e-06
5.2929e-05
1.0014e-05
9.5367e-07
4.0531e-06
5.6028e-05
2.8610e-06
5.4121e-05
1.9073e-06
5.4121e-05
1.8120e-05
6.8903e-05
3.0994e-06
5.4836e-05
1.9073e-06
5.3883e-05
1.9073e-06
6.1035e-05
1.9073e-06
5.5075e-05
1.9073e-06
5.5075e-05
2.1458e-06
5.3883e-05
1.9073e-06
5.3167e-05
3.0994e-06
5.4836e-05
2.1458e-06
5.3883e-05
7.3385e-04
5.4836e-05
2.8610e-06
5.4836e-05
3.0303e-04
9.5367e-07
9.5367e-07
5.5075e-05
4.2200e-05
9.5367e-07
7.7963e-05
9.5367e-07
2.7895e-05
6.1035e-05
4.0531e-06
5.7936e-05
2.3007e-04
9.5367e-07
5.2929e-05
5.5075e-05
1.1921e-05
5.4121e-05
2.1458e-06
5.2929e-05
1.9073e-06
5.4121e-05
2.1458e-06
5.3883e-05
1.9073e-06
5.2929e-05
3.0994e-06
5.6028e-05
1.9073e-06
5.4121e-05
1.9073e-06
5.4121e-05
2.1458e-06
5.2929e-05
1.9073e-06
5.4121e-05
2.8610e-06
5.4121e-05
5.9605e-06
0.0000e+00
2.8610e-06
5.3167e-05
7.8678e-06
5.4836e-05
4.0531e-06
5.2929e-05
3.0994e-06
5.3883e-05
1.9073e-06
5.2929e-05
7.3910e-05
9.5367e-07
5.1975e-05
5.5075e-05
2.8610e-06
5.3167e-05
1.0014e-05
6.1035e-05
8.1062e-06
9.5367e-07
4.0531e-06
5.6982e-05
1.9073e-06
5.4121e-05
3.1519e-04
9.5367e-07
9.1600e-04
9.5367e-07
9.5367e-07
5.6028e-05
9.5367e-07
5.4121e-05
2.1458e-06
5.4121e-05
9.5367e-07
5.4836e-05
9.5892e-04
7.3910e-05
2.8610e-06
5.5075e-05
1.4305e-04
5.6028e-05
4.0531e-06
5.4121e-05
4.4107e-05
5.4121e-05
4.0531e-06
5.3167e-05
1.1921e-06
5.2929e-05
8.6069e-05
5.3883e-05
1.3113e-05
0.0000e+00
1.9073e-06
5.9128e-05
3.0208e-04
5.5075e-05
1.9073e-06
5.2214e-05
2.1458e-06
5.2929e-05
1.9073e-06
5.3167e-05
2.1458e-06
5.2929e-05
1.9073e-06
5.3167e-05
8.1062e-06
9.5367e-07
5.0068e-06
5.6028e-05
6.1989e-06
9.5367e-07
7.2002e-05
5.3883e-05
1.9073e-06
5.3883e-05
1.9073e-06
5.4121e-05
2.1458e-06
5.3883e-05
3.5691e-04
5.4836e-05
1.5020e-05
7.2956e-05
1.9073e-06
5.3883e-05
1.9073e-06
5.3883e-05
4.7302e-04
5.4121e-05
5.0068e-06
5.3883e-05
2.8610e-06
5.3167e-05
4.0531e-06
5.4121e-05
3.0994e-06
5.4121e-05
1.9073e-06
5.5790e-05
2.1458e-06
5.3883e-05
1.9073e-06
5.3167e-05
2.1458e-06
5.3883e-05
1.8001e-04
5.5075e-05
2.3890e-04
1.1921e-06
9.5367e-07
5.4836e-05
5.0068e-06
1.1921e-06
1.1921e-06
6.9857e-05
1.9073e-06
5.5075e-05
5.9605e-06
0.0000e+00
9.5367e-07
5.5075e-05
2.1458e-06
5.3883e-05
7.8678e-06
5.2929e-05
1.9073e-06
5.3167e-05
4.7684e-06
5.3883e-05
1.9073e-06
5.3167e-05
7.1526e-06
6.3896e-05
1.9073e-06
5.3883e-05
5.9605e-06
5.5075e-05
4.9496e-04
9.5367e-07
1.8835e-05
5.5075e-05
9.9897e-05
1.1921e-06
2.1458e-06
5.4836e-05
2.1458e-06
5.4836e-05
1.9073e-06
7.2002e-05
4.0531e-06
5.4121e-05
2.1458e-06
5.2929e-05
1.8883e-04
5.3883e-05
2.3842e-05
5.3883e-05
1.9073e-06
5.4121e-05
2.1458e-06
5.2929e-05
1.9073e-06
5.3167e-05
1.4210e-04
5.7936e-05
2.1458e-06
5.5075e-05
1.3113e-05
9.5367e-07
4.1008e-05
5.4121e-05
2.1458e-06
5.3883e-05
1.9073e-06
5.2929e-05
1.9073e-06
5.2929e-05
1.4400e-04
9.5367e-07
9.5367e-07
6.9857e-05
1.9073e-06
5.5790e-05
9.5367e-07
5.2929e-05
1.9073e-06
5.2929e-05
2.1458e-06
5.9843e-05
2.9993e-04
5.3883e-05
2.0981e-05
5.3167e-05
4.0531e-06
5.4121e-05
1.9073e-06
7.2002e-05
2.8610e-06
5.6028e-05
7.8678e-06
1.1921e-06
1.1921e-06
5.4836e-05
1.9073e-06
5.5075e-05
1.9073e-06
5.3167e-05
1.7905e-04
1.1921e-06
1.1921e-06
5.6028e-05
1.1921e-06
5.3883e-05
2.1458e-06
5.7936e-05
3.0994e-06
5.2929e-05
4.6015e-05
9.5367e-07
9.5367e-07
5.6028e-05
5.6100e-04
5.6028e-05
3.1948e-05
9.5367e-07
2.5201e-04
9.5367e-07
9.5367e-07
5.4836e-05
2.8396e-04
9.5367e-07
5.9605e-06
9.5367e-07
1.9073e-06
5.8889e-05
1.9073e-06
5.4121e-05
5.9605e-06
9.5367e-07
2.0027e-05
5.4836e-05
2.1935e-05
5.5075e-05
1.3304e-04
0.0000e+00
5.0068e-06
9.5367e-07
8.8215e-06
5.5075e-05
2.8610e-06
5.3883e-05
1.9073e-06
7.4148e-05
3.0994e-06
5.4121e-05
2.1458e-06
5.1975e-05
9.0599e-06
5.3883e-05
1.1921e-05
5.4121e-05
8.2016e-05
5.2929e-05
5.0068e-06
5.2929e-05
4.0531e-06
5.2929e-05
2.8610e-06
5.6028e-05
1.9073e-06
5.2929e-05
3.5405e-04
5.5075e-05
2.7084e-04
5.4836e-05
2.3127e-05
5.4836e-05
2.5606e-04
5.3883e-05
9.0599e-06
9.5367e-07
5.1022e-05
5.5075e-05
3.0994e-06
5.6982e-05
1.9073e-06
5.9128e-05
2.7990e-04
1.1921e-06
8.1062e-06
5.6028e-05
1.7786e-04
1.1921e-06
9.5367e-07
5.4836e-05
5.0068e-06
9.5367e-07
9.5367e-07
5.3883e-05
1.9073e-06
5.5075e-05
3.1900e-04
7.3910e-05
3.8147e-06
5.3883e-05
8.9884e-05
5.3167e-05
2.8610e-06
5.4121e-05
1.9073e-05
5.4121e-05
5.0068e-06
5.3883e-05
1.9073e-06
5.2929e-05
1.9073e-06
5.2929e-05
3.0994e-06
5.6028e-05
1.4901e-04
5.4836e-05
4.0531e-06
5.3883e-05
2.8610e-06
5.2929e-05
4.0531e-06
5.4121e-05
2.1458e-06
5.4121e-05
4.3201e-04
9.5367e-07
9.5367e-07
5.6028e-05
2.1458e-06
6.6996e-05
2.1458e-06
5.3883e-05
1.0967e-05
0.0000e+00
4.5061e-05
9.5367e-07
1.5020e-05
5.6028e-05
2.8610e-06
5.3167e-05
2.2173e-05
5.2929e-05
3.8147e-06
5.2929e-05
5.0068e-06
7.1049e-05
3.0994e-06
5.3883e-05
1.9073e-06
5.2929e-05
4.5323e-04
9.5367e-07
5.0068e-05
5.4836e-05
2.1458e-06
5.3883e-05
9.5367e-07
5.2929e-05
9.5367e-07
5.3167e-05
2.1458e-06
7.2002e-05
3.0994e-06
5.4121e-05
2.1458e-06
5.2929e-05
1.9073e-06
5.4121e-05
3.5119e-04
5.6028e-05
2.8610e-06
5.3167e-05
2.4080e-05
5.2929e-05
4.0531e-06
5.4121e-05
1.1086e-04
5.6028e-05
8.8215e-06
5.3883e-05
5.0068e-06
5.3883e-05
2.8610e-06
5.2929e-05
1.2159e-05
5.4121e-05
4.0054e-05
9.5367e-07
3.0994e-05
5.5075e-05
1.9073e-06
5.5075e-05
1.9073e-06
7.2956e-05
2.8610e-06
5.3883e-05
1.9073e-06
5.3883e-05
5.9605e-06
5.5075e-05
8.0490e-04
9.5367e-07
2.1458e-06
5.6028e-05
9.5367e-07
5.4121e-05
9.7990e-05
5.4121e-05
6.1989e-06
7.2002e-05
3.0994e-06
5.4121e-05
2.1458e-06
5.3883e-05
2.1458e-06
5.2929e-05
1.9073e-06
6.1989e-05
2.4891e-04
5.4121e-05
3.3855e-05
0.0000e+00
5.1975e-05
5.4836e-05
1.9073e-06
7.5817e-05
3.0994e-06
5.3883e-05
3.8791e-04
9.5367e-07
9.5367e-07
5.6028e-05
9.5367e-07
5.3167e-05
1.1921e-06
5.3883e-05
1.9073e-06
5.2929e-05
1.3089e-04
0.0000e+00
9.5367e-07
5.6028e-05
1.3900e-04
5.6028e-05
2.1458e-06
5.4121e-05
1.2159e-05
9.5367e-07
2.8610e-06
6.1989e-05
3.0994e-06
5.3883e-05
1.9073e-06
5.4121e-05
2.6941e-05
5.4121e-05
4.0531e-06
5.4121e-05
3.0994e-06
5.6982e-05
3.4189e-04
0.0000e+00
5.0783e-05
5.6028e-05
2.1458e-06
5.4121e-05
2.1458e-06
6.1989e-05
1.9073e-06
5.3167e-05
6.1035e-05
0.0000e+00
5.7936e-05
9.5367e-07
7.8678e-06
5.4121e-05
1.9073e-06
7.2956e-05
3.0994e-06
5.5075e-05
2.1458e-06
5.3883e-05
2.1458e-06
5.2929e-05
5.4193e-04
9.5367e-07
5.0068e-06
9.5367e-07
9.5367e-07
5.6982e-05
1.9073e-06
5.3167e-05
1.1921e-06
5.3883e-05
2.6202e-04
5.6982e-05
5.1022e-05
5.4121e-05
1.4067e-05
0.0000e+00
5.5075e-05
0.0000e+00
4.8876e-05
5.6028e-05
1.5974e-05
5.3883e-05
3.0088e-04
9.5367e-07
5.1022e-05
5.4836e-05
1.9073e-06
5.4836e-05
2.8610e-06
5.5790e-05
3.0994e-06
5.2929e-05
5.9605e-06
5.5075e-05
3.8147e-06
6.1989e-05
3.0994e-06
5.4121e-05
2.5201e-04
5.3883e-05
2.9802e-04
9.5367e-07
2.0981e-05
5.5075e-05
6.9141e-06
1.1921e-06
5.1975e-05
9.5367e-07
3.7193e-05
5.9128e-05
1.9073e-06
5.3883e-05
1.5974e-05
9.5367e-07
5.6028e-05
5.4836e-05
4.0531e-06
5.3883e-05
5.0068e-06
5.3883e-05
3.0994e-06
5.3883e-05
2.8610e-06
5.6982e-05
1.9073e-06
5.4121e-05
1.9073e-06
5.4121e-05
2.1458e-06
5.3883e-05
3.6097e-04
5.4836e-05
3.0994e-06
5.3883e-05
9.5367e-07
5.3883e-05
9.5367e-07
7.0095e-05
1.9073e-06
5.6982e-05
5.1284e-04
9.5367e-07
1.0014e-05
5.6982e-05
6.9141e-06
9.5367e-07
6.8188e-05
5.5075e-05
3.0994e-06
5.4121e-05
2.1458e-06
5.4121e-05
2.1458e-06
5.3883e-05
4.0531e-06
7.1049e-05
3.0994e-06
5.6028e-05
1.9073e-06
5.5075e-05
2.1458e-06
5.2929e-05
4.8494e-04
9.5367e-07
2.1458e-06
5.6028e-05
1.9073e-06
5.4121e-05
8.1062e-06
1.1921e-06
9.5367e-07
5.4836e-05
2.1458e-06
5.5075e-05
1.1921e-06
5.2929e-05
4.0388e-04
9.5367e-07
9.5367e-07
5.6982e-05
3.0994e-06
5.4836e-05
1.9073e-06
5.3883e-05
5.0068e-06
5.4121e-05
1.4305e-04
5.5075e-05
2.8610e-06
5.6982e-05
1.9073e-06
5.2929e-05
1.9073e-06
5.4121e-05
1.2898e-04
5.3883e-05
1.9073e-06
5.3167e-05
9.0599e-06
9.5367e-07
1.9073e-06
5.4121e-05
5.0068e-06
5.4121e-05
2.8610e-06
5.5790e-05
2.1458e-06
5.2929e-05
4.6802e-04
9.5367e-07
1.9073e-06
5.7220e-05
9.5367e-07
5.3883e-05
1.9073e-06
5.3167e-05
2.1458e-06
5.3883e-05
5.9605e-06
5.3883e-05
6.9141e-06
5.8174e-05
1.7905e-04
5.5075e-05
2.1458e-06
5.2929e-05
8.9884e-05
5.2929e-05
1.3113e-05
6.1035e-05
1.9073e-06
5.4121e-05
2.0027e-05
5.4121e-05
2.0885e-04
9.5367e-07
2.1458e-06
7.2956e-05
1.9073e-06
5.4121e-05
7.1526e-06
9.5367e-07
6.9141e-06
5.5075e-05
1.9073e-06
5.3167e-05
2.1458e-06
5.2929e-05
5.9605e-06
0.0000e+00
1.4067e-05
5.3883e-05
5.0306e-04
1.1921e-06
4.9114e-05
7.3910e-05
2.8610e-06
5.3883e-05
1.3399e-04
5.4121e-05
1.1206e-05
5.2929e-05
1.0967e-05
6.0081e-05
1.5974e-05
5.2929e-05
5.9605e-06
5.2929e-05
4.0531e-06
5.1975e-05
6.9141e-06
1.1921e-06
3.7193e-05
5.6028e-05
5.0879e-04
9.5367e-07
9.5367e-07
5.4121e-05
1.9073e-06
5.4121e-05
1.3375e-01
