6.4421e-03
1.2600e-03
7.8678e-06
6.7949e-05
9.9897e-05
2.6350e-03
9.5367e-07
7.1526e-06
6.1035e-05
3.0994e-06
6.1989e-05
3.8147e-06
5.5790e-05
3.0994e-06
5.3883e-05
1.9929e-03
5.6028e-05
3.0994e-06
8.7976e-05
4.0531e-06
5.6982e-05
1.3828e-05
5.4836e-05
3.4094e-05
5.5075e-05
3.0994e-06
5.3883e-05
1.9073e-05
9.5367e-07
3.7503e-04
9.5367e-07
2.1458e-06
5.7936e-05
1.9073e-06
5.3883e-05
2.8610e-06
5.9128e-05
1.9073e-06
5.5075e-05
2.2888e-05
5.4121e-05
1.1206e-05
5.2929e-05
4.0531e-06
5.3883e-05
3.0994e-06
5.5075e-05
3.0994e-06
6.1035e-05
4.0531e-06
7.1049e-05
4.0531e-06
5.7936e-05
5.9295e-04
5.3883e-05
2.3842e-05
5.3883e-05
1.9073e-05
9.5367e-07
6.9141e-06
6.0797e-05
1.6594e-04
5.4836e-05
4.0531e-06
5.4121e-05
2.1458e-06
5.3883e-05
2.8610e-06
5.6982e-05
1.5593e-04
5.4836e-05
8.5115e-05
5.3883e-05
1.4067e-05
5.4121e-05
3.8862e-05
5.3883e-05
5.9605e-06
5.4121e-05
3.0994e-06
5.4121e-05
3.7313e-04
7.2956e-05
4.0531e-06
5.3883e-05
4.7922e-05
5.2929e-05
1.5020e-05
5.3883e-05
1.9073e-05
5.6028e-05
1.8835e-05
5.3883e-05
5.0068e-06
5.3883e-05
4.0531e-06
5.3883e-05
4.0531e-06
5.6982e-05
3.0994e-06
5.3883e-05
3.0994e-06
5.1975e-05
2.8610e-06
5.3167e-05
4.6611e-04
1.1921e-06
2.1458e-06
5.6982e-05
1.7905e-04
5.3883e-05
3.0994e-06
5.3883e-05
3.0994e-06
5.6028e-05
8.7976e-05
9.5367e-07
2.1458e-06
5.3883e-05
1.9073e-06
5.3883e-05
3.4189e-04
9.5367e-07
1.9073e-06
5.6028e-05
1.9073e-06
5.4121e-05
2.1458e-06
5.3883e-05
3.0994e-06
7.3910e-05
4.0531e-06
5.4836e-05
2.1458e-06
5.3883e-05
2.8610e-06
5.2929e-05
3.2592e-04
1.1921e-06
1.9073e-06
5.4836e-05
1.9073e-06
5.4836e-05
3.0994e-06
5.3883e-05
1.6928e-05
1.1921e-06
2.0027e-05
7.6056e-05
5.1022e-05
5.5075e-05
1.9073e-06
5.4121e-05
1.5092e-04
0.0000e+00
1.9073e-06
5.5075e-05
1.9073e-06
5.6028e-05
3.6955e-05
6.1989e-05
1.6811e-03
9.5367e-07
3.0994e-06
5.8889e-05
3.0994e-06
5.6982e-05
3.0994e-06
5.4121e-05
1.6594e-04
9.5367e-07
8.7976e-05
9.5367e-07
9.5367e-07
5.7936e-05
1.6284e-04
1.1921e-06
3.7193e-05
5.4836e-05
2.1458e-06
5.1975e-05
1.9073e-06
5.3167e-05
3.8147e-06
5.5790e-05
3.0994e-06
5.3883e-05
2.8610e-06
5.9843e-05
2.8610e-06
5.3883e-05
3.8147e-06
5.2929e-05
1.5974e-05
5.2929e-05
4.0531e-06
5.4121e-05
4.1962e-05
9.5367e-07
3.5048e-05
5.8174e-05
2.1458e-06
5.4836e-05
3.0994e-06
5.2929e-05
1.1930e-03
5.6028e-05
6.6996e-05
9.5367e-07
1.9073e-06
5.4836e-05
1.9073e-06
5.4836e-05
9.5510e-04
9.5367e-07
1.9073e-06
7.2002e-05
3.0994e-06
5.6028e-05
2.1458e-06
5.3883e-05
8.1062e-06
0.0000e+00
1.2875e-05
5.5075e-05
4.0531e-06
5.2929e-05
1.3828e-05
5.3883e-05
5.0068e-06
5.2929e-05
2.8610e-06
5.2214e-05
2.8610e-06
5.5790e-05
1.5974e-05
9.5367e-07
2.4700e-04
1.1921e-06
9.5367e-07
5.6028e-05
2.1887e-04
5.4121e-05
6.9141e-06
5.3167e-05
3.0994e-06
5.2929e-05
4.0531e-06
5.2929e-05
3.8147e-06
7.2956e-05
2.8610e-06
5.4121e-05
1.5020e-05
5.4121e-05
1.1921e-05
6.1035e-05
5.8198e-04
5.3883e-05
3.0994e-06
5.2929e-05
2.8610e-06
5.1975e-05
3.0994e-06
5.2929e-05
9.4891e-05
5.7936e-05
2.8610e-06
5.4121e-05
9.2983e-05
5.3883e-05
2.3127e-05
5.2929e-05
2.9302e-04
9.5367e-07
9.5367e-07
5.5075e-05
7.7963e-05
0.0000e+00
1.9073e-06
5.4836e-05
9.5367e-07
6.1035e-05
6.5088e-05
9.5367e-07
6.5088e-05
5.7936e-05
2.2888e-05
9.5367e-07
3.2902e-05
5.4121e-05
2.1458e-06
5.2929e-05
5.7602e-04
1.1921e-06
2.1458e-06
5.5075e-05
8.1062e-06
0.0000e+00
3.1948e-05
9.5367e-07
9.5367e-07
5.3883e-05
1.8692e-04
5.6028e-05
4.0531e-06
5.2929e-05
1.9073e-06
5.2929e-05
2.6941e-05
5.4121e-05
2.1458e-06
5.2929e-05
2.8610e-06
5.2929e-05
1.9073e-06
6.0081e-05
4.2486e-04
9.5367e-07
2.8610e-06
5.6982e-05
9.9182e-05
9.5367e-07
9.5367e-07
5.5075e-05
1.9073e-06
5.4121e-05
6.1989e-06
0.0000e+00
9.5367e-07
5.5075e-05
2.1458e-06
5.2929e-05
1.9073e-06
6.0797e-05
3.0994e-06
6.6996e-05
3.8600e-04
9.5367e-07
9.5367e-07
5.7936e-05
1.9073e-06
5.2929e-05
1.3089e-04
5.5075e-05
1.5020e-05
5.2929e-05
2.1482e-04
0.0000e+00
9.5367e-07
5.4121e-05
2.1458e-06
5.2929e-05
1.9073e-06
7.4148e-05
1.0014e-05
5.4836e-05
1.9073e-06
5.3167e-05
7.1526e-06
5.4121e-05
1.0705e-04
5.3167e-05
5.0068e-06
5.4121e-05
1.5116e-04
5.3883e-05
2.0981e-05
5.3883e-05
5.9605e-06
5.6982e-05
5.0068e-06
5.4121e-05
8.7023e-05
5.5790e-05
3.0994e-06
5.3883e-05
1.9073e-06
5.3883e-05
3.0184e-04
9.5367e-07
1.9073e-06
5.5075e-05
1.8001e-04
9.5367e-07
9.5367e-07
8.1062e-05
3.8147e-06
5.4836e-05
1.9073e-06
5.2929e-05
2.1458e-06
5.3883e-05
2.1458e-06
5.2929e-05
2.8610e-06
5.3167e-05
8.1062e-06
5.4121e-05
2.5988e-05
9.5367e-07
2.8610e-06
7.2002e-05
3.4308e-04
5.6028e-05
1.3900e-04
9.5367e-07
1.9073e-06
5.6028e-05
2.8610e-06
5.4121e-05
1.3113e-05
9.5367e-07
1.9073e-06
5.4836e-05
1.9073e-06
5.3883e-05
1.9073e-06
5.3167e-05
2.1458e-06
7.2956e-05
4.0531e-06
5.5075e-05
3.0994e-06
5.2929e-05
5.4693e-04
9.5367e-07
3.8862e-05
5.5790e-05
2.1458e-06
5.3883e-05
2.1458e-06
5.4836e-05
1.9073e-06
6.0797e-05
6.6996e-05
0.0000e+00
2.8610e-06
5.6982e-05
3.0994e-06
5.3883e-05
3.0994e-06
5.2929e-05
2.6989e-04
5.5075e-05
2.8610e-06
5.3167e-05
2.1458e-06
5.3883e-05
2.1458e-06
5.1975e-05
4.0531e-06
7.4148e-05
4.1699e-04
5.4121e-05
2.2173e-05
5.2929e-05
5.9605e-06
5.4121e-05
1.5712e-04
9.5367e-07
1.9073e-06
5.4836e-05
9.5367e-07
5.3167e-05
2.8610e-06
6.0081e-05
1.1420e-04
7.4863e-05
4.0531e-06
5.5075e-05
8.2970e-05
5.3883e-05
1.9073e-06
5.4121e-05
1.9073e-06
5.3167e-05
2.1458e-06
5.2929e-05
3.0994e-06
5.4836e-05
1.3113e-04
9.5367e-07
5.7936e-05
8.1062e-05
3.8147e-06
5.4836e-05
1.9073e-06
5.3883e-05
5.9605e-06
5.5075e-05
2.4080e-04
9.5367e-07
9.5367e-07
5.6028e-05
9.5367e-07
5.4121e-05
5.0020e-04
5.5075e-05
1.1921e-05
9.5367e-07
9.0599e-06
9.5367e-07
3.1948e-05
5.6982e-05
3.0994e-06
5.3883e-05
2.8610e-06
5.2929e-05
1.9073e-06
5.2929e-05
1.0967e-05
0.0000e+00
2.1458e-06
5.4121e-05
5.2500e-04
0.0000e+00
2.8610e-06
5.6028e-05
3.0994e-06
5.6982e-05
1.9073e-06
5.4121e-05
8.9884e-05
5.4121e-05
1.9073e-05
5.4121e-05
1.9073e-06
5.4121e-05
5.9605e-06
9.5367e-07
3.3855e-05
5.3883e-05
7.8678e-06
5.9843e-05
3.4595e-04
7.3195e-05
3.0994e-06
5.5075e-05
2.1458e-06
5.2929e-05
1.9073e-06
5.2929e-05
2.8610e-06
5.2214e-05
4.0531e-06
5.3167e-05
1.0014e-05
5.3167e-05
3.0994e-06
6.7949e-05
4.2009e-04
9.5367e-07
5.3883e-05
0.0000e+00
5.1975e-05
5.6028e-05
7.1526e-06
9.5367e-07
6.9857e-05
0.0000e+00
5.6028e-05
5.3883e-05
2.8610e-06
5.3167e-05
3.0994e-06
5.7936e-05
3.5501e-04
5.3883e-05
2.4009e-04
7.2002e-05
4.8161e-05
9.5367e-07
9.5367e-07
5.4121e-05
7.7009e-05
0.0000e+00
1.5974e-05
9.5367e-07
1.9073e-06
5.5790e-05
2.0981e-05
5.2214e-05
2.1458e-06
5.3883e-05
2.8610e-06
5.2929e-05
3.0994e-06
7.2002e-05
4.6206e-04
5.6028e-05
1.9073e-06
6.0081e-05
1.6117e-04
9.5367e-07
9.5367e-07
5.4121e-05
1.9073e-06
5.3167e-05
3.0994e-06
5.3883e-05
1.2994e-04
5.2929e-05
3.8147e-06
7.5102e-05
1.3494e-04
0.0000e+00
2.1458e-06
5.6028e-05
2.1458e-06
5.2929e-05
5.9605e-06
0.0000e+00
5.9605e-06
5.5790e-05
3.7313e-04
5.3883e-05
4.0531e-06
5.2929e-05
3.1948e-05
5.3167e-05
4.0531e-06
5.6028e-05
1.7166e-05
5.3883e-05
5.0068e-06
5.2929e-05
1.3113e-05
6.1035e-05
1.8120e-05
5.2929e-05
7.8678e-06
9.5367e-07
5.1022e-05
5.4836e-05
4.4394e-04
9.5367e-07
5.3883e-05
9.5367e-07
1.7595e-04
1.6928e-05
3.0994e-06
5.7936e-05
3.0994e-06
5.3883e-05
3.2902e-05
5.3883e-05
5.9605e-06
5.3883e-05
9.0599e-06
9.5367e-07
5.6982e-05
5.5075e-05
3.0994e-06
5.3167e-05
8.1062e-06
9.5367e-07
5.0068e-06
7.2002e-05
4.0531e-06
5.3883e-05
4.3893e-04
5.6028e-05
4.0531e-06
5.2929e-05
8.1062e-06
9.5367e-07
4.8876e-05
5.4121e-05
1.9073e-06
5.3167e-05
1.9073e-06
5.2929e-05
8.1062e-06
0.0000e+00
3.5310e-04
1.1921e-06
2.1458e-06
5.7936e-05
1.2875e-05
9.5367e-07
4.0531e-06
5.5075e-05
1.9073e-06
5.4121e-05
2.1458e-06
5.2929e-05
5.3883e-05
1.1921e-06
7.1526e-06
5.3883e-05
1.9073e-06
5.2929e-05
6.9094e-04
1.1921e-06
8.1062e-06
9.5367e-07
3.0041e-05
9.5367e-07
9.5367e-07
5.6982e-05
1.9073e-06
5.1975e-05
4.3297e-04
5.8889e-05
3.0994e-06
5.4121e-05
3.0994e-06
5.2929e-05
2.8610e-06
5.3167e-05
2.1458e-06
7.2956e-05
1.1802e-04
5.5075e-05
2.3127e-05
5.4121e-05
2.8133e-05
9.5367e-07
5.5075e-05
9.5367e-07
4.0507e-04
9.5367e-07
2.1458e-06
5.6028e-05
1.9073e-06
5.3167e-05
3.0994e-06
5.1975e-05
1.9073e-06
7.3195e-05
4.0531e-06
5.4121e-05
1.9073e-06
5.3167e-05
2.1458e-06
5.2929e-05
2.8610e-06
5.1975e-05
2.1458e-06
5.2929e-05
6.9141e-06
9.5367e-07
4.0531e-06
5.2929e-05
7.8678e-06
7.2956e-05
4.0531e-06
5.5075e-05
4.1413e-04
5.5075e-05
2.1935e-05
5.3883e-05
2.0790e-04
5.3883e-05
2.8610e-06
5.7936e-05
2.8610e-06
5.3167e-05
8.1062e-05
5.4121e-05
3.0994e-06
5.6028e-05
3.1900e-04
5.2929e-05
1.9073e-06
5.3883e-05
1.9073e-06
5.4121e-05
3.0994e-06
5.2929e-05
2.1458e-06
5.2929e-05
8.8215e-06
5.3883e-05
1.9073e-06
7.0095e-05
2.8610e-06
5.6028e-05
2.1458e-06
5.3883e-05
3.2997e-04
9.5367e-07
5.1022e-05
5.4121e-05
2.0981e-05
5.3883e-05
2.8610e-06
5.3167e-05
2.0909e-04
5.5075e-05
4.0531e-06
5.5075e-05
2.8610e-06
5.6028e-05
2.1458e-06
5.2929e-05
1.5688e-04
9.5367e-07
9.5367e-07
5.5075e-05
1.9073e-06
5.4121e-05
3.0994e-06
5.2929e-05
2.8610e-06
5.2929e-05
2.7299e-04
9.5367e-07
1.9073e-06
7.4863e-05
3.0994e-06
5.4836e-05
2.1458e-06
5.2929e-05
1.9073e-06
5.3167e-05
3.0994e-06
5.4121e-05
5.9605e-06
5.3883e-05
5.9605e-06
5.4121e-05
3.0994e-06
5.2929e-05
4.5991e-04
9.5367e-07
4.9114e-05
5.6982e-05
2.1458e-06
5.3883e-05
1.9073e-06
5.2929e-05
1.9073e-06
5.4121e-05
2.6608e-04
5.6028e-05
3.0994e-05
6.0081e-05
3.0994e-06
5.2929e-05
4.0531e-06
5.6028e-05
1.9073e-06
5.4121e-05
1.2279e-04
9.5367e-07
5.0068e-06
9.5367e-07
9.5367e-07
5.5075e-05
2.8300e-04
5.4836e-05
9.0599e-06
5.3883e-05
2.8205e-04
9.5367e-07
1.9073e-06
5.4836e-05
1.9073e-06
7.2002e-05
7.1526e-06
0.0000e+00
1.9073e-06
5.6028e-05
1.9073e-06
5.2929e-05
1.2493e-04
5.4121e-05
3.0994e-06
5.1975e-05
2.9612e-04
9.5367e-07
5.9605e-06
9.5367e-07
9.5367e-07
5.6982e-05
1.1921e-06
7.9870e-05
4.0531e-06
5.5075e-05
3.0994e-06
5.4121e-05
1.9908e-04
5.4121e-05
5.0068e-06
5.3167e-05
1.9073e-05
5.3883e-05
2.0504e-04
5.5075e-05
3.0994e-06
5.3167e-05
2.8610e-06
5.6028e-05
2.8610e-06
5.3167e-05
2.1458e-06
5.4121e-05
3.0994e-06
5.2929e-05
1.3828e-05
5.3883e-05
1.4591e-04
5.4121e-05
5.0068e-06
5.2929e-05
2.0504e-04
9.5367e-07
7.1526e-06
9.5367e-07
9.5367e-07
5.6982e-05
3.9411e-04
9.5367e-07
9.5367e-07
5.5790e-05
1.9073e-06
5.3883e-05
2.7895e-05
5.6982e-05
1.0967e-05
5.4121e-05
2.8610e-06
5.5075e-05
2.8610e-06
7.2002e-05
1.2398e-04
5.4121e-05
3.0994e-06
5.4121e-05
8.1062e-06
9.5367e-07
5.0068e-05
5.3883e-05
1.5020e-05
5.4121e-05
3.1495e-04
0.0000e+00
2.1458e-06
6.1035e-05
2.1458e-06
5.4121e-05
1.0800e-04
1.6212e-05
3.6001e-05
5.6982e-05
2.5797e-04
0.0000e+00
2.1458e-06
5.5075e-05
6.1989e-06
9.5367e-07
9.5367e-07
5.4121e-05
1.9073e-06
5.4121e-05
3.0398e-04
9.5367e-07
2.4104e-04
9.5367e-07
9.5367e-07
5.6028e-05
2.1458e-06
7.2956e-05
1.9073e-06
5.4121e-05
2.8610e-06
5.4121e-05
1.3113e-05
9.5367e-07
6.9141e-06
5.4836e-05
5.0068e-06
5.5075e-05
1.9073e-06
6.1035e-05
5.9605e-06
5.5075e-05
2.5606e-04
7.3195e-05
4.0531e-06
5.4121e-05
2.1458e-06
5.2929e-05
1.9073e-06
5.2929e-05
2.3508e-04
5.4121e-05
1.0014e-05
5.9843e-05
2.8610e-06
5.3883e-05
1.9073e-06
5.3167e-05
1.5807e-04
9.5367e-07
9.5367e-07
5.7220e-05
9.5367e-07
5.2929e-05
9.5367e-07
5.5075e-05
3.0994e-06
5.3167e-05
3.0994e-06
5.2929e-05
2.9111e-04
5.6028e-05
2.0027e-05
9.5367e-07
3.6955e-05
5.5075e-05
3.0994e-06
5.6982e-05
1.9073e-06
5.4121e-05
3.0994e-06
5.3167e-05
2.1458e-06
5.3883e-05
2.8610e-06
5.2929e-05
2.2101e-04
5.3883e-05
1.0014e-05
5.4121e-05
2.7895e-05
1.1921e-06
1.1206e-05
5.8889e-05
2.8610e-06
5.3883e-05
1.0967e-05
5.4121e-05
5.9605e-06
5.3167e-05
4.8995e-04
9.5367e-07
9.5367e-07
5.4121e-05
2.1458e-06
6.1035e-05
3.5048e-05
5.5075e-05
3.0994e-06
5.6028e-05
1.9073e-06
5.4121e-05
1.9073e-06
5.4121e-05
5.0068e-05
9.5367e-07
3.7003e-04
9.5367e-07
1.9073e-06
5.4836e-05
3.0994e-06
5.1975e-05
4.6015e-05
5.6028e-05
3.0994e-06
7.2002e-05
9.0599e-06
9.5367e-07
1.6403e-04
9.5367e-07
9.5367e-07
5.8174e-05
5.9605e-06
9.5367e-07
9.5367e-07
5.4121e-05
2.1458e-06
5.3883e-05
1.9073e-06
5.4836e-05
3.2210e-04
5.5075e-05
2.5606e-04
9.5367e-07
9.0599e-06
9.5367e-07
5.9605e-06
9.5367e-07
1.1182e-04
1.1921e-06
1.1921e-06
5.6028e-05
2.5320e-04
5.4836e-05
1.9073e-06
5.3883e-05
2.8610e-06
5.3167e-05
1.9073e-06
5.1975e-05
1.9073e-06
5.4121e-05
1.9073e-06
7.2002e-05
3.4809e-04
9.5367e-07
9.5367e-07
5.6028e-05
9.5367e-07
5.4121e-05
2.1458e-06
5.3883e-05
1.9073e-06
5.4121e-05
1.9073e-06
5.9128e-05
3.0994e-06
5.2929e-05
3.6001e-05
7.4148e-05
4.0531e-06
5.7220e-05
4.0531e-06
5.2929e-05
5.7936e-05
5.3883e-05
4.4584e-04
0.0000e+00
1.9073e-06
6.1035e-05
2.1458e-06
5.3167e-05
1.9073e-06
5.2929e-05
7.3910e-05
7.5102e-05
2.3794e-04
0.0000e+00
9.5367e-07
5.5075e-05
1.9073e-06
5.3167e-05
3.5048e-05
5.2929e-05
5.9605e-06
5.4121e-05
1.3018e-04
0.0000e+00
1.9073e-06
5.6028e-05
1.9073e-06
5.3883e-05
4.2486e-04
0.0000e+00
5.0068e-06
0.0000e+00
1.5020e-05
5.6028e-05
1.9073e-06
5.5075e-05
1.1802e-04
0.0000e+00
7.8201e-05
9.5367e-07
3.8147e-06
5.3883e-05
5.0068e-06
1.1921e-06
5.5075e-05
5.4121e-05
2.4080e-05
5.2929e-05
3.0994e-06
7.2002e-05
4.0531e-06
5.4121e-05
2.1458e-06
5.5075e-05
6.4015e-04
9.5367e-07
5.1022e-05
5.5075e-05
3.0994e-06
5.4121e-05
2.1458e-06
5.4121e-05
2.1458e-06
5.3883e-05
1.1706e-04
9.5367e-07
1.2159e-05
5.7936e-05
1.9073e-06
5.4121e-05
2.8610e-06
5.3167e-05
3.7217e-04
9.5367e-07
1.9073e-06
5.4836e-05
3.0994e-06
5.2929e-05
2.2006e-04
5.3883e-05
5.0068e-06
5.4121e-05
3.8147e-06
5.6982e-05
7.1526e-06
5.8889e-05
3.0994e-06
5.3883e-05
1.6904e-04
9.5367e-07
1.2708e-04
9.5367e-07
9.5367e-07
5.4121e-05
5.9605e-06
9.5367e-07
5.0068e-06
5.3883e-05
2.0981e-05
5.3167e-05
3.8147e-06
5.6982e-05
3.9506e-04
9.5367e-07
5.9605e-06
0.0000e+00
1.6999e-04
9.5367e-07
9.5367e-07
5.5790e-05
1.9073e-06
5.5790e-05
9.5367e-07
5.3883e-05
2.8610e-06
5.3167e-05
7.8678e-06
5.4121e-05
3.0994e-06
7.2956e-05
4.0531e-06
5.5075e-05
2.6989e-04
5.5075e-05
1.9073e-06
5.5075e-05
1.9073e-06
5.2929e-05
2.2197e-04
5.1975e-05
5.0068e-06
5.1975e-05
2.3127e-05
5.3883e-05
4.0531e-06
5.6028e-05
1.9073e-06
6.1035e-05
1.9073e-06
5.3883e-05
2.3198e-04
9.5367e-07
1.9073e-06
5.4836e-05
5.6982e-05
5.3167e-05
4.0531e-06
5.4121e-05
4.4107e-05
5.5075e-05
4.0531e-06
5.6982e-05
3.0994e-06
5.4121e-05
3.0994e-06
5.2929e-05
7.1526e-06
9.5367e-07
2.7895e-05
5.4836e-05
2.1458e-06
5.2929e-05
1.9073e-06
5.3167e-05
2.1935e-05
5.3883e-05
2.8610e-06
5.6982e-05
3.0994e-06
5.3167e-05
2.1458e-06
5.5075e-05
1.9073e-06
5.2929e-05
1.0014e-05
0.0000e+00
1.9073e-06
5.5075e-05
1.9073e-06
5.4121e-05
2.1458e-06
5.2929e-05
2.8610e-06
5.5790e-05
7.8678e-06
1.1921e-06
3.0994e-05
5.6028e-05
2.1458e-06
5.3883e-05
3.0994e-06
5.2929e-05
1.1599e-03
5.4836e-05
3.0994e-06
5.3883e-05
1.8120e-05
5.3883e-05
4.0531e-06
7.2956e-05
9.1791e-04
5.5075e-05
7.8678e-06
1.1921e-06
4.6015e-05
5.5075e-05
1.9073e-06
5.2929e-05
8.1062e-06
9.5367e-07
5.1022e-05
5.5075e-05
1.7595e-04
9.5367e-07
5.5075e-05
5.3883e-05
3.0994e-06
7.2002e-05
6.7949e-05
9.5367e-07
5.0068e-05
5.5075e-05
2.1458e-06
5.5075e-05
1.9073e-06
5.3883e-05
2.8610e-06
5.3167e-05
2.0027e-05
1.1921e-06
2.0027e-05
6.1035e-05
1.9073e-06
5.3883e-05
2.8610e-06
5.4836e-05
1.9073e-06
5.3883e-05
3.3879e-04
9.5367e-07
1.9073e-06
5.4121e-05
9.5367e-07
5.5075e-05
3.0994e-06
5.3883e-05
3.8600e-04
9.5367e-07
5.3167e-05
5.6028e-05
2.1458e-06
7.4148e-05
4.0531e-06
5.6028e-05
1.9073e-06
5.3167e-05
3.0994e-06
5.1975e-05
4.3297e-04
5.4121e-05
1.0967e-05
0.0000e+00
6.6042e-05
5.3883e-05
1.9002e-04
9.5367e-07
9.5367e-07
5.4121e-05
9.5367e-07
8.1062e-05
1.1921e-05
9.5367e-07
7.1526e-06
9.5367e-07
9.5367e-07
5.6028e-05
1.9073e-06
5.1975e-05
6.7949e-05
6.0797e-05
3.0994e-06
5.3883e-05
2.3699e-04
9.5367e-07
2.1458e-06
5.5075e-05
6.1989e-06
9.5367e-07
3.0994e-06
5.8889e-05
1.9073e-06
5.3883e-05
1.9073e-06
5.3883e-05
1.0014e-05
9.5367e-07
5.5075e-05
5.3883e-05
4.0531e-06
5.2929e-05
4.0531e-06
5.2929e-05
5.3596e-04
0.0000e+00
2.1458e-06
7.2956e-05
1.9073e-06
5.6028e-05
2.8610e-06
5.3883e-05
5.9605e-06
5.4121e-05
1.9073e-06
5.3167e-05
3.0804e-04
1.1921e-06
2.1458e-06
5.6982e-05
1.9073e-06
5.2929e-05
9.5367e-07
5.1975e-05
4.0531e-06
5.7220e-05
3.0994e-06
5.2929e-05
6.9141e-06
9.5367e-07
1.6928e-05
5.4836e-05
4.5061e-05
5.3883e-05
1.9073e-06
5.3883e-05
1.9073e-06
5.4121e-05
1.3185e-04
9.5367e-07
9.5367e-07
7.7009e-05
1.5020e-05
9.5367e-07
1.0014e-05
5.3883e-05
1.8835e-05
5.3883e-05
1.4591e-04
5.4121e-05
3.0994e-06
5.3167e-05
2.1458e-06
5.1975e-05
1.2875e-05
1.1921e-06
2.1458e-06
5.5075e-05
4.0531e-06
5.5075e-05
3.1018e-04
5.5075e-05
3.0994e-06
5.2929e-05
2.8610e-06
5.2929e-05
2.5988e-05
5.3883e-05
6.9141e-06
5.3167e-05
1.2016e-04
5.6982e-05
2.8610e-06
6.9857e-05
3.0994e-06
6.1989e-05
2.1458e-06
5.4121e-05
2.1458e-06
5.3883e-05
6.9141e-06
1.1921e-06
6.6996e-05
5.3883e-05
5.0068e-06
5.5075e-05
2.1458e-06
5.2929e-05
2.1458e-06
5.1975e-05
3.0994e-06
5.5075e-05
1.9073e-06
5.4121e-05
3.0994e-06
5.2929e-05
4.4107e-04
5.4836e-05
2.0981e-05
5.4121e-05
5.0068e-06
5.2929e-05
4.8900e-04
5.7936e-05
2.8610e-06
7.1049e-05
3.0994e-06
5.2929e-05
2.8610e-06
5.3167e-05
3.0994e-06
5.1975e-05
1.0300e-04
1.1921e-06
9.5367e-07
5.3883e-05
1.9073e-06
5.3167e-05
2.1458e-06
5.1975e-05
1.9073e-06
7.4148e-05
4.0531e-06
5.5075e-05
1.9073e-06
5.3167e-05
3.0994e-06
5.2929e-05
2.1458e-06
5.9843e-05
1.9073e-06
5.2929e-05
2.8610e-06
5.2214e-05
6.1703e-04
9.5367e-07
4.6015e-05
0.0000e+00
2.8610e-06
5.7936e-05
1.3709e-04
1.1921e-06
2.1458e-06
5.6028e-05
6.1989e-06
9.5367e-07
1.9073e-06
5.5075e-05
1.9073e-06
5.2929e-05
1.9073e-06
5.2929e-05
3.0613e-04
9.5367e-07
9.5367e-07
5.4836e-05
2.8610e-06
7.2956e-05
4.0531e-06
5.5075e-05
3.2902e-04
5.3883e-05
2.4080e-05
5.2929e-05
4.0531e-06
5.2929e-05
2.8610e-06
5.4121e-05
2.1458e-06
5.2929e-05
1.0014e-05
9.5367e-07
4.6968e-05
7.5817e-05
4.0531e-06
5.2929e-05
1.9073e-06
5.1975e-05
2.8610e-06
5.2929e-05
1.9073e-06
5.1975e-05
4.0603e-04
9.5367e-07
2.1458e-06
5.3883e-05
1.9073e-06
5.2929e-05
1.9073e-06
7.2956e-05
4.0531e-06
5.4121e-05
5.9605e-06
9.5367e-07
5.9605e-06
5.5075e-05
4.4298e-04
9.5367e-07
1.9073e-06
5.6028e-05
3.3402e-04
0.0000e+00
9.5367e-07
5.5075e-05
2.1458e-06
5.3883e-05
1.0014e-05
7.6056e-05
2.8610e-06
5.4121e-05
4.0531e-06
5.4121e-05
3.0994e-06
5.2929e-05
1.9073e-06
5.2929e-05
3.0994e-06
5.1975e-05
1.9073e-06
5.2929e-05
1.2159e-05
5.5075e-05
3.8147e-06
5.6028e-05
2.1458e-06
5.2929e-05
1.9073e-06
5.1975e-05
3.9220e-04
5.3883e-05
5.9605e-06
5.1975e-05
1.0014e-05
9.5367e-07
5.0068e-05
5.3883e-05
2.4796e-04
9.5367e-07
9.5367e-07
5.3883e-05
2.5296e-04
5.6982e-05
1.9073e-06
5.4121e-05
2.1458e-06
5.1975e-05
7.8678e-06
5.3883e-05
1.9073e-06
5.3167e-05
1.3304e-04
1.1921e-06
9.5367e-07
5.3883e-05
2.1458e-06
5.3883e-05
3.0994e-06
5.6028e-05
2.8610e-06
5.4121e-05
3.0994e-06
5.1975e-05
1.1921e-05
9.5367e-07
2.7895e-05
5.6028e-05
2.8610e-06
5.4121e-05
2.8610e-06
5.4121e-05
1.9073e-06
5.2929e-05
3.0398e-04
5.7936e-05
4.9281e-04
5.5075e-05
3.0994e-06
5.2929e-05
4.0531e-06
5.3883e-05
1.9073e-06
5.1975e-05
2.1935e-05
5.4121e-05
4.0531e-06
5.2929e-05
2.6298e-04
0.0000e+00
3.0994e-06
6.2943e-05
2.1458e-06
5.2929e-05
6.9141e-06
0.0000e+00
2.1458e-06
5.3883e-05
1.3089e-04
5.4121e-05
3.1948e-05
1.1921e-06
4.9114e-05
9.5367e-07
1.2875e-05
0.0000e+00
8.1062e-06
5.5075e-05
4.6015e-05
7.0810e-05
3.0994e-06
5.2929e-05
1.9073e-06
5.2929e-05
2.1458e-06
5.1975e-05
5.6911e-04
9.5367e-07
5.9605e-06
9.5367e-07
1.1921e-06
5.5075e-05
2.1458e-06
5.3883e-05
9.5367e-07
5.4121e-05
1.9073e-06
5.4836e-05
1.9073e-06
5.3167e-05
2.1458e-06
5.9843e-05
2.9898e-04
9.5367e-07
1.1921e-06
5.5075e-05
2.1458e-06
5.3883e-05
2.8205e-04
5.5075e-05
3.0994e-06
5.2929e-05
1.0014e-05
9.5367e-07
3.6001e-05
6.4850e-05
2.8610e-06
5.2929e-05
2.8610e-06
5.2929e-05
1.2875e-05
1.1921e-06
5.3167e-05
5.4121e-05
2.1458e-06
5.3883e-05
1.9073e-06
5.2929e-05
1.9073e-06
5.3167e-05
3.8147e-06
5.4836e-05
5.2094e-04
9.5367e-07
1.9073e-06
5.6028e-05
1.9073e-06
5.4121e-05
2.1458e-06
5.4121e-05
2.0409e-04
0.0000e+00
9.5367e-07
5.6028e-05
1.9073e-06
5.4121e-05
2.1458e-06
7.2002e-05
1.1182e-04
9.5367e-07
2.1458e-06
6.3896e-05
2.1458e-06
5.3883e-05
4.3869e-05
5.5075e-05
3.0303e-04
5.2929e-05
1.9073e-06
5.3883e-05
2.4390e-04
1.1921e-06
9.5367e-07
5.9843e-05
2.8610e-06
5.6982e-05
2.1458e-06
5.3883e-05
1.9073e-06
5.3883e-05
6.9141e-06
5.4121e-05
7.2002e-05
5.3883e-05
2.6393e-04
5.4121e-05
9.0599e-06
0.0000e+00
4.9114e-05
5.4836e-05
3.8147e-06
6.3896e-05
1.9073e-06
5.3883e-05
1.9073e-06
5.3167e-05
2.1458e-06
5.2929e-05
1.9073e-06
5.3167e-05
2.1458e-06
5.2929e-05
1.9073e-06
5.3167e-05
2.1458e-06
6.7949e-05
4.0531e-06
5.6028e-05
4.0007e-04
5.6982e-05
2.8610e-06
5.3167e-05
8.1062e-06
9.5367e-07
3.0041e-05
5.4121e-05
5.9605e-06
0.0000e+00
3.0613e-04
9.5367e-07
9.5367e-07
5.2929e-05
3.3498e-04
9.5367e-07
5.0068e-05
7.4148e-05
6.1989e-06
5.3883e-05
1.9073e-06
5.2929e-05
1.9073e-06
5.3167e-05
2.1458e-06
5.2929e-05
6.9141e-06
5.5075e-05
3.0994e-06
5.2929e-05
3.0994e-06
5.3883e-05
6.9141e-06
9.5367e-07
1.9073e-06
5.8174e-05
3.0994e-06
5.2929e-05
1.9073e-06
5.3167e-05
2.1458e-06
6.0081e-05
7.1526e-06
0.0000e+00
4.8184e-04
0.0000e+00
2.3580e-04
0.0000e+00
2.8610e-04
0.0000e+00
2.1458e-06
5.4836e-05
7.1526e-06
1.6928e-05
6.9141e-06
9.5367e-07
2.0909e-04
9.5367e-07
9.5367e-07
5.7936e-05
2.1458e-06
5.3883e-05
1.9073e-06
5.4121e-05
1.6594e-04
5.4121e-05
1.0014e-05
9.5367e-07
5.6982e-05
5.5075e-05
1.9073e-06
5.4121e-05
2.8610e-06
5.6028e-05
2.1458e-06
5.3883e-05
2.1458e-06
5.3883e-05
1.9073e-06
5.2929e-05
2.1458e-06
5.2929e-05
6.9141e-06
9.5367e-07
9.5367e-07
5.3167e-05
4.0531e-06
5.3167e-05
4.6396e-04
5.7220e-05
2.1458e-06
5.3883e-05
1.9073e-05
5.3883e-05
3.0994e-06
5.2929e-05
1.9073e-06
5.3167e-05
2.1458e-06
5.2929e-05
9.2983e-05
5.2929e-05
3.4189e-04
9.5367e-07
7.8678e-06
9.5367e-07
9.5367e-07
5.6982e-05
1.0610e-04
9.5367e-07
1.9073e-06
5.3167e-05
9.5367e-07
5.3883e-05
1.9073e-06
5.4121e-05
2.1458e-06
5.4121e-05
1.9073e-06
5.2929e-05
2.1458e-06
7.1049e-05
4.0531e-06
5.4121e-05
1.9073e-06
5.4121e-05
2.1458e-06
5.9843e-05
4.2200e-04
5.5075e-05
1.9073e-06
5.3167e-05
3.0994e-06
5.2929e-05
1.9693e-04
1.1921e-06
2.2173e-05
7.1049e-05
2.8610e-06
6.3181e-05
2.1696e-04
9.5367e-07
5.9605e-06
9.5367e-07
5.0068e-06
9.5367e-07
1.9073e-06
5.4121e-05
1.9073e-06
5.3167e-05
2.1458e-06
5.2929e-05
6.9141e-06
5.4836e-05
1.9073e-06
5.4121e-05
1.3425e-01
