3.5281e-03
1.8120e-05
6.2943e-05
3.0994e-06
4.5061e-05
8.8215e-06
3.8862e-05
1.5974e-05
4.0054e-05
1.4067e-05
0.0000e+00
9.5367e-07
3.9101e-05
2.8610e-06
3.8147e-05
1.3828e-05
9.5367e-07
1.9073e-06
5.2929e-05
2.3842e-05
3.9816e-05
9.5367e-07
3.7909e-05
2.1458e-06
3.6955e-05
1.9073e-06
3.6955e-05
9.5367e-07
3.6955e-05
1.5020e-05
0.0000e+00
9.5367e-07
3.9101e-05
1.9073e-06
4.8161e-05
1.9073e-06
3.5048e-05
1.9073e-06
3.9101e-05
1.9073e-06
3.8147e-05
4.0531e-06
3.7909e-05
9.5367e-07
4.1962e-05
1.9073e-06
3.8147e-05
3.0994e-06
3.8862e-05
6.9141e-06
0.0000e+00
9.5367e-07
3.9101e-05
1.9073e-06
3.8147e-05
2.8610e-06
3.6001e-05
2.1458e-06
3.6001e-05
4.9829e-05
9.5367e-07
9.5367e-07
3.7909e-05
1.9073e-06
3.8147e-05
1.1921e-06
4.7922e-05
9.5367e-07
3.6001e-05
8.1062e-06
9.5367e-07
6.7186e-04
0.0000e+00
1.1921e-06
4.1008e-05
1.9073e-06
3.8147e-05
9.5367e-07
3.7909e-05
4.0531e-06
3.8147e-05
2.8610e-06
1.1921e-06
2.8610e-06
3.7909e-05
1.9073e-06
3.8862e-05
3.0994e-06
3.6955e-05
2.1458e-06
3.6955e-05
5.0068e-06
3.9101e-05
1.9073e-06
3.8147e-05
1.0967e-05
0.0000e+00
2.1458e-06
3.7909e-05
9.5367e-07
3.9816e-05
3.8147e-06
3.7909e-05
9.5367e-07
3.7193e-05
8.5831e-05
1.1921e-06
9.5367e-07
3.9101e-05
4.9686e-04
1.1921e-06
1.5974e-05
3.9101e-05
9.5367e-07
3.6955e-05
3.0994e-06
3.6955e-05
1.1921e-06
5.3883e-05
2.1458e-06
3.9101e-05
3.8147e-06
3.8147e-05
9.5367e-07
3.6001e-05
4.0531e-06
3.6955e-05
3.0994e-06
3.7909e-05
9.5367e-07
3.6955e-05
1.9073e-06
3.7193e-05
4.0531e-06
3.8147e-05
9.5367e-07
3.6001e-05
6.9141e-06
0.0000e+00
3.8147e-06
3.8862e-05
3.0994e-06
3.7909e-05
2.1458e-06
3.6955e-05
9.5367e-07
3.6001e-05
4.0531e-06
3.6001e-05
1.9073e-06
4.5061e-05
4.0531e-06
3.6001e-05
9.5367e-07
3.6955e-05
3.0994e-06
3.6955e-05
9.5367e-07
4.2200e-05
3.8147e-06
3.7909e-05
6.9141e-06
1.1921e-06
1.9073e-06
3.7909e-05
1.1921e-06
4.6968e-05
9.5367e-07
3.6955e-05
3.8147e-06
3.6001e-05
9.5367e-07
3.6001e-05
9.5367e-07
3.6001e-05
8.8215e-06
9.5367e-07
2.5988e-05
9.5367e-07
9.5367e-07
3.8147e-05
9.5367e-07
3.8147e-05
9.5367e-07
3.7909e-05
8.1062e-06
9.5367e-07
9.5367e-07
3.6955e-05
1.4067e-05
3.7909e-05
1.1921e-06
3.6955e-05
4.6968e-05
0.0000e+00
9.5367e-07
3.7909e-05
3.8147e-06
1.1921e-06
9.5367e-07
3.7909e-05
1.9073e-06
3.7909e-05
2.1458e-06
3.6955e-05
3.0994e-06
3.7909e-05
1.9073e-06
3.6955e-05
2.8610e-06
3.6001e-05
4.1962e-05
0.0000e+00
3.0994e-06
0.0000e+00
9.5367e-07
3.8147e-05
9.5367e-07
4.6968e-05
2.1458e-06
3.6955e-05
9.5367e-07
3.7909e-05
6.1989e-05
9.5367e-07
1.9073e-06
4.0054e-05
9.5367e-07
3.7193e-05
9.5367e-07
3.7909e-05
2.1458e-06
3.7909e-05
5.0068e-06
0.0000e+00
2.5988e-05
9.5367e-07
1.9073e-06
3.6955e-05
6.3896e-05
0.0000e+00
1.1921e-06
3.8862e-05
5.1022e-05
3.7193e-05
9.5367e-07
3.6955e-05
9.5367e-07
3.6955e-05
6.7949e-05
0.0000e+00
1.1921e-06
3.6955e-05
1.9073e-06
4.4823e-05
1.1921e-06
3.7909e-05
1.1921e-06
3.7909e-05
9.5367e-07
3.7909e-05
5.9605e-06
1.1921e-06
1.1921e-06
3.6955e-05
9.5367e-07
3.6955e-05
3.8147e-06
3.6001e-05
8.5831e-05
9.5367e-07
9.5367e-07
5.0068e-05
1.9073e-06
3.9101e-05
0.0000e+00
4.1962e-05
9.5367e-07
3.7193e-05
6.9141e-06
9.5367e-07
1.1921e-06
3.7909e-05
4.0531e-06
0.0000e+00
1.9073e-06
3.8147e-05
1.9073e-06
3.8147e-05
4.7684e-06
0.0000e+00
2.8610e-06
3.8147e-05
9.5367e-07
3.6001e-05
5.9605e-06
9.5367e-07
9.5367e-07
3.8147e-05
2.1458e-06
3.6955e-05
5.4121e-05
9.5367e-07
9.5367e-07
3.7193e-05
9.5367e-07
3.7909e-05
1.9073e-06
3.6955e-05
2.2888e-05
3.7193e-05
2.1458e-06
3.6955e-05
2.1458e-06
3.6955e-05
3.0994e-06
3.6955e-05
1.9073e-06
3.7193e-05
4.0531e-06
3.9101e-05
3.8147e-06
4.7922e-05
1.9073e-06
3.7193e-05
9.5367e-07
3.8147e-05
3.0994e-06
3.6955e-05
2.1458e-06
3.6955e-05
6.9141e-06
0.0000e+00
3.8147e-06
0.0000e+00
9.5367e-07
3.7909e-05
5.0068e-06
3.8147e-05
1.7881e-05
4.5061e-05
9.5367e-07
3.6001e-05
4.0531e-06
3.6955e-05
1.1921e-06
3.6955e-05
3.8147e-06
3.6001e-05
1.9073e-06
3.6955e-05
3.0994e-06
9.5367e-07
9.5367e-07
3.9101e-05
4.2915e-05
1.1921e-06
9.5367e-07
3.6001e-05
9.5367e-07
4.0054e-05
1.9073e-06
3.6001e-05
1.9073e-06
3.6001e-05
9.5367e-07
3.7193e-05
9.5367e-07
3.6955e-05
4.0531e-06
3.7909e-05
2.1458e-06
4.6015e-05
2.1458e-06
3.6955e-05
9.5367e-07
3.6955e-05
9.0599e-06
0.0000e+00
4.8876e-05
9.5367e-07
9.5367e-07
3.6955e-05
9.5367e-07
3.6001e-05
1.9073e-06
3.8147e-05
3.6001e-05
9.5367e-07
3.0994e-06
0.0000e+00
2.1458e-06
3.7909e-05
9.5367e-07
3.6955e-05
1.9073e-06
3.8147e-05
1.5020e-05
3.6001e-05
9.5367e-07
3.7909e-05
5.0068e-06
9.5367e-07
1.9073e-06
3.7909e-05
8.6069e-05
1.1921e-06
1.1921e-06
4.6968e-05
2.1458e-06
3.8862e-05
1.9073e-06
3.7909e-05
9.5367e-07
3.8147e-05
9.5367e-07
3.7909e-05
1.1921e-06
3.7909e-05
9.5367e-07
3.8147e-05
9.5367e-07
3.6955e-05
2.1458e-06
4.6968e-05
1.9073e-06
3.7193e-05
2.6226e-05
9.5367e-07
0.0000e+00
3.6955e-05
1.0014e-05
1.1921e-06
1.1921e-06
3.6955e-05
9.5367e-07
3.7909e-05
3.4809e-05
3.6955e-05
9.5367e-07
4.1008e-05
1.9073e-06
3.8862e-05
9.5367e-07
3.6001e-05
9.5367e-07
3.6955e-05
1.9073e-06
3.6001e-05
1.9073e-06
3.6955e-05
1.9073e-06
3.6955e-05
4.0531e-06
0.0000e+00
9.5367e-07
3.7909e-05
1.9073e-06
3.9101e-05
2.1458e-06
3.6955e-05
9.5367e-07
3.6955e-05
9.5367e-07
3.6955e-05
4.0531e-06
9.5367e-07
3.0994e-06
0.0000e+00
1.9073e-06
3.7193e-05
1.9073e-06
3.8147e-05
4.0531e-06
1.1921e-06
9.5367e-07
3.7909e-05
9.5367e-07
3.4809e-05
9.5367e-07
3.6955e-05
1.9073e-06
3.7909e-05
1.9073e-06
4.1008e-05
2.1458e-06
3.9101e-05
9.5367e-07
3.6955e-05
2.1935e-05
0.0000e+00
9.5367e-07
3.6955e-05
2.1458e-06
3.7909e-05
9.5367e-07
3.6955e-05
1.9073e-06
3.7193e-05
1.9073e-06
3.6001e-05
1.9073e-06
3.6955e-05
1.9073e-06
3.8147e-05
9.5367e-07
4.6968e-05
2.1458e-06
3.8862e-05
2.1458e-06
3.6955e-05
9.5367e-07
3.6955e-05
9.5367e-07
3.6955e-05
2.1458e-06
3.6955e-05
4.0531e-06
0.0000e+00
9.5367e-07
3.9101e-05
3.4094e-05
0.0000e+00
1.1921e-06
3.8862e-05
5.0068e-06
3.6001e-05
4.0531e-06
0.0000e+00
1.9073e-06
3.9101e-05
2.8610e-06
9.5367e-07
9.5367e-07
3.9101e-05
9.5367e-07
3.7909e-05
1.1921e-06
3.7909e-05
1.9073e-06
4.8161e-05
1.9073e-06
3.9101e-05
1.9073e-06
3.7193e-05
9.5367e-07
3.6955e-05
2.1458e-06
3.6001e-05
9.5367e-07
3.8147e-05
9.5367e-07
3.6955e-05
5.9605e-06
0.0000e+00
9.5367e-07
3.7193e-05
1.1921e-06
3.6955e-05
9.5367e-07
3.6955e-05
2.3842e-05
3.8147e-05
9.5367e-07
3.6955e-05
2.1458e-06
3.7909e-05
9.5367e-07
4.1008e-05
9.5367e-07
3.6955e-05
9.5367e-07
4.9114e-05
1.9073e-06
3.8147e-05
1.9073e-06
3.6955e-05
2.1458e-06
3.7909e-05
1.9073e-06
3.6001e-05
9.5367e-07
3.6001e-05
9.5367e-07
3.6955e-05
9.5367e-07
3.6001e-05
1.9073e-06
3.8147e-05
1.9073e-06
3.6955e-05
3.0994e-06
9.5367e-07
9.5367e-07
3.8147e-05
3.6955e-05
0.0000e+00
2.1458e-06
3.8862e-05
1.1921e-06
3.6955e-05
9.5367e-07
3.7193e-05
1.9073e-06
4.6968e-05
1.5020e-05
0.0000e+00
6.1035e-05
9.5367e-07
1.0204e-04
0.0000e+00
4.0531e-06
0.0000e+00
2.1458e-06
3.7909e-05
9.5367e-07
3.6955e-05
9.5367e-07
3.6001e-05
2.1458e-06
3.6955e-05
9.5367e-07
3.6955e-05
9.5367e-07
4.9114e-05
9.5367e-07
3.6955e-05
4.0531e-06
1.1921e-06
2.8610e-06
1.1921e-06
6.8188e-05
9.5367e-07
9.5367e-07
3.8147e-05
1.0967e-05
9.5367e-07
3.8147e-05
0.0000e+00
9.5367e-07
3.8147e-05
9.5367e-07
3.6955e-05
1.1921e-05
4.6968e-05
1.9073e-06
3.7193e-05
5.0068e-06
1.1921e-06
6.9141e-05
9.5367e-07
9.5367e-07
3.8147e-05
9.5367e-07
3.6955e-05
9.5367e-07
3.7909e-05
2.1458e-06
3.6955e-05
1.9073e-06
3.6001e-05
1.9073e-06
3.8147e-05
3.5048e-05
0.0000e+00
9.5367e-07
3.8147e-05
1.9073e-06
3.6001e-05
4.0531e-06
9.5367e-07
0.0000e+00
3.7909e-05
9.5367e-07
3.7909e-05
1.9073e-06
3.9101e-05
9.5367e-07
4.6968e-05
1.9073e-06
3.8147e-05
1.9073e-06
3.6955e-05
2.1458e-06
3.5048e-05
9.5367e-07
3.6001e-05
1.1921e-06
4.0054e-05
1.9073e-06
3.6955e-05
2.1458e-06
3.6001e-05
2.1458e-06
3.7909e-05
2.1458e-06
3.8862e-05
5.0068e-06
0.0000e+00
0.0000e+00
3.6955e-05
9.5367e-07
3.6001e-05
4.1962e-05
9.5367e-07
9.5367e-07
3.6955e-05
5.0068e-06
3.6955e-05
9.5367e-07
4.6015e-05
5.0068e-06
0.0000e+00
9.5367e-07
3.6955e-05
1.9073e-06
3.6955e-05
1.9073e-06
3.5048e-05
1.1921e-06
3.7909e-05
9.5367e-07
3.7193e-05
1.9073e-06
3.6001e-05
5.0068e-06
0.0000e+00
9.5367e-07
4.8876e-05
1.9073e-06
3.7909e-05
4.6015e-05
3.6955e-05
1.9073e-06
3.8147e-05
5.0068e-06
9.5367e-07
9.5367e-07
3.8147e-05
2.8610e-06
3.6955e-05
5.9605e-06
3.6001e-05
1.3113e-05
4.6015e-05
9.5367e-07
3.7909e-05
3.5048e-05
4.0054e-05
9.5367e-07
3.8147e-05
2.1458e-06
3.6001e-05
1.0014e-05
0.0000e+00
9.5367e-07
3.6955e-05
4.0531e-06
0.0000e+00
9.5367e-07
3.6955e-05
9.5367e-07
3.7193e-05
9.5367e-07
3.6001e-05
4.0531e-06
3.9101e-05
3.8147e-06
0.0000e+00
4.4107e-05
0.0000e+00
5.0068e-06
3.9101e-05
9.5367e-07
3.8147e-05
9.5367e-07
3.8147e-05
4.2915e-05
9.5367e-07
5.8174e-05
0.0000e+00
9.5367e-07
3.9101e-05
9.5367e-07
3.7193e-05
1.1921e-06
3.7909e-05
9.5367e-07
3.6955e-05
1.9073e-06
3.6001e-05
3.5048e-05
3.6955e-05
9.5367e-07
3.7909e-05
2.1458e-06
3.8862e-05
2.1458e-06
3.6955e-05
1.9073e-06
3.6955e-05
1.9073e-06
3.6001e-05
1.9073e-06
3.7193e-05
1.9073e-06
3.7909e-05
2.1458e-06
4.1008e-05
9.5367e-07
4.8161e-05
1.9073e-06
3.7909e-05
1.9073e-06
3.8147e-05
1.1921e-06
3.6955e-05
4.0531e-06
9.5367e-07
9.5367e-07
3.7909e-05
9.5367e-07
3.7193e-05
1.9073e-06
3.6955e-05
2.1458e-06
4.7922e-05
1.9073e-06
3.7193e-05
2.1458e-06
3.6001e-05
1.9073e-06
3.7193e-05
2.1458e-06
3.6001e-05
9.5367e-07
3.7193e-05
9.5367e-07
3.6955e-05
1.9073e-06
3.6955e-05
1.1921e-06
4.6968e-05
9.5367e-07
3.8147e-05
9.5367e-07
3.6955e-05
9.5367e-07
4.1008e-05
1.9073e-06
3.6955e-05
2.1458e-06
3.6955e-05
1.9073e-06
3.6001e-05
1.1921e-06
3.6955e-05
9.5367e-07
3.8147e-05
1.9073e-06
3.6955e-05
2.1458e-06
3.8862e-05
2.1458e-06
3.6955e-05
4.0531e-06
0.0000e+00
9.5367e-07
3.7909e-05
9.5367e-07
3.6001e-05
4.0531e-06
1.1921e-06
1.1921e-06
4.5061e-05
4.1962e-05
9.5367e-07
3.0994e-06
0.0000e+00
0.0000e+00
3.8147e-05
7.8917e-05
0.0000e+00
3.0994e-06
9.5367e-07
9.5367e-07
3.6955e-05
1.1921e-06
3.7909e-05
4.0531e-06
9.5367e-07
9.5367e-07
3.8147e-05
1.9073e-06
4.6968e-05
2.1458e-06
3.6001e-05
1.9073e-06
3.6001e-05
9.5367e-07
3.6001e-05
9.5367e-07
3.6955e-05
9.5367e-07
3.6955e-05
1.9073e-06
3.6001e-05
9.5367e-07
3.6001e-05
2.8610e-06
3.6955e-05
9.5367e-07
3.6955e-05
9.5367e-07
3.6001e-05
3.8147e-06
0.0000e+00
9.5367e-07
3.6955e-05
4.6015e-05
3.6955e-05
1.9073e-06
3.6001e-05
2.1458e-06
3.6001e-05
3.8147e-06
9.5367e-07
9.5367e-07
4.0054e-05
9.5367e-07
3.7193e-05
9.5367e-07
3.6955e-05
1.9073e-06
3.6955e-05
1.9073e-06
3.8147e-05
1.9073e-06
3.6001e-05
1.1921e-06
3.6955e-05
9.5367e-07
5.5075e-05
9.5367e-07
3.6955e-05
1.9073e-06
3.6955e-05
2.1458e-06
3.6001e-05
1.9073e-06
3.6001e-05
9.5367e-07
3.7909e-05
1.1921e-06
3.6955e-05
1.9073e-06
3.7193e-05
1.1921e-06
3.8862e-05
9.5367e-07
3.7909e-05
4.0531e-06
0.0000e+00
3.0994e-06
3.7909e-05
3.0994e-06
3.6001e-05
1.0014e-05
3.6001e-05
5.0068e-06
3.6955e-05
1.7166e-05
4.1008e-05
1.9073e-06
3.6955e-05
1.1921e-06
3.6001e-05
9.5367e-07
3.7193e-05
9.5367e-07
3.7909e-05
2.1458e-06
3.6001e-05
2.1458e-06
3.7909e-05
1.9073e-06
3.6955e-05
1.2875e-05
3.7193e-05
2.1458e-06
3.6955e-05
1.9073e-06
3.7193e-05
2.8610e-06
9.5367e-07
5.9605e-06
3.8862e-05
3.0994e-06
3.6955e-05
4.0531e-06
3.7909e-05
4.0531e-06
3.7193e-05
9.5367e-07
3.6955e-05
5.0068e-06
0.0000e+00
1.4067e-05
9.5367e-07
5.0068e-06
3.6955e-05
1.6928e-05
0.0000e+00
3.1948e-05
3.6955e-05
1.1921e-06
3.8862e-05
2.1458e-06
3.6955e-05
1.9073e-06
3.7909e-05
1.2875e-05
0.0000e+00
3.9816e-05
4.7922e-05
1.9073e-06
3.7193e-05
1.9073e-06
3.7909e-05
9.5367e-07
3.6955e-05
1.9073e-06
3.8147e-05
1.9073e-06
3.6955e-05
4.0531e-06
0.0000e+00
3.0994e-06
3.7909e-05
1.7166e-05
9.5367e-07
3.1948e-05
0.0000e+00
3.7909e-05
3.7909e-05
1.9073e-06
3.7193e-05
1.0967e-05
0.0000e+00
4.1962e-05
3.7193e-05
1.9073e-06
4.2200e-05
1.2159e-05
3.6001e-05
5.0068e-06
3.6001e-05
5.0068e-06
4.6968e-05
2.1458e-06
3.7909e-05
2.1458e-06
3.6955e-05
9.5367e-07
3.7193e-05
7.8678e-06
9.5367e-07
2.8133e-05
3.6955e-05
1.4067e-05
3.6955e-05
1.9073e-06
3.6955e-05
9.5367e-07
3.6001e-05
2.1458e-06
3.7909e-05
1.9073e-06
3.6955e-05
9.5367e-07
3.6955e-05
2.1458e-06
3.6955e-05
1.9073e-06
3.7909e-05
1.9073e-06
3.7193e-05
9.5367e-07
3.8147e-05
1.1921e-06
5.2929e-05
2.1458e-06
3.6955e-05
1.9073e-06
3.6001e-05
2.1458e-06
3.7909e-05
9.5367e-07
3.6955e-05
2.1458e-06
3.6955e-05
5.0068e-06
0.0000e+00
3.6955e-05
3.8147e-05
9.5367e-07
4.6015e-05
9.5367e-07
3.7193e-05
1.9073e-06
3.6001e-05
1.9073e-06
3.6001e-05
1.9073e-06
3.9101e-05
1.9073e-06
3.6001e-05
2.1458e-06
3.9101e-05
1.9073e-06
3.6001e-05
2.1458e-06
3.8862e-05
3.7599e-04
9.5367e-07
3.7909e-05
3.8147e-05
9.5367e-07
3.6955e-05
1.1921e-06
3.6001e-05
1.9073e-06
3.8147e-05
2.1458e-06
3.6955e-05
4.0531e-06
9.5367e-07
1.9073e-05
4.6968e-05
2.1458e-06
3.6955e-05
1.9073e-06
3.6001e-05
2.1458e-06
3.6955e-05
9.5367e-07
3.7909e-05
1.9073e-06
3.8147e-05
1.9073e-06
3.6001e-05
4.0531e-06
0.0000e+00
1.1921e-06
3.6001e-05
2.1458e-06
3.6955e-05
9.5367e-07
3.6001e-05
9.5367e-07
3.6955e-05
9.5367e-07
3.6955e-05
1.9073e-06
3.7193e-05
9.5367e-07
3.6001e-05
4.0531e-06
0.0000e+00
9.5367e-07
3.6001e-05
9.5367e-07
3.7193e-05
1.9073e-06
3.6955e-05
4.0531e-06
9.5367e-07
1.9073e-05
3.6955e-05
4.0531e-06
3.8147e-05
3.8147e-06
1.1921e-06
2.3842e-05
3.6001e-05
1.4067e-05
3.9101e-05
1.9073e-06
4.6015e-05
2.1458e-06
3.7909e-05
2.9087e-05
9.5367e-07
4.0531e-06
3.7193e-05
2.8610e-06
0.0000e+00
4.0531e-06
4.1008e-05
1.1921e-06
3.6955e-05
1.9073e-06
3.7193e-05
1.4067e-05
3.8147e-05
5.0068e-06
4.8876e-05
4.0531e-06
0.0000e+00
2.7180e-05
3.7909e-05
4.6015e-05
9.5367e-07
2.8610e-06
1.1921e-06
9.5367e-07
3.6955e-05
2.1458e-06
3.6955e-05
2.6941e-05
3.7193e-05
5.9605e-06
3.6001e-05
2.8610e-06
4.6015e-05
9.5367e-07
3.6955e-05
1.1921e-06
3.6955e-05
9.5367e-07
3.6001e-05
3.8147e-06
9.5367e-07
2.7895e-05
3.8147e-05
1.9073e-06
3.8147e-05
1.5974e-05
9.5367e-07
4.1008e-05
0.0000e+00
3.0994e-06
5.0068e-05
2.4080e-05
0.0000e+00
8.1062e-06
0.0000e+00
3.7909e-05
3.8147e-05
1.9073e-06
3.6955e-05
2.1458e-06
3.6955e-05
4.0531e-06
0.0000e+00
1.4067e-05
3.7909e-05
2.1458e-06
3.7909e-05
1.1921e-06
4.6968e-05
1.9073e-06
3.8147e-05
9.5367e-07
3.6955e-05
1.1921e-06
3.6955e-05
4.0531e-06
0.0000e+00
9.5367e-07
3.8147e-05
8.1062e-06
3.6001e-05
1.0014e-05
4.0054e-05
2.8610e-06
3.6955e-05
9.5367e-07
4.1962e-05
9.5367e-07
3.6955e-05
1.9073e-06
3.6955e-05
1.1921e-06
3.6955e-05
1.9073e-06
3.6001e-05
1.4782e-05
9.5367e-07
3.6955e-05
3.7909e-05
2.1458e-06
3.6955e-05
4.2915e-05
0.0000e+00
3.6001e-05
3.9101e-05
1.9073e-06
3.6001e-05
1.1802e-04
3.6955e-05
4.0531e-06
3.6001e-05
1.2159e-05
3.7909e-05
1.3113e-05
0.0000e+00
3.6955e-05
2.2888e-05
9.5367e-07
3.4809e-05
2.1458e-06
2.1935e-05
1.2803e-04
2.1935e-05
2.5034e-05
2.2173e-05
2.4796e-05
0.0000e+00
4.1962e-05
2.0981e-05
0.0000e+00
2.2173e-05
2.2888e-05
2.2173e-05
2.3842e-05
2.9087e-05
1.7881e-05
2.2173e-05
2.5034e-05
0.0000e+00
4.4107e-05
2.1935e-05
2.1935e-05
2.2173e-05
2.7680e-04
0.0000e+00
2.8610e-06
1.1921e-06
9.5367e-07
2.5988e-05
9.5367e-07
2.1935e-05
1.1921e-06
2.8849e-05
1.0109e-04
2.3127e-05
3.3855e-05
2.1219e-05
2.5034e-05
2.1935e-05
2.4080e-05
2.1935e-05
2.3842e-05
2.0981e-05
3.6955e-05
9.5367e-07
4.4107e-05
2.2888e-05
2.1935e-05
2.1935e-05
1.4305e-04
2.3127e-05
2.2888e-05
2.2173e-05
2.2888e-05
2.0981e-05
2.9802e-05
2.0981e-05
2.5034e-05
0.0000e+00
5.6982e-05
2.2173e-05
2.6941e-05
0.0000e+00
4.1008e-05
2.3127e-05
2.4796e-05
0.0000e+00
3.6001e-05
2.2173e-05
2.2888e-05
0.0000e+00
4.3154e-05
2.1935e-05
2.2173e-05
2.1935e-05
3.3855e-05
2.1935e-05
2.1935e-05
2.0981e-05
1.1802e-04
0.0000e+00
0.0000e+00
2.1935e-05
3.0994e-05
2.6941e-05
2.0027e-05
2.1935e-05
2.2888e-05
2.0981e-05
1.4114e-04
2.1935e-05
4.1008e-05
2.1935e-05
9.5367e-07
2.2173e-05
1.0967e-05
2.1935e-05
3.9816e-04
2.1935e-05
1.7166e-05
2.2888e-05
2.4080e-05
2.0981e-05
2.4080e-05
2.0981e-05
2.1935e-05
2.2173e-05
2.1935e-05
2.0981e-05
3.6955e-05
0.0000e+00
4.8876e-05
2.6941e-05
6.0797e-05
2.2888e-05
1.6928e-05
2.3127e-05
2.6941e-05
2.0981e-05
2.9087e-05
2.0981e-05
2.8133e-05
2.0981e-05
4.6968e-05
2.2173e-05
2.8849e-05
2.0981e-05
9.5367e-07
2.0981e-05
0.0000e+00
3.0994e-05
9.5367e-07
2.2888e-05
2.5034e-05
2.3127e-05
2.8849e-05
0.0000e+00
4.5776e-05
2.1935e-05
2.6941e-05
2.0981e-05
3.7909e-05
2.0981e-05
9.5367e-07
2.0981e-05
1.7881e-05
2.1935e-05
2.0981e-05
2.2888e-05
2.5988e-05
2.1935e-05
3.2902e-05
2.5034e-05
9.5367e-07
2.0981e-05
1.3828e-05
0.0000e+00
4.6968e-05
2.1935e-05
4.1008e-05
2.0981e-05
2.6941e-05
2.0981e-05
1.9789e-05
2.3127e-05
2.6941e-05
2.0981e-05
5.8007e-04
0.0000e+00
2.9206e-04
0.0000e+00
9.5367e-07
2.3127e-05
1.6093e-04
2.2173e-05
3.9816e-05
2.2173e-05
2.8849e-05
0.0000e+00
5.5075e-05
0.0000e+00
4.6015e-05
3.0041e-05
1.8835e-05
2.1935e-05
2.6941e-05
2.2173e-05
2.7180e-05
2.0981e-05
2.6941e-05
2.1219e-05
4.0531e-06
0.0000e+00
5.2214e-05
2.5034e-05
2.2888e-05
2.0981e-05
1.1921e-06
2.8849e-05
8.1062e-06
2.3127e-05
2.8610e-06
0.0000e+00
3.2902e-05
2.1935e-05
1.1921e-06
2.0981e-05
1.9073e-05
2.0981e-05
4.0054e-05
2.1935e-05
2.9087e-05
2.0981e-05
2.9087e-05
0.0000e+00
4.6015e-05
2.8849e-05
1.8835e-05
2.2173e-05
2.6941e-05
0.0000e+00
4.6015e-05
2.2173e-05
7.5388e-04
2.2173e-05
4.3869e-05
2.2173e-05
1.1921e-06
2.0981e-05
9.5367e-07
2.0981e-05
9.5367e-07
2.8849e-05
9.5367e-07
2.1935e-05
3.0994e-06
0.0000e+00
6.9141e-06
2.1935e-05
2.8849e-05
2.2173e-05
2.6941e-05
2.1935e-05
2.7180e-05
2.0981e-05
3.3212e-04
2.1935e-05
2.9087e-05
3.0041e-05
7.3910e-05
0.0000e+00
9.5367e-07
2.3127e-05
1.8835e-05
2.2173e-05
0.0000e+00
2.0981e-05
1.5020e-05
0.0000e+00
6.9141e-06
2.1935e-05
4.1008e-05
0.0000e+00
4.8876e-05
2.3127e-05
6.3896e-05
2.8133e-05
2.0981e-05
2.2888e-05
9.5367e-07
2.0981e-05
1.7881e-05
2.0981e-05
1.0204e-04
2.7895e-05
1.1921e-05
1.1921e-06
1.3828e-05
4.2200e-05
5.9605e-06
0.0000e+00
9.5367e-07
4.0054e-05
4.0531e-06
1.1921e-05
1.9073e-06
4.1962e-05
2.1458e-06
4.1008e-05
1.9073e-06
4.0054e-05
2.4104e-04
4.1008e-05
2.8610e-06
3.9101e-05
1.9073e-06
4.0054e-05
1.9073e-06
4.0054e-05
3.6955e-05
5.1975e-05
2.1458e-06
4.0054e-05
1.9073e-06
4.5061e-05
2.8610e-06
4.1008e-05
6.9141e-06
3.9816e-05
2.1458e-06
3.9816e-05
2.1458e-06
4.0054e-05
5.0068e-06
0.0000e+00
1.1921e-06
5.1975e-05
1.9073e-06
4.0054e-05
3.0994e-06
4.1008e-05
2.1458e-06
3.8862e-05
3.0994e-06
3.8862e-05
2.1458e-06
4.0054e-05
2.1458e-06
4.0054e-05
5.0068e-06
0.0000e+00
9.5367e-07
5.1975e-05
2.8610e-06
3.9816e-05
2.1458e-06
3.9816e-05
2.1458e-06
4.0054e-05
5.0068e-06
0.0000e+00
9.5367e-07
4.0054e-05
1.9073e-06
3.9101e-05
1.9073e-06
4.4107e-05
2.8610e-06
3.3855e-05
1.7691e-04
2.2173e-05
3.8147e-06
0.0000e+00
3.2282e-04
1.1921e-06
9.5367e-07
2.1935e-05
0.0000e+00
2.2173e-05
9.5367e-07
2.1935e-05
1.9073e-06
0.0000e+00
4.0531e-06
2.1935e-05
9.5367e-07
2.7180e-05
5.0068e-06
0.0000e+00
1.0967e-05
2.3127e-05
9.0599e-06
2.0981e-05
4.9829e-05
0.0000e+00
9.5367e-07
2.1935e-05
9.5367e-07
2.2173e-05
1.9073e-06
2.5034e-05
2.1458e-06
0.0000e+00
2.2888e-05
0.0000e+00
4.6015e-05
0.0000e+00
9.5367e-07
2.4080e-05
1.2803e-04
2.1935e-05
2.5988e-05
2.0981e-05
9.5367e-07
2.1219e-05
1.2875e-05
2.0981e-05
9.5367e-07
2.1935e-05
2.5988e-05
2.1935e-05
2.3127e-05
2.7895e-05
1.6928e-05
2.1935e-05
2.4080e-05
2.0981e-05
2.5034e-05
2.0981e-05
2.5988e-05
2.1219e-05
2.5988e-05
2.1935e-05
7.5698e-04
2.2173e-05
2.5034e-05
2.0981e-05
9.5367e-07
2.2888e-05
1.2159e-05
0.0000e+00
3.0994e-06
2.1935e-05
2.7180e-05
9.5367e-07
4.4823e-05
2.1935e-05
2.9087e-05
0.0000e+00
2.7704e-04
0.0000e+00
0.0000e+00
2.2173e-05
2.8610e-06
0.0000e+00
1.1921e-06
2.0981e-05
0.0000e+00
2.1935e-05
9.5367e-07
2.1219e-05
6.4850e-05
2.0981e-05
2.4796e-05
2.2173e-05
2.2888e-05
2.0981e-05
3.4809e-05
2.2173e-05
2.5988e-05
2.1935e-05
9.5367e-07
2.6941e-05
8.8215e-06
2.1935e-05
9.5367e-07
2.1935e-05
1.1921e-06
2.1935e-05
5.3883e-05
0.0000e+00
1.9073e-06
0.0000e+00
3.4094e-05
2.1935e-05
3.4094e-05
2.1935e-05
3.0041e-05
2.0981e-05
9.5367e-07
3.1948e-05
4.9901e-04
2.0981e-05
9.5367e-07
2.0981e-05
9.5367e-07
2.1219e-05
1.9073e-06
0.0000e+00
5.9605e-06
2.0981e-05
9.5367e-07
2.1935e-05
1.0967e-05
2.0981e-05
9.5367e-07
2.9087e-05
2.0885e-04
0.0000e+00
0.0000e+00
2.3842e-05
8.2970e-05
0.0000e+00
2.0027e-05
2.1935e-05
2.1458e-06
9.5367e-07
1.9073e-05
2.1935e-05
7.0095e-05
2.1935e-05
1.0014e-05
2.1935e-05
0.0000e+00
2.8849e-05
6.9857e-05
0.0000e+00
1.1921e-06
2.2888e-05
6.6996e-05
2.0981e-05
9.5367e-07
2.1935e-05
9.5367e-07
2.2173e-05
1.1921e-06
2.0981e-05
9.5367e-07
2.2173e-05
0.0000e+00
2.6941e-05
1.1921e-06
2.1935e-05
0.0000e+00
2.0981e-05
3.1996e-04
2.1935e-05
3.0994e-06
2.2173e-05
2.1458e-06
2.1935e-05
9.5367e-07
2.0981e-05
8.8215e-06
2.1219e-05
4.7922e-05
2.3127e-05
4.0054e-05
2.1935e-05
1.5020e-05
0.0000e+00
1.1921e-05
0.0000e+00
1.9073e-05
2.1935e-05
1.1921e-06
2.1935e-05
8.7023e-05
0.0000e+00
9.5367e-07
2.2888e-05
9.5367e-07
2.2173e-05
9.5367e-07
2.8133e-05
8.5831e-05
2.0981e-05
5.0688e-04
2.1935e-05
9.5367e-07
2.1935e-05
1.5020e-05
2.0981e-05
6.2943e-05
2.2173e-05
4.3154e-05
9.5367e-07
4.0531e-06
2.1935e-05
1.1921e-06
2.8849e-05
1.5974e-05
2.1935e-05
2.5034e-05
2.1935e-05
2.3127e-05
2.1935e-05
2.5034e-05
2.0981e-05
2.3127e-05
2.1935e-05
9.5367e-07
2.1935e-05
1.5974e-05
2.1935e-05
1.9789e-05
2.3127e-05
3.2902e-05
2.1935e-05
2.5392e-04
0.0000e+00
1.5092e-04
0.0000e+00
0.0000e+00
2.3127e-05
9.5367e-07
2.0981e-05
0.0000e+00
2.0981e-05
0.0000e+00
2.0981e-05
2.8610e-06
0.0000e+00
9.5367e-07
2.3127e-05
5.0068e-06
9.5367e-07
3.0994e-06
2.0981e-05
2.5034e-05
2.1935e-05
2.5988e-05
0.0000e+00
4.4107e-05
2.1935e-05
1.1921e-06
2.0981e-05
2.2888e-04
2.3127e-05
6.8593e-04
1.1921e-06
9.5367e-07
3.1948e-05
6.6996e-05
0.0000e+00
1.1921e-06
2.2888e-05
3.0994e-06
9.5367e-07
9.5367e-07
2.5988e-05
9.5367e-07
2.2173e-05
9.5367e-07
2.1935e-05
9.5367e-07
2.1935e-05
1.2159e-05
2.1935e-05
1.9073e-06
2.2888e-05
1.1921e-06
2.1935e-05
9.5367e-07
2.0981e-05
4.1699e-04
9.5367e-07
2.1458e-06
0.0000e+00
5.0068e-06
2.1935e-05
0.0000e+00
2.1935e-05
9.0599e-06
2.0981e-05
9.5367e-07
2.7895e-05
9.5367e-07
2.2173e-05
9.5367e-07
2.0981e-05
9.5367e-07
2.0981e-05
1.1921e-06
2.0027e-05
0.0000e+00
2.0981e-05
6.9141e-06
2.2173e-05
2.8610e-06
2.5988e-05
1.4186e-04
9.5367e-07
1.9073e-06
3.9101e-05
9.5367e-07
3.6955e-05
3.0994e-06
9.5367e-07
3.2401e-04
0.0000e+00
9.5367e-07
3.7909e-05
9.5367e-07
3.6955e-05
1.1921e-06
3.6955e-05
6.9141e-06
9.5367e-07
6.1487e-02
