2.5320e-03
1.8599e-03
3.0994e-06
2.8610e-06
4.3154e-05
1.4901e-04
0.0000e+00
0.0000e+00
2.4080e-05
9.5367e-07
2.3127e-05
6.1035e-05
0.0000e+00
0.0000e+00
2.1935e-05
9.5367e-07
2.1935e-05
9.5367e-07
2.1935e-05
6.6042e-05
2.4080e-05
1.9073e-06
2.2173e-05
4.6015e-05
0.0000e+00
9.5367e-07
2.3127e-05
4.6015e-05
2.1935e-05
9.5367e-07
2.0981e-05
2.8610e-06
2.3127e-05
4.2915e-05
2.2173e-05
2.5988e-05
2.3127e-05
1.9073e-06
2.2173e-05
9.0599e-06
2.5034e-05
6.5088e-05
2.0981e-05
1.9073e-06
2.2173e-05
9.5367e-07
2.0981e-05
7.6056e-05
0.0000e+00
1.1921e-06
2.1935e-05
3.7909e-05
0.0000e+00
0.0000e+00
2.2888e-05
9.5367e-07
2.2173e-05
9.5367e-07
2.0981e-05
1.1921e-06
2.1935e-05
4.0531e-06
2.0981e-05
4.0531e-06
2.1935e-05
1.1921e-06
2.0981e-05
4.0531e-06
3.0994e-05
2.1505e-04
0.0000e+00
9.5367e-07
2.1935e-05
9.5367e-07
2.1935e-05
6.6209e-04
2.2888e-05
1.1921e-06
2.1935e-05
9.5367e-07
2.0981e-05
9.5367e-07
2.1935e-05
9.5367e-07
3.0041e-05
5.0068e-05
2.0981e-05
9.7036e-05
0.0000e+00
2.8610e-06
9.5367e-07
6.1989e-06
2.1935e-05
3.2902e-05
2.1935e-05
8.7976e-05
0.0000e+00
9.5367e-07
2.3127e-05
1.0014e-05
0.0000e+00
9.5367e-07
2.1935e-05
1.1921e-06
2.2888e-05
1.9073e-06
2.2173e-05
7.1597e-04
0.0000e+00
9.5367e-07
2.4080e-05
2.8610e-06
0.0000e+00
0.0000e+00
2.1935e-05
9.9897e-05
0.0000e+00
9.5367e-07
2.2888e-05
9.5367e-07
2.1935e-05
1.9073e-06
2.2888e-05
3.8147e-06
0.0000e+00
9.5367e-07
2.1935e-05
9.2030e-05
0.0000e+00
1.0014e-04
0.0000e+00
0.0000e+00
2.2173e-05
9.5367e-07
2.1935e-05
9.5367e-07
2.2173e-05
9.5367e-07
2.0981e-05
1.1921e-06
2.8849e-05
1.1921e-06
2.1935e-05
9.5367e-07
2.1935e-05
1.4186e-04
9.5367e-07
1.5974e-05
2.3127e-05
7.8678e-06
2.1935e-05
7.7009e-05
0.0000e+00
4.6968e-05
0.0000e+00
9.5367e-07
2.1935e-05
0.0000e+00
2.8849e-05
1.1921e-06
2.1935e-05
1.2994e-04
0.0000e+00
0.0000e+00
2.1935e-05
9.5367e-07
2.2173e-05
2.8610e-06
2.1935e-05
9.5367e-07
2.2173e-05
9.5844e-05
0.0000e+00
0.0000e+00
2.0981e-05
1.1921e-06
2.2888e-05
4.5061e-05
2.2888e-05
1.1921e-06
2.2888e-05
9.5367e-07
2.1935e-05
2.8133e-05
2.1935e-05
6.6996e-05
0.0000e+00
5.9843e-05
0.0000e+00
2.8610e-06
9.5367e-07
9.5367e-07
2.2173e-05
1.9073e-06
2.3127e-05
1.9073e-06
2.2173e-05
1.9073e-06
2.2173e-05
2.8610e-06
2.5988e-05
1.2398e-04
9.5367e-07
9.5367e-07
2.1935e-05
1.1921e-06
2.0981e-05
2.1935e-05
0.0000e+00
9.5367e-07
2.1935e-05
1.9073e-06
2.3127e-05
9.5367e-07
2.0981e-05
1.2898e-04
2.2173e-05
6.1989e-05
0.0000e+00
0.0000e+00
2.2173e-05
9.5367e-07
2.1935e-05
1.1921e-06
2.1935e-05
5.9605e-06
0.0000e+00
1.6713e-04
0.0000e+00
9.5367e-07
2.4080e-05
5.2929e-05
9.5367e-07
1.1921e-06
2.1935e-05
9.5367e-07
2.1935e-05
1.1921e-06
2.5034e-05
9.5367e-07
2.1935e-05
1.1921e-06
2.0981e-05
1.7595e-04
2.0981e-05
9.5367e-07
2.2888e-05
9.5367e-07
2.0981e-05
2.1458e-06
2.0981e-05
1.4400e-04
0.0000e+00
1.1921e-06
2.1935e-05
2.5034e-05
2.1935e-05
1.0014e-05
2.2173e-05
9.5367e-07
2.0981e-05
2.1458e-06
2.9802e-05
6.4850e-05
0.0000e+00
7.0095e-05
0.0000e+00
2.1458e-06
0.0000e+00
9.5367e-07
2.2888e-05
1.1921e-06
2.0981e-05
9.5367e-07
2.2173e-05
9.5367e-07
2.1935e-05
1.6403e-04
9.5367e-07
1.1921e-06
2.1935e-05
1.9073e-06
2.2888e-05
3.5048e-05
2.2173e-05
2.3842e-05
0.0000e+00
5.7936e-05
0.0000e+00
0.0000e+00
2.1935e-05
9.5367e-07
2.0981e-05
6.9141e-06
2.1935e-05
2.1458e-06
2.1935e-05
1.9073e-06
2.9087e-05
1.9073e-06
2.2173e-05
9.5367e-07
2.0981e-05
9.5367e-07
2.2173e-05
9.5367e-07
2.0981e-05
2.3818e-04
0.0000e+00
0.0000e+00
2.1935e-05
0.0000e+00
2.0981e-05
0.0000e+00
2.8133e-05
5.9605e-06
0.0000e+00
9.5367e-07
2.1935e-05
9.5367e-07
2.0981e-05
9.5367e-07
2.0981e-05
1.4687e-04
2.1935e-05
7.8678e-06
2.1935e-05
2.1458e-06
2.1935e-05
3.0994e-05
2.1935e-05
9.5367e-07
2.3127e-05
9.5367e-07
2.0981e-05
1.1921e-06
2.1935e-05
1.3185e-04
0.0000e+00
9.5367e-07
2.1935e-05
9.5367e-07
2.2173e-05
9.5367e-07
2.0981e-05
0.0000e+00
2.0981e-05
1.4067e-05
0.0000e+00
0.0000e+00
2.2173e-05
9.5367e-07
2.0981e-05
9.5367e-07
2.0981e-05
0.0000e+00
2.0981e-05
9.5367e-07
2.1935e-05
9.5367e-07
2.0981e-05
1.8191e-04
2.2173e-05
1.9073e-06
2.3127e-05
9.5367e-07
2.2173e-05
9.1791e-05
2.1935e-05
3.0994e-05
2.1935e-05
6.4135e-05
0.0000e+00
9.5367e-07
2.2888e-05
9.5367e-07
2.1219e-05
5.6982e-05
2.1935e-05
2.1458e-06
2.1935e-05
1.1921e-06
2.1935e-05
2.6941e-05
2.2173e-05
9.5367e-07
2.1935e-05
9.5367e-07
2.2173e-05
9.5367e-07
2.0981e-05
5.0068e-05
2.1935e-05
3.0994e-06
0.0000e+00
1.1802e-04
9.5367e-07
9.5367e-07
2.3127e-05
9.5367e-07
2.0981e-05
4.5061e-05
0.0000e+00
1.1706e-04
0.0000e+00
0.0000e+00
2.2173e-05
9.5367e-07
2.0981e-05
9.5367e-07
2.0981e-05
9.5367e-07
2.0981e-05
9.5367e-07
2.9087e-05
1.9073e-06
2.1935e-05
1.1921e-06
2.1935e-05
9.5367e-07
2.0981e-05
4.0531e-06
2.1935e-05
9.5367e-07
2.1935e-05
1.9073e-06
2.0981e-05
9.5367e-07
2.0981e-05
2.1458e-06
2.1935e-05
2.1458e-06
2.1935e-05
3.0994e-06
2.1935e-05
3.3712e-04
9.5367e-07
3.0994e-06
0.0000e+00
0.0000e+00
2.3127e-05
3.8147e-06
0.0000e+00
1.1921e-06
2.1935e-05
8.0109e-05
9.5367e-07
9.5367e-07
2.2173e-05
9.5367e-07
2.2888e-05
9.5367e-07
2.1935e-05
1.1921e-06
2.1935e-05
9.5367e-07
2.1935e-05
8.9169e-05
2.1935e-05
1.0014e-05
2.2173e-05
1.0085e-04
9.5367e-07
1.1921e-06
2.2888e-05
7.8917e-05
0.0000e+00
8.1062e-06
9.5367e-07
9.5367e-07
2.3127e-05
9.5367e-07
2.1935e-05
5.1975e-05
0.0000e+00
1.1921e-06
2.1935e-05
9.5367e-07
2.0981e-05
1.1921e-06
2.1935e-05
9.5367e-07
2.5034e-05
9.5367e-07
2.2888e-05
6.0797e-05
2.2173e-05
9.5367e-07
2.1935e-05
1.1921e-06
2.1935e-05
9.0599e-06
2.0981e-05
9.5367e-07
2.0981e-05
9.5367e-07
2.0981e-05
1.9193e-04
0.0000e+00
9.5367e-07
2.3127e-05
9.5367e-07
2.0981e-05
9.5367e-07
2.1935e-05
6.0081e-05
2.0981e-05
9.0599e-06
2.0981e-05
9.5367e-07
2.0981e-05
9.5367e-07
2.0981e-05
7.6056e-05
2.8849e-05
2.1458e-06
2.0981e-05
9.5367e-07
2.2173e-05
5.5790e-05
2.5988e-05
9.5367e-07
2.0981e-05
4.5061e-05
9.5367e-07
9.5367e-07
2.2173e-05
8.0824e-05
9.5367e-07
9.5367e-07
2.2888e-05
2.2888e-05
0.0000e+00
9.5367e-07
2.2888e-05
0.0000e+00
2.0981e-05
8.6069e-05
0.0000e+00
7.8678e-06
0.0000e+00
0.0000e+00
2.2888e-05
9.5367e-07
2.0981e-05
0.0000e+00
2.0981e-05
8.2016e-05
2.1219e-05
9.5367e-07
2.2173e-05
9.5367e-07
2.1935e-05
1.1921e-06
2.1935e-05
9.5367e-07
2.0981e-05
1.1921e-06
2.0981e-05
2.0003e-04
9.5367e-07
2.5988e-05
9.5367e-07
4.5061e-05
0.0000e+00
0.0000e+00
2.1935e-05
0.0000e+00
3.0041e-05
1.9073e-06
2.2173e-05
0.0000e+00
2.0981e-05
9.5367e-07
2.1219e-05
9.5367e-07
2.0981e-05
0.0000e+00
2.0981e-05
9.5367e-07
2.0981e-05
9.5367e-07
2.0981e-05
9.5367e-07
2.2888e-05
9.5367e-07
2.2173e-05
9.5367e-07
2.0027e-05
2.7895e-04
0.0000e+00
2.0981e-05
2.0981e-05
9.5367e-07
2.2173e-05
2.4080e-05
2.0981e-05
9.5367e-07
2.0981e-05
2.1458e-06
2.2888e-05
9.5367e-07
2.1219e-05
9.5367e-07
2.1935e-05
1.3804e-04
9.5367e-07
1.9073e-05
2.2173e-05
9.5367e-07
2.1935e-05
9.5367e-07
2.0981e-05
9.5367e-07
2.0981e-05
2.1458e-06
2.1935e-05
0.0000e+00
2.1935e-05
9.5367e-07
2.1935e-05
0.0000e+00
2.0981e-05
9.5367e-07
2.0981e-05
2.0719e-04
2.1935e-05
9.5367e-07
2.0981e-05
3.8862e-05
0.0000e+00
0.0000e+00
2.8849e-05
9.5367e-07
2.1935e-05
9.5367e-07
2.2173e-05
9.5367e-07
2.0981e-05
9.5367e-07
2.2173e-05
1.5903e-04
0.0000e+00
9.5367e-07
2.3127e-05
9.5367e-07
2.1935e-05
1.1921e-06
3.0994e-05
2.7895e-05
2.1935e-05
1.1921e-06
2.1935e-05
8.1062e-06
2.0981e-05
9.5367e-07
2.0981e-05
9.5367e-07
2.0981e-05
9.5367e-07
2.0981e-05
7.7009e-05
2.0981e-05
9.5367e-07
2.3127e-05
9.5367e-07
2.1935e-05
1.1706e-04
2.2173e-05
1.2875e-05
2.1935e-05
7.8678e-06
2.1935e-05
2.1458e-06
2.1935e-05
1.7881e-05
2.2173e-05
1.9073e-06
2.8133e-05
9.5367e-07
2.1935e-05
3.5048e-05
0.0000e+00
9.5367e-07
2.1935e-05
9.5367e-07
2.2173e-05
1.5593e-04
9.5367e-07
4.1962e-05
0.0000e+00
0.0000e+00
2.1935e-05
9.5367e-07
2.0981e-05
9.5367e-07
3.0041e-05
9.5367e-07
2.1935e-05
9.5367e-07
2.0981e-05
0.0000e+00
2.0981e-05
2.1458e-06
2.0981e-05
2.2793e-04
1.1921e-06
1.1921e-06
2.1935e-05
9.5367e-07
2.2173e-05
9.5367e-07
2.1935e-05
9.5367e-07
2.2888e-05
1.1921e-06
2.0981e-05
9.5367e-07
2.1935e-05
9.5367e-07
2.2173e-05
9.5367e-07
2.0981e-05
0.0000e+00
2.0981e-05
1.1921e-06
2.1935e-05
1.4305e-04
3.0041e-05
9.5367e-07
2.0981e-05
9.8944e-05
2.1935e-05
9.5367e-07
2.0981e-05
1.0014e-05
2.0981e-05
6.5804e-05
9.5367e-07
9.5367e-07
2.2888e-05
7.7009e-05
1.1921e-06
8.8215e-06
0.0000e+00
1.1396e-04
0.0000e+00
9.5367e-07
2.2888e-05
3.2187e-05
9.5367e-07
9.5367e-07
2.3127e-05
2.0981e-05
2.0981e-05
3.0041e-05
0.0000e+00
9.5367e-07
2.1935e-05
6.7949e-05
9.5367e-07
9.5367e-07
2.1935e-05
7.4863e-05
0.0000e+00
1.1921e-06
2.1935e-05
9.5367e-07
2.1935e-05
1.1921e-06
2.0981e-05
6.1989e-05
9.5367e-07
4.4107e-05
0.0000e+00
0.0000e+00
2.2173e-05
0.0000e+00
2.0981e-05
9.5367e-07
2.1219e-05
9.5367e-07
2.1935e-05
1.4496e-04
0.0000e+00
9.5367e-07
2.3127e-05
1.6928e-05
0.0000e+00
1.4901e-04
9.5367e-07
1.1921e-06
2.1935e-05
9.5367e-07
2.0981e-05
0.0000e+00
2.0981e-05
9.5367e-07
2.0981e-05
7.2956e-05
0.0000e+00
0.0000e+00
2.1935e-05
2.2888e-05
0.0000e+00
1.1921e-06
2.2888e-05
9.5367e-07
2.1935e-05
4.3154e-05
2.0981e-05
2.1458e-06
0.0000e+00
1.1802e-04
0.0000e+00
1.9073e-06
0.0000e+00
5.9605e-06
2.1935e-05
1.1921e-06
2.0981e-05
9.0599e-06
2.1935e-05
9.5367e-07
2.1935e-05
1.6379e-04
0.0000e+00
0.0000e+00
2.1935e-05
9.5367e-07
2.1219e-05
9.5367e-07
2.1935e-05
3.5048e-05
2.1935e-05
4.9114e-05
2.0981e-05
1.1921e-06
2.1935e-05
2.8133e-05
0.0000e+00
9.5367e-07
2.1935e-05
2.2888e-05
2.1935e-05
9.0599e-06
2.0981e-05
3.0994e-06
2.0981e-05
6.8188e-05
0.0000e+00
0.0000e+00
2.1935e-05
1.9288e-04
0.0000e+00
1.1921e-06
2.1935e-05
1.1921e-06
2.2888e-05
3.0994e-06
0.0000e+00
1.0014e-05
0.0000e+00
0.0000e+00
2.1935e-05
2.6941e-05
2.3127e-05
9.5367e-07
2.0981e-05
1.1921e-06
2.1935e-05
3.0041e-05
2.1935e-05
1.1110e-04
2.8849e-05
5.9605e-06
2.1935e-05
1.9073e-06
2.2173e-05
1.0800e-04
9.5367e-07
9.5367e-07
2.0981e-05
1.1921e-06
2.1935e-05
9.5367e-07
2.1935e-05
1.9073e-06
2.1935e-05
1.9073e-06
2.9087e-05
1.9073e-06
2.2173e-05
9.5367e-07
2.1935e-05
9.5367e-07
2.0981e-05
9.5367e-07
2.1935e-05
1.1921e-06
2.0981e-05
1.4496e-04
2.1935e-05
2.1458e-06
0.0000e+00
9.5367e-07
2.2173e-05
9.5367e-07
2.1935e-05
9.5367e-07
2.0981e-05
9.5367e-07
2.0981e-05
9.5367e-07
2.2173e-05
9.5367e-07
2.0981e-05
9.5367e-07
2.0981e-05
2.1982e-04
2.2173e-05
9.5367e-07
3.0041e-05
1.9073e-06
2.1935e-05
0.0000e+00
2.1935e-05
9.5367e-07
2.1935e-05
1.1921e-06
2.5988e-05
6.1989e-05
2.1935e-05
0.0000e+00
2.0981e-05
0.0000e+00
3.0994e-05
9.5367e-07
5.0068e-05
2.1458e-06
3.7909e-05
9.5367e-07
3.7909e-05
2.1458e-06
3.6955e-05
1.9073e-06
3.8862e-05
1.1921e-06
3.6955e-05
4.0531e-06
3.7909e-05
2.8610e-06
3.9101e-05
1.9073e-05
9.5367e-07
1.1921e-05
3.9816e-05
3.8147e-06
0.0000e+00
9.5367e-07
3.7909e-05
1.1587e-04
0.0000e+00
2.1458e-06
3.7909e-05
1.1921e-06
3.7909e-05
1.1921e-06
3.8862e-05
9.5367e-07
3.7909e-05
2.8610e-06
4.0770e-05
3.0994e-06
3.8147e-05
1.9073e-06
3.8147e-05
2.8610e-06
3.8862e-05
1.1921e-06
3.7909e-05
9.5367e-07
3.7909e-05
2.1458e-06
3.6955e-05
1.9073e-06
3.6955e-05
3.8147e-06
3.9101e-05
4.0531e-06
3.8147e-05
4.0531e-06
9.5367e-07
2.1458e-06
3.7909e-05
2.1458e-06
3.6955e-05
3.0994e-06
3.6955e-05
1.9073e-06
3.6955e-05
5.0068e-06
0.0000e+00
1.9073e-06
4.9114e-05
9.5367e-07
4.4107e-05
4.0531e-06
0.0000e+00
3.0994e-06
3.8862e-05
9.5367e-07
3.8147e-05
1.9073e-06
3.7193e-05
1.9073e-06
3.6955e-05
1.9073e-06
3.6955e-05
2.1458e-06
4.7922e-05
1.9073e-06
4.1008e-05
1.9073e-06
3.7909e-05
4.0531e-06
0.0000e+00
1.1921e-06
3.6955e-05
2.1458e-06
3.6955e-05
4.0531e-06
9.5367e-07
1.1921e-06
3.7909e-05
7.7009e-05
0.0000e+00
9.5367e-07
5.0068e-05
1.9073e-06
3.9101e-05
9.5367e-07
3.9101e-05
9.5367e-07
3.7193e-05
1.9073e-06
3.6955e-05
2.8610e-06
4.0054e-05
5.0068e-06
3.8147e-05
2.8610e-06
3.8147e-05
2.1458e-06
3.7909e-05
2.1458e-06
3.8862e-05
9.5367e-07
3.9101e-05
1.9073e-06
3.7909e-05
9.5367e-07
3.9101e-05
1.9073e-06
3.7909e-05
9.5367e-07
3.6955e-05
2.1458e-06
4.6015e-05
1.0014e-05
0.0000e+00
1.1921e-06
3.6001e-05
1.9073e-06
3.9816e-05
2.1458e-06
3.9101e-05
1.9073e-06
3.7193e-05
9.5367e-07
3.7909e-05
9.5367e-07
3.7909e-05
2.1458e-06
3.6955e-05
9.0599e-06
3.9816e-05
1.9073e-06
3.8147e-05
9.5367e-07
3.6955e-05
1.1921e-06
3.7909e-05
9.5367e-07
3.6955e-05
2.1458e-06
3.6955e-05
3.0994e-06
3.6955e-05
2.1458e-06
4.8876e-05
1.9073e-06
3.6955e-05
5.0068e-06
9.5367e-07
9.5367e-07
3.8862e-05
1.1921e-06
3.6955e-05
1.1921e-06
3.6955e-05
1.9073e-06
3.7909e-05
1.1921e-06
3.7909e-05
2.1458e-06
4.7922e-05
2.1458e-06
3.8862e-05
1.9073e-06
3.8147e-05
4.3392e-04
0.0000e+00
1.9073e-06
4.0054e-05
4.0531e-06
9.5367e-07
9.5367e-07
3.8147e-05
9.5367e-07
3.7193e-05
9.5367e-07
3.6955e-05
1.9073e-06
3.8147e-05
9.5367e-07
3.6955e-05
9.5367e-07
3.9101e-05
3.8147e-06
9.5367e-07
9.5367e-07
3.8147e-05
9.5367e-07
3.7909e-05
2.1458e-06
3.8862e-05
2.1458e-06
3.6955e-05
3.0994e-06
1.5020e-05
2.1458e-06
4.0054e-05
9.5367e-07
3.6955e-05
3.8147e-06
1.1921e-06
2.8610e-06
3.6955e-05
1.9073e-06
3.9101e-05
6.1035e-05
0.0000e+00
3.8147e-06
0.0000e+00
9.5367e-07
3.7909e-05
9.5367e-07
3.8147e-05
1.9073e-06
3.8147e-05
9.5367e-07
3.8147e-05
2.1458e-06
3.7909e-05
2.1458e-06
3.7909e-05
9.5367e-07
3.6955e-05
2.5988e-05
9.5367e-07
9.5367e-07
3.8147e-05
9.5367e-07
3.7193e-05
3.0994e-05
9.5367e-07
1.9073e-06
4.0054e-05
1.1921e-06
3.7909e-05
7.1526e-06
4.0054e-05
6.9141e-06
0.0000e+00
3.3855e-05
1.1921e-06
9.5367e-07
3.9101e-05
9.5367e-07
3.9101e-05
1.9073e-06
3.8147e-05
1.9073e-06
4.0054e-05
2.1458e-06
3.8862e-05
2.1458e-06
3.6955e-05
5.0068e-06
9.5367e-07
2.1458e-06
3.7909e-05
2.1458e-06
3.7909e-05
4.0531e-06
3.7909e-05
1.9073e-06
3.6955e-05
1.8835e-05
4.0054e-05
1.1921e-06
3.6955e-05
9.5367e-07
3.8147e-05
2.2888e-05
0.0000e+00
9.5367e-07
3.8147e-05
9.5367e-07
3.7193e-05
5.9605e-06
4.5061e-05
9.5367e-07
3.8147e-05
1.9073e-06
4.9114e-05
1.9073e-06
3.8862e-05
5.0068e-06
0.0000e+00
9.5367e-07
3.9101e-05
1.9073e-06
3.7193e-05
9.5367e-07
3.7193e-05
9.5367e-07
3.8147e-05
3.8147e-06
0.0000e+00
9.5367e-07
3.8147e-05
1.9073e-06
3.6955e-05
9.5367e-07
3.6955e-05
1.0014e-05
9.5367e-07
4.0531e-06
0.0000e+00
9.5367e-07
3.7909e-05
2.1458e-06
3.7909e-05
2.1458e-06
3.6955e-05
2.1458e-06
3.6955e-05
2.5988e-05
4.9114e-05
2.1458e-06
3.7909e-05
3.0994e-06
3.8862e-05
9.5367e-07
3.6955e-05
2.1458e-06
3.6955e-05
2.1458e-06
3.8862e-05
1.9073e-06
3.7909e-05
1.9073e-06
4.0054e-05
1.9073e-06
5.0068e-05
2.1458e-06
3.7909e-05
2.1458e-06
3.6955e-05
8.2970e-05
9.5367e-07
1.9073e-06
3.8147e-05
9.5367e-07
3.8147e-05
9.5367e-07
3.6955e-05
1.1921e-04
3.8862e-05
9.5367e-07
4.6968e-05
2.1458e-06
4.4823e-05
1.9073e-06
3.8147e-05
2.8610e-06
9.5367e-07
1.1921e-05
0.0000e+00
1.8001e-04
1.1921e-06
9.5367e-07
3.9101e-05
9.5367e-07
3.8147e-05
1.9073e-06
3.6955e-05
5.0068e-06
0.0000e+00
1.9073e-06
3.7193e-05
1.9073e-06
3.8147e-05
1.9073e-06
3.9101e-05
1.9073e-06
3.9101e-05
9.5367e-07
3.8862e-05
2.1458e-06
3.7909e-05
1.9073e-06
3.8147e-05
1.9073e-06
3.6001e-05
2.1458e-06
3.7909e-05
2.1458e-06
4.4107e-05
9.5367e-07
3.6955e-05
2.1458e-06
3.6955e-05
2.0099e-04
9.5367e-07
4.7922e-05
3.9101e-05
9.5367e-07
3.7909e-05
4.0531e-06
9.5367e-07
3.6955e-05
4.7922e-05
1.9073e-06
3.8862e-05
2.1458e-06
3.7909e-05
1.6499e-04
9.5367e-07
9.5367e-07
3.9101e-05
9.5367e-07
3.8147e-05
1.9073e-06
4.4107e-05
1.9073e-06
3.6955e-05
1.9073e-06
5.2214e-05
1.9073e-06
3.9101e-05
9.5367e-07
3.7193e-05
1.9073e-06
3.7909e-05
1.9073e-06
3.8147e-05
1.9073e-06
3.6955e-05
9.5367e-07
3.7909e-05
2.1458e-06
3.6955e-05
2.1458e-06
4.7922e-05
1.9073e-06
3.6955e-05
1.9073e-06
3.6955e-05
1.9073e-06
3.6955e-05
9.7990e-05
9.5367e-07
2.1458e-06
3.8862e-05
1.9073e-06
3.7909e-05
1.5497e-04
9.5367e-07
9.5367e-07
3.7909e-05
5.0068e-06
0.0000e+00
9.5367e-07
3.8147e-05
4.1294e-04
0.0000e+00
1.1921e-06
3.8862e-05
9.5367e-07
3.7909e-05
1.1921e-06
3.7909e-05
1.1921e-06
3.6955e-05
1.9073e-06
3.6955e-05
9.5367e-07
4.7922e-05
2.1458e-06
4.5061e-05
1.9073e-06
7.7963e-05
5.9605e-06
4.4107e-05
2.8610e-06
4.2200e-05
1.9073e-06
4.1962e-05
3.0994e-06
4.1962e-05
2.1458e-06
4.1008e-05
2.8610e-06
4.3154e-05
6.9141e-06
9.5367e-07
3.8147e-06
0.0000e+00
4.4823e-05
0.0000e+00
9.5367e-07
4.4107e-05
2.8610e-06
4.1008e-05
3.0994e-06
4.1008e-05
1.9073e-06
4.1008e-05
2.8610e-06
4.1008e-05
6.1989e-06
9.5367e-07
9.5367e-07
4.2200e-05
2.8610e-06
4.0054e-05
2.1458e-06
4.1008e-05
1.9073e-06
4.5776e-05
5.0068e-06
0.0000e+00
1.9073e-06
4.1008e-05
3.0994e-06
4.1008e-05
1.9073e-06
5.4836e-05
3.0994e-06
4.1008e-05
2.1458e-06
4.1008e-05
1.9073e-06
4.2200e-05
2.8610e-06
4.0054e-05
2.1458e-06
4.0054e-05
1.9073e-06
4.0054e-05
9.2602e-04
0.0000e+00
1.9073e-06
5.4121e-05
1.9073e-06
4.2200e-05
1.9073e-06
4.3154e-05
1.9073e-06
4.1008e-05
3.0994e-06
4.0054e-05
2.8610e-06
4.1008e-05
1.9073e-06
4.1008e-05
3.0994e-06
4.0054e-05
5.9605e-06
1.0967e-05
3.0994e-06
4.6968e-05
3.0994e-06
3.9816e-05
6.1989e-06
9.5367e-07
1.9073e-06
4.1962e-05
6.1989e-06
9.5367e-07
9.5367e-07
4.1962e-05
5.0068e-06
9.5367e-07
2.8610e-06
4.1962e-05
3.0994e-06
4.1008e-05
3.0994e-06
4.1008e-05
1.9073e-06
4.1962e-05
2.8610e-06
4.1008e-05
3.0994e-06
4.1008e-05
1.9073e-06
4.0054e-05
2.1458e-06
4.0054e-05
1.9073e-06
4.1008e-05
7.3004e-04
5.6028e-05
1.0014e-05
0.0000e+00
3.0994e-06
9.5367e-07
3.0994e-06
9.5367e-07
9.5367e-07
4.3154e-05
5.0068e-06
9.5367e-07
2.9087e-05
0.0000e+00
9.5367e-07
4.1962e-05
1.9073e-06
4.1008e-05
3.0994e-06
4.1008e-05
2.1458e-06
5.2929e-05
2.9516e-04
4.2915e-05
3.0994e-06
4.0054e-05
2.8610e-06
4.0054e-05
2.1458e-06
4.0054e-05
5.0068e-06
0.0000e+00
9.5367e-07
4.1008e-05
5.0068e-06
0.0000e+00
9.5367e-07
4.1008e-05
3.0994e-06
4.2200e-05
8.0109e-05
1.1921e-06
1.9073e-06
4.1962e-05
9.0599e-06
0.0000e+00
9.5367e-07
4.2915e-05
1.1611e-04
9.5367e-07
9.5367e-07
3.8862e-05
1.1921e-06
2.0981e-05
9.5367e-07
2.2173e-05
1.1921e-06
3.2902e-05
9.5367e-07
2.2173e-05
9.5367e-07
2.1935e-05
5.0068e-06
9.5367e-07
9.5367e-07
2.2173e-05
0.0000e+00
2.0981e-05
3.5810e-04
9.5367e-07
2.0027e-05
2.1935e-05
9.5367e-07
2.1935e-05
9.5367e-07
2.1935e-05
1.2112e-04
2.0981e-05
2.1458e-06
2.1935e-05
1.9073e-06
2.0981e-05
9.0599e-06
2.1935e-05
1.0800e-04
2.0981e-05
9.5367e-07
2.0981e-05
5.1022e-05
0.0000e+00
9.5367e-07
2.3127e-05
2.0981e-05
0.0000e+00
0.0000e+00
2.1935e-05
9.5367e-07
2.1935e-05
9.5367e-07
2.2173e-05
9.5367e-07
2.0981e-05
9.5367e-07
1.9789e-05
9.5367e-07
2.1935e-05
9.5367e-07
2.3127e-05
9.5367e-07
2.0981e-05
9.5367e-07
2.2173e-05
1.6880e-04
0.0000e+00
1.5020e-05
2.0981e-05
8.1062e-06
2.1935e-05
9.5367e-07
2.0981e-05
1.9073e-06
2.1935e-05
9.5367e-07
2.2888e-05
1.1921e-06
2.1935e-05
3.5691e-04
2.2173e-05
9.5367e-07
2.0981e-05
1.1921e-06
2.0981e-05
9.0599e-06
2.1935e-05
1.9073e-06
2.0981e-05
9.5367e-07
2.9087e-05
9.5367e-07
2.1935e-05
2.4819e-04
2.1935e-05
9.5367e-07
2.2173e-05
9.5367e-07
2.0981e-05
9.5367e-07
2.0981e-05
4.4823e-05
1.1921e-06
1.1921e-06
2.2888e-05
9.5367e-07
3.3855e-05
1.9073e-06
2.2173e-05
1.9073e-06
0.0000e+00
1.0014e-05
2.7895e-05
2.1458e-06
3.7909e-05
4.0531e-06
1.1921e-06
1.4400e-04
0.0000e+00
9.5367e-07
3.9816e-05
3.8147e-06
0.0000e+00
9.5367e-07
4.0054e-05
4.0531e-06
1.1921e-05
9.5367e-07
4.1008e-05
1.9073e-06
3.7193e-05
2.1458e-06
3.7909e-05
2.1458e-06
3.7909e-05
2.1458e-06
3.9101e-05
1.9073e-06
3.8147e-05
2.8610e-06
4.0054e-05
7.6103e-04
9.5367e-07
1.9073e-06
4.1008e-05
3.8147e-06
0.0000e+00
2.8610e-06
1.1921e-06
5.0068e-06
3.8862e-05
4.1008e-05
9.5367e-07
1.9073e-06
4.0054e-05
9.5367e-07
3.7909e-05
2.1458e-06
3.9816e-05
2.1458e-06
3.7909e-05
1.9073e-06
4.0054e-05
2.1458e-06
3.8862e-05
2.1458e-06
3.7909e-05
2.1458e-06
3.9101e-05
1.9073e-06
3.8147e-05
1.0991e-04
3.9101e-05
1.9073e-06
3.6955e-05
1.9073e-06
4.6968e-05
2.8610e-06
3.7909e-05
4.0531e-06
1.1921e-06
1.9073e-06
4.0054e-05
4.0531e-06
0.0000e+00
3.0994e-06
9.5367e-07
9.5367e-07
3.7909e-05
1.9073e-06
3.9101e-05
2.1458e-06
3.7909e-05
2.1458e-06
4.6968e-05
2.1458e-06
4.2915e-05
3.8147e-06
0.0000e+00
9.5367e-07
4.0054e-05
5.0497e-04
0.0000e+00
9.5367e-07
2.4080e-05
9.5367e-07
2.0981e-05
9.5367e-07
2.1935e-05
0.0000e+00
2.0981e-05
1.1921e-06
3.1948e-05
1.9073e-06
2.2173e-05
9.5367e-07
2.0981e-05
9.5367e-07
2.1219e-05
9.5367e-07
2.1935e-05
2.7704e-04
2.2173e-05
1.5020e-05
0.0000e+00
1.0014e-05
0.0000e+00
1.0896e-04
0.0000e+00
0.0000e+00
3.0994e-05
9.5367e-07
2.0981e-05
2.1458e-06
2.1935e-05
1.9073e-06
2.0981e-05
1.4615e-04
9.5367e-07
1.9073e-06
0.0000e+00
0.0000e+00
2.1935e-05
9.5367e-07
2.0981e-05
0.0000e+00
2.0981e-05
1.1921e-06
2.2888e-05
9.5367e-07
2.2173e-05
9.5367e-07
2.1935e-05
3.5596e-04
0.0000e+00
9.5367e-07
2.2888e-05
4.0531e-06
2.0981e-05
1.1921e-06
2.0981e-05
9.5367e-07
2.2173e-05
7.2002e-05
9.5367e-07
6.3896e-05
0.0000e+00
0.0000e+00
2.5034e-05
9.5367e-07
2.1935e-05
9.5367e-07
2.2173e-05
9.5367e-07
2.1935e-05
9.5367e-07
2.0981e-05
1.1921e-06
2.0981e-05
9.5367e-07
3.0041e-05
9.5367e-07
2.1935e-05
9.5367e-07
2.0981e-05
1.5092e-04
2.2173e-05
5.0998e-04
0.0000e+00
4.5061e-05
0.0000e+00
1.1921e-06
4.0054e-05
4.1008e-05
0.0000e+00
1.1921e-05
3.9816e-05
3.8147e-06
9.5367e-07
9.5367e-07
5.0068e-05
2.1458e-06
3.8862e-05
1.9073e-06
3.6955e-05
1.9073e-06
3.7909e-05
1.9073e-06
3.6955e-05
5.0068e-06
0.0000e+00
9.5367e-07
3.8147e-05
2.1458e-06
4.0054e-05
1.9073e-06
4.9114e-05
1.9073e-06
3.7909e-05
1.9073e-06
3.7909e-05
9.5367e-07
3.7193e-05
9.5367e-07
3.8147e-05
1.6189e-04
9.5367e-07
2.8610e-06
0.0000e+00
9.5367e-07
3.9101e-05
9.5367e-07
4.0054e-05
2.1458e-06
3.7909e-05
1.1921e-06
3.7909e-05
1.0014e-05
3.8862e-05
9.5367e-07
3.7909e-05
1.9073e-06
3.8147e-05
3.8147e-06
0.0000e+00
2.5988e-04
0.0000e+00
9.5367e-07
2.4080e-05
9.5367e-07
3.0041e-05
1.1921e-06
2.1935e-05
9.5367e-07
2.2173e-05
9.5367e-07
2.1935e-05
5.6028e-05
2.0981e-05
1.1921e-06
2.0981e-05
1.9073e-06
2.2173e-05
9.5367e-07
2.0981e-05
7.1526e-06
2.8849e-05
6.3515e-04
2.1935e-05
1.1921e-06
2.1935e-05
9.5367e-07
2.0981e-05
0.0000e+00
2.0981e-05
3.4904e-04
2.1935e-05
9.5367e-07
2.0981e-05
3.9816e-05
1.1921e-06
2.0981e-05
3.0994e-05
1.9073e-06
2.1935e-05
9.5367e-07
2.2173e-05
0.0000e+00
2.0981e-05
9.5367e-07
2.2173e-05
9.5367e-07
2.0981e-05
9.5367e-07
2.0981e-05
9.5367e-07
2.4080e-05
9.5367e-07
2.3127e-05
9.5367e-07
2.0981e-05
0.0000e+00
2.0981e-05
2.8610e-06
0.0000e+00
9.5367e-07
2.1935e-05
9.5367e-07
2.1219e-05
1.8191e-04
2.0981e-05
3.0994e-05
0.0000e+00
9.5367e-07
3.0041e-05
9.5367e-07
2.1935e-05
1.1921e-06
2.0981e-05
6.1984e-02
