2.5401e-03
1.5020e-05
5.9128e-05
1.9073e-06
2.7180e-05
9.5367e-07
2.4080e-05
1.9159e-03
9.5367e-07
9.7990e-05
0.0000e+00
9.5367e-07
2.5034e-05
9.5367e-07
2.1935e-05
9.5367e-07
2.1935e-05
1.1301e-04
9.5367e-07
9.5367e-07
2.4080e-05
0.0000e+00
2.2173e-05
9.5367e-07
2.1935e-05
9.2983e-05
0.0000e+00
2.1935e-05
0.0000e+00
9.5367e-07
2.4080e-05
6.5088e-05
0.0000e+00
5.6982e-05
0.0000e+00
9.5367e-07
2.3127e-05
9.5367e-07
3.0994e-05
9.0122e-05
9.5367e-07
0.0000e+00
2.2888e-05
9.5367e-07
2.0981e-05
9.5367e-07
2.1935e-05
9.5367e-07
2.2173e-05
9.5367e-07
2.0981e-05
1.9073e-06
2.1219e-05
9.5367e-07
2.1935e-05
1.9073e-06
2.3127e-05
0.0000e+00
2.0981e-05
2.1458e-06
2.1935e-05
1.9073e-06
2.0981e-05
3.0994e-06
2.1935e-05
9.5367e-07
2.1219e-05
9.5367e-07
2.0981e-05
5.0068e-06
2.9087e-05
1.9073e-06
2.1935e-05
9.5701e-04
0.0000e+00
1.1921e-06
2.1935e-05
9.5367e-07
2.0981e-05
4.0531e-06
2.0981e-05
0.0000e+00
2.1935e-05
7.9870e-05
0.0000e+00
0.0000e+00
2.1935e-05
9.5367e-07
2.3127e-05
7.3910e-05
0.0000e+00
5.5075e-05
9.5367e-07
9.5367e-07
2.5988e-05
1.1921e-06
2.0981e-05
9.5367e-07
2.0981e-05
9.5367e-07
2.0981e-05
9.5367e-07
2.0981e-05
9.5367e-07
2.8849e-05
9.5367e-07
2.1935e-05
9.5367e-07
2.0981e-05
1.1921e-06
2.1935e-05
9.5367e-07
2.1935e-05
9.5367e-07
2.3127e-05
9.5367e-07
2.1935e-05
8.2302e-04
0.0000e+00
6.1989e-06
0.0000e+00
9.5367e-07
3.1948e-05
2.1458e-06
2.1935e-05
9.5367e-07
2.0981e-05
1.1921e-06
2.0981e-05
9.5367e-07
2.0981e-05
1.1921e-06
2.0981e-05
9.5367e-07
2.1935e-05
9.5367e-07
2.2173e-05
9.5367e-07
2.1935e-05
9.5367e-07
2.1935e-05
9.5367e-07
2.1219e-05
3.2282e-04
0.0000e+00
9.5367e-07
2.1935e-05
3.0041e-05
0.0000e+00
0.0000e+00
2.2173e-05
9.5367e-07
2.0981e-05
9.5367e-07
2.7895e-05
5.9605e-06
2.1935e-05
9.5367e-07
2.1935e-05
9.5367e-07
2.1935e-05
1.1921e-06
2.1935e-05
1.7786e-04
1.1921e-06
9.5367e-07
2.0981e-05
9.5367e-07
2.2173e-05
9.5367e-07
3.0041e-05
9.5367e-07
2.2173e-05
9.5367e-07
2.0981e-05
1.7595e-04
1.1921e-06
9.5367e-07
2.1935e-05
1.8120e-05
9.5367e-07
5.3883e-05
0.0000e+00
9.5367e-07
2.2888e-05
9.5367e-07
2.2173e-05
9.5367e-07
2.6941e-05
9.5367e-07
2.2888e-05
9.5367e-07
2.2173e-05
9.5367e-07
2.1935e-05
9.5367e-07
2.0981e-05
0.0000e+00
2.0981e-05
1.9789e-04
0.0000e+00
9.5367e-07
2.2888e-05
1.4067e-05
9.5367e-07
0.0000e+00
3.1233e-05
2.1458e-06
2.1935e-05
1.1921e-06
2.0981e-05
9.5367e-07
2.1935e-05
1.6212e-04
0.0000e+00
9.5367e-07
2.1935e-05
0.0000e+00
2.1935e-05
9.5367e-07
2.2173e-05
9.5367e-07
2.8849e-05
1.1921e-06
2.1935e-05
4.1008e-05
9.5367e-07
9.5367e-07
2.1935e-05
9.5367e-07
2.0981e-05
1.1921e-06
2.0981e-05
9.5367e-07
2.1935e-05
9.5367e-07
2.0981e-05
9.5367e-07
2.9087e-05
1.9073e-06
2.3127e-05
3.7384e-04
0.0000e+00
9.5367e-07
2.1935e-05
1.1921e-06
2.1935e-05
9.5367e-07
2.0981e-05
1.1921e-06
2.0981e-05
9.5367e-07
2.1935e-05
1.8001e-04
1.1921e-06
1.1921e-06
3.0994e-05
9.5367e-07
2.2173e-05
9.5367e-07
2.1935e-05
9.5367e-07
2.0981e-05
1.1921e-06
2.0981e-05
9.5367e-07
2.0981e-05
1.1921e-06
2.1935e-05
9.5367e-07
2.1935e-05
1.9073e-06
2.2888e-05
1.1921e-06
2.1935e-05
9.5367e-07
2.1935e-05
1.1921e-06
2.0981e-05
9.5367e-07
2.1935e-05
2.8110e-04
0.0000e+00
4.0054e-05
9.5367e-07
9.5367e-07
2.2173e-05
9.5367e-07
2.9087e-05
9.5367e-07
2.1935e-05
4.1008e-05
0.0000e+00
2.2888e-05
0.0000e+00
0.0000e+00
2.1935e-05
9.5367e-07
2.0981e-05
9.5367e-07
2.0981e-05
9.5367e-07
2.0981e-05
1.1921e-06
2.0981e-05
1.5402e-04
0.0000e+00
1.1921e-06
2.2888e-05
9.5367e-07
2.2173e-05
9.5367e-07
2.0981e-05
8.1062e-05
9.5367e-07
3.9101e-05
0.0000e+00
0.0000e+00
2.2173e-05
9.5367e-07
2.0981e-05
1.7309e-04
0.0000e+00
0.0000e+00
2.0981e-05
1.9073e-05
0.0000e+00
5.5075e-05
0.0000e+00
8.8215e-06
0.0000e+00
9.5367e-07
2.1935e-05
1.1921e-06
2.1935e-05
9.5367e-07
2.1935e-05
1.1921e-06
2.1935e-05
9.5367e-07
2.1935e-05
9.5367e-07
2.0981e-05
9.5367e-07
2.3127e-05
0.0000e+00
2.0981e-05
1.1921e-06
2.0981e-05
9.5367e-07
2.0981e-05
9.5367e-07
2.2173e-05
9.5367e-07
2.0981e-05
9.5367e-07
2.0981e-05
9.5367e-07
2.7895e-05
3.1996e-04
0.0000e+00
7.8678e-06
0.0000e+00
9.5367e-07
2.1935e-05
1.3709e-04
0.0000e+00
5.1975e-05
0.0000e+00
1.1921e-06
2.1935e-05
9.5367e-07
2.1219e-05
1.9073e-06
2.3127e-05
1.1897e-04
0.0000e+00
0.0000e+00
2.8849e-05
9.5367e-07
2.1935e-05
5.0068e-05
0.0000e+00
9.5367e-07
2.2173e-05
9.5367e-07
2.0981e-05
9.5367e-07
2.0981e-05
7.4148e-05
9.5367e-07
9.5367e-07
2.2888e-05
3.0994e-06
0.0000e+00
0.0000e+00
2.6941e-05
4.0531e-06
2.1935e-05
1.1921e-06
2.1935e-05
0.0000e+00
2.1935e-05
9.5367e-07
2.1935e-05
9.5367e-07
2.1219e-05
9.5367e-07
2.0981e-05
9.5367e-07
2.0981e-05
9.5367e-07
2.8849e-05
1.9073e-06
2.1935e-05
1.1921e-06
2.0981e-05
0.0000e+00
2.0981e-05
9.5367e-07
2.1219e-05
9.5367e-07
2.0981e-05
0.0000e+00
2.0981e-05
1.1921e-06
2.0981e-05
1.9073e-06
2.3127e-05
9.5367e-07
2.3127e-05
1.1921e-06
2.0981e-05
0.0000e+00
2.0981e-05
0.0000e+00
2.0981e-05
9.5367e-07
2.1935e-05
9.5367e-07
2.0981e-05
9.5367e-07
2.8133e-05
9.5367e-07
2.1935e-05
9.5367e-07
2.0981e-05
9.5367e-07
2.0981e-05
9.5367e-07
2.0981e-05
0.0000e+00
2.1935e-05
9.5367e-07
2.1935e-05
6.7806e-04
9.5367e-07
1.1921e-06
3.1948e-05
9.5367e-07
2.1935e-05
1.1921e-06
2.0981e-05
9.5367e-07
2.0981e-05
9.5367e-07
2.0981e-05
9.5367e-07
2.0027e-05
9.5367e-07
2.0981e-05
0.0000e+00
2.0981e-05
9.5367e-07
2.3127e-05
9.5367e-07
2.1935e-05
9.5367e-07
2.1935e-05
9.5367e-07
2.0981e-05
1.1921e-06
2.1935e-05
2.5105e-04
9.5367e-07
9.5367e-07
2.2173e-05
9.5367e-07
2.0981e-05
9.5367e-07
3.0041e-05
2.1458e-06
2.1935e-05
9.5367e-07
2.0981e-05
1.1921e-06
2.1935e-05
9.5367e-07
2.0981e-05
9.5367e-07
2.0981e-05
9.5367e-07
2.0981e-05
2.5892e-04
0.0000e+00
9.5367e-07
2.9087e-05
9.5367e-07
2.0981e-05
9.5367e-07
2.2173e-05
9.5844e-05
9.5367e-07
1.1921e-06
2.1935e-05
9.5367e-07
2.1219e-05
8.3923e-05
0.0000e+00
0.0000e+00
2.2173e-05
0.0000e+00
2.1935e-05
1.9073e-06
2.3127e-05
1.1921e-06
2.0981e-05
9.5367e-07
2.2173e-05
9.5367e-07
2.1935e-05
9.5367e-07
2.2173e-05
9.5367e-07
2.1935e-05
9.5367e-07
2.0981e-05
9.5367e-07
2.8849e-05
1.1921e-06
2.0981e-05
9.5367e-07
2.0981e-05
1.1921e-06
2.0981e-05
2.3603e-04
0.0000e+00
8.1062e-06
0.0000e+00
9.5367e-07
2.1935e-05
0.0000e+00
2.0981e-05
0.0000e+00
2.0981e-05
1.1921e-06
2.1935e-05
9.5367e-07
2.2173e-05
9.5367e-07
2.1935e-05
9.5367e-07
2.2173e-05
9.5367e-07
2.0981e-05
9.5367e-07
2.1219e-05
2.4319e-04
0.0000e+00
9.5367e-07
2.2173e-05
9.5367e-07
3.0041e-05
9.5367e-07
2.1935e-05
1.1921e-06
2.0981e-05
9.5367e-07
2.0981e-05
9.5367e-07
2.0981e-05
0.0000e+00
2.0981e-05
9.5367e-07
2.1219e-05
9.5367e-07
2.0981e-05
3.0088e-04
1.1921e-06
9.5367e-07
2.1935e-05
1.1921e-06
2.1935e-05
4.6015e-05
0.0000e+00
9.5367e-07
2.1935e-05
1.1921e-06
2.0981e-05
0.0000e+00
2.0981e-05
1.1921e-06
2.0981e-05
1.5688e-04
1.1921e-06
9.5367e-07
2.4080e-05
9.5367e-07
2.1935e-05
1.1921e-06
2.1935e-05
9.5367e-07
2.1935e-05
9.5367e-07
2.2173e-05
9.5367e-07
2.1935e-05
9.5367e-07
2.0981e-05
1.1921e-06
2.7895e-05
9.5367e-07
2.1935e-05
2.3389e-04
1.1921e-06
1.1921e-06
2.1935e-05
9.5367e-07
2.0981e-05
0.0000e+00
2.0981e-05
9.5367e-07
2.0981e-05
1.1921e-06
2.1935e-05
9.5367e-07
2.9087e-05
9.5367e-07
2.1935e-05
1.1921e-06
2.1935e-05
9.5367e-07
2.1935e-05
9.5367e-07
2.2173e-05
9.5367e-07
2.0981e-05
2.1601e-04
1.1921e-06
9.5367e-07
2.1935e-05
9.5367e-07
2.8849e-05
1.1921e-06
2.1935e-05
9.5367e-07
2.0981e-05
9.5367e-07
2.1935e-05
9.7990e-05
9.5367e-07
9.5367e-07
2.2173e-05
9.5367e-07
2.1935e-05
1.4615e-04
0.0000e+00
3.4094e-05
0.0000e+00
9.5367e-07
2.9087e-05
9.5367e-07
2.1935e-05
3.7909e-05
9.5367e-07
9.5367e-07
2.2173e-05
9.5367e-07
2.0981e-05
1.1921e-06
2.0981e-05
9.5367e-07
2.0981e-05
9.5367e-07
2.2173e-05
9.5367e-07
2.9087e-05
9.5367e-07
2.5988e-05
9.5367e-07
2.2173e-05
9.5367e-07
2.0981e-05
9.5367e-07
2.0981e-05
0.0000e+00
2.0981e-05
9.5367e-07
2.0981e-05
1.1921e-06
2.0981e-05
9.5367e-07
3.0994e-05
9.5367e-07
2.2173e-05
9.5367e-07
2.0981e-05
9.5367e-07
2.0981e-05
9.5367e-07
2.1935e-05
9.5367e-07
2.1219e-05
9.5367e-07
2.0981e-05
9.5367e-07
2.0981e-05
1.9073e-06
2.1935e-05
1.1921e-06
2.0981e-05
9.5367e-07
2.0981e-05
9.5367e-07
2.1219e-05
5.3692e-04
9.5367e-07
9.5367e-07
2.1935e-05
1.2898e-04
9.5367e-07
9.5367e-07
2.2173e-05
9.5367e-07
3.0041e-05
9.5367e-07
2.2173e-05
9.5367e-07
2.0981e-05
8.8930e-05
0.0000e+00
9.5367e-07
2.3127e-05
1.1921e-06
2.0981e-05
1.1921e-06
2.2888e-05
9.5367e-07
2.0981e-05
9.5367e-07
2.9087e-05
1.6284e-04
0.0000e+00
0.0000e+00
2.1935e-05
9.5367e-07
2.0981e-05
9.5367e-07
2.1935e-05
9.5367e-07
2.1219e-05
9.5367e-07
2.0981e-05
9.5367e-07
2.0981e-05
9.5367e-07
3.1948e-05
1.2493e-04
0.0000e+00
1.1921e-06
2.1935e-05
9.5367e-07
2.1219e-05
9.5367e-07
2.0981e-05
9.5367e-07
2.0981e-05
1.1921e-06
2.0981e-05
9.5367e-07
2.0981e-05
1.9002e-04
9.5367e-07
1.1921e-06
3.0041e-05
5.3883e-05
9.5367e-07
1.1921e-06
2.1935e-05
9.5367e-07
2.1219e-05
9.5367e-07
2.1935e-05
9.5367e-07
2.2173e-05
9.5367e-07
2.0981e-05
9.5367e-07
2.0981e-05
1.1921e-06
2.8849e-05
2.0504e-04
0.0000e+00
3.0994e-06
0.0000e+00
9.5367e-07
2.1935e-05
6.7949e-05
0.0000e+00
9.5367e-07
2.1935e-05
2.1458e-06
0.0000e+00
9.5367e-07
2.1935e-05
1.0300e-04
0.0000e+00
9.5367e-07
2.1935e-05
1.1921e-06
2.9802e-05
9.5367e-07
2.1935e-05
9.5367e-07
2.1219e-05
1.1921e-06
2.1935e-05
1.3614e-04
0.0000e+00
9.5367e-07
2.1935e-05
9.1791e-05
0.0000e+00
6.9857e-05
0.0000e+00
9.5367e-07
2.1935e-05
1.1921e-06
2.8849e-05
2.1458e-06
2.2888e-05
4.9114e-05
0.0000e+00
2.7895e-05
0.0000e+00
3.0994e-06
2.2173e-05
9.5367e-07
2.0981e-05
9.5367e-07
2.2173e-05
9.5367e-07
2.1935e-05
9.5367e-07
2.2173e-05
1.1921e-06
2.8849e-05
9.5367e-07
2.0981e-05
9.5367e-07
2.2173e-05
9.5367e-07
2.0981e-05
2.3913e-04
9.5367e-07
9.5367e-07
2.2173e-05
9.5367e-07
2.0981e-05
5.1022e-05
0.0000e+00
1.3185e-04
0.0000e+00
0.0000e+00
3.3855e-05
9.5367e-07
2.1935e-05
9.5367e-07
2.0981e-05
9.5367e-07
2.0981e-05
9.5367e-07
2.0981e-05
9.5367e-07
2.0981e-05
9.5367e-07
2.0981e-05
9.5367e-07
2.0981e-05
1.1921e-06
2.1935e-05
9.5367e-07
2.2173e-05
9.5367e-07
2.0981e-05
9.5367e-07
2.2173e-05
1.1921e-06
2.1935e-05
2.5988e-04
0.0000e+00
9.5367e-07
2.1935e-05
3.0994e-06
0.0000e+00
0.0000e+00
3.2187e-05
9.5367e-07
2.1935e-05
1.1921e-06
2.0981e-05
9.5367e-07
2.0981e-05
1.1921e-06
2.0981e-05
9.5367e-07
2.0981e-05
2.4509e-04
0.0000e+00
3.0994e-06
0.0000e+00
0.0000e+00
2.1935e-05
1.1921e-06
2.8849e-05
1.9073e-06
2.1219e-05
9.5367e-07
2.5034e-05
1.0490e-04
0.0000e+00
1.1921e-06
2.2888e-05
9.5367e-07
2.1935e-05
1.1921e-06
2.0981e-05
7.1049e-05
0.0000e+00
9.5367e-07
2.1935e-05
2.1458e-06
2.2888e-05
3.0994e-06
0.0000e+00
0.0000e+00
2.1935e-05
1.1921e-06
2.1935e-05
9.5367e-07
2.1935e-05
2.2197e-04
0.0000e+00
0.0000e+00
2.0981e-05
0.0000e+00
2.0981e-05
9.5367e-07
2.8849e-05
6.0081e-05
1.1921e-06
1.1921e-06
2.1935e-05
9.5367e-07
2.0981e-05
0.0000e+00
2.0981e-05
1.9073e-06
0.0000e+00
9.5367e-07
2.0981e-05
9.5367e-07
2.0981e-05
9.5367e-07
2.3842e-05
9.5367e-07
2.1935e-05
2.0599e-04
0.0000e+00
4.0531e-06
9.5367e-07
9.5367e-07
2.2173e-05
9.5367e-07
2.1935e-05
9.5367e-07
2.1219e-05
9.5367e-07
2.1935e-05
9.5367e-07
2.2173e-05
9.5367e-07
2.9087e-05
1.9073e-06
2.1935e-05
1.1921e-06
2.1935e-05
9.5367e-07
2.0981e-05
9.5367e-07
2.2173e-05
9.5367e-07
2.1935e-05
2.6894e-04
0.0000e+00
9.5367e-07
2.0981e-05
9.5367e-07
3.0041e-05
2.1458e-06
2.2888e-05
9.5367e-07
2.1219e-05
9.5367e-07
2.2173e-05
9.5367e-07
2.1935e-05
9.5367e-07
2.1935e-05
1.1921e-06
2.1935e-05
3.0589e-04
0.0000e+00
9.5367e-07
2.1935e-05
2.1458e-06
2.2888e-05
9.5367e-07
2.0981e-05
9.5367e-07
2.0981e-05
9.5367e-07
2.0981e-05
9.5367e-07
2.1935e-05
9.5367e-07
2.2173e-05
1.1921e-06
2.0981e-05
9.5367e-07
2.9087e-05
9.5367e-07
2.2173e-05
1.3399e-04
9.5367e-07
9.5367e-07
2.1935e-05
1.1921e-06
2.1935e-05
9.5367e-07
2.1935e-05
9.5367e-07
2.1219e-05
9.5367e-07
2.4080e-05
9.5367e-07
2.9087e-05
3.8147e-06
0.0000e+00
0.0000e+00
2.1935e-05
9.5367e-07
2.0981e-05
9.5367e-07
2.0981e-05
0.0000e+00
2.0981e-05
0.0000e+00
2.0981e-05
0.0000e+00
2.0981e-05
3.7885e-04
0.0000e+00
9.3937e-05
0.0000e+00
3.0994e-06
9.5367e-07
9.5367e-07
2.3127e-05
2.1935e-05
0.0000e+00
9.5367e-07
2.1935e-05
9.5367e-07
2.2173e-05
9.5367e-07
2.0981e-05
9.5367e-07
2.1219e-05
1.4186e-04
9.5367e-07
1.1921e-06
2.1935e-05
1.9073e-06
2.2888e-05
1.1921e-06
2.0981e-05
9.5367e-07
2.0981e-05
1.1921e-06
2.1935e-05
9.5367e-07
2.1935e-05
9.5367e-07
2.2173e-05
9.5367e-07
2.0981e-05
0.0000e+00
2.8133e-05
9.5367e-07
2.1935e-05
0.0000e+00
2.0981e-05
9.5367e-07
2.0981e-05
9.5367e-07
2.2173e-05
9.5367e-07
2.1935e-05
2.1458e-06
2.1935e-05
9.5367e-07
2.2173e-05
9.5367e-07
2.3127e-05
9.5367e-07
2.1935e-05
9.5367e-07
2.0981e-05
9.5367e-07
2.1935e-05
9.5367e-07
2.1219e-05
1.1921e-06
2.0981e-05
9.5367e-07
2.0981e-05
1.1921e-06
2.6941e-05
9.5367e-07
2.1935e-05
9.5367e-07
2.1935e-05
9.5367e-07
2.0981e-05
1.0369e-03
1.1921e-06
9.5367e-07
2.2888e-05
1.2708e-04
0.0000e+00
1.1921e-06
2.1935e-05
9.5367e-07
2.1935e-05
7.1049e-05
0.0000e+00
4.0531e-06
0.0000e+00
1.3208e-04
0.0000e+00
0.0000e+00
2.2173e-05
2.8610e-06
1.1921e-06
9.5367e-07
2.1935e-05
9.5367e-07
2.1935e-05
7.9155e-05
9.5367e-07
9.5367e-07
2.3127e-05
8.8215e-06
9.5367e-07
1.1921e-06
2.1935e-05
1.1921e-06
2.2888e-05
9.5367e-07
2.2173e-05
1.5378e-04
0.0000e+00
9.5367e-07
2.1935e-05
9.5367e-07
2.1219e-05
9.5367e-07
2.0981e-05
9.1076e-05
9.5367e-07
9.5367e-07
2.2173e-05
9.5367e-07
2.9087e-05
9.5367e-07
2.1935e-05
1.1921e-06
2.0981e-05
9.5367e-07
2.0981e-05
1.1921e-06
2.1935e-05
9.5367e-07
2.0981e-05
0.0000e+00
2.0981e-05
2.3007e-04
0.0000e+00
3.4094e-05
0.0000e+00
0.0000e+00
2.9802e-05
6.6042e-05
0.0000e+00
9.5367e-07
2.1935e-05
9.5129e-05
9.5367e-07
9.5367e-07
2.1935e-05
9.5367e-07
2.1935e-05
9.5367e-07
2.0981e-05
0.0000e+00
2.0981e-05
9.5367e-07
2.0981e-05
1.4305e-04
0.0000e+00
9.5367e-07
2.2888e-05
9.5367e-07
2.1935e-05
1.4067e-05
0.0000e+00
9.5367e-07
2.0981e-05
1.1921e-06
2.0981e-05
2.0981e-05
0.0000e+00
9.5367e-07
2.1219e-05
1.5783e-04
0.0000e+00
9.5367e-07
3.0994e-05
9.5367e-07
2.3127e-05
1.0014e-05
0.0000e+00
9.5367e-07
2.2173e-05
9.5367e-07
2.0981e-05
9.5367e-07
2.2173e-05
1.2779e-04
0.0000e+00
9.5367e-07
2.1935e-05
9.5367e-07
2.0981e-05
9.5367e-07
2.9087e-05
1.3709e-04
0.0000e+00
9.5367e-07
2.1935e-05
9.5367e-07
2.3842e-05
9.5367e-07
2.0981e-05
9.5367e-07
2.0981e-05
9.5367e-07
2.0981e-05
9.5367e-07
2.0981e-05
9.5367e-07
3.0994e-05
1.1921e-06
2.1935e-05
9.5367e-07
2.1935e-05
1.1921e-06
2.1935e-05
9.5367e-07
2.1935e-05
9.5367e-07
2.1219e-05
9.5367e-07
2.0981e-05
9.5367e-07
2.0981e-05
5.4693e-04
9.5367e-07
9.5367e-07
2.1935e-05
9.5367e-07
2.0981e-05
1.1921e-06
2.1935e-05
8.7976e-05
0.0000e+00
9.5367e-07
2.1935e-05
1.1921e-06
3.3855e-05
2.1458e-06
3.8862e-05
2.1458e-06
4.7922e-05
2.1458e-06
3.7909e-05
1.1921e-06
3.6955e-05
9.5367e-07
3.7909e-05
1.9073e-06
3.6955e-05
9.5367e-07
3.7909e-05
6.8903e-05
9.5367e-07
9.5367e-07
3.8147e-05
9.5367e-07
5.0068e-05
9.5367e-07
3.7909e-05
9.5367e-07
3.6955e-05
9.5367e-07
3.7909e-05
9.5367e-07
3.8147e-05
1.9073e-06
3.8147e-05
9.5367e-07
4.1008e-05
3.1710e-04
9.5367e-07
2.1458e-06
5.1022e-05
9.5367e-07
3.9101e-05
9.5367e-07
3.8147e-05
9.5367e-07
3.9101e-05
9.5367e-07
3.8147e-05
2.0027e-05
0.0000e+00
9.5367e-07
4.0054e-05
9.5367e-07
3.9101e-05
9.5367e-07
5.0783e-05
9.5367e-07
3.9101e-05
9.5367e-07
3.9101e-05
9.5367e-07
4.2915e-05
9.5367e-07
3.8147e-05
9.5367e-07
3.7193e-05
1.9073e-06
7.0095e-05
1.5020e-05
0.0000e+00
1.6308e-04
0.0000e+00
1.1921e-06
3.8862e-05
9.5367e-07
2.3127e-05
9.5367e-07
2.0981e-05
9.5367e-07
2.1935e-05
9.1076e-05
0.0000e+00
9.5367e-07
2.2173e-05
9.5367e-07
2.1935e-05
9.5367e-07
2.2173e-05
1.8096e-04
9.5367e-07
9.5367e-07
2.4080e-05
9.5367e-07
2.0981e-05
9.5367e-07
2.1219e-05
0.0000e+00
2.1935e-05
9.5367e-07
2.2173e-05
0.0000e+00
2.0981e-05
9.5367e-07
2.2173e-05
9.5367e-07
3.6001e-05
1.9073e-06
2.3127e-05
9.5367e-07
2.1935e-05
9.5367e-07
2.2173e-05
6.9499e-04
9.5367e-07
9.5367e-07
2.1935e-05
1.1921e-06
2.0981e-05
9.5367e-07
2.0981e-05
1.2422e-04
0.0000e+00
9.5367e-07
2.2888e-05
9.5367e-07
2.2173e-05
5.0068e-06
0.0000e+00
8.8930e-05
1.1921e-06
2.4986e-04
9.5367e-07
1.0967e-05
0.0000e+00
9.5367e-07
2.1935e-05
9.5367e-07
2.2173e-05
9.5367e-07
2.0981e-05
9.5367e-07
2.9087e-05
1.9073e-06
2.2173e-05
9.5367e-07
2.1935e-05
1.1921e-06
2.1935e-05
9.5367e-07
2.0981e-05
9.5367e-07
2.2173e-05
9.5367e-07
2.0981e-05
1.1921e-06
2.0981e-05
2.7013e-04
0.0000e+00
9.5367e-07
2.4080e-05
3.6001e-05
0.0000e+00
9.5367e-07
2.2173e-05
9.5367e-07
2.1935e-05
9.5367e-07
2.0981e-05
9.5367e-07
2.0981e-05
9.5367e-07
2.2173e-05
9.5367e-07
3.0041e-05
9.5367e-07
2.3127e-05
9.5367e-07
2.0981e-05
9.5367e-07
2.0981e-05
0.0000e+00
2.1935e-05
9.5367e-07
2.2888e-05
1.2481e-03
9.5367e-07
9.5367e-07
2.2173e-05
2.6941e-05
0.0000e+00
1.1921e-06
2.9802e-05
9.5367e-07
2.1935e-05
9.5367e-07
2.2173e-05
9.5367e-07
2.1935e-05
1.1492e-04
0.0000e+00
9.5367e-07
2.2888e-05
1.1921e-06
2.0981e-05
9.5367e-07
2.1935e-05
9.5367e-07
3.0041e-05
9.5367e-07
2.1935e-05
0.0000e+00
2.1935e-05
1.6928e-05
9.5367e-07
1.1921e-06
2.1935e-05
9.5367e-07
2.0981e-05
2.3389e-04
9.5367e-07
6.8188e-05
9.5367e-07
9.5367e-07
2.1935e-05
9.5367e-07
2.8133e-05
8.3995e-04
0.0000e+00
9.5367e-07
2.4080e-05
9.5367e-07
2.1935e-05
9.5367e-07
2.0981e-05
2.7180e-05
0.0000e+00
9.5367e-07
2.0981e-05
1.1921e-06
2.1935e-05
0.0000e+00
2.0981e-05
9.5367e-07
3.0041e-05
9.5367e-07
2.1935e-05
1.1921e-06
2.1935e-05
4.5800e-04
0.0000e+00
5.0068e-06
0.0000e+00
9.5367e-07
2.2173e-05
9.5367e-07
2.0981e-05
9.5367e-07
2.0981e-05
9.5367e-07
2.0981e-05
9.5367e-07
2.1935e-05
9.5367e-07
2.0981e-05
9.5367e-07
2.1935e-05
1.1921e-06
2.1935e-05
9.5367e-07
2.1935e-05
1.1921e-06
2.0981e-05
9.5367e-07
2.0981e-05
9.5367e-07
2.9087e-05
9.5367e-07
2.2173e-05
1.5187e-04
1.1921e-06
9.5367e-07
2.1935e-05
2.1458e-06
2.1935e-05
9.5367e-07
2.1219e-05
1.1921e-06
2.0981e-05
9.5367e-07
2.0981e-05
1.1921e-06
3.1948e-05
9.5367e-07
2.0981e-05
6.3491e-04
0.0000e+00
9.5367e-07
2.3127e-05
6.9141e-06
0.0000e+00
1.9073e-05
0.0000e+00
1.6880e-04
1.1921e-06
9.5367e-07
2.2888e-05
1.1921e-06
2.1935e-05
9.5367e-07
2.4080e-05
1.3018e-04
0.0000e+00
9.5367e-07
2.3127e-05
2.9802e-05
1.1921e-06
9.5367e-07
2.1935e-05
9.5367e-07
2.1219e-05
0.0000e+00
2.0981e-05
9.5367e-07
2.0981e-05
1.1921e-06
2.1935e-05
9.5367e-07
2.9087e-05
1.9073e-06
2.4080e-05
9.5367e-07
2.1935e-05
9.5367e-07
2.1219e-05
0.0000e+00
2.0981e-05
9.5367e-07
2.0981e-05
2.1720e-04
0.0000e+00
9.5367e-07
2.1935e-05
9.5367e-07
2.7895e-05
1.1921e-06
2.2888e-05
9.5367e-07
2.2173e-05
9.5367e-07
2.0981e-05
9.5367e-07
2.1219e-05
3.8600e-04
0.0000e+00
9.5367e-07
2.2173e-05
9.5367e-07
2.1935e-05
9.5367e-07
2.2173e-05
2.1458e-06
2.1935e-05
9.5367e-07
2.1935e-05
1.1921e-06
2.0981e-05
2.7895e-04
0.0000e+00
0.0000e+00
2.1935e-05
9.5367e-07
2.2173e-05
9.5367e-07
2.1935e-05
9.5367e-07
2.0981e-05
2.1458e-06
2.1935e-05
9.5367e-07
2.1935e-05
1.1921e-06
2.3842e-05
3.4809e-05
0.0000e+00
9.5367e-07
2.1935e-05
1.1921e-06
2.1935e-05
9.5367e-07
2.0981e-05
1.1921e-06
2.1935e-05
9.5367e-07
2.3127e-05
9.5367e-07
2.0981e-05
1.1921e-06
2.0981e-05
9.5367e-07
2.0981e-05
9.5367e-07
2.0981e-05
9.5367e-07
2.0981e-05
9.5367e-07
2.0981e-05
9.5367e-07
3.0994e-05
9.5367e-07
2.0981e-05
1.1921e-06
2.0981e-05
9.5367e-07
2.0981e-05
9.5367e-07
2.1219e-05
9.5367e-07
2.0981e-05
9.5367e-07
2.0981e-05
1.1311e-03
1.1921e-06
8.8215e-06
0.0000e+00
9.5367e-07
2.4080e-05
9.5367e-07
2.0981e-05
1.1921e-06
2.0981e-05
9.5367e-07
2.1935e-05
1.1921e-06
2.0981e-05
9.5367e-07
2.0981e-05
9.5367e-07
2.0981e-05
1.1921e-06
2.7895e-05
1.1921e-06
2.5034e-05
1.1921e-06
2.1935e-05
4.0412e-04
0.0000e+00
1.9073e-06
0.0000e+00
9.5367e-07
2.2888e-05
1.1921e-06
2.1935e-05
9.5367e-07
2.0981e-05
9.5367e-07
2.0981e-05
1.9073e-06
2.1935e-05
1.1921e-06
2.0981e-05
9.5367e-07
2.1935e-05
1.1921e-06
2.1935e-05
9.5367e-07
2.1935e-05
1.6809e-04
9.5367e-07
3.0994e-06
0.0000e+00
9.5367e-07
2.3127e-05
9.5367e-07
2.7895e-05
6.3419e-04
0.0000e+00
4.0531e-06
9.5367e-07
9.5367e-07
2.4080e-05
2.1935e-05
0.0000e+00
1.1921e-06
2.1935e-05
9.5367e-07
2.0981e-05
9.5367e-07
2.0981e-05
9.5367e-07
2.0981e-05
9.5367e-07
2.0981e-05
9.5367e-07
2.2888e-05
3.0088e-04
0.0000e+00
9.5367e-07
2.2888e-05
1.1921e-06
2.1935e-05
0.0000e+00
2.0981e-05
1.1921e-06
2.0981e-05
9.5367e-07
2.0981e-05
9.5367e-07
2.2173e-05
9.5367e-07
2.3127e-05
0.0000e+00
2.0981e-05
9.5367e-07
2.0981e-05
9.5367e-07
2.1935e-05
9.5367e-07
2.2173e-05
9.5367e-07
2.0981e-05
9.5367e-07
2.0981e-05
0.0000e+00
3.0994e-05
9.5367e-07
2.3127e-05
1.1921e-06
2.0981e-05
9.5367e-07
2.0981e-05
5.3978e-04
0.0000e+00
1.9073e-06
2.3127e-05
1.1921e-06
2.1935e-05
9.5367e-07
2.0981e-05
1.1921e-06
2.7895e-05
1.1921e-06
2.1935e-05
9.5367e-07
2.0981e-05
1.1921e-06
2.0981e-05
9.5367e-07
2.1935e-05
1.1921e-06
2.1935e-05
9.5367e-07
2.1935e-05
9.5367e-07
2.2173e-05
9.5367e-07
2.9087e-05
9.5367e-07
2.1935e-05
2.7514e-04
9.5367e-07
5.2810e-04
9.5367e-07
9.5367e-07
2.3127e-05
9.5367e-07
2.1935e-05
9.9897e-05
0.0000e+00
0.0000e+00
2.0981e-05
9.5367e-07
2.2173e-05
9.5367e-07
3.0994e-05
7.8678e-06
0.0000e+00
9.5367e-07
2.1935e-05
1.1921e-06
2.0981e-05
6.6996e-05
0.0000e+00
9.5367e-07
2.2173e-05
9.5367e-07
2.0981e-05
1.1921e-06
2.0981e-05
9.5367e-07
2.0981e-05
3.8147e-06
0.0000e+00
0.0000e+00
2.2888e-05
1.1921e-06
2.3842e-05
9.5367e-07
2.1935e-05
9.5367e-07
2.1219e-05
1.1921e-06
2.0981e-05
9.5367e-07
2.0981e-05
0.0000e+00
2.0981e-05
9.5367e-07
3.0994e-05
1.1921e-06
2.1935e-05
5.3000e-04
0.0000e+00
9.5367e-07
2.1935e-05
9.5367e-07
2.0981e-05
9.5367e-07
2.0981e-05
9.5367e-07
2.0027e-05
9.5367e-07
2.0981e-05
1.1921e-06
2.8849e-05
2.1458e-06
2.1935e-05
3.1090e-04
9.5367e-07
9.5367e-07
2.2888e-05
9.4175e-05
0.0000e+00
9.5367e-07
2.1935e-05
9.5367e-07
2.0981e-05
9.5367e-07
2.1935e-05
1.1921e-06
2.0981e-05
6.6304e-04
9.5367e-07
1.1921e-06
2.2888e-05
1.1921e-06
2.0981e-05
9.5367e-07
2.0981e-05
3.7003e-04
0.0000e+00
0.0000e+00
2.1935e-05
5.8889e-05
0.0000e+00
0.0000e+00
2.1935e-05
9.5367e-07
2.0981e-05
3.0994e-06
0.0000e+00
9.5367e-07
2.3127e-05
9.5367e-07
2.1935e-05
2.1458e-06
0.0000e+00
9.5367e-07
2.2173e-05
9.5367e-07
2.1935e-05
9.5367e-07
2.0981e-05
1.1921e-06
2.5034e-05
9.5367e-07
2.1935e-05
9.5367e-07
2.3127e-05
9.5367e-07
2.0981e-05
2.4080e-05
0.0000e+00
2.2006e-04
9.5367e-07
9.5367e-07
2.3127e-05
9.5367e-07
2.1935e-05
9.5367e-07
2.0981e-05
1.1921e-06
2.0981e-05
0.0000e+00
2.9087e-05
6.2010e-02
