3.4971e-03
1.6928e-05
6.1035e-05
8.1062e-06
4.0770e-05
2.4080e-05
9.5367e-07
3.0994e-06
3.9101e-05
9.5367e-07
4.0054e-05
4.0531e-06
9.5367e-07
6.9141e-06
0.0000e+00
9.5367e-07
3.9101e-05
1.9073e-06
4.1962e-05
2.5988e-05
0.0000e+00
4.3154e-05
9.5367e-07
9.5367e-07
3.9101e-05
1.9073e-06
3.9101e-05
1.5020e-05
3.6955e-05
2.1458e-06
3.6001e-05
1.9073e-06
3.6955e-05
1.1921e-06
3.6001e-05
1.9073e-06
5.1022e-05
5.9605e-06
3.8147e-05
4.0531e-06
3.6955e-05
3.5048e-05
0.0000e+00
4.6015e-05
9.5367e-07
9.5367e-07
3.7193e-05
9.5367e-07
3.7909e-05
1.9073e-05
9.5367e-07
2.8610e-06
0.0000e+00
9.5367e-07
3.6955e-05
6.7687e-04
9.5367e-07
1.0967e-05
1.1921e-06
9.5367e-07
4.2915e-05
5.5075e-05
9.5367e-07
9.5367e-07
3.7909e-05
9.5367e-07
3.8147e-05
9.5367e-07
3.6955e-05
9.5367e-07
3.6001e-05
9.5367e-07
3.6955e-05
1.1921e-06
4.6968e-05
1.9073e-06
3.7909e-05
4.0531e-06
0.0000e+00
3.2902e-05
1.1921e-06
4.9829e-05
1.1921e-06
2.8610e-06
9.5367e-07
9.5367e-07
3.6955e-05
2.1458e-06
3.8862e-05
9.5367e-07
3.8862e-05
9.5367e-07
3.8147e-05
1.9073e-06
3.6955e-05
9.5367e-07
3.6955e-05
1.1921e-06
3.6955e-05
6.9141e-06
9.5367e-07
9.5367e-07
3.7909e-05
6.9141e-06
3.8862e-05
2.1458e-06
3.6955e-05
5.0068e-06
3.7909e-05
4.0531e-06
3.9101e-05
3.0994e-06
3.6001e-05
9.5367e-07
3.6955e-05
2.8610e-06
3.8147e-05
9.5367e-07
3.6955e-05
5.3215e-04
9.5367e-07
1.9073e-06
3.9101e-05
1.7881e-05
0.0000e+00
1.1921e-06
3.7909e-05
1.9073e-06
3.8862e-05
4.0531e-06
3.7909e-05
9.5367e-07
3.6955e-05
4.0531e-06
3.6955e-05
3.8147e-06
3.6001e-05
4.0531e-06
3.8147e-05
1.9073e-06
3.7193e-05
1.1921e-06
4.6968e-05
9.5367e-07
3.6955e-05
4.1962e-05
3.7909e-05
2.1458e-06
3.6955e-05
4.5061e-05
9.5367e-07
1.9073e-06
3.8147e-05
9.5367e-07
3.8147e-05
1.9073e-06
3.8147e-05
1.9073e-06
4.6968e-05
5.0068e-06
3.6955e-05
1.9073e-06
3.6001e-05
2.1458e-06
3.6001e-05
9.5367e-07
3.6955e-05
9.5367e-07
3.6955e-05
9.5367e-07
3.6955e-05
4.0531e-06
3.6955e-05
9.5367e-07
4.6015e-05
9.5367e-07
3.8862e-05
9.5367e-07
3.7193e-05
3.8147e-06
3.7193e-05
2.1458e-06
3.7909e-05
5.0068e-06
0.0000e+00
9.5367e-07
3.6955e-05
9.5367e-07
3.6001e-05
2.8610e-06
4.5776e-05
3.0994e-06
4.2915e-05
5.0068e-06
9.5367e-07
9.5367e-07
3.6955e-05
3.8147e-06
1.1921e-06
2.8610e-06
3.6001e-05
9.5367e-07
3.7909e-05
1.1921e-06
3.6955e-05
3.0994e-06
3.7909e-05
1.9073e-06
3.7909e-05
4.0531e-06
3.9101e-05
3.8147e-06
3.8147e-05
1.9073e-06
3.8147e-05
1.9073e-06
3.5048e-05
5.9605e-06
0.0000e+00
9.5367e-07
3.7909e-05
8.8930e-05
1.1921e-06
0.0000e+00
5.1975e-05
1.9073e-06
3.6001e-05
9.5367e-07
3.6955e-05
9.5367e-07
3.6001e-05
9.5367e-07
3.8147e-05
3.0994e-06
3.7909e-05
2.1458e-06
3.8862e-05
9.5367e-07
3.6955e-05
2.1458e-06
3.8862e-05
2.1458e-06
3.7909e-05
9.5367e-07
3.7193e-05
1.1921e-06
3.6955e-05
9.5367e-07
3.6955e-05
1.9073e-06
3.8147e-05
1.9073e-06
3.7193e-05
2.8610e-06
4.6015e-05
6.5088e-05
9.5367e-07
1.1921e-06
3.7909e-05
3.0994e-06
9.5367e-07
9.5367e-07
3.6955e-05
9.5367e-07
3.7909e-05
1.9073e-06
3.6955e-05
1.1921e-06
3.6001e-05
2.8610e-06
3.9101e-05
9.5367e-07
5.1022e-05
2.1458e-06
3.6955e-05
9.5367e-07
3.7193e-05
1.9073e-06
3.6001e-05
1.1921e-06
3.6955e-05
9.5367e-07
3.7193e-05
1.9073e-06
3.7193e-05
1.1921e-06
3.6001e-05
1.9073e-06
3.7193e-05
2.1458e-06
3.6955e-05
1.1921e-06
3.6955e-05
9.5367e-07
3.8147e-05
1.9073e-06
3.6955e-05
9.5367e-07
3.6955e-05
5.9605e-06
0.0000e+00
2.8610e-06
3.6955e-05
5.0068e-06
0.0000e+00
2.1458e-06
3.6955e-05
2.1458e-06
3.7909e-05
3.3140e-05
0.0000e+00
9.5367e-07
3.8147e-05
9.5367e-07
4.1008e-05
9.5367e-07
3.7193e-05
3.8147e-06
3.8147e-05
1.9073e-06
4.7922e-05
1.9073e-06
3.6001e-05
5.0068e-06
3.8147e-05
4.0531e-06
9.5367e-07
9.5367e-07
3.6955e-05
9.0599e-06
3.7193e-05
1.1921e-06
3.6001e-05
1.9073e-06
3.9101e-05
9.5367e-07
4.6968e-05
2.1458e-06
3.6955e-05
9.5367e-07
3.7193e-05
9.5367e-07
3.6955e-05
2.1458e-06
3.6955e-05
9.5367e-07
3.6955e-05
9.5367e-07
3.6955e-05
1.9073e-06
3.6001e-05
1.9073e-06
4.6015e-05
9.5367e-07
4.1008e-05
2.1458e-06
3.6001e-05
1.9073e-06
3.8147e-05
9.5367e-07
3.6955e-05
2.1458e-06
3.6955e-05
1.9073e-06
3.8147e-05
9.5367e-07
3.7909e-05
2.1458e-06
3.6955e-05
1.9073e-06
3.7193e-05
9.5367e-07
3.8147e-05
2.1458e-06
3.7909e-05
9.5367e-07
3.7909e-05
9.5367e-07
3.7193e-05
1.9073e-06
3.6001e-05
1.1921e-06
4.6015e-05
1.9073e-06
3.7193e-05
1.9073e-06
3.6955e-05
2.1458e-06
3.7909e-05
2.1458e-06
3.6001e-05
1.9073e-06
4.0054e-05
1.9073e-06
3.6001e-05
1.1921e-06
3.7909e-05
2.1458e-06
3.6955e-05
1.2875e-05
9.5367e-07
1.9073e-06
3.6955e-05
9.5367e-07
3.6001e-05
1.9073e-06
1.1921e-06
4.7207e-05
0.0000e+00
9.5367e-07
3.7909e-05
5.6982e-05
0.0000e+00
3.0994e-06
9.5367e-07
4.1008e-05
9.5367e-07
9.5367e-07
3.6001e-05
2.1458e-06
3.7909e-05
9.5367e-07
3.7193e-05
9.5367e-07
3.6955e-05
4.0531e-06
0.0000e+00
9.5367e-07
3.7909e-05
1.4067e-05
9.5367e-07
9.5367e-07
3.7909e-05
9.5367e-07
3.6955e-05
1.1921e-06
5.0068e-05
6.1035e-05
0.0000e+00
1.1921e-06
3.7909e-05
9.5367e-07
3.6955e-05
1.0014e-05
9.5367e-07
9.5367e-07
3.6955e-05
9.5367e-07
3.6001e-05
9.5367e-07
3.6955e-05
9.5367e-07
3.7193e-05
1.9073e-06
3.6001e-05
4.0531e-06
0.0000e+00
7.3910e-05
9.5367e-07
9.5367e-07
3.6955e-05
9.5367e-07
3.6955e-05
9.5367e-07
3.6955e-05
1.9073e-06
3.6955e-05
9.5367e-07
3.7909e-05
1.9073e-06
4.6015e-05
3.0041e-05
0.0000e+00
9.5367e-07
3.9101e-05
1.9073e-06
4.1962e-05
1.1921e-06
3.7909e-05
1.4067e-05
9.5367e-07
4.0531e-06
9.5367e-07
3.0994e-06
9.5367e-07
9.5367e-07
3.7193e-05
1.2803e-04
0.0000e+00
1.1921e-06
4.7922e-05
1.1921e-06
3.6955e-05
9.5367e-07
3.6001e-05
4.0531e-06
0.0000e+00
9.5367e-07
3.6001e-05
2.1458e-06
3.6955e-05
1.9073e-06
3.6001e-05
2.1458e-06
3.6001e-05
9.5367e-07
3.6955e-05
1.9073e-06
3.6001e-05
9.5367e-07
3.6001e-05
3.8147e-06
0.0000e+00
1.1921e-06
3.6955e-05
1.9073e-06
3.7193e-05
1.1921e-06
3.6955e-05
1.9073e-06
3.6955e-05
9.5367e-07
3.7909e-05
9.5367e-07
3.6955e-05
2.1458e-06
3.7909e-05
9.5367e-07
3.6955e-05
3.2902e-05
0.0000e+00
9.5367e-07
3.6955e-05
1.7881e-05
0.0000e+00
0.0000e+00
3.6955e-05
3.0994e-06
9.5367e-07
1.9073e-06
0.0000e+00
9.5367e-07
4.4107e-05
1.1921e-06
3.6955e-05
9.5367e-07
3.6001e-05
9.0599e-06
3.6001e-05
9.5367e-07
3.6001e-05
4.8876e-05
9.5367e-07
9.5367e-07
3.7909e-05
9.5367e-07
3.6001e-05
1.1921e-06
3.6955e-05
9.5367e-07
3.7909e-05
2.1458e-06
4.0054e-05
1.9073e-06
3.6001e-05
1.1921e-06
3.6001e-05
4.0531e-06
0.0000e+00
9.5367e-07
3.8147e-05
2.1458e-06
3.6955e-05
8.6069e-05
0.0000e+00
5.6028e-05
0.0000e+00
4.0531e-06
0.0000e+00
9.5367e-07
3.8147e-05
1.1921e-06
3.7909e-05
4.0531e-06
0.0000e+00
3.0994e-06
0.0000e+00
9.5367e-07
3.6955e-05
1.0705e-04
3.6955e-05
1.1921e-06
3.6955e-05
4.0531e-06
0.0000e+00
9.5367e-07
4.9114e-05
9.5367e-07
3.6001e-05
8.6784e-05
9.5367e-07
9.5367e-07
3.8147e-05
9.5367e-07
3.8862e-05
2.1458e-06
3.6955e-05
1.9073e-06
3.8147e-05
9.5367e-07
3.7193e-05
9.5367e-07
4.7922e-05
2.1458e-06
3.6955e-05
1.9073e-06
3.7193e-05
1.9073e-06
3.7909e-05
2.1458e-06
3.6955e-05
1.9073e-06
3.6001e-05
5.0068e-06
9.5367e-07
2.8610e-06
0.0000e+00
1.0014e-05
3.7193e-05
1.1921e-06
4.6968e-05
9.5367e-07
3.8147e-05
2.8610e-06
3.6955e-05
9.5367e-07
3.7193e-05
2.1458e-06
3.6955e-05
1.1921e-06
3.6001e-05
2.1458e-06
3.5048e-05
4.8876e-05
9.5367e-07
9.5367e-07
4.7922e-05
9.5367e-07
3.8147e-05
9.5367e-07
3.6001e-05
2.1458e-06
3.6001e-05
1.9073e-06
3.7193e-05
2.8610e-06
1.1921e-06
4.0531e-06
0.0000e+00
3.0994e-06
0.0000e+00
9.5367e-07
3.6955e-05
1.9073e-06
4.9114e-05
9.5367e-07
3.6955e-05
4.6015e-05
3.7193e-05
2.1458e-06
3.6955e-05
2.1458e-06
3.7909e-05
9.5367e-07
3.7193e-05
5.6028e-05
0.0000e+00
9.5367e-07
3.6955e-05
9.5367e-07
4.6015e-05
1.9073e-06
3.9101e-05
1.9073e-06
3.7193e-05
2.1458e-06
3.6955e-05
9.5367e-07
3.6955e-05
9.5367e-07
3.6955e-05
9.5367e-07
3.6001e-05
9.5367e-07
3.6955e-05
6.8903e-05
0.0000e+00
9.5367e-07
3.7909e-05
9.5367e-07
3.6001e-05
2.8610e-06
0.0000e+00
2.1458e-06
0.0000e+00
9.5367e-07
3.8147e-05
9.5367e-07
3.6955e-05
9.5367e-07
3.6955e-05
1.9073e-06
3.7909e-05
2.8133e-05
0.0000e+00
0.0000e+00
3.8147e-05
9.5367e-07
3.7909e-05
9.0599e-06
0.0000e+00
0.0000e+00
3.7909e-05
9.5367e-07
4.1962e-05
9.5367e-07
3.6001e-05
1.0991e-04
1.1921e-06
9.5367e-07
3.6955e-05
9.5367e-07
3.6001e-05
1.9073e-06
3.6955e-05
9.5367e-07
3.6955e-05
9.5367e-07
3.6955e-05
9.5367e-07
3.7909e-05
1.1921e-06
3.7909e-05
9.5367e-07
3.6001e-05
4.0531e-06
1.1921e-06
1.1206e-05
9.5367e-07
2.1458e-06
3.6001e-05
9.5367e-07
3.7193e-05
9.5367e-07
3.6955e-05
9.5367e-07
3.6001e-05
1.9073e-06
3.6955e-05
4.0531e-06
0.0000e+00
1.9073e-06
3.9101e-05
9.5367e-07
4.1008e-05
3.6955e-05
0.0000e+00
1.1921e-06
3.8862e-05
1.1921e-06
3.7909e-05
1.9073e-06
3.7193e-05
9.5367e-07
3.8147e-05
1.9073e-06
3.7909e-05
9.5367e-07
3.6955e-05
1.9073e-06
3.8147e-05
9.5367e-07
3.6955e-05
9.5367e-07
3.8147e-05
4.0531e-06
0.0000e+00
3.0994e-06
9.5367e-07
1.0967e-05
3.6955e-05
9.5367e-07
3.6001e-05
1.9073e-06
3.6001e-05
1.9073e-06
3.6001e-05
9.5367e-07
4.4823e-05
2.1458e-06
3.6955e-05
9.5367e-07
3.6001e-05
3.8147e-05
4.1008e-05
1.9073e-06
3.7193e-05
5.0068e-06
1.1921e-06
4.1008e-05
9.5367e-07
9.5367e-07
3.6955e-05
9.5367e-07
3.7193e-05
1.9073e-06
4.7922e-05
1.0109e-04
9.5367e-07
9.5367e-07
3.7909e-05
3.0994e-06
0.0000e+00
6.9141e-06
0.0000e+00
1.1921e-06
3.6955e-05
4.0531e-06
0.0000e+00
9.5367e-07
3.8147e-05
1.9073e-06
3.6955e-05
2.4080e-05
3.6001e-05
2.0981e-05
3.6955e-05
2.1458e-06
3.6955e-05
9.5367e-07
3.7193e-05
9.5367e-07
3.6955e-05
1.1921e-06
4.1962e-05
5.0068e-06
9.5367e-07
4.9114e-05
9.5367e-07
0.0000e+00
3.6955e-05
9.5367e-07
4.6968e-05
9.5367e-07
3.7909e-05
1.0920e-04
0.0000e+00
1.9073e-06
3.7909e-05
1.1921e-06
3.6001e-05
9.5367e-07
3.6001e-05
9.5367e-07
3.6001e-05
2.9087e-05
0.0000e+00
1.1921e-06
3.7909e-05
9.5367e-07
4.6968e-05
1.1921e-06
3.8862e-05
2.1458e-06
3.7909e-05
9.5367e-07
3.8862e-05
1.9073e-06
3.8147e-05
4.0531e-06
0.0000e+00
9.5367e-07
3.6001e-05
1.1921e-06
4.1962e-05
1.9073e-06
4.6968e-05
1.9073e-06
3.6001e-05
1.9073e-06
3.6001e-05
9.5367e-07
3.9101e-05
9.5367e-07
3.7909e-05
1.1921e-06
3.7909e-05
9.5367e-07
3.6955e-05
1.9073e-06
3.6955e-05
5.0068e-06
0.0000e+00
1.9073e-06
3.6955e-05
1.9073e-06
3.7193e-05
2.1458e-06
3.7909e-05
9.5367e-07
3.6001e-05
9.5367e-07
3.7909e-05
9.5367e-07
3.7909e-05
1.9073e-06
3.7193e-05
9.5367e-07
3.6955e-05
1.9073e-06
3.6955e-05
1.1921e-06
3.6001e-05
4.0531e-06
0.0000e+00
3.8147e-06
9.5367e-07
9.5367e-07
4.0054e-05
1.9073e-06
3.7193e-05
9.5367e-07
3.6955e-05
9.5367e-07
4.7922e-05
4.0531e-06
9.5367e-07
1.9073e-06
3.8147e-05
1.9073e-06
3.6955e-05
4.0531e-06
9.5367e-07
1.9073e-06
3.7193e-05
1.9073e-06
3.6001e-05
1.1921e-06
3.6001e-05
9.5367e-07
3.6001e-05
1.9073e-06
3.6955e-05
3.4094e-05
3.7909e-05
2.1458e-06
3.6955e-05
9.5367e-07
3.6001e-05
5.9605e-06
0.0000e+00
1.1921e-06
3.6001e-05
9.5367e-07
3.6001e-05
9.5367e-07
3.6001e-05
1.9073e-06
4.1962e-05
2.1458e-06
3.6955e-05
9.5367e-07
3.6955e-05
2.1458e-06
3.6955e-05
4.8876e-05
0.0000e+00
1.1921e-06
3.7909e-05
9.5367e-07
3.6001e-05
1.9073e-06
3.6001e-05
2.1458e-06
3.6955e-05
1.9073e-06
3.7193e-05
5.0068e-06
9.5367e-07
9.5367e-07
3.6955e-05
9.5367e-07
3.7193e-05
1.9073e-06
3.6001e-05
9.5367e-07
3.6001e-05
1.1921e-06
3.6001e-05
1.9073e-06
3.6955e-05
1.0920e-04
9.5367e-07
9.5367e-07
3.8147e-05
9.5367e-07
4.1008e-05
9.5367e-07
3.8147e-05
1.1921e-06
3.6001e-05
2.8610e-06
0.0000e+00
9.5367e-07
3.6955e-05
1.9073e-06
4.7922e-05
5.0068e-06
9.5367e-07
2.5988e-05
0.0000e+00
0.0000e+00
3.6955e-05
4.1008e-05
3.7909e-05
2.1458e-06
3.5048e-05
5.0068e-06
0.0000e+00
9.5367e-07
3.6001e-05
9.5367e-07
3.7193e-05
1.1921e-06
3.6001e-05
9.5367e-07
3.6955e-05
3.0994e-06
0.0000e+00
1.9073e-06
3.8147e-05
1.1921e-06
3.6001e-05
4.0531e-06
0.0000e+00
9.5367e-07
3.8147e-05
9.5367e-07
3.8147e-05
9.5367e-07
3.6955e-05
1.1492e-04
9.5367e-07
3.8147e-06
9.5367e-07
3.0994e-06
9.5367e-07
9.5367e-07
3.6955e-05
9.5367e-07
3.8147e-05
9.5367e-07
3.6955e-05
3.8147e-05
9.5367e-07
9.5367e-07
3.7193e-05
9.5367e-07
3.6955e-05
9.5367e-07
3.8147e-05
2.1458e-06
3.8862e-05
2.5034e-05
3.6001e-05
5.3167e-05
3.6001e-05
4.0531e-06
9.5367e-07
9.5367e-07
3.8147e-05
2.1458e-06
3.6955e-05
9.5367e-07
3.7193e-05
1.1921e-06
3.6001e-05
2.1458e-06
3.6001e-05
7.8678e-06
1.1921e-06
9.5367e-07
3.7909e-05
1.1921e-06
3.6001e-05
3.0994e-06
9.5367e-07
9.5367e-07
3.8147e-05
5.0068e-06
0.0000e+00
9.5367e-07
3.9101e-05
9.5367e-07
3.6955e-05
1.3995e-04
9.5367e-07
8.7023e-05
0.0000e+00
9.5367e-07
3.6955e-05
9.5367e-07
3.6001e-05
9.5367e-07
3.6955e-05
9.5367e-07
3.6955e-05
8.1062e-06
0.0000e+00
4.0531e-06
0.0000e+00
1.1921e-06
3.6955e-05
9.5367e-07
3.6955e-05
1.9073e-06
3.7193e-05
1.9073e-06
3.7909e-05
4.7708e-04
9.5367e-07
1.1921e-06
3.8862e-05
9.5367e-07
3.6955e-05
9.5367e-07
3.6955e-05
1.1921e-06
3.6955e-05
9.5367e-07
3.6955e-05
9.5367e-07
3.8862e-05
2.1458e-06
3.7909e-05
9.5367e-07
3.8147e-05
2.4796e-05
0.0000e+00
9.5367e-07
3.6955e-05
1.9073e-05
3.7909e-05
4.0531e-06
0.0000e+00
9.5367e-07
3.7193e-05
3.0041e-05
4.6968e-05
1.9073e-06
3.7193e-05
3.8862e-05
3.6001e-05
1.1921e-06
3.6955e-05
1.9073e-06
3.6955e-05
1.9073e-06
3.8147e-05
9.5367e-07
3.6001e-05
9.5367e-07
3.6001e-05
1.1921e-06
4.5061e-05
9.5367e-07
3.6001e-05
1.9073e-06
3.6001e-05
9.5367e-07
3.6001e-05
9.5367e-07
3.6001e-05
2.1458e-06
3.6955e-05
9.5367e-07
3.7193e-05
4.0531e-06
1.1921e-06
9.5367e-07
5.1022e-05
1.9073e-06
3.9101e-05
9.5367e-07
3.7193e-05
2.1458e-06
3.6001e-05
9.5367e-07
3.7193e-05
4.0531e-06
1.1921e-06
9.5367e-07
3.6955e-05
9.5367e-07
3.6955e-05
9.5367e-07
4.7922e-05
2.1458e-06
3.7909e-05
9.5367e-07
3.6001e-05
1.9073e-06
3.6001e-05
1.9073e-06
3.6955e-05
9.5367e-07
3.6001e-05
9.5367e-07
3.5048e-05
2.5034e-05
3.8147e-05
1.9073e-06
3.6955e-05
9.5367e-07
3.7193e-05
9.5367e-07
3.6955e-05
1.1921e-06
3.6955e-05
9.5367e-07
3.8862e-05
1.9073e-06
3.6001e-05
9.5367e-07
3.6955e-05
1.1921e-06
4.6015e-05
1.9073e-06
3.8147e-05
9.5367e-07
3.6955e-05
1.9073e-06
3.7909e-05
4.0531e-06
0.0000e+00
9.5367e-07
3.8147e-05
2.8610e-06
9.5367e-07
9.5367e-07
3.6001e-05
9.5367e-07
3.6001e-05
2.1458e-06
4.6015e-05
9.5367e-07
3.6001e-05
2.1458e-06
3.6001e-05
9.5367e-07
3.6955e-05
3.0994e-06
0.0000e+00
4.0531e-06
9.5367e-07
1.5712e-04
0.0000e+00
9.5367e-07
3.7909e-05
1.1921e-06
4.0054e-05
3.8147e-06
9.5367e-07
3.8147e-06
0.0000e+00
1.9073e-06
3.6001e-05
3.0994e-06
9.5367e-07
5.7936e-05
9.5367e-07
1.9073e-06
3.9101e-05
9.5367e-07
3.6955e-05
4.0531e-06
9.5367e-07
1.1921e-06
3.6001e-05
9.5367e-07
3.6001e-05
1.9073e-06
4.7922e-05
1.9073e-06
3.6001e-05
1.1921e-06
3.6955e-05
9.5367e-07
3.7193e-05
2.5702e-04
3.6955e-05
9.5367e-07
3.6001e-05
9.5367e-07
4.0054e-05
1.9073e-06
5.1975e-05
9.0599e-06
4.5061e-05
1.9073e-06
3.9101e-05
1.9073e-06
3.8147e-05
1.9073e-06
3.8147e-05
5.0068e-06
0.0000e+00
1.9073e-06
3.8147e-05
2.1458e-06
3.6955e-05
4.6968e-05
1.1921e-06
9.5367e-07
4.6968e-05
1.9073e-06
3.6955e-05
4.0531e-06
9.5367e-07
9.5367e-07
3.6955e-05
1.0014e-05
3.6955e-05
2.8610e-06
3.6955e-05
2.8610e-06
3.6955e-05
3.8147e-06
3.7193e-05
2.8801e-04
9.5367e-07
9.5367e-07
5.0068e-05
9.5367e-07
3.6955e-05
2.8133e-05
3.7909e-05
1.5974e-05
3.8147e-05
3.8147e-06
3.7193e-05
3.8147e-06
3.7193e-05
5.0068e-06
3.6955e-05
2.8610e-06
3.7909e-05
4.0531e-06
9.5367e-07
1.1921e-05
3.8147e-05
3.8147e-06
3.7909e-05
1.7881e-05
3.8147e-05
5.0068e-06
3.8147e-05
1.9598e-04
9.5367e-07
1.1921e-06
2.7895e-05
9.5367e-07
2.1935e-05
0.0000e+00
3.2902e-05
1.9073e-06
2.2173e-05
9.5367e-07
2.1935e-05
6.8188e-05
2.1935e-05
1.7881e-05
2.0981e-05
9.5367e-07
2.0981e-05
7.8678e-06
0.0000e+00
1.5020e-05
2.2173e-05
6.9857e-05
2.8849e-05
9.5367e-07
2.1935e-05
9.5367e-07
2.1935e-05
9.5367e-07
2.1219e-05
1.6093e-04
2.0981e-05
3.0994e-06
2.1935e-05
9.5367e-07
2.2173e-05
2.5988e-04
0.0000e+00
0.0000e+00
3.0041e-05
9.5367e-07
2.1935e-05
9.5367e-07
2.1219e-05
0.0000e+00
2.0981e-05
9.5367e-07
2.0981e-05
9.5367e-07
2.0981e-05
4.7684e-04
0.0000e+00
1.1921e-06
2.2888e-05
9.5367e-07
2.8133e-05
1.0204e-04
0.0000e+00
4.3869e-05
0.0000e+00
1.9073e-06
0.0000e+00
1.3113e-05
2.6941e-05
2.1935e-05
9.5367e-07
2.1458e-06
0.0000e+00
1.9073e-06
2.2173e-05
6.7949e-05
2.1935e-05
2.2793e-04
2.1935e-05
9.5367e-07
2.1935e-05
9.5367e-07
2.2173e-05
9.5367e-07
2.1935e-05
7.2956e-05
0.0000e+00
9.5367e-07
2.1935e-05
3.0994e-06
9.5367e-07
9.5367e-07
2.1935e-05
9.5367e-07
2.0981e-05
9.5367e-07
2.1935e-05
8.2493e-04
0.0000e+00
4.9114e-05
9.5367e-07
9.5367e-07
2.2888e-05
1.8835e-05
9.5367e-07
1.1921e-06
2.1935e-05
0.0000e+00
2.0981e-05
1.1921e-06
2.1935e-05
9.5367e-07
2.0981e-05
4.1914e-04
9.5367e-07
9.5367e-07
2.1935e-05
9.5367e-07
2.1935e-05
1.9073e-06
0.0000e+00
0.0000e+00
2.2173e-05
2.8610e-06
1.1921e-06
2.2793e-04
0.0000e+00
0.0000e+00
2.3842e-05
9.5367e-07
2.0981e-05
5.8889e-05
2.2173e-05
1.9073e-06
2.0981e-05
8.1062e-06
0.0000e+00
2.3127e-05
2.1935e-05
1.1921e-06
2.0981e-05
9.5367e-07
2.0981e-05
0.0000e+00
2.1219e-05
9.3937e-05
2.6941e-05
5.0068e-05
0.0000e+00
9.5367e-07
2.1935e-05
8.2970e-05
0.0000e+00
3.0994e-05
0.0000e+00
9.5367e-07
2.3127e-05
0.0000e+00
2.0981e-05
7.3195e-05
0.0000e+00
0.0000e+00
2.2888e-05
1.1921e-06
2.1935e-05
5.6028e-05
2.1935e-05
4.6015e-05
2.0981e-05
9.5367e-07
2.2173e-05
1.9073e-06
2.2173e-05
8.1992e-04
1.1921e-06
6.6996e-05
0.0000e+00
9.5367e-07
2.1935e-05
1.1921e-06
2.1935e-05
9.5367e-07
2.0981e-05
1.7166e-05
0.0000e+00
9.5367e-07
2.1935e-05
9.5367e-07
2.2173e-05
9.5367e-07
2.3127e-05
4.5991e-04
0.0000e+00
1.9073e-06
0.0000e+00
5.0068e-06
2.3127e-05
0.0000e+00
2.0981e-05
1.1921e-06
2.0981e-05
9.5367e-07
2.0981e-05
1.1110e-04
0.0000e+00
0.0000e+00
2.1935e-05
1.1921e-06
2.2888e-05
9.5367e-07
2.1935e-05
0.0000e+00
2.1935e-05
9.5367e-07
2.2173e-05
9.5367e-07
2.0981e-05
9.5367e-07
2.0981e-05
9.5367e-07
2.1935e-05
9.5367e-07
2.7180e-05
9.5367e-07
2.3127e-05
2.1935e-05
2.1935e-05
3.0994e-06
2.1935e-05
1.9073e-06
2.1219e-05
9.5367e-07
2.1935e-05
9.5367e-07
2.2173e-05
2.9087e-04
9.5367e-07
9.5367e-07
4.0054e-05
1.9073e-06
3.6955e-05
2.9612e-04
3.7909e-05
9.5367e-07
3.8147e-05
9.5367e-07
3.8147e-05
9.5367e-07
3.7909e-05
4.8876e-05
9.5367e-07
1.3113e-05
9.5367e-07
1.5020e-05
3.9101e-05
1.9073e-06
4.7922e-05
5.8889e-05
2.4796e-05
1.1921e-06
2.1935e-05
4.0531e-06
2.1935e-05
9.5367e-07
2.2173e-05
9.5367e-07
2.0981e-05
1.1921e-06
2.0981e-05
9.5367e-07
2.1935e-05
2.8610e-06
0.0000e+00
1.7881e-05
2.2888e-05
1.6403e-04
0.0000e+00
9.5367e-07
2.1935e-05
8.3923e-05
1.1921e-06
9.5367e-07
2.1935e-05
9.5367e-07
2.2173e-05
1.1921e-06
2.1935e-05
9.5367e-07
2.1935e-05
1.9073e-06
2.1935e-05
9.5367e-07
2.0981e-05
3.0184e-04
0.0000e+00
1.8120e-05
0.0000e+00
0.0000e+00
2.3127e-05
8.4877e-05
2.1219e-05
9.5367e-07
2.0981e-05
0.0000e+00
2.0981e-05
1.0014e-05
2.9802e-05
3.2282e-04
0.0000e+00
2.9087e-05
9.5367e-07
9.5367e-07
2.3127e-05
9.5367e-07
2.1935e-05
1.1921e-06
2.0981e-05
9.5367e-07
2.1935e-05
9.5367e-07
2.0981e-05
9.5367e-07
2.0981e-05
1.9073e-06
5.9605e-06
2.0981e-05
9.5367e-07
3.0994e-06
9.5367e-07
4.0531e-06
2.4080e-05
0.0000e+00
2.0981e-05
1.7166e-05
0.0000e+00
3.0994e-06
2.1935e-05
7.8678e-06
2.0981e-05
2.6703e-04
0.0000e+00
0.0000e+00
2.1935e-05
3.1948e-05
0.0000e+00
0.0000e+00
2.2888e-05
9.5367e-07
2.0981e-05
0.0000e+00
2.1935e-05
9.5367e-07
2.0981e-05
9.5367e-07
2.0981e-05
0.0000e+00
2.1935e-05
6.2943e-05
0.0000e+00
9.5367e-07
2.2173e-05
9.5367e-07
2.3127e-05
9.5367e-07
2.1935e-05
9.5367e-07
2.0981e-05
8.1110e-04
2.3127e-05
9.5367e-07
2.0981e-05
0.0000e+00
2.0981e-05
9.5367e-07
2.0981e-05
0.0000e+00
3.0041e-05
9.5367e-07
2.1219e-05
9.5367e-07
2.0981e-05
0.0000e+00
2.0981e-05
1.1921e-06
2.0027e-05
9.5367e-07
2.0981e-05
9.5367e-07
2.5034e-05
1.1921e-06
2.1935e-05
3.6788e-04
2.2173e-05
9.5367e-07
2.1935e-05
5.0068e-06
9.5367e-07
1.1921e-06
2.1935e-05
0.0000e+00
2.0981e-05
9.0599e-06
2.1935e-05
1.3113e-04
9.5367e-07
9.5367e-07
2.1935e-05
2.1458e-06
0.0000e+00
9.5367e-07
2.3127e-05
9.5367e-07
2.0981e-05
4.7922e-05
2.2173e-05
9.5367e-07
2.0981e-05
9.3937e-05
0.0000e+00
0.0000e+00
2.2888e-05
5.3000e-04
2.0981e-05
9.5367e-07
2.1935e-05
9.5367e-07
2.9087e-05
9.5367e-07
2.0981e-05
2.1458e-06
0.0000e+00
9.5367e-07
2.0981e-05
2.0599e-04
1.1921e-06
9.5367e-07
2.1935e-05
9.5367e-07
2.2173e-05
1.1921e-06
2.0981e-05
9.7990e-05
2.0981e-05
9.5367e-07
2.1935e-05
9.5367e-07
2.0981e-05
9.5367e-07
2.1935e-05
1.1921e-06
2.1935e-05
1.3590e-04
0.0000e+00
2.1458e-06
0.0000e+00
0.0000e+00
2.3127e-05
9.5367e-07
2.1935e-05
1.0490e-04
0.0000e+00
0.0000e+00
2.3127e-05
1.0705e-04
0.0000e+00
9.5367e-07
2.1935e-05
2.5201e-04
0.0000e+00
0.0000e+00
2.1935e-05
9.5367e-07
2.2173e-05
0.0000e+00
2.0981e-05
9.5367e-07
2.1935e-05
2.9087e-05
3.0041e-05
2.2101e-04
0.0000e+00
0.0000e+00
2.3127e-05
9.5367e-07
2.1935e-05
9.5367e-07
2.2173e-05
1.9073e-06
0.0000e+00
0.0000e+00
2.2173e-05
0.0000e+00
2.0981e-05
0.0000e+00
2.0981e-05
1.1921e-06
2.8849e-05
3.0994e-06
0.0000e+00
0.0000e+00
2.2888e-05
1.9073e-06
2.2173e-05
9.5367e-07
2.1935e-05
9.3937e-05
2.2173e-05
5.0783e-04
2.3127e-05
9.5367e-07
2.0981e-05
9.5367e-07
2.8849e-05
7.0095e-05
2.1935e-05
1.1921e-06
2.1935e-05
2.6941e-05
0.0000e+00
2.8610e-06
2.2173e-05
9.5367e-07
2.1935e-05
5.1022e-05
0.0000e+00
0.0000e+00
2.1219e-05
3.8147e-06
2.2173e-05
9.5367e-07
2.3127e-05
9.5367e-07
2.1935e-05
1.1921e-06
2.1935e-05
1.9073e-06
0.0000e+00
1.9073e-06
2.1935e-05
3.0994e-06
2.1935e-05
4.0531e-06
2.5988e-05
9.5367e-07
2.2173e-05
9.5367e-07
2.3127e-05
4.0793e-04
0.0000e+00
0.0000e+00
2.3127e-05
9.5367e-07
2.0981e-05
0.0000e+00
2.0981e-05
9.5367e-07
2.1935e-05
1.2112e-04
2.1935e-05
1.9073e-06
2.1935e-05
9.5367e-07
2.1935e-05
6.6996e-05
0.0000e+00
9.5367e-07
2.1935e-05
2.1458e-06
9.5367e-07
9.5367e-07
2.1935e-05
9.5367e-07
2.2173e-05
2.6488e-04
2.1935e-05
2.1458e-06
2.1935e-05
7.2002e-05
2.0981e-05
1.1921e-06
2.2888e-05
2.1458e-06
9.5367e-07
9.0599e-06
2.0981e-05
8.1062e-06
2.1935e-05
6.4301e-04
2.2888e-05
2.1458e-06
2.1935e-05
9.5367e-07
2.0981e-05
9.5367e-07
2.0981e-05
3.4213e-04
2.2888e-05
1.1921e-06
2.0981e-05
3.6955e-05
2.0981e-05
2.1458e-06
2.0981e-05
7.8678e-06
2.0981e-05
9.5367e-07
2.1935e-05
1.9073e-06
0.0000e+00
5.0068e-06
0.0000e+00
9.5367e-07
3.0041e-05
1.1921e-06
2.1935e-05
9.5367e-07
2.0981e-05
0.0000e+00
2.0981e-05
9.5367e-07
2.5988e-05
0.0000e+00
2.1219e-05
9.5367e-07
2.0981e-05
9.5367e-07
3.4094e-05
9.5367e-07
2.3127e-05
1.7691e-04
2.0981e-05
9.5367e-07
2.0981e-05
9.5367e-07
2.0981e-05
3.1281e-04
0.0000e+00
8.7023e-05
0.0000e+00
6.1387e-02
