6.1660e-03
3.2187e-05
0.0000e+00
1.0204e-04
1.5020e-05
4.3049e-03
2.1458e-06
6.1989e-06
0.0000e+00
7.2956e-05
9.5367e-07
0.0000e+00
5.6982e-05
2.8610e-06
2.9206e-04
1.1921e-06
1.1921e-06
1.1301e-04
9.5367e-07
9.5367e-07
3.8147e-06
0.0000e+00
5.9605e-06
0.0000e+00
5.6982e-05
6.7949e-05
0.0000e+00
6.1989e-05
7.8201e-05
5.0068e-06
9.5367e-07
5.2929e-05
7.2002e-05
9.5367e-07
1.9073e-06
2.8610e-06
0.0000e+00
4.1008e-05
0.0000e+00
5.9843e-05
1.9073e-06
0.0000e+00
5.3883e-05
9.5367e-07
0.0000e+00
5.3883e-05
9.5367e-07
1.7881e-04
9.5367e-07
1.9073e-06
4.0531e-06
9.5367e-07
1.1921e-05
1.1992e-04
9.5367e-07
9.5367e-07
0.0000e+00
5.4836e-05
2.1458e-06
5.0068e-06
9.5367e-07
2.1458e-06
3.6955e-05
0.0000e+00
1.3113e-05
0.0000e+00
7.9155e-05
3.0994e-06
1.4997e-04
9.5367e-07
9.5367e-07
3.4499e-04
1.1921e-06
1.1921e-06
4.0531e-06
9.5367e-07
9.5367e-07
0.0000e+00
5.6982e-05
8.8930e-05
1.9073e-05
9.5367e-07
5.7936e-05
1.9073e-05
9.5367e-07
3.6001e-05
1.0800e-04
9.5367e-07
9.5367e-07
0.0000e+00
5.6028e-05
1.9073e-06
1.1301e-04
9.5367e-07
1.9073e-06
1.6928e-05
9.5367e-07
9.5367e-07
4.0531e-06
9.5367e-07
1.0014e-05
0.0000e+00
7.5102e-05
1.9073e-06
0.0000e+00
5.6982e-05
2.1458e-06
2.1887e-04
9.5367e-07
1.1921e-06
4.0531e-06
0.0000e+00
6.9141e-06
2.2316e-04
0.0000e+00
9.5367e-07
0.0000e+00
5.6982e-05
9.5367e-07
1.6928e-05
9.5367e-07
9.5367e-07
0.0000e+00
5.3883e-05
9.5367e-07
0.0000e+00
5.4121e-05
1.9073e-06
2.5916e-04
9.5367e-07
2.1458e-06
5.0068e-06
9.5367e-07
5.9605e-06
0.0000e+00
8.0824e-05
3.0994e-06
0.0000e+00
5.5075e-05
1.9073e-06
0.0000e+00
5.3883e-05
1.9073e-06
1.0014e-05
9.5367e-07
1.9073e-06
0.0000e+00
6.2943e-05
1.9073e-06
3.3522e-04
9.5367e-07
1.9073e-06
0.0000e+00
5.6982e-05
6.4135e-05
0.0000e+00
5.5075e-05
2.1458e-06
4.0531e-06
9.5367e-07
5.9605e-06
5.0068e-05
9.5367e-07
3.0994e-06
0.0000e+00
5.7936e-05
4.0531e-06
4.0531e-06
1.1921e-06
3.0994e-06
7.2956e-05
1.1921e-06
2.1458e-06
4.5705e-04
9.5367e-07
1.9073e-06
0.0000e+00
5.6028e-05
9.5367e-07
7.7009e-05
9.5367e-07
9.5367e-07
0.0000e+00
5.4836e-05
9.5367e-07
0.0000e+00
5.2929e-05
4.7922e-05
2.8610e-06
9.5367e-07
2.1458e-06
0.0000e+00
5.5075e-05
5.0068e-06
0.0000e+00
5.6982e-05
1.9073e-06
0.0000e+00
6.1035e-05
2.1458e-06
0.0000e+00
5.5075e-05
8.1062e-06
0.0000e+00
5.5075e-05
1.9073e-06
8.1062e-06
9.5367e-07
1.9073e-06
0.0000e+00
5.5075e-05
1.9073e-06
1.0014e-05
1.1921e-06
2.1458e-06
0.0000e+00
5.5075e-05
2.8610e-06
0.0000e+00
7.2002e-05
4.5705e-04
0.0000e+00
5.8174e-05
1.9073e-06
1.0014e-05
9.5367e-07
2.0027e-05
0.0000e+00
5.6028e-05
2.8610e-06
3.8314e-04
9.5367e-07
2.1458e-06
0.0000e+00
5.7936e-05
4.8876e-05
0.0000e+00
5.4836e-05
1.9073e-06
0.0000e+00
5.5075e-05
2.1458e-06
1.3900e-04
9.5367e-07
9.5367e-07
0.0000e+00
6.1989e-05
3.0994e-06
0.0000e+00
5.6982e-05
8.1062e-06
0.0000e+00
5.6028e-05
9.5367e-07
0.0000e+00
5.5075e-05
7.8678e-06
6.1989e-06
9.5367e-07
9.5367e-07
0.0000e+00
5.5075e-05
1.9073e-06
0.0000e+00
5.4121e-05
2.9683e-04
4.0531e-06
1.1921e-06
2.1458e-06
0.0000e+00
5.4121e-05
4.0531e-06
2.8205e-04
9.5367e-07
2.1458e-06
0.0000e+00
5.7936e-05
9.5367e-07
5.0068e-06
9.5367e-07
1.9073e-06
0.0000e+00
5.5075e-05
2.8610e-06
0.0000e+00
5.1975e-05
2.3842e-05
0.0000e+00
5.6028e-05
1.2612e-04
2.0027e-05
9.5367e-07
3.6001e-05
0.0000e+00
5.4836e-05
9.5367e-07
0.0000e+00
5.3883e-05
1.9073e-06
7.2956e-05
9.5367e-07
9.5367e-07
0.0000e+00
6.2943e-05
9.5367e-07
0.0000e+00
5.4121e-05
2.1458e-06
0.0000e+00
5.4121e-05
5.0068e-06
0.0000e+00
5.4836e-05
1.9073e-06
7.8678e-06
1.1921e-06
9.5367e-07
0.0000e+00
5.3883e-05
1.9073e-06
0.0000e+00
5.3883e-05
9.5367e-07
9.0599e-06
9.5367e-07
2.8610e-06
4.1819e-04
9.5367e-07
9.5367e-07
0.0000e+00
7.4148e-05
3.0994e-06
4.0531e-06
1.1921e-06
3.0994e-06
4.0531e-06
9.5367e-07
5.0068e-05
0.0000e+00
5.6028e-05
2.3127e-05
0.0000e+00
5.4121e-05
3.2878e-04
0.0000e+00
5.3883e-05
5.0068e-06
5.9605e-06
9.5367e-07
4.7922e-05
0.0000e+00
5.5075e-05
1.3185e-04
3.8147e-06
0.0000e+00
5.3167e-05
4.0531e-06
0.0000e+00
4.9829e-05
0.0000e+00
7.4863e-05
5.7936e-05
0.0000e+00
5.4836e-05
2.1458e-06
4.0531e-06
9.5367e-07
2.8610e-06
3.0994e-06
0.0000e+00
2.4080e-05
0.0000e+00
5.3883e-05
2.1696e-04
4.0531e-06
9.5367e-07
1.9073e-06
0.0000e+00
5.6982e-05
2.1458e-06
0.0000e+00
5.5075e-05
3.0994e-06
2.8610e-06
9.5367e-07
9.5367e-07
0.0000e+00
5.4121e-05
1.4997e-04
0.0000e+00
5.8889e-05
2.1458e-06
2.5606e-04
0.0000e+00
1.9073e-06
0.0000e+00
5.5075e-05
2.1458e-06
5.0068e-06
0.0000e+00
2.0981e-05
0.0000e+00
5.3883e-05
2.3842e-05
3.0112e-04
9.5367e-07
9.5367e-07
0.0000e+00
5.4836e-05
1.9073e-06
0.0000e+00
5.2929e-05
1.9073e-06
0.0000e+00
5.5075e-05
9.5367e-07
1.9598e-04
9.5367e-07
1.9073e-06
0.0000e+00
5.6028e-05
9.5367e-07
0.0000e+00
5.5075e-05
3.0994e-06
0.0000e+00
5.1975e-05
5.9605e-06
0.0000e+00
5.3883e-05
5.0068e-06
0.0000e+00
5.4121e-05
1.9073e-06
0.0000e+00
5.4121e-05
1.6093e-04
0.0000e+00
5.5075e-05
1.9073e-06
7.0095e-05
9.5367e-07
2.1458e-06
0.0000e+00
5.6982e-05
1.9073e-06
0.0000e+00
5.2929e-05
6.9141e-06
4.2915e-05
0.0000e+00
1.9073e-06
0.0000e+00
5.5790e-05
2.1458e-06
0.0000e+00
5.3883e-05
4.0054e-05
0.0000e+00
5.4121e-05
4.7684e-06
8.4877e-05
1.1921e-06
1.1921e-06
5.6028e-05
9.5367e-07
9.5367e-07
0.0000e+00
5.6028e-05
2.8610e-06
1.2779e-04
0.0000e+00
1.9073e-06
0.0000e+00
5.8174e-05
2.1458e-06
1.5903e-04
9.5367e-07
9.5367e-07
2.3127e-05
9.5367e-07
9.5367e-07
0.0000e+00
5.5075e-05
9.5367e-07
4.0531e-06
0.0000e+00
1.0014e-05
1.9073e-05
1.1921e-06
3.8147e-05
0.0000e+00
5.3883e-05
9.5367e-07
0.0000e+00
5.3883e-05
1.9073e-06
3.8147e-06
0.0000e+00
1.9073e-06
0.0000e+00
5.4121e-05
1.9073e-06
0.0000e+00
5.6028e-05
3.5381e-04
2.0027e-05
9.5367e-07
3.5048e-05
7.8678e-06
9.5367e-07
6.4850e-05
0.0000e+00
5.4836e-05
9.5367e-07
6.1989e-05
9.5367e-07
9.5367e-07
0.0000e+00
5.4121e-05
2.7680e-04
2.8610e-06
9.5367e-07
2.1458e-06
1.1611e-04
9.5367e-07
9.5367e-07
0.0000e+00
5.7220e-05
6.7949e-05
1.7881e-05
1.1921e-06
3.9101e-05
5.0068e-06
9.5367e-07
3.0994e-05
0.0000e+00
5.8889e-05
7.1049e-05
0.0000e+00
5.4121e-05
2.1458e-06
0.0000e+00
5.5075e-05
1.9073e-06
0.0000e+00
5.3167e-05
2.1458e-06
0.0000e+00
5.3883e-05
5.8174e-05
4.2915e-05
1.1921e-06
1.3113e-05
5.0068e-06
0.0000e+00
4.9114e-05
7.2956e-05
1.1921e-06
1.1921e-06
3.8147e-06
9.5367e-07
3.0994e-05
0.0000e+00
5.5075e-05
2.8849e-05
2.8610e-06
1.1921e-06
2.1458e-06
0.0000e+00
5.6982e-05
1.9073e-05
0.0000e+00
5.3883e-05
4.5705e-04
0.0000e+00
5.4121e-05
4.7684e-06
7.8678e-06
1.1921e-06
4.0770e-05
1.1921e-05
0.0000e+00
4.1962e-05
0.0000e+00
5.6028e-05
5.0068e-06
1.4710e-04
9.5367e-07
1.9073e-06
0.0000e+00
5.5075e-05
1.9073e-06
0.0000e+00
7.2956e-05
1.9073e-06
1.9407e-04
1.1921e-06
1.1921e-06
4.3869e-05
0.0000e+00
1.1921e-06
0.0000e+00
5.3883e-05
9.5367e-07
0.0000e+00
5.4836e-05
1.1921e-06
0.0000e+00
6.0081e-05
3.0994e-06
6.9141e-06
9.5367e-07
1.9073e-06
3.0994e-06
9.5367e-07
3.0994e-06
0.0000e+00
5.6028e-05
5.0068e-05
3.0994e-06
9.5367e-07
3.0994e-06
6.9857e-05
9.5367e-07
1.9073e-06
0.0000e+00
5.6982e-05
2.1458e-06
0.0000e+00
5.4121e-05
2.1458e-06
0.0000e+00
5.1975e-05
1.9073e-06
0.0000e+00
5.4836e-05
3.8195e-04
2.1791e-04
9.5367e-07
9.5367e-07
0.0000e+00
5.4836e-05
1.9073e-06
0.0000e+00
5.4121e-05
2.1458e-06
0.0000e+00
5.3167e-05
8.1062e-06
0.0000e+00
7.3910e-05
3.0994e-06
1.1206e-04
9.5367e-07
9.5367e-07
4.0531e-06
9.5367e-07
9.5367e-07
0.0000e+00
5.3883e-05
1.9073e-06
0.0000e+00
5.3883e-05
1.9073e-06
0.0000e+00
5.3883e-05
2.1386e-04
2.8610e-06
9.5367e-07
3.0994e-06
0.0000e+00
5.6028e-05
8.8215e-06
0.0000e+00
5.2929e-05
3.8147e-06
0.0000e+00
7.2956e-05
2.0027e-05
0.0000e+00
5.6028e-05
2.1458e-06
0.0000e+00
5.2929e-05
4.0531e-06
2.8801e-04
9.5367e-07
9.5367e-07
1.1015e-04
0.0000e+00
9.5367e-07
1.1110e-04
0.0000e+00
1.9073e-06
0.0000e+00
5.5790e-05
2.1458e-06
0.0000e+00
5.4836e-05
9.5367e-07
5.0068e-05
1.1921e-06
1.1921e-06
0.0000e+00
5.4836e-05
2.1458e-06
0.0000e+00
5.7936e-05
5.0068e-06
0.0000e+00
5.3883e-05
9.5367e-07
2.6798e-04
0.0000e+00
9.5367e-07
0.0000e+00
5.6982e-05
9.5367e-07
0.0000e+00
5.4121e-05
1.9073e-06
0.0000e+00
5.5075e-05
9.5367e-07
1.5020e-05
1.1921e-06
9.5367e-07
0.0000e+00
5.5075e-05
9.5367e-07
3.8147e-06
9.5367e-07
1.1921e-06
0.0000e+00
5.6028e-05
9.5367e-07
0.0000e+00
5.4121e-05
1.6713e-04
1.1802e-04
0.0000e+00
9.5367e-07
0.0000e+00
5.4121e-05
3.0994e-06
9.0599e-06
9.5367e-07
1.9073e-06
0.0000e+00
5.6982e-05
2.1458e-06
0.0000e+00
5.4121e-05
2.1458e-06
0.0000e+00
5.2929e-05
2.1458e-06
0.0000e+00
7.2956e-05
1.9073e-06
1.0014e-05
9.5367e-07
9.5367e-07
0.0000e+00
5.6028e-05
1.8406e-04
0.0000e+00
5.5075e-05
5.0068e-06
0.0000e+00
5.2929e-05
8.9884e-05
1.9073e-05
9.5367e-07
3.4809e-05
0.0000e+00
5.5075e-05
1.9073e-06
0.0000e+00
5.3883e-05
1.9073e-06
0.0000e+00
5.3883e-05
1.9073e-06
0.0000e+00
7.2002e-05
3.0994e-06
2.1195e-04
9.5367e-07
9.5367e-07
0.0000e+00
5.5075e-05
1.6880e-04
5.0068e-06
9.5367e-07
5.2929e-05
0.0000e+00
5.3883e-05
1.9073e-06
0.0000e+00
5.3883e-05
1.0014e-05
3.4094e-05
9.5367e-07
2.0981e-05
0.0000e+00
5.3883e-05
1.9073e-06
1.5187e-04
9.5367e-07
9.5367e-07
0.0000e+00
5.4121e-05
1.9073e-06
1.2016e-04
9.5367e-07
1.9073e-06
5.6028e-05
9.5367e-07
9.5367e-07
3.8147e-06
9.5367e-07
1.0014e-05
2.7704e-04
9.5367e-07
9.5367e-07
0.0000e+00
5.7936e-05
2.1458e-06
3.8147e-06
0.0000e+00
1.9789e-05
0.0000e+00
5.3883e-05
9.5367e-07
6.4135e-05
9.5367e-07
1.9073e-06
5.4121e-05
9.5367e-07
9.5367e-07
0.0000e+00
5.9843e-05
1.9073e-06
0.0000e+00
5.4836e-05
3.0994e-06
0.0000e+00
5.6982e-05
2.1291e-04
0.0000e+00
5.4836e-05
1.9073e-06
0.0000e+00
5.3883e-05
9.5367e-07
0.0000e+00
5.3883e-05
9.2983e-05
0.0000e+00
5.4121e-05
2.1458e-06
4.0531e-06
9.5367e-07
2.8610e-06
0.0000e+00
5.3883e-05
5.0068e-06
0.0000e+00
5.5075e-05
2.1458e-06
1.2803e-04
1.1921e-06
2.1458e-06
4.0531e-06
9.5367e-07
2.5988e-05
4.0531e-06
9.5367e-07
2.8610e-06
0.0000e+00
5.7936e-05
1.7595e-04
0.0000e+00
5.4836e-05
1.9073e-06
0.0000e+00
5.4121e-05
3.3402e-04
0.0000e+00
6.0081e-05
1.9073e-06
0.0000e+00
5.6028e-05
9.5367e-07
4.1962e-05
9.5367e-07
9.5367e-07
0.0000e+00
5.4121e-05
2.8610e-06
0.0000e+00
5.7220e-05
2.1458e-06
1.0395e-04
9.5367e-07
9.5367e-07
0.0000e+00
5.3883e-05
1.9073e-06
0.0000e+00
5.3883e-05
5.0068e-06
0.0000e+00
5.3883e-05
3.0994e-05
0.0000e+00
5.3883e-05
1.9073e-06
0.0000e+00
5.2929e-05
9.5367e-07
9.0599e-06
0.0000e+00
2.1458e-06
0.0000e+00
7.2956e-05
2.8610e-06
3.6001e-04
9.5367e-07
9.5367e-07
0.0000e+00
5.6028e-05
9.5367e-07
0.0000e+00
5.3883e-05
9.5367e-07
4.0531e-06
9.5367e-07
2.1458e-06
1.7095e-04
0.0000e+00
9.5367e-07
2.8610e-06
0.0000e+00
7.1526e-06
0.0000e+00
5.5075e-05
1.9073e-06
0.0000e+00
5.5075e-05
1.0204e-04
0.0000e+00
6.1035e-05
2.1458e-06
0.0000e+00
7.2002e-05
2.1458e-06
0.0000e+00
5.5075e-05
1.1921e-06
2.7704e-04
9.5367e-07
1.9073e-06
4.0531e-06
0.0000e+00
3.0994e-06
2.8610e-06
9.5367e-07
1.9789e-05
0.0000e+00
8.6069e-05
4.0531e-06
0.0000e+00
9.7990e-05
4.0531e-06
0.0000e+00
9.7036e-05
2.8610e-06
0.0000e+00
1.0514e-04
3.8147e-06
2.0981e-05
9.5367e-07
2.1458e-06
2.1935e-05
9.5367e-07
9.5367e-07
1.7500e-04
9.5367e-07
9.5367e-07
4.0531e-06
9.5367e-07
1.0014e-05
0.0000e+00
5.9128e-05
1.8120e-05
0.0000e+00
5.3167e-05
2.1458e-06
4.0531e-06
9.5367e-07
2.8610e-06
0.0000e+00
5.3883e-05
1.5998e-04
0.0000e+00
5.3167e-05
4.0531e-06
7.7009e-05
6.9141e-06
1.9073e-06
0.0000e+00
5.6982e-05
2.8610e-06
4.7684e-06
9.5367e-07
1.9073e-06
2.4605e-04
9.5367e-07
9.5367e-07
0.0000e+00
5.6982e-05
1.9073e-06
1.5497e-04
9.5367e-07
1.1921e-06
0.0000e+00
5.4121e-05
2.1458e-06
4.0531e-06
9.5367e-07
9.5367e-07
0.0000e+00
5.4121e-05
1.9073e-06
9.0599e-06
9.5367e-07
1.9073e-06
3.7694e-04
9.5367e-07
2.1458e-06
5.0068e-06
9.5367e-07
9.5367e-07
0.0000e+00
5.6028e-05
9.5367e-07
0.0000e+00
7.4148e-05
1.5974e-05
1.1206e-04
0.0000e+00
9.5367e-07
3.8147e-06
9.5367e-07
2.5988e-05
0.0000e+00
5.5075e-05
2.8610e-06
4.0531e-06
9.5367e-07
2.1458e-06
2.8610e-06
9.5367e-07
3.0994e-06
3.0994e-06
9.5367e-07
2.8610e-06
2.2197e-04
9.5367e-07
9.5367e-07
0.0000e+00
5.5790e-05
9.5367e-07
0.0000e+00
5.4836e-05
9.5367e-07
0.0000e+00
5.2929e-05
3.0994e-06
2.7192e-03
9.5367e-07
1.9073e-06
1.1420e-04
0.0000e+00
9.5367e-07
0.0000e+00
6.1035e-05
1.9073e-06
0.0000e+00
5.5075e-05
9.5367e-07
0.0000e+00
5.3167e-05
1.1921e-06
1.7786e-04
9.5367e-07
1.1921e-06
0.0000e+00
5.5075e-05
1.1921e-06
5.0068e-06
9.5367e-07
9.5367e-07
0.0000e+00
5.4121e-05
5.9605e-06
9.1076e-05
0.0000e+00
9.5367e-07
0.0000e+00
8.0109e-05
1.7309e-04
4.0531e-06
9.5367e-07
2.8610e-06
1.6594e-04
9.5367e-07
2.1458e-06
6.6996e-05
9.5367e-07
9.5367e-07
0.0000e+00
5.6982e-05
1.1921e-06
0.0000e+00
5.2929e-05
1.9073e-06
0.0000e+00
5.3883e-05
1.9073e-06
0.0000e+00
5.3883e-05
1.0395e-04
1.0514e-04
9.5367e-07
9.5367e-07
0.0000e+00
5.5075e-05
3.0994e-06
4.0531e-06
1.1921e-06
1.9073e-06
0.0000e+00
5.7936e-05
2.1458e-06
0.0000e+00
5.6028e-05
2.1458e-06
0.0000e+00
5.4121e-05
2.1458e-06
0.0000e+00
5.2929e-05
2.1505e-04
3.0994e-06
0.0000e+00
3.0994e-06
0.0000e+00
5.3883e-05
5.0068e-06
1.6904e-04
9.5367e-07
1.1921e-06
1.0705e-04
9.5367e-07
9.5367e-07
2.0981e-05
1.1921e-06
1.9073e-06
3.8147e-06
0.0000e+00
9.5367e-07
3.0994e-06
9.5367e-07
1.9073e-06
2.3198e-04
9.5367e-07
1.1921e-06
0.0000e+00
5.6982e-05
1.5306e-04
0.0000e+00
5.4836e-05
9.5367e-07
0.0000e+00
5.2929e-05
9.5367e-07
3.0994e-06
9.5367e-07
9.0599e-06
0.0000e+00
5.6028e-05
1.6928e-05
5.0068e-06
0.0000e+00
1.0014e-05
2.7084e-04
1.1921e-06
2.1458e-06
0.0000e+00
5.6028e-05
1.9073e-06
0.0000e+00
5.6982e-05
1.1921e-06
0.0000e+00
5.3883e-05
3.0994e-06
7.8678e-06
9.5367e-07
3.8147e-06
0.0000e+00
5.5790e-05
1.8311e-04
2.8610e-06
0.0000e+00
2.8610e-06
0.0000e+00
5.5075e-05
4.0531e-06
0.0000e+00
5.3883e-05
2.3842e-05
1.1301e-04
9.5367e-07
9.5367e-07
0.0000e+00
6.1035e-05
3.0994e-06
0.0000e+00
5.6028e-05
2.8610e-06
1.2779e-04
9.5367e-07
1.1921e-06
0.0000e+00
5.5075e-05
1.9073e-06
3.0994e-06
9.5367e-07
2.1935e-05
4.0531e-06
0.0000e+00
5.0068e-05
2.8610e-06
9.5367e-07
1.9789e-05
0.0000e+00
5.4836e-05
5.0068e-06
0.0000e+00
5.4121e-05
1.3781e-04
0.0000e+00
5.4836e-05
1.9073e-06
2.5296e-04
9.5367e-07
2.1458e-06
5.0068e-06
9.5367e-07
5.9605e-06
5.0068e-06
9.5367e-07
5.7220e-05
0.0000e+00
5.7936e-05
1.9073e-06
0.0000e+00
5.4121e-05
1.9073e-06
2.4104e-04
9.5367e-07
9.5367e-07
3.8147e-06
0.0000e+00
9.0599e-06
0.0000e+00
5.4836e-05
1.9073e-06
0.0000e+00
5.2929e-05
5.0068e-06
0.0000e+00
5.4121e-05
2.0599e-04
1.7881e-05
0.0000e+00
3.9101e-05
1.3399e-04
1.1921e-06
9.5367e-07
0.0000e+00
5.8174e-05
2.1458e-06
0.0000e+00
5.3883e-05
2.8610e-06
3.8147e-06
0.0000e+00
3.0994e-06
0.0000e+00
5.6028e-05
1.9073e-06
0.0000e+00
5.3883e-05
2.1887e-04
3.8147e-06
9.5367e-07
5.3167e-05
5.6982e-05
1.1921e-06
1.1921e-06
0.0000e+00
5.6028e-05
1.9073e-06
2.5988e-05
0.0000e+00
2.1458e-06
6.9141e-06
1.1921e-06
3.0994e-06
0.0000e+00
5.6982e-05
9.5367e-07
0.0000e+00
5.4121e-05
1.3804e-04
0.0000e+00
5.4836e-05
4.0531e-06
4.0531e-06
9.5367e-07
6.7949e-05
4.0531e-06
0.0000e+00
9.0599e-06
0.0000e+00
5.5075e-05
3.8147e-06
4.0531e-06
1.1921e-06
2.1458e-06
5.2094e-04
0.0000e+00
1.1921e-06
0.0000e+00
5.6028e-05
2.1458e-06
0.0000e+00
7.1049e-05
1.9073e-06
5.0068e-06
1.1921e-06
3.0994e-06
2.8610e-06
9.5367e-07
5.1022e-05
0.0000e+00
5.7936e-05
2.4295e-04
0.0000e+00
5.4121e-05
2.0027e-05
0.0000e+00
6.0797e-05
3.0994e-06
0.0000e+00
5.5075e-05
1.9073e-06
3.8147e-06
9.5367e-07
5.4836e-05
0.0000e+00
5.2929e-05
2.8610e-06
1.8215e-04
9.5367e-07
9.5367e-07
0.0000e+00
7.4148e-05
1.9073e-06
0.0000e+00
5.4121e-05
1.1921e-06
5.0068e-06
9.5367e-07
9.5367e-07
0.0000e+00
5.6028e-05
1.9073e-06
0.0000e+00
5.3883e-05
1.5092e-04
0.0000e+00
5.9843e-05
1.9073e-06
0.0000e+00
5.2929e-05
3.8862e-05
0.0000e+00
5.2929e-05
2.3103e-04
0.0000e+00
8.1062e-05
2.1458e-06
3.3140e-05
9.5367e-07
9.5367e-07
0.0000e+00
5.5790e-05
2.1458e-06
1.0395e-04
9.5367e-07
9.5367e-07
0.0000e+00
5.4836e-05
1.9073e-06
2.8610e-06
0.0000e+00
1.9073e-05
2.5010e-04
1.1921e-06
9.5367e-07
3.8147e-06
9.5367e-07
1.1921e-05
4.0531e-06
0.0000e+00
5.6028e-05
0.0000e+00
5.5075e-05
1.9073e-06
1.0014e-05
0.0000e+00
2.1458e-06
0.0000e+00
7.2002e-05
1.5998e-04
0.0000e+00
5.6982e-05
1.9073e-06
9.5844e-05
9.5367e-07
2.1458e-06
0.0000e+00
5.5075e-05
1.1921e-06
0.0000e+00
5.2929e-05
1.9073e-06
0.0000e+00
5.8889e-05
1.9073e-06
4.0531e-06
9.5367e-07
2.1458e-06
0.0000e+00
5.5075e-05
4.4107e-05
0.0000e+00
5.4121e-05
1.9073e-06
0.0000e+00
7.1049e-05
2.8610e-06
0.0000e+00
5.3883e-05
4.7898e-04
4.0531e-06
9.5367e-07
5.1022e-05
0.0000e+00
6.1989e-05
1.9073e-06
1.4400e-04
9.5367e-07
1.9073e-06
4.0531e-06
9.5367e-07
9.5367e-07
0.0000e+00
5.3883e-05
8.2970e-05
3.0994e-06
0.0000e+00
5.3883e-05
4.0531e-06
1.1921e-06
3.0994e-06
1.8001e-04
9.5367e-07
1.1921e-06
0.0000e+00
5.6028e-05
1.3185e-04
4.0531e-06
9.5367e-07
4.9829e-05
0.0000e+00
6.1989e-05
1.9073e-06
0.0000e+00
5.1975e-05
8.8930e-05
4.0531e-06
1.1921e-06
5.0783e-05
2.8610e-06
1.1921e-06
2.0981e-05
1.5593e-04
9.5367e-07
9.5367e-07
0.0000e+00
5.3883e-05
6.7949e-05
2.8610e-06
1.1921e-06
2.1458e-06
0.0000e+00
5.5075e-05
4.0531e-06
0.0000e+00
5.3167e-05
4.0054e-05
0.0000e+00
7.5817e-05
3.0994e-06
5.0068e-06
0.0000e+00
2.8610e-06
0.0000e+00
6.1989e-05
1.0419e-04
9.2030e-05
9.5367e-07
9.5367e-07
0.0000e+00
5.5075e-05
1.9073e-06
4.0531e-06
9.5367e-07
2.1458e-06
0.0000e+00
5.6028e-05
1.9097e-04
2.8610e-06
0.0000e+00
5.3883e-05
3.0994e-06
9.5367e-07
2.8610e-06
0.0000e+00
5.3883e-05
1.0967e-05
3.0994e-06
9.5367e-07
2.1458e-06
0.0000e+00
5.5075e-05
2.1458e-06
0.0000e+00
5.3167e-05
3.7217e-04
0.0000e+00
5.5075e-05
5.0068e-06
0.0000e+00
5.3883e-05
1.2207e-04
0.0000e+00
5.3883e-05
2.1458e-06
0.0000e+00
5.3883e-05
9.5367e-07
2.8849e-05
1.1921e-06
1.9073e-05
1.9097e-04
0.0000e+00
2.1458e-06
5.0068e-06
9.5367e-07
0.0000e+00
0.0000e+00
7.6056e-05
1.9073e-06
0.0000e+00
5.3883e-05
2.8610e-06
0.0000e+00
5.3883e-05
9.2983e-05
4.0531e-06
0.0000e+00
5.1975e-05
0.0000e+00
5.5075e-05
1.9073e-06
4.0531e-06
1.1921e-06
2.1458e-06
0.0000e+00
5.4121e-05
2.0814e-04
1.9073e-05
9.5367e-07
5.4836e-05
0.0000e+00
5.3883e-05
9.1076e-05
3.0994e-06
9.5367e-07
3.0994e-06
0.0000e+00
5.6982e-05
3.9816e-05
2.0981e-05
9.5367e-07
3.6955e-05
0.0000e+00
5.5075e-05
1.1921e-06
0.0000e+00
5.5075e-05
5.0068e-06
0.0000e+00
5.5075e-05
2.1458e-06
0.0000e+00
5.4121e-05
2.1815e-04
0.0000e+00
5.5075e-05
2.1458e-06
4.0531e-06
9.5367e-07
1.9073e-06
5.6028e-05
0.0000e+00
2.8610e-06
0.0000e+00
5.7936e-05
1.9073e-06
0.0000e+00
5.5075e-05
9.5367e-07
3.5691e-04
1.1921e-06
1.1921e-06
2.0027e-05
9.5367e-07
9.5367e-07
1.3208e-04
9.5367e-07
9.5367e-07
4.0531e-06
9.5367e-07
9.5367e-07
1.3518e-04
9.5367e-07
9.5367e-07
0.0000e+00
5.6982e-05
9.5367e-07
0.0000e+00
6.1035e-05
1.9073e-06
0.0000e+00
5.5075e-05
1.2875e-05
0.0000e+00
7.2002e-05
1.0514e-04
0.0000e+00
5.4121e-05
1.9073e-06
5.0068e-06
9.5367e-07
5.9605e-06
4.9114e-05
9.5367e-07
5.0068e-06
4.0531e-06
0.0000e+00
2.8610e-06
3.2806e-04
9.5367e-07
1.1921e-06
0.0000e+00
5.6028e-05
1.1921e-06
0.0000e+00
5.2929e-05
2.1458e-06
0.0000e+00
5.6028e-05
1.9073e-06
0.0000e+00
5.5075e-05
8.0109e-05
0.0000e+00
5.6982e-05
1.9073e-06
0.0000e+00
5.6028e-05
9.5367e-07
0.0000e+00
5.3883e-05
1.9073e-06
0.0000e+00
5.4836e-05
1.9073e-06
5.9605e-06
9.5367e-07
9.5367e-07
0.0000e+00
5.5075e-05
9.5367e-07
2.2173e-05
9.5367e-07
1.9073e-06
0.0000e+00
5.6982e-05
3.7694e-04
0.0000e+00
7.2002e-05
7.1526e-06
5.1975e-05
0.0000e+00
4.0531e-06
4.1008e-05
0.0000e+00
1.4067e-05
0.0000e+00
5.6982e-05
1.0896e-04
0.0000e+00
5.4121e-05
1.9073e-06
0.0000e+00
5.3167e-05
2.1458e-06
4.0531e-06
0.0000e+00
5.1022e-05
0.0000e+00
5.3883e-05
2.1458e-06
0.0000e+00
5.5075e-05
1.8120e-05
1.6499e-04
1.1921e-06
1.9073e-06
0.0000e+00
5.7220e-05
3.0994e-06
0.0000e+00
5.4121e-05
1.9073e-06
0.0000e+00
5.3167e-05
9.5367e-07
0.0000e+00
5.4121e-05
9.5367e-07
0.0000e+00
5.1975e-05
1.9073e-06
0.0000e+00
5.3883e-05
1.9073e-06
0.0000e+00
5.2929e-05
1.2302e-04
1.0586e-04
1.1921e-06
9.5367e-07
0.0000e+00
7.2002e-05
2.8610e-06
1.0204e-04
9.5367e-07
2.1458e-06
0.0000e+00
5.6028e-05
1.9073e-06
6.0081e-05
9.5367e-07
9.5367e-07
5.0068e-06
9.5367e-07
1.3113e-05
0.0000e+00
5.5075e-05
1.9073e-06
4.0531e-06
9.5367e-07
4.0531e-06
2.6202e-04
9.5367e-07
9.5367e-07
0.0000e+00
5.5790e-05
1.7405e-04
5.9605e-06
9.5367e-07
6.6042e-05
6.2227e-05
9.5367e-07
1.9073e-06
2.2173e-05
9.5367e-07
1.0967e-05
0.0000e+00
5.8174e-05
3.0994e-06
1.7190e-04
9.5367e-07
9.5367e-07
4.0531e-06
9.5367e-07
9.5367e-07
0.0000e+00
5.5075e-05
1.9073e-06
8.1062e-06
0.0000e+00
9.5367e-07
1.2517e-04
9.5367e-07
9.5367e-07
2.0027e-05
9.5367e-07
9.5367e-07
0.0000e+00
5.6028e-05
2.1458e-06
0.0000e+00
5.3883e-05
1.9073e-06
0.0000e+00
5.3883e-05
3.2902e-04
4.0531e-06
0.0000e+00
1.9073e-06
0.0000e+00
5.8889e-05
1.4091e-04
2.7180e-05
9.5367e-07
3.0041e-05
5.0068e-06
9.5367e-07
4.7922e-05
0.0000e+00
5.6982e-05
1.9073e-05
5.0068e-06
1.1921e-06
3.0994e-06
1.1110e-04
9.5367e-07
9.5367e-07
4.5061e-05
9.5367e-07
9.5367e-07
2.0027e-05
1.1921e-06
1.9073e-06
4.0531e-06
9.5367e-07
4.0531e-06
1.9073e-06
0.0000e+00
2.1458e-06
0.0000e+00
5.5075e-05
1.8311e-04
3.0994e-06
9.5367e-07
2.1458e-06
1.0490e-04
9.5367e-07
1.1921e-06
2.0027e-05
0.0000e+00
0.0000e+00
0.0000e+00
5.8174e-05
2.1458e-06
0.0000e+00
5.5075e-05
1.1921e-06
0.0000e+00
5.3883e-05
2.1458e-06
0.0000e+00
5.2929e-05
9.0003e-04
0.0000e+00
5.5075e-05
1.9073e-06
0.0000e+00
5.4836e-05
1.9073e-06
0.0000e+00
7.7963e-05
6.9141e-06
0.0000e+00
6.1989e-05
1.9073e-06
0.0000e+00
5.4836e-05
9.5129e-05
0.0000e+00
5.5075e-05
2.0027e-05
0.0000e+00
5.3883e-05
3.0994e-06
0.0000e+00
5.3883e-05
2.1458e-06
7.5817e-05
9.5367e-07
9.5367e-07
0.0000e+00
5.4121e-05
2.1458e-06
1.0490e-04
0.0000e+00
1.9073e-06
0.0000e+00
5.6982e-05
1.1921e-06
5.8889e-05
1.1921e-06
1.1921e-06
0.0000e+00
5.3883e-05
9.5367e-07
2.5296e-04
9.5367e-07
9.5367e-07
0.0000e+00
5.5790e-05
2.1458e-06
0.0000e+00
5.3883e-05
2.1458e-06
0.0000e+00
5.3883e-05
1.9073e-06
0.0000e+00
5.2929e-05
9.5367e-07
0.0000e+00
5.5075e-05
2.8610e-06
0.0000e+00
5.5790e-05
1.1921e-06
0.0000e+00
5.5075e-05
3.0994e-06
0.0000e+00
5.4121e-05
1.0681e-04
3.8147e-06
9.5367e-07
7.0095e-05
0.0000e+00
5.6028e-05
1.9073e-06
0.0000e+00
5.3883e-05
9.5367e-07
0.0000e+00
5.2929e-05
3.9816e-05
1.0490e-04
1.1921e-06
1.1921e-06
0.0000e+00
7.2956e-05
2.8610e-06
5.0068e-06
0.0000e+00
9.5367e-07
0.0000e+00
5.5075e-05
1.9073e-06
4.0531e-06
9.5367e-07
2.3127e-05
3.1948e-05
9.5367e-07
4.2915e-05
2.8610e-06
1.1921e-06
5.1975e-05
0.0000e+00
5.3883e-05
1.9073e-06
3.0994e-06
9.5367e-07
5.0068e-06
0.0000e+00
5.5075e-05
4.2892e-04
0.0000e+00
5.3883e-05
1.9073e-06
6.9141e-06
9.5367e-07
2.9087e-05
0.0000e+00
5.7220e-05
2.1458e-06
0.0000e+00
5.2929e-05
1.9073e-06
0.0000e+00
5.3883e-05
1.9073e-06
0.0000e+00
5.2929e-05
1.9073e-06
0.0000e+00
5.5075e-05
1.9073e-06
0.0000e+00
5.3167e-05
2.1458e-06
4.0531e-06
0.0000e+00
2.8610e-06
8.8215e-06
9.5367e-07
1.9073e-06
4.2200e-04
9.5367e-07
1.1921e-06
4.0531e-06
9.5367e-07
2.1458e-06
1.0896e-04
9.5367e-07
9.5367e-07
2.0981e-05
9.5367e-07
9.5367e-07
0.0000e+00
5.7936e-05
2.1458e-06
0.0000e+00
5.2929e-05
1.9073e-06
0.0000e+00
5.3883e-05
9.5367e-07
0.0000e+00
5.3883e-05
1.9073e-06
0.0000e+00
6.1989e-05
1.9073e-06
4.2295e-04
9.5367e-07
9.5367e-07
0.0000e+00
5.5075e-05
2.8610e-06
3.8147e-06
9.5367e-07
4.0531e-06
0.0000e+00
5.7936e-05
1.9073e-06
0.0000e+00
5.5075e-05
1.6928e-05
0.0000e+00
5.4836e-05
1.9073e-06
0.0000e+00
5.3883e-05
1.9073e-06
0.0000e+00
5.3883e-05
1.9073e-06
0.0000e+00
5.9843e-05
1.1921e-06
0.0000e+00
5.5075e-05
1.7691e-04
0.0000e+00
5.6982e-05
1.9073e-06
4.0531e-06
9.5367e-07
3.0994e-06
2.8610e-06
9.5367e-07
9.5367e-07
2.1458e-06
9.5367e-07
1.9073e-06
1.7500e-04
0.0000e+00
1.1921e-06
0.0000e+00
5.6028e-05
2.2292e-04
0.0000e+00
5.9128e-05
2.1458e-06
6.7949e-05
9.5367e-07
9.5367e-07
0.0000e+00
5.5075e-05
1.9073e-06
1.0014e-05
0.0000e+00
6.9141e-06
0.0000e+00
5.5075e-05
2.8610e-06
0.0000e+00
5.6982e-05
2.1458e-06
6.5184e-04
9.5367e-07
1.9073e-06
3.0041e-05
9.5367e-07
9.5367e-07
0.0000e+00
5.6028e-05
9.5367e-07
0.0000e+00
5.1975e-05
1.1921e-06
0.0000e+00
5.4121e-05
9.5367e-07
0.0000e+00
5.3883e-05
9.5367e-07
4.0531e-06
9.5367e-07
9.5367e-07
0.0000e+00
5.4836e-05
3.0994e-06
2.3890e-04
9.5367e-07
1.9073e-06
0.0000e+00
5.7936e-05
9.5367e-07
0.0000e+00
5.3883e-05
1.9073e-06
3.0994e-06
0.0000e+00
2.0027e-05
0.0000e+00
5.4121e-05
7.2002e-05
1.3113e-05
9.5367e-07
4.2915e-05
0.0000e+00
5.4836e-05
6.9141e-06
0.0000e+00
5.3883e-05
1.9073e-06
4.0531e-06
9.5367e-07
1.9073e-06
0.0000e+00
7.2002e-05
4.6968e-05
3.8147e-06
9.5367e-07
1.9073e-06
0.0000e+00
5.6028e-05
1.9073e-06
3.0994e-06
9.5367e-07
1.9073e-06
0.0000e+00
5.2929e-05
2.1935e-05
4.0531e-06
9.5367e-07
2.1458e-06
0.0000e+00
5.3883e-05
3.0994e-06
5.0211e-04
9.5367e-07
1.9073e-06
0.0000e+00
5.5790e-05
8.1062e-06
0.0000e+00
5.2929e-05
2.1458e-06
0.0000e+00
7.2956e-05
2.8610e-06
0.0000e+00
5.4836e-05
1.9073e-06
0.0000e+00
5.3883e-05
1.9073e-06
3.0208e-04
9.5367e-07
1.1921e-06
0.0000e+00
5.7936e-05
4.0531e-06
0.0000e+00
5.5075e-05
1.7881e-05
4.0531e-06
0.0000e+00
3.0994e-06
6.8903e-05
9.5367e-07
9.5367e-07
0.0000e+00
5.5075e-05
1.9073e-06
0.0000e+00
7.2956e-05
3.0994e-06
1.9908e-04
9.5367e-07
9.5367e-07
0.0000e+00
5.5075e-05
1.9073e-06
0.0000e+00
5.4121e-05
2.8610e-06
0.0000e+00
5.3883e-05
1.9073e-06
0.0000e+00
5.3883e-05
1.9073e-06
1.7715e-04
9.5367e-07
2.8610e-06
0.0000e+00
6.0797e-05
6.2943e-05
1.7500e-04
0.0000e+00
9.5367e-07
0.0000e+00
8.2016e-05
1.9073e-06
5.9605e-06
0.0000e+00
9.5367e-07
4.0531e-06
9.5367e-07
3.0994e-06
0.0000e+00
5.5075e-05
2.1458e-06
0.0000e+00
5.2929e-05
9.5367e-07
0.0000e+00
5.3883e-05
9.5367e-07
2.7609e-04
9.5367e-07
1.1921e-06
0.0000e+00
5.4836e-05
2.1458e-06
5.0068e-06
9.5367e-07
1.9073e-05
2.7108e-04
9.5367e-07
1.1921e-06
3.0994e-06
0.0000e+00
9.0599e-06
0.0000e+00
7.3910e-05
3.0994e-06
0.0000e+00
5.3883e-05
7.4148e-05
0.0000e+00
5.3883e-05
3.0994e-06
4.0054e-05
9.5367e-07
3.1948e-05
4.0531e-06
1.1921e-06
4.0531e-06
0.0000e+00
5.6028e-05
3.8147e-06
0.0000e+00
5.3883e-05
3.0994e-06
1.5807e-04
9.5367e-07
9.5367e-07
0.0000e+00
5.4121e-05
2.1458e-06
0.0000e+00
7.2956e-05
1.9073e-06
0.0000e+00
5.4836e-05
2.1458e-06
0.0000e+00
5.4836e-05
1.9073e-06
3.8147e-06
1.1921e-06
2.1458e-06
0.0000e+00
5.4121e-05
7.8201e-05
4.0531e-06
9.5367e-07
5.2929e-05
4.0531e-06
9.5367e-07
3.0994e-06
0.0000e+00
5.6028e-05
2.1458e-06
1.8120e-05
9.5367e-07
3.3855e-05
0.0000e+00
5.4836e-05
5.5885e-04
0.0000e+00
5.6982e-05
1.9073e-06
0.0000e+00
5.5075e-05
1.9073e-06
4.0054e-05
0.0000e+00
6.1989e-06
0.0000e+00
5.4121e-05
2.9087e-05
0.0000e+00
6.8903e-05
3.0994e-06
0.0000e+00
5.3883e-05
2.1458e-06
0.0000e+00
5.3883e-05
1.1921e-06
0.0000e+00
5.2929e-05
3.0994e-06
0.0000e+00
5.6982e-05
1.3399e-04
1.5020e-05
9.5367e-07
3.4094e-05
0.0000e+00
5.8889e-05
1.9073e-06
3.8147e-06
9.5367e-07
2.1458e-06
1.5807e-04
9.5367e-07
1.9073e-06
1.7309e-04
9.5367e-07
1.9073e-06
0.0000e+00
5.8889e-05
9.5367e-07
5.0068e-06
9.5367e-07
9.5367e-07
3.8147e-06
9.5367e-07
8.1062e-06
0.0000e+00
5.5075e-05
1.9073e-06
0.0000e+00
8.4162e-05
4.0531e-06
2.6107e-04
0.0000e+00
1.9073e-06
2.1219e-05
9.5367e-07
9.5367e-07
3.0994e-06
0.0000e+00
2.8610e-06
2.8610e-06
0.0000e+00
1.9073e-06
6.2943e-05
9.5367e-07
1.1921e-05
0.0000e+00
6.1035e-05
1.9073e-06
2.3103e-04
1.9073e-06
2.8610e-06
4.4107e-05
9.5367e-07
1.9073e-06
0.0000e+00
6.0797e-05
1.4067e-05
0.0000e+00
5.4121e-05
3.0994e-06
9.7990e-05
1.1921e-06
9.5367e-07
0.0000e+00
1.0204e-04
2.7990e-04
1.7405e-04
9.5367e-07
2.1458e-06
0.0000e+00
6.1035e-05
9.5367e-07
5.0068e-06
9.5367e-07
9.5367e-07
9.2983e-05
9.5367e-07
1.1921e-06
2.1935e-05
9.5367e-07
9.5367e-07
0.0000e+00
7.5817e-05
3.0994e-06
0.0000e+00
5.6982e-05
1.9073e-06
0.0000e+00
5.4121e-05
1.1015e-04
1.4067e-05
1.9073e-06
2.5034e-05
5.0068e-06
9.5367e-07
6.7949e-05
0.0000e+00
9.3937e-05
3.8147e-06
0.0000e+00
5.4836e-05
2.1458e-06
5.0068e-06
0.0000e+00
1.9073e-06
0.0000e+00
5.6028e-05
1.9073e-06
0.0000e+00
7.3910e-05
3.0994e-06
0.0000e+00
5.7936e-05
9.5367e-07
0.0000e+00
5.4836e-05
1.9073e-06
0.0000e+00
5.4836e-05
1.9073e-06
1.9908e-04
9.5367e-07
3.0994e-06
0.0000e+00
6.1035e-05
9.5367e-07
1.0967e-05
0.0000e+00
9.5367e-07
3.8147e-06
9.5367e-07
9.5367e-07
0.0000e+00
5.6982e-05
9.5367e-07
0.0000e+00
6.1989e-05
4.5609e-04
1.3113e-05
1.1921e-06
2.1935e-05
0.0000e+00
6.1989e-05
1.0014e-05
0.0000e+00
5.3883e-05
4.0531e-06
0.0000e+00
5.4836e-05
1.0014e-05
0.0000e+00
5.6982e-05
6.1989e-05
7.7009e-05
9.5367e-07
9.5367e-07
0.0000e+00
5.6982e-05
2.1458e-06
0.0000e+00
6.3896e-05
3.0994e-06
4.0531e-06
9.5367e-07
2.8610e-06
3.8147e-06
9.5367e-07
5.1022e-05
0.0000e+00
5.4836e-05
1.7166e-05
0.0000e+00
5.3883e-05
2.2101e-04
0.0000e+00
5.3167e-05
3.0994e-06
0.0000e+00
5.6982e-05
1.9073e-06
0.0000e+00
5.2929e-05
1.9073e-06
0.0000e+00
6.1989e-05
1.1492e-04
3.7909e-05
9.5367e-07
2.3127e-05
0.0000e+00
5.8174e-05
2.1458e-06
2.5988e-05
9.5367e-07
2.4080e-05
1.7881e-05
0.0000e+00
5.7936e-05
4.1962e-05
0.0000e+00
1.5974e-05
5.0068e-06
1.1921e-06
5.0068e-05
4.0531e-06
9.5367e-07
9.0599e-06
0.0000e+00
5.6028e-05
3.0994e-06
0.0000e+00
5.6982e-05
1.9073e-06
0.0000e+00
5.7936e-05
2.1458e-06
0.0000e+00
5.5075e-05
1.1921e-06
0.0000e+00
6.1989e-05
1.9073e-06
3.7599e-04
9.5367e-07
1.9073e-06
1.1921e-04
9.5367e-07
9.5367e-07
0.0000e+00
5.6028e-05
1.9073e-06
3.6383e-04
9.5367e-07
9.5367e-07
0.0000e+00
5.6028e-05
1.9073e-06
4.0531e-06
9.5367e-07
2.1458e-06
0.0000e+00
6.2943e-05
1.9073e-06
1.2112e-04
9.5367e-07
9.5367e-07
0.0000e+00
5.6028e-05
6.6042e-05
0.0000e+00
5.2929e-05
1.9073e-06
0.0000e+00
5.5075e-05
9.5367e-07
1.2612e-04
9.5367e-07
9.5367e-07
4.0531e-06
9.5367e-07
9.5367e-07
4.0531e-06
9.5367e-07
3.0994e-06
0.0000e+00
5.5075e-05
2.1458e-06
0.0000e+00
7.7009e-05
3.0994e-06
0.0000e+00
5.5075e-05
2.1458e-06
0.0000e+00
5.4121e-05
2.1458e-06
0.0000e+00
6.6042e-05
3.0684e-04
0.0000e+00
5.3883e-05
5.0068e-06
0.0000e+00
5.3883e-05
2.1458e-06
0.0000e+00
5.3883e-05
9.5367e-07
1.1587e-04
1.1921e-06
1.1921e-06
0.0000e+00
7.5102e-05
3.0994e-06
5.5075e-05
0.0000e+00
1.9073e-06
0.0000e+00
5.7936e-05
9.5367e-07
0.0000e+00
5.4121e-05
5.0068e-06
1.6189e-04
9.5367e-07
2.1458e-06
2.0027e-05
9.5367e-07
9.5367e-07
0.0000e+00
5.5075e-05
2.1458e-06
0.0000e+00
5.2929e-05
9.5367e-07
0.0000e+00
5.3883e-05
1.9073e-06
5.0068e-06
9.5367e-07
1.9073e-06
0.0000e+00
5.7220e-05
3.3903e-04
3.8147e-06
9.5367e-07
5.0068e-05
7.7963e-05
9.5367e-07
1.9073e-06
0.0000e+00
5.6028e-05
1.9073e-06
0.0000e+00
5.3883e-05
1.9073e-06
2.5392e-04
9.5367e-07
9.5367e-07
0.0000e+00
5.3883e-05
1.9073e-06
3.9101e-05
9.5367e-07
4.9114e-05
0.0000e+00
5.5075e-05
1.9073e-06
2.5105e-04
9.5367e-07
2.1458e-06
1.0967e-05
1.1921e-06
1.1921e-06
6.9141e-06
0.0000e+00
4.8161e-05
4.0531e-06
9.5367e-07
6.9141e-06
0.0000e+00
5.6982e-05
1.2279e-04
0.0000e+00
5.3883e-05
1.0967e-05
6.1035e-05
1.1921e-06
1.1921e-06
0.0000e+00
5.5075e-05
2.1458e-06
0.0000e+00
5.3883e-05
2.1458e-06
0.0000e+00
5.2929e-05
9.5367e-07
1.1802e-04
9.5367e-07
1.9073e-06
1.2207e-04
9.5367e-07
1.1921e-06
0.0000e+00
5.7936e-05
9.5367e-07
1.2612e-04
9.5367e-07
9.5367e-07
1.2302e-04
1.1921e-06
1.1921e-06
5.0068e-06
9.5367e-07
1.0014e-05
3.0994e-06
9.5367e-07
1.9073e-06
0.0000e+00
5.6028e-05
4.0531e-06
0.0000e+00
5.6028e-05
1.9073e-06
4.1199e-04
9.5367e-07
9.5367e-07
4.6968e-05
0.0000e+00
0.0000e+00
0.0000e+00
5.4836e-05
5.0068e-05
3.6955e-05
9.5367e-07
3.0994e-06
0.0000e+00
5.6982e-05
9.5367e-07
0.0000e+00
5.3167e-05
2.1458e-06
1.0896e-04
1.1921e-06
9.5367e-07
0.0000e+00
5.6028e-05
1.9073e-06
1.1921e-05
9.5367e-07
9.5367e-07
4.0531e-06
9.5367e-07
9.5367e-07
0.0000e+00
5.5075e-05
2.3007e-04
0.0000e+00
5.6028e-05
2.9802e-05
0.0000e+00
5.4836e-05
3.0994e-06
0.0000e+00
7.2956e-05
3.0994e-06
1.2398e-04
9.5367e-07
9.5367e-07
5.0068e-06
9.5367e-07
1.1921e-06
0.0000e+00
5.6982e-05
7.2002e-05
0.0000e+00
5.4121e-05
9.5367e-07
0.0000e+00
5.3883e-05
1.2207e-04
4.0531e-06
9.5367e-07
8.1062e-06
0.0000e+00
5.6982e-05
2.1458e-06
1.9908e-04
9.5367e-07
1.9073e-06
0.0000e+00
5.4121e-05
1.1921e-05
0.0000e+00
5.6982e-05
1.1921e-06
0.0000e+00
5.5075e-05
2.1458e-06
2.0027e-05
9.5367e-07
3.2902e-05
0.0000e+00
5.4836e-05
9.5367e-07
1.8597e-04
9.5367e-07
9.5367e-07
0.0000e+00
5.4121e-05
1.9073e-06
0.0000e+00
5.4121e-05
1.9073e-06
0.0000e+00
5.5075e-05
2.1458e-06
0.0000e+00
7.1049e-05
1.9073e-06
5.0068e-06
1.1921e-06
3.8147e-05
0.0000e+00
5.6028e-05
5.9605e-06
0.0000e+00
5.2929e-05
3.0994e-06
0.0000e+00
5.4121e-05
2.1458e-06
4.0531e-06
9.5367e-07
1.9073e-06
0.0000e+00
5.4836e-05
3.0994e-04
0.0000e+00
5.6028e-05
6.9141e-06
4.0531e-06
9.5367e-07
1.1921e-05
4.0531e-06
9.5367e-07
2.0981e-05
0.0000e+00
7.4863e-05
2.9898e-04
0.0000e+00
5.5075e-05
9.5367e-07
3.8147e-06
9.5367e-07
3.0994e-06
7.0095e-05
0.0000e+00
9.5367e-07
1.9789e-05
9.5367e-07
1.9073e-05
3.0994e-06
0.0000e+00
3.0994e-06
0.0000e+00
5.3883e-05
7.2002e-05
0.0000e+00
5.4121e-05
4.7922e-05
4.0507e-04
9.5367e-07
1.9073e-06
0.0000e+00
5.5790e-05
9.5367e-07
0.0000e+00
7.4863e-05
3.0994e-06
0.0000e+00
5.6028e-05
1.1921e-06
5.0068e-06
9.5367e-07
8.1062e-06
0.0000e+00
5.6028e-05
1.9073e-06
0.0000e+00
5.3167e-05
5.0068e-06
0.0000e+00
5.3883e-05
1.9193e-04
3.8147e-06
9.5367e-07
2.8610e-06
5.3167e-05
9.5367e-07
1.0014e-05
0.0000e+00
5.6982e-05
1.9073e-06
0.0000e+00
7.2956e-05
2.8610e-06
1.8001e-04
9.5367e-07
9.5367e-07
0.0000e+00
5.6982e-05
7.3910e-05
0.0000e+00
5.3883e-05
4.0531e-06
0.0000e+00
5.5075e-05
1.1921e-06
0.0000e+00
5.5075e-05
2.1458e-06
0.0000e+00
6.1989e-05
9.7990e-05
0.0000e+00
5.6028e-05
5.0068e-06
6.6996e-05
9.5367e-07
2.1458e-06
2.8610e-06
0.0000e+00
2.8610e-06
0.0000e+00
5.7220e-05
5.2929e-05
4.0531e-06
9.5367e-07
6.6996e-05
1.9503e-04
9.5367e-07
9.5367e-07
0.0000e+00
5.6028e-05
9.5367e-07
0.0000e+00
5.3883e-05
1.9073e-06
3.9101e-05
0.0000e+00
9.5367e-07
2.1935e-05
9.5367e-07
9.5367e-07
1.2302e-04
0.0000e+00
9.5367e-07
5.0068e-06
0.0000e+00
9.5367e-07
2.0981e-05
9.5367e-07
1.3113e-05
0.0000e+00
5.6028e-05
1.6308e-04
0.0000e+00
5.6982e-05
1.9073e-06
3.8147e-06
9.5367e-07
5.0068e-06
0.0000e+00
5.5075e-05
1.9073e-06
0.0000e+00
5.3883e-05
9.6083e-05
0.0000e+00
5.4121e-05
4.0531e-06
0.0000e+00
5.4121e-05
2.1458e-06
3.2306e-04
9.5367e-07
9.5367e-07
5.0068e-06
1.1921e-06
1.1921e-06
0.0000e+00
5.3883e-05
2.8610e-06
0.0000e+00
5.6982e-05
1.9073e-06
0.0000e+00
5.4121e-05
5.7220e-05
1.4997e-04
9.5367e-07
9.5367e-07
0.0000e+00
5.3883e-05
1.9073e-06
0.0000e+00
5.3167e-05
2.1458e-06
0.0000e+00
5.5075e-05
2.1458e-06
4.0531e-06
5.9605e-06
1.9073e-06
2.0218e-04
0.0000e+00
9.5367e-07
0.0000e+00
5.6028e-05
1.9073e-06
8.2016e-05
1.7881e-05
1.9073e-06
0.0000e+00
5.7936e-05
9.5367e-07
0.0000e+00
5.2929e-05
9.5367e-07
5.0068e-06
0.0000e+00
8.8215e-06
0.0000e+00
5.4836e-05
3.0994e-06
0.0000e+00
5.4121e-05
2.1458e-06
0.0000e+00
5.2929e-05
1.1492e-04
3.8147e-06
9.5367e-07
2.1458e-06
2.3198e-04
0.0000e+00
2.1458e-06
0.0000e+00
5.6028e-05
2.1458e-06
5.0068e-06
9.5367e-07
9.5367e-07
0.0000e+00
5.6982e-05
1.1992e-04
1.3185e-04
9.5367e-07
9.5367e-07
0.0000e+00
5.4121e-05
1.1921e-06
0.0000e+00
5.1975e-05
1.9073e-06
0.0000e+00
5.3167e-05
3.0994e-06
3.0994e-06
9.5367e-07
2.8610e-06
0.0000e+00
5.4836e-05
1.9073e-06
1.6189e-04
9.5367e-07
1.1921e-06
2.3699e-04
9.5367e-07
2.1458e-06
0.0000e+00
5.7936e-05
9.5367e-07
0.0000e+00
5.4836e-05
1.9073e-06
0.0000e+00
5.2929e-05
6.1989e-05
0.0000e+00
5.4121e-05
5.0068e-06
0.0000e+00
5.2929e-05
9.5367e-07
0.0000e+00
5.2929e-05
2.1458e-06
0.0000e+00
5.1975e-05
4.9114e-05
0.0000e+00
7.2002e-05
1.9073e-06
0.0000e+00
5.5075e-05
1.1921e-06
0.0000e+00
5.4121e-05
7.1526e-06
0.0000e+00
5.3883e-05
1.9073e-06
0.0000e+00
5.2929e-05
1.9073e-06
0.0000e+00
5.4121e-05
1.1921e-06
1.7810e-04
9.5367e-07
9.5367e-07
0.0000e+00
5.5075e-05
6.1989e-05
1.8835e-05
1.1921e-06
3.6001e-05
6.3896e-05
1.5974e-05
2.1458e-06
4.0531e-06
0.0000e+00
1.9073e-06
0.0000e+00
5.7936e-05
1.9073e-06
0.0000e+00
5.3883e-05
1.9073e-06
0.0000e+00
5.4836e-05
9.5367e-07
0.0000e+00
5.3883e-05
2.7704e-04
0.0000e+00
5.5075e-05
3.0994e-06
0.0000e+00
5.4121e-05
1.9073e-06
1.0800e-04
0.0000e+00
9.5367e-07
1.9789e-05
9.5367e-07
1.9073e-06
4.0531e-06
9.5367e-07
3.0994e-06
0.0000e+00
5.7936e-05
1.9073e-06
6.7234e-05
9.5367e-07
9.5367e-07
4.0531e-06
9.5367e-07
3.0994e-06
2.5702e-04
9.5367e-07
9.5367e-07
0.0000e+00
5.7220e-05
9.5367e-07
3.4404e-04
0.0000e+00
9.5367e-07
4.0531e-06
9.5367e-07
9.5367e-07
0.0000e+00
5.5075e-05
7.5817e-05
1.5974e-05
9.5367e-07
3.7909e-05
1.0014e-05
9.5367e-07
4.3869e-05
0.0000e+00
7.5817e-05
4.0531e-06
4.0531e-06
9.5367e-07
3.0994e-06
0.0000e+00
5.6028e-05
7.5817e-05
1.6999e-04
9.5367e-07
9.5367e-07
0.0000e+00
5.5075e-05
9.5367e-07
1.1897e-04
9.5367e-07
1.1921e-06
0.0000e+00
5.6028e-05
1.1921e-06
1.6904e-04
9.5367e-07
1.9073e-06
0.0000e+00
5.5075e-05
9.5367e-07
4.0531e-06
0.0000e+00
9.5367e-07
1.1516e-04
9.5367e-07
9.5367e-07
0.0000e+00
7.4148e-05
3.0994e-06
4.0531e-06
9.5367e-07
3.0994e-06
0.0000e+00
5.6028e-05
1.9789e-04
0.0000e+00
5.5075e-05
2.8610e-06
0.0000e+00
5.3883e-05
1.9073e-06
0.0000e+00
5.3883e-05
1.9073e-06
0.0000e+00
5.3883e-05
1.1802e-04
0.0000e+00
5.4121e-05
2.1458e-06
0.0000e+00
7.1049e-05
2.8610e-06
0.0000e+00
5.4121e-05
1.9073e-06
0.0000e+00
5.5075e-05
9.5367e-07
0.0000e+00
5.3167e-05
2.1458e-06
4.0531e-06
0.0000e+00
1.9073e-06
0.0000e+00
5.4836e-05
4.0531e-06
0.0000e+00
5.3883e-05
1.9073e-06
0.0000e+00
5.3883e-05
1.9073e-06
0.0000e+00
7.0810e-05
3.8719e-04
0.0000e+00
5.5075e-05
2.8610e-06
0.0000e+00
5.4836e-05
9.5367e-07
1.4496e-04
0.0000e+00
9.5367e-07
1.3781e-04
0.0000e+00
1.1921e-06
0.0000e+00
5.3883e-05
9.5367e-07
5.0068e-06
9.5367e-07
9.5367e-07
1.0705e-04
9.5367e-07
9.5367e-07
1.0610e-04
0.0000e+00
9.5367e-07
1.8835e-05
9.5367e-07
1.1921e-06
0.0000e+00
5.6982e-05
1.9073e-06
0.0000e+00
7.2956e-05
2.1458e-06
0.0000e+00
5.5075e-05
5.3883e-05
0.0000e+00
5.3883e-05
1.6928e-05
0.0000e+00
5.5075e-05
5.0068e-06
0.0000e+00
5.1975e-05
5.9605e-06
0.0000e+00
5.3883e-05
2.8610e-06
0.0000e+00
5.2929e-05
1.8597e-04
0.0000e+00
5.5075e-05
8.1062e-06
0.0000e+00
5.7936e-05
2.0981e-05
1.9073e-05
9.5367e-07
3.5048e-05
0.0000e+00
5.5075e-05
1.8597e-04
0.0000e+00
5.3167e-05
4.0531e-06
0.0000e+00
5.4836e-05
1.9073e-06
0.0000e+00
5.2929e-05
1.9073e-06
0.0000e+00
5.5075e-05
1.9073e-06
4.0531e-06
9.5367e-07
2.8610e-06
1.8883e-04
9.5367e-07
1.9073e-06
1.1206e-04
1.1921e-06
2.1458e-06
0.0000e+00
5.6982e-05
1.9073e-06
0.0000e+00
5.4121e-05
9.5367e-07
0.0000e+00
5.3883e-05
9.5367e-07
0.0000e+00
5.3883e-05
1.9073e-06
4.0531e-06
0.0000e+00
4.0531e-06
0.0000e+00
5.5075e-05
4.0531e-06
1.2875e-05
1.1921e-06
4.2200e-05
0.0000e+00
5.5075e-05
1.9073e-06
0.0000e+00
7.2956e-05
3.0994e-06
0.0000e+00
5.4121e-05
1.1921e-06
0.0000e+00
5.4121e-05
2.4605e-04
1.8120e-05
9.5367e-07
3.5048e-05
0.0000e+00
5.5075e-05
2.3127e-05
0.0000e+00
5.4121e-05
2.1458e-06
1.1086e-04
9.5367e-07
1.9073e-06
0.0000e+00
5.6982e-05
1.9073e-06
2.8610e-06
9.5367e-07
4.0531e-06
3.0994e-06
9.5367e-07
2.1458e-06
0.0000e+00
5.7936e-05
1.4091e-04
0.0000e+00
5.6028e-05
1.1921e-06
0.0000e+00
5.3883e-05
2.1458e-06
3.8147e-06
9.5367e-07
3.8147e-06
1.0991e-04
9.5367e-07
9.5367e-07
0.0000e+00
5.6028e-05
1.9073e-06
0.0000e+00
5.5075e-05
1.9073e-06
2.8610e-06
1.1921e-06
2.1458e-06
0.0000e+00
5.5075e-05
1.9073e-06
4.0603e-04
1.1921e-06
1.1921e-06
0.0000e+00
5.6028e-05
9.5367e-07
1.6999e-04
0.0000e+00
9.5367e-07
4.0531e-06
1.1921e-06
5.9605e-06
5.6982e-05
9.5367e-07
9.5367e-07
0.0000e+00
5.7936e-05
2.4796e-04
5.9605e-06
1.1921e-06
5.2929e-05
0.0000e+00
5.3883e-05
9.5367e-07
0.0000e+00
5.4836e-05
5.9843e-05
0.0000e+00
5.3883e-05
1.9073e-06
0.0000e+00
7.2956e-05
1.9073e-06
0.0000e+00
5.4121e-05
9.5367e-07
0.0000e+00
5.5075e-05
9.5367e-07
0.0000e+00
5.3167e-05
9.5367e-07
2.1195e-04
9.5367e-07
9.5367e-07
0.0000e+00
5.5075e-05
1.9073e-06
0.0000e+00
5.3167e-05
2.7180e-05
6.9141e-06
0.0000e+00
6.8188e-05
0.0000e+00
5.3883e-05
2.1458e-06
0.0000e+00
5.6028e-05
1.9073e-06
0.0000e+00
5.4121e-05
1.9073e-06
0.0000e+00
5.3167e-05
1.1921e-06
0.0000e+00
6.1035e-05
2.4199e-04
0.0000e+00
5.2929e-05
1.9073e-06
5.9605e-06
0.0000e+00
2.3842e-05
1.5092e-04
9.5367e-07
9.5367e-07
0.0000e+00
5.3883e-05
9.5367e-07
0.0000e+00
7.2956e-05
3.0994e-06
4.0531e-06
0.0000e+00
2.8133e-05
0.0000e+00
5.6028e-05
3.0994e-06
0.0000e+00
5.4121e-05
3.6001e-05
0.0000e+00
6.1035e-05
3.0994e-06
3.0994e-06
0.0000e+00
1.9073e-06
1.3185e-04
9.5367e-07
1.1921e-06
0.0000e+00
5.5075e-05
2.1458e-06
0.0000e+00
5.4121e-05
2.1458e-06
3.0994e-06
9.5367e-07
1.9073e-06
0.0000e+00
7.4148e-05
2.8610e-06
0.0000e+00
5.3883e-05
1.9073e-06
4.0531e-06
0.0000e+00
9.5367e-07
0.0000e+00
5.4836e-05
4.6611e-04
0.0000e+00
5.6028e-05
1.9073e-06
3.0994e-06
0.0000e+00
3.0994e-06
0.0000e+00
5.5075e-05
1.0014e-05
2.5296e-04
0.0000e+00
9.5367e-07
4.0531e-06
9.5367e-07
6.9141e-06
0.0000e+00
5.3883e-05
3.0994e-06
0.0000e+00
5.6982e-05
1.9073e-06
2.0599e-04
9.5367e-07
2.1458e-06
0.0000e+00
6.1989e-05
8.6069e-05
0.0000e+00
5.5075e-05
2.1458e-06
1.0014e-05
9.5367e-07
4.0531e-06
0.0000e+00
5.3883e-05
1.2994e-04
1.9073e-05
9.5367e-07
4.1008e-05
0.0000e+00
5.5075e-05
1.9073e-06
0.0000e+00
5.3167e-05
1.9073e-06
0.0000e+00
5.7220e-05
1.9073e-06
2.1291e-04
9.5367e-07
2.1458e-06
2.8610e-06
0.0000e+00
3.0994e-06
3.0994e-06
9.5367e-07
1.9073e-06
0.0000e+00
5.5790e-05
6.1989e-05
0.0000e+00
5.3883e-05
1.9073e-06
2.9922e-04
0.0000e+00
9.5367e-07
3.0994e-06
0.0000e+00
9.5367e-07
0.0000e+00
5.4121e-05
9.5367e-07
0.0000e+00
5.2929e-05
2.6941e-05
0.0000e+00
5.6982e-05
1.9073e-06
0.0000e+00
5.6028e-05
9.5367e-07
0.0000e+00
5.3883e-05
9.5367e-07
1.3113e-04
9.5367e-07
1.9073e-06
5.0068e-06
1.1921e-06
3.0994e-06
0.0000e+00
5.8174e-05
1.5306e-04
0.0000e+00
5.4836e-05
1.9073e-06
2.8610e-06
1.1921e-06
8.1062e-06
0.0000e+00
5.4121e-05
2.1458e-06
0.0000e+00
7.1049e-05
1.9073e-06
2.0313e-04
9.5367e-07
9.5367e-07
0.0000e+00
5.6982e-05
2.1458e-06
4.0531e-06
9.5367e-07
1.5974e-05
0.0000e+00
6.1035e-05
1.9073e-06
0.0000e+00
5.4836e-05
1.2875e-05
3.0279e-04
9.5367e-07
1.1921e-06
2.0027e-05
0.0000e+00
9.5367e-07
1.0204e-04
9.5367e-07
9.5367e-07
0.0000e+00
5.4836e-05
1.1921e-06
4.0531e-06
0.0000e+00
2.1458e-06
0.0000e+00
5.6982e-05
9.5367e-07
5.0068e-06
0.0000e+00
7.1526e-06
0.0000e+00
5.5075e-05
2.2173e-05
0.0000e+00
5.3883e-05
3.3903e-04
1.7166e-05
9.5367e-07
3.7909e-05
0.0000e+00
5.6982e-05
2.1458e-06
5.5075e-05
0.0000e+00
1.9073e-06
0.0000e+00
5.5075e-05
1.9073e-06
0.0000e+00
5.3883e-05
3.0994e-06
8.3923e-05
9.5367e-07
9.5367e-07
3.8147e-06
1.1921e-06
9.0599e-06
0.0000e+00
5.6982e-05
6.9141e-05
0.0000e+00
6.0081e-05
1.9073e-06
0.0000e+00
5.3167e-05
4.9114e-05
0.0000e+00
5.4121e-05
1.2159e-05
0.0000e+00
5.4121e-05
2.1458e-06
2.9302e-04
9.5367e-07
1.9073e-06
0.0000e+00
5.4836e-05
9.5367e-07
4.0531e-06
0.0000e+00
1.9073e-06
4.0531e-06
9.5367e-07
1.9073e-06
2.9182e-04
9.5367e-07
9.5367e-07
0.0000e+00
5.6982e-05
9.5367e-07
0.0000e+00
5.4121e-05
9.5367e-07
0.0000e+00
5.4121e-05
2.1458e-06
2.0981e-05
9.5367e-07
9.5367e-07
3.8147e-06
9.5367e-07
4.0531e-06
2.2316e-04
9.5367e-07
9.5367e-07
0.0000e+00
5.5075e-05
9.5367e-07
0.0000e+00
5.4121e-05
1.9073e-06
2.9087e-05
9.5367e-07
9.5367e-07
2.0981e-05
9.5367e-07
1.1921e-06
2.2793e-04
0.0000e+00
1.1921e-06
0.0000e+00
5.7936e-05
9.5367e-07
0.0000e+00
5.4121e-05
1.9073e-06
0.0000e+00
5.4121e-05
2.1458e-06
4.0531e-06
9.5367e-07
1.9073e-06
0.0000e+00
5.6028e-05
2.1458e-06
0.0000e+00
5.4121e-05
2.0218e-04
0.0000e+00
7.7009e-05
2.8610e-06
4.8876e-05
0.0000e+00
9.5367e-07
0.0000e+00
5.6028e-05
2.1458e-06
0.0000e+00
5.5075e-05
1.9073e-06
0.0000e+00
5.5075e-05
9.5367e-07
0.0000e+00
5.5075e-05
1.9073e-06
2.8896e-04
0.0000e+00
9.5367e-07
4.0531e-06
9.5367e-07
9.5367e-07
0.0000e+00
5.4121e-05
1.9073e-06
0.0000e+00
5.3167e-05
5.9605e-06
0.0000e+00
5.6028e-05
1.8835e-05
0.0000e+00
1.7405e-04
4.0531e-06
5.0068e-06
1.1921e-06
2.1458e-06
0.0000e+00
6.1989e-05
1.9073e-06
0.0000e+00
5.5075e-05
2.0599e-04
1.6928e-05
0.0000e+00
3.8147e-05
0.0000e+00
5.2929e-05
1.5020e-05
0.0000e+00
5.3167e-05
4.0531e-06
0.0000e+00
7.6056e-05
2.8610e-06
0.0000e+00
5.4836e-05
1.9073e-06
4.0531e-06
1.1921e-06
4.8161e-05
0.0000e+00
5.4121e-05
1.9073e-06
2.8610e-06
9.5367e-07
5.3167e-05
0.0000e+00
5.5075e-05
1.9073e-06
3.0994e-06
5.9605e-06
1.9073e-06
0.0000e+00
5.6028e-05
2.6298e-04
3.8147e-06
9.5367e-07
5.2214e-05
2.8610e-06
0.0000e+00
5.1022e-05
1.2088e-04
0.0000e+00
9.5367e-07
0.0000e+00
7.3910e-05
1.9073e-06
1.6403e-04
9.5367e-07
1.9073e-06
0.0000e+00
5.4121e-05
1.1921e-06
0.0000e+00
6.1035e-05
9.5367e-07
0.0000e+00
5.2929e-05
2.1458e-06
0.0000e+00
5.3883e-05
5.6982e-05
1.7881e-05
0.0000e+00
3.6955e-05
2.2888e-05
1.1921e-06
3.0041e-05
6.1989e-05
0.0000e+00
8.8215e-06
0.0000e+00
5.4121e-05
3.0994e-06
4.0531e-06
9.5367e-07
3.8147e-06
0.0000e+00
5.7936e-05
1.9073e-06
3.0994e-06
9.5367e-07
1.9073e-06
3.0994e-06
9.5367e-07
3.0994e-06
2.8610e-06
9.5367e-07
2.1458e-06
7.0286e-04
9.5367e-07
9.5367e-07
0.0000e+00
5.6028e-05
9.5367e-07
0.0000e+00
5.2929e-05
2.1458e-06
0.0000e+00
5.2929e-05
1.9073e-06
0.0000e+00
5.2929e-05
1.9073e-06
0.0000e+00
7.4148e-05
3.0994e-06
4.0531e-06
0.0000e+00
1.9073e-06
0.0000e+00
5.6028e-05
2.1458e-06
0.0000e+00
5.4121e-05
1.1301e-04
4.1962e-05
9.5367e-07
1.9073e-05
3.2902e-05
0.0000e+00
2.3127e-05
0.0000e+00
5.5075e-05
2.1458e-06
0.0000e+00
5.5075e-05
2.1458e-06
3.8147e-06
0.0000e+00
1.9789e-05
3.7003e-04
0.0000e+00
9.5367e-07
0.0000e+00
7.4148e-05
2.1458e-06
0.0000e+00
6.0081e-05
2.6941e-05
0.0000e+00
5.5075e-05
9.5367e-07
0.0000e+00
5.5075e-05
5.9605e-06
0.0000e+00
5.4121e-05
1.0896e-04
8.7976e-05
9.5367e-07
9.5367e-07
4.3154e-05
0.0000e+00
9.5367e-07
0.0000e+00
5.5075e-05
9.5367e-07
0.0000e+00
5.4836e-05
2.1458e-06
1.4496e-04
1.1921e-06
9.5367e-07
3.8862e-05
1.1921e-06
1.1921e-06
0.0000e+00
6.3896e-05
8.6069e-05
5.0068e-06
0.0000e+00
5.1975e-05
2.5201e-04
0.0000e+00
9.5367e-07
0.0000e+00
5.4836e-05
9.5367e-07
0.0000e+00
5.3883e-05
1.9073e-06
0.0000e+00
5.5075e-05
1.9073e-06
0.0000e+00
5.4121e-05
1.9073e-06
4.0531e-06
9.5367e-07
3.0994e-06
0.0000e+00
7.2956e-05
1.9073e-06
2.8610e-06
0.0000e+00
3.0994e-06
3.5000e-04
0.0000e+00
1.1921e-06
0.0000e+00
5.6982e-05
9.5367e-07
5.0068e-06
1.1921e-06
7.1526e-06
0.0000e+00
5.5075e-05
1.2517e-04
0.0000e+00
5.5075e-05
1.9073e-06
0.0000e+00
5.3167e-05
2.3127e-05
4.0531e-06
9.5367e-07
6.7949e-05
5.5075e-05
9.5367e-07
1.9073e-06
4.6968e-05
9.5367e-07
1.9073e-06
0.0000e+00
6.2943e-05
1.9073e-06
2.2221e-04
9.5367e-07
9.5367e-07
4.8161e-05
0.0000e+00
9.5367e-07
1.1492e-04
9.5367e-07
0.0000e+00
0.0000e+00
5.5075e-05
1.2112e-04
0.0000e+00
5.4121e-05
1.9789e-05
0.0000e+00
5.3883e-05
5.0068e-06
0.0000e+00
5.2929e-05
2.1458e-06
0.0000e+00
5.3883e-05
3.0994e-06
1.0014e-05
9.5367e-07
1.9073e-06
1.7309e-04
9.5367e-07
1.9073e-06
0.0000e+00
5.8889e-05
9.5367e-07
0.0000e+00
5.4121e-05
1.9073e-06
0.0000e+00
5.4121e-05
1.9073e-06
0.0000e+00
5.4121e-05
4.0531e-06
3.0279e-04
9.5367e-07
1.1921e-06
0.0000e+00
5.5075e-05
2.1458e-06
0.0000e+00
5.4121e-05
9.5367e-07
0.0000e+00
7.8917e-05
1.9073e-06
0.0000e+00
5.2929e-05
2.8610e-06
0.0000e+00
5.4836e-05
1.9073e-06
5.0068e-06
9.5367e-07
4.0531e-06
6.9141e-06
9.5367e-07
5.1022e-05
4.0531e-06
9.5367e-07
7.0095e-05
0.0000e+00
5.4121e-05
3.0994e-06
0.0000e+00
5.3167e-05
1.7500e-04
5.3883e-05
9.5367e-07
2.1458e-06
0.0000e+00
5.3883e-05
2.8610e-06
6.4850e-05
9.5367e-07
9.5367e-07
0.0000e+00
6.2943e-05
2.1458e-06
0.0000e+00
5.2929e-05
1.9073e-06
1.6189e-04
9.5367e-07
9.5367e-07
0.0000e+00
5.2929e-05
9.5367e-07
0.0000e+00
5.3167e-05
2.1458e-06
0.0000e+00
5.6028e-05
1.2183e-04
1.8835e-05
1.1921e-06
3.7193e-05
0.0000e+00
5.3883e-05
4.7207e-05
0.0000e+00
5.7936e-05
1.9073e-06
4.0531e-06
0.0000e+00
1.4067e-05
3.0994e-06
9.5367e-07
2.8610e-06
0.0000e+00
6.1989e-05
2.1458e-06
0.0000e+00
5.3167e-05
2.1005e-04
1.0514e-04
9.5367e-07
9.5367e-07
0.0000e+00
5.4121e-05
1.9073e-06
1.9073e-05
9.5367e-07
2.8610e-06
0.0000e+00
5.5075e-05
1.0920e-04
3.0994e-06
9.5367e-07
5.1975e-05
0.0000e+00
7.2956e-05
1.9073e-06
0.0000e+00
5.4836e-05
2.1458e-06
0.0000e+00
6.1035e-05
5.1022e-05
0.0000e+00
5.5075e-05
1.9073e-06
7.1526e-06
0.0000e+00
4.6015e-05
0.0000e+00
5.5075e-05
2.8610e-06
1.1301e-04
9.5367e-07
9.5367e-07
1.2302e-04
0.0000e+00
9.5367e-07
7.7963e-05
0.0000e+00
1.1921e-06
4.0531e-06
9.5367e-07
2.8610e-06
0.0000e+00
7.4863e-05
1.9073e-06
0.0000e+00
5.3883e-05
9.5367e-07
6.8188e-05
9.5367e-07
9.5367e-07
3.0994e-06
0.0000e+00
1.9073e-06
7.8678e-06
9.5367e-07
2.1458e-06
2.2793e-04
1.1921e-06
9.5367e-07
3.8147e-06
9.5367e-07
2.8610e-06
0.0000e+00
5.6028e-05
1.9073e-06
5.4097e-04
0.0000e+00
9.5367e-07
0.0000e+00
5.5075e-05
9.5367e-07
1.0014e-05
0.0000e+00
9.5367e-07
0.0000e+00
7.2002e-05
2.1458e-06
0.0000e+00
5.6028e-05
1.9073e-06
4.0531e-06
1.1921e-06
1.9073e-06
0.0000e+00
5.4836e-05
1.9073e-06
0.0000e+00
5.3883e-05
4.1485e-04
0.0000e+00
5.2929e-05
2.8610e-06
3.0994e-06
9.5367e-07
1.9073e-06
0.0000e+00
5.6982e-05
7.4863e-05
0.0000e+00
5.5790e-05
2.1458e-06
9.4891e-05
1.1921e-06
1.9073e-06
0.0000e+00
5.6982e-05
2.1458e-06
0.0000e+00
5.3883e-05
3.0994e-06
0.0000e+00
5.4836e-05
2.1458e-06
1.5283e-04
9.5367e-07
9.5367e-07
0.0000e+00
5.6028e-05
2.1458e-06
0.0000e+00
5.4121e-05
4.4107e-05
0.0000e+00
5.4121e-05
2.1458e-06
4.0531e-06
9.5367e-07
1.9073e-06
1.7715e-04
9.5367e-07
9.5367e-07
0.0000e+00
5.8889e-05
9.5367e-07
0.0000e+00
5.4121e-05
5.3167e-05
0.0000e+00
5.4836e-05
2.1458e-06
4.8900e-04
9.5367e-07
9.5367e-07
2.0027e-05
0.0000e+00
9.5367e-07
0.0000e+00
5.4836e-05
9.5367e-07
5.0068e-06
9.5367e-07
9.5367e-07
0.0000e+00
5.5075e-05
9.5367e-07
1.8001e-04
1.1921e-06
1.1921e-06
0.0000e+00
7.1049e-05
2.1458e-06
0.0000e+00
5.5075e-05
1.0896e-04
0.0000e+00
5.6982e-05
1.9073e-06
3.8147e-06
0.0000e+00
7.0095e-05
4.0531e-06
9.5367e-07
5.1975e-05
0.0000e+00
5.4836e-05
9.5367e-07
0.0000e+00
5.2929e-05
1.9073e-06
2.0003e-04
9.5367e-07
9.5367e-07
4.0531e-06
9.5367e-07
9.5367e-07
0.0000e+00
5.6982e-05
2.8610e-06
1.0419e-04
9.5367e-07
9.5367e-07
5.0068e-06
1.1921e-06
2.0027e-05
9.0122e-05
9.5367e-07
9.5367e-07
0.0000e+00
5.7220e-05
2.1458e-06
0.0000e+00
5.3883e-05
9.5367e-07
0.0000e+00
5.1975e-05
1.8907e-04
0.0000e+00
6.1989e-05
2.1458e-06
5.0068e-06
9.5367e-07
1.9073e-06
0.0000e+00
5.3883e-05
2.1458e-06
0.0000e+00
5.3883e-05
1.9073e-06
3.8147e-06
9.5367e-07
1.9073e-06
0.0000e+00
5.8174e-05
3.0088e-04
7.1526e-06
9.5367e-07
4.9829e-05
6.9141e-06
1.1921e-06
4.6968e-05
1.4806e-04
0.0000e+00
1.9073e-06
0.0000e+00
5.5075e-05
9.5367e-07
0.0000e+00
5.4836e-05
1.9073e-06
3.8147e-06
9.5367e-07
2.1458e-06
0.0000e+00
5.5075e-05
1.9073e-06
9.0599e-06
0.0000e+00
6.9141e-06
0.0000e+00
7.4863e-05
2.5892e-04
1.3089e-04
9.5367e-07
1.1921e-06
0.0000e+00
5.6982e-05
9.5367e-07
4.0531e-06
0.0000e+00
1.9073e-06
1.7190e-04
9.5367e-07
2.1458e-06
3.0994e-06
0.0000e+00
6.9141e-06
0.0000e+00
5.6028e-05
1.9073e-06
0.0000e+00
5.2929e-05
2.0480e-04
5.7936e-05
9.5367e-07
9.5367e-07
3.8147e-06
0.0000e+00
3.0994e-06
5.0068e-05
9.5367e-07
5.0068e-06
1.7190e-04
0.0000e+00
9.5367e-07
4.0531e-06
9.5367e-07
1.9073e-06
3.8147e-06
1.1921e-06
6.1989e-06
2.0790e-04
0.0000e+00
2.1458e-06
0.0000e+00
5.6982e-05
1.9073e-06
2.5010e-04
9.5367e-07
9.5367e-07
0.0000e+00
5.4836e-05
1.9073e-06
0.0000e+00
5.4121e-05
9.5367e-07
5.0068e-06
9.5367e-07
4.0531e-06
2.3293e-04
1.1921e-06
9.5367e-07
0.0000e+00
5.6028e-05
9.5367e-07
4.0531e-06
9.5367e-07
0.0000e+00
0.0000e+00
7.1049e-05
1.4281e-04
0.0000e+00
5.7936e-05
1.9073e-06
0.0000e+00
5.4121e-05
1.9073e-06
0.0000e+00
5.4121e-05
7.4863e-05
4.0531e-06
1.1921e-06
5.3167e-05
2.8610e-06
9.5367e-07
3.0994e-06
5.3167e-05
9.5367e-07
9.5367e-07
0.0000e+00
5.4121e-05
1.1921e-06
3.0994e-06
9.5367e-07
1.9073e-06
3.0994e-06
9.5367e-07
1.9073e-06
0.0000e+00
5.3883e-05
5.9605e-06
0.0000e+00
5.6028e-05
6.2895e-04
3.8147e-06
0.0000e+00
5.4836e-05
0.0000e+00
5.6028e-05
1.3494e-04
5.9605e-06
9.5367e-07
4.9114e-05
4.0531e-06
0.0000e+00
5.0783e-05
2.8610e-06
1.1921e-06
5.1022e-05
0.0000e+00
5.9843e-05
7.2956e-05
4.0531e-06
0.0000e+00
5.6982e-05
2.2292e-04
9.5367e-07
9.5367e-07
0.0000e+00
5.4836e-05
9.5367e-07
0.0000e+00
7.5817e-05
4.0531e-06
5.0068e-06
1.1921e-06
1.9073e-06
0.0000e+00
5.6028e-05
2.1458e-06
4.0531e-06
9.5367e-07
1.9073e-06
0.0000e+00
5.5075e-05
1.9073e-06
0.0000e+00
5.3883e-05
9.5367e-07
0.0000e+00
5.1975e-05
2.0027e-05
2.8515e-04
0.0000e+00
1.9073e-06
0.0000e+00
5.5075e-05
9.5367e-07
0.0000e+00
6.9141e-05
1.9073e-06
0.0000e+00
5.6982e-05
2.1458e-06
0.0000e+00
5.5075e-05
1.6713e-04
0.0000e+00
5.4121e-05
3.0994e-06
6.0081e-05
9.5367e-07
9.5367e-07
5.1975e-05
9.5367e-07
1.9073e-06
0.0000e+00
6.3181e-05
4.0531e-06
0.0000e+00
5.5075e-05
9.5367e-07
0.0000e+00
5.5075e-05
1.9073e-06
0.0000e+00
6.9141e-05
1.9073e-06
0.0000e+00
5.4121e-05
1.9073e-06
0.0000e+00
5.5075e-05
2.0599e-04
0.0000e+00
5.3883e-05
2.1458e-06
1.0204e-04
9.5367e-07
9.5367e-07
4.0531e-06
9.5367e-07
9.5367e-07
1.0014e-05
1.1921e-06
2.5034e-05
1.8811e-04
9.5367e-07
9.5367e-07
0.0000e+00
5.6028e-05
1.9073e-06
0.0000e+00
5.4836e-05
2.8610e-06
0.0000e+00
5.6982e-05
2.1458e-06
0.0000e+00
5.4121e-05
1.1921e-06
4.0531e-06
9.5367e-07
3.0041e-05
0.0000e+00
5.5075e-05
2.1601e-04
0.0000e+00
5.3883e-05
1.9073e-06
0.0000e+00
5.4836e-05
5.0068e-06
3.3140e-05
0.0000e+00
4.1962e-05
0.0000e+00
5.4836e-05
1.9073e-06
2.9802e-05
9.5367e-07
5.9605e-06
0.0000e+00
5.6982e-05
2.1458e-06
0.0000e+00
5.4836e-05
2.1458e-06
0.0000e+00
5.3883e-05
1.9073e-06
0.0000e+00
5.1975e-05
1.9073e-06
0.0000e+00
5.4121e-05
2.2173e-05
0.0000e+00
5.5075e-05
2.1458e-06
4.0698e-04
1.1921e-06
1.1921e-06
3.0994e-06
9.5367e-07
9.5367e-07
4.0531e-06
9.5367e-07
3.0994e-06
0.0000e+00
7.2956e-05
1.9073e-06
0.0000e+00
5.4836e-05
3.6001e-04
3.8147e-06
0.0000e+00
5.1022e-05
0.0000e+00
5.4836e-05
2.1458e-06
2.3794e-04
9.5367e-07
9.5367e-07
1.1206e-05
9.5367e-07
9.5367e-07
0.0000e+00
5.6982e-05
6.6042e-05
1.8120e-05
9.5367e-07
6.2943e-05
4.0531e-06
9.5367e-07
5.1975e-05
0.0000e+00
5.4836e-05
1.9073e-06
1.0920e-04
9.5367e-07
1.9073e-06
0.0000e+00
5.6982e-05
2.1458e-06
2.2507e-04
0.0000e+00
9.5367e-07
0.0000e+00
5.6982e-05
1.9073e-06
0.0000e+00
8.4877e-05
2.8610e-06
7.8678e-06
9.5367e-07
2.8610e-06
0.0000e+00
5.8889e-05
9.5367e-07
5.9605e-06
9.5367e-07
2.8610e-06
1.4067e-05
9.5367e-07
4.4107e-05
0.0000e+00
5.5075e-05
8.6069e-05
0.0000e+00
7.5817e-05
3.0994e-06
1.5998e-04
1.1921e-06
9.5367e-07
0.0000e+00
5.6982e-05
1.9073e-06
0.0000e+00
5.2929e-05
2.1458e-06
1.5306e-04
9.5367e-07
9.5367e-07
0.0000e+00
5.6028e-05
5.3883e-05
0.0000e+00
5.3883e-05
1.9073e-06
0.0000e+00
5.3883e-05
3.3855e-05
2.8849e-05
9.5367e-07
2.9087e-05
0.0000e+00
5.5075e-05
2.1458e-06
0.0000e+00
5.7936e-05
1.9073e-06
0.0000e+00
5.3883e-05
1.9073e-06
0.0000e+00
5.3883e-05
1.9073e-06
0.0000e+00
5.5075e-05
3.9816e-05
0.0000e+00
5.3883e-05
1.9073e-06
0.0000e+00
5.3883e-05
1.4496e-04
0.0000e+00
5.6028e-05
6.4135e-05
0.0000e+00
7.7009e-05
1.9073e-06
0.0000e+00
5.4836e-05
9.5367e-07
9.2983e-05
0.0000e+00
9.5367e-07
4.0531e-06
0.0000e+00
2.1458e-06
1.2088e-04
9.5367e-07
9.5367e-07
0.0000e+00
5.5075e-05
1.9073e-06
0.0000e+00
5.5075e-05
2.1458e-06
0.0000e+00
5.4121e-05
2.1458e-06
0.0000e+00
5.5075e-05
4.1962e-05
4.0531e-06
9.5367e-07
1.9073e-06
0.0000e+00
7.2002e-05
1.6212e-04
0.0000e+00
5.4121e-05
4.7684e-06
0.0000e+00
5.3883e-05
2.1458e-06
0.0000e+00
5.5075e-05
2.1458e-06
0.0000e+00
5.5075e-05
1.1921e-06
0.0000e+00
5.5075e-05
1.1921e-06
1.5092e-04
9.5367e-07
2.1458e-06
0.0000e+00
5.6028e-05
1.9073e-06
3.0994e-06
0.0000e+00
2.1458e-06
0.0000e+00
6.3896e-05
1.9097e-04
0.0000e+00
5.5075e-05
2.8610e-06
0.0000e+00
5.3883e-05
1.9073e-06
3.8147e-06
9.5367e-07
3.0994e-06
0.0000e+00
5.4121e-05
3.0994e-06
1.0514e-04
9.5367e-07
9.5367e-07
2.3603e-04
9.5367e-07
9.5367e-07
4.3154e-05
9.5367e-07
9.5367e-07
0.0000e+00
5.5075e-05
1.9073e-06
0.0000e+00
7.8201e-05
1.7166e-05
5.0068e-06
9.5367e-07
5.2929e-05
0.0000e+00
5.4836e-05
1.9073e-06
0.0000e+00
5.3883e-05
1.9073e-06
7.3195e-05
9.5367e-07
9.5367e-07
0.0000e+00
5.4121e-05
1.1921e-06
2.0599e-04
0.0000e+00
9.5367e-07
0.0000e+00
5.5790e-05
2.1458e-06
0.0000e+00
5.6028e-05
2.1458e-06
0.0000e+00
7.1049e-05
4.5061e-05
0.0000e+00
6.5088e-05
1.9073e-06
0.0000e+00
5.4121e-05
2.8610e-06
2.1720e-04
0.0000e+00
9.5367e-07
0.0000e+00
5.6028e-05
5.5075e-05
0.0000e+00
5.5075e-05
2.1458e-06
0.0000e+00
5.2929e-05
2.1458e-06
4.0531e-06
9.5367e-07
1.9073e-06
0.0000e+00
5.5075e-05
1.9073e-06
1.8001e-04
9.5367e-07
1.9073e-06
2.8610e-06
0.0000e+00
2.1458e-06
1.1492e-04
9.5367e-07
9.5367e-07
0.0000e+00
5.7936e-05
1.9073e-06
2.8610e-06
1.1921e-06
2.5034e-05
2.8610e-06
1.1921e-06
2.1458e-06
0.0000e+00
5.5075e-05
3.0994e-06
0.0000e+00
5.5075e-05
2.1458e-06
0.0000e+00
5.4121e-05
2.1458e-06
0.0000e+00
5.5075e-05
3.3212e-04
0.0000e+00
7.2956e-05
2.8610e-06
0.0000e+00
6.0081e-05
9.5367e-07
0.0000e+00
5.4836e-05
1.9073e-06
0.0000e+00
5.3883e-05
9.9897e-05
0.0000e+00
5.3883e-05
1.9073e-06
0.0000e+00
5.5075e-05
1.6928e-05
0.0000e+00
5.4121e-05
1.8311e-04
4.0531e-06
0.0000e+00
1.9073e-06
1.2994e-04
0.0000e+00
1.9073e-06
3.8147e-06
9.5367e-07
9.5367e-07
0.0000e+00
5.8174e-05
2.1458e-06
0.0000e+00
6.0081e-05
2.1458e-06
0.0000e+00
5.5075e-05
1.1921e-06
0.0000e+00
5.4121e-05
2.1458e-06
3.3593e-04
9.5367e-07
9.5367e-07
0.0000e+00
5.4836e-05
9.5367e-07
0.0000e+00
5.2929e-05
9.5367e-07
5.0068e-06
9.5367e-07
2.1458e-06
0.0000e+00
5.9128e-05
3.2187e-05
2.0099e-04
1.1921e-06
9.5367e-07
0.0000e+00
5.5075e-05
2.1458e-06
1.0014e-05
9.5367e-07
4.9114e-05
4.0531e-06
9.5367e-07
6.9141e-06
0.0000e+00
5.6028e-05
5.5075e-05
1.3828e-05
0.0000e+00
4.1962e-05
0.0000e+00
5.5075e-05
1.1921e-06
0.0000e+00
5.5075e-05
2.1458e-06
5.2595e-04
1.1921e-06
2.1458e-06
5.0068e-06
9.5367e-07
1.9073e-06
1.3399e-04
9.5367e-07
9.5367e-07
0.0000e+00
5.7936e-05
2.1458e-06
3.8147e-06
9.5367e-07
1.9073e-06
0.0000e+00
5.5075e-05
5.0068e-06
0.0000e+00
5.3883e-05
1.8406e-04
1.0490e-04
9.5367e-07
9.5367e-07
4.0531e-06
9.5367e-07
9.5367e-07
0.0000e+00
5.5075e-05
7.7009e-05
0.0000e+00
5.4121e-05
2.1458e-06
8.5115e-05
9.5367e-07
1.9073e-06
3.3855e-05
0.0000e+00
2.1458e-06
0.0000e+00
5.6982e-05
2.1458e-06
0.0000e+00
5.2929e-05
1.0204e-04
0.0000e+00
5.5075e-05
1.9073e-06
0.0000e+00
5.3167e-05
3.0994e-06
0.0000e+00
5.6982e-05
1.9073e-06
0.0000e+00
5.4836e-05
1.9073e-06
0.0000e+00
5.3883e-05
3.1900e-04
0.0000e+00
7.4148e-05
3.0994e-06
5.0068e-06
1.1921e-06
9.5367e-07
0.0000e+00
5.3883e-05
1.0896e-04
0.0000e+00
5.3883e-05
1.9073e-06
0.0000e+00
5.1975e-05
2.9087e-05
5.0068e-05
9.5367e-07
5.0068e-06
2.0981e-05
1.1921e-06
3.4094e-05
3.0994e-06
9.5367e-07
4.8876e-05
1.3709e-04
0.0000e+00
9.5367e-07
0.0000e+00
5.6982e-05
1.9073e-06
2.3699e-04
1.1921e-06
2.1458e-06
4.0531e-06
0.0000e+00
9.5367e-07
4.0531e-06
9.5367e-07
2.1935e-05
2.1291e-04
1.1921e-06
9.5367e-07
0.0000e+00
5.6028e-05
2.1458e-06
0.0000e+00
5.3883e-05
1.9073e-06
4.4107e-05
9.5367e-07
9.5367e-07
0.0000e+00
5.3883e-05
9.5367e-07
0.0000e+00
5.8889e-05
2.0027e-05
0.0000e+00
5.5075e-05
1.4901e-04
0.0000e+00
7.5817e-05
3.0994e-06
0.0000e+00
5.6028e-05
1.9073e-06
0.0000e+00
5.4836e-05
8.3923e-05
0.0000e+00
5.3167e-05
2.1219e-05
0.0000e+00
5.5075e-05
2.1458e-06
0.0000e+00
5.3883e-05
2.1458e-06
0.0000e+00
5.4836e-05
1.9073e-06
3.8147e-06
0.0000e+00
1.9073e-06
0.0000e+00
7.5102e-05
2.8610e-06
0.0000e+00
5.6982e-05
2.1458e-06
1.0490e-04
0.0000e+00
9.5367e-07
2.0981e-05
1.1921e-06
1.1921e-06
0.0000e+00
5.6028e-05
3.4380e-04
2.8610e-06
0.0000e+00
7.1049e-05
5.1022e-05
9.5367e-07
4.0531e-06
0.0000e+00
5.5790e-05
9.5367e-07
0.0000e+00
5.3883e-05
1.9073e-06
0.0000e+00
5.9843e-05
8.6069e-05
5.1975e-05
1.1921e-06
2.8610e-06
0.0000e+00
5.6982e-05
1.0896e-04
0.0000e+00
5.4836e-05
1.9073e-06
6.9141e-06
0.0000e+00
4.6015e-05
0.0000e+00
5.4121e-05
1.9789e-05
0.0000e+00
5.3883e-05
1.9073e-06
0.0000e+00
5.4836e-05
9.5367e-07
0.0000e+00
5.4836e-05
1.9073e-06
2.8610e-06
1.1921e-06
1.1921e-06
0.0000e+00
7.2956e-05
2.8610e-06
3.3879e-04
9.5367e-07
2.1458e-06
0.0000e+00
5.6028e-05
9.5367e-07
0.0000e+00
5.4121e-05
9.5367e-07
0.0000e+00
5.5075e-05
1.9073e-06
0.0000e+00
5.4121e-05
2.1458e-06
0.0000e+00
5.5075e-05
2.1100e-04
4.0531e-06
9.5367e-07
5.2929e-05
0.0000e+00
5.9843e-05
3.0994e-06
1.1802e-04
9.5367e-07
9.5367e-07
0.0000e+00
5.7936e-05
2.1458e-06
8.0109e-05
9.5367e-07
9.5367e-07
0.0000e+00
5.5075e-05
1.9073e-06
0.0000e+00
5.4121e-05
5.0068e-06
0.0000e+00
5.5075e-05
2.1219e-05
0.0000e+00
5.3883e-05
1.2708e-04
1.0896e-04
0.0000e+00
2.1458e-06
0.0000e+00
6.1035e-05
2.1458e-06
0.0000e+00
7.2956e-05
3.0994e-06
0.0000e+00
5.6028e-05
1.9073e-06
0.0000e+00
5.5075e-05
9.5367e-07
1.4019e-04
9.5367e-07
9.5367e-07
0.0000e+00
5.5075e-05
9.5367e-07
4.0531e-06
0.0000e+00
9.5367e-07
0.0000e+00
5.5075e-05
9.5367e-07
0.0000e+00
5.2929e-05
1.9073e-06
3.0518e-04
9.5367e-07
9.5367e-07
0.0000e+00
8.0109e-05
1.9073e-06
5.9605e-06
9.5367e-07
1.1921e-06
0.0000e+00
5.6028e-05
2.1458e-06
0.0000e+00
5.4121e-05
2.1458e-06
0.0000e+00
5.4121e-05
1.9073e-06
0.0000e+00
5.3883e-05
1.9073e-06
0.0000e+00
5.1975e-05
3.8290e-04
8.1062e-06
9.5367e-07
4.9114e-05
0.0000e+00
5.4121e-05
3.0994e-06
0.0000e+00
5.6982e-05
1.1921e-06
1.4400e-04
1.1921e-06
1.1921e-06
0.0000e+00
5.6028e-05
9.5367e-07
4.0531e-06
0.0000e+00
1.0014e-05
8.8930e-05
1.1921e-06
1.1921e-06
1.3590e-04
1.1921e-06
9.5367e-07
2.0027e-05
9.5367e-07
9.5367e-07
0.0000e+00
5.5075e-05
2.1458e-06
4.0531e-06
9.5367e-07
1.9073e-06
2.8610e-06
0.0000e+00
2.1458e-06
2.8610e-06
0.0000e+00
2.1458e-06
0.0000e+00
5.4121e-05
2.8610e-06
1.6308e-04
9.5367e-07
9.5367e-07
2.6941e-05
9.5367e-07
9.5367e-07
3.9411e-04
9.5367e-07
9.5367e-07
3.0994e-06
0.0000e+00
9.5367e-07
0.0000e+00
6.0081e-05
7.3910e-05
0.0000e+00
5.3883e-05
5.9605e-06
3.0994e-06
9.5367e-07
2.8610e-06
0.0000e+00
5.4836e-05
1.9073e-06
0.0000e+00
5.1975e-05
2.8610e-06
1.8501e-04
9.5367e-07
9.5367e-07
0.0000e+00
7.5102e-05
2.1458e-06
3.6001e-05
9.5367e-07
9.5367e-07
0.0000e+00
5.4836e-05
9.5367e-07
4.0531e-06
0.0000e+00
7.1526e-06
3.6907e-04
9.5367e-07
9.5367e-07
0.0000e+00
5.6028e-05
1.9073e-06
2.9302e-04
9.5367e-07
9.5367e-07
0.0000e+00
5.5075e-05
1.9073e-06
0.0000e+00
5.4121e-05
9.5367e-07
3.0994e-06
9.5367e-07
2.8610e-06
0.0000e+00
7.9870e-05
3.0994e-06
0.0000e+00
5.6028e-05
2.1458e-06
0.0000e+00
5.2929e-05
1.9073e-06
0.0000e+00
5.3883e-05
1.9073e-06
0.0000e+00
5.5075e-05
1.1921e-05
0.0000e+00
5.4121e-05
1.9073e-06
0.0000e+00
5.6982e-05
1.0514e-04
0.0000e+00
6.1989e-05
3.0994e-06
1.6809e-04
9.5367e-07
9.5367e-07
0.0000e+00
5.7220e-05
2.1458e-06
1.5020e-05
9.5367e-07
9.5367e-07
2.7180e-05
9.5367e-07
9.5367e-07
4.0531e-06
9.5367e-07
2.8610e-06
0.0000e+00
5.5075e-05
1.9073e-06
0.0000e+00
5.3883e-05
2.1195e-04
0.0000e+00
5.4836e-05
1.9073e-06
0.0000e+00
5.2929e-05
9.5367e-07
5.0068e-06
0.0000e+00
5.0068e-06
0.0000e+00
8.0824e-05
3.0994e-06
2.8801e-04
9.5367e-07
9.5367e-07
0.0000e+00
5.5790e-05
9.5367e-07
0.0000e+00
5.2929e-05
9.5367e-07
0.0000e+00
5.5075e-05
1.9073e-06
0.0000e+00
5.4121e-05
2.1458e-06
0.0000e+00
5.4121e-05
3.0994e-06
0.0000e+00
5.4121e-05
2.1458e-06
0.0000e+00
7.5102e-05
3.0994e-06
0.0000e+00
5.5075e-05
1.6212e-04
0.0000e+00
5.4121e-05
6.9141e-06
0.0000e+00
5.3167e-05
2.1458e-06
0.0000e+00
5.2929e-05
1.9073e-06
1.0896e-04
9.5367e-07
9.5367e-07
0.0000e+00
5.3883e-05
9.5367e-07
0.0000e+00
5.4121e-05
1.9073e-06
0.0000e+00
7.2956e-05
1.9073e-06
1.9693e-04
9.5367e-07
9.5367e-07
0.0000e+00
5.4836e-05
9.5367e-07
7.1049e-05
9.5367e-07
1.1921e-06
2.8849e-05
9.5367e-07
9.5367e-07
0.0000e+00
5.5075e-05
1.3781e-04
0.0000e+00
5.4836e-05
9.5367e-07
9.0599e-06
9.5367e-07
3.9816e-05
0.0000e+00
5.2929e-05
9.5367e-07
0.0000e+00
5.2929e-05
9.5367e-07
0.0000e+00
7.2002e-05
4.4823e-05
0.0000e+00
5.3883e-05
1.9073e-06
3.0994e-06
0.0000e+00
2.1458e-06
0.0000e+00
5.5075e-05
1.2803e-04
1.1492e-04
9.5367e-07
9.5367e-07
0.0000e+00
5.4836e-05
1.9073e-06
0.0000e+00
5.2929e-05
2.0027e-05
4.0531e-06
9.5367e-07
5.1975e-05
0.0000e+00
5.5075e-05
1.1921e-06
1.5306e-04
9.5367e-07
1.9073e-06
0.0000e+00
5.6982e-05
9.5367e-07
0.0000e+00
5.2929e-05
3.0994e-06
0.0000e+00
5.5075e-05
3.0994e-06
0.0000e+00
5.5075e-05
1.9073e-06
4.0531e-06
9.5367e-07
9.5367e-07
2.5010e-04
9.5367e-07
9.5367e-07
0.0000e+00
5.6982e-05
1.1921e-06
1.5020e-05
9.5367e-07
9.5367e-07
2.0981e-05
9.5367e-07
1.1921e-06
0.0000e+00
7.2956e-05
1.0014e-05
0.0000e+00
5.6028e-05
3.0994e-06
0.0000e+00
5.3167e-05
2.1458e-06
0.0000e+00
5.3883e-05
1.9073e-06
0.0000e+00
5.2929e-05
3.5000e-04
0.0000e+00
5.5075e-05
7.8678e-06
0.0000e+00
5.3883e-05
1.9073e-06
0.0000e+00
5.3883e-05
2.1458e-06
0.0000e+00
5.6028e-05
4.5776e-05
0.0000e+00
5.5075e-05
2.1458e-06
0.0000e+00
5.4121e-05
1.2016e-04
0.0000e+00
5.3883e-05
2.1458e-06
5.0068e-06
0.0000e+00
1.6928e-05
0.0000e+00
5.3883e-05
1.9073e-06
3.0994e-06
0.0000e+00
6.8903e-05
4.0531e-06
9.5367e-07
1.9073e-06
3.8695e-04
9.5367e-07
9.5367e-07
0.0000e+00
7.2002e-05
3.9101e-05
0.0000e+00
5.6028e-05
1.9073e-06
0.0000e+00
5.5075e-05
1.9073e-06
6.1035e-05
0.0000e+00
1.1921e-06
1.6785e-04
9.5367e-07
1.1921e-06
0.0000e+00
6.1989e-05
1.9073e-06
0.0000e+00
5.3883e-05
1.9073e-06
0.0000e+00
5.2929e-05
9.5367e-07
7.0095e-05
9.5367e-07
9.5367e-07
0.0000e+00
5.5075e-05
2.1458e-06
4.0531e-06
9.5367e-07
1.9073e-06
0.0000e+00
5.6028e-05
1.9073e-06
2.8801e-04
0.0000e+00
9.5367e-07
2.0027e-05
9.5367e-07
9.5367e-07
0.0000e+00
5.5075e-05
9.5367e-07
0.0000e+00
5.2929e-05
1.3089e-04
3.8147e-06
9.5367e-07
2.1458e-06
1.3494e-04
1.1921e-06
9.5367e-07
0.0000e+00
5.6982e-05
1.9073e-06
1.6117e-04
0.0000e+00
9.5367e-07
0.0000e+00
7.2002e-05
9.5367e-07
0.0000e+00
5.3883e-05
2.1935e-05
0.0000e+00
5.3883e-05
9.5367e-07
0.0000e+00
5.3883e-05
2.8610e-06
2.8610e-06
0.0000e+00
3.0994e-06
2.2602e-04
9.5367e-07
2.1458e-06
2.3508e-04
0.0000e+00
9.5367e-07
0.0000e+00
5.6028e-05
9.5367e-07
0.0000e+00
5.3883e-05
9.5367e-07
0.0000e+00
7.1049e-05
9.5367e-07
0.0000e+00
5.7936e-05
1.9073e-06
4.0531e-06
1.1921e-06
9.5367e-07
0.0000e+00
5.2929e-05
2.1458e-06
7.8678e-06
0.0000e+00
2.9802e-05
2.8610e-06
1.1921e-06
5.0068e-05
3.0994e-06
9.5367e-07
2.0981e-05
0.0000e+00
6.1989e-05
2.1458e-06
0.0000e+00
5.2929e-05
9.5367e-07
3.0398e-04
0.0000e+00
9.5367e-07
2.2197e-04
9.5367e-07
9.5367e-07
0.0000e+00
7.2956e-05
2.1458e-06
0.0000e+00
5.4121e-05
7.7009e-05
0.0000e+00
5.4836e-05
9.5367e-07
0.0000e+00
6.1035e-05
1.0967e-05
3.8147e-06
0.0000e+00
2.8610e-06
0.0000e+00
5.6028e-05
3.0041e-05
0.0000e+00
5.4121e-05
2.1458e-06
3.2806e-04
9.5367e-07
1.9073e-06
0.0000e+00
5.4836e-05
1.1921e-06
0.0000e+00
5.6982e-05
9.5367e-07
0.0000e+00
5.7936e-05
3.0994e-06
0.0000e+00
5.3883e-05
1.4305e-04
0.0000e+00
5.4836e-05
1.9073e-06
4.0531e-06
1.1921e-06
3.0994e-06
3.0994e-06
9.5367e-07
7.8678e-06
0.0000e+00
5.3883e-05
2.5797e-04
0.0000e+00
5.3883e-05
7.8678e-06
2.8610e-06
0.0000e+00
1.9073e-06
0.0000e+00
5.6982e-05
9.5367e-07
0.0000e+00
5.4121e-05
1.9073e-06
0.0000e+00
5.4121e-05
1.9073e-06
8.0109e-05
9.5367e-07
9.5367e-07
4.1008e-05
9.5367e-07
9.5367e-07
0.0000e+00
5.4121e-05
1.0014e-05
0.0000e+00
5.3883e-05
2.2477e-01
