6.1810e-03
2.7895e-05
0.0000e+00
1.1611e-04
3.8147e-06
0.0000e+00
6.1989e-05
1.9073e-06
0.0000e+00
5.7936e-05
2.8610e-06
5.3880e-03
9.5367e-07
3.0994e-06
0.0000e+00
6.3896e-05
1.9073e-06
0.0000e+00
5.6028e-05
2.1458e-06
3.2091e-04
0.0000e+00
9.5367e-07
1.2207e-04
9.5367e-07
1.9073e-06
1.3614e-04
9.5367e-07
9.5367e-07
0.0000e+00
8.7976e-05
1.9073e-06
0.0000e+00
6.4135e-05
9.5367e-07
0.0000e+00
5.4121e-05
1.9073e-06
0.0000e+00
5.6028e-05
1.9073e-06
0.0000e+00
5.3883e-05
2.1458e-06
1.5974e-05
9.5367e-07
9.5367e-07
0.0000e+00
5.6028e-05
2.1458e-06
1.7786e-04
9.5367e-07
1.9073e-06
0.0000e+00
5.6982e-05
2.8610e-06
0.0000e+00
5.6028e-05
9.5367e-07
0.0000e+00
5.4121e-05
9.5367e-07
0.0000e+00
5.4121e-05
1.1921e-06
0.0000e+00
5.3883e-05
1.1921e-06
0.0000e+00
6.1035e-05
9.5367e-07
0.0000e+00
5.3167e-05
1.9073e-06
0.0000e+00
5.5075e-05
9.5367e-07
4.9996e-04
1.1921e-06
9.5367e-07
0.0000e+00
7.5102e-05
1.9073e-06
0.0000e+00
5.6028e-05
1.9073e-06
0.0000e+00
5.5075e-05
1.9073e-06
0.0000e+00
5.3883e-05
1.9073e-06
0.0000e+00
5.4836e-05
9.5367e-07
0.0000e+00
5.3883e-05
9.5367e-07
8.3923e-05
9.5367e-07
2.1458e-06
0.0000e+00
5.6982e-05
1.9073e-06
0.0000e+00
7.3195e-05
2.1458e-06
0.0000e+00
5.5075e-05
2.1458e-06
1.7691e-04
0.0000e+00
9.5367e-07
0.0000e+00
5.6028e-05
1.9073e-06
0.0000e+00
5.4836e-05
9.5367e-07
0.0000e+00
5.3883e-05
1.9073e-06
2.7180e-05
9.5367e-07
9.5367e-07
0.0000e+00
6.2943e-05
9.5367e-07
0.0000e+00
5.3883e-05
2.1458e-06
3.4785e-04
9.5367e-07
9.5367e-07
5.0068e-06
1.1921e-06
1.9073e-06
1.1015e-04
9.5367e-07
1.9073e-06
2.5034e-05
0.0000e+00
1.1921e-06
6.1035e-05
9.5367e-07
9.5367e-07
0.0000e+00
5.8889e-05
1.9073e-06
0.0000e+00
5.5075e-05
1.9073e-06
4.0412e-04
9.5367e-07
1.9073e-06
6.9141e-06
9.5367e-07
1.1921e-06
0.0000e+00
5.6028e-05
9.5367e-07
0.0000e+00
5.5075e-05
1.9073e-06
0.0000e+00
7.4148e-05
2.1458e-06
5.0068e-06
1.1921e-06
1.1921e-06
0.0000e+00
5.6028e-05
9.5367e-07
0.0000e+00
5.4121e-05
9.5367e-07
0.0000e+00
5.4121e-05
1.9073e-06
0.0000e+00
5.4121e-05
1.9073e-06
0.0000e+00
5.5075e-05
1.9073e-06
5.3978e-04
9.5367e-07
9.5367e-07
5.0068e-06
9.5367e-07
1.1921e-06
0.0000e+00
7.3910e-05
3.0994e-06
4.6015e-05
9.5367e-07
1.9073e-06
5.0068e-06
9.5367e-07
9.5367e-07
2.9087e-05
0.0000e+00
1.9073e-06
5.0068e-06
9.5367e-07
9.5367e-07
0.0000e+00
5.6982e-05
2.1458e-06
1.0395e-04
0.0000e+00
1.9073e-06
5.1975e-05
1.1921e-06
1.1921e-06
0.0000e+00
5.6028e-05
1.9073e-06
5.2500e-04
1.1921e-06
2.1458e-06
0.0000e+00
5.6028e-05
1.9073e-06
2.0027e-05
1.1921e-06
1.9073e-06
0.0000e+00
5.9128e-05
1.9073e-06
0.0000e+00
6.1035e-05
1.9073e-06
4.2915e-04
9.5367e-07
9.5367e-07
0.0000e+00
5.5075e-05
1.9073e-06
4.0531e-06
0.0000e+00
9.5367e-07
0.0000e+00
5.5075e-05
1.9073e-06
1.5712e-04
9.5367e-07
1.9073e-06
2.0981e-05
9.5367e-07
9.5367e-07
5.0068e-05
9.5367e-07
2.8610e-06
0.0000e+00
5.5790e-05
1.9073e-06
0.0000e+00
7.3910e-05
2.1458e-06
0.0000e+00
5.3883e-05
9.5367e-07
3.8600e-04
9.5367e-07
9.5367e-07
5.0068e-06
1.1921e-06
2.1458e-06
0.0000e+00
5.6028e-05
9.5367e-07
0.0000e+00
5.4121e-05
1.1921e-06
0.0000e+00
5.4121e-05
9.5367e-07
2.6488e-04
0.0000e+00
1.9073e-06
0.0000e+00
5.6982e-05
9.5367e-07
0.0000e+00
7.3910e-05
1.9073e-06
1.8096e-04
9.5367e-07
9.5367e-07
0.0000e+00
5.6028e-05
9.5367e-07
1.1921e-05
9.5367e-07
1.9073e-06
5.4121e-05
0.0000e+00
9.5367e-07
0.0000e+00
5.4836e-05
1.9073e-06
5.0068e-06
9.5367e-07
9.5367e-07
0.0000e+00
5.5075e-05
1.9073e-06
0.0000e+00
5.4121e-05
9.5367e-07
0.0000e+00
5.4121e-05
2.1458e-06
0.0000e+00
6.5088e-05
1.1921e-06
0.0000e+00
5.3883e-05
2.1458e-06
0.0000e+00
5.3883e-05
9.5367e-07
7.2002e-05
9.5367e-07
1.9073e-06
0.0000e+00
5.6028e-05
9.5367e-07
3.9387e-04
1.1921e-06
2.1458e-06
0.0000e+00
5.6028e-05
2.1458e-06
0.0000e+00
5.2929e-05
1.9073e-06
0.0000e+00
6.9857e-05
2.1458e-06
3.7909e-04
0.0000e+00
1.9073e-06
0.0000e+00
5.8174e-05
1.1921e-06
0.0000e+00
5.4121e-05
1.1921e-06
1.8501e-04
9.5367e-07
1.9073e-06
0.0000e+00
5.5075e-05
9.5367e-07
0.0000e+00
5.4836e-05
9.5367e-07
1.2922e-04
9.5367e-07
9.5367e-07
0.0000e+00
5.6028e-05
9.5367e-07
6.1989e-06
9.5367e-07
9.5367e-07
3.0994e-06
0.0000e+00
2.1458e-06
2.6798e-04
9.5367e-07
9.5367e-07
6.1989e-06
9.5367e-07
1.9073e-06
0.0000e+00
5.6982e-05
2.1458e-06
0.0000e+00
5.4836e-05
2.1458e-06
3.8147e-06
9.5367e-07
9.5367e-07
2.2006e-04
0.0000e+00
9.5367e-07
4.0531e-06
0.0000e+00
1.9073e-06
0.0000e+00
6.2943e-05
1.9073e-06
2.7394e-04
9.5367e-07
1.9073e-06
0.0000e+00
5.6028e-05
1.9073e-06
0.0000e+00
7.4148e-05
1.9073e-06
0.0000e+00
5.5075e-05
9.5367e-07
2.6703e-04
1.1921e-06
2.1458e-06
0.0000e+00
5.5075e-05
2.1458e-06
0.0000e+00
5.3883e-05
1.9073e-06
0.0000e+00
6.1035e-05
1.9073e-06
1.3089e-04
1.1921e-06
2.1458e-06
4.0531e-06
9.5367e-07
9.5367e-07
0.0000e+00
5.5075e-05
1.9073e-06
0.0000e+00
5.3167e-05
1.9073e-06
0.0000e+00
5.6028e-05
9.5367e-07
3.6907e-04
1.1921e-06
1.1921e-06
0.0000e+00
5.5075e-05
9.5367e-07
0.0000e+00
5.2929e-05
1.9073e-06
0.0000e+00
5.6028e-05
9.5367e-07
6.1989e-06
9.5367e-07
9.5367e-07
0.0000e+00
5.5075e-05
1.9073e-06
0.0000e+00
5.4121e-05
1.9073e-06
1.4710e-04
9.5367e-07
2.1458e-06
0.0000e+00
5.6982e-05
1.9073e-06
0.0000e+00
5.4836e-05
1.9073e-06
0.0000e+00
5.3883e-05
1.9073e-06
0.0000e+00
5.4121e-05
1.9073e-06
0.0000e+00
5.6028e-05
9.5367e-07
0.0000e+00
5.3883e-05
1.9073e-06
0.0000e+00
5.4121e-05
1.9073e-06
0.0000e+00
7.5102e-05
1.9073e-06
0.0000e+00
5.4836e-05
9.5367e-07
1.9288e-04
9.5367e-07
1.9073e-06
0.0000e+00
5.6028e-05
1.9073e-06
5.0068e-06
9.5367e-07
9.5367e-07
0.0000e+00
5.4836e-05
9.5367e-07
4.9829e-05
0.0000e+00
9.5367e-07
1.4067e-05
9.5367e-07
1.9073e-06
4.6277e-04
9.5367e-07
1.9073e-06
0.0000e+00
5.5790e-05
1.1921e-06
0.0000e+00
5.3883e-05
1.9073e-06
5.9605e-06
9.5367e-07
1.9073e-06
0.0000e+00
5.7936e-05
1.9073e-06
3.8099e-04
9.5367e-07
9.5367e-07
5.0068e-06
9.5367e-07
1.1921e-06
0.0000e+00
5.5075e-05
2.1458e-06
1.8406e-04
9.5367e-07
9.5367e-07
0.0000e+00
5.6028e-05
2.1458e-06
0.0000e+00
5.3883e-05
9.5367e-07
1.2708e-04
1.1921e-06
1.1921e-06
6.9141e-06
1.1921e-06
2.1458e-06
5.7936e-05
1.1921e-06
1.9073e-06
0.0000e+00
5.7936e-05
2.1458e-06
1.2994e-04
9.5367e-07
9.5367e-07
0.0000e+00
5.5075e-05
1.1921e-06
0.0000e+00
5.2929e-05
9.5367e-07
0.0000e+00
5.3883e-05
9.5367e-07
0.0000e+00
5.3883e-05
1.9073e-06
9.5844e-05
9.5367e-07
1.9073e-06
5.0068e-06
1.1921e-06
1.1921e-06
0.0000e+00
5.6028e-05
1.9073e-06
5.0783e-04
0.0000e+00
9.5367e-07
0.0000e+00
5.7936e-05
9.5367e-07
0.0000e+00
5.3883e-05
1.9073e-06
0.0000e+00
5.4121e-05
1.9073e-06
0.0000e+00
5.4121e-05
2.1458e-06
0.0000e+00
5.5075e-05
1.9073e-06
1.1396e-04
9.5367e-07
1.9073e-06
1.9073e-05
9.5367e-07
9.5367e-07
0.0000e+00
5.6028e-05
1.9073e-06
0.0000e+00
7.2956e-05
1.9073e-06
4.5061e-05
0.0000e+00
1.1921e-06
0.0000e+00
5.6028e-05
9.5367e-07
2.4700e-04
9.5367e-07
9.5367e-07
2.4796e-05
0.0000e+00
1.9073e-06
3.0994e-06
9.5367e-07
1.9073e-06
9.5844e-05
0.0000e+00
1.9073e-06
4.0531e-06
9.5367e-07
9.5367e-07
0.0000e+00
5.4836e-05
2.1458e-06
0.0000e+00
5.3883e-05
2.1458e-06
2.5034e-05
9.5367e-07
1.9073e-06
0.0000e+00
7.3195e-05
2.1458e-06
4.7207e-04
0.0000e+00
1.9073e-06
0.0000e+00
5.6982e-05
1.1921e-06
0.0000e+00
5.5075e-05
2.1458e-06
0.0000e+00
6.0081e-05
9.5367e-07
1.0204e-04
9.5367e-07
9.5367e-07
0.0000e+00
5.6028e-05
2.1458e-06
0.0000e+00
5.2929e-05
9.5367e-07
0.0000e+00
5.2929e-05
2.1458e-06
1.3709e-04
9.5367e-07
1.9073e-06
0.0000e+00
5.6028e-05
2.1458e-06
3.0208e-04
0.0000e+00
1.9073e-06
5.0068e-06
9.5367e-07
2.1458e-06
0.0000e+00
6.1035e-05
1.9073e-06
0.0000e+00
5.3883e-05
1.9073e-06
8.7976e-05
0.0000e+00
1.9073e-06
0.0000e+00
5.6028e-05
9.5367e-07
0.0000e+00
5.3883e-05
1.9073e-06
0.0000e+00
6.9857e-05
1.9073e-06
0.0000e+00
5.6982e-05
9.5367e-07
0.0000e+00
5.4121e-05
9.5367e-07
0.0000e+00
5.4121e-05
9.5367e-07
0.0000e+00
5.4121e-05
1.1921e-06
0.0000e+00
5.2929e-05
9.5367e-07
3.7384e-04
9.5367e-07
1.9073e-06
4.0531e-06
9.5367e-07
2.1458e-06
4.0531e-06
9.5367e-07
2.1458e-06
0.0000e+00
5.6982e-05
2.1458e-06
0.0000e+00
5.5075e-05
1.9073e-06
0.0000e+00
5.5075e-05
9.5367e-07
0.0000e+00
5.2929e-05
9.5367e-07
0.0000e+00
5.3883e-05
9.5367e-07
0.0000e+00
5.2929e-05
1.9073e-06
0.0000e+00
5.4121e-05
9.5367e-07
0.0000e+00
5.4121e-05
2.1458e-06
4.5609e-04
9.5367e-07
2.8610e-06
0.0000e+00
5.8889e-05
1.9073e-06
0.0000e+00
5.4121e-05
2.1458e-06
7.5102e-05
9.5367e-07
9.5367e-07
0.0000e+00
5.8174e-05
2.1458e-06
0.0000e+00
5.3883e-05
9.5367e-07
0.0000e+00
5.3883e-05
1.9073e-06
0.0000e+00
5.3883e-05
1.9073e-06
3.8147e-05
9.5367e-07
1.9073e-06
2.1505e-04
1.1921e-06
2.1458e-06
0.0000e+00
5.7936e-05
1.9073e-06
1.4091e-04
0.0000e+00
9.5367e-07
0.0000e+00
5.4836e-05
1.9073e-06
0.0000e+00
5.3883e-05
1.9073e-06
4.0531e-06
0.0000e+00
2.1458e-06
0.0000e+00
5.4836e-05
9.5367e-07
0.0000e+00
5.3883e-05
9.5367e-07
0.0000e+00
5.2929e-05
9.5367e-07
4.3988e-04
0.0000e+00
1.9073e-06
0.0000e+00
5.7936e-05
9.5367e-07
0.0000e+00
5.3167e-05
2.1458e-06
6.1989e-05
9.5367e-07
2.1458e-06
0.0000e+00
5.4836e-05
1.9073e-06
3.8147e-06
9.5367e-07
1.9073e-06
0.0000e+00
5.5075e-05
9.5367e-07
0.0000e+00
5.4121e-05
1.9073e-06
0.0000e+00
5.4121e-05
1.9073e-06
0.0000e+00
5.4121e-05
2.1458e-06
2.3007e-04
9.5367e-07
9.5367e-07
0.0000e+00
5.7936e-05
1.9073e-06
2.4295e-04
0.0000e+00
9.5367e-07
0.0000e+00
5.6028e-05
1.9073e-06
0.0000e+00
5.5075e-05
9.5367e-07
0.0000e+00
5.4121e-05
9.5367e-07
0.0000e+00
5.3167e-05
9.5367e-07
0.0000e+00
5.3883e-05
9.5367e-07
0.0000e+00
7.2956e-05
1.9073e-06
2.8419e-04
9.5367e-07
1.9073e-06
5.0068e-06
9.5367e-07
2.1458e-06
0.0000e+00
5.6982e-05
9.5367e-07
1.9002e-04
9.5367e-07
1.1921e-06
0.0000e+00
5.4121e-05
9.5367e-07
5.0068e-06
9.5367e-07
9.5367e-07
5.6028e-05
1.1921e-06
2.1458e-06
0.0000e+00
5.5075e-05
2.1458e-06
0.0000e+00
5.3883e-05
9.5367e-07
9.9182e-05
9.5367e-07
2.1458e-06
5.0068e-06
9.5367e-07
1.9073e-06
2.3198e-04
9.5367e-07
9.5367e-07
5.9605e-06
1.1921e-06
2.1458e-06
4.3297e-04
9.5367e-07
9.5367e-07
1.8835e-05
1.1921e-06
1.1921e-06
0.0000e+00
5.6982e-05
9.5367e-07
0.0000e+00
5.4121e-05
9.5367e-07
0.0000e+00
6.0081e-05
9.5367e-07
0.0000e+00
5.2929e-05
2.1458e-06
0.0000e+00
5.3883e-05
9.5367e-07
0.0000e+00
7.2002e-05
2.1458e-06
0.0000e+00
5.5075e-05
9.5367e-07
1.6308e-04
9.5367e-07
1.9073e-06
5.0068e-06
9.5367e-07
1.9073e-06
0.0000e+00
5.6028e-05
9.5367e-07
5.5075e-05
9.5367e-07
2.1458e-06
0.0000e+00
5.3883e-05
2.1458e-06
0.0000e+00
5.4836e-05
2.1458e-06
1.9693e-04
1.1921e-06
2.1458e-06
0.0000e+00
5.5075e-05
1.9073e-06
0.0000e+00
5.5790e-05
9.5367e-07
0.0000e+00
5.4836e-05
2.1458e-06
2.3794e-04
1.1921e-06
2.1458e-06
0.0000e+00
5.6028e-05
1.9073e-06
1.5306e-04
0.0000e+00
1.9073e-06
0.0000e+00
5.4836e-05
2.1458e-06
1.1921e-05
9.5367e-07
2.1458e-06
7.8917e-05
9.5367e-07
1.1921e-06
0.0000e+00
6.1035e-05
9.5367e-07
2.6298e-04
1.1921e-06
1.1921e-06
3.8147e-06
1.6928e-05
9.5367e-07
0.0000e+00
5.7936e-05
9.5367e-07
1.5092e-04
0.0000e+00
9.5367e-07
0.0000e+00
5.5075e-05
9.5367e-07
0.0000e+00
5.4121e-05
9.5367e-07
0.0000e+00
5.4121e-05
2.1458e-06
0.0000e+00
5.4121e-05
1.1921e-06
0.0000e+00
5.4121e-05
1.1921e-06
2.2697e-04
0.0000e+00
2.1458e-06
0.0000e+00
7.5102e-05
2.1458e-06
0.0000e+00
5.3883e-05
2.1458e-06
5.0068e-06
9.5367e-07
9.5367e-07
2.1100e-04
0.0000e+00
9.5367e-07
0.0000e+00
5.5075e-05
1.9073e-06
0.0000e+00
5.4121e-05
1.9073e-06
2.3127e-05
9.5367e-07
1.9073e-06
8.7023e-05
0.0000e+00
2.1458e-06
0.0000e+00
6.1989e-05
1.9073e-06
2.0719e-04
0.0000e+00
1.9073e-06
0.0000e+00
7.4148e-05
1.9073e-06
7.8917e-05
9.5367e-07
1.9073e-06
0.0000e+00
5.6028e-05
9.5367e-07
6.1989e-05
0.0000e+00
9.5367e-07
4.1008e-05
9.5367e-07
9.5367e-07
0.0000e+00
5.5075e-05
1.9073e-06
0.0000e+00
5.5075e-05
9.5367e-07
0.0000e+00
5.3167e-05
2.1458e-06
3.6097e-04
0.0000e+00
1.9073e-06
0.0000e+00
5.6982e-05
1.9073e-06
6.5804e-05
1.6928e-05
1.9073e-06
0.0000e+00
5.6982e-05
1.9073e-06
4.0531e-06
9.5367e-07
9.5367e-07
3.8147e-06
9.5367e-07
1.1921e-06
5.0068e-06
9.5367e-07
9.5367e-07
0.0000e+00
5.4836e-05
1.9073e-06
0.0000e+00
5.3883e-05
1.9073e-06
0.0000e+00
5.4121e-05
1.9073e-06
0.0000e+00
5.2929e-05
2.1458e-06
0.0000e+00
5.3883e-05
1.9073e-06
0.0000e+00
6.1035e-05
1.9073e-06
0.0000e+00
5.3883e-05
1.9073e-06
1.3690e-03
9.5367e-07
1.9073e-06
0.0000e+00
5.5075e-05
7.8678e-06
0.0000e+00
5.4836e-05
9.5367e-07
1.6181e-03
9.5367e-07
9.5367e-07
0.0000e+00
5.6028e-05
9.5367e-07
0.0000e+00
5.4121e-05
9.5367e-07
0.0000e+00
7.7009e-05
1.9073e-06
3.6097e-04
9.5367e-07
9.5367e-07
5.9605e-06
9.5367e-07
1.9073e-06
0.0000e+00
6.4135e-05
2.8610e-06
0.0000e+00
5.6028e-05
1.9073e-06
0.0000e+00
5.3883e-05
9.5367e-07
6.4135e-05
9.5367e-07
9.5367e-07
4.0531e-06
0.0000e+00
1.9073e-06
3.0184e-04
1.1921e-06
1.1921e-06
0.0000e+00
5.6028e-05
1.9073e-06
4.0531e-06
0.0000e+00
2.1458e-06
0.0000e+00
5.7936e-05
1.9073e-06
6.6042e-05
1.1921e-06
2.1458e-06
0.0000e+00
5.5075e-05
2.1458e-06
0.0000e+00
5.4121e-05
3.0994e-06
2.9492e-04
9.5367e-07
2.1458e-06
4.0531e-06
0.0000e+00
9.5367e-07
0.0000e+00
5.7936e-05
1.9073e-06
0.0000e+00
5.5075e-05
1.9073e-06
0.0000e+00
5.4121e-05
9.5367e-07
0.0000e+00
7.6056e-05
1.9073e-06
0.0000e+00
5.4836e-05
1.9073e-06
0.0000e+00
5.4836e-05
1.9073e-06
0.0000e+00
5.3883e-05
9.5367e-07
4.2415e-04
9.5367e-07
1.9073e-06
7.8678e-06
1.1921e-06
2.1458e-06
0.0000e+00
5.6028e-05
9.5367e-07
0.0000e+00
5.4121e-05
1.1921e-06
0.0000e+00
5.4121e-05
1.9073e-06
1.1921e-05
0.0000e+00
9.5367e-07
0.0000e+00
5.6982e-05
2.1458e-06
0.0000e+00
5.3883e-05
9.5367e-07
0.0000e+00
5.3883e-05
1.9073e-06
0.0000e+00
5.4121e-05
2.1458e-06
2.4986e-04
9.5367e-07
1.9073e-06
2.3508e-04
1.1921e-06
1.1921e-06
3.8147e-06
0.0000e+00
1.9073e-06
0.0000e+00
5.6982e-05
1.9073e-06
0.0000e+00
7.4863e-05
1.9073e-06
0.0000e+00
5.5075e-05
1.9073e-06
0.0000e+00
5.5075e-05
9.5367e-07
0.0000e+00
5.3167e-05
2.1458e-06
0.0000e+00
5.4121e-05
1.1921e-06
1.8597e-04
1.1921e-06
2.1458e-06
0.0000e+00
5.6028e-05
9.5367e-07
0.0000e+00
5.1975e-05
1.9073e-06
3.8147e-06
9.5367e-07
1.9073e-06
0.0000e+00
5.7936e-05
1.9073e-06
1.8716e-04
9.5367e-07
1.9073e-06
0.0000e+00
5.6028e-05
9.5367e-07
0.0000e+00
5.2929e-05
1.9073e-06
2.2793e-04
9.5367e-07
1.9073e-06
0.0000e+00
6.1989e-05
9.5367e-07
0.0000e+00
5.4836e-05
1.1921e-06
0.0000e+00
5.3883e-05
9.5367e-07
0.0000e+00
7.0810e-05
2.1458e-06
1.8311e-04
9.5367e-07
9.5367e-07
4.0531e-06
1.1921e-06
1.1921e-06
3.8147e-06
0.0000e+00
1.9073e-06
3.5906e-04
9.5367e-07
9.5367e-07
0.0000e+00
5.6982e-05
9.5367e-07
0.0000e+00
6.1035e-05
1.9073e-06
5.0068e-06
9.5367e-07
9.5367e-07
0.0000e+00
5.4121e-05
1.1921e-06
1.4806e-04
9.5367e-07
9.5367e-07
0.0000e+00
5.5075e-05
1.9073e-06
2.5296e-04
9.5367e-07
1.9073e-06
0.0000e+00
5.6982e-05
2.1458e-06
0.0000e+00
5.4836e-05
2.1458e-06
2.5034e-05
9.5367e-07
9.5367e-07
0.0000e+00
5.4836e-05
9.5367e-07
1.5020e-05
1.1921e-06
1.1921e-06
0.0000e+00
6.1989e-05
1.9073e-06
1.9717e-04
9.5367e-07
9.5367e-07
0.0000e+00
5.6028e-05
1.9073e-06
0.0000e+00
5.3883e-05
2.1458e-06
1.0014e-05
1.1921e-06
2.1458e-06
0.0000e+00
5.7936e-05
9.5367e-07
5.0068e-06
1.1921e-06
1.1921e-06
0.0000e+00
5.3883e-05
2.1458e-06
4.8804e-04
9.5367e-07
1.9073e-06
0.0000e+00
5.7220e-05
2.1458e-06
0.0000e+00
5.3883e-05
1.9073e-06
0.0000e+00
5.3883e-05
9.5367e-07
2.9707e-04
1.1921e-06
2.1458e-06
0.0000e+00
5.4121e-05
1.9073e-06
5.6982e-05
0.0000e+00
1.9073e-06
0.0000e+00
5.7936e-05
9.5367e-07
0.0000e+00
5.2929e-05
6.9141e-06
0.0000e+00
5.5075e-05
9.5367e-07
0.0000e+00
5.3167e-05
2.1458e-06
8.1062e-06
0.0000e+00
9.5367e-07
0.0000e+00
5.5075e-05
9.5367e-07
0.0000e+00
5.4121e-05
2.1458e-06
0.0000e+00
7.2956e-05
1.9073e-06
3.2878e-04
9.5367e-07
1.9073e-06
0.0000e+00
5.5075e-05
9.5367e-07
9.5129e-05
9.5367e-07
1.9073e-06
2.8110e-04
0.0000e+00
9.5367e-07
5.9605e-06
9.5367e-07
9.5367e-07
0.0000e+00
5.7220e-05
9.5367e-07
0.0000e+00
5.3883e-05
1.9073e-06
0.0000e+00
5.2929e-05
9.5367e-07
1.5020e-04
9.5367e-07
9.5367e-07
1.5020e-05
1.1921e-06
9.5367e-07
0.0000e+00
5.6982e-05
2.1458e-06
2.0289e-04
1.1921e-06
7.1526e-06
0.0000e+00
5.8174e-05
2.1458e-06
0.0000e+00
5.2929e-05
9.5367e-07
1.2875e-05
1.1921e-06
1.9073e-06
2.2888e-04
1.1921e-06
2.1458e-06
0.0000e+00
5.4121e-05
1.1921e-06
0.0000e+00
5.3883e-05
2.1458e-06
6.6996e-05
9.5367e-07
1.9073e-06
0.0000e+00
5.3883e-05
2.1458e-06
0.0000e+00
5.6982e-05
9.5367e-07
2.0981e-05
9.5367e-07
9.5367e-07
9.5844e-05
0.0000e+00
9.5367e-07
3.1948e-05
1.1921e-06
2.1458e-06
0.0000e+00
5.6028e-05
1.1921e-06
5.6791e-04
9.5367e-07
2.1458e-06
0.0000e+00
5.5075e-05
2.1458e-06
0.0000e+00
5.4121e-05
9.5367e-07
0.0000e+00
5.3883e-05
9.5367e-07
0.0000e+00
7.5817e-05
2.1458e-06
1.6093e-04
1.1921e-06
2.1458e-06
0.0000e+00
5.6982e-05
9.5367e-07
6.9141e-06
1.1921e-06
9.5367e-07
0.0000e+00
5.6982e-05
9.5367e-07
3.2496e-04
0.0000e+00
9.5367e-07
0.0000e+00
5.4836e-05
9.5367e-07
0.0000e+00
5.3883e-05
9.5367e-07
1.4400e-04
9.5367e-07
1.9073e-06
0.0000e+00
5.6028e-05
1.9073e-06
4.0531e-06
1.7166e-05
1.9073e-06
0.0000e+00
5.4836e-05
1.9073e-06
2.2197e-04
9.5367e-07
9.5367e-07
5.0068e-06
1.1921e-06
2.1458e-06
0.0000e+00
5.6982e-05
1.9073e-06
9.0122e-05
0.0000e+00
1.9073e-06
0.0000e+00
5.5075e-05
9.5367e-07
2.9087e-05
9.5367e-07
9.5367e-07
1.6093e-04
0.0000e+00
1.9073e-06
0.0000e+00
6.1989e-05
2.1458e-06
0.0000e+00
5.4121e-05
1.9073e-06
2.0027e-05
9.5367e-07
2.1458e-06
2.4295e-04
1.1921e-06
1.9073e-06
0.0000e+00
5.6982e-05
2.1458e-06
4.0531e-06
9.5367e-07
1.9073e-06
6.0797e-05
9.5367e-07
2.1458e-06
4.0531e-06
9.5367e-07
9.5367e-07
0.0000e+00
5.4836e-05
1.9073e-06
4.3797e-04
9.5367e-07
9.5367e-07
5.9128e-05
9.5367e-07
9.5367e-07
1.7405e-04
9.5367e-07
9.5367e-07
1.9789e-05
9.5367e-07
9.5367e-07
6.0081e-05
0.0000e+00
1.9073e-06
0.0000e+00
5.6028e-05
2.1458e-06
0.0000e+00
5.6028e-05
1.9073e-06
0.0000e+00
5.4121e-05
1.9073e-06
3.0994e-05
0.0000e+00
2.1458e-06
0.0000e+00
5.6028e-05
2.1458e-06
2.7204e-04
1.1921e-06
2.1458e-06
0.0000e+00
5.6982e-05
1.9073e-06
0.0000e+00
5.2929e-05
2.1458e-06
6.9141e-06
1.1921e-06
9.5367e-07
2.5988e-04
1.1921e-06
9.5367e-07
0.0000e+00
7.2956e-05
1.9073e-06
1.4210e-04
9.5367e-07
1.9073e-06
5.9605e-06
0.0000e+00
1.9073e-06
1.1015e-04
0.0000e+00
9.5367e-07
0.0000e+00
5.5790e-05
2.1458e-06
5.0068e-06
9.5367e-07
9.5367e-07
2.2173e-05
9.5367e-07
1.9073e-06
0.0000e+00
5.6028e-05
9.5367e-07
3.5405e-04
9.5367e-07
9.5367e-07
3.4809e-05
9.5367e-07
1.9073e-06
2.3127e-05
9.5367e-07
9.5367e-07
0.0000e+00
5.5075e-05
1.9073e-06
0.0000e+00
7.3195e-05
2.1458e-06
0.0000e+00
5.5075e-05
9.5367e-07
0.0000e+00
6.0081e-05
1.9073e-06
0.0000e+00
5.4121e-05
9.5367e-07
0.0000e+00
5.3167e-05
2.1458e-06
0.0000e+00
5.2929e-05
9.5367e-07
0.0000e+00
5.3167e-05
9.5367e-07
2.7490e-04
9.5367e-07
2.1458e-06
0.0000e+00
7.3910e-05
2.1458e-06
2.1601e-04
9.5367e-07
1.9073e-06
1.7214e-04
9.5367e-07
9.5367e-07
6.9141e-06
9.5367e-07
9.5367e-07
0.0000e+00
5.6982e-05
9.5367e-07
0.0000e+00
5.4121e-05
1.1921e-06
3.8147e-06
0.0000e+00
1.9073e-06
0.0000e+00
5.6028e-05
9.5367e-07
0.0000e+00
5.3883e-05
1.9073e-06
2.9111e-04
9.5367e-07
1.9073e-06
1.4782e-05
9.5367e-07
1.9073e-06
2.1219e-04
9.5367e-07
1.9073e-06
0.0000e+00
5.6982e-05
2.1458e-06
5.9605e-06
1.1921e-06
2.1458e-06
0.0000e+00
5.3883e-05
1.9073e-06
2.2888e-05
9.5367e-07
1.1921e-06
0.0000e+00
5.6028e-05
9.5367e-07
0.0000e+00
5.3167e-05
9.5367e-07
0.0000e+00
5.4121e-05
1.1921e-06
4.3082e-04
9.5367e-07
9.5367e-07
0.0000e+00
7.7009e-05
1.9073e-06
0.0000e+00
5.6028e-05
2.1458e-06
0.0000e+00
5.5075e-05
2.1458e-06
1.6189e-04
9.5367e-07
9.5367e-07
0.0000e+00
5.5075e-05
9.5367e-07
0.0000e+00
5.4121e-05
1.1921e-06
0.0000e+00
5.2929e-05
1.9073e-06
0.0000e+00
5.3883e-05
1.9073e-06
0.0000e+00
7.0810e-05
1.9073e-06
0.0000e+00
5.6028e-05
2.1458e-06
1.3399e-04
9.5367e-07
2.1458e-06
1.8835e-05
0.0000e+00
1.9073e-06
0.0000e+00
5.6028e-05
9.5367e-07
6.9141e-05
0.0000e+00
1.9073e-06
0.0000e+00
5.4836e-05
9.5367e-07
0.0000e+00
5.3883e-05
9.5367e-07
2.3413e-04
9.5367e-07
1.9073e-06
0.0000e+00
5.5075e-05
1.9073e-06
5.0068e-06
9.5367e-07
1.9073e-06
0.0000e+00
5.8174e-05
2.1458e-06
0.0000e+00
5.3883e-05
1.9073e-06
0.0000e+00
5.3883e-05
1.9073e-06
1.7309e-04
1.1921e-06
1.9073e-06
5.0068e-06
0.0000e+00
2.1458e-06
0.0000e+00
5.6028e-05
2.1458e-06
0.0000e+00
5.2929e-05
1.9073e-06
4.3702e-04
9.5367e-07
9.5367e-07
0.0000e+00
5.4121e-05
9.5367e-07
0.0000e+00
5.8174e-05
1.1921e-06
0.0000e+00
5.4121e-05
1.1921e-06
0.0000e+00
5.2929e-05
1.1921e-06
0.0000e+00
5.5075e-05
1.1921e-06
0.0000e+00
5.2929e-05
9.5367e-07
0.0000e+00
5.3883e-05
9.5367e-07
0.0000e+00
5.4121e-05
1.9073e-06
0.0000e+00
7.1049e-05
1.9073e-06
0.0000e+00
5.4121e-05
9.5367e-07
1.5974e-05
9.5367e-07
9.5367e-07
0.0000e+00
5.6028e-05
2.1458e-06
4.8113e-04
9.5367e-07
1.9073e-06
6.1989e-06
0.0000e+00
9.5367e-07
1.9622e-04
9.5367e-07
1.9073e-06
0.0000e+00
5.6982e-05
1.9073e-06
0.0000e+00
5.3883e-05
9.5367e-07
0.0000e+00
5.6028e-05
2.1458e-06
5.9605e-06
1.1921e-06
1.1921e-06
0.0000e+00
5.6982e-05
9.5367e-07
0.0000e+00
5.4836e-05
9.5367e-07
0.0000e+00
5.3883e-05
1.9073e-06
2.3127e-05
9.5367e-07
1.9073e-06
2.8610e-06
0.0000e+00
9.5367e-07
2.3389e-04
9.5367e-07
2.1458e-06
4.0531e-06
0.0000e+00
9.5367e-07
0.0000e+00
5.6028e-05
2.1458e-06
0.0000e+00
5.3883e-05
1.9073e-06
0.0000e+00
7.2956e-05
1.9073e-06
0.0000e+00
5.4836e-05
9.5367e-07
0.0000e+00
5.3883e-05
1.9073e-06
9.6512e-04
0.0000e+00
2.1458e-06
0.0000e+00
5.6982e-05
9.5367e-07
5.0068e-06
1.1921e-06
1.1921e-06
3.0994e-06
0.0000e+00
1.9073e-06
0.0000e+00
5.5075e-05
1.9073e-06
2.7704e-04
0.0000e+00
1.1921e-06
0.0000e+00
5.5075e-05
1.9073e-06
0.0000e+00
5.4836e-05
2.1458e-06
1.2875e-05
1.1921e-06
2.1458e-06
0.0000e+00
5.5075e-05
9.5367e-07
1.2875e-05
0.0000e+00
1.9073e-06
0.0000e+00
5.6028e-05
1.9073e-06
0.0000e+00
5.3883e-05
9.5367e-07
0.0000e+00
5.3883e-05
1.9073e-06
0.0000e+00
5.5075e-05
9.5367e-07
0.0000e+00
7.7963e-05
1.9073e-06
3.7408e-04
9.5367e-07
1.1921e-06
0.0000e+00
5.7936e-05
1.9073e-06
0.0000e+00
5.5075e-05
1.9073e-06
0.0000e+00
5.5075e-05
9.5367e-07
0.0000e+00
5.4121e-05
1.9073e-06
0.0000e+00
5.4121e-05
9.5367e-07
2.5988e-05
9.5367e-07
2.1458e-06
2.3103e-04
9.5367e-07
1.9073e-06
0.0000e+00
5.6028e-05
2.1458e-06
0.0000e+00
5.6982e-05
1.9073e-06
0.0000e+00
5.4121e-05
1.9073e-06
8.9169e-05
9.5367e-07
9.5367e-07
0.0000e+00
5.5790e-05
2.1458e-06
0.0000e+00
5.3883e-05
1.9073e-06
0.0000e+00
5.3883e-05
1.9073e-06
5.0068e-05
0.0000e+00
2.1458e-06
0.0000e+00
5.4836e-05
2.1458e-06
0.0000e+00
7.2956e-05
1.9073e-06
0.0000e+00
5.5075e-05
1.9073e-06
4.0531e-06
0.0000e+00
9.5367e-07
0.0000e+00
5.6028e-05
9.5367e-07
4.8113e-04
0.0000e+00
1.9073e-06
0.0000e+00
5.5075e-05
9.5367e-07
0.0000e+00
5.2929e-05
9.5367e-07
1.3113e-05
9.5367e-07
1.9073e-06
0.0000e+00
5.4121e-05
9.5367e-07
0.0000e+00
7.2956e-05
2.1458e-06
0.0000e+00
5.3883e-05
2.1458e-06
0.0000e+00
5.2929e-05
9.5367e-07
0.0000e+00
5.4836e-05
1.9073e-06
2.6941e-05
0.0000e+00
9.5367e-07
1.0014e-05
9.5367e-07
9.5367e-07
0.0000e+00
5.5075e-05
2.1458e-06
3.7909e-04
9.5367e-07
2.1458e-06
0.0000e+00
5.6028e-05
2.1458e-06
0.0000e+00
7.1049e-05
1.9073e-06
4.2200e-05
9.5367e-07
1.9073e-06
2.0981e-05
9.5367e-07
9.5367e-07
0.0000e+00
5.7936e-05
1.9073e-06
0.0000e+00
5.4836e-05
9.5367e-07
4.6015e-05
9.5367e-07
1.9073e-06
0.0000e+00
5.6028e-05
9.5367e-07
4.5800e-04
9.5367e-07
9.5367e-07
0.0000e+00
5.6028e-05
9.5367e-07
0.0000e+00
5.3883e-05
9.5367e-07
0.0000e+00
7.2956e-05
1.9073e-06
0.0000e+00
5.5075e-05
9.5367e-07
0.0000e+00
5.3883e-05
9.5367e-07
0.0000e+00
5.3883e-05
9.5367e-07
0.0000e+00
5.3167e-05
2.1458e-06
2.5010e-04
9.5367e-07
1.9073e-06
2.0027e-05
9.5367e-07
2.1458e-06
4.1008e-05
9.5367e-07
9.5367e-07
3.8147e-06
9.5367e-07
2.1458e-06
3.0994e-06
9.5367e-07
9.5367e-07
0.0000e+00
7.6056e-05
1.9073e-06
3.7503e-04
0.0000e+00
1.1921e-06
5.0068e-06
9.5367e-07
9.5367e-07
0.0000e+00
5.4836e-05
9.5367e-07
9.1076e-05
0.0000e+00
1.9073e-06
4.6015e-05
0.0000e+00
9.5367e-07
1.5020e-05
9.5367e-07
9.5367e-07
0.0000e+00
5.6982e-05
1.9073e-06
0.0000e+00
5.4836e-05
9.5367e-07
0.0000e+00
5.2929e-05
9.5367e-07
0.0000e+00
7.1049e-05
1.9073e-06
0.0000e+00
5.6028e-05
9.5367e-07
0.0000e+00
5.4121e-05
2.1458e-06
0.0000e+00
5.3883e-05
1.1921e-06
0.0000e+00
5.2929e-05
9.5367e-07
5.8794e-04
9.5367e-07
9.5367e-07
0.0000e+00
5.6028e-05
2.1458e-06
0.0000e+00
5.4121e-05
9.5367e-07
2.1601e-04
9.5367e-07
1.9073e-06
7.0095e-05
0.0000e+00
1.9073e-06
1.3113e-04
9.5367e-07
9.5367e-07
0.0000e+00
5.6028e-05
1.9073e-06
0.0000e+00
6.0081e-05
1.9073e-06
0.0000e+00
5.4121e-05
1.9073e-06
4.0531e-06
9.5367e-07
1.9073e-06
1.1516e-04
9.5367e-07
1.9073e-06
5.0068e-06
9.5367e-07
2.1458e-06
0.0000e+00
5.6028e-05
9.5367e-07
5.0068e-06
0.0000e+00
1.9073e-06
0.0000e+00
5.5790e-05
1.9073e-06
5.0068e-06
9.5367e-07
9.5367e-07
0.0000e+00
5.6028e-05
1.1921e-06
0.0000e+00
5.2929e-05
1.9073e-06
5.1093e-04
9.5367e-07
1.1921e-06
4.8876e-05
0.0000e+00
9.5367e-07
4.0531e-06
0.0000e+00
1.9073e-06
0.0000e+00
5.6982e-05
9.5367e-07
0.0000e+00
5.3883e-05
9.5367e-07
0.0000e+00
5.3883e-05
1.9073e-06
3.4308e-04
1.1921e-06
1.9073e-06
9.5844e-05
9.5367e-07
9.5367e-07
5.0068e-06
1.1921e-06
2.1458e-06
0.0000e+00
5.8889e-05
1.9073e-06
0.0000e+00
5.3883e-05
1.9073e-06
0.0000e+00
5.3883e-05
9.5367e-07
0.0000e+00
5.4121e-05
9.5367e-07
2.0909e-04
9.5367e-07
1.9073e-06
5.0068e-06
9.5367e-07
1.1921e-06
0.0000e+00
5.6028e-05
9.5367e-07
0.0000e+00
5.4121e-05
1.9073e-06
0.0000e+00
5.6028e-05
2.1458e-06
3.0208e-04
9.5367e-07
1.9073e-06
0.0000e+00
5.6028e-05
1.9073e-06
0.0000e+00
5.2929e-05
9.5367e-07
0.0000e+00
5.1975e-05
1.9073e-06
1.0991e-04
9.5367e-07
9.5367e-07
5.0068e-06
9.5367e-07
1.9073e-06
0.0000e+00
5.5075e-05
1.9073e-06
0.0000e+00
5.4121e-05
1.9073e-06
0.0000e+00
5.6982e-05
1.1921e-06
2.7204e-04
9.5367e-07
9.5367e-07
0.0000e+00
5.5790e-05
2.1458e-06
0.0000e+00
5.3883e-05
1.9073e-06
2.2793e-04
9.5367e-07
9.5367e-07
0.0000e+00
5.6028e-05
1.1921e-06
1.4591e-04
9.5367e-07
9.5367e-07
0.0000e+00
5.4836e-05
2.1458e-06
0.0000e+00
5.4836e-05
2.1458e-06
5.9605e-06
1.1921e-06
9.5367e-07
0.0000e+00
5.6982e-05
9.5367e-07
0.0000e+00
5.4836e-05
9.5367e-07
0.0000e+00
6.1035e-05
2.1458e-06
1.1396e-04
1.1921e-06
9.5367e-07
0.0000e+00
5.6028e-05
2.1458e-06
0.0000e+00
5.2929e-05
9.5367e-07
0.0000e+00
5.2929e-05
1.9073e-06
6.1035e-05
1.1921e-06
2.1458e-06
1.0991e-04
1.5974e-05
1.9073e-06
0.0000e+00
5.6982e-05
9.5367e-07
5.0068e-06
9.5367e-07
1.9073e-06
5.6982e-05
0.0000e+00
9.5367e-07
0.0000e+00
5.4836e-05
9.5367e-07
6.2394e-04
9.5367e-07
1.9073e-06
0.0000e+00
5.6028e-05
1.9073e-06
0.0000e+00
5.1975e-05
1.9073e-06
0.0000e+00
5.3167e-05
2.1458e-06
0.0000e+00
5.5075e-05
1.9073e-06
0.0000e+00
5.6028e-05
2.1458e-06
4.9829e-05
9.5367e-07
1.9073e-06
4.0054e-05
0.0000e+00
1.9073e-06
0.0000e+00
5.5790e-05
2.1458e-06
2.5392e-04
1.1921e-06
2.1458e-06
0.0000e+00
5.3883e-05
1.9073e-06
0.0000e+00
5.3883e-05
1.9073e-06
1.0967e-05
9.5367e-07
1.1921e-06
0.0000e+00
5.5075e-05
2.1458e-06
0.0000e+00
7.2956e-05
5.9605e-06
0.0000e+00
5.6028e-05
1.9073e-06
0.0000e+00
5.3883e-05
1.9073e-06
1.6809e-04
9.5367e-07
2.1458e-06
4.6968e-05
0.0000e+00
2.1458e-06
0.0000e+00
5.6028e-05
9.5367e-07
0.0000e+00
5.3167e-05
9.5367e-07
0.0000e+00
5.2929e-05
1.9073e-06
2.4319e-04
0.0000e+00
9.5367e-07
4.0531e-06
0.0000e+00
1.9073e-06
0.0000e+00
7.5817e-05
2.1458e-06
0.0000e+00
5.5075e-05
1.1921e-06
0.0000e+00
5.4121e-05
1.1921e-06
0.0000e+00
5.2929e-05
9.5367e-07
2.5988e-04
0.0000e+00
1.1921e-06
0.0000e+00
5.5075e-05
9.5367e-07
0.0000e+00
5.3167e-05
1.9073e-06
4.2486e-04
1.1921e-06
1.1921e-06
0.0000e+00
5.6028e-05
1.9073e-06
0.0000e+00
5.6982e-05
9.5367e-07
0.0000e+00
6.1035e-05
2.1458e-06
0.0000e+00
5.4121e-05
9.5367e-07
0.0000e+00
5.5075e-05
1.9073e-06
9.6083e-05
9.5367e-07
9.5367e-07
0.0000e+00
5.4836e-05
1.9073e-06
2.0003e-04
1.1921e-06
1.9073e-06
0.0000e+00
5.5075e-05
1.9073e-06
0.0000e+00
7.2002e-05
1.9073e-06
0.0000e+00
5.3883e-05
9.5367e-07
6.1989e-06
0.0000e+00
9.5367e-07
0.0000e+00
5.4836e-05
1.9073e-06
0.0000e+00
5.4121e-05
1.9073e-06
0.0000e+00
5.9128e-05
9.5367e-07
0.0000e+00
5.3167e-05
1.1921e-06
0.0000e+00
5.4121e-05
1.9073e-06
0.0000e+00
6.8903e-05
2.1458e-06
0.0000e+00
5.6028e-05
1.9073e-06
0.0000e+00
5.3167e-05
2.1458e-06
0.0000e+00
5.2929e-05
9.5367e-07
0.0000e+00
5.2929e-05
1.9073e-06
0.0000e+00
5.2929e-05
9.5367e-07
6.5112e-04
9.5367e-07
9.5367e-07
0.0000e+00
5.6028e-05
1.9073e-06
0.0000e+00
5.4836e-05
1.9073e-06
0.0000e+00
5.6982e-05
1.9073e-06
8.1778e-05
9.5367e-07
1.9073e-06
1.1611e-04
9.5367e-07
1.9073e-06
0.0000e+00
5.6982e-05
2.1458e-06
0.0000e+00
5.2929e-05
1.1921e-06
3.3855e-05
9.5367e-07
9.5367e-07
0.0000e+00
6.1035e-05
9.5367e-07
0.0000e+00
5.3883e-05
1.9073e-06
0.0000e+00
5.3167e-05
1.9073e-06
2.7180e-04
9.5367e-07
2.1458e-06
0.0000e+00
5.6982e-05
9.5367e-07
0.0000e+00
5.3883e-05
9.5367e-07
0.0000e+00
5.3167e-05
2.1458e-06
1.9407e-04
0.0000e+00
9.5367e-07
0.0000e+00
6.1989e-05
9.5367e-07
0.0000e+00
5.2929e-05
1.1921e-06
0.0000e+00
5.2929e-05
9.5367e-07
0.0000e+00
7.3910e-05
1.9073e-06
0.0000e+00
5.6982e-05
2.1458e-06
0.0000e+00
5.4121e-05
2.1458e-06
1.0967e-05
0.0000e+00
2.1458e-06
0.0000e+00
5.4836e-05
9.5367e-07
0.0000e+00
5.2929e-05
1.9073e-06
0.0000e+00
5.5790e-05
2.1458e-06
0.0000e+00
5.3883e-05
1.9073e-06
0.0000e+00
6.6042e-05
2.1458e-06
0.0000e+00
5.6028e-05
1.9073e-06
0.0000e+00
5.3167e-05
2.1458e-06
3.5000e-04
1.1921e-06
2.1458e-06
0.0000e+00
5.6982e-05
1.9073e-06
4.4608e-04
0.0000e+00
1.1921e-06
0.0000e+00
5.5075e-05
2.1458e-06
6.9141e-06
9.5367e-07
9.5367e-07
0.0000e+00
6.0081e-05
9.5367e-07
2.3913e-04
9.5367e-07
1.9073e-06
8.1062e-06
9.5367e-07
2.1458e-06
0.0000e+00
5.6982e-05
1.9073e-06
0.0000e+00
5.4121e-05
1.9073e-06
0.0000e+00
5.5075e-05
1.9073e-06
0.0000e+00
5.1975e-05
9.5367e-07
2.8849e-05
0.0000e+00
2.1458e-06
0.0000e+00
5.5075e-05
1.9073e-06
0.0000e+00
5.2929e-05
2.1458e-06
0.0000e+00
5.3883e-05
2.8610e-06
4.1103e-04
0.0000e+00
1.9073e-06
0.0000e+00
5.7936e-05
9.5367e-07
0.0000e+00
5.3883e-05
9.5367e-07
0.0000e+00
5.2929e-05
9.5367e-07
0.0000e+00
5.3167e-05
2.1458e-06
0.0000e+00
5.3883e-05
9.5367e-07
0.0000e+00
5.2929e-05
9.5367e-07
0.0000e+00
5.4121e-05
1.9073e-06
0.0000e+00
5.6028e-05
2.1458e-06
0.0000e+00
5.8889e-05
1.9073e-06
0.0000e+00
5.3883e-05
9.5367e-07
7.0095e-05
9.5367e-07
1.1921e-06
3.8147e-06
9.5367e-07
9.5367e-07
0.0000e+00
5.5075e-05
1.9073e-06
0.0000e+00
5.5075e-05
9.5367e-07
5.4288e-04
9.5367e-07
1.9073e-06
0.0000e+00
5.6028e-05
1.9073e-06
0.0000e+00
7.9155e-05
1.9073e-06
5.9605e-06
9.5367e-07
2.1458e-06
0.0000e+00
5.6028e-05
1.9073e-06
0.0000e+00
5.5075e-05
9.5367e-07
2.7299e-04
2.1458e-06
2.8610e-06
0.0000e+00
9.2030e-05
4.0531e-06
1.5020e-05
1.9073e-06
1.9073e-06
0.0000e+00
9.2983e-05
3.0994e-06
0.0000e+00
9.0837e-05
2.8610e-06
1.1396e-04
1.9073e-06
2.1458e-06
9.0599e-06
9.5367e-07
1.9073e-06
1.7715e-04
9.5367e-07
1.9073e-06
0.0000e+00
6.4135e-05
1.9073e-06
0.0000e+00
5.4121e-05
1.1921e-06
0.0000e+00
5.2929e-05
1.9073e-06
0.0000e+00
5.3883e-05
9.5367e-07
0.0000e+00
5.4121e-05
1.9073e-06
0.0000e+00
5.4121e-05
2.1458e-06
0.0000e+00
8.5115e-05
3.0994e-06
0.0000e+00
5.4121e-05
1.1921e-06
0.0000e+00
6.1989e-05
1.9073e-06
0.0000e+00
5.2929e-05
1.9073e-06
2.8205e-04
1.1921e-06
1.1921e-06
4.0531e-06
0.0000e+00
9.5367e-07
5.6982e-05
0.0000e+00
2.1458e-06
4.0531e-06
9.5367e-07
1.9073e-06
0.0000e+00
5.6028e-05
1.9073e-06
0.0000e+00
5.4121e-05
1.9073e-06
4.8399e-04
9.5367e-07
2.1458e-06
0.0000e+00
5.8889e-05
1.1921e-06
2.1935e-05
0.0000e+00
9.5367e-07
0.0000e+00
5.5075e-05
2.1458e-06
0.0000e+00
5.3883e-05
9.5367e-07
0.0000e+00
5.3883e-05
9.5367e-07
0.0000e+00
5.4121e-05
9.5367e-07
0.0000e+00
5.5075e-05
1.9073e-06
2.7800e-04
9.5367e-07
9.5367e-07
0.0000e+00
8.2970e-05
1.9073e-06
0.0000e+00
5.6982e-05
2.1458e-06
0.0000e+00
5.2929e-05
1.9073e-06
0.0000e+00
5.3883e-05
9.5367e-07
0.0000e+00
5.4121e-05
1.9073e-06
1.6904e-04
0.0000e+00
9.5367e-07
1.8835e-05
0.0000e+00
2.1458e-06
2.0599e-04
9.5367e-07
2.1458e-06
6.9141e-06
9.5367e-07
1.9073e-06
5.3883e-05
9.5367e-07
2.1458e-06
0.0000e+00
8.3923e-05
1.9073e-06
1.9598e-04
9.5367e-07
9.5367e-07
0.0000e+00
5.6028e-05
9.5367e-07
0.0000e+00
5.3883e-05
9.5367e-07
0.0000e+00
5.5075e-05
9.5367e-07
0.0000e+00
5.4121e-05
2.1458e-06
0.0000e+00
5.3883e-05
9.5367e-07
4.8876e-05
9.5367e-07
1.1921e-06
0.0000e+00
5.6982e-05
1.9073e-06
0.0000e+00
5.4836e-05
1.9073e-06
1.6499e-04
9.5367e-07
2.1458e-06
0.0000e+00
5.8889e-05
1.9073e-06
5.8889e-05
9.5367e-07
2.1458e-06
0.0000e+00
5.6028e-05
1.1921e-06
0.0000e+00
5.3883e-05
9.5367e-07
5.0068e-06
9.5367e-07
9.5367e-07
3.6120e-04
0.0000e+00
1.9073e-06
2.2173e-05
9.5367e-07
9.5367e-07
0.0000e+00
5.5075e-05
9.5367e-07
5.0068e-06
9.5367e-07
1.9073e-06
3.7003e-04
1.1921e-06
9.5367e-07
8.1062e-06
9.5367e-07
9.5367e-07
5.2929e-05
9.5367e-07
2.1458e-06
0.0000e+00
5.7936e-05
2.1458e-06
0.0000e+00
5.2929e-05
9.5367e-07
4.0531e-06
1.1921e-06
9.5367e-07
1.2183e-04
9.5367e-07
2.1458e-06
9.8944e-05
1.1921e-06
2.1458e-06
0.0000e+00
5.5075e-05
9.5367e-07
0.0000e+00
5.4121e-05
1.9073e-06
0.0000e+00
8.1062e-05
1.9073e-06
0.0000e+00
5.6982e-05
9.5367e-07
3.5691e-04
9.5367e-07
9.5367e-07
7.8678e-06
0.0000e+00
2.1458e-06
2.1935e-05
1.1921e-06
2.1458e-06
3.2306e-04
9.5367e-07
1.9073e-06
5.9605e-06
9.5367e-07
1.9073e-06
0.0000e+00
5.6982e-05
2.1458e-06
0.0000e+00
5.6028e-05
2.1458e-06
0.0000e+00
5.7936e-05
2.1458e-06
0.0000e+00
5.3883e-05
2.1458e-06
2.5105e-04
9.5367e-07
1.9073e-06
0.0000e+00
5.8174e-05
9.5367e-07
0.0000e+00
5.3883e-05
1.9073e-06
7.8678e-06
1.1921e-06
1.1921e-06
2.0385e-04
9.5367e-07
1.1921e-06
0.0000e+00
5.4121e-05
1.1921e-06
0.0000e+00
5.2929e-05
1.9073e-06
2.0027e-05
9.5367e-07
9.5367e-07
1.2207e-04
9.5367e-07
9.5367e-07
0.0000e+00
5.3883e-05
1.9073e-06
0.0000e+00
5.6028e-05
1.1921e-06
0.0000e+00
5.4121e-05
9.5367e-07
1.2803e-04
9.5367e-07
9.5367e-07
0.0000e+00
5.5075e-05
9.5367e-07
0.0000e+00
5.4121e-05
9.5367e-07
0.0000e+00
5.3167e-05
1.1921e-06
0.0000e+00
5.3883e-05
9.5367e-07
0.0000e+00
5.2929e-05
1.9073e-06
2.3389e-04
1.1921e-06
1.1921e-06
5.0068e-06
9.5367e-07
1.9073e-06
0.0000e+00
5.7936e-05
1.9073e-06
0.0000e+00
5.3883e-05
1.9073e-06
1.4710e-04
1.1921e-06
1.1921e-06
0.0000e+00
5.6028e-05
2.1458e-06
5.0068e-06
0.0000e+00
1.1921e-06
0.0000e+00
5.3883e-05
1.1921e-06
0.0000e+00
5.3883e-05
9.5367e-07
2.9778e-04
9.5367e-07
1.9073e-06
0.0000e+00
7.6056e-05
1.9073e-06
1.3614e-04
9.5367e-07
9.5367e-07
0.0000e+00
5.3883e-05
9.5367e-07
0.0000e+00
5.3883e-05
1.9073e-06
8.4162e-05
9.5367e-07
1.9073e-06
4.0531e-06
1.1921e-06
2.1458e-06
0.0000e+00
5.5075e-05
2.1458e-06
0.0000e+00
5.3883e-05
1.9073e-06
9.6798e-05
9.5367e-07
9.5367e-07
0.0000e+00
6.1035e-05
1.9073e-06
0.0000e+00
5.6982e-05
2.1458e-06
0.0000e+00
5.3883e-05
1.1921e-06
2.1100e-04
9.5367e-07
1.9073e-06
0.0000e+00
5.5790e-05
2.1458e-06
0.0000e+00
5.2929e-05
1.9073e-06
1.6499e-04
9.5367e-07
9.5367e-07
5.0068e-06
9.5367e-07
1.1921e-06
0.0000e+00
5.6028e-05
1.9073e-06
0.0000e+00
5.4121e-05
1.9073e-06
0.0000e+00
5.7220e-05
9.5367e-07
2.9302e-04
9.5367e-07
9.5367e-07
0.0000e+00
5.6028e-05
1.1921e-06
5.0068e-06
9.5367e-07
1.9073e-06
0.0000e+00
5.4836e-05
1.9073e-06
0.0000e+00
5.4121e-05
1.9073e-06
1.2612e-04
0.0000e+00
9.5367e-07
0.0000e+00
5.3883e-05
9.5367e-07
0.0000e+00
5.3167e-05
1.1921e-06
0.0000e+00
7.1049e-05
1.9073e-06
1.1802e-04
9.5367e-07
9.5367e-07
2.8515e-04
0.0000e+00
1.9073e-06
1.1396e-04
0.0000e+00
9.5367e-07
0.0000e+00
5.6982e-05
1.9073e-06
0.0000e+00
5.1975e-05
9.5367e-07
8.1062e-06
9.5367e-07
9.5367e-07
1.4114e-04
0.0000e+00
1.9073e-06
0.0000e+00
5.6982e-05
2.1458e-06
0.0000e+00
5.3883e-05
1.1921e-06
0.0000e+00
7.8917e-05
1.9073e-06
6.9141e-06
9.5367e-07
1.9073e-06
0.0000e+00
5.4836e-05
1.9073e-06
0.0000e+00
5.4836e-05
9.5367e-07
0.0000e+00
5.3883e-05
1.9073e-06
2.7919e-04
9.5367e-07
1.9073e-06
0.0000e+00
5.6028e-05
1.9073e-06
0.0000e+00
5.3883e-05
1.9073e-06
3.3140e-05
0.0000e+00
9.5367e-07
4.5061e-05
1.1921e-06
1.9073e-06
4.0531e-06
1.1921e-06
1.9073e-06
0.0000e+00
5.6982e-05
1.9073e-06
3.6693e-04
9.5367e-07
9.5367e-07
0.0000e+00
5.6028e-05
2.1458e-06
5.0068e-06
9.5367e-07
9.5367e-07
0.0000e+00
5.4836e-05
9.5367e-07
0.0000e+00
5.2929e-05
9.5367e-07
9.2983e-05
9.5367e-07
2.1458e-06
0.0000e+00
5.5075e-05
2.1458e-06
0.0000e+00
5.3883e-05
1.9073e-06
9.0599e-06
9.5367e-07
9.5367e-07
0.0000e+00
5.7936e-05
1.9073e-06
6.1035e-05
0.0000e+00
2.1458e-06
0.0000e+00
5.4836e-05
9.5367e-07
0.0000e+00
5.2929e-05
9.5367e-07
5.5909e-04
9.5367e-07
1.9073e-06
0.0000e+00
5.5075e-05
9.5367e-07
0.0000e+00
5.3883e-05
1.9073e-06
0.0000e+00
6.0081e-05
2.1458e-06
5.9605e-06
9.5367e-07
9.5367e-07
1.2898e-04
9.5367e-07
9.5367e-07
0.0000e+00
5.5790e-05
2.1458e-06
0.0000e+00
5.3883e-05
1.9073e-06
0.0000e+00
5.3167e-05
1.9073e-06
0.0000e+00
5.4121e-05
9.5367e-07
0.0000e+00
5.1975e-05
1.9073e-06
0.0000e+00
5.4121e-05
9.5367e-07
0.0000e+00
7.2002e-05
1.9073e-06
0.0000e+00
5.3883e-05
9.5367e-07
3.2020e-04
9.5367e-07
9.5367e-07
5.4121e-05
0.0000e+00
9.5367e-07
2.5082e-04
9.5367e-07
1.9073e-06
0.0000e+00
5.6982e-05
9.5367e-07
4.0531e-06
1.1921e-06
2.1458e-06
3.0994e-06
0.0000e+00
1.9073e-06
2.6703e-04
9.5367e-07
9.5367e-07
2.0981e-05
9.5367e-07
9.5367e-07
0.0000e+00
6.0081e-05
9.5367e-07
4.0054e-05
0.0000e+00
1.1921e-06
4.0054e-05
9.5367e-07
1.9073e-06
3.5048e-05
0.0000e+00
1.9073e-06
7.2002e-05
0.0000e+00
1.9073e-06
0.0000e+00
5.6982e-05
1.9073e-06
0.0000e+00
5.4836e-05
9.5367e-07
0.0000e+00
5.2929e-05
1.9073e-06
4.5609e-04
9.5367e-07
1.9073e-06
1.8835e-05
9.5367e-07
2.1458e-06
0.0000e+00
5.7936e-05
9.5367e-07
0.0000e+00
5.5075e-05
1.9073e-06
0.0000e+00
7.0095e-05
1.9073e-06
0.0000e+00
5.4121e-05
1.9073e-06
0.0000e+00
5.4121e-05
1.1921e-06
0.0000e+00
5.2929e-05
9.5367e-07
0.0000e+00
5.2929e-05
1.9073e-06
0.0000e+00
5.2929e-05
2.1458e-06
2.4891e-04
9.5367e-07
1.1921e-06
0.0000e+00
5.3883e-05
2.1458e-06
1.5783e-04
9.5367e-07
9.5367e-07
4.9114e-05
1.6928e-05
2.1458e-06
0.0000e+00
5.8174e-05
2.1458e-06
5.5075e-05
0.0000e+00
9.5367e-07
0.0000e+00
5.5075e-05
1.9073e-06
2.3603e-04
1.1921e-06
2.1458e-06
0.0000e+00
5.6028e-05
1.9073e-06
9.8944e-05
9.5367e-07
2.1458e-06
0.0000e+00
5.5075e-05
1.1921e-06
2.3699e-04
1.1921e-06
2.1458e-06
0.0000e+00
5.5075e-05
9.5367e-07
1.0967e-05
1.1921e-06
1.9073e-06
0.0000e+00
5.8174e-05
2.1458e-06
2.6941e-05
1.1921e-06
9.5367e-07
5.1022e-05
0.0000e+00
1.9073e-06
0.0000e+00
5.4836e-05
9.5367e-07
0.0000e+00
5.3883e-05
1.9073e-06
0.0000e+00
5.4121e-05
2.1458e-06
2.7895e-05
9.5367e-07
1.9073e-06
0.0000e+00
5.5075e-05
9.5367e-07
0.0000e+00
5.2929e-05
1.9073e-06
2.2984e-04
9.5367e-07
9.5367e-07
0.0000e+00
5.6982e-05
1.9073e-06
0.0000e+00
5.4836e-05
9.5367e-07
0.0000e+00
5.2929e-05
1.9073e-06
5.0068e-06
9.5367e-07
1.1921e-06
0.0000e+00
5.5075e-05
1.1921e-06
3.6788e-04
9.5367e-07
2.1458e-06
0.0000e+00
5.4121e-05
2.1458e-06
0.0000e+00
5.9843e-05
2.1458e-06
3.9101e-05
9.5367e-07
1.9073e-06
0.0000e+00
5.6982e-05
1.1921e-06
0.0000e+00
5.5075e-05
1.1921e-06
7.3910e-05
0.0000e+00
1.1921e-06
5.0068e-06
9.5367e-07
9.5367e-07
2.1410e-04
0.0000e+00
9.5367e-07
0.0000e+00
5.4836e-05
1.9073e-06
8.1062e-06
9.5367e-07
1.9073e-06
0.0000e+00
5.3883e-05
9.5367e-07
0.0000e+00
5.3883e-05
9.5367e-07
7.9155e-05
9.5367e-07
1.9073e-06
0.0000e+00
6.3896e-05
1.9073e-06
1.0014e-05
9.5367e-07
1.1921e-06
0.0000e+00
5.4121e-05
2.1458e-06
0.0000e+00
5.2929e-05
1.9073e-06
0.0000e+00
5.4121e-05
2.1458e-06
0.0000e+00
5.1975e-05
1.9073e-06
5.0712e-04
9.5367e-07
1.9073e-06
0.0000e+00
5.6028e-05
2.1458e-06
2.8586e-04
9.5367e-07
2.1458e-06
0.0000e+00
5.8889e-05
1.9073e-06
6.9141e-06
1.1921e-06
9.5367e-07
1.5593e-04
0.0000e+00
9.5367e-07
6.9141e-06
9.5367e-07
9.5367e-07
7.0810e-05
1.1921e-06
1.1921e-06
0.0000e+00
5.5075e-05
2.1458e-06
0.0000e+00
5.5075e-05
1.1921e-06
7.8917e-05
0.0000e+00
1.1921e-06
0.0000e+00
5.4121e-05
2.1458e-06
1.7309e-04
9.5367e-07
1.9073e-06
1.3304e-04
1.1921e-06
9.5367e-07
0.0000e+00
7.3910e-05
1.9073e-06
7.8678e-06
0.0000e+00
2.1458e-06
6.9857e-05
9.5367e-07
1.1921e-06
4.0531e-06
9.5367e-07
1.9073e-06
3.0994e-06
9.5367e-07
9.5367e-07
4.4298e-04
9.5367e-07
1.9073e-06
2.4796e-05
0.0000e+00
1.9073e-06
0.0000e+00
5.7936e-05
9.5367e-07
0.0000e+00
5.2929e-05
1.9073e-06
0.0000e+00
5.4121e-05
2.1458e-06
1.1206e-04
9.5367e-07
9.5367e-07
6.5088e-05
0.0000e+00
1.9073e-06
0.0000e+00
5.6982e-05
2.1458e-06
8.6069e-05
0.0000e+00
9.5367e-07
0.0000e+00
5.6028e-05
2.1458e-06
1.0014e-05
0.0000e+00
9.5367e-07
0.0000e+00
5.4836e-05
1.9073e-06
8.2970e-05
9.5367e-07
2.1458e-06
2.8610e-06
0.0000e+00
9.5367e-07
1.0109e-04
9.5367e-07
1.9073e-06
4.0531e-06
9.5367e-07
9.5367e-07
0.0000e+00
5.6028e-05
2.1458e-06
0.0000e+00
7.2002e-05
1.9073e-06
5.1904e-04
9.5367e-07
2.1458e-06
1.8835e-05
9.5367e-07
9.5367e-07
4.1008e-05
0.0000e+00
9.5367e-07
0.0000e+00
6.2943e-05
1.9073e-06
0.0000e+00
5.2929e-05
9.5367e-07
2.1005e-04
9.5367e-07
1.9073e-06
0.0000e+00
5.4836e-05
9.5367e-07
2.7180e-05
9.5367e-07
9.5367e-07
0.0000e+00
5.4836e-05
1.9073e-06
3.4094e-04
9.5367e-07
1.9073e-06
6.9141e-06
9.5367e-07
2.1458e-06
4.0054e-05
9.5367e-07
9.5367e-07
1.8001e-04
9.5367e-07
9.5367e-07
0.0000e+00
5.9128e-05
9.5367e-07
5.9605e-06
1.1921e-06
9.5367e-07
0.0000e+00
5.2929e-05
1.9073e-06
7.9155e-05
9.5367e-07
9.5367e-07
0.0000e+00
5.4121e-05
1.9073e-06
2.0695e-04
9.5367e-07
9.5367e-07
4.0531e-06
9.5367e-07
9.5367e-07
1.2207e-04
9.5367e-07
9.5367e-07
5.0068e-06
9.5367e-07
1.9073e-06
0.0000e+00
7.7009e-05
1.9073e-06
0.0000e+00
5.4836e-05
1.9073e-06
0.0000e+00
5.3883e-05
1.9073e-06
3.1114e-04
0.0000e+00
9.5367e-07
0.0000e+00
5.4836e-05
9.5367e-07
0.0000e+00
5.3883e-05
9.5367e-07
0.0000e+00
5.3883e-05
9.5367e-07
0.0000e+00
5.2929e-05
1.9073e-06
8.7023e-05
0.0000e+00
9.5367e-07
1.9407e-04
9.5367e-07
1.9073e-06
6.1989e-06
9.5367e-07
1.9073e-06
0.0000e+00
5.9128e-05
1.1921e-06
0.0000e+00
5.4121e-05
9.5367e-07
0.0000e+00
5.2929e-05
1.9073e-06
0.0000e+00
5.4121e-05
9.5367e-07
1.9193e-04
9.5367e-07
2.1458e-06
0.0000e+00
5.5075e-05
2.1458e-06
0.0000e+00
5.4121e-05
1.1921e-06
0.0000e+00
7.1049e-05
1.9073e-06
0.0000e+00
6.1035e-05
1.9073e-06
0.0000e+00
5.4121e-05
1.9073e-06
0.0000e+00
5.3167e-05
9.5367e-07
0.0000e+00
5.4121e-05
2.1458e-06
0.0000e+00
5.3883e-05
1.9073e-06
0.0000e+00
5.2929e-05
1.9073e-06
2.4509e-04
9.5367e-07
9.5367e-07
0.0000e+00
7.3910e-05
1.9073e-06
3.8886e-04
9.5367e-07
1.9073e-06
0.0000e+00
5.6982e-05
1.9073e-06
0.0000e+00
5.4121e-05
9.5367e-07
0.0000e+00
5.3167e-05
2.1458e-06
0.0000e+00
5.3883e-05
1.9073e-06
0.0000e+00
5.3883e-05
9.5367e-07
0.0000e+00
5.3167e-05
1.1921e-06
0.0000e+00
7.1049e-05
1.9073e-06
1.2302e-04
9.5367e-07
1.1921e-06
5.0068e-06
9.5367e-07
9.5367e-07
1.5402e-04
9.5367e-07
1.1921e-06
0.0000e+00
6.3896e-05
2.1458e-06
6.9141e-06
1.1921e-06
2.1458e-06
0.0000e+00
5.3883e-05
2.1458e-06
7.7009e-05
9.5367e-07
1.9073e-06
0.0000e+00
5.3883e-05
1.9073e-06
2.3413e-04
9.5367e-07
9.5367e-07
0.0000e+00
5.3883e-05
9.5367e-07
0.0000e+00
7.2002e-05
2.1458e-06
0.0000e+00
5.5075e-05
2.1458e-06
0.0000e+00
5.4121e-05
1.1921e-06
0.0000e+00
5.2929e-05
9.5367e-07
1.9503e-04
9.5367e-07
9.5367e-07
0.0000e+00
5.5075e-05
9.5367e-07
0.0000e+00
5.1975e-05
2.1458e-06
0.0000e+00
5.4121e-05
2.1458e-06
0.0000e+00
7.2956e-05
1.9073e-06
0.0000e+00
5.3883e-05
9.5367e-07
0.0000e+00
5.4121e-05
9.5367e-07
0.0000e+00
5.4121e-05
9.5367e-07
0.0000e+00
5.4121e-05
9.5367e-07
2.2888e-04
9.5367e-07
1.9073e-06
1.1706e-04
0.0000e+00
9.5367e-07
0.0000e+00
5.4836e-05
1.9073e-06
2.5296e-04
0.0000e+00
9.5367e-07
8.8215e-06
1.1921e-06
9.5367e-07
0.0000e+00
5.8174e-05
2.1458e-06
0.0000e+00
5.4121e-05
2.1458e-06
1.7881e-05
9.5367e-07
9.5367e-07
4.0531e-06
9.5367e-07
1.9073e-06
3.0994e-06
0.0000e+00
1.1921e-06
0.0000e+00
5.5075e-05
1.1921e-06
0.0000e+00
5.2929e-05
9.5367e-07
0.0000e+00
5.3883e-05
9.5367e-07
4.4394e-04
9.5367e-07
2.1458e-06
0.0000e+00
7.2956e-05
1.9073e-06
0.0000e+00
1.7500e-04
2.1458e-06
5.9605e-06
1.1921e-06
2.1458e-06
0.0000e+00
5.6028e-05
1.9073e-06
2.6202e-04
0.0000e+00
2.1458e-06
0.0000e+00
5.3883e-05
2.1458e-06
6.4850e-05
9.5367e-07
9.5367e-07
0.0000e+00
5.5075e-05
1.9073e-06
0.0000e+00
5.4121e-05
9.5367e-07
0.0000e+00
5.3167e-05
1.9073e-06
0.0000e+00
5.6028e-05
9.5367e-07
0.0000e+00
5.3883e-05
1.9073e-06
0.0000e+00
5.4836e-05
9.5367e-07
0.0000e+00
5.2929e-05
9.5367e-07
7.1526e-06
0.0000e+00
1.9073e-06
3.1877e-04
9.5367e-07
1.9073e-06
0.0000e+00
5.5790e-05
9.5367e-07
0.0000e+00
5.2929e-05
1.9073e-06
0.0000e+00
7.5102e-05
1.9073e-06
7.0095e-05
9.5367e-07
9.5367e-07
0.0000e+00
5.4836e-05
1.9073e-06
7.2956e-05
9.5367e-07
1.9073e-06
5.0068e-06
9.5367e-07
1.1921e-06
0.0000e+00
5.4121e-05
2.1458e-06
3.0208e-04
9.5367e-07
9.5367e-07
0.0000e+00
5.6028e-05
1.9073e-06
0.0000e+00
5.2929e-05
1.9073e-06
0.0000e+00
5.4121e-05
1.9073e-06
2.0027e-05
9.5367e-07
2.1458e-06
0.0000e+00
5.6982e-05
1.9073e-06
5.0068e-06
9.5367e-07
9.5367e-07
0.0000e+00
5.5075e-05
1.9073e-06
5.0068e-06
9.5367e-07
9.5367e-07
3.8147e-06
9.5367e-07
2.1458e-06
0.0000e+00
5.5075e-05
9.5367e-07
0.0000e+00
5.3883e-05
9.5367e-07
0.0000e+00
5.3883e-05
9.5367e-07
5.9414e-04
9.5367e-07
1.9073e-06
0.0000e+00
7.2956e-05
2.8610e-06
5.0068e-06
9.5367e-07
2.1458e-06
1.5807e-04
0.0000e+00
1.9073e-06
0.0000e+00
5.6028e-05
1.9073e-06
1.7118e-04
0.0000e+00
9.5367e-07
0.0000e+00
5.3883e-05
1.9073e-06
0.0000e+00
5.4836e-05
9.5367e-07
0.0000e+00
5.2929e-05
1.9073e-06
0.0000e+00
5.5075e-05
1.9073e-06
5.9605e-06
9.5367e-07
1.9073e-06
0.0000e+00
5.7220e-05
2.1458e-06
6.0081e-05
9.5367e-07
9.5367e-07
4.1103e-04
9.5367e-07
2.1458e-06
0.0000e+00
5.4836e-05
2.1458e-06
0.0000e+00
5.3883e-05
1.1921e-06
1.5998e-04
9.5367e-07
1.9073e-06
0.0000e+00
5.5075e-05
9.5367e-07
0.0000e+00
5.4121e-05
9.5367e-07
3.0994e-05
9.5367e-07
9.5367e-07
0.0000e+00
7.3910e-05
1.9073e-06
0.0000e+00
5.6982e-05
9.5367e-07
0.0000e+00
5.4121e-05
1.1921e-06
2.6679e-04
9.5367e-07
1.9073e-06
0.0000e+00
5.6982e-05
9.5367e-07
0.0000e+00
6.1035e-05
9.5367e-07
5.0068e-06
0.0000e+00
2.1458e-06
0.0000e+00
5.4121e-05
2.1458e-06
2.6608e-04
0.0000e+00
9.5367e-07
0.0000e+00
5.5075e-05
2.1458e-06
1.0967e-05
9.5367e-07
9.5367e-07
0.0000e+00
5.6982e-05
1.9073e-06
2.0981e-05
9.5367e-07
9.5367e-07
0.0000e+00
5.5075e-05
1.9073e-06
0.0000e+00
5.4121e-05
9.5367e-07
3.0804e-04
9.5367e-07
2.1458e-06
1.7595e-04
0.0000e+00
1.1921e-06
0.0000e+00
5.6028e-05
9.5367e-07
7.2956e-05
9.5367e-07
2.1458e-06
0.0000e+00
5.3883e-05
1.9073e-06
0.0000e+00
5.6028e-05
1.9073e-06
0.0000e+00
5.3883e-05
1.9073e-06
0.0000e+00
5.3167e-05
9.5367e-07
0.0000e+00
5.3167e-05
1.1921e-06
0.0000e+00
5.4121e-05
9.5367e-07
0.0000e+00
6.1035e-05
2.1458e-06
4.1795e-04
1.1921e-06
9.5367e-07
0.0000e+00
5.4121e-05
1.9073e-06
0.0000e+00
5.6982e-05
1.1921e-06
0.0000e+00
5.3883e-05
2.1458e-06
0.0000e+00
5.3883e-05
9.5367e-07
3.0994e-05
9.5367e-07
9.5367e-07
0.0000e+00
5.5075e-05
1.9073e-06
0.0000e+00
5.4121e-05
1.9073e-06
1.0395e-04
9.5367e-07
1.9073e-06
1.2398e-04
9.5367e-07
2.1458e-06
0.0000e+00
5.6982e-05
9.5367e-07
0.0000e+00
7.3195e-05
3.0994e-06
0.0000e+00
5.4836e-05
1.9073e-06
0.0000e+00
5.3883e-05
1.9073e-06
0.0000e+00
5.2929e-05
1.9073e-06
0.0000e+00
5.1975e-05
9.5367e-07
0.0000e+00
5.2929e-05
1.9073e-06
2.7013e-04
9.5367e-07
1.9073e-06
0.0000e+00
5.6982e-05
1.9073e-06
0.0000e+00
7.3910e-05
2.1458e-06
0.0000e+00
5.5075e-05
9.5367e-07
2.2507e-04
9.5367e-07
1.9073e-06
0.0000e+00
5.6028e-05
1.9073e-06
0.0000e+00
5.4836e-05
9.5367e-07
0.0000e+00
5.3883e-05
1.9073e-06
0.0000e+00
5.4121e-05
9.5367e-07
0.0000e+00
5.4121e-05
1.9073e-06
0.0000e+00
7.0095e-05
1.9073e-06
8.5115e-05
0.0000e+00
2.1458e-06
4.0531e-06
9.5367e-07
9.5367e-07
3.1614e-04
0.0000e+00
9.5367e-07
0.0000e+00
5.6982e-05
9.5367e-07
1.1396e-04
9.5367e-07
9.5367e-07
1.9073e-05
0.0000e+00
1.1921e-06
0.0000e+00
5.5075e-05
9.5367e-07
3.0994e-06
9.5367e-07
9.5367e-07
0.0000e+00
5.3883e-05
1.9073e-06
2.6703e-04
9.5367e-07
9.5367e-07
0.0000e+00
5.5075e-05
1.9073e-06
0.0000e+00
5.4836e-05
2.1458e-06
0.0000e+00
5.4836e-05
1.9073e-06
1.6189e-04
1.1921e-06
9.5367e-07
0.0000e+00
5.5075e-05
1.9073e-06
0.0000e+00
5.3883e-05
1.9073e-06
0.0000e+00
5.2929e-05
9.5367e-07
1.2994e-04
9.5367e-07
9.5367e-07
3.0041e-05
9.5367e-07
9.5367e-07
0.0000e+00
5.9843e-05
2.1458e-06
0.0000e+00
5.6028e-05
1.9073e-06
0.0000e+00
5.5075e-05
1.9073e-06
0.0000e+00
5.4121e-05
1.9073e-06
0.0000e+00
5.4121e-05
1.1921e-06
1.5903e-04
9.5367e-07
9.5367e-07
0.0000e+00
5.4836e-05
1.9073e-06
0.0000e+00
5.3883e-05
1.9073e-06
0.0000e+00
5.4121e-05
1.9073e-06
2.2173e-05
0.0000e+00
1.9073e-06
3.0994e-06
1.1921e-06
1.9073e-06
0.0000e+00
5.6982e-05
9.5367e-07
1.8191e-04
9.5367e-07
9.5367e-07
3.5048e-05
9.5367e-07
2.1458e-06
0.0000e+00
5.6028e-05
1.9073e-06
0.0000e+00
5.5075e-05
1.9073e-06
0.0000e+00
5.4121e-05
2.1458e-06
4.8995e-04
0.0000e+00
9.5367e-07
5.0068e-06
0.0000e+00
1.9073e-06
0.0000e+00
7.1764e-05
8.1062e-06
0.0000e+00
5.6982e-05
1.9073e-06
4.7898e-04
9.5367e-07
1.9073e-06
0.0000e+00
5.4121e-05
1.9073e-06
4.0531e-06
9.5367e-07
1.9073e-06
1.2779e-04
0.0000e+00
1.9073e-06
5.0068e-06
9.5367e-07
2.1458e-06
0.0000e+00
5.6028e-05
1.9073e-06
0.0000e+00
5.4121e-05
2.1458e-06
0.0000e+00
6.1035e-05
1.9073e-06
0.0000e+00
7.2956e-05
2.1458e-06
0.0000e+00
5.3883e-05
1.1921e-06
2.2388e-04
9.5367e-07
9.5367e-07
1.0800e-04
9.5367e-07
1.9073e-06
5.0068e-06
0.0000e+00
1.9073e-06
5.3167e-05
9.5367e-07
9.5367e-07
0.0000e+00
5.5075e-05
1.9073e-06
7.1526e-06
9.5367e-07
1.9073e-06
2.9421e-04
9.5367e-07
9.5367e-07
6.1989e-06
9.5367e-07
9.5367e-07
0.0000e+00
5.6028e-05
1.9073e-06
0.0000e+00
7.6056e-05
2.1458e-06
0.0000e+00
5.6982e-05
2.1458e-06
0.0000e+00
5.4121e-05
2.1458e-06
0.0000e+00
5.5075e-05
9.5367e-07
0.0000e+00
5.2929e-05
9.5367e-07
0.0000e+00
5.3167e-05
2.1458e-06
6.9094e-04
9.5367e-07
1.1921e-06
0.0000e+00
5.6028e-05
1.9073e-06
0.0000e+00
5.4121e-05
2.1458e-06
0.0000e+00
5.6028e-05
1.9073e-06
0.0000e+00
5.5075e-05
9.5367e-07
0.0000e+00
5.4121e-05
1.9073e-06
0.0000e+00
5.4121e-05
1.1921e-06
0.0000e+00
5.4121e-05
9.5367e-07
0.0000e+00
5.6028e-05
2.1458e-06
0.0000e+00
6.0081e-05
1.9073e-06
1.6999e-04
9.5367e-07
1.9073e-06
0.0000e+00
5.8174e-05
2.1458e-06
0.0000e+00
5.4121e-05
2.1458e-06
5.2929e-05
0.0000e+00
1.1921e-06
2.7108e-04
0.0000e+00
9.5367e-07
0.0000e+00
5.5075e-05
1.9073e-06
1.2159e-05
9.5367e-07
9.5367e-07
0.0000e+00
5.4836e-05
1.9073e-06
0.0000e+00
6.0797e-05
2.1458e-06
1.3828e-05
9.5367e-07
1.9073e-06
3.3808e-04
9.5367e-07
2.1458e-06
0.0000e+00
5.7936e-05
9.5367e-07
0.0000e+00
5.4836e-05
1.9073e-06
0.0000e+00
5.3883e-05
9.5367e-07
2.5988e-05
0.0000e+00
9.5367e-07
4.0531e-06
9.5367e-07
9.5367e-07
1.8406e-04
1.1921e-06
1.1921e-06
0.0000e+00
5.6028e-05
9.5367e-07
1.3113e-05
9.5367e-07
1.9073e-06
3.2997e-04
9.5367e-07
1.9073e-06
0.0000e+00
5.7220e-05
1.9073e-06
5.0068e-06
9.5367e-07
1.9073e-06
1.1110e-04
0.0000e+00
9.5367e-07
0.0000e+00
5.6028e-05
2.1458e-06
1.2994e-04
1.1921e-06
2.1458e-06
5.9605e-06
1.1921e-06
9.5367e-07
3.0398e-04
9.5367e-07
9.5367e-07
0.0000e+00
5.6982e-05
1.1921e-06
7.8678e-06
9.5367e-07
1.1921e-06
0.0000e+00
5.4121e-05
1.1921e-06
0.0000e+00
5.4121e-05
2.1458e-06
0.0000e+00
5.2929e-05
1.9073e-06
7.6056e-05
9.5367e-07
9.5367e-07
0.0000e+00
5.6982e-05
2.1458e-06
0.0000e+00
5.5075e-05
9.5367e-07
0.0000e+00
5.4121e-05
2.1458e-06
0.0000e+00
5.4836e-05
9.5367e-07
0.0000e+00
5.2929e-05
9.5367e-07
3.5810e-04
9.5367e-07
1.1921e-06
0.0000e+00
5.6028e-05
1.9073e-06
1.6928e-05
9.5367e-07
9.5367e-07
0.0000e+00
5.6982e-05
9.5367e-07
3.5310e-04
9.5367e-07
9.5367e-07
7.1526e-06
0.0000e+00
9.5367e-07
4.0531e-06
0.0000e+00
2.1458e-06
2.2388e-04
9.5367e-07
1.9073e-06
0.0000e+00
5.6982e-05
1.9073e-06
3.8147e-06
9.5367e-07
2.1458e-06
0.0000e+00
5.4121e-05
2.1458e-06
0.0000e+00
5.3883e-05
9.5367e-07
5.0068e-06
9.5367e-07
9.5367e-07
4.0531e-06
9.5367e-07
1.9073e-06
0.0000e+00
7.3910e-05
1.9073e-06
6.7902e-04
9.5367e-07
9.5367e-07
0.0000e+00
5.7220e-05
2.1458e-06
1.8811e-04
0.0000e+00
1.9073e-06
0.0000e+00
5.4836e-05
1.9073e-06
0.0000e+00
5.2929e-05
1.9073e-06
0.0000e+00
5.5075e-05
9.5367e-07
1.3018e-04
9.5367e-07
1.9073e-06
0.0000e+00
6.0081e-05
1.9073e-06
0.0000e+00
7.3195e-05
2.1458e-06
0.0000e+00
5.6028e-05
1.1921e-06
1.3995e-04
9.5367e-07
2.1458e-06
0.0000e+00
5.6028e-05
2.1458e-06
0.0000e+00
5.2929e-05
1.9073e-06
4.6968e-05
9.5367e-07
9.5367e-07
0.0000e+00
5.4121e-05
1.9073e-06
0.0000e+00
5.3167e-05
1.1921e-06
0.0000e+00
5.3883e-05
2.1458e-06
0.0000e+00
5.6028e-05
1.9073e-06
0.0000e+00
5.3167e-05
9.5367e-07
2.8992e-04
9.5367e-07
9.5367e-07
0.0000e+00
5.6982e-05
1.9073e-06
2.2888e-04
1.1921e-06
2.1458e-06
0.0000e+00
5.6028e-05
2.1458e-06
0.0000e+00
5.5075e-05
2.1458e-06
0.0000e+00
5.3883e-05
2.1458e-06
0.0000e+00
7.1049e-05
2.1458e-06
7.8678e-06
9.5367e-07
1.9073e-06
7.6056e-05
9.5367e-07
9.5367e-07
0.0000e+00
6.1989e-05
9.5367e-07
0.0000e+00
5.4121e-05
1.9073e-06
2.8706e-04
0.0000e+00
1.9073e-06
3.2902e-05
9.5367e-07
9.5367e-07
0.0000e+00
5.5075e-05
9.5367e-07
0.0000e+00
5.1975e-05
1.9073e-06
0.0000e+00
5.4121e-05
2.1458e-06
0.0000e+00
7.2002e-05
2.1458e-06
0.0000e+00
5.3883e-05
1.9073e-06
0.0000e+00
5.3883e-05
9.5367e-07
1.7595e-04
9.5367e-07
1.9073e-06
0.0000e+00
5.6982e-05
1.1921e-06
0.0000e+00
5.2929e-05
1.9073e-06
2.6894e-04
9.5367e-07
9.5367e-07
0.0000e+00
5.4836e-05
1.9073e-06
5.5790e-05
9.5367e-07
9.5367e-07
0.0000e+00
7.2956e-05
2.1458e-06
0.0000e+00
5.5075e-05
2.1458e-06
0.0000e+00
5.3883e-05
1.1921e-06
5.9605e-06
1.1921e-06
2.1458e-06
4.3869e-05
9.5367e-07
1.9073e-06
0.0000e+00
5.6982e-05
1.9073e-06
0.0000e+00
5.1975e-05
1.9073e-06
1.2803e-04
1.1921e-06
9.5367e-07
2.0981e-05
9.5367e-07
1.9073e-06
0.0000e+00
5.5075e-05
9.5367e-07
0.0000e+00
7.2956e-05
2.1458e-06
3.2306e-04
9.5367e-07
9.5367e-07
0.0000e+00
5.6028e-05
2.1458e-06
4.2987e-04
9.5367e-07
9.5367e-07
0.0000e+00
5.6028e-05
9.5367e-07
5.0068e-06
1.1921e-06
2.1458e-06
0.0000e+00
5.5075e-05
2.1458e-06
0.0000e+00
5.2929e-05
1.9073e-06
3.1185e-04
1.1921e-06
1.1921e-06
0.0000e+00
5.9128e-05
2.1458e-06
0.0000e+00
5.6028e-05
9.5367e-07
5.9605e-06
1.1921e-06
2.1458e-06
0.0000e+00
5.6028e-05
1.9073e-06
4.0531e-06
0.0000e+00
1.9073e-06
0.0000e+00
5.4836e-05
1.9073e-06
0.0000e+00
5.6982e-05
1.9073e-06
0.0000e+00
5.3167e-05
2.1458e-06
0.0000e+00
5.2929e-05
1.9073e-06
0.0000e+00
6.8188e-05
2.1458e-06
3.5095e-04
9.5367e-07
9.5367e-07
0.0000e+00
5.8174e-05
9.5367e-07
1.3781e-04
9.5367e-07
9.5367e-07
0.0000e+00
5.5075e-05
1.9073e-06
0.0000e+00
5.4121e-05
1.9073e-06
2.6941e-05
9.5367e-07
1.9073e-06
0.0000e+00
5.5075e-05
1.9073e-06
0.0000e+00
5.5075e-05
2.1458e-06
3.6407e-04
9.5367e-07
9.5367e-07
3.5048e-05
1.1921e-06
1.9073e-06
8.4162e-05
0.0000e+00
1.9073e-06
0.0000e+00
5.8174e-05
2.1458e-06
5.9605e-06
1.1921e-06
1.1921e-06
7.5102e-05
0.0000e+00
1.9073e-06
0.0000e+00
5.5075e-05
1.9073e-06
0.0000e+00
5.2929e-05
1.1921e-06
1.3900e-04
0.0000e+00
9.5367e-07
0.0000e+00
5.3883e-05
9.5367e-07
1.9622e-04
9.5367e-07
1.9073e-06
1.1611e-04
9.5367e-07
1.9073e-06
1.7881e-05
0.0000e+00
1.9073e-06
0.0000e+00
6.0081e-05
1.9073e-06
0.0000e+00
5.4121e-05
9.5367e-07
8.2970e-05
1.1921e-06
1.1921e-06
0.0000e+00
5.5075e-05
2.1458e-06
0.0000e+00
5.3883e-05
9.5367e-07
0.0000e+00
5.2929e-05
1.9073e-06
0.0000e+00
5.3167e-05
2.1458e-06
1.6403e-04
9.5367e-07
1.9073e-06
6.1989e-06
9.5367e-07
9.5367e-07
2.1601e-04
1.1921e-06
2.1458e-06
0.0000e+00
5.7936e-05
1.9073e-06
0.0000e+00
5.1975e-05
1.9073e-06
0.0000e+00
5.2929e-05
1.9073e-06
0.0000e+00
5.2929e-05
9.5367e-07
0.0000e+00
5.4121e-05
9.5367e-07
0.0000e+00
5.4121e-05
2.1458e-06
1.0490e-04
9.5367e-07
1.9073e-06
0.0000e+00
5.4121e-05
1.9073e-06
2.5916e-04
0.0000e+00
9.5367e-07
0.0000e+00
5.6982e-05
9.5367e-07
0.0000e+00
5.2929e-05
9.5367e-07
6.9141e-06
9.5367e-07
9.5367e-07
0.0000e+00
5.4121e-05
2.1458e-06
0.0000e+00
5.3883e-05
9.5367e-07
0.0000e+00
5.3883e-05
1.9073e-06
0.0000e+00
5.3167e-05
2.1458e-06
2.0599e-04
0.0000e+00
9.5367e-07
1.4806e-04
9.5367e-07
1.9073e-06
0.0000e+00
5.7936e-05
9.5367e-07
5.0068e-06
1.1921e-06
9.5367e-07
0.0000e+00
6.1989e-05
9.5367e-07
0.0000e+00
5.4121e-05
1.1921e-06
0.0000e+00
5.2929e-05
1.9073e-06
0.0000e+00
5.3883e-05
1.9073e-06
2.3603e-04
0.0000e+00
1.1921e-06
0.0000e+00
5.3883e-05
2.1458e-06
1.3089e-04
9.5367e-07
9.5367e-07
4.0531e-06
0.0000e+00
9.5367e-07
4.0531e-06
9.5367e-07
9.5367e-07
0.0000e+00
5.6982e-05
2.1458e-06
3.8004e-04
9.5367e-07
1.9073e-06
0.0000e+00
5.6028e-05
1.1921e-06
0.0000e+00
5.1975e-05
9.5367e-07
6.1989e-06
9.5367e-07
9.5367e-07
5.5075e-05
9.5367e-07
1.9073e-06
0.0000e+00
5.6028e-05
1.9073e-06
1.4687e-04
1.1921e-06
1.1921e-06
0.0000e+00
7.3910e-05
2.1458e-06
6.3896e-05
1.1921e-06
1.1921e-06
0.0000e+00
6.1989e-05
1.9073e-06
4.0531e-06
1.1921e-06
2.1458e-06
0.0000e+00
5.6028e-05
2.1458e-06
0.0000e+00
5.4121e-05
2.1458e-06
0.0000e+00
5.2929e-05
1.9073e-06
3.8409e-04
9.5367e-07
1.1921e-06
0.0000e+00
5.3883e-05
1.1921e-06
0.0000e+00
7.2002e-05
1.9073e-06
0.0000e+00
5.5075e-05
9.5367e-07
1.5616e-04
0.0000e+00
1.9073e-06
5.9605e-06
9.5367e-07
9.5367e-07
1.1706e-04
9.5367e-07
9.5367e-07
2.3198e-04
0.0000e+00
9.5367e-07
5.0068e-06
9.5367e-07
9.5367e-07
0.0000e+00
5.6982e-05
2.1458e-06
0.0000e+00
5.2929e-05
2.1458e-06
4.6968e-05
0.0000e+00
1.9073e-06
0.0000e+00
5.4836e-05
2.1458e-06
0.0000e+00
5.6028e-05
9.5367e-07
0.0000e+00
5.5075e-05
9.5367e-07
0.0000e+00
6.0081e-05
1.9073e-06
0.0000e+00
5.4121e-05
2.1458e-06
0.0000e+00
5.5075e-05
1.1921e-06
3.1996e-04
9.5367e-07
9.5367e-07
1.0395e-04
0.0000e+00
9.5367e-07
0.0000e+00
5.4836e-05
2.1458e-06
1.8191e-04
9.5367e-07
1.1921e-06
0.0000e+00
7.2956e-05
1.9073e-06
8.8215e-06
9.5367e-07
2.1458e-06
1.0800e-04
9.5367e-07
9.5367e-07
0.0000e+00
5.4836e-05
2.1458e-06
0.0000e+00
5.3883e-05
9.5367e-07
0.0000e+00
5.2929e-05
9.5367e-07
0.0000e+00
5.4121e-05
2.1458e-06
0.0000e+00
5.3883e-05
1.9073e-06
0.0000e+00
5.2929e-05
1.9073e-06
5.3287e-04
9.5367e-07
1.9073e-06
3.7909e-05
9.5367e-07
9.5367e-07
0.0000e+00
5.7936e-05
2.1458e-06
2.3389e-04
1.1921e-06
2.1458e-06
0.0000e+00
5.5075e-05
1.1921e-06
0.0000e+00
5.3883e-05
1.9073e-06
1.2994e-04
0.0000e+00
9.5367e-07
0.0000e+00
5.3883e-05
1.9073e-06
0.0000e+00
5.3883e-05
1.9073e-06
0.0000e+00
8.3923e-05
1.9073e-06
0.0000e+00
5.3167e-05
2.1458e-06
1.5497e-04
9.5367e-07
2.1458e-06
1.4067e-05
9.5367e-07
1.9073e-06
2.0027e-05
9.5367e-07
1.1921e-06
1.9073e-05
9.5367e-07
9.5367e-07
1.1778e-04
9.5367e-07
1.9073e-06
4.0197e-04
1.1921e-06
2.1458e-06
1.0014e-05
9.5367e-07
1.9073e-06
0.0000e+00
5.7936e-05
1.9073e-06
1.7309e-04
9.5367e-07
9.5367e-07
5.1975e-05
9.5367e-07
1.1921e-06
0.0000e+00
5.5075e-05
2.1458e-06
0.0000e+00
5.5075e-05
1.1921e-06
0.0000e+00
5.4121e-05
2.1458e-06
0.0000e+00
5.2929e-05
9.5367e-07
0.0000e+00
5.4121e-05
9.5367e-07
0.0000e+00
5.4121e-05
2.1458e-06
0.0000e+00
5.2929e-05
1.9073e-06
0.0000e+00
5.2929e-05
1.9073e-06
2.4700e-04
0.0000e+00
1.9073e-06
0.0000e+00
5.8889e-05
9.5367e-07
5.1022e-05
9.5367e-07
2.1458e-06
0.0000e+00
5.5075e-05
9.5367e-07
0.0000e+00
5.4121e-05
2.1458e-06
5.0068e-06
9.5367e-07
1.9073e-06
2.6989e-04
9.5367e-07
9.5367e-07
2.0099e-04
0.0000e+00
9.5367e-07
8.1062e-06
9.5367e-07
9.5367e-07
2.0027e-05
1.1921e-06
1.1921e-06
2.4104e-04
9.5367e-07
2.1458e-06
0.0000e+00
5.6028e-05
1.9073e-06
0.0000e+00
5.4836e-05
1.9073e-06
5.0068e-06
9.5367e-07
1.9073e-06
0.0000e+00
5.5075e-05
1.9073e-06
5.1975e-05
0.0000e+00
9.5367e-07
0.0000e+00
5.5075e-05
9.5367e-07
0.0000e+00
5.3167e-05
9.5367e-07
0.0000e+00
5.2929e-05
2.1458e-06
0.0000e+00
6.0081e-05
2.1458e-06
4.3702e-04
9.5367e-07
9.5367e-07
0.0000e+00
7.3910e-05
1.9073e-06
0.0000e+00
5.5075e-05
1.9073e-06
1.2159e-05
0.0000e+00
9.5367e-07
0.0000e+00
5.4836e-05
1.9073e-06
1.8287e-04
1.1921e-06
9.5367e-07
0.0000e+00
6.1035e-05
2.1458e-06
1.7309e-04
9.5367e-07
1.9073e-06
0.0000e+00
5.4121e-05
1.9073e-06
0.0000e+00
5.4121e-05
2.1458e-06
0.0000e+00
7.2956e-05
1.9073e-06
0.0000e+00
5.3883e-05
9.5367e-07
3.8147e-05
9.5367e-07
1.9073e-06
4.0531e-06
1.1921e-06
1.1921e-06
0.0000e+00
5.5075e-05
2.1458e-06
0.0000e+00
5.3883e-05
2.1458e-06
0.0000e+00
5.3883e-05
1.9073e-06
3.4094e-04
0.0000e+00
9.5367e-07
0.0000e+00
5.4836e-05
1.9073e-06
8.8215e-06
0.0000e+00
9.5367e-07
3.8147e-06
9.5367e-07
1.1921e-06
3.7193e-04
0.0000e+00
2.1458e-06
0.0000e+00
5.6982e-05
9.5367e-07
0.0000e+00
5.4121e-05
1.9073e-06
0.0000e+00
5.4121e-05
2.1458e-06
0.0000e+00
5.4121e-05
1.9073e-06
0.0000e+00
5.6028e-05
9.5367e-07
1.5306e-04
9.5367e-07
9.5367e-07
7.0095e-05
0.0000e+00
9.5367e-07
0.0000e+00
7.2956e-05
2.8610e-06
1.7786e-04
1.1921e-06
2.1458e-06
0.0000e+00
5.5075e-05
9.5367e-07
1.0204e-04
9.5367e-07
9.5367e-07
5.0068e-06
1.1921e-06
1.1921e-06
0.0000e+00
5.3883e-05
1.9073e-06
1.2875e-05
1.1921e-06
1.1921e-06
0.0000e+00
6.1035e-05
1.9073e-06
0.0000e+00
5.4121e-05
2.1458e-06
0.0000e+00
5.5075e-05
1.1921e-06
0.0000e+00
7.2002e-05
1.9073e-06
0.0000e+00
5.3167e-05
9.5367e-07
0.0000e+00
5.4121e-05
2.1458e-06
3.3212e-04
9.5367e-07
1.9073e-06
0.0000e+00
5.4121e-05
1.9073e-06
0.0000e+00
5.4121e-05
9.5367e-07
6.6042e-05
0.0000e+00
2.1458e-06
0.0000e+00
6.1035e-05
1.1921e-06
5.0068e-06
9.5367e-07
9.5367e-07
5.3287e-04
9.5367e-07
1.9073e-06
0.0000e+00
5.8174e-05
2.1458e-06
7.8678e-06
9.5367e-07
9.5367e-07
5.3883e-05
9.5367e-07
2.1458e-06
0.0000e+00
5.5075e-05
1.1921e-06
0.0000e+00
5.4121e-05
9.5367e-07
1.7500e-04
9.5367e-07
2.1458e-06
0.0000e+00
5.6028e-05
9.5367e-07
0.0000e+00
5.3167e-05
2.1458e-06
0.0000e+00
5.4121e-05
1.9073e-06
0.0000e+00
5.6028e-05
9.5367e-07
7.0095e-05
9.5367e-07
1.9073e-06
2.8610e-06
0.0000e+00
9.5367e-07
3.8147e-06
0.0000e+00
2.1458e-06
0.0000e+00
5.5075e-05
2.1458e-06
0.0000e+00
5.2929e-05
1.9073e-06
0.0000e+00
5.2929e-05
9.5367e-07
0.0000e+00
5.4121e-05
9.5367e-07
0.0000e+00
5.4121e-05
2.1458e-06
5.0592e-04
9.5367e-07
1.9073e-06
0.0000e+00
5.8174e-05
2.1458e-06
4.0531e-06
9.5367e-07
1.9073e-06
0.0000e+00
5.5075e-05
9.5367e-07
0.0000e+00
5.4121e-05
1.9073e-06
0.0000e+00
5.4121e-05
2.1458e-06
0.0000e+00
5.3883e-05
9.5367e-07
0.0000e+00
5.3883e-05
9.5367e-07
0.0000e+00
7.4863e-05
1.9073e-06
1.2493e-04
9.5367e-07
1.9073e-06
0.0000e+00
5.7936e-05
9.5367e-07
3.2401e-04
9.5367e-07
1.9073e-06
0.0000e+00
5.3883e-05
9.5367e-07
3.2616e-04
0.0000e+00
9.5367e-07
0.0000e+00
5.6028e-05
2.1458e-06
1.5020e-05
9.5367e-07
1.9073e-06
0.0000e+00
5.4121e-05
1.9073e-06
0.0000e+00
5.3167e-05
1.1921e-06
0.0000e+00
7.8917e-05
2.1458e-06
0.0000e+00
5.5075e-05
1.1921e-06
6.4850e-05
9.5367e-07
9.5367e-07
0.0000e+00
5.4121e-05
2.1458e-06
1.5712e-04
9.5367e-07
1.9073e-06
0.0000e+00
5.7936e-05
9.5367e-07
0.0000e+00
5.3167e-05
2.1458e-06
0.0000e+00
6.0081e-05
1.1921e-06
0.0000e+00
5.4121e-05
1.9073e-06
0.0000e+00
5.6028e-05
9.5367e-07
5.6028e-05
0.0000e+00
9.5367e-07
0.0000e+00
5.3883e-05
1.9073e-06
2.6321e-04
0.0000e+00
9.5367e-07
0.0000e+00
5.5075e-05
9.5367e-07
6.1989e-06
0.0000e+00
1.9073e-06
0.0000e+00
5.5075e-05
1.9073e-06
0.0000e+00
5.4121e-05
9.5367e-07
0.0000e+00
5.4121e-05
1.9073e-06
5.0068e-06
9.5367e-07
1.1921e-06
0.0000e+00
6.4135e-05
9.5367e-07
0.0000e+00
5.3883e-05
9.5367e-07
0.0000e+00
5.1975e-05
2.1458e-06
0.0000e+00
5.3167e-05
9.5367e-07
3.0899e-04
9.5367e-07
1.9073e-06
3.7909e-05
9.5367e-07
9.5367e-07
2.8205e-04
1.1921e-06
1.1921e-06
0.0000e+00
5.5075e-05
2.1458e-06
1.6928e-05
1.1921e-06
9.5367e-07
6.1035e-05
9.5367e-07
2.1458e-06
0.0000e+00
5.6982e-05
1.9073e-06
8.5115e-05
9.5367e-07
1.9073e-06
0.0000e+00
5.5075e-05
1.9073e-06
0.0000e+00
5.3167e-05
9.5367e-07
0.0000e+00
5.3167e-05
9.5367e-07
0.0000e+00
5.2929e-05
9.5367e-07
0.0000e+00
5.3167e-05
1.1921e-06
0.0000e+00
5.4121e-05
1.9073e-06
3.6597e-04
9.5367e-07
9.5367e-07
4.4107e-05
0.0000e+00
1.9073e-06
0.0000e+00
5.8889e-05
1.9073e-06
0.0000e+00
5.2214e-05
1.1921e-06
0.0000e+00
5.2929e-05
9.5367e-07
1.1420e-04
9.5367e-07
1.9073e-06
0.0000e+00
5.4121e-05
1.1921e-06
5.9605e-06
0.0000e+00
2.1458e-06
1.7881e-04
9.5367e-07
1.9073e-06
0.0000e+00
5.5075e-05
1.9073e-06
0.0000e+00
6.1035e-05
1.9073e-06
1.0991e-04
1.1921e-06
1.1921e-06
0.0000e+00
5.6028e-05
2.1458e-06
0.0000e+00
5.3883e-05
9.5367e-07
0.0000e+00
5.2929e-05
1.9073e-06
0.0000e+00
5.4121e-05
9.5367e-07
1.0204e-04
9.5367e-07
1.9073e-06
1.6928e-05
9.5367e-07
1.9073e-06
2.8610e-06
0.0000e+00
1.1921e-06
0.0000e+00
7.1049e-05
1.9073e-06
0.0000e+00
5.6028e-05
1.9073e-06
0.0000e+00
5.3883e-05
9.5367e-07
0.0000e+00
5.3167e-05
2.1458e-06
0.0000e+00
5.2929e-05
1.9073e-06
2.9898e-04
9.5367e-07
9.5367e-07
0.0000e+00
5.6028e-05
9.5367e-07
1.5020e-05
9.5367e-07
9.5367e-07
0.0000e+00
5.3167e-05
1.9073e-06
4.2105e-04
9.5367e-07
2.1458e-06
0.0000e+00
6.1989e-05
9.5367e-07
0.0000e+00
5.3883e-05
1.9073e-06
0.0000e+00
5.4121e-05
2.1458e-06
1.1706e-04
9.5367e-07
9.5367e-07
4.0531e-06
0.0000e+00
2.1458e-06
2.2197e-04
9.5367e-07
2.1458e-06
2.0027e-05
9.5367e-07
9.5367e-07
0.0000e+00
5.5075e-05
9.5367e-07
0.0000e+00
5.4121e-05
9.5367e-07
0.0000e+00
7.2002e-05
1.9073e-06
6.1989e-06
9.5367e-07
9.5367e-07
0.0000e+00
5.5075e-05
9.5367e-07
4.4012e-04
0.0000e+00
9.5367e-07
0.0000e+00
5.6028e-05
2.1458e-06
4.0531e-06
9.5367e-07
1.9073e-06
0.0000e+00
5.3167e-05
1.9073e-06
0.0000e+00
5.4121e-05
9.5367e-07
2.0599e-04
9.5367e-07
9.5367e-07
5.0068e-06
9.5367e-07
2.1458e-06
0.0000e+00
5.5075e-05
1.9073e-06
0.0000e+00
6.1989e-05
9.5367e-07
1.1086e-04
0.0000e+00
1.9073e-06
3.4094e-05
9.5367e-07
1.9073e-06
0.0000e+00
5.6028e-05
1.9073e-06
0.0000e+00
5.3883e-05
1.9073e-06
0.0000e+00
5.4121e-05
9.5367e-07
0.0000e+00
5.4121e-05
9.5367e-07
3.8290e-04
9.5367e-07
9.5367e-07
5.9605e-06
9.5367e-07
1.1921e-06
0.0000e+00
7.8917e-05
1.9073e-06
0.0000e+00
5.3883e-05
1.9073e-06
0.0000e+00
5.2929e-05
9.5367e-07
0.0000e+00
5.3167e-05
2.1458e-06
2.6107e-04
9.5367e-07
1.9073e-06
1.3113e-05
0.0000e+00
1.9073e-06
4.0531e-06
1.1921e-06
1.1921e-06
9.5844e-05
9.5367e-07
1.9073e-06
0.0000e+00
5.5075e-05
9.5367e-07
0.0000e+00
5.4121e-05
1.9073e-06
0.0000e+00
5.6982e-05
1.1921e-06
0.0000e+00
5.2929e-05
2.1458e-06
0.0000e+00
5.4836e-05
1.9073e-06
3.4499e-04
9.5367e-07
9.5367e-07
0.0000e+00
5.5075e-05
2.1458e-06
0.0000e+00
5.3167e-05
9.5367e-07
0.0000e+00
5.2929e-05
9.5367e-07
0.0000e+00
5.2929e-05
9.5367e-07
4.0531e-06
1.6928e-05
1.9073e-06
0.0000e+00
5.6982e-05
9.5367e-07
0.0000e+00
5.3883e-05
9.5367e-07
0.0000e+00
5.3883e-05
1.9073e-06
0.0000e+00
6.0797e-05
2.1458e-06
0.0000e+00
5.2929e-05
1.9073e-06
5.6005e-04
9.5367e-07
1.9073e-06
4.0531e-06
1.1921e-06
9.5367e-07
1.1897e-04
9.5367e-07
1.9073e-06
5.0068e-06
0.0000e+00
1.9073e-06
0.0000e+00
7.7963e-05
2.1458e-06
0.0000e+00
5.5075e-05
1.1921e-06
0.0000e+00
5.3883e-05
9.5367e-07
0.0000e+00
5.3883e-05
1.9073e-06
0.0000e+00
5.1975e-05
1.1921e-06
3.3188e-04
0.0000e+00
9.5367e-07
2.1410e-04
1.1921e-06
2.1458e-06
3.0041e-05
9.5367e-07
9.5367e-07
2.8849e-05
1.1921e-06
9.5367e-07
4.0531e-06
9.5367e-07
1.9073e-06
2.9182e-04
9.5367e-07
9.5367e-07
0.0000e+00
6.0081e-05
9.5367e-07
5.0068e-06
0.0000e+00
2.1458e-06
0.0000e+00
5.5075e-05
9.5367e-07
0.0000e+00
5.4121e-05
9.5367e-07
0.0000e+00
5.2929e-05
2.1458e-06
0.0000e+00
5.3883e-05
9.5367e-07
0.0000e+00
5.2929e-05
2.1458e-06
1.0109e-04
9.5367e-07
9.5367e-07
3.5715e-04
0.0000e+00
2.2621e-01
