8.4410e-03
4.6015e-05
0.0000e+00
1.5688e-04
5.9605e-06
0.0000e+00
1.1301e-04
2.3842e-05
2.9087e-05
2.1458e-06
3.0994e-06
0.0000e+00
9.8944e-05
1.0014e-05
0.0000e+00
9.7036e-05
6.9141e-06
2.5988e-05
2.1458e-06
5.0068e-06
0.0000e+00
9.6083e-05
3.0994e-06
0.0000e+00
9.6798e-05
4.0531e-06
7.1526e-06
1.1921e-06
4.0531e-06
0.0000e+00
1.0109e-04
3.0994e-06
0.0000e+00
9.5844e-05
2.8610e-06
0.0000e+00
9.6083e-05
8.1062e-06
9.0599e-06
9.5367e-07
2.1458e-06
4.0531e-06
2.1458e-06
3.0994e-06
0.0000e+00
9.7036e-05
9.0599e-06
0.0000e+00
9.3222e-05
2.8610e-06
0.0000e+00
9.0122e-05
8.1062e-06
0.0000e+00
1.2398e-04
5.0068e-06
0.0000e+00
1.0800e-04
1.0014e-05
0.0000e+00
9.2030e-05
6.9141e-06
0.0000e+00
9.1076e-05
6.9141e-06
1.0967e-05
1.9073e-06
3.0994e-06
0.0000e+00
9.4175e-05
2.8610e-06
1.7881e-05
9.5367e-07
3.0994e-06
0.0000e+00
9.7036e-05
3.0994e-06
5.0068e-06
9.5367e-07
1.9073e-06
5.0068e-06
9.5367e-07
5.0068e-05
6.9141e-06
9.5367e-07
2.4080e-05
0.0000e+00
9.9182e-05
4.0531e-06
1.0967e-05
1.9073e-06
3.0994e-06
0.0000e+00
9.4891e-05
3.0994e-06
1.3113e-05
9.5367e-07
1.9073e-06
0.0000e+00
9.6083e-05
3.0994e-06
1.0967e-05
9.5367e-07
1.9073e-06
1.7810e-04
9.5367e-07
2.8610e-06
6.1989e-06
9.5367e-07
9.5367e-07
0.0000e+00
9.2030e-05
2.1458e-06
0.0000e+00
9.2983e-05
8.1062e-06
2.8133e-05
2.7180e-05
1.9073e-06
0.0000e+00
9.9897e-05
2.1458e-06
0.0000e+00
9.4175e-05
1.9073e-06
0.0000e+00
9.6083e-05
4.0531e-06
1.7881e-05
9.5367e-07
1.9073e-06
0.0000e+00
9.4891e-05
2.8610e-06
0.0000e+00
9.6083e-05
6.9141e-06
0.0000e+00
9.2030e-05
4.0531e-06
0.0000e+00
9.2030e-05
9.0599e-06
0.0000e+00
9.2983e-05
7.1526e-06
1.1921e-05
9.5367e-07
2.1458e-06
0.0000e+00
9.5129e-05
2.8610e-06
5.0068e-06
1.1921e-06
1.9073e-06
0.0000e+00
9.3937e-05
2.1458e-06
0.0000e+00
9.2030e-05
2.8610e-06
0.0000e+00
9.4891e-05
1.0967e-05
0.0000e+00
9.2030e-05
8.1062e-06
0.0000e+00
1.2207e-04
3.0994e-06
0.0000e+00
9.5844e-05
8.1062e-06
6.9141e-06
9.5367e-07
7.1526e-06
0.0000e+00
9.4175e-05
2.8610e-06
5.9605e-06
9.5367e-07
1.0014e-05
0.0000e+00
1.0085e-04
6.9141e-06
5.0068e-06
1.9073e-06
2.1458e-06
0.0000e+00
9.2030e-05
1.9073e-06
0.0000e+00
9.2030e-05
2.8610e-06
0.0000e+00
1.1992e-04
1.2159e-05
0.0000e+00
1.0610e-04
1.2875e-05
0.0000e+00
9.6083e-05
7.8678e-06
0.0000e+00
9.4175e-05
2.8610e-06
0.0000e+00
9.4891e-05
7.1526e-06
0.0000e+00
9.3937e-05
8.1062e-06
0.0000e+00
9.4175e-05
1.1921e-05
0.0000e+00
9.0837e-05
5.0068e-06
0.0000e+00
1.0395e-04
9.0599e-06
1.2159e-05
1.9073e-06
4.0531e-06
0.0000e+00
9.7990e-05
2.8610e-06
1.0967e-05
9.5367e-07
1.9073e-06
5.9605e-06
9.5367e-07
5.9605e-06
0.0000e+00
9.5129e-05
3.0994e-06
0.0000e+00
9.2983e-05
2.8610e-06
0.0000e+00
8.8930e-05
7.8678e-06
5.9605e-06
1.1921e-06
1.9073e-06
5.0068e-06
9.5367e-07
3.0994e-06
5.0068e-06
1.9073e-06
5.0068e-06
5.9605e-06
1.9073e-06
3.0994e-05
5.0068e-06
9.5367e-07
2.1458e-06
1.0610e-04
2.1458e-06
1.9073e-06
0.0000e+00
9.2983e-05
2.7490e-04
5.9605e-06
2.1458e-06
3.8862e-05
0.0000e+00
9.2030e-05
2.8610e-06
1.0967e-05
9.5367e-07
3.0994e-06
0.0000e+00
9.6083e-05
4.0531e-06
1.0967e-05
1.9073e-06
3.0994e-06
0.0000e+00
1.0300e-04
2.8610e-06
1.0967e-05
1.1921e-06
4.0531e-06
2.1791e-04
9.5367e-07
2.8610e-06
5.0068e-06
9.5367e-07
2.1458e-06
5.0068e-06
2.1458e-06
2.6941e-05
5.9605e-06
9.5367e-07
3.6955e-05
0.0000e+00
9.8944e-05
3.0994e-06
2.3127e-05
9.5367e-07
2.1458e-06
0.0000e+00
9.4175e-05
1.9073e-06
3.2496e-04
1.9073e-06
1.9073e-06
5.0068e-06
9.5367e-07
9.5367e-07
3.0994e-06
9.5367e-07
2.1458e-06
0.0000e+00
9.7036e-05
1.9073e-06
5.0068e-06
9.5367e-07
9.5367e-07
0.0000e+00
1.2207e-04
4.0531e-06
0.0000e+00
9.2983e-05
8.1062e-06
0.0000e+00
9.1076e-05
2.8610e-06
0.0000e+00
1.0085e-04
8.1062e-06
0.0000e+00
9.7036e-05
8.1062e-06
0.0000e+00
8.9884e-05
5.9605e-06
1.0014e-05
9.5367e-07
3.0994e-06
4.0531e-06
1.1921e-06
2.4796e-05
0.0000e+00
9.2030e-05
5.0068e-06
0.0000e+00
9.6798e-05
9.0599e-06
5.9605e-06
9.5367e-07
3.0994e-06
0.0000e+00
8.9884e-05
2.1458e-06
0.0000e+00
9.5129e-05
2.8610e-06
0.0000e+00
9.2983e-05
3.0994e-06
4.0531e-06
1.1921e-06
6.9141e-06
0.0000e+00
8.7976e-05
5.0068e-06
0.0000e+00
9.2983e-05
7.8678e-06
6.9141e-06
9.5367e-07
4.0531e-06
0.0000e+00
9.6798e-05
4.0531e-06
9.1076e-05
9.5367e-07
1.9073e-06
0.0000e+00
9.2983e-05
4.0531e-06
0.0000e+00
9.7990e-05
7.8678e-06
0.0000e+00
9.3937e-05
3.8147e-06
0.0000e+00
9.2983e-05
8.1062e-06
0.0000e+00
9.7036e-05
7.1526e-06
0.0000e+00
9.3937e-05
4.0531e-06
0.0000e+00
9.7990e-05
7.1526e-06
1.0014e-05
1.1921e-06
9.5367e-07
0.0000e+00
9.4891e-05
4.0531e-06
0.0000e+00
9.4891e-05
2.8610e-06
5.0068e-06
9.5367e-07
1.9073e-06
0.0000e+00
9.2983e-05
4.0531e-06
5.9605e-06
9.5367e-07
3.0994e-06
0.0000e+00
9.3937e-05
1.9073e-06
0.0000e+00
9.4891e-05
2.8610e-06
5.9605e-06
2.5034e-05
4.0531e-06
8.8930e-05
1.9073e-06
1.9073e-06
0.0000e+00
9.5129e-05
4.0531e-06
5.9605e-06
9.5367e-07
2.8610e-06
0.0000e+00
9.2983e-05
4.0531e-06
5.0068e-06
9.5367e-07
2.8610e-06
1.7881e-05
1.1921e-06
1.9073e-06
0.0000e+00
9.6083e-05
3.0994e-06
0.0000e+00
9.1076e-05
2.8610e-06
5.9605e-06
1.9073e-06
2.1458e-06
5.0068e-06
9.5367e-07
2.1935e-05
0.0000e+00
1.2088e-04
3.0994e-06
0.0000e+00
9.3937e-05
2.8610e-06
0.0000e+00
9.2983e-05
4.0531e-06
5.9605e-06
9.5367e-07
1.9073e-06
5.0068e-06
9.5367e-07
2.8610e-06
5.9605e-06
1.1921e-06
1.9073e-06
0.0000e+00
1.0085e-04
2.8610e-06
0.0000e+00
9.2030e-05
3.0994e-06
5.9605e-06
1.9073e-06
2.8610e-06
0.0000e+00
9.3937e-05
4.0531e-06
0.0000e+00
9.2030e-05
4.0531e-06
0.0000e+00
9.4175e-05
2.8610e-06
7.9870e-05
1.9073e-06
2.1458e-06
0.0000e+00
9.2983e-05
3.0994e-06
0.0000e+00
9.3937e-05
2.8610e-06
5.9605e-06
9.5367e-07
3.0994e-06
6.1989e-06
9.5367e-07
2.4080e-05
4.7684e-06
9.5367e-07
5.3167e-05
0.0000e+00
9.3937e-05
2.8610e-06
5.0068e-06
9.5367e-07
4.0531e-06
0.0000e+00
1.1396e-04
1.8907e-04
0.0000e+00
9.5844e-05
4.0531e-06
7.1526e-06
9.5367e-07
2.1458e-06
0.0000e+00
9.4175e-05
3.0994e-06
0.0000e+00
9.4891e-05
3.0994e-06
0.0000e+00
9.5129e-05
3.0994e-06
5.0068e-06
9.5367e-07
2.8610e-06
0.0000e+00
9.3937e-05
3.0994e-06
0.0000e+00
9.2030e-05
3.8147e-06
7.8678e-06
1.9073e-06
3.0994e-06
0.0000e+00
9.2030e-05
3.0994e-06
0.0000e+00
9.1076e-05
4.0531e-06
0.0000e+00
9.4891e-05
2.8610e-06
0.0000e+00
9.1076e-05
4.0531e-06
0.0000e+00
9.2983e-05
3.0994e-06
0.0000e+00
9.1791e-05
3.0994e-06
0.0000e+00
9.3937e-05
4.0531e-06
0.0000e+00
9.2983e-05
3.0994e-06
5.9605e-06
9.5367e-07
1.9073e-06
5.0068e-06
1.1921e-06
2.5988e-05
5.0068e-06
9.5367e-07
4.1962e-05
0.0000e+00
9.1076e-05
2.8610e-06
1.1897e-04
9.5367e-07
2.1458e-06
0.0000e+00
9.2983e-05
1.9073e-06
0.0000e+00
9.1076e-05
3.0994e-06
0.0000e+00
9.1791e-05
5.0068e-06
5.9605e-06
9.5367e-07
4.0531e-06
5.9605e-06
9.5367e-07
2.1458e-06
0.0000e+00
9.1076e-05
4.0531e-06
3.8147e-06
9.5367e-07
3.0994e-06
0.0000e+00
9.2030e-05
3.0994e-06
0.0000e+00
9.7036e-05
2.8610e-06
0.0000e+00
9.0122e-05
2.8610e-06
0.0000e+00
8.9884e-05
2.8610e-06
0.0000e+00
8.8930e-05
2.8610e-06
0.0000e+00
1.1492e-04
5.0068e-06
5.9605e-06
2.1458e-06
2.1458e-06
0.0000e+00
9.8228e-05
5.0068e-06
6.9141e-06
9.5367e-07
3.0994e-06
0.0000e+00
9.1076e-05
2.8610e-06
0.0000e+00
8.9884e-05
8.8215e-06
0.0000e+00
9.4891e-05
2.8610e-06
0.0000e+00
9.2030e-05
3.8147e-06
0.0000e+00
9.2030e-05
3.0994e-06
5.9605e-06
9.5367e-07
1.9073e-06
0.0000e+00
9.5129e-05
5.0068e-06
0.0000e+00
9.1791e-05
5.0068e-06
0.0000e+00
9.2030e-05
3.8147e-06
6.9141e-06
1.9073e-06
9.5367e-07
4.0531e-06
9.5367e-07
2.7895e-05
0.0000e+00
1.0204e-04
2.8610e-06
5.9605e-06
9.5367e-07
3.0994e-06
5.0068e-06
9.5367e-07
1.9073e-06
5.0068e-06
9.5367e-07
2.2173e-05
0.0000e+00
9.2983e-05
1.7214e-04
1.5974e-05
1.1921e-06
2.8133e-05
0.0000e+00
9.6798e-05
2.8610e-06
0.0000e+00
9.3937e-05
4.0531e-06
5.9605e-06
2.1458e-06
1.9073e-06
0.0000e+00
9.8944e-05
3.0994e-06
7.1526e-06
9.5367e-07
2.1458e-06
0.0000e+00
9.2030e-05
3.0994e-06
0.0000e+00
9.0837e-05
4.0531e-06
0.0000e+00
8.9884e-05
5.0068e-06
0.0000e+00
9.5844e-05
4.0531e-06
7.1526e-06
9.5367e-07
3.0994e-06
5.0068e-06
9.5367e-07
3.0994e-06
8.9884e-05
9.5367e-07
2.1458e-06
1.4067e-05
9.5367e-07
1.9073e-06
6.1989e-06
9.5367e-07
1.5974e-05
5.0068e-06
1.9073e-06
3.0994e-06
0.0000e+00
1.0109e-04
4.0531e-06
0.0000e+00
9.0122e-05
5.2214e-05
0.0000e+00
9.4175e-05
2.8610e-06
0.0000e+00
9.7036e-05
5.0068e-06
5.9605e-06
9.5367e-07
4.0531e-06
0.0000e+00
9.7036e-05
3.0994e-06
5.0068e-06
9.5367e-07
9.5367e-07
0.0000e+00
9.1076e-05
3.0994e-06
0.0000e+00
1.0109e-04
3.8147e-06
5.9605e-06
9.5367e-07
2.8610e-06
0.0000e+00
9.6083e-05
1.9073e-06
0.0000e+00
9.8944e-05
2.8610e-06
4.0531e-06
1.9073e-06
3.0994e-06
0.0000e+00
1.2779e-04
2.8610e-06
0.0000e+00
9.4891e-05
2.8610e-06
0.0000e+00
9.7036e-05
1.9073e-06
0.0000e+00
9.4891e-05
3.0994e-06
7.1526e-06
9.5367e-07
2.1458e-06
5.0068e-06
9.5367e-07
4.0531e-06
0.0000e+00
9.4891e-05
2.8610e-06
0.0000e+00
9.2030e-05
3.0994e-06
0.0000e+00
9.3937e-05
4.0531e-06
8.1062e-06
9.5367e-07
1.9073e-06
0.0000e+00
9.2983e-05
3.0994e-06
0.0000e+00
9.5844e-05
4.0531e-06
0.0000e+00
9.0837e-05
4.0531e-06
0.0000e+00
8.9884e-05
3.0994e-06
5.9605e-06
9.5367e-07
2.8610e-06
0.0000e+00
9.3937e-05
3.0994e-06
0.0000e+00
9.0122e-05
2.8610e-06
0.0000e+00
1.1587e-04
3.0994e-06
6.1989e-06
9.5367e-07
2.8610e-06
5.0068e-06
9.5367e-07
2.1458e-06
2.3127e-05
1.9073e-06
7.1526e-06
0.0000e+00
9.5129e-05
4.0531e-06
5.0068e-06
9.5367e-07
3.6001e-05
5.0068e-06
1.1921e-06
5.4836e-05
7.8678e-06
9.5367e-07
3.0994e-06
5.0068e-06
9.5367e-07
2.1458e-06
0.0000e+00
1.0109e-04
1.7500e-04
0.0000e+00
9.4175e-05
3.8147e-06
0.0000e+00
9.0122e-05
5.0068e-06
6.9141e-06
1.9073e-06
2.1458e-06
5.9605e-06
9.5367e-07
2.0981e-05
0.0000e+00
9.3937e-05
3.0994e-06
0.0000e+00
9.1076e-05
4.0531e-06
7.1526e-06
9.5367e-07
3.0994e-06
5.0068e-06
1.1921e-06
4.1962e-05
0.0000e+00
1.0204e-04
3.0994e-06
0.0000e+00
9.2983e-05
3.0994e-06
6.1989e-06
1.9073e-06
2.1458e-06
0.0000e+00
9.2030e-05
4.0531e-06
0.0000e+00
9.3937e-05
1.9002e-04
0.0000e+00
9.4891e-05
4.0531e-06
7.1526e-06
1.1921e-06
1.9073e-06
0.0000e+00
9.9897e-05
3.0994e-06
6.1989e-06
1.9073e-06
5.0068e-06
0.0000e+00
9.2030e-05
3.0994e-06
5.0068e-06
9.5367e-07
3.0994e-06
5.0068e-06
9.5367e-07
2.8610e-06
1.2898e-04
2.1458e-06
2.1458e-06
5.0068e-06
1.1921e-06
2.8610e-06
0.0000e+00
9.3937e-05
3.8147e-06
7.8678e-06
1.9073e-06
3.0994e-06
0.0000e+00
9.5129e-05
2.8610e-06
5.9605e-06
1.9073e-06
2.8610e-06
0.0000e+00
9.1076e-05
1.9073e-06
1.2875e-05
9.5367e-07
3.0994e-06
2.4199e-04
9.5367e-07
2.8610e-06
0.0000e+00
9.6083e-05
4.0531e-06
0.0000e+00
9.5129e-05
3.8147e-06
0.0000e+00
9.2983e-05
3.0994e-06
4.0531e-06
9.5367e-07
5.0068e-06
0.0000e+00
9.7036e-05
3.0994e-06
0.0000e+00
8.8930e-05
4.0531e-06
0.0000e+00
9.1791e-05
1.9073e-06
0.0000e+00
9.0837e-05
5.0068e-06
1.8835e-05
9.5367e-07
2.8610e-06
0.0000e+00
9.5129e-05
4.0531e-06
0.0000e+00
9.2983e-05
4.0531e-06
5.9605e-06
1.1921e-06
1.9073e-06
0.0000e+00
1.2398e-04
3.0994e-06
5.0068e-06
1.1921e-06
3.8147e-06
1.2875e-05
1.9073e-06
1.9073e-06
5.0068e-06
9.5367e-07
2.7180e-05
5.0068e-06
9.5367e-07
3.0041e-05
0.0000e+00
9.2983e-05
2.8610e-06
0.0000e+00
9.2983e-05
3.0994e-06
0.0000e+00
9.4175e-05
2.8610e-06
5.0068e-06
9.5367e-07
1.9073e-06
0.0000e+00
9.2983e-05
3.0994e-06
0.0000e+00
1.1706e-04
4.0531e-06
7.1526e-06
9.5367e-07
3.8147e-06
0.0000e+00
9.3937e-05
3.8147e-06
0.0000e+00
1.0109e-04
4.0531e-06
0.0000e+00
9.5129e-05
2.8610e-06
0.0000e+00
9.2983e-05
4.0531e-06
0.0000e+00
9.4175e-05
3.0994e-06
5.9605e-06
9.5367e-07
3.0994e-06
0.0000e+00
1.0085e-04
3.0994e-06
0.0000e+00
1.1587e-04
4.0531e-06
0.0000e+00
9.2030e-05
4.0531e-06
0.0000e+00
9.7990e-05
1.0967e-05
5.9605e-06
1.1921e-06
2.8610e-06
0.0000e+00
9.3937e-05
3.0994e-06
7.1526e-06
9.5367e-07
1.9073e-06
0.0000e+00
9.0837e-05
3.0994e-06
5.0068e-06
9.5367e-07
2.8610e-06
0.0000e+00
9.5129e-05
3.0994e-06
7.1526e-06
9.5367e-07
4.0531e-06
0.0000e+00
9.5129e-05
4.0531e-06
0.0000e+00
9.0122e-05
3.8147e-06
0.0000e+00
9.2030e-05
3.0994e-06
0.0000e+00
9.7990e-05
2.8610e-06
9.4295e-04
1.9073e-06
5.0068e-06
1.5922e-03
1.9073e-06
3.0994e-06
1.7166e-05
1.9073e-06
9.5367e-07
0.0000e+00
1.0705e-04
3.0994e-06
1.6928e-05
9.5367e-07
2.1458e-06
2.6941e-05
1.9073e-06
2.8610e-06
0.0000e+00
1.0109e-04
2.8610e-06
0.0000e+00
9.3937e-05
4.0531e-06
5.9605e-06
1.9073e-06
3.0994e-06
0.0000e+00
9.7036e-05
3.0994e-06
0.0000e+00
9.3937e-05
1.9073e-06
0.0000e+00
9.2030e-05
5.0068e-06
0.0000e+00
9.2983e-05
3.8147e-06
5.9605e-06
2.1458e-06
3.0994e-06
0.0000e+00
1.2994e-04
4.0531e-06
1.6928e-05
1.1921e-06
2.8610e-06
0.0000e+00
9.7990e-05
3.0994e-06
5.9605e-06
9.5367e-07
9.5367e-07
0.0000e+00
9.6083e-05
4.0531e-06
0.0000e+00
9.2030e-05
4.0531e-06
1.2159e-05
2.1458e-06
3.0994e-06
0.0000e+00
9.4891e-05
3.0994e-06
0.0000e+00
9.1076e-05
5.9605e-06
0.0000e+00
9.4175e-05
4.0531e-06
0.0000e+00
9.3222e-05
2.8610e-06
0.0000e+00
9.5129e-05
2.8610e-06
4.0531e-06
2.1458e-06
2.8610e-06
3.8147e-06
9.5367e-07
1.9073e-06
0.0000e+00
9.2983e-05
3.0994e-06
0.0000e+00
9.2983e-05
1.9073e-06
0.0000e+00
9.2030e-05
2.8610e-06
5.0068e-06
9.5367e-07
2.1458e-06
5.0068e-06
9.5367e-07
5.0068e-06
0.0000e+00
1.1611e-04
2.8610e-06
0.0000e+00
9.7990e-05
3.0994e-06
1.3113e-05
9.5367e-07
3.0994e-06
0.0000e+00
9.0837e-05
8.4162e-05
5.0068e-06
9.5367e-07
3.6955e-05
5.0068e-06
9.5367e-07
2.8610e-06
0.0000e+00
9.3937e-05
4.0531e-06
1.5497e-04
9.5367e-07
2.8610e-06
0.0000e+00
9.7036e-05
3.0994e-06
5.9605e-06
1.9073e-06
1.9073e-06
1.2779e-04
9.5367e-07
2.1458e-06
0.0000e+00
1.2302e-04
4.0531e-06
7.1526e-06
1.1921e-06
2.1458e-06
0.0000e+00
9.0837e-05
3.0994e-06
5.9605e-06
9.5367e-07
1.9073e-06
0.0000e+00
9.1076e-05
3.0994e-06
6.0081e-05
2.1458e-06
2.1458e-06
2.9087e-05
2.1458e-06
9.5367e-07
5.0068e-06
1.9073e-06
3.0994e-06
1.0705e-04
9.5367e-07
1.9073e-06
0.0000e+00
1.0395e-04
4.0531e-06
5.9605e-06
9.5367e-07
3.0994e-06
5.0068e-06
9.5367e-07
4.0531e-06
0.0000e+00
9.3937e-05
3.0994e-06
0.0000e+00
9.0122e-05
4.0531e-06
0.0000e+00
9.1076e-05
3.0994e-06
6.9141e-06
1.9073e-06
3.0994e-06
0.0000e+00
9.6083e-05
3.0994e-06
1.6904e-04
9.5367e-07
2.1458e-06
5.9605e-06
9.5367e-07
9.5367e-07
0.0000e+00
1.0204e-04
3.0994e-06
0.0000e+00
9.5844e-05
5.0068e-06
4.6015e-05
9.5367e-07
1.9073e-06
5.0068e-06
1.1921e-06
1.9073e-06
0.0000e+00
9.3937e-05
4.0531e-06
0.0000e+00
9.3222e-05
3.8147e-06
0.0000e+00
9.2983e-05
4.0531e-06
0.0000e+00
9.2030e-05
4.0531e-06
0.0000e+00
9.3937e-05
3.0994e-06
0.0000e+00
1.0109e-04
3.0994e-06
5.9605e-06
9.5367e-07
5.9605e-06
0.0000e+00
1.1802e-04
3.8147e-06
5.9605e-06
9.5367e-07
2.8610e-06
0.0000e+00
9.3937e-05
4.0531e-06
7.1526e-06
9.5367e-07
2.1458e-06
0.0000e+00
9.7036e-05
4.9114e-05
0.0000e+00
9.2030e-05
3.0994e-06
5.9605e-06
9.5367e-07
1.9073e-06
5.0068e-06
9.5367e-07
4.4823e-05
0.0000e+00
1.0395e-04
3.0994e-06
0.0000e+00
9.2983e-05
3.8147e-06
5.9605e-06
9.5367e-07
3.0994e-06
0.0000e+00
9.2030e-05
3.0994e-06
2.2793e-04
9.5367e-07
1.9073e-06
0.0000e+00
9.4175e-05
1.9073e-06
0.0000e+00
9.4891e-05
2.8610e-06
1.0967e-05
1.1921e-06
1.9073e-06
0.0000e+00
1.0180e-04
2.1458e-06
5.9605e-06
9.5367e-07
1.9073e-06
5.0068e-06
9.5367e-07
1.9073e-06
1.7691e-04
9.5367e-07
3.0994e-06
0.0000e+00
1.2088e-04
3.0994e-06
0.0000e+00
9.4175e-05
1.9073e-06
0.0000e+00
9.6083e-05
1.9073e-06
4.0531e-06
1.9073e-06
1.9073e-06
5.0068e-06
9.5367e-07
2.8610e-06
5.9605e-06
9.5367e-07
2.5034e-05
0.0000e+00
1.0014e-04
4.0531e-06
1.5593e-04
9.5367e-07
9.5367e-07
0.0000e+00
9.4891e-05
4.0531e-06
0.0000e+00
9.6083e-05
1.9073e-06
5.9605e-06
2.1458e-06
1.9073e-06
0.0000e+00
9.7990e-05
3.0994e-06
0.0000e+00
9.2030e-05
3.0994e-06
0.0000e+00
9.3937e-05
4.0531e-06
0.0000e+00
1.0300e-04
3.0994e-06
0.0000e+00
9.2030e-05
4.0531e-06
5.0068e-06
2.1458e-06
1.9073e-06
0.0000e+00
9.0837e-05
3.0994e-06
0.0000e+00
9.2983e-05
5.0068e-06
7.1526e-06
1.9073e-06
3.0994e-06
5.0068e-06
1.1921e-06
2.0981e-05
5.9605e-06
2.1458e-06
3.1948e-05
0.0000e+00
9.1791e-05
2.8610e-06
0.0000e+00
9.2030e-05
2.8610e-06
0.0000e+00
9.9897e-05
3.0994e-06
0.0000e+00
9.1791e-05
4.0531e-06
4.1962e-05
9.5367e-07
1.9073e-06
0.0000e+00
9.4175e-05
3.0994e-06
0.0000e+00
1.1802e-04
4.0531e-06
8.1062e-06
9.5367e-07
9.5367e-07
5.0068e-06
1.9073e-06
1.9073e-06
5.0068e-06
9.5367e-07
1.9073e-06
6.1989e-06
9.5367e-07
3.9101e-05
5.0068e-06
9.5367e-07
3.6955e-05
0.0000e+00
9.2983e-05
4.0531e-06
5.9605e-06
9.5367e-07
6.9141e-06
1.0967e-05
9.5367e-07
2.0981e-05
5.0068e-06
1.1921e-06
2.8610e-06
0.0000e+00
9.4891e-05
4.5586e-04
0.0000e+00
9.7036e-05
4.0531e-06
0.0000e+00
9.7036e-05
3.0994e-06
7.1526e-06
9.5367e-07
4.0531e-06
0.0000e+00
9.2030e-05
1.9073e-06
5.9605e-06
9.5367e-07
2.8610e-06
0.0000e+00
9.4891e-05
3.0994e-06
0.0000e+00
9.5129e-05
5.0068e-06
5.9605e-06
9.5367e-07
4.0531e-06
0.0000e+00
9.2983e-05
8.2970e-05
0.0000e+00
9.4175e-05
3.0994e-06
5.9605e-06
2.9802e-05
4.0531e-06
0.0000e+00
9.6083e-05
3.0994e-06
0.0000e+00
9.2030e-05
2.1458e-06
0.0000e+00
9.1076e-05
5.0068e-06
0.0000e+00
9.4175e-05
2.8610e-06
5.9605e-06
9.5367e-07
3.0994e-06
0.0000e+00
9.5129e-05
2.8610e-06
0.0000e+00
9.2983e-05
3.0994e-06
0.0000e+00
9.3222e-05
5.9605e-06
7.1526e-06
1.1921e-06
3.0994e-06
0.0000e+00
9.5844e-05
2.8610e-06
0.0000e+00
9.0122e-05
2.8610e-06
0.0000e+00
8.8930e-05
4.0531e-06
5.9605e-06
9.5367e-07
1.9073e-06
0.0000e+00
9.3937e-05
3.0994e-06
0.0000e+00
8.9884e-05
4.0531e-06
0.0000e+00
9.0122e-05
3.0994e-06
0.0000e+00
1.1396e-04
5.0068e-06
0.0000e+00
9.2983e-05
4.0531e-06
0.0000e+00
9.8944e-05
3.8147e-06
6.9141e-06
9.5367e-07
1.9073e-06
0.0000e+00
9.2983e-05
3.0994e-06
0.0000e+00
9.4175e-05
3.8147e-06
5.9605e-06
1.1921e-06
1.9073e-06
3.8147e-06
9.5367e-07
4.2915e-05
5.0068e-06
2.1458e-06
3.6955e-05
5.9605e-06
9.5367e-07
3.4094e-05
0.0000e+00
1.1492e-04
5.0068e-06
4.4823e-05
1.9073e-06
3.0994e-06
0.0000e+00
9.2983e-05
2.1458e-06
1.1492e-04
1.9073e-06
2.1458e-06
5.9605e-06
9.5367e-07
1.9073e-06
0.0000e+00
9.6083e-05
3.0994e-06
1.1921e-04
9.5367e-07
9.5367e-07
0.0000e+00
9.6083e-05
2.1458e-06
0.0000e+00
9.3937e-05
3.0994e-06
0.0000e+00
9.2030e-05
3.8147e-06
5.0068e-06
9.5367e-07
4.0531e-06
0.0000e+00
1.0514e-04
2.8610e-06
0.0000e+00
9.3937e-05
4.0531e-06
0.0000e+00
9.2983e-05
5.0068e-06
0.0000e+00
9.3937e-05
3.8147e-06
0.0000e+00
9.2983e-05
4.0531e-06
6.9141e-06
9.5367e-07
1.9073e-06
0.0000e+00
9.3937e-05
3.0994e-06
0.0000e+00
9.2983e-05
6.1989e-06
0.0000e+00
9.2030e-05
3.0994e-06
0.0000e+00
9.1076e-05
3.0994e-06
5.0068e-06
9.5367e-07
2.8610e-06
0.0000e+00
9.3937e-05
3.0994e-06
5.9605e-06
9.5367e-07
3.8147e-06
5.0068e-06
1.9073e-06
2.1458e-06
0.0000e+00
9.2030e-05
3.0994e-06
1.5020e-05
1.1921e-06
1.9073e-06
0.0000e+00
9.0837e-05
3.0994e-06
0.0000e+00
9.2983e-05
5.0068e-06
0.0000e+00
9.7990e-05
2.8610e-06
0.0000e+00
9.9897e-05
4.0531e-06
5.9605e-06
9.5367e-07
2.1458e-06
0.0000e+00
9.2983e-05
3.0994e-06
0.0000e+00
9.0122e-05
4.0531e-06
0.0000e+00
9.3937e-05
4.0531e-06
0.0000e+00
9.6083e-05
3.0994e-06
5.9605e-06
9.5367e-07
3.0994e-06
5.0068e-06
9.5367e-07
5.0068e-06
5.0068e-06
9.5367e-07
1.9073e-06
0.0000e+00
9.4175e-05
3.0994e-06
0.0000e+00
9.1076e-05
1.5974e-05
0.0000e+00
9.6083e-05
2.1458e-06
0.0000e+00
9.7036e-05
3.0994e-06
0.0000e+00
9.5844e-05
2.8610e-06
0.0000e+00
9.2983e-05
3.0994e-06
0.0000e+00
9.6798e-05
3.0994e-06
6.9141e-06
1.9073e-06
9.5367e-07
0.0000e+00
9.8944e-05
5.0068e-06
0.0000e+00
9.0837e-05
4.0531e-06
8.1062e-06
1.1921e-06
9.5367e-07
5.0068e-06
9.5367e-07
2.5988e-05
5.0068e-06
9.5367e-07
3.5048e-05
0.0000e+00
9.1791e-05
2.4796e-05
1.5020e-05
9.5367e-07
2.8133e-05
5.0068e-06
9.5367e-07
3.0994e-05
0.0000e+00
9.0837e-05
4.0531e-06
8.7023e-05
9.5367e-07
2.1458e-06
4.0531e-06
2.2888e-05
4.0531e-06
0.0000e+00
9.3937e-05
3.0994e-06
0.0000e+00
1.0300e-04
2.8610e-06
0.0000e+00
9.2030e-05
3.0994e-06
5.9605e-06
9.5367e-07
2.1458e-06
0.0000e+00
9.5129e-05
2.8610e-06
0.0000e+00
9.3937e-05
3.0994e-06
4.0531e-06
9.5367e-07
1.9073e-06
4.0531e-06
9.5367e-07
2.1458e-06
0.0000e+00
9.2983e-05
4.0531e-06
0.0000e+00
9.8944e-05
5.0068e-06
0.0000e+00
9.3937e-05
2.1458e-06
5.9605e-06
9.5367e-07
1.9073e-06
0.0000e+00
9.3937e-05
4.0531e-06
0.0000e+00
9.2030e-05
2.8610e-06
0.0000e+00
8.8930e-05
4.0531e-06
0.0000e+00
9.2983e-05
4.0531e-06
0.0000e+00
9.4891e-05
5.0068e-06
6.1989e-06
9.5367e-07
2.1458e-06
0.0000e+00
9.7990e-05
4.0531e-06
7.1526e-06
1.1921e-06
2.8610e-06
5.0068e-06
9.5367e-07
2.1935e-05
5.0068e-06
1.1921e-06
4.1008e-05
0.0000e+00
9.4175e-05
3.8147e-06
0.0000e+00
9.2983e-05
3.0994e-06
5.9605e-06
9.5367e-07
2.1458e-06
0.0000e+00
9.2983e-05
3.0994e-06
6.1989e-06
9.5367e-07
3.0994e-06
4.0531e-06
2.1458e-06
4.0531e-06
0.0000e+00
9.3937e-05
3.0994e-06
0.0000e+00
9.2030e-05
2.3103e-04
0.0000e+00
9.4891e-05
3.0994e-06
0.0000e+00
9.2030e-05
1.9073e-06
1.9073e-05
1.1921e-06
1.9073e-06
0.0000e+00
9.5129e-05
2.8610e-06
0.0000e+00
9.8944e-05
4.0531e-06
0.0000e+00
9.7036e-05
4.0531e-06
0.0000e+00
1.1992e-04
5.0068e-06
0.0000e+00
9.2030e-05
3.8147e-06
0.0000e+00
9.2030e-05
3.0994e-06
0.0000e+00
9.2030e-05
3.0994e-06
0.0000e+00
9.5129e-05
3.0994e-06
0.0000e+00
9.2983e-05
3.0994e-06
0.0000e+00
8.9884e-05
5.0068e-06
0.0000e+00
1.2493e-04
3.8147e-06
0.0000e+00
9.4891e-05
2.8610e-06
0.0000e+00
1.0490e-04
2.8610e-06
0.0000e+00
9.4891e-05
2.8610e-06
0.0000e+00
9.8944e-05
3.0994e-06
0.0000e+00
9.7990e-05
2.8610e-06
5.9605e-06
1.1921e-06
1.9073e-06
0.0000e+00
9.4891e-05
3.8147e-06
0.0000e+00
9.2030e-05
5.9605e-06
0.0000e+00
8.9884e-05
2.8610e-06
5.9605e-06
9.5367e-07
2.8610e-06
0.0000e+00
1.0395e-04
3.0994e-06
5.9605e-06
9.5367e-07
1.1921e-06
3.0994e-06
9.5367e-07
3.0994e-06
0.0000e+00
9.4891e-05
3.0994e-06
0.0000e+00
9.2983e-05
3.8147e-06
0.0000e+00
9.6083e-05
3.8147e-06
0.0000e+00
8.8930e-05
3.8147e-06
6.9141e-06
1.9073e-06
2.1458e-06
0.0000e+00
9.6083e-05
2.8610e-06
0.0000e+00
9.2030e-05
3.0994e-06
1.4067e-05
1.1921e-06
2.8610e-06
5.0068e-06
1.1921e-06
1.9073e-06
0.0000e+00
9.4891e-05
3.0994e-06
0.0000e+00
9.2983e-05
1.9073e-06
0.0000e+00
9.7990e-05
3.0994e-06
5.0068e-06
1.1921e-06
1.9073e-06
3.8147e-06
9.5367e-07
5.0068e-06
0.0000e+00
9.4891e-05
4.0531e-06
1.1921e-05
2.1458e-06
3.0994e-06
0.0000e+00
9.5844e-05
3.0994e-06
8.9169e-05
1.9073e-06
1.0014e-05
4.0531e-06
1.1921e-06
1.9073e-06
0.0000e+00
9.4891e-05
3.0994e-06
5.9605e-06
9.5367e-07
2.1458e-06
4.0531e-06
2.1458e-06
1.9073e-06
0.0000e+00
9.6083e-05
2.8610e-06
0.0000e+00
9.1076e-05
2.8610e-06
0.0000e+00
1.1301e-04
4.0531e-06
0.0000e+00
9.2030e-05
2.8610e-06
0.0000e+00
9.2030e-05
3.8147e-06
0.0000e+00
1.0109e-04
4.0531e-06
0.0000e+00
9.2030e-05
3.0994e-06
6.1989e-06
9.5367e-07
3.0994e-06
5.0068e-06
1.9073e-06
2.5034e-05
5.0068e-06
9.5367e-07
3.6001e-05
5.0068e-06
9.5367e-07
5.4121e-05
0.0000e+00
9.2030e-05
1.8120e-05
3.7193e-05
1.9073e-06
2.1458e-06
5.0068e-06
9.5367e-07
2.8610e-06
5.9605e-06
9.5367e-07
2.8610e-06
1.9217e-04
1.1921e-06
1.9073e-06
0.0000e+00
1.0204e-04
1.9073e-06
0.0000e+00
9.2983e-05
3.0994e-06
5.0068e-06
9.5367e-07
2.8610e-06
0.0000e+00
9.6083e-05
2.8610e-06
5.9605e-06
1.1921e-06
2.8610e-06
1.3828e-05
1.9073e-06
1.9073e-06
5.0068e-06
9.5367e-07
3.0994e-06
5.9605e-06
9.5367e-07
3.5048e-05
4.2105e-04
9.5367e-07
2.8610e-06
5.0068e-06
9.5367e-07
1.9073e-06
0.0000e+00
9.8944e-05
1.9073e-06
0.0000e+00
9.3937e-05
1.9073e-06
0.0000e+00
9.7990e-05
2.8610e-06
0.0000e+00
9.6083e-05
2.8610e-06
5.9605e-06
9.5367e-07
1.9073e-06
4.7684e-06
9.5367e-07
2.1458e-06
9.2983e-05
1.1921e-06
1.9073e-06
5.9605e-06
9.5367e-07
3.0994e-06
1.0300e-04
9.5367e-07
2.1458e-06
5.0068e-06
1.1921e-06
3.0994e-06
5.9605e-06
2.1458e-06
2.8610e-06
5.0068e-06
9.5367e-07
5.1022e-05
0.0000e+00
9.7036e-05
3.0994e-06
0.0000e+00
8.9884e-05
3.0994e-06
0.0000e+00
9.1076e-05
5.0068e-06
0.0000e+00
9.6083e-05
3.0994e-06
6.9141e-06
9.5367e-07
1.9073e-06
0.0000e+00
9.2983e-05
4.0531e-06
5.9605e-06
9.5367e-07
3.0994e-06
4.0531e-06
9.5367e-07
2.8610e-06
0.0000e+00
1.2398e-04
4.0531e-06
0.0000e+00
9.2030e-05
4.0531e-06
7.1526e-06
9.5367e-07
3.0994e-06
0.0000e+00
9.3937e-05
2.8610e-06
0.0000e+00
9.4891e-05
4.0531e-06
3.7980e-04
9.5367e-07
1.1921e-06
5.0068e-06
9.5367e-07
2.8610e-06
9.3937e-05
1.1921e-06
9.5367e-07
0.0000e+00
9.4891e-05
4.0531e-06
0.0000e+00
8.9884e-05
5.0068e-06
0.0000e+00
9.3937e-05
4.0531e-06
5.9605e-06
9.5367e-07
3.0994e-06
4.0531e-06
9.5367e-07
2.8610e-06
4.0531e-06
9.5367e-07
2.1458e-06
0.0000e+00
9.2983e-05
2.8610e-06
0.0000e+00
9.1076e-05
2.8610e-06
5.0068e-06
2.1458e-06
3.1948e-05
7.2002e-05
9.5367e-07
2.1458e-06
0.0000e+00
9.4175e-05
2.8610e-06
0.0000e+00
9.3937e-05
5.0068e-06
0.0000e+00
9.7990e-05
2.8610e-06
0.0000e+00
9.2030e-05
3.0994e-06
5.0068e-06
1.9073e-06
1.1921e-06
0.0000e+00
9.6083e-05
3.0994e-06
0.0000e+00
9.2983e-05
3.0994e-06
0.0000e+00
9.0122e-05
4.0531e-06
6.9141e-06
1.1921e-06
3.0994e-06
5.0068e-06
9.5367e-07
4.0770e-05
5.9605e-06
2.1458e-06
3.4809e-05
0.0000e+00
9.3937e-05
4.0531e-06
0.0000e+00
9.2030e-05
4.0531e-06
0.0000e+00
9.2030e-05
2.1935e-05
6.1989e-06
9.5367e-07
3.0994e-06
0.0000e+00
9.1076e-05
3.0994e-06
0.0000e+00
9.8944e-05
4.0531e-06
5.9605e-06
1.9073e-06
1.1921e-05
0.0000e+00
9.4891e-05
2.8610e-06
0.0000e+00
9.3937e-05
4.0531e-06
0.0000e+00
1.2302e-04
4.0531e-06
6.9141e-06
1.1921e-06
3.0994e-06
1.5020e-05
9.5367e-07
1.9073e-06
5.0068e-06
9.5367e-07
2.1458e-06
0.0000e+00
9.5129e-05
3.0994e-06
2.0504e-04
2.1458e-06
9.5367e-07
5.9605e-06
9.5367e-07
2.1458e-06
0.0000e+00
1.0300e-04
3.0994e-06
5.9605e-06
9.5367e-07
3.0994e-06
0.0000e+00
9.0837e-05
3.0994e-06
7.1526e-06
9.5367e-07
3.0994e-06
1.2207e-04
1.1921e-06
2.8610e-06
0.0000e+00
9.9897e-05
3.0994e-06
0.0000e+00
9.1076e-05
3.0994e-06
0.0000e+00
9.3937e-05
4.0054e-05
1.7166e-05
9.5367e-07
2.1935e-05
0.0000e+00
1.0419e-04
3.0994e-06
0.0000e+00
8.9884e-05
3.0994e-06
0.0000e+00
9.0122e-05
5.0068e-06
7.1526e-06
9.5367e-07
2.1458e-06
0.0000e+00
1.1897e-04
5.0068e-06
7.8678e-06
1.9073e-06
2.1458e-06
4.0531e-06
1.1921e-06
2.3842e-05
5.0068e-06
1.1921e-06
3.3855e-05
5.0068e-06
9.5367e-07
3.4809e-05
0.0000e+00
9.3937e-05
3.0994e-06
0.0000e+00
1.1015e-04
3.0994e-06
5.9605e-06
9.5367e-07
1.9073e-06
0.0000e+00
9.1076e-05
2.8610e-06
0.0000e+00
9.2983e-05
5.9605e-06
7.1526e-06
1.9073e-06
3.0994e-06
0.0000e+00
1.2493e-04
4.0531e-06
0.0000e+00
9.2030e-05
5.0068e-06
0.0000e+00
9.2983e-05
3.0994e-06
0.0000e+00
9.3937e-05
3.8147e-06
0.0000e+00
1.0204e-04
3.0994e-06
0.0000e+00
9.3937e-05
3.0994e-06
0.0000e+00
9.7036e-05
3.8147e-06
0.0000e+00
9.1076e-05
4.0531e-06
7.1526e-06
2.1458e-06
1.9073e-06
0.0000e+00
9.4891e-05
3.0994e-06
7.1526e-06
9.5367e-07
3.0994e-06
5.0068e-06
9.5367e-07
2.5034e-05
1.0300e-04
9.5367e-07
2.1458e-06
5.0068e-06
1.1921e-06
3.0994e-06
5.0068e-06
1.9073e-06
2.2173e-05
1.4067e-05
9.5367e-07
2.6941e-05
2.1100e-04
1.1921e-06
1.9073e-06
0.0000e+00
9.8944e-05
2.8610e-06
0.0000e+00
9.0837e-05
3.8147e-06
5.9605e-06
1.1921e-06
2.1458e-06
0.0000e+00
1.2112e-04
2.8610e-06
0.0000e+00
8.9884e-05
3.8147e-06
6.9141e-06
9.5367e-07
9.5367e-07
0.0000e+00
1.0395e-04
4.0531e-06
0.0000e+00
9.1076e-05
3.0994e-06
0.0000e+00
9.0837e-05
3.0994e-06
0.0000e+00
9.2983e-05
4.0531e-06
5.0068e-06
1.9073e-06
2.8610e-06
0.0000e+00
9.7036e-05
5.0068e-06
0.0000e+00
9.4891e-05
3.0994e-06
0.0000e+00
9.2983e-05
4.0531e-06
0.0000e+00
9.2030e-05
2.8610e-06
0.0000e+00
1.0204e-04
3.8147e-06
0.0000e+00
9.3937e-05
3.0994e-06
0.0000e+00
9.1076e-05
4.0531e-06
0.0000e+00
9.5129e-05
3.8147e-06
0.0000e+00
1.1396e-04
4.0531e-06
6.9141e-06
2.1458e-06
1.9073e-06
0.0000e+00
9.3937e-05
2.8610e-06
0.0000e+00
9.2030e-05
5.0068e-06
8.1062e-06
2.1458e-06
1.9073e-06
5.0068e-06
9.5367e-07
2.8610e-06
0.0000e+00
9.3937e-05
3.0994e-06
5.0068e-06
9.5367e-07
3.0994e-06
5.0068e-06
1.1921e-06
1.4067e-05
5.9605e-06
1.1921e-06
3.6001e-05
0.0000e+00
9.7036e-05
3.9101e-05
0.0000e+00
1.1992e-04
4.0531e-06
0.0000e+00
9.2983e-05
4.0531e-06
0.0000e+00
9.6083e-05
3.0994e-06
0.0000e+00
9.2030e-05
4.0531e-06
0.0000e+00
9.2983e-05
3.8147e-06
0.0000e+00
9.1076e-05
2.8610e-06
6.9141e-06
1.1921e-06
1.9073e-06
3.8147e-06
9.5367e-07
2.1458e-06
5.0068e-06
9.5367e-07
2.2173e-05
0.0000e+00
1.1706e-04
4.0531e-06
0.0000e+00
9.2983e-05
3.8147e-06
0.0000e+00
9.2030e-05
3.0994e-06
5.0068e-06
2.1458e-06
1.9073e-06
0.0000e+00
9.3937e-05
5.0068e-06
0.0000e+00
1.0085e-04
4.0531e-06
7.1526e-06
9.5367e-07
3.0994e-06
0.0000e+00
9.2983e-05
1.5974e-05
0.0000e+00
9.4175e-05
3.0994e-06
0.0000e+00
9.4891e-05
3.8147e-06
6.9141e-06
1.1921e-06
1.9073e-06
0.0000e+00
9.1076e-05
2.8610e-06
1.5020e-05
9.5367e-07
3.0994e-06
0.0000e+00
9.4175e-05
2.8610e-06
5.9605e-06
1.1921e-06
1.9073e-06
0.0000e+00
1.0300e-04
4.0531e-06
0.0000e+00
9.2983e-05
4.0531e-06
0.0000e+00
9.1791e-05
2.8610e-06
6.9857e-05
9.5367e-07
3.0994e-06
6.1989e-06
9.5367e-07
2.8610e-06
5.0068e-06
9.5367e-07
2.0981e-05
5.9605e-06
9.5367e-07
3.3855e-05
0.0000e+00
9.2030e-05
1.2112e-04
0.0000e+00
9.4891e-05
3.8147e-06
0.0000e+00
9.2030e-05
3.0994e-06
0.0000e+00
9.2983e-05
1.9073e-06
0.0000e+00
9.1076e-05
2.8610e-06
0.0000e+00
9.0122e-05
5.0068e-06
0.0000e+00
9.2983e-05
3.0994e-06
0.0000e+00
9.6798e-05
3.0994e-06
0.0000e+00
9.4891e-05
3.0994e-06
6.1989e-06
9.5367e-07
1.9073e-06
5.0068e-06
9.5367e-07
1.4782e-05
5.0068e-06
2.1458e-06
2.8849e-05
0.0000e+00
1.0109e-04
2.8610e-06
0.0000e+00
9.3937e-05
4.0531e-06
0.0000e+00
9.0837e-05
5.0068e-06
0.0000e+00
9.2983e-05
2.8610e-06
0.0000e+00
8.9884e-05
3.0994e-06
7.1526e-06
9.5367e-07
4.0531e-06
5.0068e-06
9.5367e-07
3.0994e-06
0.0000e+00
9.1076e-05
2.8610e-06
0.0000e+00
9.2030e-05
5.0068e-06
5.9605e-06
1.1921e-06
2.1458e-06
0.0000e+00
9.2030e-05
6.1989e-06
5.0068e-06
9.5367e-07
3.7909e-05
5.0068e-06
9.5367e-07
9.0599e-06
0.0000e+00
1.1802e-04
4.0531e-06
1.9073e-05
2.1458e-06
2.1458e-06
0.0000e+00
9.3222e-05
3.0994e-06
0.0000e+00
8.9884e-05
3.0994e-06
5.9605e-06
9.5367e-07
2.8610e-06
5.9605e-06
2.1458e-06
2.8610e-06
0.0000e+00
9.8944e-05
2.3413e-04
0.0000e+00
9.5129e-05
2.8610e-06
0.0000e+00
9.2983e-05
3.0994e-06
5.9605e-06
2.1458e-06
3.0994e-06
5.0068e-06
1.9073e-06
3.0994e-06
0.0000e+00
9.7036e-05
3.0994e-06
4.0531e-06
1.1921e-06
2.8610e-06
5.0068e-06
2.1458e-06
1.9073e-06
6.1989e-06
9.5367e-07
5.9605e-06
2.1195e-04
9.5367e-07
2.1458e-06
0.0000e+00
9.6083e-05
1.9073e-06
0.0000e+00
9.2983e-05
2.8610e-06
0.0000e+00
9.2983e-05
3.0994e-06
0.0000e+00
9.7036e-05
4.0531e-06
5.9605e-06
9.5367e-07
3.0994e-06
0.0000e+00
9.7036e-05
4.0531e-06
5.9605e-06
9.5367e-07
1.9073e-06
0.0000e+00
9.9897e-05
4.0531e-06
6.9141e-06
9.5367e-07
2.8610e-06
0.0000e+00
8.9884e-05
3.0994e-06
0.0000e+00
9.2983e-05
1.1992e-04
0.0000e+00
9.5129e-05
2.8610e-06
0.0000e+00
9.1076e-05
5.0068e-06
0.0000e+00
9.4175e-05
4.0531e-06
0.0000e+00
9.2030e-05
4.0531e-06
6.9141e-06
1.1921e-06
3.0994e-06
5.0068e-06
9.5367e-07
4.0531e-06
0.0000e+00
9.8228e-05
2.8610e-06
0.0000e+00
9.4891e-05
2.8610e-06
0.0000e+00
8.9884e-05
2.8610e-06
5.9605e-06
9.5367e-07
2.8610e-06
4.0531e-06
9.5367e-07
2.5034e-05
5.0068e-06
9.5367e-07
1.9073e-06
1.6618e-04
9.5367e-07
3.0994e-06
5.9605e-06
9.5367e-07
2.8610e-06
0.0000e+00
9.7036e-05
2.8610e-06
1.5974e-05
9.5367e-07
3.0994e-06
0.0000e+00
9.7990e-05
5.3883e-05
0.0000e+00
9.5844e-05
4.0531e-06
0.0000e+00
9.2030e-05
3.8147e-06
0.0000e+00
9.0122e-05
2.8610e-06
0.0000e+00
8.7976e-05
3.0994e-06
0.0000e+00
1.1706e-04
5.9605e-06
0.0000e+00
8.9884e-05
4.0531e-06
6.9141e-06
1.9073e-06
3.0994e-06
0.0000e+00
9.6083e-05
5.0068e-06
6.1989e-06
9.5367e-07
3.0994e-06
0.0000e+00
9.5129e-05
3.0994e-06
0.0000e+00
9.1076e-05
3.8147e-06
5.9605e-06
9.5367e-07
1.9073e-06
0.0000e+00
9.4891e-05
1.9073e-06
4.0531e-06
2.1458e-06
3.0994e-06
0.0000e+00
9.1791e-05
3.0994e-06
0.0000e+00
9.3937e-05
5.9605e-06
6.9141e-06
9.5367e-07
2.8610e-06
5.9605e-06
1.1921e-06
4.6015e-05
0.0000e+00
9.3937e-05
3.1948e-05
0.0000e+00
9.4175e-05
2.8610e-06
5.0068e-06
2.1458e-06
1.9073e-06
0.0000e+00
9.2030e-05
3.0994e-06
5.9605e-06
9.5367e-07
2.8610e-06
5.0068e-06
9.5367e-07
2.3127e-05
0.0000e+00
1.1992e-04
4.0054e-05
0.0000e+00
9.3937e-05
5.0068e-06
0.0000e+00
1.0204e-04
5.0068e-06
0.0000e+00
9.3937e-05
3.0994e-06
5.9605e-06
9.5367e-07
3.0994e-06
0.0000e+00
9.2983e-05
3.0994e-06
7.1526e-06
1.9073e-06
2.1458e-06
0.0000e+00
8.9884e-05
3.0994e-06
5.9605e-06
9.5367e-07
9.5367e-07
0.0000e+00
1.1802e-04
2.8610e-06
0.0000e+00
9.8944e-05
5.0068e-06
0.0000e+00
9.4175e-05
2.8610e-06
0.0000e+00
1.0204e-04
4.0531e-06
0.0000e+00
9.6083e-05
3.0994e-06
0.0000e+00
9.1076e-05
3.0994e-06
0.0000e+00
9.2983e-05
3.0994e-06
6.1989e-06
9.5367e-07
2.1458e-06
3.0994e-06
1.9073e-06
5.0068e-06
0.0000e+00
9.2983e-05
4.0531e-06
0.0000e+00
9.2030e-05
3.0994e-06
0.0000e+00
9.2030e-05
4.0531e-06
0.0000e+00
1.0395e-04
4.0531e-06
0.0000e+00
9.3937e-05
3.0994e-06
5.9605e-06
9.5367e-07
2.8610e-06
0.0000e+00
9.2030e-05
2.8610e-06
0.0000e+00
9.3937e-05
1.9073e-06
0.0000e+00
1.1706e-04
5.0068e-06
0.0000e+00
9.2983e-05
1.9073e-06
0.0000e+00
9.2983e-05
5.0068e-06
0.0000e+00
1.0490e-04
4.0531e-06
0.0000e+00
9.2983e-05
4.0531e-06
5.0068e-06
1.1921e-06
1.9073e-06
5.0068e-06
1.9073e-06
2.1458e-06
4.0531e-06
1.1921e-06
2.0027e-05
0.0000e+00
9.1791e-05
2.8610e-06
0.0000e+00
1.2493e-04
4.0531e-06
0.0000e+00
9.5129e-05
2.8610e-06
0.0000e+00
9.9897e-05
2.8610e-06
5.0068e-06
1.9073e-06
2.1458e-06
0.0000e+00
9.0837e-05
2.8610e-06
0.0000e+00
8.9884e-05
3.0994e-06
5.9605e-06
9.5367e-07
3.0994e-06
0.0000e+00
9.5844e-05
4.0531e-06
6.1989e-06
9.5367e-07
4.9829e-05
0.0000e+00
1.2398e-04
3.0994e-06
5.9605e-06
9.5367e-07
1.9073e-06
5.0068e-06
1.9073e-06
3.0994e-06
5.0068e-06
9.5367e-07
3.6001e-05
0.0000e+00
9.2030e-05
5.6028e-05
0.0000e+00
1.0300e-04
2.8610e-06
5.9605e-06
2.1458e-06
1.9073e-06
0.0000e+00
9.1076e-05
2.8610e-06
5.0068e-06
1.1921e-06
2.8610e-06
0.0000e+00
9.4891e-05
4.0531e-06
0.0000e+00
9.2983e-05
4.0531e-06
3.0994e-05
2.1458e-06
1.9073e-06
5.0068e-06
1.1921e-06
3.0994e-06
0.0000e+00
9.2983e-05
1.9073e-06
5.0068e-06
1.1921e-06
3.0994e-06
0.0000e+00
9.2983e-05
2.8610e-06
6.1989e-06
9.5367e-07
2.1458e-06
4.0531e-06
9.5367e-07
3.0994e-06
0.0000e+00
9.1791e-05
1.2398e-04
0.0000e+00
9.5844e-05
2.8610e-06
0.0000e+00
9.4891e-05
5.0068e-06
0.0000e+00
9.9897e-05
1.9073e-06
0.0000e+00
9.2030e-05
4.0531e-06
0.0000e+00
9.2030e-05
4.0531e-06
0.0000e+00
1.0300e-04
2.8610e-06
5.0068e-06
9.5367e-07
3.0994e-06
0.0000e+00
9.4891e-05
4.0531e-06
0.0000e+00
9.3937e-05
2.8610e-06
6.9141e-06
9.5367e-07
3.0994e-06
0.0000e+00
1.2016e-04
3.8147e-06
5.9605e-06
2.1458e-06
3.0994e-06
4.0531e-06
1.9073e-06
2.1458e-06
0.0000e+00
9.3937e-05
3.8147e-06
0.0000e+00
8.8930e-05
4.0531e-06
0.0000e+00
9.2030e-05
9.0599e-06
7.1526e-06
9.5367e-07
2.1458e-06
0.0000e+00
9.4891e-05
4.0531e-06
1.8835e-05
9.5367e-07
2.1458e-06
1.1301e-04
1.1921e-06
1.9073e-06
3.8147e-06
9.5367e-07
2.1458e-06
0.0000e+00
1.2207e-04
2.8610e-06
7.8678e-06
1.9073e-06
3.0994e-06
0.0000e+00
9.3937e-05
2.1458e-06
0.0000e+00
9.0122e-05
2.8610e-06
0.0000e+00
8.9884e-05
1.9073e-06
0.0000e+00
1.0085e-04
4.0531e-06
3.8147e-06
1.9073e-06
2.1458e-06
0.0000e+00
9.4175e-05
3.8147e-06
5.9605e-06
1.1921e-06
3.0994e-06
0.0000e+00
1.1587e-04
4.0531e-06
0.0000e+00
9.7036e-05
2.8610e-06
0.0000e+00
9.2030e-05
2.8610e-06
6.9141e-06
9.5367e-07
1.9073e-06
0.0000e+00
9.3937e-05
3.8147e-06
5.9605e-06
9.5367e-07
1.9073e-06
0.0000e+00
9.8944e-05
3.0994e-06
0.0000e+00
9.4175e-05
4.0531e-06
0.0000e+00
9.7036e-05
4.0531e-06
0.0000e+00
9.3937e-05
4.0531e-06
6.1989e-06
9.5367e-07
2.1458e-06
0.0000e+00
9.3937e-05
3.0994e-06
4.0531e-06
9.5367e-07
1.9073e-06
0.0000e+00
9.5129e-05
4.0531e-06
0.0000e+00
9.0122e-05
2.8610e-06
5.9605e-06
9.5367e-07
2.8610e-06
0.0000e+00
9.8944e-05
4.0531e-06
0.0000e+00
9.5129e-05
3.0994e-06
0.0000e+00
1.1897e-04
4.0531e-06
5.9605e-06
9.5367e-07
1.9073e-06
4.0531e-06
9.5367e-07
1.9073e-06
0.0000e+00
9.4891e-05
4.0531e-06
5.0068e-06
9.5367e-07
3.0994e-06
5.0068e-06
9.5367e-07
2.5988e-05
0.0000e+00
9.2983e-05
2.8610e-06
0.0000e+00
8.9884e-05
3.0994e-06
0.0000e+00
1.0300e-04
4.0531e-06
0.0000e+00
9.1076e-05
5.9605e-06
0.0000e+00
9.6798e-05
4.0531e-06
5.0068e-06
2.1458e-06
2.1458e-06
5.0068e-06
9.5367e-07
2.5988e-05
0.0000e+00
8.9884e-05
3.0994e-06
0.0000e+00
9.0837e-05
2.8610e-06
0.0000e+00
9.2983e-05
2.1458e-06
0.0000e+00
9.6083e-05
5.0068e-06
0.0000e+00
9.9182e-05
4.0531e-06
0.0000e+00
1.1516e-04
4.0531e-06
0.0000e+00
9.1076e-05
3.8147e-06
0.0000e+00
9.2030e-05
2.8610e-06
0.0000e+00
8.9884e-05
3.0994e-06
6.1989e-06
9.5367e-07
2.8610e-06
0.0000e+00
9.2983e-05
2.8610e-06
5.0068e-06
9.5367e-07
2.1458e-06
4.0531e-06
2.1458e-06
3.4094e-05
0.0000e+00
9.2983e-05
4.0531e-06
0.0000e+00
8.9884e-05
4.0531e-06
0.0000e+00
9.4891e-05
2.8610e-06
0.0000e+00
9.4175e-05
3.8147e-06
0.0000e+00
9.3937e-05
4.0531e-06
7.1526e-06
9.5367e-07
1.9073e-06
6.1989e-06
9.5367e-07
2.1458e-06
5.9605e-06
1.9073e-06
3.0994e-06
0.0000e+00
9.2030e-05
3.0994e-06
0.0000e+00
9.0122e-05
3.0994e-06
0.0000e+00
1.0204e-04
4.0531e-06
7.1526e-06
9.5367e-07
4.0531e-06
5.0068e-06
9.5367e-07
2.1458e-06
0.0000e+00
9.6798e-05
4.0531e-06
0.0000e+00
9.0837e-05
8.1778e-05
0.0000e+00
9.3937e-05
3.0994e-06
0.0000e+00
9.2030e-05
3.8147e-06
0.0000e+00
9.2983e-05
4.0531e-06
6.9141e-06
9.5367e-07
2.8610e-06
5.0068e-06
9.5367e-07
2.5034e-05
5.0068e-06
9.5367e-07
5.0068e-06
5.9605e-06
9.5367e-07
2.2888e-05
5.9605e-06
9.5367e-07
3.6001e-05
5.0068e-06
1.9073e-06
3.8147e-05
0.0000e+00
9.4175e-05
3.0994e-06
3.7408e-04
9.5367e-07
1.1921e-06
5.0068e-06
1.1921e-06
1.9073e-06
1.0109e-04
1.9073e-06
1.9073e-06
0.0000e+00
1.0395e-04
3.0994e-06
0.0000e+00
9.3937e-05
4.0531e-06
7.1526e-06
9.5367e-07
1.9073e-06
5.9605e-06
9.5367e-07
3.0994e-06
0.0000e+00
9.2030e-05
4.0531e-06
2.0027e-05
1.1921e-06
1.9073e-06
0.0000e+00
9.7036e-05
3.0994e-06
5.0068e-06
9.5367e-07
2.8610e-06
0.0000e+00
9.4891e-05
2.8610e-06
5.0068e-06
9.5367e-07
3.0994e-06
4.0531e-06
2.1458e-06
1.9073e-06
0.0000e+00
9.1076e-05
8.0109e-05
5.9605e-06
9.5367e-07
3.6001e-05
0.0000e+00
9.1076e-05
4.0531e-06
6.9141e-06
2.1458e-06
2.8610e-06
5.0068e-06
9.5367e-07
1.9073e-06
0.0000e+00
9.2983e-05
1.4687e-04
0.0000e+00
9.5129e-05
3.0994e-06
0.0000e+00
9.2030e-05
3.0994e-06
0.0000e+00
9.9897e-05
5.0068e-06
0.0000e+00
9.4891e-05
3.0994e-06
5.0068e-06
9.5367e-07
1.9073e-06
3.8147e-06
9.5367e-07
3.0041e-05
0.0000e+00
9.6083e-05
2.8610e-06
5.0068e-06
9.5367e-07
1.9073e-06
0.0000e+00
1.1802e-04
4.0531e-06
0.0000e+00
9.1076e-05
1.9073e-06
0.0000e+00
9.2983e-05
4.0531e-06
5.9605e-06
2.1458e-06
1.9073e-06
5.0068e-06
9.5367e-07
2.1458e-06
0.0000e+00
1.0109e-04
4.0531e-06
4.0531e-06
2.1458e-06
2.8610e-06
5.0068e-06
9.5367e-07
2.1458e-06
0.0000e+00
9.1076e-05
2.8610e-06
1.2302e-04
9.5367e-07
1.9073e-06
0.0000e+00
1.1992e-04
1.9073e-06
5.9605e-06
9.5367e-07
1.9073e-06
0.0000e+00
9.5844e-05
3.0994e-06
0.0000e+00
8.9884e-05
4.0531e-06
5.0068e-06
9.5367e-07
3.0994e-06
4.0531e-06
2.1458e-06
2.5034e-05
0.0000e+00
1.0300e-04
3.0994e-06
0.0000e+00
9.4891e-05
4.0531e-06
5.0068e-06
1.9073e-06
4.0531e-06
8.1062e-06
1.1921e-06
1.9073e-06
0.0000e+00
1.1802e-04
4.0531e-06
0.0000e+00
8.8930e-05
2.8610e-06
1.5020e-05
1.1921e-06
3.0994e-06
5.0068e-06
9.5367e-07
1.0014e-05
5.0068e-06
9.5367e-07
3.9101e-05
0.0000e+00
9.4175e-05
3.8147e-06
5.9605e-06
1.1921e-06
3.8147e-06
5.0068e-06
9.5367e-07
7.1526e-06
3.9911e-04
9.5367e-07
2.8610e-06
0.0000e+00
9.4891e-05
1.9073e-06
0.0000e+00
9.2030e-05
3.0994e-06
0.0000e+00
1.1897e-04
5.0068e-06
6.9141e-06
9.5367e-07
3.0994e-06
0.0000e+00
9.2030e-05
3.0994e-06
0.0000e+00
1.0300e-04
5.0068e-06
0.0000e+00
9.4891e-05
4.0531e-06
5.9605e-06
9.5367e-07
1.0014e-05
4.0531e-06
9.5367e-07
4.1008e-05
5.0068e-06
9.5367e-07
3.4094e-05
0.0000e+00
9.2983e-05
9.0599e-06
5.0068e-06
9.5367e-07
5.4836e-05
0.0000e+00
1.1706e-04
4.7684e-06
2.5988e-05
1.1921e-06
1.9073e-06
5.9605e-06
1.9073e-06
3.0994e-06
0.0000e+00
9.2983e-05
4.0531e-06
0.0000e+00
9.3937e-05
4.0531e-06
6.1989e-06
9.5367e-07
3.0994e-06
0.0000e+00
9.2030e-05
2.0027e-05
5.0068e-06
9.5367e-07
5.6028e-05
5.0068e-06
9.5367e-07
5.2929e-05
0.0000e+00
9.2983e-05
3.0994e-06
0.0000e+00
1.2803e-04
5.0068e-06
0.0000e+00
9.3937e-05
3.0994e-06
0.0000e+00
1.0085e-04
4.0531e-06
5.0068e-06
9.5367e-07
2.0027e-05
0.0000e+00
9.3937e-05
3.0994e-06
0.0000e+00
9.1076e-05
4.0531e-06
4.0531e-06
2.1458e-06
1.9073e-06
0.0000e+00
9.2983e-05
3.0994e-06
0.0000e+00
9.2983e-05
2.8610e-06
5.0068e-06
9.5367e-07
4.0531e-06
0.0000e+00
9.7036e-05
3.0994e-06
6.9141e-06
9.5367e-07
2.1458e-06
0.0000e+00
1.0109e-04
2.8610e-06
0.0000e+00
9.1076e-05
4.0531e-06
0.0000e+00
9.1076e-05
3.0994e-06
0.0000e+00
9.0122e-05
2.8610e-06
0.0000e+00
9.2030e-05
1.9073e-06
0.0000e+00
9.3937e-05
4.0531e-06
5.0068e-06
2.1458e-06
2.8610e-06
0.0000e+00
9.6083e-05
5.0068e-06
5.9605e-06
1.1921e-06
2.8610e-06
3.8147e-06
1.9073e-06
2.8133e-05
0.0000e+00
1.0300e-04
3.0994e-06
1.7786e-04
1.9073e-06
1.9073e-06
0.0000e+00
9.4891e-05
2.1458e-06
0.0000e+00
9.2983e-05
2.8610e-06
5.9605e-06
9.5367e-07
9.5367e-07
0.0000e+00
9.5129e-05
5.0068e-06
0.0000e+00
9.7990e-05
4.0531e-06
5.9605e-06
2.1458e-06
3.0994e-06
0.0000e+00
1.0395e-04
4.0531e-06
0.0000e+00
9.2030e-05
4.0531e-06
5.9605e-06
9.5367e-07
3.0994e-06
4.0531e-06
1.1921e-06
2.9802e-05
0.0000e+00
9.2030e-05
2.8610e-06
6.9141e-06
1.9073e-06
2.8610e-06
5.0068e-06
9.5367e-07
2.5988e-05
0.0000e+00
9.2030e-05
4.0531e-06
0.0000e+00
9.2983e-05
2.8610e-06
0.0000e+00
8.7023e-05
5.0068e-06
6.9141e-06
9.5367e-07
2.8610e-06
0.0000e+00
1.0204e-04
2.8610e-06
0.0000e+00
9.1076e-05
3.8147e-06
0.0000e+00
9.2030e-05
4.0054e-05
9.5844e-05
1.9073e-06
1.9073e-06
0.0000e+00
9.3937e-05
2.1458e-06
4.0531e-06
1.1921e-06
1.9073e-06
5.0068e-06
2.1458e-06
4.0531e-06
6.6042e-05
1.9073e-06
3.0994e-06
0.0000e+00
9.9897e-05
5.0068e-06
0.0000e+00
1.0610e-04
4.0531e-06
6.1989e-06
9.5367e-07
6.1989e-06
0.0000e+00
9.3937e-05
3.8147e-06
0.0000e+00
9.3937e-05
4.0531e-06
0.0000e+00
1.2898e-04
5.0068e-06
6.9141e-06
9.5367e-07
2.1458e-06
0.0000e+00
9.3937e-05
3.8147e-06
0.0000e+00
9.1076e-05
5.9605e-06
0.0000e+00
1.0920e-04
3.8147e-06
6.9141e-06
9.5367e-07
2.1458e-06
0.0000e+00
9.2030e-05
3.0994e-06
5.9605e-06
9.5367e-07
3.0994e-06
5.0068e-06
1.1921e-06
3.0994e-06
0.0000e+00
9.2983e-05
2.8610e-06
5.9605e-06
9.5367e-07
2.1458e-06
0.0000e+00
9.0837e-05
2.1458e-06
5.0068e-06
9.5367e-07
2.1458e-06
0.0000e+00
1.1897e-04
3.8147e-06
6.9141e-06
9.5367e-07
1.9073e-06
0.0000e+00
9.0837e-05
1.8477e-04
0.0000e+00
9.5129e-05
2.8610e-06
5.9605e-06
9.5367e-07
2.8610e-06
0.0000e+00
9.4891e-05
3.0994e-06
4.0531e-06
1.9073e-06
9.5367e-07
0.0000e+00
9.2030e-05
4.0531e-06
5.0068e-06
2.1458e-06
2.8610e-06
0.0000e+00
9.5129e-05
3.0994e-06
0.0000e+00
9.7036e-05
4.0531e-06
0.0000e+00
1.0395e-04
2.8610e-06
0.0000e+00
9.2030e-05
3.0994e-06
0.0000e+00
9.0122e-05
4.0531e-06
0.0000e+00
9.1076e-05
2.8610e-06
5.0068e-06
1.1921e-06
1.9073e-06
0.0000e+00
9.4891e-05
3.0994e-06
0.0000e+00
8.9884e-05
4.0531e-06
0.0000e+00
9.6083e-05
4.0531e-06
5.9605e-06
9.5367e-07
2.1458e-06
5.0068e-06
9.5367e-07
2.1458e-06
0.0000e+00
1.0204e-04
4.0531e-06
7.1526e-06
9.5367e-07
3.0994e-06
5.9605e-06
1.1921e-06
2.4796e-05
0.0000e+00
9.4891e-05
3.0994e-06
0.0000e+00
9.3937e-05
1.9073e-06
5.0068e-06
1.1921e-06
1.9073e-06
0.0000e+00
9.4891e-05
3.0994e-06
0.0000e+00
1.1587e-04
3.0994e-06
0.0000e+00
9.0837e-05
3.8147e-06
5.9605e-06
1.9073e-06
2.8610e-06
5.9605e-06
1.1921e-06
1.9073e-06
6.1989e-06
9.5367e-07
3.0994e-06
0.0000e+00
1.0204e-04
3.0994e-06
0.0000e+00
9.2983e-05
3.0994e-06
5.9605e-06
9.5367e-07
2.1458e-06
0.0000e+00
9.4175e-05
7.2002e-05
5.0068e-06
9.5367e-07
3.6001e-05
0.0000e+00
1.2016e-04
2.8610e-06
0.0000e+00
9.1076e-05
5.0068e-06
0.0000e+00
9.3937e-05
3.8147e-06
0.0000e+00
1.0395e-04
4.0531e-06
0.0000e+00
9.3937e-05
4.0531e-06
7.1526e-06
1.9073e-06
3.0994e-06
0.0000e+00
9.4175e-05
4.0531e-06
5.9605e-06
2.1458e-06
1.9073e-06
0.0000e+00
9.2030e-05
1.1587e-04
6.9141e-06
9.5367e-07
3.0994e-06
5.0068e-06
1.1921e-06
3.0994e-06
0.0000e+00
9.6083e-05
4.0531e-06
6.1989e-06
9.5367e-07
2.1458e-06
0.0000e+00
1.0300e-04
2.0027e-05
0.0000e+00
9.4891e-05
3.0994e-06
5.9605e-06
9.5367e-07
2.1458e-06
3.0041e-05
1.1921e-06
7.8678e-06
0.0000e+00
9.4891e-05
3.0994e-06
4.0531e-06
1.1921e-06
1.9073e-06
0.0000e+00
9.4891e-05
4.0531e-06
5.9605e-06
9.5367e-07
9.5367e-07
0.0000e+00
9.7036e-05
4.0531e-06
6.1989e-06
9.5367e-07
3.0994e-06
0.0000e+00
9.4175e-05
2.8610e-06
0.0000e+00
9.2030e-05
2.4080e-05
0.0000e+00
9.7036e-05
3.0994e-06
0.0000e+00
9.2983e-05
3.8147e-06
0.0000e+00
9.2983e-05
3.8147e-06
0.0000e+00
1.2112e-04
4.0531e-06
5.9605e-06
9.5367e-07
2.8610e-06
0.0000e+00
9.0837e-05
5.0068e-06
0.0000e+00
9.2983e-05
3.8147e-06
8.1062e-06
9.5367e-07
3.0994e-06
5.0068e-06
9.5367e-07
1.0967e-05
0.0000e+00
9.5129e-05
2.8610e-06
0.0000e+00
9.1076e-05
4.0531e-06
0.0000e+00
9.2030e-05
3.0994e-06
0.0000e+00
1.1897e-04
4.0531e-06
0.0000e+00
9.0837e-05
3.0994e-06
0.0000e+00
9.0122e-05
3.8147e-06
0.0000e+00
9.2983e-05
5.0068e-06
0.0000e+00
1.0610e-04
5.0068e-06
0.0000e+00
9.1791e-05
2.8610e-06
6.1989e-06
9.5367e-07
3.0994e-06
5.0068e-06
1.9073e-06
1.9073e-06
5.0068e-06
1.1921e-06
1.9073e-06
0.0000e+00
9.2983e-05
4.0531e-06
6.1035e-05
1.1921e-06
1.9073e-06
0.0000e+00
9.5844e-05
3.0994e-06
0.0000e+00
9.4891e-05
3.0994e-06
6.9141e-06
9.5367e-07
1.9073e-06
5.0068e-06
9.5367e-07
2.3842e-05
5.0068e-06
1.1921e-06
3.6001e-05
0.0000e+00
9.2983e-05
3.0994e-06
2.6202e-04
9.5367e-07
9.5367e-07
4.0531e-06
9.5367e-07
9.5367e-07
0.0000e+00
9.6083e-05
1.9073e-06
5.0068e-06
1.1921e-06
3.0994e-06
0.0000e+00
9.3937e-05
3.0994e-06
5.9605e-06
1.9073e-06
2.8610e-06
0.0000e+00
9.4891e-05
9.2030e-05
1.5974e-05
1.1921e-06
2.2888e-05
5.9605e-06
1.1921e-06
3.5048e-05
0.0000e+00
9.6083e-05
4.0531e-06
0.0000e+00
9.2030e-05
3.8147e-06
0.0000e+00
9.3937e-05
2.1458e-06
7.1526e-06
9.5367e-07
2.1458e-06
5.0068e-06
1.9073e-06
2.2888e-05
0.0000e+00
1.1802e-04
4.0531e-06
7.1526e-06
9.5367e-07
4.0531e-06
0.0000e+00
1.0490e-04
3.8147e-06
0.0000e+00
9.3937e-05
3.8147e-06
0.0000e+00
9.2983e-05
2.8610e-06
0.0000e+00
9.2983e-05
3.0994e-06
0.0000e+00
9.1076e-05
2.1458e-06
7.1526e-06
1.9073e-06
2.1458e-06
0.0000e+00
9.6083e-05
4.0531e-06
0.0000e+00
9.2983e-05
3.8147e-06
0.0000e+00
9.5129e-05
3.0994e-06
0.0000e+00
9.3937e-05
3.0994e-06
4.0531e-06
9.5367e-07
2.1458e-06
0.0000e+00
9.5129e-05
4.0531e-06
5.0068e-06
9.5367e-07
2.1458e-06
8.8930e-05
9.5367e-07
9.5367e-07
5.0068e-06
9.5367e-07
2.8610e-06
0.0000e+00
9.2983e-05
3.0994e-06
5.0068e-06
2.1458e-06
2.8610e-06
5.0068e-06
2.1458e-06
2.1458e-06
0.0000e+00
9.0122e-05
1.8597e-04
6.1989e-06
1.9073e-06
3.4094e-05
0.0000e+00
9.4891e-05
3.0994e-06
1.5974e-05
9.5367e-07
2.1458e-06
0.0000e+00
9.4891e-05
4.1008e-05
5.0068e-06
9.5367e-07
5.3167e-05
4.0531e-06
9.5367e-07
3.6001e-05
0.0000e+00
9.2030e-05
3.8147e-06
1.6928e-05
9.5367e-07
3.0041e-05
0.0000e+00
9.8944e-05
3.8147e-06
6.9141e-06
2.1458e-06
2.8610e-06
5.0068e-06
9.5367e-07
1.9073e-06
0.0000e+00
9.4891e-05
3.0994e-06
1.4067e-05
2.1458e-06
2.8610e-06
5.9605e-06
9.5367e-07
1.5020e-05
0.0000e+00
9.4175e-05
2.8610e-06
2.1195e-04
9.5367e-07
1.9073e-06
4.0531e-06
1.9073e-06
1.9073e-06
3.2902e-05
9.5367e-07
2.1458e-06
0.0000e+00
9.7036e-05
4.0531e-06
0.0000e+00
1.0204e-04
5.9605e-06
0.0000e+00
9.7990e-05
2.8610e-06
0.0000e+00
9.2983e-05
3.0994e-06
0.0000e+00
9.0122e-05
3.0994e-06
6.9141e-06
9.5367e-07
2.1458e-06
4.0531e-06
9.5367e-07
3.8862e-05
0.0000e+00
9.3937e-05
3.0994e-06
5.0068e-06
9.5367e-07
3.0994e-06
5.0068e-06
9.5367e-07
2.8610e-06
1.3399e-04
9.5367e-07
2.1458e-06
5.0068e-06
2.1458e-06
1.9073e-06
0.0000e+00
1.0300e-04
4.0531e-06
0.0000e+00
9.6083e-05
4.0531e-06
0.0000e+00
9.2030e-05
4.0531e-06
5.9605e-06
9.5367e-07
1.9073e-06
5.0068e-06
9.5367e-07
4.1962e-05
0.0000e+00
9.2983e-05
3.0994e-06
5.0068e-06
9.5367e-07
2.5034e-05
0.0000e+00
9.5844e-05
4.0531e-06
0.0000e+00
9.0837e-05
4.0531e-06
1.0514e-04
2.1458e-06
9.5367e-07
5.0068e-06
9.5367e-07
4.0531e-06
0.0000e+00
9.5129e-05
2.8610e-06
6.9141e-06
9.5367e-07
4.0531e-06
0.0000e+00
9.1791e-05
2.8610e-06
0.0000e+00
9.1076e-05
3.0994e-06
0.0000e+00
9.0837e-05
3.8147e-06
5.0068e-06
9.5367e-07
1.9073e-06
0.0000e+00
9.4891e-05
3.0994e-06
5.0068e-06
9.5367e-07
3.0994e-06
0.0000e+00
1.0300e-04
4.0531e-06
0.0000e+00
1.1778e-04
4.7684e-06
5.9605e-06
9.5367e-07
2.8610e-06
0.0000e+00
9.2030e-05
2.8610e-06
5.0068e-06
9.5367e-07
1.9073e-06
0.0000e+00
9.2983e-05
2.8610e-06
0.0000e+00
9.2030e-05
3.0994e-06
0.0000e+00
9.1076e-05
3.0994e-06
0.0000e+00
9.2030e-05
4.0531e-06
0.0000e+00
9.9897e-05
2.8610e-06
0.0000e+00
9.6083e-05
3.8147e-06
0.0000e+00
9.2983e-05
3.0994e-06
0.0000e+00
9.3937e-05
4.0531e-06
0.0000e+00
9.3937e-05
3.0994e-06
0.0000e+00
9.1076e-05
2.8610e-06
5.0068e-06
1.1921e-06
2.8610e-06
0.0000e+00
9.7990e-05
3.0994e-06
0.0000e+00
9.4891e-05
5.0068e-06
0.0000e+00
9.3937e-05
3.0994e-06
0.0000e+00
9.2983e-05
4.0531e-06
0.0000e+00
9.3222e-05
2.8610e-06
0.0000e+00
9.7036e-05
1.9073e-06
6.1989e-06
9.5367e-07
2.1458e-06
4.0531e-06
9.5367e-07
4.4823e-05
0.0000e+00
9.1076e-05
1.9073e-06
5.0068e-06
9.5367e-07
3.0994e-06
0.0000e+00
9.2983e-05
5.0068e-06
5.9605e-06
9.5367e-07
1.3113e-05
5.9605e-06
2.1458e-06
1.9073e-06
0.0000e+00
9.3937e-05
1.5402e-04
5.0068e-06
9.5367e-07
3.0994e-06
5.9605e-06
9.5367e-07
2.1219e-05
0.0000e+00
9.2030e-05
3.0994e-06
5.9605e-06
9.5367e-07
2.8610e-06
0.0000e+00
9.2030e-05
3.0994e-06
0.0000e+00
9.2030e-05
4.0531e-06
7.1526e-06
1.1921e-06
1.9073e-06
0.0000e+00
9.5844e-05
5.0068e-06
6.1989e-06
1.9073e-06
2.1458e-06
0.0000e+00
9.0122e-05
1.9073e-06
0.0000e+00
9.2030e-05
4.0531e-06
0.0000e+00
9.1076e-05
3.0994e-06
5.9605e-06
9.5367e-07
3.0994e-06
2.7394e-04
9.5367e-07
3.0994e-06
0.0000e+00
9.6083e-05
9.7036e-05
0.0000e+00
9.5129e-05
2.8610e-06
0.0000e+00
9.1076e-05
5.0068e-06
5.9605e-06
9.5367e-07
1.9073e-06
4.0531e-06
1.9073e-06
2.4796e-05
0.0000e+00
1.0109e-04
3.8147e-06
0.0000e+00
9.2983e-05
3.0994e-06
5.9605e-06
1.9073e-06
1.9073e-06
5.9605e-06
1.1921e-06
1.9073e-06
0.0000e+00
9.6083e-05
5.0068e-06
6.7949e-05
1.1921e-06
1.9073e-06
0.0000e+00
9.7036e-05
3.8147e-06
0.0000e+00
9.2030e-05
5.0068e-06
0.0000e+00
9.7036e-05
3.0994e-06
0.0000e+00
9.4175e-05
1.9073e-06
4.0531e-06
1.9073e-06
2.8610e-06
0.0000e+00
9.4891e-05
4.0531e-06
0.0000e+00
9.2030e-05
2.8610e-06
0.0000e+00
9.0122e-05
5.9605e-06
0.0000e+00
1.0705e-04
4.0531e-06
5.9605e-06
9.5367e-07
1.9073e-06
3.0994e-06
2.1458e-06
2.1935e-05
0.0000e+00
1.2302e-04
4.7684e-06
5.9605e-06
1.1921e-06
6.9141e-06
5.0068e-06
1.9073e-06
3.8147e-05
5.9605e-06
9.5367e-07
3.4094e-05
0.0000e+00
9.5129e-05
3.0994e-06
0.0000e+00
9.2030e-05
3.8147e-06
0.0000e+00
9.2030e-05
4.0531e-06
0.0000e+00
1.0109e-04
4.0531e-06
0.0000e+00
9.3222e-05
2.8610e-06
0.0000e+00
1.1992e-04
3.0994e-06
0.0000e+00
9.5129e-05
4.0531e-06
5.0068e-06
1.1921e-06
3.0994e-06
0.0000e+00
9.2030e-05
4.0531e-06
0.0000e+00
9.1076e-05
2.1458e-06
5.0068e-06
1.1921e-06
3.0994e-06
0.0000e+00
9.6083e-05
3.0994e-06
0.0000e+00
1.0300e-04
4.0531e-06
0.0000e+00
9.2983e-05
3.8147e-06
5.9605e-06
1.1921e-06
2.8610e-06
0.0000e+00
9.1076e-05
2.8610e-06
0.0000e+00
8.9884e-05
3.0994e-06
6.1989e-06
9.5367e-07
2.1458e-06
0.0000e+00
9.2030e-05
3.0994e-06
0.0000e+00
9.3937e-05
3.0994e-06
5.0068e-06
9.5367e-07
2.8610e-06
2.6989e-04
9.5367e-07
1.9073e-06
5.9605e-06
1.1921e-06
2.1458e-06
5.0068e-06
9.5367e-07
2.1458e-06
1.7905e-04
2.1458e-06
1.9073e-06
0.0000e+00
1.1992e-04
2.1458e-06
0.0000e+00
9.6083e-05
4.0531e-06
0.0000e+00
9.3937e-05
5.0068e-06
0.0000e+00
9.4175e-05
4.0531e-06
0.0000e+00
1.0300e-04
4.0531e-06
0.0000e+00
9.2983e-05
2.8610e-06
0.0000e+00
9.2030e-05
3.0994e-06
0.0000e+00
9.2030e-05
4.0531e-06
0.0000e+00
9.4175e-05
4.0531e-06
0.0000e+00
9.2983e-05
2.8610e-06
0.0000e+00
9.5844e-05
2.8610e-06
5.9605e-06
1.1921e-06
1.9073e-06
0.0000e+00
1.0610e-04
5.0068e-06
0.0000e+00
9.6083e-05
4.0531e-06
1.2159e-05
2.1458e-06
1.9073e-06
0.0000e+00
9.3937e-05
3.0994e-06
0.0000e+00
1.1992e-04
5.0068e-06
6.9141e-06
1.1921e-06
1.9073e-06
0.0000e+00
9.2983e-05
3.0994e-06
0.0000e+00
9.2030e-05
3.0994e-06
0.0000e+00
9.2983e-05
3.8147e-06
0.0000e+00
1.0395e-04
3.8147e-06
0.0000e+00
9.5129e-05
3.0994e-06
5.0068e-06
1.1921e-06
2.8610e-06
3.8147e-06
9.5367e-07
3.0994e-06
0.0000e+00
1.2016e-04
3.0994e-06
0.0000e+00
9.5129e-05
5.0068e-06
0.0000e+00
9.0122e-05
1.9073e-06
0.0000e+00
9.2030e-05
4.0531e-06
7.1526e-06
9.5367e-07
2.1458e-06
0.0000e+00
9.2030e-05
1.0967e-05
6.9141e-06
2.1458e-06
1.9073e-06
5.0068e-06
1.9073e-06
4.1962e-05
7.3910e-05
1.9073e-06
2.1458e-06
0.0000e+00
9.9182e-05
2.8610e-06
0.0000e+00
1.1706e-04
4.0531e-06
5.9605e-06
1.9073e-06
2.8610e-06
5.9605e-06
9.5367e-07
2.5034e-05
0.0000e+00
9.2030e-05
2.8610e-06
5.9605e-06
9.5367e-07
1.9073e-06
5.0068e-06
9.5367e-07
2.9087e-05
5.0068e-06
9.5367e-07
6.1035e-05
0.0000e+00
1.0204e-04
3.8147e-06
0.0000e+00
9.3937e-05
7.1049e-05
0.0000e+00
9.2983e-05
4.0531e-06
5.9605e-06
9.5367e-07
3.8147e-06
0.0000e+00
9.6083e-05
3.0994e-06
6.1989e-06
9.5367e-07
3.0994e-06
0.0000e+00
9.1076e-05
3.0994e-06
0.0000e+00
9.0122e-05
4.0531e-06
0.0000e+00
9.4891e-05
3.0994e-06
4.0531e-06
2.1458e-06
2.8610e-06
5.9605e-06
2.1458e-06
7.1526e-06
0.0000e+00
9.2983e-05
4.0531e-06
1.2016e-04
1.1921e-06
1.9073e-06
0.0000e+00
1.2088e-04
3.0994e-06
5.9605e-06
9.5367e-07
2.8610e-06
0.0000e+00
9.5129e-05
2.8610e-06
0.0000e+00
9.3937e-05
4.0531e-06
0.0000e+00
9.6083e-05
4.0531e-06
0.0000e+00
1.0705e-04
4.0531e-06
0.0000e+00
9.4175e-05
3.8147e-06
0.0000e+00
9.4891e-05
3.0994e-06
0.0000e+00
9.2030e-05
3.8147e-06
0.0000e+00
9.6083e-05
2.8610e-06
5.9605e-06
9.5367e-07
2.8610e-06
0.0000e+00
9.2983e-05
3.0994e-06
0.0000e+00
9.5129e-05
2.8610e-06
0.0000e+00
1.0395e-04
4.0531e-06
0.0000e+00
9.8944e-05
3.0994e-06
0.0000e+00
9.7036e-05
2.8610e-06
4.7684e-06
9.5367e-07
3.0994e-06
0.0000e+00
1.1897e-04
5.0068e-06
0.0000e+00
9.4175e-05
3.8147e-06
0.0000e+00
9.1076e-05
2.8610e-06
6.9141e-06
9.5367e-07
1.9073e-06
0.0000e+00
9.3937e-05
4.0531e-06
5.9605e-06
1.9073e-06
1.9073e-06
0.0000e+00
1.0204e-04
2.8610e-06
0.0000e+00
9.2983e-05
4.0531e-06
0.0000e+00
9.2983e-05
5.0068e-06
0.0000e+00
9.7990e-05
3.0994e-06
0.0000e+00
9.1791e-05
3.0994e-06
7.1526e-06
2.1458e-06
2.8610e-06
5.9605e-06
1.1921e-06
2.8610e-06
4.0531e-06
9.5367e-07
2.1458e-06
9.2983e-05
9.5367e-07
2.1458e-06
0.0000e+00
1.0204e-04
4.0531e-06
0.0000e+00
9.1076e-05
4.0531e-06
0.0000e+00
9.2983e-05
2.8610e-06
0.0000e+00
9.6083e-05
5.0068e-06
7.1526e-06
9.5367e-07
2.1458e-06
5.0068e-06
9.5367e-07
3.0994e-06
0.0000e+00
9.3937e-05
4.0531e-06
1.1492e-04
1.1921e-06
1.9073e-06
0.0000e+00
9.3937e-05
3.0994e-06
5.0068e-06
9.5367e-07
2.8610e-06
0.0000e+00
1.0204e-04
2.8610e-06
5.0068e-06
1.1921e-06
1.9073e-06
0.0000e+00
9.3937e-05
2.1458e-06
0.0000e+00
9.1076e-05
4.0531e-06
0.0000e+00
9.6798e-05
3.8147e-06
5.9605e-06
1.1921e-06
2.8610e-06
0.0000e+00
9.3937e-05
4.0531e-06
0.0000e+00
9.2030e-05
5.0068e-06
5.0068e-06
2.1458e-06
2.8610e-06
0.0000e+00
9.2983e-05
4.0531e-06
5.9605e-06
1.1921e-06
1.9073e-06
5.0068e-06
9.5367e-07
2.6941e-05
6.1989e-06
9.5367e-07
2.1219e-05
0.0000e+00
9.1076e-05
1.9073e-06
0.0000e+00
1.1992e-04
5.0068e-06
0.0000e+00
9.2030e-05
4.0531e-06
4.0531e-06
9.5367e-07
3.0994e-06
0.0000e+00
9.6083e-05
3.0994e-06
4.0531e-06
9.5367e-07
3.0994e-06
0.0000e+00
9.1076e-05
3.0994e-06
0.0000e+00
1.0014e-04
2.8610e-06
5.9605e-06
9.5367e-07
5.9605e-06
5.0068e-06
1.9073e-06
3.8147e-05
0.0000e+00
9.4175e-05
4.0531e-06
0.0000e+00
9.3937e-05
4.0531e-06
0.0000e+00
9.0837e-05
3.0994e-06
7.1526e-06
9.5367e-07
3.0994e-06
0.0000e+00
9.2030e-05
5.0068e-06
0.0000e+00
9.0837e-05
4.0531e-06
0.0000e+00
9.2983e-05
4.0531e-06
6.1989e-06
1.9073e-06
3.0994e-06
2.7895e-05
9.5367e-07
2.1458e-06
5.9605e-06
1.9073e-06
2.3842e-05
0.0000e+00
1.2207e-04
5.0068e-06
5.9605e-06
9.5367e-07
1.9073e-06
5.0068e-06
9.5367e-07
2.5034e-05
0.0000e+00
9.3937e-05
2.8610e-06
0.0000e+00
9.2030e-05
4.0531e-06
5.9605e-06
9.5367e-07
5.9605e-06
0.0000e+00
9.5844e-05
4.3154e-05
0.0000e+00
9.4891e-05
3.0994e-06
0.0000e+00
9.3937e-05
4.0531e-06
6.9141e-06
9.5367e-07
3.0994e-06
0.0000e+00
1.1802e-04
4.0531e-06
0.0000e+00
9.2983e-05
2.8610e-06
5.9605e-06
1.1921e-06
1.9073e-06
5.0068e-06
9.5367e-07
3.0994e-05
0.0000e+00
9.7036e-05
4.6968e-05
0.0000e+00
9.5129e-05
2.8610e-06
0.0000e+00
9.2983e-05
4.0531e-06
0.0000e+00
1.0109e-04
4.0531e-06
7.1526e-06
9.5367e-07
1.9073e-06
0.0000e+00
1.1802e-04
4.0531e-06
4.0531e-06
1.1921e-06
1.9073e-06
3.8147e-06
9.5367e-07
3.0041e-05
0.0000e+00
9.2030e-05
4.0531e-06
0.0000e+00
9.3937e-05
4.0531e-06
0.0000e+00
9.2983e-05
2.8610e-06
0.0000e+00
9.3937e-05
3.0994e-06
0.0000e+00
1.0204e-04
2.8610e-06
0.0000e+00
9.4891e-05
4.0531e-06
0.0000e+00
9.1076e-05
3.0994e-06
0.0000e+00
9.4891e-05
2.1458e-06
5.0068e-06
9.5367e-07
1.9073e-06
4.0531e-06
1.9073e-06
2.1935e-05
0.0000e+00
9.3937e-05
3.0994e-06
0.0000e+00
9.5129e-05
2.8610e-06
5.0068e-06
9.5367e-07
3.0994e-06
5.9605e-06
9.5367e-07
1.9073e-06
1.0300e-04
9.5367e-07
1.9073e-06
0.0000e+00
9.3937e-05
4.0531e-06
0.0000e+00
9.4175e-05
4.0531e-06
0.0000e+00
9.2030e-05
2.1458e-06
1.4067e-05
9.5367e-07
3.0994e-06
0.0000e+00
9.1076e-05
2.8610e-06
5.9605e-06
9.5367e-07
2.8610e-06
5.0068e-06
9.5367e-07
3.0994e-06
0.0000e+00
9.2030e-05
3.8147e-06
6.9141e-06
1.1921e-06
3.0994e-06
5.9605e-06
9.5367e-07
1.9073e-06
0.0000e+00
9.2030e-05
2.8086e-04
0.0000e+00
1.1802e-04
3.8147e-06
4.0531e-06
9.5367e-07
2.8610e-06
0.0000e+00
9.3937e-05
3.0994e-06
0.0000e+00
9.2983e-05
4.0531e-06
0.0000e+00
9.4891e-05
3.0994e-06
0.0000e+00
9.5844e-05
3.8147e-06
0.0000e+00
9.0122e-05
3.8147e-06
0.0000e+00
9.2983e-05
3.0994e-06
0.0000e+00
1.1706e-04
3.0994e-06
0.0000e+00
9.9182e-05
5.0068e-06
0.0000e+00
1.0109e-04
3.0994e-06
6.9141e-06
9.5367e-07
3.0994e-06
0.0000e+00
9.3222e-05
2.8610e-06
5.9605e-06
9.5367e-07
3.0994e-06
0.0000e+00
1.0300e-04
4.0531e-06
0.0000e+00
9.2983e-05
3.8147e-06
0.0000e+00
9.0122e-05
4.0531e-06
0.0000e+00
9.5844e-05
3.0994e-06
7.1526e-06
9.5367e-07
2.1458e-06
0.0000e+00
9.2030e-05
1.9073e-06
4.7684e-06
9.5367e-07
3.0994e-06
0.0000e+00
9.5129e-05
2.1458e-06
5.0068e-06
9.5367e-07
1.9073e-06
1.0395e-04
2.1458e-06
9.5367e-07
0.0000e+00
1.0395e-04
4.0531e-06
0.0000e+00
9.7036e-05
4.0531e-06
5.0068e-06
9.5367e-07
3.0994e-06
0.0000e+00
9.4175e-05
3.0994e-06
0.0000e+00
9.3937e-05
5.0068e-06
0.0000e+00
9.2030e-05
3.0994e-06
0.0000e+00
9.5844e-05
5.0068e-06
0.0000e+00
9.2983e-05
3.0994e-06
1.4067e-05
1.1921e-06
3.0994e-06
0.0000e+00
9.4891e-05
2.8610e-06
0.0000e+00
9.1076e-05
2.8610e-06
5.0068e-06
2.9087e-05
4.0531e-06
5.9605e-06
9.5367e-07
1.9073e-06
0.0000e+00
9.7036e-05
2.8610e-06
5.0068e-06
9.5367e-07
1.2159e-05
0.0000e+00
9.3937e-05
3.0994e-06
0.0000e+00
9.2983e-05
3.8147e-06
5.9605e-06
9.5367e-07
3.0994e-06
6.1989e-06
9.5367e-07
2.1458e-06
0.0000e+00
9.2030e-05
2.8610e-06
0.0000e+00
9.1076e-05
6.3896e-05
0.0000e+00
1.2207e-04
4.0531e-06
0.0000e+00
9.2030e-05
4.0531e-06
0.0000e+00
9.3937e-05
4.0531e-06
1.0967e-05
1.9073e-06
1.1921e-06
0.0000e+00
9.5129e-05
1.9073e-06
0.0000e+00
9.2983e-05
1.9073e-06
0.0000e+00
9.9897e-05
4.0531e-06
5.0068e-06
9.5367e-07
3.0994e-06
0.0000e+00
9.6083e-05
4.0531e-06
0.0000e+00
9.5844e-05
4.0531e-06
6.1989e-06
1.9073e-06
2.1458e-06
4.0531e-06
1.1921e-06
4.0054e-05
5.0068e-06
9.5367e-07
3.6001e-05
0.0000e+00
9.1791e-05
2.8610e-06
5.9843e-05
9.5367e-07
1.1921e-06
0.0000e+00
9.2030e-05
2.8610e-06
0.0000e+00
9.0837e-05
3.0994e-06
0.0000e+00
9.2983e-05
4.0531e-06
0.0000e+00
1.2183e-04
4.0531e-06
0.0000e+00
9.4891e-05
2.8610e-06
5.9605e-06
9.5367e-07
1.9073e-06
0.0000e+00
9.0837e-05
3.0994e-06
5.9605e-06
1.9073e-06
1.9073e-06
0.0000e+00
9.0837e-05
2.1458e-06
0.0000e+00
8.8215e-05
3.0994e-05
5.0068e-06
9.5367e-07
3.6001e-05
5.0068e-06
9.5367e-07
2.9087e-05
0.0000e+00
9.0837e-05
3.2187e-05
5.0068e-06
2.5034e-05
9.0599e-06
5.9605e-06
1.1921e-06
3.7909e-05
1.2612e-04
1.1921e-06
2.8610e-06
6.9141e-06
1.1921e-06
2.1458e-06
0.0000e+00
9.2983e-05
2.8610e-06
0.0000e+00
9.0837e-05
4.0531e-06
0.0000e+00
9.2983e-05
4.0531e-06
1.3614e-04
9.5367e-07
1.9073e-06
5.0068e-06
1.9073e-06
1.9073e-06
5.0068e-06
2.1458e-06
1.9073e-06
1.8096e-04
1.1921e-06
9.5367e-07
0.0000e+00
9.4891e-05
4.0531e-06
0.0000e+00
9.5129e-05
3.0994e-06
5.9605e-06
9.5367e-07
2.8610e-06
0.0000e+00
9.4891e-05
3.0994e-06
1.0705e-04
9.5367e-07
1.1921e-06
0.0000e+00
1.0300e-04
2.1458e-06
5.9605e-06
9.5367e-07
1.9073e-06
5.0068e-06
9.5367e-07
2.3127e-05
5.0068e-06
1.1921e-06
5.3883e-05
0.0000e+00
9.2030e-05
2.8610e-06
1.2708e-04
9.5367e-07
1.9073e-06
5.0068e-06
9.5367e-07
3.0994e-06
0.0000e+00
1.2016e-04
2.8610e-06
5.0068e-06
1.1921e-06
1.9073e-06
0.0000e+00
9.3937e-05
3.0994e-06
8.0109e-05
1.1921e-06
1.9073e-06
0.0000e+00
9.5844e-05
1.9073e-06
5.9605e-06
9.5367e-07
2.1458e-06
9.2030e-05
2.1458e-06
3.0994e-06
0.0000e+00
9.6083e-05
1.9073e-06
5.9605e-06
2.1458e-06
1.9073e-06
7.1526e-06
9.5367e-07
3.0994e-06
0.0000e+00
9.2983e-05
4.0531e-06
5.9605e-06
9.5367e-07
1.9073e-06
0.0000e+00
9.4891e-05
2.4080e-05
7.1526e-06
9.5367e-07
3.0994e-06
5.0068e-06
9.5367e-07
2.7895e-05
5.0068e-06
1.9073e-06
3.0994e-06
0.0000e+00
9.7036e-05
1.9073e-06
0.0000e+00
9.3937e-05
3.3879e-04
5.0068e-06
1.1921e-06
3.7909e-05
5.0068e-06
9.5367e-07
3.4094e-05
5.0068e-06
9.5367e-07
4.0054e-05
0.0000e+00
9.2983e-05
4.0531e-06
4.4107e-05
9.5367e-07
1.9073e-06
0.0000e+00
9.8944e-05
4.0531e-06
5.9605e-06
9.5367e-07
1.9073e-06
0.0000e+00
9.1076e-05
2.8610e-06
0.0000e+00
9.3937e-05
4.0531e-06
7.1526e-06
9.5367e-07
3.0994e-06
0.0000e+00
9.4175e-05
2.8610e-06
0.0000e+00
9.3937e-05
3.0994e-06
0.0000e+00
9.0122e-05
4.0531e-06
3.4094e-05
3.4094e-05
3.0994e-06
0.0000e+00
9.7036e-05
1.9073e-06
0.0000e+00
9.3937e-05
1.9073e-06
5.9605e-06
1.1921e-06
2.8610e-06
0.0000e+00
9.4891e-05
3.0994e-06
5.9605e-06
9.5367e-07
1.9073e-06
1.6713e-04
9.5367e-07
2.1458e-06
0.0000e+00
9.5129e-05
1.9073e-06
5.9605e-06
1.1921e-06
2.8610e-06
5.9605e-06
2.1458e-06
2.8610e-06
5.0068e-06
9.5367e-07
2.0981e-05
2.9397e-04
9.5367e-07
3.0994e-06
0.0000e+00
9.4891e-05
2.8610e-06
5.9605e-06
1.1921e-06
1.9073e-06
0.0000e+00
9.3937e-05
3.0994e-06
0.0000e+00
9.1076e-05
4.0531e-06
0.0000e+00
8.9884e-05
4.0531e-06
0.0000e+00
9.2983e-05
1.9073e-06
5.0068e-06
2.1458e-06
4.0531e-06
0.0000e+00
9.4891e-05
3.0994e-06
0.0000e+00
1.1802e-04
3.0994e-06
7.1526e-06
9.5367e-07
2.1458e-06
3.0994e-06
1.9073e-06
9.5367e-07
2.8610e-06
1.1921e-06
2.6941e-05
0.0000e+00
9.4891e-05
3.0994e-06
0.0000e+00
9.5129e-05
5.0068e-06
5.9605e-06
1.9073e-06
3.0994e-06
0.0000e+00
9.4891e-05
4.0531e-06
0.0000e+00
9.3937e-05
4.0531e-06
7.1526e-06
9.5367e-07
1.9073e-06
5.0068e-06
9.5367e-07
3.0994e-06
0.0000e+00
1.1897e-04
3.8147e-06
0.0000e+00
8.9884e-05
4.0531e-06
0.0000e+00
9.0837e-05
2.8610e-06
5.9605e-06
1.1921e-06
1.9073e-06
0.0000e+00
9.2983e-05
3.0994e-06
0.0000e+00
9.3937e-05
4.0531e-06
0.0000e+00
9.5844e-05
2.8610e-06
0.0000e+00
9.9897e-05
3.0994e-06
5.9605e-06
9.5367e-07
1.9073e-06
6.9141e-06
2.1458e-06
4.0531e-06
0.0000e+00
9.5844e-05
2.1458e-06
8.2016e-05
9.5367e-07
2.1458e-06
3.8147e-06
9.5367e-07
2.1458e-06
4.0531e-06
9.5367e-07
9.5367e-07
5.0068e-06
9.5367e-07
2.8610e-06
5.0068e-06
9.5367e-07
2.2173e-05
4.0531e-06
1.1921e-06
3.3855e-05
0.0000e+00
9.3937e-05
1.3304e-04
1.5020e-05
1.9073e-06
3.8147e-05
5.0068e-06
9.5367e-07
4.6015e-05
0.0000e+00
9.2983e-05
4.0531e-06
7.1526e-06
9.5367e-07
2.8610e-06
5.0068e-06
9.5367e-07
2.1458e-06
5.0068e-06
1.9073e-06
2.3842e-05
0.0000e+00
9.4175e-05
1.7500e-04
0.0000e+00
9.3937e-05
3.0994e-06
5.0068e-06
9.5367e-07
2.8610e-06
0.0000e+00
9.2030e-05
2.8610e-06
0.0000e+00
1.0300e-04
5.0068e-06
5.9605e-06
9.5367e-07
3.0994e-06
0.0000e+00
9.4891e-05
3.0994e-06
0.0000e+00
1.1706e-04
2.8610e-06
7.8678e-06
2.1458e-06
1.9073e-06
3.8147e-06
9.5367e-07
2.3127e-05
0.0000e+00
9.2030e-05
3.0994e-06
5.0068e-06
1.1921e-06
2.8610e-06
0.0000e+00
9.5129e-05
1.9073e-06
4.7684e-06
1.9073e-06
2.1458e-06
0.0000e+00
9.1076e-05
2.8610e-06
0.0000e+00
1.0395e-04
4.0531e-06
5.9605e-06
9.5367e-07
2.8610e-06
0.0000e+00
1.1802e-04
4.0531e-06
0.0000e+00
9.4175e-05
2.8610e-06
5.0068e-06
9.5367e-07
3.8147e-06
1.1921e-05
1.9073e-06
1.9073e-06
0.0000e+00
9.2983e-05
3.0994e-06
0.0000e+00
9.1076e-05
4.0531e-06
0.0000e+00
9.1076e-05
4.0531e-06
0.0000e+00
9.3937e-05
2.8610e-06
5.9605e-06
1.1921e-06
4.0531e-06
0.0000e+00
1.2207e-04
2.1458e-06
0.0000e+00
9.6083e-05
2.8610e-06
0.0000e+00
9.2030e-05
1.9073e-06
0.0000e+00
9.2030e-05
2.8610e-06
0.0000e+00
9.2030e-05
3.0994e-06
0.0000e+00
9.2030e-05
3.0994e-06
1.0014e-05
1.9073e-06
2.1458e-06
0.0000e+00
1.0109e-04
4.0531e-06
5.9605e-06
9.5367e-07
3.0994e-06
7.1526e-06
9.5367e-07
2.8610e-06
0.0000e+00
9.4891e-05
3.8147e-06
0.0000e+00
9.2983e-05
3.0994e-06
0.0000e+00
9.3937e-05
3.0994e-06
0.0000e+00
9.2983e-05
3.0994e-06
0.0000e+00
9.2983e-05
4.0531e-06
0.0000e+00
9.4891e-05
1.9073e-06
5.0068e-06
9.5367e-07
2.1458e-06
0.0000e+00
1.0109e-04
5.0068e-06
0.0000e+00
9.1076e-05
5.0068e-06
0.0000e+00
9.3222e-05
2.8610e-06
5.9605e-06
2.1458e-06
1.9073e-06
5.0068e-06
1.9073e-06
2.5034e-05
0.0000e+00
9.3937e-05
3.0994e-06
5.9605e-06
9.5367e-07
2.8610e-06
0.0000e+00
9.2983e-05
3.0994e-06
0.0000e+00
9.6083e-05
3.0994e-06
0.0000e+00
9.2030e-05
5.9605e-06
7.1526e-06
9.5367e-07
2.8610e-06
5.0068e-06
9.5367e-07
2.5034e-05
5.9605e-06
1.9073e-06
5.5075e-05
0.0000e+00
9.2983e-05
3.0994e-06
1.8096e-04
9.5367e-07
2.1458e-06
5.9605e-06
1.1921e-06
1.9073e-06
5.0068e-06
9.5367e-07
1.9073e-06
1.9598e-04
1.1921e-06
1.9073e-06
3.8147e-06
9.5367e-07
3.0994e-06
0.0000e+00
1.0705e-04
4.0531e-06
5.0068e-06
9.5367e-07
2.8610e-06
0.0000e+00
9.4891e-05
8.9884e-05
5.0068e-06
9.5367e-07
1.0967e-05
7.2956e-05
1.1921e-06
1.9073e-06
5.9605e-06
9.5367e-07
3.0994e-06
0.0000e+00
9.5129e-05
1.9073e-06
0.0000e+00
9.2983e-05
4.0531e-06
0.0000e+00
9.2983e-05
3.0994e-06
5.9605e-06
9.5367e-07
3.0994e-06
0.0000e+00
1.0419e-04
5.0068e-06
0.0000e+00
9.2983e-05
1.9073e-05
5.0068e-06
9.5367e-07
2.8610e-06
1.0800e-04
9.5367e-07
2.8610e-06
0.0000e+00
9.7036e-05
2.8610e-06
0.0000e+00
9.2983e-05
4.0531e-06
0.0000e+00
8.9884e-05
3.0994e-06
0.0000e+00
9.4175e-05
3.8147e-06
0.0000e+00
1.0395e-04
3.0994e-06
0.0000e+00
9.5844e-05
3.0994e-06
0.0000e+00
9.2030e-05
2.8610e-06
6.9141e-06
9.5367e-07
3.0994e-06
0.0000e+00
9.2983e-05
3.0994e-06
0.0000e+00
9.2983e-05
3.0994e-06
5.9605e-06
9.5367e-07
1.9073e-06
0.0000e+00
9.5129e-05
2.8610e-06
0.0000e+00
9.4891e-05
5.0068e-06
0.0000e+00
1.0395e-04
2.8610e-06
0.0000e+00
9.2030e-05
3.0994e-06
0.0000e+00
9.2030e-05
5.0068e-06
5.9605e-06
9.5367e-07
2.1458e-06
0.0000e+00
9.6083e-05
3.0994e-06
5.9605e-06
1.9073e-06
2.1458e-06
0.0000e+00
9.2983e-05
4.0531e-06
0.0000e+00
9.3937e-05
4.7684e-06
5.9605e-06
1.9073e-06
2.1458e-06
0.0000e+00
9.5129e-05
4.0531e-06
0.0000e+00
9.7990e-05
4.0531e-06
0.0000e+00
9.1076e-05
3.0994e-06
6.1989e-06
9.5367e-07
3.0994e-06
5.0068e-06
2.1458e-06
1.7881e-05
0.0000e+00
9.6083e-05
3.0994e-06
6.9141e-06
9.5367e-07
3.0994e-06
0.0000e+00
9.2030e-05
2.1458e-06
5.0068e-06
1.9073e-06
3.0994e-06
5.0068e-06
1.1921e-06
2.2888e-05
5.0068e-06
9.5367e-07
4.1962e-05
5.9605e-06
9.5367e-07
3.4094e-05
0.0000e+00
1.0395e-04
2.2284e-01
