2.5921e-03
1.3113e-05
3.8862e-05
2.8610e-06
9.5367e-07
4.3869e-05
0.0000e+00
9.5367e-07
2.6226e-05
0.0000e+00
9.5367e-07
0.0000e+00
3.8862e-05
9.5367e-07
0.0000e+00
2.5988e-05
1.9073e-06
4.7271e-03
0.0000e+00
9.5367e-07
0.0000e+00
2.6226e-05
9.5367e-07
0.0000e+00
2.3127e-05
0.0000e+00
2.8610e-06
1.1921e-06
9.5367e-07
2.2888e-05
0.0000e+00
0.0000e+00
0.0000e+00
3.6955e-05
1.1921e-06
3.0088e-04
0.0000e+00
1.1921e-06
0.0000e+00
2.3842e-05
1.1921e-06
0.0000e+00
2.2888e-05
9.5367e-07
0.0000e+00
2.2173e-05
0.0000e+00
0.0000e+00
2.3127e-05
9.5367e-07
1.0395e-04
9.5367e-07
0.0000e+00
0.0000e+00
2.2888e-05
1.1921e-06
0.0000e+00
2.1935e-05
1.1921e-06
0.0000e+00
2.2888e-05
0.0000e+00
0.0000e+00
2.2173e-05
9.5367e-07
0.0000e+00
2.1935e-05
0.0000e+00
6.3896e-05
9.5367e-07
0.0000e+00
0.0000e+00
2.2888e-05
9.0599e-06
3.6001e-05
0.0000e+00
9.5367e-07
2.5034e-05
0.0000e+00
9.5367e-07
0.0000e+00
2.3127e-05
0.0000e+00
2.1935e-05
0.0000e+00
9.5367e-07
0.0000e+00
2.1935e-05
9.5367e-07
2.2817e-04
0.0000e+00
9.5367e-07
1.9073e-06
1.1921e-06
9.5367e-07
0.0000e+00
2.4080e-05
9.5367e-07
8.6069e-05
9.5367e-07
1.9073e-06
0.0000e+00
2.3127e-05
9.5367e-07
0.0000e+00
2.1935e-05
9.5367e-07
5.7602e-04
9.5367e-07
9.5367e-07
2.3842e-05
9.5367e-07
0.0000e+00
1.1206e-04
0.0000e+00
1.9073e-06
1.1921e-06
0.0000e+00
9.5367e-07
9.5367e-07
0.0000e+00
9.5367e-07
5.1975e-05
9.5367e-07
9.5367e-07
0.0000e+00
2.4080e-05
9.5367e-07
0.0000e+00
2.1935e-05
9.5367e-07
0.0000e+00
2.1935e-05
2.1458e-06
0.0000e+00
2.1935e-05
9.5367e-07
0.0000e+00
2.2173e-05
9.5367e-07
0.0000e+00
2.1935e-05
0.0000e+00
5.9581e-04
0.0000e+00
9.5367e-07
0.0000e+00
2.3127e-05
9.5367e-07
0.0000e+00
3.0041e-05
9.5367e-07
2.4080e-05
9.5367e-07
9.5367e-07
1.1921e-06
0.0000e+00
9.5367e-07
5.4121e-05
0.0000e+00
9.5367e-07
2.3603e-04
0.0000e+00
1.1921e-06
1.9073e-06
0.0000e+00
9.5367e-07
0.0000e+00
2.1935e-05
9.5367e-07
0.0000e+00
2.2173e-05
0.0000e+00
0.0000e+00
2.1935e-05
0.0000e+00
0.0000e+00
2.1935e-05
1.9073e-06
0.0000e+00
2.9087e-05
9.5367e-07
0.0000e+00
2.1935e-05
0.0000e+00
0.0000e+00
2.0981e-05
1.1921e-06
3.8862e-05
0.0000e+00
9.5367e-07
3.6788e-04
0.0000e+00
0.0000e+00
0.0000e+00
2.2888e-05
1.1921e-06
0.0000e+00
2.2888e-05
9.5367e-07
1.0014e-05
0.0000e+00
0.0000e+00
0.0000e+00
2.2888e-05
1.1921e-06
0.0000e+00
2.8849e-05
1.9073e-06
2.0027e-05
9.5367e-07
9.5367e-07
0.0000e+00
2.2888e-05
9.5367e-07
0.0000e+00
2.2173e-05
1.9073e-06
1.1921e-06
0.0000e+00
0.0000e+00
2.0027e-05
0.0000e+00
1.1921e-06
3.7479e-04
0.0000e+00
0.0000e+00
1.9073e-06
0.0000e+00
9.5367e-07
2.1935e-05
9.5367e-07
9.5367e-07
0.0000e+00
2.1935e-05
9.5367e-07
0.0000e+00
2.2173e-05
9.5367e-07
9.7990e-05
0.0000e+00
0.0000e+00
0.0000e+00
2.2888e-05
9.5367e-07
1.0991e-04
0.0000e+00
1.1921e-06
1.9073e-06
0.0000e+00
0.0000e+00
0.0000e+00
2.1935e-05
9.5367e-07
0.0000e+00
2.1935e-05
1.1921e-06
8.9884e-05
0.0000e+00
1.1921e-06
7.8678e-06
1.1921e-06
9.5367e-07
1.1802e-04
0.0000e+00
9.5367e-07
0.0000e+00
2.2173e-05
9.5367e-07
0.0000e+00
2.1935e-05
1.1921e-06
0.0000e+00
2.2888e-05
9.5367e-07
2.6941e-05
9.5367e-07
9.5367e-07
0.0000e+00
2.3127e-05
9.5367e-07
2.1458e-06
0.0000e+00
0.0000e+00
2.3127e-05
0.0000e+00
0.0000e+00
0.0000e+00
2.1935e-05
0.0000e+00
0.0000e+00
2.0981e-05
9.5367e-07
0.0000e+00
2.1935e-05
1.1921e-06
2.7704e-04
9.5367e-07
0.0000e+00
1.9073e-05
0.0000e+00
9.5367e-07
2.1291e-04
1.1921e-06
9.5367e-07
9.5367e-07
0.0000e+00
0.0000e+00
0.0000e+00
2.3842e-05
1.1921e-06
0.0000e+00
2.0981e-05
9.5367e-07
1.0014e-05
0.0000e+00
1.1921e-06
1.9073e-06
0.0000e+00
9.5367e-07
2.1458e-06
0.0000e+00
9.5367e-07
0.0000e+00
2.1935e-05
9.5367e-07
6.9857e-05
0.0000e+00
9.5367e-07
0.0000e+00
2.1935e-05
9.5367e-07
0.0000e+00
2.7895e-05
9.5367e-07
0.0000e+00
2.2173e-05
9.5367e-07
0.0000e+00
2.0981e-05
1.1921e-06
3.5095e-04
0.0000e+00
0.0000e+00
1.9073e-05
0.0000e+00
1.1921e-06
0.0000e+00
2.3842e-05
9.5367e-07
8.0824e-05
0.0000e+00
0.0000e+00
1.9073e-06
0.0000e+00
1.1921e-06
0.0000e+00
2.1935e-05
9.5367e-07
0.0000e+00
2.2173e-05
9.5367e-07
2.0695e-04
0.0000e+00
9.5367e-07
1.2875e-05
0.0000e+00
0.0000e+00
0.0000e+00
2.2888e-05
9.5367e-07
9.5367e-07
0.0000e+00
9.5367e-07
3.9101e-05
9.5367e-07
9.5367e-07
0.0000e+00
2.3127e-05
0.0000e+00
0.0000e+00
2.2173e-05
9.5367e-07
0.0000e+00
2.1935e-05
9.5367e-07
0.0000e+00
2.1935e-05
0.0000e+00
0.0000e+00
2.1935e-05
9.5367e-07
1.3201e-03
9.5367e-07
9.5367e-07
0.0000e+00
2.3842e-05
9.5367e-07
0.0000e+00
2.1935e-05
9.5367e-07
0.0000e+00
2.1935e-05
9.5367e-07
1.9073e-06
9.5367e-07
1.1921e-06
9.5367e-07
9.5367e-07
9.5367e-07
5.1975e-05
0.0000e+00
0.0000e+00
0.0000e+00
2.1935e-05
9.5367e-07
1.7881e-05
0.0000e+00
9.5367e-07
0.0000e+00
2.1935e-05
0.0000e+00
0.0000e+00
2.3127e-05
9.5367e-07
2.1601e-04
0.0000e+00
0.0000e+00
0.0000e+00
2.3127e-05
9.5367e-07
0.0000e+00
2.2173e-05
9.5367e-07
0.0000e+00
2.1935e-05
1.1921e-06
0.0000e+00
2.1935e-05
9.5367e-07
3.6693e-04
0.0000e+00
9.5367e-07
0.0000e+00
2.4080e-05
9.5367e-07
0.0000e+00
2.9087e-05
0.0000e+00
0.0000e+00
2.3127e-05
0.0000e+00
4.0531e-06
0.0000e+00
9.5367e-07
0.0000e+00
2.3127e-05
9.5367e-07
3.0041e-05
9.5367e-07
0.0000e+00
1.1921e-06
0.0000e+00
0.0000e+00
2.0504e-04
9.5367e-07
9.5367e-07
0.0000e+00
2.1935e-05
9.5367e-07
2.1458e-06
9.5367e-07
9.5367e-07
0.0000e+00
2.0981e-05
1.1921e-06
1.9073e-06
9.5367e-07
0.0000e+00
0.0000e+00
3.0994e-05
9.5367e-07
1.4067e-05
9.5367e-07
9.5367e-07
0.0000e+00
2.1935e-05
9.5367e-07
0.0000e+00
2.1935e-05
0.0000e+00
0.0000e+00
2.2173e-05
0.0000e+00
2.4891e-04
0.0000e+00
0.0000e+00
6.6996e-05
9.5367e-07
9.5367e-07
1.4400e-04
0.0000e+00
9.5367e-07
0.0000e+00
2.2888e-05
9.5367e-07
0.0000e+00
2.1935e-05
9.5367e-07
0.0000e+00
2.2888e-05
0.0000e+00
0.0000e+00
2.0981e-05
9.5367e-07
0.0000e+00
2.0981e-05
9.5367e-07
0.0000e+00
2.0981e-05
9.5367e-07
0.0000e+00
2.0981e-05
9.5367e-07
1.5092e-04
0.0000e+00
9.5367e-07
0.0000e+00
2.1935e-05
9.5367e-07
1.3900e-04
0.0000e+00
0.0000e+00
1.4067e-05
0.0000e+00
0.0000e+00
0.0000e+00
3.0041e-05
1.1921e-06
5.0068e-06
9.5367e-07
9.5367e-07
0.0000e+00
2.2173e-05
9.5367e-07
0.0000e+00
2.1935e-05
0.0000e+00
0.0000e+00
2.1935e-05
9.5367e-07
0.0000e+00
2.4080e-05
9.5367e-07
2.8610e-06
9.5367e-07
0.0000e+00
0.0000e+00
2.1935e-05
9.5367e-07
5.1975e-05
0.0000e+00
9.5367e-07
0.0000e+00
3.0041e-05
9.5367e-07
0.0000e+00
2.2173e-05
9.5367e-07
0.0000e+00
2.0981e-05
0.0000e+00
1.2302e-04
0.0000e+00
0.0000e+00
0.0000e+00
2.1935e-05
1.1921e-06
0.0000e+00
2.0981e-05
9.5367e-07
0.0000e+00
2.1935e-05
0.0000e+00
4.3869e-05
0.0000e+00
1.1921e-06
1.0967e-05
9.5367e-07
9.5367e-07
9.5367e-07
9.5367e-07
9.5367e-07
0.0000e+00
2.3127e-05
9.5367e-07
7.1526e-06
0.0000e+00
9.5367e-07
2.5988e-05
0.0000e+00
1.1921e-06
1.9073e-06
9.5367e-07
9.5367e-07
0.0000e+00
2.1935e-05
9.5367e-07
0.0000e+00
2.1935e-05
1.1921e-06
2.0981e-05
9.5367e-07
9.5367e-07
9.5367e-07
1.1921e-06
9.5367e-07
0.0000e+00
2.1935e-05
9.5367e-07
4.9806e-04
0.0000e+00
9.5367e-07
1.4067e-05
0.0000e+00
9.5367e-07
0.0000e+00
3.0041e-05
9.5367e-07
2.1458e-06
9.5367e-07
9.5367e-07
0.0000e+00
2.1935e-05
1.1921e-06
0.0000e+00
2.1935e-05
9.5367e-07
0.0000e+00
2.1219e-05
9.5367e-07
0.0000e+00
2.1935e-05
1.1921e-06
9.0837e-05
0.0000e+00
1.1921e-06
1.1802e-04
0.0000e+00
9.5367e-07
0.0000e+00
2.3127e-05
9.5367e-07
0.0000e+00
2.9087e-05
9.5367e-07
9.0599e-06
0.0000e+00
9.5367e-07
0.0000e+00
2.2173e-05
9.5367e-07
0.0000e+00
2.0981e-05
9.5367e-07
0.0000e+00
2.0981e-05
9.5367e-07
0.0000e+00
2.0981e-05
1.1921e-06
0.0000e+00
2.0981e-05
9.5367e-07
2.3127e-05
9.5367e-07
9.5367e-07
0.0000e+00
2.1935e-05
9.5367e-07
1.6308e-04
0.0000e+00
0.0000e+00
1.0967e-05
1.1921e-06
9.5367e-07
1.6928e-05
0.0000e+00
1.1921e-06
1.8835e-05
0.0000e+00
0.0000e+00
2.8849e-05
1.1921e-06
9.5367e-07
1.4067e-05
0.0000e+00
9.5367e-07
0.0000e+00
2.3127e-05
9.5367e-07
0.0000e+00
2.1935e-05
1.1921e-06
0.0000e+00
2.1935e-05
9.5367e-07
2.7013e-04
9.5367e-07
9.5367e-07
2.1935e-05
0.0000e+00
9.5367e-07
0.0000e+00
3.0994e-05
9.5367e-07
0.0000e+00
2.3127e-05
0.0000e+00
0.0000e+00
2.1935e-05
1.1921e-06
2.9802e-05
0.0000e+00
9.5367e-07
0.0000e+00
2.1935e-05
9.5367e-07
0.0000e+00
2.0981e-05
9.5367e-07
1.7715e-04
0.0000e+00
1.1921e-06
9.5367e-07
0.0000e+00
0.0000e+00
0.0000e+00
2.2888e-05
9.5367e-07
0.0000e+00
2.0981e-05
9.5367e-07
0.0000e+00
2.4080e-05
1.1921e-06
0.0000e+00
2.0981e-05
9.5367e-07
0.0000e+00
2.2173e-05
9.5367e-07
0.0000e+00
2.1935e-05
1.1921e-06
0.0000e+00
2.0981e-05
9.5367e-07
4.0531e-06
9.5367e-07
9.5367e-07
0.0000e+00
2.1935e-05
9.5367e-07
0.0000e+00
2.0981e-05
9.5367e-07
0.0000e+00
2.1935e-05
9.5367e-07
0.0000e+00
2.1935e-05
1.1921e-06
0.0000e+00
2.0981e-05
9.5367e-07
0.0000e+00
2.1219e-05
9.5367e-07
6.5088e-04
0.0000e+00
0.0000e+00
0.0000e+00
2.2888e-05
1.1921e-06
5.6982e-05
9.5367e-07
9.5367e-07
0.0000e+00
2.0981e-05
9.5367e-07
0.0000e+00
3.0994e-05
9.5367e-07
3.0994e-06
0.0000e+00
9.5367e-07
0.0000e+00
2.3127e-05
0.0000e+00
0.0000e+00
2.1935e-05
0.0000e+00
0.0000e+00
2.0981e-05
9.5367e-07
0.0000e+00
2.1219e-05
0.0000e+00
0.0000e+00
2.0981e-05
9.5367e-07
1.7309e-04
9.5367e-07
0.0000e+00
0.0000e+00
2.3127e-05
9.5367e-07
2.1458e-06
0.0000e+00
0.0000e+00
0.0000e+00
2.3127e-05
9.5367e-07
0.0000e+00
2.2173e-05
9.5367e-07
0.0000e+00
2.0981e-05
9.5367e-07
0.0000e+00
2.2173e-05
0.0000e+00
2.2793e-04
0.0000e+00
0.0000e+00
1.4067e-05
9.5367e-07
0.0000e+00
0.0000e+00
2.3127e-05
9.5367e-07
3.0994e-05
1.1921e-06
0.0000e+00
1.9073e-05
9.5367e-07
9.5367e-07
0.0000e+00
3.0041e-05
9.5367e-07
0.0000e+00
2.2173e-05
9.5367e-07
0.0000e+00
2.0981e-05
1.1921e-06
3.8147e-06
1.1921e-06
9.5367e-07
2.9707e-04
0.0000e+00
9.5367e-07
2.1458e-06
0.0000e+00
9.5367e-07
0.0000e+00
2.3127e-05
9.5367e-07
0.0000e+00
2.1935e-05
1.1921e-06
0.0000e+00
2.1935e-05
9.5367e-07
3.1948e-05
0.0000e+00
1.1921e-06
1.0967e-05
0.0000e+00
9.5367e-07
5.6982e-05
9.5367e-07
0.0000e+00
0.0000e+00
2.2888e-05
1.1921e-06
1.7786e-04
0.0000e+00
0.0000e+00
0.0000e+00
2.2888e-05
9.5367e-07
0.0000e+00
2.5034e-05
9.5367e-07
0.0000e+00
2.0981e-05
9.5367e-07
0.0000e+00
2.0981e-05
9.5367e-07
3.9101e-05
0.0000e+00
9.5367e-07
0.0000e+00
3.0041e-05
9.5367e-07
0.0000e+00
2.3127e-05
9.5367e-07
0.0000e+00
2.1935e-05
9.5367e-07
0.0000e+00
2.0981e-05
0.0000e+00
1.9073e-05
0.0000e+00
1.1921e-06
3.1281e-04
0.0000e+00
0.0000e+00
9.5367e-07
0.0000e+00
1.1921e-06
9.5367e-07
9.5367e-07
9.5367e-07
4.4823e-05
0.0000e+00
9.5367e-07
2.2888e-05
0.0000e+00
0.0000e+00
0.0000e+00
2.2888e-05
9.5367e-07
1.8120e-04
0.0000e+00
0.0000e+00
2.1458e-06
9.5367e-07
9.5367e-07
1.5306e-04
9.5367e-07
9.5367e-07
0.0000e+00
2.4080e-05
9.5367e-07
0.0000e+00
2.2173e-05
9.5367e-07
4.9114e-05
0.0000e+00
9.5367e-07
1.4067e-05
0.0000e+00
9.5367e-07
0.0000e+00
2.3127e-05
0.0000e+00
0.0000e+00
2.1935e-05
1.1921e-06
0.0000e+00
2.1935e-05
0.0000e+00
0.0000e+00
3.0994e-05
1.1921e-06
0.0000e+00
2.1935e-05
9.5367e-07
8.1062e-06
9.5367e-07
9.5367e-07
1.5807e-04
0.0000e+00
1.1921e-06
0.0000e+00
2.1935e-05
9.5367e-07
2.1458e-06
9.5367e-07
9.5367e-07
0.0000e+00
2.2173e-05
9.5367e-07
0.0000e+00
2.1935e-05
9.5367e-07
0.0000e+00
2.0981e-05
9.5367e-07
1.9288e-04
0.0000e+00
9.5367e-07
0.0000e+00
2.8133e-05
9.5367e-07
0.0000e+00
2.1935e-05
1.1921e-06
0.0000e+00
2.0981e-05
9.5367e-07
0.0000e+00
2.5034e-05
9.5367e-07
1.4091e-04
9.5367e-07
0.0000e+00
0.0000e+00
2.3127e-05
9.5367e-07
6.6042e-05
9.5367e-07
9.5367e-07
7.8678e-06
9.5367e-07
1.1921e-06
7.7009e-05
0.0000e+00
9.5367e-07
0.0000e+00
2.3127e-05
9.5367e-07
0.0000e+00
2.2173e-05
9.5367e-07
0.0000e+00
2.2888e-05
1.1921e-06
0.0000e+00
2.0981e-05
9.5367e-07
1.0967e-05
0.0000e+00
0.0000e+00
0.0000e+00
2.1935e-05
1.1921e-06
2.1935e-05
0.0000e+00
0.0000e+00
2.3413e-04
0.0000e+00
9.5367e-07
2.1458e-06
0.0000e+00
9.5367e-07
0.0000e+00
2.2173e-05
9.5367e-07
0.0000e+00
2.9087e-05
9.5367e-07
4.0531e-06
9.5367e-07
9.5367e-07
2.0981e-05
0.0000e+00
9.5367e-07
2.7084e-04
0.0000e+00
0.0000e+00
0.0000e+00
2.2888e-05
9.5367e-07
0.0000e+00
2.1935e-05
9.5367e-07
0.0000e+00
2.0981e-05
9.5367e-07
3.6955e-05
0.0000e+00
0.0000e+00
7.4863e-05
0.0000e+00
0.0000e+00
0.0000e+00
2.1935e-05
1.1921e-06
0.0000e+00
2.1935e-05
9.5367e-07
0.0000e+00
2.2888e-05
0.0000e+00
1.9073e-06
0.0000e+00
9.5367e-07
0.0000e+00
2.2173e-05
9.5367e-07
0.0000e+00
2.0981e-05
1.1921e-06
0.0000e+00
2.1935e-05
9.5367e-07
0.0000e+00
2.1935e-05
1.1921e-06
2.7490e-04
0.0000e+00
9.5367e-07
1.9073e-06
9.5367e-07
1.1921e-06
1.3685e-04
0.0000e+00
1.1921e-06
9.5367e-07
0.0000e+00
9.5367e-07
0.0000e+00
2.4080e-05
9.5367e-07
8.7976e-05
9.5367e-07
1.1921e-06
0.0000e+00
2.1935e-05
9.5367e-07
0.0000e+00
2.1935e-05
9.5367e-07
0.0000e+00
2.1935e-05
9.5367e-07
0.0000e+00
2.1935e-05
9.5367e-07
0.0000e+00
2.2173e-05
9.5367e-07
0.0000e+00
2.1935e-05
9.5367e-07
1.7214e-04
0.0000e+00
0.0000e+00
0.0000e+00
2.3127e-05
9.5367e-07
0.0000e+00
2.2173e-05
9.5367e-07
0.0000e+00
2.1935e-05
9.5367e-07
1.5998e-04
0.0000e+00
0.0000e+00
2.1458e-06
0.0000e+00
9.5367e-07
0.0000e+00
2.2888e-05
1.1921e-06
0.0000e+00
2.1935e-05
9.5367e-07
0.0000e+00
2.1935e-05
0.0000e+00
0.0000e+00
2.4080e-05
9.5367e-07
0.0000e+00
2.4080e-05
0.0000e+00
0.0000e+00
2.1935e-05
9.5367e-07
2.6083e-04
0.0000e+00
9.5367e-07
0.0000e+00
2.1935e-05
1.1921e-06
0.0000e+00
2.1935e-05
9.5367e-07
1.5020e-05
0.0000e+00
0.0000e+00
0.0000e+00
2.1935e-05
0.0000e+00
0.0000e+00
2.9087e-05
9.5367e-07
4.5061e-05
0.0000e+00
9.5367e-07
0.0000e+00
2.2888e-05
9.5367e-07
2.1458e-06
9.5367e-07
9.5367e-07
0.0000e+00
2.0981e-05
9.5367e-07
0.0000e+00
2.1935e-05
9.5367e-07
2.4319e-04
0.0000e+00
0.0000e+00
0.0000e+00
2.3127e-05
9.5367e-07
2.6941e-05
9.5367e-07
9.5367e-07
2.1458e-06
0.0000e+00
9.5367e-07
2.1720e-04
0.0000e+00
0.0000e+00
3.0994e-06
0.0000e+00
9.5367e-07
0.0000e+00
2.3127e-05
9.5367e-07
0.0000e+00
2.2173e-05
9.5367e-07
1.7595e-04
9.5367e-07
9.5367e-07
9.5367e-07
0.0000e+00
9.5367e-07
2.4080e-05
9.5367e-07
9.5367e-07
0.0000e+00
2.1935e-05
9.5367e-07
2.1458e-06
9.5367e-07
9.5367e-07
1.7500e-04
0.0000e+00
9.5367e-07
0.0000e+00
2.1935e-05
0.0000e+00
0.0000e+00
2.1935e-05
9.5367e-07
5.0068e-06
9.5367e-07
9.5367e-07
1.6904e-04
0.0000e+00
1.1921e-06
0.0000e+00
2.2888e-05
1.1921e-06
0.0000e+00
2.0981e-05
1.1921e-06
1.9073e-06
0.0000e+00
9.5367e-07
2.6226e-05
0.0000e+00
0.0000e+00
1.9312e-04
0.0000e+00
9.5367e-07
0.0000e+00
2.2888e-05
0.0000e+00
8.4877e-05
9.5367e-07
1.1921e-06
0.0000e+00
2.0981e-05
9.5367e-07
7.1526e-06
0.0000e+00
9.5367e-07
1.6928e-05
0.0000e+00
0.0000e+00
1.6212e-05
9.5367e-07
9.5367e-07
0.0000e+00
2.3127e-05
0.0000e+00
9.5367e-07
0.0000e+00
1.1921e-06
0.0000e+00
2.1935e-05
9.5367e-07
0.0000e+00
2.2173e-05
9.5367e-07
1.0967e-05
0.0000e+00
9.5367e-07
0.0000e+00
2.1935e-05
9.5367e-07
0.0000e+00
2.0981e-05
1.1921e-06
0.0000e+00
2.0981e-05
9.5367e-07
3.8600e-04
0.0000e+00
9.5367e-07
0.0000e+00
2.2173e-05
9.5367e-07
0.0000e+00
2.0981e-05
1.1921e-06
1.9073e-06
9.5367e-07
9.5367e-07
0.0000e+00
2.2173e-05
9.5367e-07
1.7595e-04
0.0000e+00
0.0000e+00
1.9073e-06
9.5367e-07
1.1921e-06
0.0000e+00
2.1935e-05
0.0000e+00
1.2302e-04
0.0000e+00
0.0000e+00
1.5020e-05
0.0000e+00
9.5367e-07
0.0000e+00
2.9087e-05
9.5367e-07
0.0000e+00
2.3127e-05
9.5367e-07
0.0000e+00
2.1935e-05
1.1921e-06
0.0000e+00
2.0981e-05
9.5367e-07
0.0000e+00
2.2173e-05
9.5367e-07
0.0000e+00
2.1935e-05
9.5367e-07
0.0000e+00
2.0981e-05
9.5367e-07
9.2030e-05
9.5367e-07
9.5367e-07
0.0000e+00
2.8133e-05
9.5367e-07
1.3113e-05
0.0000e+00
0.0000e+00
1.7810e-04
0.0000e+00
1.1921e-06
1.1802e-04
0.0000e+00
9.5367e-07
0.0000e+00
2.3127e-05
0.0000e+00
0.0000e+00
2.1935e-05
1.1921e-06
0.0000e+00
2.1935e-05
9.5367e-07
0.0000e+00
2.0981e-05
1.1921e-06
1.1086e-04
9.5367e-07
1.1921e-06
2.8849e-05
0.0000e+00
9.5367e-07
0.0000e+00
2.1935e-05
9.5367e-07
5.0068e-06
0.0000e+00
9.5367e-07
1.9073e-05
0.0000e+00
9.5367e-07
2.1935e-05
0.0000e+00
9.5367e-07
3.0994e-06
0.0000e+00
9.5367e-07
0.0000e+00
2.3127e-05
9.5367e-07
0.0000e+00
2.2173e-05
0.0000e+00
0.0000e+00
2.1935e-05
1.1921e-06
0.0000e+00
2.1935e-05
9.5367e-07
0.0000e+00
2.0981e-05
9.5367e-07
3.7098e-04
0.0000e+00
9.5367e-07
0.0000e+00
2.3127e-05
0.0000e+00
0.0000e+00
2.0981e-05
9.5367e-07
7.7963e-05
0.0000e+00
9.5367e-07
0.0000e+00
2.1935e-05
1.1921e-06
6.5804e-05
1.1921e-06
9.5367e-07
9.5367e-07
0.0000e+00
1.1921e-06
3.0041e-05
0.0000e+00
9.5367e-07
9.5367e-07
0.0000e+00
0.0000e+00
0.0000e+00
2.1935e-05
9.5367e-07
2.5034e-05
9.5367e-07
1.1921e-06
0.0000e+00
2.1935e-05
1.1921e-06
0.0000e+00
2.2888e-05
9.5367e-07
9.5367e-07
0.0000e+00
9.5367e-07
0.0000e+00
2.2173e-05
0.0000e+00
0.0000e+00
2.1935e-05
9.5367e-07
0.0000e+00
2.1935e-05
9.5367e-07
0.0000e+00
2.0981e-05
1.1921e-06
0.0000e+00
2.3127e-05
9.5367e-07
0.0000e+00
2.2173e-05
9.5367e-07
6.5804e-04
9.5367e-07
0.0000e+00
0.0000e+00
2.4080e-05
9.5367e-07
1.1921e-06
0.0000e+00
0.0000e+00
1.9217e-04
0.0000e+00
0.0000e+00
0.0000e+00
2.1935e-05
9.5367e-07
0.0000e+00
2.0981e-05
9.5367e-07
0.0000e+00
2.3127e-05
9.5367e-07
0.0000e+00
2.0981e-05
1.1921e-06
9.5367e-07
0.0000e+00
0.0000e+00
0.0000e+00
3.1948e-05
9.5367e-07
0.0000e+00
2.3127e-05
9.5367e-07
9.2983e-05
0.0000e+00
0.0000e+00
0.0000e+00
2.2888e-05
9.5367e-07
0.0000e+00
2.1935e-05
9.5367e-07
0.0000e+00
2.0981e-05
9.5367e-07
0.0000e+00
2.1935e-05
0.0000e+00
5.3883e-05
9.5367e-07
1.1921e-06
1.6594e-04
0.0000e+00
0.0000e+00
0.0000e+00
2.9802e-05
0.0000e+00
1.9073e-06
9.5367e-07
1.1921e-06
0.0000e+00
2.2888e-05
9.5367e-07
0.0000e+00
2.1935e-05
9.5367e-07
2.6941e-05
0.0000e+00
0.0000e+00
0.0000e+00
2.2888e-05
9.5367e-07
0.0000e+00
2.1935e-05
9.5367e-07
1.8406e-04
0.0000e+00
0.0000e+00
2.1458e-06
0.0000e+00
9.5367e-07
0.0000e+00
2.2173e-05
9.5367e-07
0.0000e+00
2.9087e-05
9.5367e-07
0.0000e+00
2.1935e-05
1.1921e-06
1.5593e-04
0.0000e+00
0.0000e+00
0.0000e+00
2.4796e-05
0.0000e+00
1.2803e-04
0.0000e+00
9.5367e-07
0.0000e+00
2.2173e-05
9.5367e-07
9.5367e-07
0.0000e+00
0.0000e+00
7.0810e-05
1.1921e-06
9.5367e-07
0.0000e+00
2.1935e-05
9.5367e-07
9.5367e-07
0.0000e+00
0.0000e+00
0.0000e+00
2.9087e-05
9.5367e-07
0.0000e+00
2.1935e-05
9.5367e-07
1.0800e-04
9.5367e-07
0.0000e+00
0.0000e+00
2.1935e-05
0.0000e+00
0.0000e+00
2.2173e-05
9.5367e-07
0.0000e+00
2.1935e-05
1.1921e-06
0.0000e+00
2.1935e-05
9.5367e-07
3.0994e-06
0.0000e+00
0.0000e+00
2.2173e-05
0.0000e+00
9.5367e-07
0.0000e+00
2.8133e-05
9.5367e-07
0.0000e+00
2.2173e-05
9.5367e-07
0.0000e+00
2.1935e-05
1.1921e-06
0.0000e+00
2.0981e-05
9.5367e-07
1.6689e-04
0.0000e+00
9.5367e-07
1.3590e-04
0.0000e+00
9.5367e-07
0.0000e+00
2.1935e-05
9.5367e-07
2.8610e-06
0.0000e+00
9.5367e-07
0.0000e+00
2.0981e-05
9.5367e-07
0.0000e+00
2.2173e-05
9.5367e-07
2.0409e-04
0.0000e+00
9.5367e-07
2.1458e-06
9.5367e-07
9.5367e-07
0.0000e+00
2.3127e-05
9.5367e-07
6.7949e-05
1.1921e-06
9.5367e-07
0.0000e+00
2.1935e-05
9.5367e-07
9.5367e-07
0.0000e+00
0.0000e+00
0.0000e+00
2.2173e-05
9.5367e-07
0.0000e+00
2.0981e-05
9.5367e-07
0.0000e+00
2.2173e-05
9.5367e-07
2.7895e-05
1.1921e-06
9.5367e-07
0.0000e+00
2.2173e-05
9.5367e-07
0.0000e+00
2.1935e-05
1.1921e-06
2.0981e-05
0.0000e+00
9.5367e-07
0.0000e+00
2.3127e-05
9.5367e-07
0.0000e+00
2.0981e-05
1.1921e-06
0.0000e+00
2.0981e-05
9.5367e-07
0.0000e+00
2.1935e-05
1.1921e-06
3.6693e-04
9.5367e-07
9.5367e-07
1.9073e-06
0.0000e+00
9.5367e-07
0.0000e+00
2.3127e-05
9.5367e-07
0.0000e+00
2.1935e-05
9.5367e-07
1.9789e-05
0.0000e+00
9.5367e-07
1.0800e-04
0.0000e+00
1.1921e-06
1.9073e-06
9.5367e-07
2.1458e-06
0.0000e+00
2.1935e-05
9.5367e-07
1.1921e-06
0.0000e+00
9.5367e-07
1.9908e-04
0.0000e+00
9.5367e-07
0.0000e+00
2.3127e-05
9.5367e-07
0.0000e+00
2.1935e-05
1.1921e-06
0.0000e+00
2.7895e-05
9.5367e-07
0.0000e+00
2.1935e-05
9.5367e-07
1.1301e-04
0.0000e+00
0.0000e+00
9.5367e-07
0.0000e+00
9.5367e-07
0.0000e+00
2.6226e-05
9.5367e-07
0.0000e+00
2.0981e-05
9.5367e-07
0.0000e+00
2.0981e-05
9.5367e-07
0.0000e+00
2.0981e-05
1.1921e-06
0.0000e+00
2.0981e-05
9.5367e-07
0.0000e+00
2.2888e-05
1.1921e-06
8.8930e-05
9.5367e-07
9.5367e-07
0.0000e+00
2.1935e-05
9.5367e-07
0.0000e+00
2.2173e-05
9.5367e-07
0.0000e+00
2.1935e-05
9.5367e-07
9.5367e-07
0.0000e+00
9.5367e-07
0.0000e+00
2.1935e-05
9.5367e-07
0.0000e+00
2.0981e-05
0.0000e+00
9.5367e-07
0.0000e+00
9.5367e-07
0.0000e+00
2.2888e-05
9.5367e-07
5.7912e-04
9.5367e-07
9.5367e-07
0.0000e+00
2.1935e-05
9.5367e-07
0.0000e+00
2.1935e-05
0.0000e+00
0.0000e+00
2.2173e-05
9.5367e-07
0.0000e+00
2.0981e-05
1.1921e-06
0.0000e+00
2.1935e-05
9.5367e-07
0.0000e+00
2.0981e-05
0.0000e+00
0.0000e+00
2.1935e-05
9.5367e-07
0.0000e+00
2.1935e-05
9.5367e-07
5.6982e-05
0.0000e+00
0.0000e+00
0.0000e+00
2.2173e-05
9.5367e-07
8.7976e-05
9.5367e-07
0.0000e+00
1.5688e-04
9.5367e-07
9.5367e-07
1.3828e-05
1.1921e-06
0.0000e+00
0.0000e+00
2.1935e-05
0.0000e+00
1.0967e-05
9.5367e-07
9.5367e-07
0.0000e+00
2.1935e-05
9.5367e-07
0.0000e+00
2.3127e-05
9.5367e-07
5.0068e-06
9.5367e-07
9.5367e-07
2.0981e-05
0.0000e+00
9.5367e-07
2.7609e-04
0.0000e+00
0.0000e+00
3.0994e-06
0.0000e+00
0.0000e+00
2.1935e-05
1.1921e-06
9.5367e-07
0.0000e+00
2.2888e-05
1.1921e-06
9.5367e-07
0.0000e+00
9.5367e-07
0.0000e+00
2.1935e-05
9.5367e-07
0.0000e+00
2.0981e-05
1.1921e-06
1.9073e-06
0.0000e+00
9.5367e-07
0.0000e+00
3.3140e-05
1.9073e-06
0.0000e+00
2.1935e-05
9.5367e-07
3.2496e-04
0.0000e+00
9.5367e-07
0.0000e+00
2.2173e-05
0.0000e+00
0.0000e+00
2.1935e-05
1.1921e-06
0.0000e+00
2.1935e-05
9.5367e-07
9.9897e-05
0.0000e+00
9.5367e-07
1.9073e-06
0.0000e+00
1.1921e-06
0.0000e+00
2.1935e-05
9.5367e-07
0.0000e+00
3.0994e-05
0.0000e+00
0.0000e+00
2.1935e-05
9.5367e-07
2.1458e-06
0.0000e+00
9.5367e-07
0.0000e+00
2.5034e-05
9.5367e-07
0.0000e+00
2.1935e-05
9.5367e-07
0.0000e+00
2.0981e-05
9.5367e-07
0.0000e+00
2.0981e-05
9.5367e-07
0.0000e+00
2.1935e-05
9.5367e-07
0.0000e+00
2.8849e-05
1.1921e-06
0.0000e+00
2.1935e-05
9.5367e-07
0.0000e+00
2.2173e-05
9.5367e-07
0.0000e+00
2.0981e-05
9.5367e-07
0.0000e+00
2.0981e-05
0.0000e+00
3.1805e-04
0.0000e+00
0.0000e+00
6.1989e-05
1.1921e-06
9.5367e-07
9.5367e-07
0.0000e+00
1.1921e-06
0.0000e+00
2.1935e-05
9.5367e-07
2.1458e-06
9.5367e-07
9.5367e-07
0.0000e+00
2.9087e-05
9.5367e-07
0.0000e+00
2.2173e-05
9.5367e-07
0.0000e+00
2.1935e-05
9.5367e-07
0.0000e+00
2.1935e-05
9.5367e-07
0.0000e+00
2.1935e-05
1.1921e-06
0.0000e+00
2.0981e-05
9.5367e-07
0.0000e+00
2.2173e-05
1.1921e-06
2.7704e-04
0.0000e+00
9.5367e-07
0.0000e+00
3.0994e-05
1.1921e-06
0.0000e+00
2.1935e-05
9.5367e-07
0.0000e+00
2.1219e-05
9.5367e-07
0.0000e+00
2.1935e-05
1.1921e-06
0.0000e+00
2.1935e-05
9.5367e-07
0.0000e+00
2.1935e-05
9.5367e-07
0.0000e+00
2.0981e-05
9.5367e-07
0.0000e+00
2.2173e-05
9.5367e-07
1.0967e-05
0.0000e+00
9.5367e-07
0.0000e+00
2.4080e-05
9.5367e-07
3.8695e-04
0.0000e+00
1.1921e-06
0.0000e+00
2.2888e-05
9.5367e-07
0.0000e+00
2.2173e-05
9.5367e-07
1.9073e-06
1.1921e-06
9.5367e-07
2.2388e-04
1.1921e-06
9.5367e-07
0.0000e+00
2.2888e-05
1.1921e-06
0.0000e+00
2.0981e-05
9.5367e-07
0.0000e+00
3.5048e-05
9.5367e-07
0.0000e+00
2.2173e-05
9.5367e-07
0.0000e+00
2.0981e-05
1.1921e-06
1.9884e-04
0.0000e+00
1.1921e-06
0.0000e+00
2.1935e-05
0.0000e+00
2.1458e-06
0.0000e+00
9.5367e-07
3.0994e-05
0.0000e+00
9.5367e-07
9.5367e-07
0.0000e+00
9.5367e-07
3.2187e-05
0.0000e+00
0.0000e+00
0.0000e+00
2.1935e-05
9.5367e-07
0.0000e+00
2.7895e-05
1.1921e-06
3.8147e-06
1.1921e-06
9.5367e-07
0.0000e+00
2.4080e-05
0.0000e+00
9.5367e-07
0.0000e+00
0.0000e+00
2.1935e-05
0.0000e+00
9.5367e-07
0.0000e+00
2.1935e-05
0.0000e+00
9.5367e-07
0.0000e+00
9.5367e-07
5.6195e-04
0.0000e+00
9.5367e-07
1.5020e-05
0.0000e+00
0.0000e+00
0.0000e+00
2.3127e-05
9.5367e-07
0.0000e+00
2.0981e-05
9.5367e-07
0.0000e+00
3.0041e-05
1.1921e-06
0.0000e+00
2.1935e-05
9.5367e-07
1.7118e-04
9.5367e-07
0.0000e+00
2.1458e-06
0.0000e+00
9.5367e-07
2.2888e-05
0.0000e+00
9.5367e-07
0.0000e+00
2.2888e-05
9.5367e-07
0.0000e+00
2.0981e-05
9.5367e-07
0.0000e+00
2.1935e-05
9.5367e-07
0.0000e+00
2.1935e-05
9.5367e-07
2.0599e-04
0.0000e+00
9.5367e-07
0.0000e+00
2.2888e-05
9.5367e-07
1.6713e-04
0.0000e+00
9.5367e-07
0.0000e+00
2.3127e-05
9.5367e-07
5.0068e-06
9.5367e-07
1.1921e-06
0.0000e+00
2.0981e-05
9.5367e-07
0.0000e+00
2.1935e-05
1.1921e-06
2.5988e-05
0.0000e+00
9.5367e-07
7.1526e-06
0.0000e+00
9.5367e-07
0.0000e+00
2.2173e-05
9.5367e-07
0.0000e+00
2.8133e-05
9.5367e-07
1.2398e-04
0.0000e+00
1.1921e-06
0.0000e+00
2.1935e-05
9.5367e-07
0.0000e+00
2.1935e-05
9.5367e-07
0.0000e+00
2.2173e-05
9.5367e-07
9.0599e-06
0.0000e+00
9.5367e-07
0.0000e+00
2.1935e-05
9.5367e-07
0.0000e+00
2.0981e-05
9.5367e-07
0.0000e+00
2.2173e-05
9.5367e-07
0.0000e+00
2.8133e-05
9.5367e-07
0.0000e+00
2.1935e-05
1.1921e-06
0.0000e+00
2.1935e-05
9.5367e-07
0.0000e+00
2.5034e-05
9.5367e-07
0.0000e+00
2.0981e-05
9.5367e-07
0.0000e+00
2.1935e-05
9.5367e-07
0.0000e+00
2.0981e-05
9.5367e-07
0.0000e+00
2.0981e-05
9.5367e-07
0.0000e+00
2.3127e-05
9.5367e-07
0.0000e+00
2.1935e-05
1.1921e-06
0.0000e+00
2.1935e-05
9.5367e-07
0.0000e+00
2.2173e-05
9.5367e-07
4.8304e-04
9.5367e-07
9.5367e-07
0.0000e+00
2.2888e-05
9.5367e-07
6.8903e-05
0.0000e+00
9.5367e-07
2.5034e-05
0.0000e+00
0.0000e+00
2.0981e-05
0.0000e+00
9.5367e-07
0.0000e+00
3.0041e-05
9.5367e-07
0.0000e+00
2.2888e-05
9.5367e-07
0.0000e+00
2.3127e-05
9.5367e-07
0.0000e+00
2.1935e-05
9.5367e-07
0.0000e+00
2.1935e-05
9.5367e-07
3.7599e-04
1.1921e-06
9.5367e-07
0.0000e+00
2.1935e-05
1.1921e-06
0.0000e+00
2.1935e-05
0.0000e+00
4.0531e-06
0.0000e+00
1.1921e-06
0.0000e+00
2.9802e-05
9.5367e-07
0.0000e+00
2.1935e-05
1.1921e-06
1.9073e-06
0.0000e+00
0.0000e+00
1.1921e-06
9.5367e-07
9.5367e-07
0.0000e+00
2.1935e-05
9.5367e-07
0.0000e+00
2.1935e-05
0.0000e+00
0.0000e+00
2.2173e-05
9.5367e-07
5.1975e-05
9.5367e-07
1.1921e-06
0.0000e+00
2.1935e-05
9.5367e-07
3.4404e-04
9.5367e-07
9.5367e-07
0.0000e+00
2.3127e-05
9.5367e-07
0.0000e+00
2.0981e-05
9.5367e-07
0.0000e+00
2.1935e-05
9.5367e-07
1.5187e-04
0.0000e+00
9.5367e-07
0.0000e+00
3.5048e-05
9.5367e-07
0.0000e+00
2.0981e-05
1.1921e-06
0.0000e+00
2.0981e-05
0.0000e+00
0.0000e+00
2.0981e-05
9.5367e-07
1.2493e-04
0.0000e+00
1.1921e-06
6.1035e-05
0.0000e+00
9.5367e-07
0.0000e+00
2.3127e-05
0.0000e+00
0.0000e+00
2.0981e-05
1.1921e-06
1.0896e-04
0.0000e+00
9.5367e-07
8.5115e-05
0.0000e+00
9.5367e-07
0.0000e+00
2.1935e-05
9.5367e-07
0.0000e+00
2.0981e-05
9.5367e-07
5.9843e-05
0.0000e+00
9.5367e-07
0.0000e+00
2.0981e-05
9.5367e-07
9.7990e-05
0.0000e+00
1.1921e-06
1.3828e-05
1.1921e-06
9.5367e-07
0.0000e+00
2.1935e-05
9.5367e-07
0.0000e+00
2.0981e-05
9.5367e-07
1.3113e-05
0.0000e+00
9.5367e-07
0.0000e+00
2.1935e-05
1.1921e-06
9.5367e-07
0.0000e+00
1.1921e-06
0.0000e+00
2.0981e-05
9.5367e-07
0.0000e+00
2.0981e-05
9.5367e-07
3.6621e-04
0.0000e+00
9.5367e-07
0.0000e+00
2.9087e-05
9.5367e-07
5.1975e-05
0.0000e+00
9.5367e-07
1.7881e-05
0.0000e+00
1.1921e-06
1.1802e-04
9.5367e-07
9.5367e-07
6.3181e-05
9.5367e-07
9.5367e-07
6.6996e-05
9.5367e-07
9.5367e-07
0.0000e+00
2.1935e-05
9.5367e-07
0.0000e+00
2.0981e-05
9.5367e-07
7.3910e-05
0.0000e+00
9.5367e-07
2.2888e-05
1.1921e-06
9.5367e-07
0.0000e+00
2.0981e-05
9.5367e-07
1.0109e-04
0.0000e+00
9.5367e-07
0.0000e+00
2.8849e-05
2.1458e-06
1.9073e-06
9.5367e-07
9.5367e-07
0.0000e+00
2.1219e-05
9.5367e-07
0.0000e+00
2.0981e-05
2.1458e-06
0.0000e+00
2.0981e-05
1.9073e-06
3.0398e-04
0.0000e+00
9.5367e-07
0.0000e+00
2.2173e-05
9.5367e-07
1.0014e-05
0.0000e+00
1.1921e-06
1.6689e-04
0.0000e+00
9.5367e-07
0.0000e+00
2.0981e-05
2.1458e-06
0.0000e+00
2.1935e-05
9.5367e-07
4.0531e-06
9.5367e-07
9.5367e-07
1.3304e-04
0.0000e+00
1.1921e-06
6.2943e-05
0.0000e+00
0.0000e+00
0.0000e+00
2.1935e-05
9.5367e-07
8.0109e-05
0.0000e+00
9.5367e-07
0.0000e+00
2.2173e-05
9.5367e-07
1.5974e-05
0.0000e+00
1.1921e-06
0.0000e+00
2.1935e-05
9.5367e-07
3.6955e-05
0.0000e+00
9.5367e-07
0.0000e+00
2.6941e-05
9.5367e-07
0.0000e+00
2.1219e-05
9.5367e-07
0.0000e+00
2.0027e-05
0.0000e+00
1.5807e-04
0.0000e+00
1.1921e-06
0.0000e+00
2.1935e-05
9.5367e-07
0.0000e+00
2.1219e-05
9.5367e-07
0.0000e+00
2.0981e-05
9.5367e-07
0.0000e+00
2.0981e-05
1.1921e-06
0.0000e+00
2.7895e-05
1.1921e-06
2.0194e-04
9.5367e-07
9.5367e-07
0.0000e+00
2.3127e-05
9.5367e-07
8.9169e-05
0.0000e+00
9.5367e-07
0.0000e+00
2.1935e-05
9.5367e-07
0.0000e+00
2.0981e-05
9.5367e-07
1.6809e-04
0.0000e+00
0.0000e+00
0.0000e+00
2.2173e-05
9.5367e-07
9.0599e-06
9.5367e-07
9.5367e-07
9.5367e-07
0.0000e+00
1.1921e-06
9.5367e-07
0.0000e+00
9.5367e-07
1.1921e-06
0.0000e+00
9.5367e-07
3.1996e-04
1.1921e-06
9.5367e-07
0.0000e+00
2.3127e-05
1.1921e-06
0.0000e+00
2.0981e-05
9.5367e-07
0.0000e+00
2.0981e-05
9.5367e-07
0.0000e+00
2.0981e-05
9.5367e-07
0.0000e+00
2.0027e-05
1.1921e-06
0.0000e+00
2.0027e-05
9.5367e-07
2.0790e-04
1.1921e-06
9.5367e-07
0.0000e+00
2.9087e-05
1.9073e-06
1.9073e-06
1.1921e-06
9.5367e-07
0.0000e+00
2.1935e-05
9.5367e-07
9.6798e-05
0.0000e+00
1.9073e-06
7.7009e-05
9.5367e-07
1.1921e-06
0.0000e+00
2.1935e-05
9.5367e-07
0.0000e+00
2.0981e-05
9.5367e-07
0.0000e+00
2.0981e-05
9.5367e-07
9.4175e-05
9.5367e-07
9.5367e-07
0.0000e+00
2.4080e-05
9.5367e-07
0.0000e+00
2.7180e-05
2.1458e-06
0.0000e+00
2.1935e-05
9.5367e-07
1.1301e-04
0.0000e+00
9.5367e-07
0.0000e+00
2.2173e-05
9.5367e-07
2.6298e-04
9.5367e-07
1.1921e-06
6.9141e-06
9.5367e-07
9.5367e-07
0.0000e+00
2.2888e-05
9.5367e-07
0.0000e+00
3.5048e-05
1.1921e-06
0.0000e+00
2.0981e-05
9.5367e-07
0.0000e+00
2.9087e-05
9.5367e-07
0.0000e+00
2.0981e-05
1.1921e-06
0.0000e+00
2.0981e-05
9.5367e-07
0.0000e+00
2.0981e-05
9.5367e-07
1.2493e-04
0.0000e+00
1.1921e-06
1.5283e-04
1.1921e-06
9.5367e-07
0.0000e+00
2.3127e-05
1.1921e-06
0.0000e+00
2.0981e-05
9.5367e-07
0.0000e+00
2.0981e-05
1.9073e-06
0.0000e+00
2.2173e-05
9.5367e-07
0.0000e+00
2.0981e-05
2.1458e-06
2.0385e-04
0.0000e+00
1.1921e-06
0.0000e+00
2.0981e-05
0.0000e+00
8.0109e-05
9.5367e-07
9.5367e-07
6.1989e-05
0.0000e+00
9.5367e-07
0.0000e+00
2.0981e-05
9.5367e-07
1.3518e-04
0.0000e+00
9.5367e-07
6.2943e-05
1.1921e-06
9.5367e-07
0.0000e+00
2.1935e-05
9.5367e-07
0.0000e+00
2.7895e-05
9.5367e-07
0.0000e+00
2.0981e-05
9.5367e-07
0.0000e+00
2.1935e-05
9.5367e-07
1.9503e-04
9.5367e-07
9.5367e-07
1.9073e-05
9.5367e-07
9.5367e-07
7.7963e-05
9.5367e-07
9.5367e-07
0.0000e+00
2.2173e-05
9.5367e-07
0.0000e+00
2.0027e-05
2.1458e-06
9.7036e-05
0.0000e+00
9.5367e-07
0.0000e+00
2.0981e-05
9.5367e-07
5.0068e-05
0.0000e+00
9.5367e-07
0.0000e+00
2.2173e-05
9.5367e-07
6.2943e-05
0.0000e+00
9.5367e-07
0.0000e+00
2.1935e-05
1.9073e-06
0.0000e+00
2.2173e-05
9.5367e-07
0.0000e+00
2.0981e-05
9.5367e-07
1.1015e-04
9.5367e-07
9.5367e-07
0.0000e+00
2.0981e-05
1.1921e-06
0.0000e+00
2.0981e-05
9.5367e-07
0.0000e+00
2.2173e-05
9.5367e-07
4.6015e-05
0.0000e+00
9.5367e-07
1.7691e-04
0.0000e+00
1.1921e-06
0.0000e+00
2.0981e-05
9.5367e-07
7.7963e-05
0.0000e+00
9.5367e-07
7.3910e-05
9.5367e-07
1.1921e-06
0.0000e+00
2.0981e-05
0.0000e+00
0.0000e+00
2.0981e-05
0.0000e+00
0.0000e+00
2.0981e-05
9.5367e-07
0.0000e+00
2.0981e-05
9.5367e-07
0.0000e+00
2.1935e-05
1.1921e-06
3.1948e-05
0.0000e+00
9.5367e-07
9.5367e-07
0.0000e+00
9.5367e-07
0.0000e+00
2.2173e-05
9.5367e-07
0.0000e+00
2.1935e-05
9.5367e-07
0.0000e+00
2.0981e-05
9.5367e-07
0.0000e+00
2.0981e-05
0.0000e+00
4.0221e-04
9.5367e-07
1.9073e-06
0.0000e+00
2.3127e-05
1.1921e-06
0.0000e+00
2.0981e-05
9.5367e-07
0.0000e+00
2.1935e-05
1.1921e-06
2.0504e-04
9.5367e-07
9.5367e-07
0.0000e+00
2.1935e-05
1.1921e-06
7.9870e-05
0.0000e+00
9.5367e-07
0.0000e+00
2.1935e-05
9.5367e-07
0.0000e+00
2.0981e-05
9.5367e-07
0.0000e+00
2.0981e-05
9.5367e-07
0.0000e+00
2.8133e-05
9.5367e-07
0.0000e+00
2.0981e-05
1.1921e-06
0.0000e+00
2.0027e-05
9.5367e-07
0.0000e+00
2.0981e-05
1.1921e-06
3.0589e-04
0.0000e+00
9.5367e-07
0.0000e+00
2.2888e-05
9.5367e-07
0.0000e+00
2.0981e-05
9.5367e-07
0.0000e+00
2.0981e-05
9.5367e-07
0.0000e+00
2.7895e-05
9.5367e-07
1.2922e-04
0.0000e+00
9.5367e-07
0.0000e+00
2.2173e-05
9.5367e-07
0.0000e+00
2.0981e-05
9.5367e-07
0.0000e+00
2.0981e-05
9.5367e-07
1.1301e-04
9.5367e-07
9.5367e-07
0.0000e+00
2.0981e-05
9.5367e-07
0.0000e+00
2.0981e-05
9.5367e-07
6.1989e-05
9.5367e-07
1.1921e-06
9.5367e-07
0.0000e+00
9.5367e-07
0.0000e+00
3.1948e-05
1.9073e-06
0.0000e+00
2.0981e-05
1.1921e-06
1.9479e-04
0.0000e+00
9.5367e-07
1.6928e-05
0.0000e+00
2.1458e-06
0.0000e+00
2.1935e-05
9.5367e-07
0.0000e+00
2.1219e-05
9.5367e-07
0.0000e+00
2.0981e-05
9.5367e-07
2.1601e-04
0.0000e+00
9.5367e-07
1.1921e-06
0.0000e+00
9.5367e-07
1.2302e-04
0.0000e+00
9.5367e-07
6.6996e-05
9.5367e-07
1.1921e-06
0.0000e+00
2.1935e-05
9.5367e-07
0.0000e+00
2.0981e-05
9.5367e-07
0.0000e+00
2.1935e-05
9.5367e-07
0.0000e+00
2.1219e-05
9.5367e-07
1.2589e-04
0.0000e+00
9.5367e-07
1.3828e-05
1.1921e-06
9.5367e-07
0.0000e+00
2.0981e-05
9.5367e-07
0.0000e+00
2.1219e-05
9.5367e-07
0.0000e+00
2.5988e-05
9.5367e-07
0.0000e+00
2.0981e-05
9.5367e-07
0.0000e+00
2.0981e-05
9.5367e-07
0.0000e+00
2.0981e-05
9.5367e-07
0.0000e+00
2.0981e-05
1.9073e-06
1.3709e-04
0.0000e+00
9.5367e-07
0.0000e+00
2.1935e-05
9.5367e-07
0.0000e+00
2.0981e-05
9.5367e-07
8.8215e-06
0.0000e+00
0.0000e+00
0.0000e+00
2.9087e-05
9.5367e-07
3.1805e-04
9.5367e-07
9.5367e-07
0.0000e+00
2.2173e-05
9.5367e-07
0.0000e+00
2.0981e-05
9.5367e-07
0.0000e+00
2.0981e-05
9.5367e-07
9.3937e-05
0.0000e+00
9.5367e-07
1.9073e-06
0.0000e+00
9.5367e-07
9.0122e-05
9.5367e-07
9.5367e-07
8.6069e-05
0.0000e+00
9.5367e-07
0.0000e+00
2.2888e-05
9.5367e-07
6.1989e-06
0.0000e+00
9.5367e-07
6.9141e-06
0.0000e+00
9.5367e-07
1.2398e-04
0.0000e+00
9.5367e-07
0.0000e+00
2.3127e-05
9.5367e-07
0.0000e+00
2.0981e-05
9.5367e-07
0.0000e+00
2.1219e-05
9.5367e-07
0.0000e+00
2.0981e-05
9.5367e-07
1.0610e-04
0.0000e+00
9.5367e-07
2.1458e-06
0.0000e+00
9.5367e-07
1.4305e-04
0.0000e+00
9.5367e-07
1.9073e-06
0.0000e+00
0.0000e+00
0.0000e+00
3.0994e-05
1.1921e-06
0.0000e+00
2.1935e-05
9.5367e-07
7.9155e-05
9.5367e-07
9.5367e-07
1.0610e-04
0.0000e+00
9.5367e-07
0.0000e+00
2.2173e-05
9.5367e-07
0.0000e+00
2.0027e-05
9.5367e-07
1.2302e-04
0.0000e+00
9.5367e-07
0.0000e+00
2.1935e-05
1.1921e-06
0.0000e+00
2.4796e-05
1.1921e-06
0.0000e+00
2.0027e-05
9.5367e-07
0.0000e+00
2.0981e-05
9.5367e-07
0.0000e+00
2.0981e-05
9.5367e-07
0.0000e+00
2.1219e-05
9.5367e-07
0.0000e+00
2.0981e-05
1.9073e-06
0.0000e+00
2.0981e-05
2.1458e-06
0.0000e+00
2.0981e-05
1.9073e-06
2.1410e-04
9.5367e-07
9.5367e-07
0.0000e+00
2.2173e-05
9.5367e-07
0.0000e+00
2.2173e-05
9.5367e-07
0.0000e+00
2.0027e-05
9.5367e-07
2.1458e-06
0.0000e+00
9.5367e-07
0.0000e+00
2.0981e-05
1.1921e-06
0.0000e+00
2.0981e-05
9.5367e-07
2.2912e-04
0.0000e+00
9.5367e-07
0.0000e+00
2.1935e-05
1.1921e-06
0.0000e+00
2.0981e-05
0.0000e+00
5.0068e-06
0.0000e+00
9.5367e-07
0.0000e+00
2.1935e-05
9.5367e-07
2.7299e-04
9.5367e-07
9.5367e-07
0.0000e+00
2.0981e-05
1.1921e-06
0.0000e+00
2.0027e-05
9.5367e-07
0.0000e+00
2.0981e-05
9.5367e-07
0.0000e+00
2.1219e-05
1.1921e-06
9.2983e-05
0.0000e+00
9.5367e-07
0.0000e+00
2.1935e-05
9.5367e-07
0.0000e+00
2.0027e-05
9.5367e-07
9.1076e-05
0.0000e+00
9.5367e-07
6.3896e-05
1.1921e-06
9.5367e-07
0.0000e+00
2.2888e-05
1.1921e-06
1.1086e-04
1.1921e-06
9.5367e-07
6.6042e-05
0.0000e+00
9.5367e-07
0.0000e+00
2.2173e-05
9.5367e-07
1.0967e-05
0.0000e+00
1.1921e-06
0.0000e+00
2.1935e-05
9.5367e-07
5.9128e-05
0.0000e+00
9.5367e-07
0.0000e+00
2.2173e-05
9.5367e-07
0.0000e+00
2.7895e-05
9.5367e-07
0.0000e+00
2.1935e-05
9.5367e-07
0.0000e+00
2.0981e-05
1.1921e-06
0.0000e+00
2.0981e-05
1.9073e-06
0.0000e+00
2.0981e-05
9.5367e-07
0.0000e+00
2.0981e-05
9.5367e-07
0.0000e+00
2.0981e-05
9.5367e-07
0.0000e+00
2.0981e-05
1.9073e-06
3.2806e-04
0.0000e+00
1.1921e-06
0.0000e+00
2.2888e-05
9.5367e-07
5.6982e-05
0.0000e+00
0.0000e+00
0.0000e+00
2.0981e-05
9.5367e-07
0.0000e+00
2.2173e-05
9.5367e-07
1.7595e-04
0.0000e+00
1.1921e-06
0.0000e+00
2.0981e-05
9.5367e-07
0.0000e+00
2.0981e-05
9.5367e-07
0.0000e+00
2.0981e-05
1.1921e-06
0.0000e+00
2.8849e-05
1.1921e-06
0.0000e+00
2.0981e-05
9.5367e-07
0.0000e+00
2.0027e-05
9.5367e-07
1.9908e-04
0.0000e+00
9.5367e-07
0.0000e+00
2.1935e-05
1.1921e-06
0.0000e+00
2.0981e-05
9.5367e-07
2.0027e-05
9.5367e-07
9.5367e-07
0.0000e+00
2.0981e-05
9.5367e-07
2.4295e-04
9.5367e-07
1.1921e-06
0.0000e+00
2.8849e-05
9.5367e-07
0.0000e+00
2.0981e-05
9.5367e-07
0.0000e+00
2.1219e-05
9.5367e-07
0.0000e+00
2.0027e-05
9.5367e-07
0.0000e+00
2.0981e-05
2.1458e-06
0.0000e+00
2.0027e-05
1.9073e-06
0.0000e+00
2.0981e-05
1.1921e-06
0.0000e+00
2.0981e-05
9.5367e-07
2.7514e-04
0.0000e+00
9.5367e-07
0.0000e+00
2.2173e-05
9.5367e-07
0.0000e+00
2.0027e-05
9.5367e-07
0.0000e+00
2.0981e-05
9.5367e-07
0.0000e+00
2.0981e-05
9.5367e-07
0.0000e+00
2.1219e-05
2.1458e-06
0.0000e+00
2.1935e-05
9.5367e-07
0.0000e+00
2.1219e-05
9.5367e-07
1.7095e-04
0.0000e+00
9.5367e-07
0.0000e+00
2.2173e-05
1.9073e-06
0.0000e+00
2.0981e-05
9.5367e-07
0.0000e+00
2.0981e-05
9.5367e-07
2.1195e-04
0.0000e+00
9.5367e-07
1.2875e-05
0.0000e+00
9.5367e-07
1.4067e-05
0.0000e+00
9.5367e-07
1.4067e-05
2.8610e-06
9.5367e-07
1.9383e-04
1.1921e-06
9.5367e-07
5.9605e-06
9.5367e-07
1.1921e-06
1.7881e-05
0.0000e+00
9.5367e-07
2.1458e-06
0.0000e+00
9.5367e-07
0.0000e+00
3.0994e-05
2.1458e-06
0.0000e+00
2.1935e-05
9.5367e-07
2.1696e-04
0.0000e+00
9.5367e-07
1.0991e-04
0.0000e+00
1.1921e-06
0.0000e+00
2.0981e-05
9.5367e-07
0.0000e+00
2.2173e-05
1.1921e-06
4.1962e-05
0.0000e+00
0.0000e+00
0.0000e+00
2.1935e-05
9.5367e-07
0.0000e+00
2.0981e-05
9.5367e-07
0.0000e+00
2.5988e-05
9.5367e-07
0.0000e+00
2.2173e-05
9.5367e-07
1.9407e-04
0.0000e+00
9.5367e-07
9.5367e-07
9.5367e-07
9.5367e-07
1.3113e-04
0.0000e+00
9.5367e-07
1.3113e-05
0.0000e+00
9.5367e-07
0.0000e+00
2.2173e-05
9.5367e-07
0.0000e+00
2.0981e-05
9.5367e-07
0.0000e+00
2.1219e-05
1.1921e-06
1.2302e-04
9.5367e-07
9.5367e-07
1.1897e-04
0.0000e+00
9.5367e-07
4.0531e-06
9.5367e-07
1.1921e-06
0.0000e+00
2.1935e-05
9.5367e-07
5.6982e-05
0.0000e+00
9.5367e-07
1.2112e-04
0.0000e+00
9.5367e-07
7.0095e-05
0.0000e+00
9.5367e-07
1.6928e-05
9.5367e-07
9.5367e-07
0.0000e+00
2.1219e-05
9.5367e-07
1.1706e-04
9.5367e-07
9.5367e-07
1.3113e-05
0.0000e+00
9.5367e-07
0.0000e+00
2.2173e-05
2.1458e-06
5.6982e-05
0.0000e+00
1.9073e-06
0.0000e+00
2.2173e-05
9.5367e-07
1.3208e-04
5.9605e-06
9.5367e-07
0.0000e+00
2.1935e-05
9.5367e-07
1.0109e-04
9.5367e-07
9.5367e-07
0.0000e+00
2.1935e-05
9.5367e-07
2.5034e-05
0.0000e+00
9.5367e-07
0.0000e+00
2.1935e-05
9.5367e-07
1.6904e-04
0.0000e+00
9.5367e-07
0.0000e+00
2.0981e-05
9.5367e-07
0.0000e+00
2.0981e-05
0.0000e+00
5.9605e-06
0.0000e+00
9.5367e-07
1.9002e-04
0.0000e+00
1.1921e-06
0.0000e+00
2.2888e-05
9.5367e-07
0.0000e+00
2.0981e-05
9.5367e-07
0.0000e+00
2.0981e-05
9.5367e-07
0.0000e+00
2.0981e-05
9.5367e-07
2.1410e-04
0.0000e+00
9.5367e-07
3.6001e-05
0.0000e+00
1.1921e-06
0.0000e+00
2.1935e-05
9.5367e-07
7.4148e-05
0.0000e+00
9.5367e-07
0.0000e+00
2.1935e-05
9.5367e-07
5.7936e-05
9.5367e-07
1.1921e-06
0.0000e+00
2.1935e-05
9.5367e-07
0.0000e+00
2.1219e-05
9.5367e-07
0.0000e+00
2.0981e-05
9.5367e-07
0.0000e+00
2.0981e-05
9.5367e-07
1.2112e-04
9.5367e-07
9.5367e-07
1.3494e-04
0.0000e+00
1.1921e-06
0.0000e+00
2.1935e-05
9.5367e-07
7.7009e-05
9.5367e-07
1.1921e-06
0.0000e+00
2.8849e-05
1.1921e-06
1.0705e-04
0.0000e+00
9.5367e-07
5.1022e-05
9.5367e-07
9.5367e-07
2.4796e-05
0.0000e+00
9.5367e-07
9.5367e-07
0.0000e+00
1.1921e-06
0.0000e+00
2.1935e-05
9.5367e-07
0.0000e+00
2.0981e-05
2.1458e-06
0.0000e+00
2.0981e-05
9.5367e-07
2.1410e-04
0.0000e+00
9.5367e-07
0.0000e+00
2.0981e-05
9.5367e-07
1.2898e-04
0.0000e+00
9.5367e-07
0.0000e+00
2.8133e-05
9.5367e-07
0.0000e+00
2.1219e-05
9.5367e-07
0.0000e+00
2.0027e-05
9.5367e-07
0.0000e+00
2.5034e-05
9.5367e-07
0.0000e+00
2.0981e-05
9.5367e-07
0.0000e+00
2.0981e-05
9.5367e-07
0.0000e+00
2.2173e-05
9.5367e-07
0.0000e+00
2.0027e-05
9.5367e-07
1.2207e-04
0.0000e+00
1.9073e-06
0.0000e+00
2.1935e-05
9.5367e-07
0.0000e+00
2.0981e-05
9.5367e-07
2.6202e-04
0.0000e+00
2.1458e-06
0.0000e+00
2.1935e-05
9.5367e-07
0.0000e+00
2.0981e-05
9.5367e-07
0.0000e+00
2.0981e-05
9.5367e-07
9.4175e-05
9.5367e-07
9.5367e-07
1.4067e-05
9.5367e-07
9.5367e-07
0.0000e+00
2.8133e-05
9.5367e-07
0.0000e+00
2.0981e-05
9.5367e-07
4.3869e-05
0.0000e+00
1.1921e-06
1.3494e-04
9.5367e-07
9.5367e-07
0.0000e+00
2.1935e-05
9.5367e-07
0.0000e+00
2.0981e-05
9.5367e-07
1.5903e-04
0.0000e+00
9.5367e-07
6.6042e-05
0.0000e+00
9.5367e-07
9.5367e-07
9.5367e-07
9.5367e-07
0.0000e+00
2.0981e-05
9.5367e-07
0.0000e+00
2.0981e-05
1.1921e-06
0.0000e+00
2.1935e-05
9.5367e-07
0.0000e+00
2.0981e-05
9.5367e-07
0.0000e+00
2.0027e-05
1.9073e-06
0.0000e+00
2.0981e-05
9.5367e-07
0.0000e+00
2.0981e-05
9.5367e-07
0.0000e+00
2.0981e-05
9.5367e-07
3.2020e-04
0.0000e+00
9.5367e-07
7.2002e-05
0.0000e+00
9.5367e-07
0.0000e+00
2.8849e-05
9.5367e-07
0.0000e+00
2.0981e-05
9.5367e-07
0.0000e+00
2.0981e-05
1.1921e-06
0.0000e+00
2.0981e-05
1.9073e-06
0.0000e+00
2.0981e-05
9.5367e-07
2.3103e-04
9.5367e-07
1.1921e-06
1.5020e-05
0.0000e+00
9.5367e-07
0.0000e+00
2.0981e-05
1.1921e-06
8.2016e-05
0.0000e+00
9.5367e-07
0.0000e+00
2.9087e-05
9.5367e-07
9.8944e-05
9.5367e-07
1.1921e-06
1.2875e-05
0.0000e+00
9.5367e-07
0.0000e+00
2.1935e-05
9.5367e-07
0.0000e+00
2.0981e-05
9.5367e-07
0.0000e+00
2.0027e-05
9.5367e-07
6.6996e-05
9.5367e-07
1.1921e-06
0.0000e+00
2.1935e-05
9.5367e-07
0.0000e+00
2.1219e-05
1.1921e-06
0.0000e+00
3.2902e-05
1.1921e-06
9.9897e-05
9.5367e-07
1.1921e-06
1.7881e-05
0.0000e+00
1.1921e-06
8.8930e-05
0.0000e+00
1.1921e-06
6.6042e-05
0.0000e+00
9.5367e-07
0.0000e+00
2.3127e-05
9.5367e-07
3.0589e-04
0.0000e+00
1.9073e-06
0.0000e+00
2.1935e-05
1.1921e-06
1.1921e-05
9.5367e-07
9.5367e-07
1.1683e-04
0.0000e+00
2.1458e-06
1.4067e-05
9.5367e-07
9.5367e-07
7.4148e-05
0.0000e+00
9.5367e-07
0.0000e+00
2.3127e-05
9.5367e-07
0.0000e+00
2.1935e-05
9.5367e-07
0.0000e+00
2.0981e-05
9.5367e-07
0.0000e+00
2.0981e-05
9.5367e-07
0.0000e+00
2.0981e-05
9.5367e-07
0.0000e+00
2.0981e-05
9.5367e-07
1.7595e-04
0.0000e+00
9.5367e-07
2.0027e-05
9.5367e-07
9.5367e-07
0.0000e+00
2.0981e-05
1.1921e-06
0.0000e+00
2.8849e-05
1.1921e-06
0.0000e+00
2.1935e-05
9.5367e-07
2.0719e-04
0.0000e+00
9.5367e-07
6.6996e-05
9.5367e-07
1.1921e-06
0.0000e+00
2.0981e-05
9.5367e-07
0.0000e+00
2.1219e-05
9.5367e-07
6.9141e-06
9.5367e-07
1.1921e-06
0.0000e+00
2.0981e-05
9.5367e-07
0.0000e+00
2.0981e-05
9.5367e-07
2.2483e-04
0.0000e+00
9.5367e-07
6.8903e-05
0.0000e+00
1.9073e-06
0.0000e+00
2.3127e-05
9.5367e-07
0.0000e+00
2.0981e-05
2.1458e-06
9.3937e-05
0.0000e+00
9.5367e-07
0.0000e+00
2.0981e-05
9.5367e-07
0.0000e+00
2.0981e-05
9.5367e-07
0.0000e+00
2.0027e-05
1.1921e-06
0.0000e+00
2.0981e-05
9.5367e-07
0.0000e+00
2.0027e-05
9.5367e-07
8.4877e-05
0.0000e+00
9.5367e-07
1.8692e-04
9.5367e-07
1.1921e-06
1.0085e-04
0.0000e+00
9.5367e-07
0.0000e+00
2.1935e-05
1.1921e-06
0.0000e+00
2.0981e-05
9.5367e-07
0.0000e+00
2.0981e-05
1.1921e-06
0.0000e+00
2.1935e-05
1.9073e-06
0.0000e+00
2.0981e-05
9.5367e-07
0.0000e+00
2.0981e-05
9.5367e-07
1.7500e-04
0.0000e+00
1.1921e-06
5.6028e-05
9.5367e-07
9.5367e-07
1.4067e-05
9.5367e-07
9.5367e-07
1.4067e-05
9.5367e-07
9.5367e-07
0.0000e+00
2.1935e-05
9.5367e-07
0.0000e+00
2.0981e-05
9.5367e-07
0.0000e+00
2.0981e-05
9.5367e-07
2.6703e-04
0.0000e+00
9.5367e-07
6.1989e-06
0.0000e+00
9.5367e-07
0.0000e+00
2.1935e-05
1.1921e-06
0.0000e+00
2.6941e-05
1.9073e-06
6.3181e-05
0.0000e+00
9.5367e-07
0.0000e+00
2.3127e-05
9.5367e-07
1.0991e-04
1.1921e-06
1.1921e-06
0.0000e+00
2.0981e-05
9.5367e-07
2.1458e-06
9.5367e-07
9.5367e-07
1.6904e-04
0.0000e+00
1.1921e-06
6.3896e-05
0.0000e+00
9.5367e-07
0.0000e+00
2.1935e-05
9.5367e-07
0.0000e+00
2.0981e-05
9.5367e-07
0.0000e+00
2.1935e-05
9.5367e-07
0.0000e+00
2.1935e-05
1.1921e-06
0.0000e+00
2.0981e-05
9.5367e-07
0.0000e+00
2.0981e-05
9.5367e-07
1.9503e-04
0.0000e+00
9.5367e-07
8.2016e-05
0.0000e+00
9.5367e-07
0.0000e+00
2.0981e-05
9.5367e-07
4.9114e-05
9.5367e-07
9.5367e-07
0.0000e+00
2.1935e-05
1.1921e-06
6.9141e-06
0.0000e+00
1.1921e-06
0.0000e+00
2.8849e-05
2.1458e-06
2.5034e-05
0.0000e+00
9.5367e-07
0.0000e+00
2.0981e-05
9.5367e-07
2.5988e-04
0.0000e+00
9.5367e-07
0.0000e+00
2.0981e-05
9.5367e-07
0.0000e+00
2.0981e-05
1.9073e-06
0.0000e+00
2.0981e-05
1.9073e-06
5.3167e-05
0.0000e+00
9.5367e-07
1.1110e-04
0.0000e+00
9.5367e-07
0.0000e+00
2.2173e-05
9.5367e-07
0.0000e+00
2.2173e-05
9.5367e-07
6.5088e-05
9.5367e-07
9.5367e-07
1.4067e-05
9.5367e-07
9.5367e-07
6.9141e-06
0.0000e+00
9.5367e-07
0.0000e+00
2.2173e-05
9.5367e-07
5.6028e-05
0.0000e+00
9.5367e-07
0.0000e+00
2.1219e-05
9.5367e-07
0.0000e+00
2.0981e-05
9.5367e-07
0.0000e+00
1.9789e-05
9.5367e-07
5.1975e-05
0.0000e+00
1.9073e-06
1.3113e-04
0.0000e+00
1.1921e-06
0.0000e+00
2.1935e-05
9.5367e-07
0.0000e+00
2.2173e-05
9.5367e-07
1.2088e-04
1.1921e-06
9.5367e-07
0.0000e+00
2.0981e-05
9.5367e-07
0.0000e+00
2.0981e-05
9.5367e-07
3.0398e-04
0.0000e+00
9.5367e-07
0.0000e+00
2.0981e-05
9.5367e-07
1.7810e-04
0.0000e+00
9.5367e-07
4.0531e-06
0.0000e+00
9.5367e-07
0.0000e+00
2.9087e-05
1.9073e-06
7.1049e-05
0.0000e+00
9.5367e-07
0.0000e+00
2.1935e-05
1.9073e-06
0.0000e+00
2.1935e-05
0.0000e+00
1.0991e-04
9.5367e-07
1.1921e-06
6.1989e-05
0.0000e+00
9.5367e-07
1.1921e-06
0.0000e+00
9.5367e-07
0.0000e+00
2.1935e-05
1.1921e-06
0.0000e+00
2.0981e-05
9.5367e-07
0.0000e+00
2.0981e-05
9.5367e-07
2.0194e-04
0.0000e+00
9.5367e-07
6.4135e-05
9.5367e-07
9.5367e-07
1.1921e-06
0.0000e+00
1.1921e-06
0.0000e+00
2.1935e-05
9.5367e-07
0.0000e+00
2.0981e-05
0.0000e+00
0.0000e+00
2.0981e-05
9.5367e-07
9.9897e-05
0.0000e+00
1.9073e-06
1.1992e-04
0.0000e+00
9.5367e-07
1.5020e-05
0.0000e+00
1.9073e-06
1.5020e-05
0.0000e+00
0.0000e+00
0.0000e+00
2.1935e-05
9.5367e-07
0.0000e+00
3.3140e-05
9.5367e-07
1.0109e-04
9.5367e-07
9.5367e-07
9.0837e-05
9.5367e-07
1.1921e-06
0.0000e+00
2.2888e-05
9.5367e-07
0.0000e+00
2.0981e-05
9.5367e-07
2.6107e-04
9.5367e-07
9.5367e-07
0.0000e+00
2.2173e-05
9.5367e-07
6.3896e-05
1.1921e-06
9.5367e-07
0.0000e+00
2.0981e-05
9.5367e-07
0.0000e+00
2.1219e-05
9.5367e-07
0.0000e+00
2.1219e-05
0.0000e+00
0.0000e+00
2.0981e-05
9.5367e-07
0.0000e+00
2.0027e-05
9.5367e-07
0.0000e+00
1.9789e-05
1.1921e-06
1.8597e-04
9.5367e-07
9.5367e-07
9.5367e-07
0.0000e+00
9.5367e-07
0.0000e+00
2.2173e-05
9.5367e-07
1.9002e-04
0.0000e+00
9.5367e-07
0.0000e+00
2.0981e-05
9.5367e-07
1.0419e-04
9.5367e-07
9.5367e-07
1.3113e-05
0.0000e+00
9.5367e-07
1.5974e-05
0.0000e+00
2.1458e-06
0.0000e+00
2.2888e-05
9.5367e-07
0.0000e+00
2.0981e-05
9.5367e-07
4.5061e-05
9.5367e-07
9.5367e-07
0.0000e+00
2.2173e-05
9.5367e-07
0.0000e+00
2.1935e-05
2.1458e-06
0.0000e+00
2.0981e-05
9.5367e-07
0.0000e+00
2.0027e-05
9.5367e-07
3.4499e-04
0.0000e+00
1.1921e-06
1.3828e-05
9.5367e-07
1.1921e-06
0.0000e+00
2.2888e-05
9.5367e-07
1.5712e-04
0.0000e+00
9.5367e-07
0.0000e+00
2.1219e-05
9.5367e-07
0.0000e+00
2.0981e-05
9.5367e-07
7.0095e-05
9.5367e-07
9.5367e-07
7.0810e-05
0.0000e+00
1.1921e-06
3.6955e-05
9.5367e-07
9.5367e-07
0.0000e+00
2.2173e-05
9.5367e-07
0.0000e+00
2.9087e-05
1.9073e-06
0.0000e+00
2.0981e-05
9.5367e-07
6.9141e-05
9.5367e-07
9.5367e-07
1.1921e-06
0.0000e+00
9.5367e-07
1.6499e-04
0.0000e+00
9.5367e-07
0.0000e+00
2.0981e-05
9.5367e-07
0.0000e+00
2.0981e-05
1.1921e-06
8.8215e-06
0.0000e+00
9.5367e-07
1.9073e-05
0.0000e+00
9.5367e-07
0.0000e+00
2.5034e-05
9.5367e-07
0.0000e+00
2.1219e-05
1.9073e-06
0.0000e+00
2.1935e-05
9.5367e-07
2.3699e-04
0.0000e+00
9.5367e-07
0.0000e+00
2.0981e-05
9.5367e-07
8.6069e-05
0.0000e+00
1.9073e-06
0.0000e+00
2.2173e-05
9.5367e-07
7.8917e-05
0.0000e+00
9.5367e-07
0.0000e+00
2.0981e-05
9.5367e-07
0.0000e+00
2.0981e-05
9.5367e-07
1.6212e-04
0.0000e+00
9.5367e-07
0.0000e+00
2.9087e-05
9.5367e-07
0.0000e+00
2.0981e-05
1.1921e-06
4.2915e-05
0.0000e+00
1.1921e-06
0.0000e+00
2.1935e-05
9.5367e-07
0.0000e+00
2.0027e-05
1.1921e-06
0.0000e+00
2.0981e-05
9.5367e-07
1.4496e-04
0.0000e+00
9.5367e-07
7.4863e-05
0.0000e+00
9.5367e-07
0.0000e+00
2.2888e-05
1.1921e-06
0.0000e+00
2.7895e-05
1.1921e-06
1.7285e-04
1.1921e-06
9.5367e-07
0.0000e+00
2.1935e-05
2.1458e-06
0.0000e+00
2.0981e-05
9.5367e-07
0.0000e+00
2.0981e-05
1.9073e-06
0.0000e+00
2.0981e-05
9.5367e-07
0.0000e+00
2.1935e-05
1.1921e-06
0.0000e+00
2.0027e-05
1.9073e-06
1.9598e-04
9.5367e-07
9.5367e-07
0.0000e+00
2.8849e-05
2.1458e-06
6.1989e-05
0.0000e+00
1.9073e-06
0.0000e+00
2.1935e-05
9.5367e-07
0.0000e+00
2.3127e-05
9.5367e-07
0.0000e+00
2.0027e-05
9.5367e-07
0.0000e+00
2.2173e-05
9.5367e-07
0.0000e+00
2.0981e-05
9.5367e-07
4.3154e-05
0.0000e+00
9.5367e-07
0.0000e+00
2.2173e-05
9.5367e-07
8.1062e-05
9.5367e-07
9.5367e-07
0.0000e+00
2.1935e-05
9.5367e-07
0.0000e+00
2.1219e-05
1.1921e-06
1.2302e-04
0.0000e+00
9.5367e-07
5.0068e-05
0.0000e+00
2.1458e-06
0.0000e+00
2.0981e-05
9.5367e-07
0.0000e+00
2.1935e-05
9.5367e-07
0.0000e+00
2.0027e-05
9.5367e-07
0.0000e+00
2.0981e-05
9.5367e-07
0.0000e+00
2.1935e-05
9.5367e-07
0.0000e+00
2.0981e-05
9.5367e-07
4.0889e-04
0.0000e+00
1.9073e-06
0.0000e+00
2.1935e-05
1.1921e-06
0.0000e+00
2.0981e-05
9.5367e-07
0.0000e+00
2.0981e-05
1.1921e-06
2.8586e-04
0.0000e+00
9.5367e-07
9.5367e-07
0.0000e+00
9.5367e-07
0.0000e+00
2.1935e-05
9.5367e-07
1.1396e-04
0.0000e+00
9.5367e-07
0.0000e+00
2.2173e-05
9.5367e-07
9.0599e-06
0.0000e+00
9.5367e-07
0.0000e+00
2.0981e-05
1.1921e-06
2.2888e-04
0.0000e+00
9.5367e-07
0.0000e+00
2.4080e-05
9.5367e-07
1.9073e-06
0.0000e+00
1.1921e-06
0.0000e+00
2.1935e-05
9.5367e-07
0.0000e+00
2.0981e-05
1.1921e-06
0.0000e+00
2.0981e-05
9.5367e-07
2.2602e-04
0.0000e+00
9.5367e-07
0.0000e+00
2.1935e-05
1.1921e-06
0.0000e+00
2.0981e-05
9.5367e-07
0.0000e+00
2.1219e-05
9.5367e-07
0.0000e+00
2.0981e-05
9.5367e-07
0.0000e+00
1.9789e-05
9.5367e-07
0.0000e+00
2.0027e-05
9.5367e-07
3.4904e-04
0.0000e+00
9.5367e-07
0.0000e+00
2.6941e-05
9.5367e-07
0.0000e+00
2.1219e-05
3.0994e-06
5.4121e-05
0.0000e+00
9.5367e-07
0.0000e+00
2.1935e-05
9.5367e-07
0.0000e+00
2.0981e-05
9.5367e-07
6.9141e-05
9.5367e-07
9.5367e-07
0.0000e+00
2.2173e-05
2.8610e-06
4.4107e-05
0.0000e+00
9.5367e-07
1.4496e-04
0.0000e+00
9.5367e-07
9.5367e-07
0.0000e+00
9.5367e-07
9.5367e-07
9.5367e-07
9.5367e-07
0.0000e+00
2.1935e-05
1.1921e-06
0.0000e+00
2.0981e-05
9.5367e-07
0.0000e+00
2.0981e-05
9.5367e-07
2.0599e-04
1.1921e-06
9.5367e-07
7.8917e-05
9.5367e-07
1.1921e-06
0.0000e+00
2.1935e-05
9.5367e-07
0.0000e+00
2.1219e-05
9.5367e-07
1.1706e-04
0.0000e+00
9.5367e-07
9.2983e-05
0.0000e+00
9.5367e-07
0.0000e+00
2.2888e-05
2.1458e-06
0.0000e+00
2.1935e-05
9.5367e-07
0.0000e+00
1.9789e-05
2.1458e-06
0.0000e+00
2.0981e-05
9.5367e-07
0.0000e+00
2.0027e-05
9.5367e-07
2.4295e-04
9.5367e-07
9.5367e-07
0.0000e+00
2.2173e-05
9.5367e-07
0.0000e+00
2.0981e-05
9.5367e-07
0.0000e+00
2.0981e-05
9.5367e-07
5.5075e-05
0.0000e+00
9.5367e-07
1.2493e-04
9.5367e-07
9.5367e-07
0.0000e+00
2.2173e-05
9.5367e-07
0.0000e+00
2.0981e-05
1.1921e-06
5.6028e-05
9.5367e-07
9.5367e-07
0.0000e+00
2.1935e-05
9.5367e-07
0.0000e+00
2.0027e-05
9.5367e-07
0.0000e+00
2.0981e-05
1.1921e-06
0.0000e+00
2.0981e-05
9.5367e-07
2.8801e-04
0.0000e+00
9.5367e-07
9.5367e-07
9.5367e-07
9.5367e-07
7.7963e-05
0.0000e+00
9.5367e-07
0.0000e+00
2.2888e-05
1.1921e-06
0.0000e+00
2.0981e-05
9.5367e-07
0.0000e+00
2.1219e-05
9.5367e-07
0.0000e+00
2.0981e-05
9.5367e-07
0.0000e+00
2.0981e-05
9.5367e-07
1.4591e-04
0.0000e+00
1.1921e-06
0.0000e+00
2.7895e-05
1.1921e-06
6.6042e-05
0.0000e+00
9.5367e-07
0.0000e+00
2.2173e-05
9.5367e-07
0.0000e+00
2.0981e-05
9.5367e-07
1.1921e-06
0.0000e+00
9.5367e-07
1.4496e-04
9.5367e-07
1.1921e-06
6.9857e-05
1.1921e-06
9.5367e-07
0.0000e+00
2.1935e-05
9.5367e-07
0.0000e+00
2.0981e-05
9.5367e-07
4.1962e-05
0.0000e+00
1.1921e-06
9.7990e-05
0.0000e+00
9.5367e-07
0.0000e+00
2.9802e-05
2.1458e-06
0.0000e+00
2.0981e-05
9.5367e-07
0.0000e+00
2.0981e-05
1.1921e-06
1.3995e-04
0.0000e+00
9.5367e-07
2.1458e-06
0.0000e+00
9.5367e-07
0.0000e+00
2.1935e-05
1.1921e-06
2.3985e-04
0.0000e+00
9.5367e-07
5.9605e-06
0.0000e+00
1.1921e-06
0.0000e+00
2.0981e-05
9.5367e-07
0.0000e+00
2.0981e-05
9.5367e-07
0.0000e+00
2.1935e-05
9.5367e-07
0.0000e+00
2.0981e-05
9.5367e-07
4.4107e-05
0.0000e+00
9.5367e-07
2.1100e-04
0.0000e+00
9.5367e-07
5.0068e-06
0.0000e+00
9.5367e-07
1.5020e-05
0.0000e+00
2.1458e-06
3.0041e-05
9.5367e-07
9.5367e-07
0.0000e+00
2.2173e-05
1.1921e-06
0.0000e+00
2.0981e-05
9.5367e-07
1.1921e-06
0.0000e+00
9.5367e-07
3.2496e-04
9.5367e-07
1.1921e-06
2.8610e-06
0.0000e+00
9.5367e-07
0.0000e+00
2.2173e-05
9.5367e-07
0.0000e+00
2.1935e-05
1.1921e-06
0.0000e+00
2.0981e-05
9.5367e-07
1.6999e-04
1.1921e-06
9.5367e-07
9.5367e-07
0.0000e+00
1.1921e-06
2.8610e-06
0.0000e+00
1.1921e-06
0.0000e+00
2.1935e-05
9.5367e-07
1.7619e-04
9.5367e-07
9.5367e-07
0.0000e+00
2.0981e-05
9.5367e-07
8.5115e-05
9.5367e-07
9.5367e-07
0.0000e+00
2.1935e-05
0.0000e+00
0.0000e+00
2.2173e-05
9.5367e-07
0.0000e+00
2.0981e-05
9.5367e-07
1.3900e-04
1.1921e-06
9.5367e-07
0.0000e+00
2.0981e-05
9.5367e-07
0.0000e+00
2.0981e-05
9.5367e-07
0.0000e+00
2.0981e-05
9.5367e-07
0.0000e+00
2.1219e-05
9.5367e-07
0.0000e+00
2.1935e-05
9.5367e-07
0.0000e+00
1.3399e-04
9.5367e-07
1.3113e-05
0.0000e+00
9.5367e-07
3.1710e-04
0.0000e+00
1.1921e-06
0.0000e+00
2.1935e-05
0.0000e+00
0.0000e+00
2.0981e-05
9.5367e-07
0.0000e+00
2.0981e-05
9.5367e-07
0.0000e+00
2.1219e-05
1.1921e-06
0.0000e+00
2.0981e-05
2.1458e-06
0.0000e+00
2.1935e-05
1.1921e-06
0.0000e+00
2.0981e-05
9.5367e-07
2.0695e-04
0.0000e+00
9.5367e-07
1.9073e-06
0.0000e+00
9.5367e-07
0.0000e+00
2.2173e-05
9.5367e-07
0.0000e+00
2.0981e-05
1.1921e-06
0.0000e+00
2.0981e-05
9.5367e-07
0.0000e+00
2.0981e-05
9.5367e-07
0.0000e+00
2.7895e-05
9.5367e-07
0.0000e+00
2.0981e-05
1.9073e-06
0.0000e+00
2.1935e-05
9.5367e-07
0.0000e+00
2.0981e-05
9.5367e-07
0.0000e+00
2.0981e-05
9.5367e-07
0.0000e+00
2.0981e-05
1.9073e-06
0.0000e+00
2.0981e-05
9.5367e-07
0.0000e+00
2.4080e-05
1.9073e-06
0.0000e+00
2.1935e-05
2.1458e-06
0.0000e+00
2.1935e-05
9.5367e-07
4.4703e-04
0.0000e+00
9.5367e-07
8.8215e-06
0.0000e+00
9.5367e-07
1.2302e-04
9.5367e-07
9.5367e-07
1.9073e-06
0.0000e+00
9.5367e-07
0.0000e+00
2.1935e-05
1.9073e-06
1.8620e-04
0.0000e+00
9.5367e-07
0.0000e+00
2.0981e-05
2.1458e-06
7.7009e-05
9.5367e-07
9.5367e-07
0.0000e+00
3.0041e-05
1.9073e-06
7.2956e-05
0.0000e+00
9.5367e-07
0.0000e+00
2.2888e-05
9.5367e-07
0.0000e+00
2.0981e-05
9.5367e-07
0.0000e+00
2.0981e-05
9.5367e-07
0.0000e+00
2.1219e-05
9.5367e-07
0.0000e+00
2.0981e-05
9.5367e-07
8.4162e-05
0.0000e+00
1.9073e-06
2.3913e-04
9.5367e-07
9.5367e-07
0.0000e+00
2.7895e-05
9.5367e-07
6.2943e-05
9.5367e-07
1.1921e-06
0.0000e+00
2.1935e-05
9.5367e-07
2.0027e-05
0.0000e+00
9.5367e-07
0.0000e+00
2.0981e-05
9.5367e-07
0.0000e+00
2.0981e-05
9.5367e-07
0.0000e+00
2.0981e-05
1.9073e-06
0.0000e+00
2.0981e-05
1.1921e-06
2.8586e-04
0.0000e+00
9.5367e-07
5.9605e-06
9.5367e-07
0.0000e+00
0.0000e+00
3.0041e-05
1.9073e-06
1.1587e-04
0.0000e+00
9.5367e-07
9.5367e-07
9.5367e-07
1.1921e-06
0.0000e+00
2.0981e-05
9.5367e-07
0.0000e+00
2.1935e-05
1.1921e-06
1.3685e-04
0.0000e+00
9.5367e-07
0.0000e+00
2.1935e-05
9.5367e-07
0.0000e+00
2.0981e-05
9.5367e-07
0.0000e+00
2.0981e-05
1.1921e-06
0.0000e+00
2.7895e-05
9.5367e-07
8.5115e-05
0.0000e+00
9.5367e-07
0.0000e+00
2.0981e-05
9.5367e-07
0.0000e+00
2.0027e-05
9.5367e-07
2.0814e-04
0.0000e+00
9.5367e-07
5.9605e-06
9.5367e-07
9.5367e-07
7.3195e-05
0.0000e+00
9.5367e-07
0.0000e+00
2.1935e-05
9.5367e-07
0.0000e+00
2.0981e-05
9.5367e-07
0.0000e+00
2.0981e-05
9.5367e-07
0.0000e+00
2.0981e-05
1.1921e-06
7.8917e-05
0.0000e+00
1.1921e-06
3.0994e-05
0.0000e+00
9.5367e-07
0.0000e+00
2.2173e-05
9.5367e-07
0.0000e+00
2.0981e-05
9.5367e-07
4.7922e-05
1.1921e-06
9.5367e-07
0.0000e+00
2.1935e-05
9.5367e-07
9.5367e-07
0.0000e+00
9.5367e-07
2.7919e-04
0.0000e+00
9.5367e-07
0.0000e+00
2.0981e-05
1.1921e-06
8.6069e-05
0.0000e+00
9.5367e-07
0.0000e+00
2.1935e-05
1.1921e-06
1.9073e-06
0.0000e+00
1.1921e-06
0.0000e+00
2.0981e-05
9.5367e-07
0.0000e+00
2.0027e-05
1.1921e-06
0.0000e+00
2.0981e-05
9.5367e-07
1.8311e-04
9.5367e-07
9.5367e-07
0.0000e+00
2.1219e-05
9.5367e-07
0.0000e+00
2.0981e-05
9.5367e-07
8.8215e-06
9.5367e-07
9.5367e-07
0.0000e+00
2.1935e-05
9.5367e-07
0.0000e+00
2.0981e-05
9.5367e-07
7.8201e-05
0.0000e+00
9.5367e-07
0.0000e+00
2.1935e-05
2.1458e-06
9.0599e-06
0.0000e+00
9.5367e-07
2.5988e-04
0.0000e+00
9.5367e-07
1.9073e-06
0.0000e+00
1.1921e-06
6.8903e-05
0.0000e+00
0.0000e+00
0.0000e+00
2.1219e-05
9.5367e-07
1.1897e-04
0.0000e+00
1.1921e-06
0.0000e+00
2.0981e-05
1.1921e-06
1.1992e-04
0.0000e+00
9.5367e-07
0.0000e+00
2.1935e-05
9.5367e-07
0.0000e+00
2.0981e-05
0.0000e+00
0.0000e+00
3.5048e-05
9.5367e-07
3.8862e-05
0.0000e+00
9.5367e-07
8.1062e-06
0.0000e+00
9.5367e-07
0.0000e+00
2.3127e-05
9.5367e-07
0.0000e+00
2.1935e-05
2.1458e-06
3.1090e-04
0.0000e+00
1.1921e-06
0.0000e+00
2.9802e-05
2.1458e-06
0.0000e+00
2.1935e-05
9.5367e-07
0.0000e+00
2.0981e-05
1.1921e-06
1.4400e-04
0.0000e+00
9.5367e-07
0.0000e+00
2.1935e-05
9.5367e-07
0.0000e+00
2.0981e-05
0.0000e+00
0.0000e+00
2.0981e-05
9.5367e-07
0.0000e+00
2.0027e-05
1.1921e-06
1.5998e-04
9.5367e-07
2.1458e-06
1.9073e-06
9.5367e-07
9.5367e-07
6.9141e-05
0.0000e+00
9.5367e-07
6.5088e-05
0.0000e+00
9.5367e-07
9.5367e-07
9.5367e-07
9.5367e-07
7.8201e-05
0.0000e+00
9.5367e-07
0.0000e+00
2.3127e-05
9.5367e-07
2.6202e-04
0.0000e+00
9.5367e-07
1.1921e-06
0.0000e+00
9.5367e-07
0.0000e+00
2.1935e-05
1.1921e-06
8.4877e-05
0.0000e+00
9.5367e-07
0.0000e+00
2.0981e-05
9.5367e-07
0.0000e+00
2.0981e-05
9.5367e-07
0.0000e+00
2.2173e-05
9.5367e-07
2.0504e-04
9.5367e-07
9.5367e-07
0.0000e+00
2.2173e-05
9.5367e-07
0.0000e+00
2.0981e-05
1.1921e-06
0.0000e+00
2.0981e-05
9.5367e-07
1.9789e-04
1.1921e-06
9.5367e-07
0.0000e+00
2.1935e-05
9.5367e-07
0.0000e+00
2.0981e-05
9.5367e-07
6.1989e-05
9.5367e-07
9.5367e-07
0.0000e+00
2.3127e-05
1.1921e-06
1.3995e-04
0.0000e+00
9.5367e-07
5.9605e-06
9.5367e-07
9.5367e-07
0.0000e+00
2.0981e-05
9.5367e-07
0.0000e+00
2.0981e-05
9.5367e-07
0.0000e+00
2.0981e-05
9.5367e-07
0.0000e+00
2.1219e-05
9.5367e-07
1.3590e-04
0.0000e+00
1.1921e-06
0.0000e+00
2.1935e-05
1.1921e-06
0.0000e+00
2.1935e-05
1.1921e-06
0.0000e+00
2.0981e-05
9.5367e-07
9.4891e-05
0.0000e+00
9.5367e-07
0.0000e+00
2.3127e-05
1.9073e-06
0.0000e+00
2.0981e-05
9.5367e-07
1.8501e-04
0.0000e+00
1.1921e-06
1.1396e-04
0.0000e+00
1.1921e-06
0.0000e+00
2.1935e-05
9.5367e-07
0.0000e+00
2.0981e-05
1.1921e-06
1.0991e-04
0.0000e+00
9.5367e-07
0.0000e+00
2.1935e-05
1.1921e-06
0.0000e+00
2.3842e-05
9.5367e-07
0.0000e+00
2.0981e-05
9.5367e-07
1.4615e-04
9.5367e-07
9.5367e-07
1.1921e-06
9.5367e-07
9.5367e-07
0.0000e+00
2.0981e-05
9.5367e-07
1.5593e-04
0.0000e+00
9.5367e-07
6.3181e-05
0.0000e+00
1.9073e-06
0.0000e+00
2.1935e-05
1.1921e-06
7.4863e-05
0.0000e+00
1.1921e-06
0.0000e+00
2.1935e-05
9.5367e-07
1.6809e-04
9.5367e-07
9.5367e-07
0.0000e+00
2.0981e-05
9.5367e-07
0.0000e+00
2.0981e-05
2.1458e-06
9.5367e-07
0.0000e+00
9.5367e-07
1.2708e-04
0.0000e+00
9.5367e-07
0.0000e+00
2.1935e-05
9.5367e-07
0.0000e+00
2.1219e-05
1.1921e-06
1.6093e-04
0.0000e+00
1.1921e-06
1.6928e-05
0.0000e+00
1.1921e-06
0.0000e+00
2.8849e-05
1.1921e-06
0.0000e+00
2.0981e-05
9.5367e-07
0.0000e+00
2.0981e-05
9.5367e-07
8.2970e-05
0.0000e+00
1.9073e-06
7.7963e-05
0.0000e+00
9.5367e-07
9.5367e-07
0.0000e+00
1.1921e-06
1.9503e-04
0.0000e+00
9.5367e-07
0.0000e+00
2.0981e-05
9.5367e-07
0.0000e+00
3.4094e-05
9.5367e-07
0.0000e+00
2.1935e-05
9.5367e-07
1.8597e-04
0.0000e+00
9.5367e-07
9.5367e-07
0.0000e+00
1.1921e-06
0.0000e+00
2.3842e-05
9.5367e-07
0.0000e+00
2.1935e-05
9.5367e-07
2.3603e-04
9.5367e-07
1.1921e-06
0.0000e+00
2.1935e-05
9.5367e-07
0.0000e+00
2.0027e-05
1.1921e-06
0.0000e+00
2.0981e-05
9.5367e-07
1.7309e-04
0.0000e+00
9.5367e-07
5.9605e-06
0.0000e+00
9.5367e-07
0.0000e+00
2.3127e-05
9.5367e-07
1.0490e-04
0.0000e+00
9.5367e-07
0.0000e+00
2.0981e-05
9.5367e-07
0.0000e+00
2.1219e-05
1.9073e-06
5.7936e-05
0.0000e+00
1.1921e-06
0.0000e+00
2.0981e-05
9.5367e-07
1.1802e-04
9.5367e-07
9.5367e-07
0.0000e+00
2.1935e-05
1.9073e-06
5.6982e-05
1.1921e-06
9.5367e-07
1.2875e-05
0.0000e+00
0.0000e+00
0.0000e+00
2.9087e-05
9.5367e-07
1.1992e-04
0.0000e+00
1.1921e-06
0.0000e+00
2.0981e-05
0.0000e+00
1.0800e-04
1.1921e-06
1.1921e-06
0.0000e+00
2.0981e-05
0.0000e+00
0.0000e+00
2.0981e-05
0.0000e+00
0.0000e+00
2.0981e-05
9.5367e-07
0.0000e+00
2.0027e-05
9.5367e-07
0.0000e+00
2.0981e-05
9.5367e-07
9.1076e-05
9.5367e-07
9.5367e-07
0.0000e+00
2.2173e-05
9.5367e-07
1.6594e-04
0.0000e+00
9.5367e-07
1.3828e-05
0.0000e+00
9.5367e-07
0.0000e+00
2.0981e-05
9.5367e-07
8.1062e-06
2.1458e-06
9.5367e-07
9.5367e-07
1.1921e-06
1.1921e-06
0.0000e+00
2.0981e-05
9.5367e-07
0.0000e+00
1.9789e-05
9.5367e-07
0.0000e+00
2.0981e-05
1.1921e-06
0.0000e+00
2.1935e-05
9.5367e-07
0.0000e+00
2.0981e-05
9.5367e-07
0.0000e+00
2.0981e-05
9.5367e-07
0.0000e+00
2.0981e-05
9.5367e-07
4.4489e-04
9.5367e-07
1.1921e-06
0.0000e+00
2.0981e-05
1.9073e-06
0.0000e+00
2.0981e-05
9.5367e-07
7.2002e-05
0.0000e+00
9.5367e-07
0.0000e+00
2.8133e-05
9.5367e-07
1.0204e-04
0.0000e+00
9.5367e-07
7.7009e-05
9.5367e-07
1.1921e-06
0.0000e+00
2.2888e-05
9.5367e-07
0.0000e+00
2.0981e-05
1.9073e-06
0.0000e+00
2.1935e-05
1.1921e-06
0.0000e+00
2.0981e-05
9.5367e-07
0.0000e+00
2.0981e-05
9.5367e-07
0.0000e+00
2.0981e-05
9.5367e-07
2.0313e-04
9.5367e-07
9.5367e-07
0.0000e+00
2.1935e-05
1.9073e-06
4.9829e-05
1.1921e-06
9.5367e-07
1.6928e-05
0.0000e+00
1.1921e-06
0.0000e+00
2.1935e-05
9.5367e-07
0.0000e+00
2.0981e-05
9.5367e-07
0.0000e+00
2.0981e-05
9.5367e-07
0.0000e+00
2.0981e-05
2.1458e-06
2.0981e-04
1.1921e-06
9.5367e-07
1.9789e-04
0.0000e+00
9.5367e-07
0.0000e+00
2.9087e-05
9.5367e-07
8.1062e-06
0.0000e+00
9.5367e-07
0.0000e+00
2.0981e-05
0.0000e+00
0.0000e+00
2.0981e-05
9.5367e-07
2.0981e-05
0.0000e+00
1.9073e-06
1.4901e-04
9.5367e-07
9.5367e-07
0.0000e+00
2.2173e-05
9.5367e-07
4.1962e-05
0.0000e+00
9.5367e-07
0.0000e+00
2.1935e-05
9.5367e-07
1.3113e-04
9.5367e-07
9.5367e-07
0.0000e+00
2.7180e-05
9.5367e-07
0.0000e+00
2.2173e-05
1.1921e-06
0.0000e+00
2.0027e-05
9.5367e-07
0.0000e+00
2.0981e-05
1.1921e-06
0.0000e+00
2.0981e-05
9.5367e-07
2.3508e-04
0.0000e+00
9.5367e-07
0.0000e+00
2.1935e-05
9.5367e-07
0.0000e+00
2.0981e-05
2.1458e-06
0.0000e+00
2.8849e-05
2.1458e-06
0.0000e+00
2.1935e-05
9.5367e-07
0.0000e+00
2.2173e-05
1.9073e-06
0.0000e+00
2.0981e-05
9.5367e-07
0.0000e+00
2.0981e-05
9.5367e-07
0.0000e+00
2.0981e-05
1.9073e-06
0.0000e+00
2.1219e-05
1.1921e-06
0.0000e+00
2.0981e-05
1.1921e-06
3.7193e-04
0.0000e+00
9.5367e-07
1.7023e-04
0.0000e+00
9.5367e-07
0.0000e+00
2.1935e-05
9.5367e-07
0.0000e+00
2.0027e-05
3.0994e-06
1.0681e-04
0.0000e+00
9.5367e-07
0.0000e+00
2.1935e-05
1.1921e-06
0.0000e+00
2.0981e-05
9.5367e-07
0.0000e+00
2.0981e-05
9.5367e-07
0.0000e+00
1.9789e-05
9.5367e-07
4.6015e-05
9.5367e-07
1.1921e-06
1.1492e-04
0.0000e+00
9.5367e-07
0.0000e+00
2.1935e-05
9.5367e-07
0.0000e+00
2.0981e-05
1.1921e-06
8.2016e-05
0.0000e+00
9.5367e-07
0.0000e+00
2.1935e-05
1.1921e-06
0.0000e+00
2.0027e-05
9.5367e-07
1.5807e-04
0.0000e+00
9.5367e-07
9.5367e-07
0.0000e+00
9.5367e-07
0.0000e+00
2.0981e-05
9.5367e-07
0.0000e+00
2.8133e-05
9.5367e-07
0.0000e+00
2.0981e-05
9.5367e-07
9.9897e-05
0.0000e+00
1.1921e-06
0.0000e+00
2.0981e-05
9.5367e-07
0.0000e+00
2.0027e-05
9.5367e-07
8.2016e-05
0.0000e+00
9.5367e-07
1.6308e-04
9.5367e-07
9.5367e-07
4.1962e-05
0.0000e+00
1.1921e-06
0.0000e+00
2.1935e-05
9.5367e-07
8.6069e-05
0.0000e+00
1.1921e-06
0.0000e+00
2.7895e-05
2.1458e-06
0.0000e+00
2.1935e-05
9.5367e-07
5.0068e-05
0.0000e+00
9.5367e-07
0.0000e+00
2.1219e-05
1.1921e-06
0.0000e+00
2.0981e-05
9.5367e-07
2.4009e-04
0.0000e+00
9.5367e-07
0.0000e+00
2.0981e-05
9.5367e-07
0.0000e+00
2.0981e-05
9.5367e-07
0.0000e+00
2.0981e-05
9.5367e-07
0.0000e+00
2.7895e-05
2.1458e-06
0.0000e+00
2.0981e-05
9.5367e-07
0.0000e+00
2.5034e-05
9.5367e-07
0.0000e+00
2.1219e-05
9.5367e-07
0.0000e+00
2.0027e-05
9.5367e-07
9.2030e-05
0.0000e+00
1.1921e-06
1.1587e-04
0.0000e+00
9.5367e-07
6.6042e-05
9.5367e-07
9.5367e-07
1.4067e-05
0.0000e+00
2.1458e-06
0.0000e+00
2.1935e-05
1.1921e-06
4.8876e-05
0.0000e+00
9.5367e-07
2.2483e-04
0.0000e+00
9.5367e-07
0.0000e+00
2.1935e-05
9.5367e-07
2.1935e-05
0.0000e+00
1.1921e-06
9.5367e-07
0.0000e+00
9.5367e-07
8.1062e-05
0.0000e+00
9.5367e-07
9.5367e-07
9.5367e-07
9.5367e-07
1.6809e-04
9.5367e-07
9.5367e-07
0.0000e+00
2.2173e-05
9.5367e-07
0.0000e+00
2.0981e-05
9.5367e-07
0.0000e+00
2.0981e-05
9.5367e-07
0.0000e+00
2.2173e-05
9.5367e-07
0.0000e+00
2.0981e-05
9.5367e-07
0.0000e+00
2.1219e-05
9.5367e-07
1.3709e-04
0.0000e+00
9.5367e-07
9.5367e-07
0.0000e+00
9.5367e-07
0.0000e+00
2.1935e-05
9.5367e-07
0.0000e+00
2.0981e-05
9.5367e-07
0.0000e+00
2.0981e-05
9.5367e-07
0.0000e+00
2.7895e-05
9.5367e-07
2.5702e-04
0.0000e+00
1.1921e-06
0.0000e+00
2.2888e-05
9.5367e-07
0.0000e+00
2.0981e-05
9.5367e-07
0.0000e+00
2.0981e-05
1.1921e-06
0.0000e+00
2.0981e-05
9.5367e-07
1.6809e-04
9.5367e-07
9.5367e-07
1.5020e-05
0.0000e+00
9.5367e-07
0.0000e+00
2.1935e-05
9.5367e-07
0.0000e+00
2.0981e-05
1.9073e-06
0.0000e+00
2.1935e-05
9.5367e-07
0.0000e+00
2.0981e-05
9.5367e-07
1.7810e-04
9.5367e-07
9.5367e-07
0.0000e+00
2.0981e-05
9.5367e-07
0.0000e+00
2.0981e-05
9.5367e-07
8.8930e-05
0.0000e+00
9.5367e-07
0.0000e+00
2.2173e-05
9.5367e-07
1.3494e-04
9.5367e-07
1.1921e-06
0.0000e+00
2.1935e-05
9.5367e-07
0.0000e+00
2.1935e-05
9.5367e-07
0.0000e+00
2.0981e-05
9.5367e-07
0.0000e+00
2.0981e-05
9.5367e-07
1.5402e-04
0.0000e+00
2.1458e-06
7.0810e-05
0.0000e+00
9.5367e-07
0.0000e+00
2.2888e-05
1.1921e-06
0.0000e+00
2.0981e-05
1.9073e-06
0.0000e+00
2.0981e-05
9.5367e-07
0.0000e+00
2.8849e-05
1.1921e-06
1.3685e-04
0.0000e+00
1.1921e-06
9.5367e-07
0.0000e+00
0.0000e+00
0.0000e+00
2.1935e-05
9.5367e-07
0.0000e+00
2.0981e-05
2.1458e-06
1.3995e-04
0.0000e+00
9.5367e-07
0.0000e+00
2.1935e-05
2.8610e-06
3.7193e-05
0.0000e+00
9.5367e-07
0.0000e+00
2.0981e-05
1.1921e-06
0.0000e+00
2.0981e-05
9.5367e-07
1.6022e-04
0.0000e+00
9.5367e-07
0.0000e+00
2.1935e-05
1.1921e-06
0.0000e+00
2.0981e-05
9.5367e-07
1.2898e-04
9.5367e-07
1.1921e-06
0.0000e+00
2.1935e-05
9.5367e-07
0.0000e+00
2.1219e-05
9.5367e-07
1.0300e-04
0.0000e+00
9.5367e-07
0.0000e+00
2.1219e-05
2.1458e-06
1.2088e-04
0.0000e+00
9.5367e-07
0.0000e+00
2.0981e-05
9.5367e-07
0.0000e+00
2.1935e-05
1.1921e-06
0.0000e+00
2.0981e-05
9.5367e-07
0.0000e+00
2.0981e-05
9.5367e-07
0.0000e+00
2.0981e-05
9.5367e-07
0.0000e+00
2.2173e-05
9.5367e-07
0.0000e+00
2.0981e-05
9.5367e-07
1.5807e-04
0.0000e+00
9.5367e-07
0.0000e+00
2.0981e-05
1.1921e-06
1.9073e-06
0.0000e+00
9.5367e-07
1.1182e-04
9.5367e-07
1.1921e-06
0.0000e+00
2.1935e-05
1.9073e-06
0.0000e+00
2.1219e-05
9.5367e-07
0.0000e+00
2.1219e-05
9.5367e-07
1.9407e-04
9.5367e-07
9.5367e-07
3.0994e-06
0.0000e+00
9.5367e-07
0.0000e+00
2.2173e-05
9.5367e-07
0.0000e+00
2.0981e-05
9.5367e-07
0.0000e+00
2.9087e-05
9.5367e-07
0.0000e+00
2.2173e-05
1.2689e-01
