2.4841e-03
3.0994e-05
0.0000e+00
5.5075e-05
1.9073e-06
0.0000e+00
2.5988e-05
9.5367e-07
0.0000e+00
2.7180e-05
9.5367e-07
4.7281e-03
3.0994e-06
2.8610e-06
3.6001e-05
0.0000e+00
9.5367e-07
3.0994e-06
9.5367e-07
5.9605e-06
2.0027e-05
0.0000e+00
5.9605e-06
9.5367e-07
9.5367e-07
2.1935e-05
0.0000e+00
2.5034e-05
9.5367e-07
0.0000e+00
2.3127e-05
9.5367e-07
2.9802e-04
9.5367e-07
0.0000e+00
0.0000e+00
2.4080e-05
9.5367e-07
0.0000e+00
2.2173e-05
0.0000e+00
1.9073e-06
0.0000e+00
5.0068e-06
0.0000e+00
2.2173e-05
9.5367e-07
0.0000e+00
2.2173e-05
9.5367e-07
0.0000e+00
2.0981e-05
8.4162e-05
0.0000e+00
2.1935e-05
2.1458e-06
6.9857e-05
9.5367e-07
0.0000e+00
0.0000e+00
3.0994e-05
9.5367e-07
0.0000e+00
2.1935e-05
9.5367e-07
0.0000e+00
2.1935e-05
7.1526e-06
0.0000e+00
2.2888e-05
1.1921e-06
4.6968e-05
9.5367e-07
9.5367e-07
0.0000e+00
2.3127e-05
9.5367e-07
4.0531e-06
0.0000e+00
9.5367e-07
0.0000e+00
2.1935e-05
9.5367e-07
0.0000e+00
2.3127e-05
9.5367e-07
2.8300e-04
9.5367e-07
9.5367e-07
0.0000e+00
2.3127e-05
0.0000e+00
0.0000e+00
2.1935e-05
1.1921e-06
0.0000e+00
2.1935e-05
9.5367e-07
0.0000e+00
2.2173e-05
9.5367e-07
5.8794e-04
0.0000e+00
0.0000e+00
0.0000e+00
2.2888e-05
1.1921e-06
0.0000e+00
2.1935e-05
9.5367e-07
5.0068e-06
0.0000e+00
9.5367e-07
0.0000e+00
2.3127e-05
8.2970e-05
0.0000e+00
2.2173e-05
9.5367e-07
0.0000e+00
2.1935e-05
2.1458e-06
0.0000e+00
2.1935e-05
9.5367e-07
9.5367e-07
0.0000e+00
2.0027e-05
1.9073e-06
9.5367e-07
2.2173e-05
5.9605e-06
0.0000e+00
1.5974e-05
0.0000e+00
2.3127e-05
9.5367e-07
1.1921e-06
0.0000e+00
2.0981e-05
5.9915e-04
0.0000e+00
9.5367e-07
0.0000e+00
2.3842e-05
2.1458e-06
0.0000e+00
2.1935e-05
9.5367e-07
3.8147e-05
9.5367e-07
9.5367e-07
0.0000e+00
2.2173e-05
0.0000e+00
0.0000e+00
2.1935e-05
5.9605e-06
0.0000e+00
2.1935e-05
9.5367e-07
0.0000e+00
2.0981e-05
2.0099e-04
0.0000e+00
2.1935e-05
9.5367e-07
8.2016e-05
6.9141e-06
9.5367e-07
0.0000e+00
2.2888e-05
9.5367e-07
5.0068e-06
1.1921e-06
0.0000e+00
9.0599e-06
9.5367e-07
9.5367e-07
2.4080e-05
9.5367e-07
9.5367e-07
0.0000e+00
2.2888e-05
0.0000e+00
0.0000e+00
2.1935e-05
9.5367e-07
0.0000e+00
2.2173e-05
2.8610e-06
0.0000e+00
2.1935e-05
3.0708e-04
0.0000e+00
2.1935e-05
1.9073e-06
6.1989e-06
9.5367e-07
6.9141e-06
0.0000e+00
2.4080e-05
9.5367e-07
9.0599e-06
0.0000e+00
0.0000e+00
9.5367e-07
0.0000e+00
2.9087e-05
0.0000e+00
2.1935e-05
1.1921e-06
9.5367e-07
9.5367e-07
2.0981e-05
1.1921e-06
0.0000e+00
2.1935e-05
0.0000e+00
2.1935e-05
1.1921e-06
0.0000e+00
2.0981e-05
9.5367e-07
0.0000e+00
2.1935e-05
3.2902e-04
1.9073e-06
1.1921e-06
9.5367e-07
0.0000e+00
2.2888e-05
0.0000e+00
0.0000e+00
2.5988e-05
9.5367e-07
0.0000e+00
2.2173e-05
6.9141e-06
0.0000e+00
2.2173e-05
7.7963e-05
1.9073e-06
0.0000e+00
2.0981e-05
0.0000e+00
2.1935e-05
9.0122e-05
0.0000e+00
2.0981e-05
9.5367e-07
8.1062e-05
0.0000e+00
9.5367e-07
6.9141e-06
9.5367e-07
1.1921e-06
0.0000e+00
2.2888e-05
9.5367e-07
5.0068e-06
0.0000e+00
0.0000e+00
0.0000e+00
2.1935e-05
9.6083e-05
2.1458e-06
9.5367e-07
2.0981e-05
5.3883e-05
0.0000e+00
0.0000e+00
9.5367e-07
0.0000e+00
0.0000e+00
0.0000e+00
2.1935e-05
9.5367e-07
1.1921e-06
0.0000e+00
2.1935e-05
0.0000e+00
2.2173e-05
9.5367e-07
3.0994e-06
0.0000e+00
0.0000e+00
2.8396e-04
0.0000e+00
1.1921e-06
1.9073e-06
0.0000e+00
9.5367e-07
4.1962e-05
1.1921e-06
9.5367e-07
1.9073e-06
0.0000e+00
5.0068e-06
0.0000e+00
2.4080e-05
4.0531e-06
0.0000e+00
2.1935e-05
1.9217e-04
0.0000e+00
2.1935e-05
9.5367e-07
9.5367e-07
0.0000e+00
3.0994e-06
2.6941e-05
9.5367e-07
9.5367e-07
0.0000e+00
2.2173e-05
9.5367e-07
0.0000e+00
2.1935e-05
3.8147e-06
0.0000e+00
2.2888e-05
9.5367e-07
0.0000e+00
2.2173e-05
9.5367e-07
1.9073e-06
1.1921e-06
9.5367e-07
0.0000e+00
2.1935e-05
0.0000e+00
0.0000e+00
2.1935e-05
7.8678e-06
3.6812e-04
0.0000e+00
9.5367e-07
0.0000e+00
2.1935e-05
9.5367e-07
9.5367e-07
0.0000e+00
2.8610e-06
0.0000e+00
2.3127e-05
9.5367e-07
0.0000e+00
3.0041e-05
9.5367e-07
0.0000e+00
2.1935e-05
5.1022e-05
0.0000e+00
2.2888e-05
1.1921e-06
0.0000e+00
2.0981e-05
9.5367e-07
2.0313e-04
9.5367e-07
9.5367e-07
0.0000e+00
2.1935e-05
9.5367e-07
2.8610e-06
0.0000e+00
0.0000e+00
0.0000e+00
2.1935e-05
2.1458e-06
9.5367e-07
0.0000e+00
9.5367e-07
0.0000e+00
3.0994e-05
1.0014e-05
0.0000e+00
2.2173e-05
1.9073e-06
0.0000e+00
2.2173e-05
9.5367e-07
0.0000e+00
2.1935e-05
3.0994e-06
1.3421e-03
9.5367e-07
9.5367e-07
0.0000e+00
2.3127e-05
9.5367e-07
0.0000e+00
2.1935e-05
9.5367e-07
2.8610e-06
0.0000e+00
8.8215e-06
1.5974e-05
0.0000e+00
5.9605e-06
1.2159e-05
9.5367e-07
3.0994e-06
1.9073e-06
9.5367e-07
1.1921e-06
9.5367e-07
0.0000e+00
2.1458e-06
0.0000e+00
2.3842e-05
3.0994e-05
2.6107e-04
0.0000e+00
0.0000e+00
0.0000e+00
2.2173e-05
9.5367e-07
0.0000e+00
2.1935e-05
9.5367e-07
2.1458e-06
0.0000e+00
9.5367e-07
1.9073e-06
1.1921e-06
3.8147e-06
2.1219e-05
0.0000e+00
9.5367e-07
0.0000e+00
2.2173e-05
9.5367e-07
0.0000e+00
2.9087e-05
9.5367e-07
0.0000e+00
2.1935e-05
9.5367e-07
0.0000e+00
2.1935e-05
3.3998e-04
0.0000e+00
2.2173e-05
1.9073e-06
5.0068e-06
0.0000e+00
2.4080e-05
1.9073e-06
1.1921e-06
2.1935e-05
1.9073e-06
9.5367e-07
4.0531e-06
1.1897e-04
1.1921e-06
9.5367e-07
0.0000e+00
2.2888e-05
0.0000e+00
0.0000e+00
2.1935e-05
1.1921e-06
0.0000e+00
2.2888e-05
6.9141e-05
1.3828e-05
0.0000e+00
9.0599e-06
1.1921e-06
9.5367e-07
9.5367e-07
2.0981e-05
0.0000e+00
1.1921e-06
1.9073e-06
9.5367e-07
2.1458e-06
0.0000e+00
2.1935e-05
9.0599e-06
0.0000e+00
2.1935e-05
1.1921e-06
2.7394e-04
0.0000e+00
0.0000e+00
9.5367e-07
0.0000e+00
0.0000e+00
7.5102e-05
0.0000e+00
9.5367e-07
0.0000e+00
2.2888e-05
1.1921e-06
1.9073e-06
9.5367e-07
9.5367e-07
0.0000e+00
2.3127e-05
1.1492e-04
1.9073e-06
0.0000e+00
2.0981e-05
0.0000e+00
2.1935e-05
9.0599e-06
0.0000e+00
2.0981e-05
2.1458e-06
9.0837e-05
0.0000e+00
0.0000e+00
1.9073e-06
1.1921e-06
9.5367e-07
0.0000e+00
2.1935e-05
0.0000e+00
0.0000e+00
2.1935e-05
9.5367e-07
0.0000e+00
2.2173e-05
7.2956e-05
0.0000e+00
2.3127e-05
9.5367e-07
0.0000e+00
2.1935e-05
1.1802e-04
0.0000e+00
2.0981e-05
9.5367e-07
6.9141e-06
1.1921e-06
1.6928e-05
0.0000e+00
2.1935e-05
1.1921e-06
0.0000e+00
2.0981e-05
9.5367e-07
0.0000e+00
2.1935e-05
0.0000e+00
2.8610e-06
0.0000e+00
5.0068e-06
0.0000e+00
2.8849e-05
2.1458e-06
0.0000e+00
2.2888e-05
1.1921e-06
4.1962e-05
9.5367e-07
0.0000e+00
1.1921e-06
0.0000e+00
5.9605e-06
9.1076e-05
0.0000e+00
9.5367e-07
0.0000e+00
2.1935e-05
0.0000e+00
1.7881e-05
9.5367e-07
9.5367e-07
0.0000e+00
2.2173e-05
4.6015e-05
0.0000e+00
2.1935e-05
1.1921e-06
0.0000e+00
2.0981e-05
9.5367e-07
0.0000e+00
2.9087e-05
9.5367e-07
0.0000e+00
2.1935e-05
1.5020e-05
0.0000e+00
2.1935e-05
9.5367e-07
0.0000e+00
2.1935e-05
9.5367e-07
2.1458e-06
9.5367e-07
9.5367e-07
4.0531e-06
0.0000e+00
9.5367e-07
0.0000e+00
2.2173e-05
5.0068e-06
9.5367e-07
9.5367e-07
9.5367e-07
3.8862e-05
0.0000e+00
1.1921e-06
0.0000e+00
2.2888e-05
9.5367e-07
0.0000e+00
2.1935e-05
1.1921e-06
0.0000e+00
2.1935e-05
1.9073e-06
4.3893e-04
0.0000e+00
9.5367e-07
0.0000e+00
2.1935e-05
1.0967e-05
0.0000e+00
2.1935e-05
0.0000e+00
0.0000e+00
2.1935e-05
1.9073e-06
2.1458e-06
9.5367e-07
9.5367e-07
2.0981e-05
0.0000e+00
1.1921e-06
0.0000e+00
2.1935e-05
9.5367e-07
0.0000e+00
3.0041e-05
1.1921e-06
9.2030e-05
0.0000e+00
0.0000e+00
0.0000e+00
2.3127e-05
9.5367e-07
0.0000e+00
2.1935e-05
8.6069e-05
0.0000e+00
2.0981e-05
1.9073e-06
5.9605e-06
0.0000e+00
2.3127e-05
0.0000e+00
2.1935e-05
1.1921e-06
9.5367e-07
0.0000e+00
8.1062e-06
0.0000e+00
2.1935e-05
9.5367e-07
0.0000e+00
2.8849e-05
1.1921e-06
8.7023e-05
0.0000e+00
9.5367e-07
1.5020e-05
9.5367e-07
9.5367e-07
0.0000e+00
2.2173e-05
0.0000e+00
0.0000e+00
2.5034e-05
9.5367e-07
0.0000e+00
2.2173e-05
8.1062e-05
0.0000e+00
2.1219e-05
9.5367e-07
0.0000e+00
2.2888e-05
1.1921e-06
0.0000e+00
2.0981e-05
1.1921e-06
0.0000e+00
2.2888e-05
1.1921e-06
0.0000e+00
2.0981e-05
9.5367e-07
2.1458e-06
0.0000e+00
0.0000e+00
0.0000e+00
2.1935e-05
1.1921e-06
2.8205e-04
0.0000e+00
0.0000e+00
0.0000e+00
2.1935e-05
9.5367e-07
0.0000e+00
2.1935e-05
9.5367e-07
1.2207e-04
0.0000e+00
0.0000e+00
0.0000e+00
2.1935e-05
0.0000e+00
2.8610e-06
0.0000e+00
0.0000e+00
0.0000e+00
2.1935e-05
9.5367e-07
0.0000e+00
2.2173e-05
9.5367e-07
1.0109e-04
0.0000e+00
9.5367e-07
1.9073e-06
0.0000e+00
5.0068e-06
9.5367e-07
0.0000e+00
2.1458e-06
2.3842e-05
0.0000e+00
1.1921e-06
0.0000e+00
2.2888e-05
5.0068e-06
2.0027e-05
1.1921e-06
2.1458e-06
4.0531e-06
0.0000e+00
1.6928e-05
0.0000e+00
2.3127e-05
2.1458e-06
0.0000e+00
2.1935e-05
1.1921e-06
6.2490e-04
0.0000e+00
1.1921e-06
0.0000e+00
2.4080e-05
0.0000e+00
1.9073e-06
0.0000e+00
1.1921e-06
1.9073e-06
9.5367e-07
9.5367e-07
0.0000e+00
2.1935e-05
0.0000e+00
0.0000e+00
2.1935e-05
0.0000e+00
7.7009e-05
0.0000e+00
0.0000e+00
0.0000e+00
2.1935e-05
0.0000e+00
0.0000e+00
2.0981e-05
1.9073e-06
0.0000e+00
2.3127e-05
9.5367e-07
0.0000e+00
2.1935e-05
1.5020e-05
0.0000e+00
2.2173e-05
9.5367e-07
0.0000e+00
2.1935e-05
1.0014e-05
0.0000e+00
2.0981e-05
9.5367e-07
0.0000e+00
2.1935e-05
9.5367e-07
0.0000e+00
2.2173e-05
9.5367e-07
0.0000e+00
2.8133e-05
9.5367e-07
0.0000e+00
2.1935e-05
0.0000e+00
0.0000e+00
2.1935e-05
9.5367e-07
0.0000e+00
2.0981e-05
1.2779e-04
1.9002e-04
0.0000e+00
9.5367e-07
0.0000e+00
2.2888e-05
1.1921e-06
5.7936e-05
0.0000e+00
0.0000e+00
0.0000e+00
2.2173e-05
9.5367e-07
0.0000e+00
2.0981e-05
9.5367e-07
0.0000e+00
2.2888e-05
0.0000e+00
0.0000e+00
2.5034e-05
9.5367e-07
0.0000e+00
2.1935e-05
0.0000e+00
0.0000e+00
2.1935e-05
9.5367e-07
0.0000e+00
2.0981e-05
1.1921e-06
5.0068e-06
9.5367e-07
0.0000e+00
0.0000e+00
2.1935e-05
8.8215e-06
2.1458e-06
0.0000e+00
2.0981e-05
9.5367e-07
1.1921e-06
2.0981e-05
0.0000e+00
3.0041e-05
9.5367e-07
0.0000e+00
2.1935e-05
2.5105e-04
0.0000e+00
2.0981e-05
9.5367e-07
0.0000e+00
2.1935e-05
0.0000e+00
5.1022e-05
0.0000e+00
0.0000e+00
9.5367e-07
0.0000e+00
0.0000e+00
2.8610e-06
0.0000e+00
1.0014e-05
0.0000e+00
2.1935e-05
9.5367e-07
0.0000e+00
2.2173e-05
2.5988e-05
1.8787e-04
0.0000e+00
9.5367e-07
0.0000e+00
2.3127e-05
9.5367e-07
0.0000e+00
2.5034e-05
9.5367e-07
5.7936e-05
0.0000e+00
9.5367e-07
0.0000e+00
2.2888e-05
9.5367e-07
2.1458e-06
0.0000e+00
9.5367e-07
0.0000e+00
2.0981e-05
9.5367e-07
0.0000e+00
2.0981e-05
0.0000e+00
0.0000e+00
2.2173e-05
9.5367e-07
2.1935e-05
0.0000e+00
1.9073e-06
0.0000e+00
2.3127e-05
9.5367e-07
5.0068e-06
0.0000e+00
1.1921e-06
0.0000e+00
2.1935e-05
2.9206e-04
0.0000e+00
2.1935e-05
1.1921e-06
0.0000e+00
2.1935e-05
4.0531e-06
0.0000e+00
2.1935e-05
1.1921e-06
2.8610e-06
0.0000e+00
9.5367e-07
0.0000e+00
2.2888e-05
9.5367e-07
0.0000e+00
2.8849e-05
1.5903e-04
0.0000e+00
2.1935e-05
9.5367e-07
0.0000e+00
2.0981e-05
1.0681e-04
0.0000e+00
2.1935e-05
2.8610e-06
2.1458e-06
0.0000e+00
2.0027e-05
0.0000e+00
2.2173e-05
2.6941e-05
0.0000e+00
2.0981e-05
1.1921e-06
0.0000e+00
2.0981e-05
9.5367e-07
3.0994e-06
0.0000e+00
5.9605e-06
1.0014e-05
0.0000e+00
1.2875e-05
5.4121e-05
9.5367e-07
9.5367e-07
1.1921e-06
0.0000e+00
9.5367e-07
4.0531e-06
9.5367e-07
1.9073e-06
0.0000e+00
2.2888e-05
1.3614e-04
1.9073e-06
0.0000e+00
2.0027e-05
0.0000e+00
2.1935e-05
9.5367e-07
9.5367e-07
0.0000e+00
9.5367e-07
0.0000e+00
2.1935e-05
1.1921e-06
0.0000e+00
2.1935e-05
9.5367e-07
0.0000e+00
3.0994e-05
1.6403e-04
0.0000e+00
2.3127e-05
6.9141e-06
0.0000e+00
2.0981e-05
1.1921e-06
8.8930e-05
0.0000e+00
9.5367e-07
9.2030e-05
0.0000e+00
0.0000e+00
1.9073e-06
0.0000e+00
2.8610e-06
0.0000e+00
2.3127e-05
9.5367e-07
0.0000e+00
2.2173e-05
4.6015e-05
0.0000e+00
2.1935e-05
9.5367e-07
0.0000e+00
2.2173e-05
3.6955e-05
9.5367e-07
0.0000e+00
2.6941e-05
0.0000e+00
2.3127e-05
9.5367e-07
3.0041e-05
9.5367e-07
9.5367e-07
0.0000e+00
2.1935e-05
9.5367e-07
9.5367e-07
0.0000e+00
2.1458e-06
0.0000e+00
2.1935e-05
1.1921e-06
0.0000e+00
2.1935e-05
1.9073e-06
0.0000e+00
2.2173e-05
2.1386e-04
0.0000e+00
2.1935e-05
1.9073e-06
0.0000e+00
2.3127e-05
9.5367e-07
9.5367e-07
0.0000e+00
9.5367e-07
1.9073e-06
0.0000e+00
3.0994e-06
0.0000e+00
2.2173e-05
9.5367e-07
0.0000e+00
2.1935e-05
2.5105e-04
2.1458e-06
0.0000e+00
2.0981e-05
0.0000e+00
2.1935e-05
9.5367e-07
0.0000e+00
2.1935e-05
9.5367e-07
0.0000e+00
2.1935e-05
9.0599e-06
0.0000e+00
2.2888e-05
5.4121e-05
0.0000e+00
2.0981e-05
1.1921e-06
9.5367e-07
0.0000e+00
2.9087e-05
9.5367e-07
0.0000e+00
2.2173e-05
0.0000e+00
2.2888e-05
9.5367e-07
1.9598e-04
0.0000e+00
0.0000e+00
9.5367e-07
0.0000e+00
9.5367e-07
0.0000e+00
2.1935e-05
9.5367e-07
0.0000e+00
2.1935e-05
1.1921e-06
0.0000e+00
2.7895e-05
7.5102e-05
0.0000e+00
2.2888e-05
1.1921e-06
0.0000e+00
2.5988e-05
9.1076e-05
0.0000e+00
2.1935e-05
9.5367e-07
0.0000e+00
2.1935e-05
9.5367e-07
0.0000e+00
2.1935e-05
5.4121e-05
1.9073e-06
9.5367e-07
2.0981e-05
1.2684e-04
0.0000e+00
0.0000e+00
0.0000e+00
2.1935e-05
9.5367e-07
5.6982e-05
0.0000e+00
9.5367e-07
2.1458e-06
0.0000e+00
0.0000e+00
7.0095e-05
0.0000e+00
9.5367e-07
1.9073e-06
1.1921e-06
2.8610e-06
0.0000e+00
2.4080e-05
9.5367e-07
2.1458e-06
9.5367e-07
2.0027e-05
0.0000e+00
2.1935e-05
1.1921e-06
0.0000e+00
2.1935e-05
1.4091e-04
9.5367e-07
0.0000e+00
9.5367e-07
0.0000e+00
2.1935e-05
2.1458e-06
1.1802e-04
9.5367e-07
9.5367e-07
0.0000e+00
2.9087e-05
9.5367e-07
2.1458e-06
0.0000e+00
9.5367e-07
0.0000e+00
2.2173e-05
9.5367e-07
1.8287e-04
0.0000e+00
0.0000e+00
0.0000e+00
2.1935e-05
2.1458e-06
9.5367e-07
0.0000e+00
2.1219e-05
0.0000e+00
2.2888e-05
9.5367e-07
0.0000e+00
2.0981e-05
9.5367e-07
1.9073e-06
9.5367e-07
1.5020e-05
2.1458e-06
0.0000e+00
2.7895e-05
0.0000e+00
2.9802e-05
1.5020e-05
0.0000e+00
2.2888e-05
9.5367e-07
0.0000e+00
2.0981e-05
9.5367e-07
0.0000e+00
2.1935e-05
1.1921e-06
2.4199e-04
9.5367e-07
9.5367e-07
1.9073e-06
1.1921e-06
2.8610e-06
2.4080e-05
0.0000e+00
9.5367e-07
0.0000e+00
2.3127e-05
2.8610e-06
0.0000e+00
2.0981e-05
9.5367e-07
0.0000e+00
3.1948e-05
1.6904e-04
0.0000e+00
2.3127e-05
9.5367e-07
2.1458e-06
9.5367e-07
1.2875e-05
2.1458e-06
0.0000e+00
2.0981e-05
0.0000e+00
2.1935e-05
1.5497e-04
9.5367e-07
0.0000e+00
1.9073e-06
0.0000e+00
2.2173e-05
2.8610e-06
0.0000e+00
2.1935e-05
1.9073e-06
2.1458e-06
0.0000e+00
0.0000e+00
0.0000e+00
2.1935e-05
1.5402e-04
2.1458e-06
0.0000e+00
1.0014e-05
2.1458e-06
9.5367e-07
2.5988e-05
0.0000e+00
2.4080e-05
9.5367e-07
0.0000e+00
2.1935e-05
1.3018e-04
9.5367e-07
9.5367e-07
2.2173e-05
9.5367e-07
0.0000e+00
1.9073e-05
0.0000e+00
2.2888e-05
9.5367e-07
0.0000e+00
2.1935e-05
9.5367e-07
0.0000e+00
2.1935e-05
1.5593e-04
0.0000e+00
2.0981e-05
9.5367e-07
0.0000e+00
2.3127e-05
5.6028e-05
0.0000e+00
2.1935e-05
9.5367e-07
0.0000e+00
2.1219e-05
9.5367e-07
0.0000e+00
2.0981e-05
1.1921e-06
5.0068e-06
9.5367e-07
9.5367e-07
1.5974e-05
0.0000e+00
8.1062e-06
1.9073e-06
0.0000e+00
1.1921e-06
0.0000e+00
2.1935e-05
9.5367e-07
0.0000e+00
2.2173e-05
9.5367e-07
3.0994e-06
9.5367e-07
9.5367e-07
3.6287e-04
0.0000e+00
1.1921e-06
9.5367e-07
0.0000e+00
0.0000e+00
7.7963e-05
1.1921e-06
9.5367e-07
0.0000e+00
2.2888e-05
1.1921e-06
0.0000e+00
2.1935e-05
9.5367e-07
0.0000e+00
2.2173e-05
9.5367e-07
0.0000e+00
2.0981e-05
9.5367e-07
9.5367e-07
9.5367e-07
9.5367e-07
0.0000e+00
2.2173e-05
1.4997e-04
0.0000e+00
3.0994e-05
9.5367e-07
2.1458e-06
9.5367e-07
9.5367e-07
0.0000e+00
2.1935e-05
9.5129e-05
0.0000e+00
2.0981e-05
0.0000e+00
0.0000e+00
2.0981e-05
1.9073e-06
0.0000e+00
2.2173e-05
1.9073e-06
9.5367e-07
0.0000e+00
2.0981e-05
0.0000e+00
2.1935e-05
9.5367e-07
1.2517e-04
0.0000e+00
0.0000e+00
1.5020e-05
0.0000e+00
9.5367e-07
1.9073e-06
0.0000e+00
9.5367e-07
0.0000e+00
2.1935e-05
1.1921e-06
0.0000e+00
2.0981e-05
0.0000e+00
3.0994e-06
0.0000e+00
9.5367e-07
0.0000e+00
2.2173e-05
1.5807e-04
0.0000e+00
2.1935e-05
9.6083e-05
1.9073e-06
0.0000e+00
2.1935e-05
9.5367e-07
0.0000e+00
2.1219e-05
0.0000e+00
2.1935e-05
9.5367e-07
1.1611e-04
0.0000e+00
9.5367e-07
0.0000e+00
2.2888e-05
9.5367e-07
0.0000e+00
2.1935e-05
0.0000e+00
1.1921e-06
0.0000e+00
2.0027e-05
9.5367e-07
0.0000e+00
2.8610e-06
0.0000e+00
2.2173e-05
9.5367e-07
0.0000e+00
2.0981e-05
1.1921e-06
1.9073e-06
0.0000e+00
9.5367e-07
0.0000e+00
2.1219e-05
1.9073e-06
3.4904e-04
9.5367e-07
9.5367e-07
0.0000e+00
2.8849e-05
0.0000e+00
4.7922e-05
9.5367e-07
1.1921e-06
1.3828e-05
0.0000e+00
0.0000e+00
0.0000e+00
2.2888e-05
3.0994e-06
9.5367e-07
9.5367e-07
2.3127e-05
0.0000e+00
2.1935e-05
1.1921e-06
0.0000e+00
2.1935e-05
5.7936e-05
0.0000e+00
2.1935e-05
2.1458e-06
0.0000e+00
2.0981e-05
4.5061e-05
0.0000e+00
2.1935e-05
9.5367e-07
2.1458e-06
9.5367e-07
9.5367e-07
1.9073e-06
0.0000e+00
9.5367e-07
0.0000e+00
2.2888e-05
1.1921e-06
0.0000e+00
2.0981e-05
3.0994e-06
2.0981e-05
0.0000e+00
7.1526e-06
9.5367e-07
0.0000e+00
2.1935e-05
9.5367e-07
0.0000e+00
9.5367e-07
2.3127e-05
9.5367e-07
0.0000e+00
1.1921e-06
0.0000e+00
1.8835e-05
9.5367e-07
0.0000e+00
2.0027e-05
9.5367e-07
0.0000e+00
2.0027e-05
6.7806e-04
0.0000e+00
9.5367e-07
1.5974e-05
0.0000e+00
9.5367e-07
1.9073e-06
0.0000e+00
5.0068e-06
2.1219e-05
0.0000e+00
2.8610e-06
1.1921e-06
0.0000e+00
9.5367e-07
0.0000e+00
2.4080e-05
1.7095e-04
1.4067e-05
0.0000e+00
8.1062e-06
0.0000e+00
2.1935e-05
1.1921e-06
0.0000e+00
2.1935e-05
9.5367e-07
0.0000e+00
2.1935e-05
1.1921e-06
9.5367e-07
0.0000e+00
0.0000e+00
2.4796e-05
1.1921e-06
7.8678e-06
0.0000e+00
2.2173e-05
9.5367e-07
0.0000e+00
2.2173e-05
6.6042e-05
0.0000e+00
2.3842e-05
9.5367e-07
0.0000e+00
2.0981e-05
9.5367e-07
1.9073e-06
0.0000e+00
2.0027e-05
1.9073e-06
1.1921e-06
2.0981e-05
0.0000e+00
2.1935e-05
3.3140e-05
0.0000e+00
2.1935e-05
1.4710e-04
1.3828e-05
0.0000e+00
1.5974e-05
1.9073e-06
9.5367e-07
1.1921e-06
0.0000e+00
3.0041e-05
9.5367e-07
3.7909e-05
0.0000e+00
0.0000e+00
9.5367e-07
0.0000e+00
9.5367e-07
2.2888e-05
9.5367e-07
1.1921e-06
0.0000e+00
2.1935e-05
9.5367e-07
0.0000e+00
2.0981e-05
1.6189e-04
2.1458e-06
0.0000e+00
9.5367e-07
2.4080e-05
9.5367e-07
9.5367e-07
1.8096e-04
1.1921e-06
1.1921e-06
0.0000e+00
2.1935e-05
0.0000e+00
0.0000e+00
2.5034e-05
1.1921e-06
9.5367e-07
0.0000e+00
0.0000e+00
0.0000e+00
2.2888e-05
1.0300e-04
0.0000e+00
2.2173e-05
1.9073e-06
9.5367e-07
0.0000e+00
1.1921e-06
0.0000e+00
2.1935e-05
5.0068e-05
9.5367e-07
0.0000e+00
1.9789e-05
0.0000e+00
2.1935e-05
9.5367e-07
0.0000e+00
2.0981e-05
9.5367e-07
0.0000e+00
2.0981e-05
0.0000e+00
0.0000e+00
3.0041e-05
7.0095e-05
0.0000e+00
2.1935e-05
9.5367e-07
0.0000e+00
2.0981e-05
9.5367e-07
0.0000e+00
2.0981e-05
2.1458e-06
1.9073e-06
9.5367e-07
2.0981e-05
0.0000e+00
2.2173e-05
9.5367e-07
0.0000e+00
2.0981e-05
0.0000e+00
0.0000e+00
2.0981e-05
9.5367e-07
1.8406e-04
9.5367e-07
9.5367e-07
1.9073e-06
0.0000e+00
0.0000e+00
0.0000e+00
2.4080e-05
0.0000e+00
0.0000e+00
2.1219e-05
9.5367e-07
0.0000e+00
2.5988e-05
9.7990e-05
9.5367e-07
0.0000e+00
2.0981e-05
0.0000e+00
2.1935e-05
9.5367e-07
9.5367e-07
0.0000e+00
1.9073e-06
3.4094e-05
0.0000e+00
9.5367e-07
0.0000e+00
2.2173e-05
1.7786e-04
0.0000e+00
2.9802e-05
2.1458e-06
0.0000e+00
2.2888e-05
9.5367e-07
0.0000e+00
2.0981e-05
2.0027e-05
0.0000e+00
2.1935e-05
1.1921e-06
0.0000e+00
2.1935e-05
9.5367e-07
0.0000e+00
2.0981e-05
9.5367e-07
0.0000e+00
2.0981e-05
0.0000e+00
0.0000e+00
2.0981e-05
1.1921e-06
2.8610e-06
0.0000e+00
7.8678e-06
0.0000e+00
2.2173e-05
9.5367e-07
1.8501e-04
0.0000e+00
9.5367e-07
0.0000e+00
2.3127e-05
0.0000e+00
1.1921e-06
0.0000e+00
0.0000e+00
1.9073e-06
0.0000e+00
1.1921e-06
2.0385e-04
0.0000e+00
0.0000e+00
9.5367e-07
0.0000e+00
0.0000e+00
0.0000e+00
2.1935e-05
6.0081e-05
0.0000e+00
2.1935e-05
9.5367e-07
0.0000e+00
2.9087e-05
9.5367e-07
0.0000e+00
2.2173e-05
9.5367e-07
1.9073e-06
0.0000e+00
1.9073e-06
0.0000e+00
2.1935e-05
8.9169e-05
0.0000e+00
2.0981e-05
9.5367e-07
0.0000e+00
2.0981e-05
1.1921e-06
0.0000e+00
2.1935e-05
4.0531e-06
0.0000e+00
2.1935e-05
1.3900e-04
2.1458e-06
0.0000e+00
2.0027e-05
0.0000e+00
3.0041e-05
9.5367e-07
0.0000e+00
2.1935e-05
9.5367e-07
0.0000e+00
2.0981e-05
1.1921e-06
0.0000e+00
2.1935e-05
9.1076e-05
0.0000e+00
2.1935e-05
1.1921e-06
1.1587e-04
0.0000e+00
0.0000e+00
0.0000e+00
2.1935e-05
9.5367e-07
2.1458e-06
9.5367e-07
9.5367e-07
3.0994e-06
0.0000e+00
9.5367e-07
0.0000e+00
3.0994e-05
9.5367e-07
0.0000e+00
2.1935e-05
9.5367e-07
0.0000e+00
2.1935e-05
1.1921e-06
0.0000e+00
2.1935e-05
9.5367e-07
1.7166e-05
0.0000e+00
9.5367e-07
2.1458e-06
0.0000e+00
1.8835e-05
0.0000e+00
2.1935e-05
9.5367e-07
2.1458e-06
0.0000e+00
9.5367e-07
0.0000e+00
2.0981e-05
1.1921e-06
9.5367e-07
0.0000e+00
5.9605e-06
5.8579e-04
5.9605e-06
9.5367e-07
0.0000e+00
2.3127e-05
9.5367e-07
1.1921e-06
0.0000e+00
5.0068e-06
0.0000e+00
2.0981e-05
9.5367e-07
1.1206e-05
9.5367e-07
1.0967e-05
0.0000e+00
2.3127e-05
9.5367e-07
1.1206e-04
0.0000e+00
9.5367e-07
1.9073e-06
0.0000e+00
0.0000e+00
0.0000e+00
2.0981e-05
0.0000e+00
3.0994e-06
0.0000e+00
0.0000e+00
0.0000e+00
2.0981e-05
9.5367e-07
1.6880e-04
1.1921e-06
9.5367e-07
0.0000e+00
2.2888e-05
0.0000e+00
0.0000e+00
2.0981e-05
3.9101e-05
0.0000e+00
2.1935e-05
9.5367e-07
0.0000e+00
2.2173e-05
9.5367e-07
4.0531e-06
0.0000e+00
0.0000e+00
0.0000e+00
2.1935e-05
6.9141e-06
1.1921e-05
9.5367e-07
9.0599e-06
9.5367e-07
0.0000e+00
2.8610e-06
0.0000e+00
3.1948e-05
1.9073e-06
0.0000e+00
2.1935e-05
2.4486e-04
0.0000e+00
2.2173e-05
9.5367e-07
0.0000e+00
2.0981e-05
1.1921e-06
0.0000e+00
2.1935e-05
0.0000e+00
0.0000e+00
2.2173e-05
3.8147e-06
0.0000e+00
2.2173e-05
9.5367e-07
0.0000e+00
2.3127e-05
2.8610e-06
0.0000e+00
3.0994e-05
2.1458e-06
1.9073e-06
0.0000e+00
9.5367e-07
2.8920e-04
0.0000e+00
0.0000e+00
0.0000e+00
2.3127e-05
9.5367e-07
9.5367e-07
0.0000e+00
1.3113e-05
0.0000e+00
2.1935e-05
9.5367e-07
0.0000e+00
2.1935e-05
9.5367e-07
0.0000e+00
2.0981e-05
7.7963e-05
0.0000e+00
2.1935e-05
9.5367e-07
9.5367e-07
9.5367e-07
1.1921e-06
0.0000e+00
2.2888e-05
3.0994e-06
0.0000e+00
2.1935e-05
1.9073e-06
2.1458e-06
0.0000e+00
1.1921e-06
0.0000e+00
2.1935e-05
0.0000e+00
2.6941e-05
0.0000e+00
0.0000e+00
0.0000e+00
2.0981e-05
9.5367e-07
0.0000e+00
2.1935e-05
0.0000e+00
3.0994e-06
9.5367e-07
1.1921e-05
3.6693e-04
0.0000e+00
0.0000e+00
0.0000e+00
2.9802e-05
1.1921e-06
3.8147e-06
0.0000e+00
9.5367e-07
0.0000e+00
2.2888e-05
0.0000e+00
0.0000e+00
2.0981e-05
0.0000e+00
0.0000e+00
2.1935e-05
1.1921e-06
0.0000e+00
2.0981e-05
9.0599e-06
0.0000e+00
2.1935e-05
9.5367e-07
3.0994e-06
9.5367e-07
9.5367e-07
9.5367e-07
9.5367e-07
9.5367e-07
2.6298e-04
1.1921e-06
9.5367e-07
0.0000e+00
3.0994e-05
9.5367e-07
0.0000e+00
2.0981e-05
0.0000e+00
0.0000e+00
2.0981e-05
0.0000e+00
3.4094e-05
0.0000e+00
0.0000e+00
1.4067e-05
9.5367e-07
0.0000e+00
1.4067e-05
0.0000e+00
0.0000e+00
0.0000e+00
2.1935e-05
1.6928e-05
0.0000e+00
2.2173e-05
1.0014e-05
1.0085e-04
0.0000e+00
0.0000e+00
1.9073e-06
0.0000e+00
0.0000e+00
0.0000e+00
3.0041e-05
9.5367e-07
1.9073e-06
1.1921e-06
9.5367e-07
1.9073e-06
0.0000e+00
9.5367e-07
2.5034e-05
0.0000e+00
0.0000e+00
9.5367e-07
0.0000e+00
1.1921e-06
0.0000e+00
2.2888e-05
9.5367e-07
0.0000e+00
2.2173e-05
0.0000e+00
0.0000e+00
2.1935e-05
3.5119e-04
0.0000e+00
2.1935e-05
9.5367e-07
9.5367e-07
0.0000e+00
2.0027e-05
0.0000e+00
3.3140e-05
1.9073e-06
0.0000e+00
2.1935e-05
1.7214e-04
1.4067e-05
9.5367e-07
9.0599e-06
5.0068e-06
0.0000e+00
1.6928e-05
0.0000e+00
2.1219e-05
1.2875e-05
1.1921e-06
0.0000e+00
2.0027e-05
0.0000e+00
2.1935e-05
9.5367e-07
0.0000e+00
2.1935e-05
1.7715e-04
0.0000e+00
2.1935e-05
1.9073e-06
0.0000e+00
3.0041e-05
2.1458e-06
2.8610e-06
0.0000e+00
9.5367e-07
9.5367e-07
0.0000e+00
9.5367e-07
0.0000e+00
2.2888e-05
1.0967e-05
0.0000e+00
2.1935e-05
9.5367e-07
0.0000e+00
2.0981e-05
7.1526e-06
0.0000e+00
2.1935e-05
9.5367e-07
4.0531e-06
0.0000e+00
2.1458e-06
0.0000e+00
2.1935e-05
9.5367e-07
1.9073e-06
0.0000e+00
0.0000e+00
5.4288e-04
9.5367e-07
9.5367e-07
0.0000e+00
2.4080e-05
9.5367e-07
0.0000e+00
2.1935e-05
9.5367e-07
0.0000e+00
2.1219e-05
0.0000e+00
9.5367e-07
0.0000e+00
2.1458e-06
2.1005e-04
0.0000e+00
0.0000e+00
0.0000e+00
2.2173e-05
9.5367e-07
6.9141e-06
0.0000e+00
0.0000e+00
9.5367e-07
0.0000e+00
5.0068e-06
2.1458e-06
0.0000e+00
9.5367e-07
0.0000e+00
2.2888e-05
9.5367e-07
0.0000e+00
2.1935e-05
9.5367e-07
2.3198e-04
9.5367e-07
9.5367e-07
1.4067e-05
9.5367e-07
1.1921e-06
1.3828e-05
9.5367e-07
1.1921e-06
0.0000e+00
2.1935e-05
9.5367e-07
1.1921e-06
0.0000e+00
1.1921e-05
0.0000e+00
2.1935e-05
1.4591e-04
1.2159e-05
0.0000e+00
1.0967e-05
0.0000e+00
2.1935e-05
9.5367e-07
2.8610e-06
0.0000e+00
2.8610e-06
1.8120e-05
0.0000e+00
4.0531e-06
0.0000e+00
3.0994e-05
1.9073e-06
0.0000e+00
2.1935e-05
1.1921e-06
0.0000e+00
2.1935e-05
9.5367e-07
0.0000e+00
2.1219e-05
1.1921e-06
0.0000e+00
2.0981e-05
9.6083e-05
1.3804e-04
0.0000e+00
0.0000e+00
0.0000e+00
2.1935e-05
0.0000e+00
1.9073e-06
9.5367e-07
1.1921e-06
0.0000e+00
2.1935e-05
9.5367e-07
0.0000e+00
2.3127e-05
0.0000e+00
9.0599e-06
0.0000e+00
0.0000e+00
1.1897e-04
1.1921e-06
9.5367e-07
9.5367e-07
0.0000e+00
0.0000e+00
0.0000e+00
2.1935e-05
9.5367e-07
0.0000e+00
2.2173e-05
9.5367e-07
0.0000e+00
2.2888e-05
1.1921e-06
0.0000e+00
2.1935e-05
9.5367e-07
0.0000e+00
2.2173e-05
9.5367e-07
0.0000e+00
2.3127e-05
1.9073e-06
2.2316e-04
0.0000e+00
0.0000e+00
0.0000e+00
2.1935e-05
0.0000e+00
0.0000e+00
2.1935e-05
0.0000e+00
0.0000e+00
2.0981e-05
0.0000e+00
1.7405e-04
0.0000e+00
9.5367e-07
0.0000e+00
2.2888e-05
9.5367e-07
0.0000e+00
2.2173e-05
9.5367e-07
0.0000e+00
3.0041e-05
9.5367e-07
0.0000e+00
2.0981e-05
9.5367e-07
1.9073e-06
0.0000e+00
9.5367e-07
0.0000e+00
2.1935e-05
9.0599e-06
0.0000e+00
2.5034e-05
9.5367e-07
0.0000e+00
2.2173e-05
9.5367e-07
2.7704e-04
0.0000e+00
9.5367e-07
3.0994e-06
9.5367e-07
0.0000e+00
0.0000e+00
2.1935e-05
1.1897e-04
1.2875e-05
0.0000e+00
9.0599e-06
0.0000e+00
3.0041e-05
9.5367e-07
0.0000e+00
2.1935e-05
1.1921e-06
0.0000e+00
2.1935e-05
9.5367e-07
0.0000e+00
2.0981e-05
9.5367e-07
0.0000e+00
2.1935e-05
9.5367e-07
0.0000e+00
2.0981e-05
0.0000e+00
0.0000e+00
2.1935e-05
1.1921e-06
4.0531e-06
0.0000e+00
9.5367e-07
0.0000e+00
2.9087e-05
9.5367e-07
0.0000e+00
2.2173e-05
9.5367e-07
9.5367e-07
0.0000e+00
4.0531e-06
0.0000e+00
2.2173e-05
3.7193e-04
0.0000e+00
8.7976e-05
6.9141e-06
2.1935e-05
1.9073e-06
2.8610e-06
5.0068e-06
9.5367e-07
1.9073e-06
0.0000e+00
6.4135e-05
1.9073e-06
3.8147e-06
9.5367e-07
2.1458e-06
0.0000e+00
5.8174e-05
4.0531e-06
5.0068e-06
1.1921e-06
2.1458e-06
4.0531e-06
9.5367e-07
9.5367e-07
0.0000e+00
5.9843e-05
3.0994e-06
0.0000e+00
5.6028e-05
1.9073e-06
4.0531e-06
9.5367e-07
3.0994e-06
0.0000e+00
5.6028e-05
1.9073e-06
0.0000e+00
6.8188e-05
2.1458e-06
8.1062e-06
9.5367e-07
1.9073e-06
0.0000e+00
5.5075e-05
3.0994e-06
3.0994e-06
9.5367e-07
5.0068e-06
0.0000e+00
7.7009e-05
3.0994e-06
3.8147e-06
9.5367e-07
5.0068e-06
0.0000e+00
5.6028e-05
1.9073e-06
0.0000e+00
5.3883e-05
5.9605e-06
4.0531e-06
9.5367e-07
9.5367e-07
9.0599e-06
9.5367e-07
1.9073e-06
0.0000e+00
5.9128e-05
1.9073e-06
0.0000e+00
5.5075e-05
9.5367e-07
0.0000e+00
5.4836e-05
1.9073e-06
0.0000e+00
7.1049e-05
4.0531e-06
0.0000e+00
5.5075e-05
2.8610e-06
5.0068e-06
9.5367e-07
1.9073e-06
0.0000e+00
5.6028e-05
1.9073e-06
0.0000e+00
6.1989e-05
2.1458e-06
0.0000e+00
5.4121e-05
3.0994e-06
0.0000e+00
5.4121e-05
1.9073e-06
0.0000e+00
5.4121e-05
1.9073e-06
5.0068e-06
1.1921e-06
2.8610e-06
0.0000e+00
5.6982e-05
1.9073e-06
4.0531e-06
9.5367e-07
1.9073e-06
2.8610e-06
9.5367e-07
2.1458e-06
0.0000e+00
5.6028e-05
1.9073e-06
0.0000e+00
5.3167e-05
2.1458e-06
4.0531e-06
9.5367e-07
1.9073e-06
1.2803e-04
0.0000e+00
9.5367e-07
0.0000e+00
5.6028e-05
9.5367e-07
0.0000e+00
5.2929e-05
1.9073e-06
5.0068e-06
1.1921e-06
1.9073e-06
6.5804e-05
9.5367e-07
9.5367e-07
0.0000e+00
5.7936e-05
1.9073e-06
0.0000e+00
5.3167e-05
6.1989e-06
0.0000e+00
5.5075e-05
2.1458e-06
4.0531e-06
9.5367e-07
9.5367e-07
2.8610e-06
1.1921e-06
6.1989e-06
7.6056e-05
9.5367e-07
1.9073e-06
0.0000e+00
5.5075e-05
1.9073e-06
0.0000e+00
5.3883e-05
1.9073e-06
4.0531e-06
1.1921e-06
1.1921e-06
0.0000e+00
7.3910e-05
3.0994e-06
4.0531e-06
0.0000e+00
1.9073e-06
2.8610e-06
0.0000e+00
2.1458e-06
0.0000e+00
5.6028e-05
2.1458e-06
0.0000e+00
5.4121e-05
3.0994e-06
0.0000e+00
7.9155e-05
4.0531e-06
0.0000e+00
6.5088e-05
2.8610e-06
1.2875e-05
9.5367e-07
1.9073e-06
0.0000e+00
5.7936e-05
1.9073e-06
0.0000e+00
7.7963e-05
3.8147e-06
3.8147e-06
9.5367e-07
3.0994e-06
3.0994e-06
9.5367e-07
5.0068e-06
1.9073e-05
9.5367e-07
1.9073e-06
8.8215e-06
9.5367e-07
9.5367e-07
0.0000e+00
5.6982e-05
1.9073e-06
0.0000e+00
5.2929e-05
1.9073e-06
4.0531e-06
9.5367e-07
2.1458e-06
0.0000e+00
5.5075e-05
2.1458e-06
0.0000e+00
5.4121e-05
2.1458e-06
0.0000e+00
7.0095e-05
3.0994e-06
0.0000e+00
5.6982e-05
2.1458e-06
5.0068e-06
9.5367e-07
2.8610e-06
0.0000e+00
5.6028e-05
2.1458e-06
0.0000e+00
5.4121e-05
5.9605e-06
0.0000e+00
5.5075e-05
2.8610e-06
0.0000e+00
5.3883e-05
1.9073e-06
4.7684e-06
9.5367e-07
9.5367e-07
0.0000e+00
5.4121e-05
1.9073e-06
4.0531e-06
1.1921e-06
2.8610e-06
0.0000e+00
5.6028e-05
3.0994e-06
0.0000e+00
5.6028e-05
5.0068e-06
0.0000e+00
5.4121e-05
3.0994e-06
4.0531e-06
9.5367e-07
1.9073e-06
0.0000e+00
5.6028e-05
2.1458e-06
4.0531e-06
9.5367e-07
1.9073e-06
0.0000e+00
5.4836e-05
2.1458e-06
0.0000e+00
5.4121e-05
3.0994e-06
0.0000e+00
7.3910e-05
4.0531e-06
0.0000e+00
5.6028e-05
1.9073e-06
4.0531e-06
9.5367e-07
9.5367e-07
0.0000e+00
6.2943e-05
3.0994e-06
3.0994e-06
9.5367e-07
9.5367e-07
0.0000e+00
5.4836e-05
1.9073e-06
5.0068e-06
9.5367e-07
1.9073e-06
4.0531e-06
9.5367e-07
9.5367e-07
3.8147e-06
9.5367e-07
2.1458e-06
0.0000e+00
5.8889e-05
3.0994e-06
0.0000e+00
6.8903e-05
4.0531e-06
0.0000e+00
5.6982e-05
5.1022e-05
5.0068e-06
9.5367e-07
9.5367e-07
0.0000e+00
5.4836e-05
2.1458e-06
0.0000e+00
5.3883e-05
3.0994e-06
4.0531e-06
0.0000e+00
9.5367e-07
4.0531e-06
9.5367e-07
1.9073e-06
4.0531e-06
1.1921e-06
1.1921e-06
2.5034e-05
9.5367e-07
1.9073e-06
0.0000e+00
5.6028e-05
1.1921e-06
5.0068e-06
9.5367e-07
1.9073e-06
0.0000e+00
7.2002e-05
5.8889e-05
0.0000e+00
5.6982e-05
2.1458e-06
1.0991e-04
9.5367e-07
2.1458e-06
3.0994e-06
9.5367e-07
9.5367e-07
0.0000e+00
5.6028e-05
9.5367e-07
3.8147e-06
9.5367e-07
1.1921e-06
0.0000e+00
5.3883e-05
2.1458e-06
0.0000e+00
5.4121e-05
3.0994e-06
0.0000e+00
5.4121e-05
2.1458e-06
0.0000e+00
7.7009e-05
2.8610e-06
0.0000e+00
5.5075e-05
3.0994e-06
0.0000e+00
5.4121e-05
3.0994e-06
0.0000e+00
5.4121e-05
2.1458e-06
4.0531e-06
0.0000e+00
1.9073e-06
0.0000e+00
6.2943e-05
1.9073e-06
0.0000e+00
5.5790e-05
3.0994e-06
0.0000e+00
5.3883e-05
3.0994e-06
4.0531e-06
9.5367e-07
2.1458e-06
0.0000e+00
5.6028e-05
2.8610e-06
0.0000e+00
5.5075e-05
1.9073e-06
5.0068e-06
9.5367e-07
9.5367e-07
3.0994e-06
9.5367e-07
9.5367e-07
0.0000e+00
5.5075e-05
1.9073e-06
0.0000e+00
5.5075e-05
1.9073e-06
0.0000e+00
5.4121e-05
2.1458e-06
3.0994e-06
0.0000e+00
1.9073e-06
2.8610e-06
1.1921e-06
2.1458e-06
0.0000e+00
7.2002e-05
2.8610e-06
0.0000e+00
5.6028e-05
6.1989e-06
4.0531e-06
0.0000e+00
1.9073e-06
0.0000e+00
5.5075e-05
1.9073e-06
0.0000e+00
5.5075e-05
2.8610e-06
5.0068e-06
9.5367e-07
1.9073e-06
0.0000e+00
5.5075e-05
1.9073e-06
0.0000e+00
5.5075e-05
3.8147e-06
0.0000e+00
5.3883e-05
1.9073e-06
3.8147e-06
9.5367e-07
4.0531e-06
0.0000e+00
5.6982e-05
1.9073e-06
0.0000e+00
5.2929e-05
1.9073e-06
0.0000e+00
5.4121e-05
2.8610e-06
0.0000e+00
5.2929e-05
1.9073e-06
0.0000e+00
5.4121e-05
2.8610e-06
5.0068e-06
1.1921e-06
1.1921e-06
0.0000e+00
5.3883e-05
3.0994e-06
0.0000e+00
5.2929e-05
2.8610e-06
0.0000e+00
5.6028e-05
2.1458e-06
4.0531e-06
0.0000e+00
9.5367e-07
0.0000e+00
5.4836e-05
2.1458e-06
0.0000e+00
5.4121e-05
2.1458e-06
0.0000e+00
5.4121e-05
2.1458e-06
0.0000e+00
5.4121e-05
3.0994e-06
0.0000e+00
5.4121e-05
5.9605e-06
0.0000e+00
5.3883e-05
1.9073e-06
0.0000e+00
7.2956e-05
2.8610e-06
0.0000e+00
5.3883e-05
1.9073e-06
0.0000e+00
5.2929e-05
2.8610e-06
0.0000e+00
5.2929e-05
1.9073e-06
0.0000e+00
5.4121e-05
1.9073e-06
0.0000e+00
5.4121e-05
1.9073e-06
4.0531e-06
0.0000e+00
9.5367e-07
2.8610e-06
9.5367e-07
9.5367e-07
4.0531e-06
9.5367e-07
9.5367e-07
2.8610e-06
1.1921e-06
2.1458e-06
0.0000e+00
5.6982e-05
3.0994e-06
0.0000e+00
5.5075e-05
2.8610e-06
0.0000e+00
5.5075e-05
3.8147e-06
0.0000e+00
5.4836e-05
1.9073e-06
3.8147e-06
9.5367e-07
1.9073e-06
2.0981e-05
1.1921e-06
1.1921e-06
0.0000e+00
5.5075e-05
2.1458e-06
0.0000e+00
5.2929e-05
2.1458e-06
2.8610e-06
9.5367e-07
1.9073e-06
2.8610e-06
9.5367e-07
9.5367e-07
4.0531e-06
9.5367e-07
9.5367e-07
0.0000e+00
5.6982e-05
2.1458e-06
1.0014e-05
0.0000e+00
9.5367e-07
4.0531e-06
1.1921e-06
1.1921e-06
0.0000e+00
5.5075e-05
2.1458e-06
0.0000e+00
5.4121e-05
1.9073e-06
0.0000e+00
5.2929e-05
2.8610e-06
0.0000e+00
5.3167e-05
2.1458e-06
0.0000e+00
5.2929e-05
3.0994e-06
0.0000e+00
5.9128e-05
3.0994e-06
0.0000e+00
5.2929e-05
2.1458e-06
0.0000e+00
5.2929e-05
1.9073e-06
0.0000e+00
5.1975e-05
2.1458e-06
0.0000e+00
5.2929e-05
2.1458e-06
0.0000e+00
5.5075e-05
2.1458e-06
5.0068e-06
9.5367e-07
9.5367e-07
3.8147e-06
9.5367e-07
6.1989e-06
0.0000e+00
7.3910e-05
2.8610e-06
2.0981e-05
9.5367e-07
9.5367e-07
4.0531e-06
1.1921e-06
2.1458e-06
0.0000e+00
5.6028e-05
3.0994e-06
0.0000e+00
5.4121e-05
1.9073e-06
3.0994e-06
0.0000e+00
3.0994e-06
2.8610e-06
0.0000e+00
1.9073e-06
0.0000e+00
5.5075e-05
1.9073e-06
3.8147e-06
9.5367e-07
2.1458e-06
6.4135e-05
9.5367e-07
9.5367e-07
2.8610e-06
1.1921e-06
9.5367e-07
4.0531e-06
0.0000e+00
1.9073e-06
4.0531e-06
1.5020e-05
3.0994e-06
1.0014e-05
9.5367e-07
9.5367e-07
0.0000e+00
5.8889e-05
1.9073e-06
0.0000e+00
5.3883e-05
3.0994e-06
3.8147e-06
0.0000e+00
1.9073e-06
0.0000e+00
5.5075e-05
1.3685e-04
1.0967e-05
0.0000e+00
1.9073e-06
2.8610e-06
1.1921e-06
7.1526e-06
0.0000e+00
5.5075e-05
2.1458e-06
0.0000e+00
5.4121e-05
1.9073e-06
0.0000e+00
7.2002e-05
4.0531e-06
0.0000e+00
5.5075e-05
2.1458e-06
4.0531e-06
9.5367e-07
1.9073e-06
2.8610e-06
1.1921e-06
1.1921e-06
0.0000e+00
6.2943e-05
1.9073e-06
0.0000e+00
5.4836e-05
1.9073e-06
4.0531e-06
9.5367e-07
9.5367e-07
1.3113e-05
9.5367e-07
1.9073e-06
0.0000e+00
5.5075e-05
1.9073e-06
2.8610e-06
0.0000e+00
3.0994e-06
0.0000e+00
7.4148e-05
3.0994e-06
0.0000e+00
5.4121e-05
3.0994e-06
0.0000e+00
5.4121e-05
1.9073e-06
4.0531e-06
1.1921e-06
1.1921e-06
0.0000e+00
5.3883e-05
3.0994e-06
1.5974e-05
9.5367e-07
2.1458e-06
0.0000e+00
5.5075e-05
9.5367e-07
0.0000e+00
5.5075e-05
3.0994e-06
4.0531e-06
0.0000e+00
1.9073e-06
0.0000e+00
7.3910e-05
2.8610e-06
0.0000e+00
5.4836e-05
3.0994e-06
0.0000e+00
6.1035e-05
2.8610e-06
3.8147e-06
0.0000e+00
2.1458e-06
4.0531e-06
9.5367e-07
1.9073e-06
0.0000e+00
5.6028e-05
2.1458e-06
2.2888e-05
0.0000e+00
1.1921e-06
5.9605e-06
9.5367e-07
1.9073e-06
4.0531e-06
1.1921e-06
2.1458e-06
1.3828e-05
9.5367e-07
2.1458e-06
0.0000e+00
5.5075e-05
2.1458e-06
0.0000e+00
7.4148e-05
2.1458e-06
5.0068e-06
9.5367e-07
1.9073e-06
0.0000e+00
5.6028e-05
2.1458e-06
0.0000e+00
5.2929e-05
3.0994e-06
9.1076e-05
9.5367e-07
1.9073e-06
0.0000e+00
5.6028e-05
1.9073e-06
0.0000e+00
5.2929e-05
9.5367e-07
0.0000e+00
5.4121e-05
2.1458e-06
0.0000e+00
6.1035e-05
3.8147e-06
4.0531e-06
0.0000e+00
2.1458e-06
3.0994e-06
9.5367e-07
1.9073e-06
0.0000e+00
5.6982e-05
2.1458e-06
0.0000e+00
5.5075e-05
3.0994e-06
0.0000e+00
5.4121e-05
2.1458e-06
5.0068e-06
9.5367e-07
1.9073e-06
0.0000e+00
5.4836e-05
1.9073e-06
3.8147e-06
9.5367e-07
9.5367e-07
4.0531e-06
9.5367e-07
9.5367e-07
4.0531e-06
9.5367e-07
9.5367e-07
0.0000e+00
7.2956e-05
2.8610e-06
3.0041e-05
9.5367e-07
2.1458e-06
0.0000e+00
5.5075e-05
2.1458e-06
0.0000e+00
5.4121e-05
2.1458e-06
5.7936e-05
1.1921e-06
1.1921e-06
0.0000e+00
5.5075e-05
2.1458e-06
4.0531e-06
9.5367e-07
9.5367e-07
9.0599e-06
9.5367e-07
9.5367e-07
0.0000e+00
6.1989e-05
3.0994e-06
4.0531e-06
9.5367e-07
2.1458e-06
0.0000e+00
5.3883e-05
3.0994e-06
0.0000e+00
5.6028e-05
3.0994e-06
0.0000e+00
5.5075e-05
2.1458e-06
3.6001e-05
1.1921e-06
2.1458e-06
0.0000e+00
5.6028e-05
9.5367e-07
0.0000e+00
5.4121e-05
2.1458e-06
0.0000e+00
5.5075e-05
1.1921e-06
5.0068e-06
9.5367e-07
9.5367e-07
2.4080e-05
0.0000e+00
9.5367e-07
0.0000e+00
5.4836e-05
2.1458e-06
0.0000e+00
5.7936e-05
1.9073e-06
3.8147e-06
9.5367e-07
1.9073e-06
0.0000e+00
5.5075e-05
2.8610e-06
4.0531e-06
9.5367e-07
9.5367e-07
0.0000e+00
5.4836e-05
2.1458e-06
0.0000e+00
6.1035e-05
3.0994e-06
0.0000e+00
5.4121e-05
1.9073e-06
4.0531e-06
9.5367e-07
2.1458e-06
0.0000e+00
5.6028e-05
2.8610e-06
4.0531e-06
1.1921e-06
2.1458e-06
0.0000e+00
5.6982e-05
1.9073e-06
2.8610e-06
1.1921e-06
1.1921e-06
4.0531e-06
0.0000e+00
9.5367e-07
3.0994e-06
9.5367e-07
9.5367e-07
2.3842e-05
1.1921e-06
1.9073e-06
0.0000e+00
5.5075e-05
2.1458e-06
1.8692e-04
1.1921e-06
2.1458e-06
0.0000e+00
5.6028e-05
1.9073e-06
5.0068e-06
9.5367e-07
9.5367e-07
2.8610e-06
1.1921e-06
9.5367e-07
5.1975e-05
9.5367e-07
9.5367e-07
0.0000e+00
7.7009e-05
3.0994e-06
1.5020e-05
1.1921e-06
9.5367e-07
0.0000e+00
5.7936e-05
1.9073e-06
0.0000e+00
5.3883e-05
9.5367e-07
0.0000e+00
5.2929e-05
9.5367e-07
0.0000e+00
5.4121e-05
3.0994e-06
4.0531e-06
9.5367e-07
2.1458e-06
2.8610e-06
1.1921e-06
2.1458e-06
9.0599e-06
9.5367e-07
9.5367e-07
4.0531e-06
9.5367e-07
9.5367e-07
0.0000e+00
7.4148e-05
2.8610e-06
3.8147e-06
9.5367e-07
2.1458e-06
0.0000e+00
5.6982e-05
1.9073e-06
6.9141e-06
0.0000e+00
1.1921e-06
1.2612e-04
0.0000e+00
9.5367e-07
0.0000e+00
5.6028e-05
9.5367e-07
0.0000e+00
5.3883e-05
9.5367e-07
5.0068e-06
9.5367e-07
1.1921e-06
0.0000e+00
6.1989e-05
1.9073e-06
0.0000e+00
5.5790e-05
3.0994e-06
0.0000e+00
7.3910e-05
3.0994e-06
0.0000e+00
5.6028e-05
2.1458e-06
0.0000e+00
5.5075e-05
3.0994e-06
0.0000e+00
5.4121e-05
1.9073e-06
0.0000e+00
5.4121e-05
1.9073e-06
5.0068e-06
1.1921e-06
9.5367e-07
0.0000e+00
5.5075e-05
2.1458e-06
0.0000e+00
5.3167e-05
2.1458e-06
0.0000e+00
7.0095e-05
4.0531e-06
4.0531e-06
9.5367e-07
2.1458e-06
0.0000e+00
5.6028e-05
2.1458e-06
0.0000e+00
5.4121e-05
3.0994e-06
3.0994e-06
9.5367e-07
9.5367e-07
3.8147e-06
9.5367e-07
9.5367e-07
3.0994e-06
6.9141e-06
2.1458e-06
0.0000e+00
5.7936e-05
4.0531e-06
0.0000e+00
5.5075e-05
1.9073e-06
0.0000e+00
5.4836e-05
1.9073e-06
4.0531e-06
1.5974e-05
3.0994e-06
0.0000e+00
5.6982e-05
2.8610e-06
4.0531e-06
1.1921e-06
9.5367e-07
0.0000e+00
5.5075e-05
3.8147e-06
3.8147e-06
1.1921e-06
2.1458e-06
4.0531e-06
9.5367e-07
9.5367e-07
0.0000e+00
5.5075e-05
4.8876e-05
0.0000e+00
5.3883e-05
1.9073e-06
0.0000e+00
5.2929e-05
2.8610e-06
0.0000e+00
5.3883e-05
4.0531e-06
0.0000e+00
5.7220e-05
2.1458e-06
4.0531e-06
0.0000e+00
9.5367e-07
0.0000e+00
6.2943e-05
3.0994e-06
0.0000e+00
5.6028e-05
1.9073e-06
4.0531e-06
9.5367e-07
1.9073e-06
3.0994e-06
0.0000e+00
9.5367e-07
0.0000e+00
5.5075e-05
1.9073e-06
0.0000e+00
5.4121e-05
1.9073e-06
8.0109e-05
9.5367e-07
9.5367e-07
0.0000e+00
7.7009e-05
4.0531e-06
4.0531e-06
0.0000e+00
2.1458e-06
0.0000e+00
5.6028e-05
1.9073e-06
0.0000e+00
5.3883e-05
1.9073e-06
0.0000e+00
5.4836e-05
1.9073e-06
0.0000e+00
5.2929e-05
2.8610e-06
0.0000e+00
5.4836e-05
1.9073e-06
0.0000e+00
5.3883e-05
3.0994e-06
2.8610e-06
9.5367e-07
2.8610e-06
0.0000e+00
5.8889e-05
1.9073e-06
0.0000e+00
5.3883e-05
1.9073e-06
0.0000e+00
5.4836e-05
2.8610e-06
0.0000e+00
5.5075e-05
2.1458e-06
0.0000e+00
5.5075e-05
3.0994e-06
4.0531e-06
9.5367e-07
1.9073e-06
0.0000e+00
5.2929e-05
1.9073e-06
4.0531e-06
9.5367e-07
2.1458e-06
0.0000e+00
7.1049e-05
2.8610e-06
0.0000e+00
5.7220e-05
2.1458e-06
5.0068e-06
0.0000e+00
9.5367e-07
3.8147e-06
1.1921e-06
2.1458e-06
2.1935e-05
9.5367e-07
9.5367e-07
8.0824e-05
9.5367e-07
1.9073e-06
0.0000e+00
5.5075e-05
1.9073e-06
0.0000e+00
5.3883e-05
9.5367e-07
0.0000e+00
5.6028e-05
3.0994e-06
0.0000e+00
5.4121e-05
2.1458e-06
3.0994e-06
0.0000e+00
3.0994e-06
0.0000e+00
5.7936e-05
1.9073e-06
0.0000e+00
5.5075e-05
2.1458e-06
4.0531e-06
0.0000e+00
1.9073e-06
0.0000e+00
5.5075e-05
1.9073e-06
0.0000e+00
5.4121e-05
2.1458e-06
0.0000e+00
5.3167e-05
5.0068e-06
4.0531e-06
1.1921e-06
1.1921e-06
3.8147e-06
9.5367e-07
2.1458e-06
1.0610e-04
9.5367e-07
1.9073e-06
0.0000e+00
7.0095e-05
2.8610e-06
0.0000e+00
5.6028e-05
3.0994e-06
4.0531e-06
9.5367e-07
1.9073e-06
2.8610e-06
0.0000e+00
5.9605e-06
0.0000e+00
6.1035e-05
2.1458e-06
5.0068e-06
9.5367e-07
1.9073e-06
7.8678e-06
9.5367e-07
2.1458e-06
0.0000e+00
5.5075e-05
1.9073e-06
0.0000e+00
5.3167e-05
3.0994e-06
4.0531e-06
9.5367e-07
1.9073e-06
2.8610e-06
0.0000e+00
2.1458e-06
0.0000e+00
7.3910e-05
3.0994e-06
0.0000e+00
5.3883e-05
3.0994e-06
4.0531e-06
9.5367e-07
1.9073e-06
0.0000e+00
5.3883e-05
8.7023e-05
1.1921e-05
9.5367e-07
9.5367e-07
0.0000e+00
5.5075e-05
2.1458e-06
4.0531e-06
9.5367e-07
1.9073e-06
0.0000e+00
5.3883e-05
1.9073e-06
0.0000e+00
5.3883e-05
1.9073e-06
0.0000e+00
7.0810e-05
4.0531e-06
0.0000e+00
6.1035e-05
1.9073e-06
0.0000e+00
5.4836e-05
1.9073e-06
0.0000e+00
5.4836e-05
2.1458e-06
4.0531e-06
9.5367e-07
1.9073e-06
0.0000e+00
5.5075e-05
1.9073e-06
0.0000e+00
5.4121e-05
1.9073e-06
4.0531e-06
9.5367e-07
1.9073e-06
0.0000e+00
5.6028e-05
3.8147e-06
5.0068e-06
9.5367e-07
9.5367e-07
4.0531e-06
9.5367e-07
1.9073e-06
0.0000e+00
5.7220e-05
3.0994e-06
0.0000e+00
5.3167e-05
2.1458e-06
4.0531e-06
9.5367e-07
1.9073e-06
0.0000e+00
5.4836e-05
2.8610e-06
7.5102e-05
9.5367e-07
1.1921e-06
0.0000e+00
5.6028e-05
2.1458e-06
0.0000e+00
6.1035e-05
2.8610e-06
0.0000e+00
7.2002e-05
3.0994e-06
4.0531e-06
9.5367e-07
3.0994e-06
0.0000e+00
5.5075e-05
1.9073e-06
0.0000e+00
5.5075e-05
1.9073e-06
0.0000e+00
5.3883e-05
2.8610e-06
4.0531e-06
1.1921e-06
2.1458e-06
0.0000e+00
5.5075e-05
2.1458e-06
0.0000e+00
5.4121e-05
3.0994e-06
3.0994e-06
0.0000e+00
1.9073e-06
0.0000e+00
7.1049e-05
3.0994e-06
5.0068e-06
9.5367e-07
2.8610e-06
0.0000e+00
5.8174e-05
2.1458e-06
0.0000e+00
5.5075e-05
2.1458e-06
4.0531e-06
0.0000e+00
9.5367e-07
4.0531e-06
1.1921e-06
2.1458e-06
0.0000e+00
5.4121e-05
3.0994e-06
0.0000e+00
5.3167e-05
2.8610e-06
4.0531e-06
0.0000e+00
9.5367e-07
2.8610e-06
0.0000e+00
1.1921e-06
1.0014e-05
0.0000e+00
9.5367e-07
4.0531e-06
1.1921e-06
2.8610e-06
0.0000e+00
5.7936e-05
5.0068e-06
0.0000e+00
5.5075e-05
1.9073e-06
0.0000e+00
5.4121e-05
2.1458e-06
4.0531e-06
9.5367e-07
4.0531e-06
0.0000e+00
5.5075e-05
1.8907e-04
4.0531e-06
9.5367e-07
2.1458e-06
5.0068e-06
9.5367e-07
9.5367e-07
0.0000e+00
5.7936e-05
4.2915e-05
0.0000e+00
5.5075e-05
2.8610e-06
4.0531e-06
9.5367e-07
1.9073e-06
0.0000e+00
6.4135e-05
1.9073e-06
0.0000e+00
5.4121e-05
1.9073e-06
3.8147e-06
0.0000e+00
2.1458e-06
0.0000e+00
5.5075e-05
1.9073e-06
0.0000e+00
5.4121e-05
1.9073e-06
4.0531e-06
0.0000e+00
9.5367e-07
2.8610e-06
1.1921e-06
2.1458e-06
0.0000e+00
5.5075e-05
2.1458e-06
5.8889e-05
9.5367e-07
2.1458e-06
0.0000e+00
7.5102e-05
2.1458e-06
0.0000e+00
5.4121e-05
1.9073e-06
0.0000e+00
5.5075e-05
2.8610e-06
5.0068e-06
1.1921e-06
9.5367e-07
0.0000e+00
5.5075e-05
1.9073e-06
0.0000e+00
5.4121e-05
2.8610e-06
0.0000e+00
5.3883e-05
1.9073e-06
0.0000e+00
5.9843e-05
2.8610e-06
4.0531e-06
9.5367e-07
3.0994e-06
0.0000e+00
5.8174e-05
2.1458e-06
0.0000e+00
5.4121e-05
2.1458e-06
4.0531e-06
0.0000e+00
1.9073e-06
0.0000e+00
5.4836e-05
2.8610e-06
0.0000e+00
5.2929e-05
1.9073e-06
0.0000e+00
5.3883e-05
2.8610e-06
0.0000e+00
5.2929e-05
1.9073e-06
0.0000e+00
5.4836e-05
4.0531e-06
4.0531e-06
9.5367e-07
1.9073e-06
8.8215e-06
9.5367e-07
2.1458e-06
0.0000e+00
5.6982e-05
1.9073e-06
4.0531e-06
1.1921e-06
2.1458e-06
0.0000e+00
5.4121e-05
2.9087e-05
2.9087e-05
9.5367e-07
9.5367e-07
0.0000e+00
5.5790e-05
2.1458e-06
2.8610e-06
9.5367e-07
1.9073e-06
0.0000e+00
5.4836e-05
1.9073e-06
0.0000e+00
5.4836e-05
2.8610e-06
4.0531e-06
9.5367e-07
3.0994e-06
0.0000e+00
5.6982e-05
1.9073e-06
4.0531e-06
9.5367e-07
9.5367e-07
3.0994e-06
9.5367e-07
9.5367e-07
4.0531e-06
9.5367e-07
1.9073e-06
0.0000e+00
5.4836e-05
2.1458e-06
0.0000e+00
5.2929e-05
1.9073e-06
5.1022e-05
9.5367e-07
9.5367e-07
0.0000e+00
5.4836e-05
6.5088e-05
4.0531e-06
9.5367e-07
1.9073e-06
0.0000e+00
5.5075e-05
3.0994e-06
4.0531e-06
9.5367e-07
2.1458e-06
0.0000e+00
5.7936e-05
1.9073e-06
0.0000e+00
5.3883e-05
2.8610e-06
3.8147e-06
9.5367e-07
1.9073e-06
9.4175e-05
9.5367e-07
9.5367e-07
0.0000e+00
5.5790e-05
1.1921e-06
0.0000e+00
5.3883e-05
3.0994e-06
0.0000e+00
5.4121e-05
2.1458e-06
0.0000e+00
5.2929e-05
4.0531e-06
5.0068e-06
9.5367e-07
2.1458e-06
0.0000e+00
5.6982e-05
1.9073e-06
5.0068e-06
0.0000e+00
9.5367e-07
0.0000e+00
5.5075e-05
1.9073e-06
3.0994e-06
9.5367e-07
2.1458e-06
3.0994e-06
9.5367e-07
1.9073e-06
0.0000e+00
5.6028e-05
9.0599e-06
0.0000e+00
5.3883e-05
2.1458e-06
4.0531e-06
9.5367e-07
9.5367e-07
4.0531e-06
9.5367e-07
9.5367e-07
4.0531e-06
9.5367e-07
1.9073e-06
1.2875e-05
9.5367e-07
1.1921e-06
3.0994e-06
9.5367e-07
1.9073e-06
0.0000e+00
6.6996e-05
1.9073e-06
0.0000e+00
5.5075e-05
1.3304e-04
3.8147e-06
1.1921e-06
6.1989e-06
6.1989e-05
9.5367e-07
9.5367e-07
0.0000e+00
5.4836e-05
1.9073e-06
0.0000e+00
5.3883e-05
1.9073e-06
0.0000e+00
5.3883e-05
1.9073e-06
4.0531e-06
9.5367e-07
3.0994e-06
4.0531e-06
1.6928e-05
2.1458e-06
4.0531e-06
9.5367e-07
9.5367e-07
3.0994e-06
9.5367e-07
1.9073e-06
0.0000e+00
5.8174e-05
2.1458e-06
4.0531e-06
9.5367e-07
1.9073e-06
0.0000e+00
5.4836e-05
1.9073e-06
4.0531e-06
0.0000e+00
1.9073e-06
0.0000e+00
5.6028e-05
1.9073e-06
3.8147e-06
1.1921e-06
2.1458e-06
0.0000e+00
6.2943e-05
2.8610e-06
0.0000e+00
5.4836e-05
3.0994e-06
4.0531e-06
0.0000e+00
1.9073e-06
0.0000e+00
5.7936e-05
2.8610e-06
3.8147e-06
9.5367e-07
9.5367e-07
0.0000e+00
5.6028e-05
1.9073e-06
2.5606e-04
1.1921e-06
2.1458e-06
0.0000e+00
5.5075e-05
2.1458e-06
0.0000e+00
5.4121e-05
3.0994e-06
0.0000e+00
5.6028e-05
7.8678e-06
0.0000e+00
5.3883e-05
2.8610e-06
3.8147e-06
9.5367e-07
1.9073e-06
4.0531e-06
9.5367e-07
9.5367e-07
0.0000e+00
6.4850e-05
1.9073e-06
0.0000e+00
5.3883e-05
1.9073e-06
0.0000e+00
5.3883e-05
1.9073e-06
0.0000e+00
5.3883e-05
1.9073e-06
0.0000e+00
5.3883e-05
2.8610e-06
0.0000e+00
5.2929e-05
3.0994e-06
0.0000e+00
7.0095e-05
2.8610e-06
4.0531e-06
0.0000e+00
1.9073e-06
4.0531e-06
9.5367e-07
9.5367e-07
0.0000e+00
5.6982e-05
9.0599e-06
0.0000e+00
5.4836e-05
1.9073e-06
0.0000e+00
5.4836e-05
1.9073e-06
3.8147e-06
9.5367e-07
2.1458e-06
0.0000e+00
5.2929e-05
3.0994e-06
0.0000e+00
5.3883e-05
2.8610e-06
3.8147e-06
9.5367e-07
2.1458e-06
4.0531e-06
9.5367e-07
2.8610e-06
0.0000e+00
5.6982e-05
3.0994e-06
0.0000e+00
5.4121e-05
2.1458e-06
5.0068e-06
9.5367e-07
1.9073e-06
0.0000e+00
5.6028e-05
2.1458e-06
5.9605e-06
9.5367e-07
2.1458e-06
0.0000e+00
5.6982e-05
1.9073e-06
0.0000e+00
5.3883e-05
3.0994e-06
0.0000e+00
5.3883e-05
1.0085e-04
0.0000e+00
7.0095e-05
3.0994e-06
0.0000e+00
5.6028e-05
1.9073e-06
4.0531e-06
1.1921e-06
2.1458e-06
4.0531e-06
9.5367e-07
1.9073e-06
0.0000e+00
5.6028e-05
3.0994e-06
4.0531e-06
9.5367e-07
9.5367e-07
0.0000e+00
5.4121e-05
3.0994e-06
0.0000e+00
6.0081e-05
1.9073e-06
0.0000e+00
5.3883e-05
1.9073e-06
0.0000e+00
5.3883e-05
4.0531e-06
0.0000e+00
5.7936e-05
2.8610e-06
0.0000e+00
5.3883e-05
1.9073e-06
0.0000e+00
5.4836e-05
1.9073e-06
4.0531e-06
9.5367e-07
2.1458e-06
3.0994e-06
9.5367e-07
9.5367e-07
0.0000e+00
5.5075e-05
1.9073e-06
4.0531e-06
9.5367e-07
1.9073e-06
1.2279e-04
9.5367e-07
1.9073e-06
0.0000e+00
5.5075e-05
9.5367e-07
0.0000e+00
7.6056e-05
1.9073e-06
0.0000e+00
5.2929e-05
1.9073e-06
1.1206e-05
9.5367e-07
9.5367e-07
0.0000e+00
5.6028e-05
2.1458e-06
0.0000e+00
5.5075e-05
1.9073e-06
0.0000e+00
5.4121e-05
3.0994e-06
0.0000e+00
5.5075e-05
1.9073e-06
4.0531e-06
9.5367e-07
1.9073e-06
0.0000e+00
5.3883e-05
1.9073e-06
3.8147e-06
1.6928e-05
2.8610e-06
0.0000e+00
5.7936e-05
2.8610e-06
5.0068e-06
9.5367e-07
1.1921e-06
0.0000e+00
5.5075e-05
2.1458e-06
4.0531e-06
9.5367e-07
1.9073e-06
2.8610e-06
1.1921e-06
1.1921e-06
0.0000e+00
5.5075e-05
2.1458e-06
4.0531e-06
9.5367e-07
9.5367e-07
0.0000e+00
5.6982e-05
2.1458e-06
0.0000e+00
5.5075e-05
2.5988e-05
4.0531e-06
9.5367e-07
1.9073e-06
4.0531e-06
9.5367e-07
1.9073e-06
3.8147e-06
9.5367e-07
1.9073e-06
0.0000e+00
5.7936e-05
1.9073e-06
4.0531e-06
9.5367e-07
2.1458e-06
1.9097e-04
9.5367e-07
9.5367e-07
0.0000e+00
5.4836e-05
1.9073e-06
0.0000e+00
5.5075e-05
1.9073e-06
3.0994e-06
9.5367e-07
1.9073e-06
0.0000e+00
5.3883e-05
1.9073e-06
0.0000e+00
5.3883e-05
4.0531e-06
0.0000e+00
5.6982e-05
1.9073e-06
3.8147e-06
0.0000e+00
1.9073e-06
0.0000e+00
5.4121e-05
2.8610e-06
0.0000e+00
5.3883e-05
1.9073e-06
3.0994e-06
0.0000e+00
2.1458e-06
3.0994e-06
9.5367e-07
1.9073e-06
0.0000e+00
5.5075e-05
3.0994e-06
0.0000e+00
5.6028e-05
2.8610e-06
0.0000e+00
5.3883e-05
1.9073e-06
0.0000e+00
7.3910e-05
2.8610e-06
0.0000e+00
5.5790e-05
3.0994e-06
0.0000e+00
5.2929e-05
2.1458e-06
0.0000e+00
5.5075e-05
3.0994e-06
5.0068e-06
1.1921e-06
9.5367e-07
3.8147e-06
9.5367e-07
9.5367e-07
3.0994e-06
9.5367e-07
9.5367e-07
4.0531e-06
1.1921e-06
5.0068e-06
0.0000e+00
5.3883e-05
1.9073e-06
0.0000e+00
5.3883e-05
3.0994e-06
0.0000e+00
5.6028e-05
1.9073e-06
5.5075e-05
1.1921e-06
2.1458e-06
0.0000e+00
5.7936e-05
2.8610e-06
4.0531e-06
1.1921e-06
2.1458e-06
4.0531e-06
9.5367e-07
9.5367e-07
3.8147e-06
9.5367e-07
9.5367e-07
0.0000e+00
5.6982e-05
1.9073e-06
3.8147e-06
9.5367e-07
2.1458e-06
3.0994e-06
9.5367e-07
9.5367e-07
1.8120e-05
0.0000e+00
1.9073e-06
0.0000e+00
5.5790e-05
1.9073e-06
3.8147e-06
1.6928e-05
2.8610e-06
0.0000e+00
5.6982e-05
1.9073e-06
0.0000e+00
5.4121e-05
2.8610e-06
7.1526e-06
0.0000e+00
1.9073e-06
0.0000e+00
5.6028e-05
3.0994e-06
0.0000e+00
5.5075e-05
2.1458e-06
0.0000e+00
5.2929e-05
3.0994e-06
0.0000e+00
5.5075e-05
2.1458e-06
0.0000e+00
5.4121e-05
3.0994e-06
0.0000e+00
5.6982e-05
2.8610e-06
0.0000e+00
5.3883e-05
9.0599e-06
0.0000e+00
5.6028e-05
2.8610e-06
0.0000e+00
5.4836e-05
1.9073e-06
5.0068e-06
9.5367e-07
5.9605e-06
0.0000e+00
5.5075e-05
2.1458e-06
0.0000e+00
5.5075e-05
2.8610e-06
0.0000e+00
5.2929e-05
1.1802e-04
0.0000e+00
5.6982e-05
2.1458e-06
0.0000e+00
5.3883e-05
3.0994e-06
0.0000e+00
5.3883e-05
1.9073e-06
4.0531e-06
9.5367e-07
1.9073e-06
0.0000e+00
5.6028e-05
2.8610e-06
1.3208e-04
1.1921e-06
1.1921e-06
0.0000e+00
5.6028e-05
1.9073e-06
0.0000e+00
5.3883e-05
2.8610e-06
0.0000e+00
7.1764e-05
4.0531e-06
0.0000e+00
5.6028e-05
1.9073e-06
5.0068e-06
9.5367e-07
9.5367e-07
0.0000e+00
5.5075e-05
1.9073e-06
0.0000e+00
5.4836e-05
1.9073e-06
0.0000e+00
5.3883e-05
2.8610e-06
0.0000e+00
5.3883e-05
1.9073e-06
0.0000e+00
5.2929e-05
1.9073e-06
4.0531e-06
1.1921e-06
3.0994e-06
0.0000e+00
5.7936e-05
2.8610e-06
0.0000e+00
5.3883e-05
5.9605e-06
5.0068e-06
9.5367e-07
2.1458e-06
7.8678e-06
9.5367e-07
2.1458e-06
0.0000e+00
6.1989e-05
3.0994e-06
0.0000e+00
5.6028e-05
2.1458e-06
4.0531e-06
9.5367e-07
1.9073e-06
4.0531e-06
1.1921e-06
2.1458e-06
0.0000e+00
5.7936e-05
2.8610e-06
0.0000e+00
5.3883e-05
4.0531e-06
0.0000e+00
5.6028e-05
2.1458e-06
0.0000e+00
5.5075e-05
2.1458e-06
0.0000e+00
5.4121e-05
3.0994e-06
0.0000e+00
5.4121e-05
2.1458e-06
5.4121e-05
9.5367e-07
9.5367e-07
3.8147e-06
9.5367e-07
1.1921e-06
4.0531e-06
0.0000e+00
9.5367e-07
0.0000e+00
5.5075e-05
1.9073e-06
4.0531e-06
1.1921e-06
1.1921e-06
0.0000e+00
7.8917e-05
3.0994e-06
6.3896e-05
9.5367e-07
1.9073e-06
0.0000e+00
5.6028e-05
2.1458e-06
0.0000e+00
5.4121e-05
2.1458e-06
4.0531e-06
0.0000e+00
2.8610e-06
0.0000e+00
5.5075e-05
1.9073e-06
3.8147e-06
9.5367e-07
2.1458e-06
0.0000e+00
5.4121e-05
3.0994e-06
1.1802e-04
9.5367e-07
1.9073e-06
0.0000e+00
5.6028e-05
4.0531e-06
0.0000e+00
5.8174e-05
3.0994e-06
5.0068e-06
1.1921e-06
9.5367e-07
3.8147e-06
9.5367e-07
2.1458e-06
0.0000e+00
5.6028e-05
1.9073e-06
3.0994e-06
0.0000e+00
9.5367e-07
1.0014e-05
9.5367e-07
1.1921e-06
0.0000e+00
5.6028e-05
1.9073e-06
0.0000e+00
5.4121e-05
1.9073e-06
0.0000e+00
6.1989e-05
3.0994e-06
0.0000e+00
5.4121e-05
3.8147e-06
7.7009e-05
9.5367e-07
1.9073e-06
0.0000e+00
5.8174e-05
2.1458e-06
4.0531e-06
9.5367e-07
9.5367e-07
0.0000e+00
5.4836e-05
1.9073e-06
2.8610e-06
9.5367e-07
1.9073e-06
9.0599e-06
9.5367e-07
1.9073e-06
2.8610e-06
1.1921e-06
2.1458e-06
0.0000e+00
5.6028e-05
2.1458e-06
0.0000e+00
5.4121e-05
3.0994e-06
0.0000e+00
5.5075e-05
2.8610e-06
0.0000e+00
5.6982e-05
1.9073e-06
4.0531e-06
9.5367e-07
2.1458e-06
3.0994e-06
0.0000e+00
1.9073e-06
0.0000e+00
5.6028e-05
1.9073e-06
3.3140e-05
9.5367e-07
1.9073e-06
0.0000e+00
6.1989e-05
2.1458e-06
0.0000e+00
5.5075e-05
2.1458e-06
0.0000e+00
5.6028e-05
1.9073e-06
5.0068e-06
9.5367e-07
9.5367e-07
4.0531e-06
9.5367e-07
1.9073e-06
0.0000e+00
7.5102e-05
2.8610e-06
0.0000e+00
5.4836e-05
1.9073e-06
0.0000e+00
5.4836e-05
2.8610e-06
4.0531e-06
9.5367e-07
1.9073e-06
0.0000e+00
5.4121e-05
2.1458e-06
4.0531e-06
9.5367e-07
2.1458e-06
0.0000e+00
5.5075e-05
3.0994e-06
5.0068e-06
9.5367e-07
9.5367e-07
0.0000e+00
5.3883e-05
1.0800e-04
3.0994e-06
1.1921e-06
3.0994e-06
0.0000e+00
5.6982e-05
1.9073e-06
4.0531e-06
6.9141e-06
2.1458e-06
3.0994e-06
9.5367e-07
9.5367e-07
0.0000e+00
5.6028e-05
1.9073e-06
0.0000e+00
5.4836e-05
3.0994e-06
0.0000e+00
5.5075e-05
2.3127e-05
3.0994e-06
0.0000e+00
9.5367e-07
3.8147e-06
9.5367e-07
1.1921e-06
0.0000e+00
5.5075e-05
1.1921e-06
3.0994e-06
9.5367e-07
1.9073e-06
4.0531e-06
9.5367e-07
2.1458e-06
0.0000e+00
5.6028e-05
2.8610e-06
0.0000e+00
5.2929e-05
1.4997e-04
0.0000e+00
5.5075e-05
1.9073e-06
1.1921e-05
9.5367e-07
1.9073e-06
4.0531e-06
9.5367e-07
9.5367e-07
0.0000e+00
5.5075e-05
1.9073e-06
0.0000e+00
5.9843e-05
1.1921e-05
0.0000e+00
5.3883e-05
1.9073e-06
0.0000e+00
7.2002e-05
3.0994e-06
1.1921e-05
0.0000e+00
9.5367e-07
0.0000e+00
5.6028e-05
2.8610e-06
0.0000e+00
5.2929e-05
2.8610e-06
0.0000e+00
5.4836e-05
2.1458e-06
4.0531e-06
9.5367e-07
1.9073e-06
8.1062e-06
9.5367e-07
2.1458e-06
0.0000e+00
5.6028e-05
2.1458e-06
0.0000e+00
5.4121e-05
2.1458e-06
3.0994e-06
0.0000e+00
1.9073e-06
0.0000e+00
5.8174e-05
2.1458e-06
0.0000e+00
1.7214e-04
4.0531e-06
0.0000e+00
6.1989e-05
2.1458e-06
0.0000e+00
5.5075e-05
2.1458e-06
0.0000e+00
6.0081e-05
1.9073e-06
0.0000e+00
5.5075e-05
1.9073e-06
0.0000e+00
5.4836e-05
1.9073e-06
5.0068e-06
9.5367e-07
2.8610e-06
0.0000e+00
5.6982e-05
3.0994e-06
0.0000e+00
5.4121e-05
2.1458e-06
4.0531e-06
9.5367e-07
1.9073e-06
0.0000e+00
5.4836e-05
2.1458e-06
4.0531e-06
9.5367e-07
1.9073e-06
0.0000e+00
5.4121e-05
2.8610e-06
0.0000e+00
5.4121e-05
2.8610e-06
0.0000e+00
5.2929e-05
1.9073e-06
3.0994e-06
0.0000e+00
9.5367e-07
0.0000e+00
6.9857e-05
4.0531e-06
4.0531e-06
9.5367e-07
8.1062e-06
0.0000e+00
5.6028e-05
1.9073e-06
0.0000e+00
5.3883e-05
4.0531e-06
4.0531e-06
9.5367e-07
1.9073e-06
4.0531e-06
1.1921e-06
1.9073e-06
0.0000e+00
5.6028e-05
2.1458e-06
0.0000e+00
5.4121e-05
2.1458e-06
4.0531e-06
9.5367e-07
1.9073e-06
4.0531e-06
0.0000e+00
9.5367e-07
7.8917e-05
1.1921e-06
2.8610e-06
5.0068e-06
1.1921e-06
1.1921e-06
1.6928e-05
9.5367e-07
9.5367e-07
0.0000e+00
5.7936e-05
1.9073e-06
0.0000e+00
5.3883e-05
2.8610e-06
0.0000e+00
5.2929e-05
1.9073e-06
0.0000e+00
5.6028e-05
2.8610e-06
0.0000e+00
5.4836e-05
1.9073e-06
5.0068e-06
9.5367e-07
9.5367e-07
7.2002e-05
9.5367e-07
9.5367e-07
0.0000e+00
7.2956e-05
3.0994e-06
5.0068e-06
9.5367e-07
1.9073e-06
2.8610e-06
0.0000e+00
1.1921e-06
3.0994e-06
9.5367e-07
1.9073e-06
0.0000e+00
5.6028e-05
1.9073e-06
0.0000e+00
5.4121e-05
3.0994e-06
9.0599e-06
0.0000e+00
2.1458e-06
0.0000e+00
5.5075e-05
1.1921e-06
0.0000e+00
5.5075e-05
2.1458e-06
0.0000e+00
5.4121e-05
6.1035e-05
0.0000e+00
7.3195e-05
4.0531e-06
5.0068e-06
1.1921e-06
1.1921e-06
1.6928e-05
1.1921e-06
2.1458e-06
0.0000e+00
5.6028e-05
1.9073e-06
3.8147e-06
9.5367e-07
2.1458e-06
9.0599e-06
9.5367e-07
1.9073e-06
4.0531e-06
0.0000e+00
1.1921e-06
0.0000e+00
6.3896e-05
1.9073e-06
0.0000e+00
5.3883e-05
1.1802e-04
4.0531e-06
1.1921e-06
2.1458e-06
0.0000e+00
5.5075e-05
2.8610e-06
0.0000e+00
5.6982e-05
2.1458e-06
0.0000e+00
5.6028e-05
3.8147e-06
1.0967e-05
9.5367e-07
9.5367e-07
0.0000e+00
5.4836e-05
9.5367e-07
0.0000e+00
5.3883e-05
1.9073e-06
3.8147e-06
9.5367e-07
1.9073e-06
8.1062e-06
9.5367e-07
9.5367e-07
3.0994e-06
9.5367e-07
9.5367e-07
0.0000e+00
5.4836e-05
2.8610e-06
0.0000e+00
6.9857e-05
4.0531e-06
4.0531e-06
0.0000e+00
1.9073e-06
0.0000e+00
6.1989e-05
1.9073e-06
0.0000e+00
5.4121e-05
2.2173e-05
4.0531e-06
9.5367e-07
9.5367e-07
0.0000e+00
5.5075e-05
1.9073e-06
1.0014e-05
0.0000e+00
1.9073e-06
0.0000e+00
5.5075e-05
1.9073e-06
0.0000e+00
5.4121e-05
1.9073e-06
3.0994e-06
0.0000e+00
1.9073e-06
2.8610e-06
1.7166e-05
1.9073e-06
0.0000e+00
5.6982e-05
2.1458e-06
0.0000e+00
5.4121e-05
3.0994e-06
0.0000e+00
5.6028e-05
2.8610e-06
0.0000e+00
5.3883e-05
1.9073e-06
4.0531e-06
1.1921e-06
2.1458e-06
0.0000e+00
5.4121e-05
2.1458e-06
0.0000e+00
5.5075e-05
1.9073e-06
0.0000e+00
5.4121e-05
2.8610e-06
5.0068e-06
9.5367e-07
9.5367e-07
7.1526e-06
0.0000e+00
4.0531e-06
0.0000e+00
5.6982e-05
2.1458e-06
0.0000e+00
5.5075e-05
3.0994e-06
4.0531e-06
9.5367e-07
1.9073e-06
0.0000e+00
5.4836e-05
1.9073e-06
0.0000e+00
5.3883e-05
9.5367e-07
3.8147e-06
9.5367e-07
9.5367e-07
4.0531e-06
9.5367e-07
1.9073e-06
0.0000e+00
5.3883e-05
3.0994e-06
4.0531e-06
9.5367e-07
1.9073e-06
3.8147e-06
9.5367e-07
2.1458e-06
4.0531e-06
9.5367e-07
9.5367e-07
4.0531e-06
9.5367e-07
2.1458e-06
4.0531e-06
0.0000e+00
2.1458e-06
0.0000e+00
5.6982e-05
1.8501e-04
0.0000e+00
5.5075e-05
1.9073e-06
0.0000e+00
6.0081e-05
2.8610e-06
0.0000e+00
5.3883e-05
5.9605e-06
4.0531e-06
9.5367e-07
2.1458e-06
4.0531e-06
0.0000e+00
5.9605e-06
0.0000e+00
7.5102e-05
3.8147e-05
0.0000e+00
5.4121e-05
4.0531e-06
0.0000e+00
5.3883e-05
2.8610e-06
0.0000e+00
5.2929e-05
1.9073e-06
0.0000e+00
5.4836e-05
1.9073e-06
0.0000e+00
5.3883e-05
5.0068e-06
0.0000e+00
5.4121e-05
3.0994e-06
0.0000e+00
5.4121e-05
4.0531e-06
5.0068e-06
9.5367e-07
2.1458e-06
0.0000e+00
5.7936e-05
1.9073e-06
0.0000e+00
5.4121e-05
2.8610e-06
0.0000e+00
6.1035e-05
2.8610e-06
0.0000e+00
5.3883e-05
1.9073e-06
0.0000e+00
5.3883e-05
2.8610e-06
3.8147e-06
9.5367e-07
2.1458e-06
3.0994e-06
0.0000e+00
1.9073e-06
0.0000e+00
5.4121e-05
2.8610e-06
4.0531e-06
9.5367e-07
9.5367e-07
0.0000e+00
5.6982e-05
1.9073e-06
0.0000e+00
5.2929e-05
1.9073e-06
4.0531e-06
0.0000e+00
1.1921e-06
0.0000e+00
5.3883e-05
3.0994e-06
3.0994e-06
0.0000e+00
1.9073e-06
0.0000e+00
5.5075e-05
2.1458e-06
0.0000e+00
5.4121e-05
1.4997e-04
0.0000e+00
5.3883e-05
1.9073e-06
0.0000e+00
7.8917e-05
4.0531e-06
0.0000e+00
5.5075e-05
2.1458e-06
0.0000e+00
5.3883e-05
2.1458e-06
0.0000e+00
5.2929e-05
1.9073e-06
0.0000e+00
5.3883e-05
2.8610e-06
0.0000e+00
5.2929e-05
1.9073e-06
5.0068e-06
9.5367e-07
2.1458e-06
0.0000e+00
5.4121e-05
1.9073e-06
0.0000e+00
7.3195e-05
4.0531e-06
0.0000e+00
5.4121e-05
2.1458e-06
0.0000e+00
5.5075e-05
3.0994e-06
0.0000e+00
5.2214e-05
2.1458e-06
0.0000e+00
5.1975e-05
1.9073e-06
5.0068e-06
9.5367e-07
1.9073e-06
3.0994e-06
0.0000e+00
1.9073e-06
0.0000e+00
6.2943e-05
2.8610e-06
3.8147e-06
1.1921e-06
2.1458e-06
0.0000e+00
7.2956e-05
5.9605e-06
3.8147e-06
0.0000e+00
1.9073e-06
1.0014e-05
9.5367e-07
9.5367e-07
4.0531e-06
0.0000e+00
2.1458e-06
5.9605e-06
1.1921e-06
3.0994e-06
0.0000e+00
5.6982e-05
1.9073e-06
0.0000e+00
5.3883e-05
1.9073e-06
3.8147e-06
0.0000e+00
3.0994e-06
1.7715e-04
9.5367e-07
9.5367e-07
0.0000e+00
5.8174e-05
1.9073e-06
0.0000e+00
5.3883e-05
1.9073e-06
0.0000e+00
6.9857e-05
3.0994e-06
0.0000e+00
5.5075e-05
2.8610e-06
0.0000e+00
6.2943e-05
2.1458e-06
0.0000e+00
5.5075e-05
1.9073e-06
0.0000e+00
5.4836e-05
1.9073e-06
4.0531e-06
9.5367e-07
1.9073e-06
4.0531e-06
9.5367e-07
1.9073e-06
0.0000e+00
5.4836e-05
3.0994e-06
0.0000e+00
5.3883e-05
3.0994e-06
4.0531e-06
9.5367e-07
1.9073e-06
0.0000e+00
5.7936e-05
1.9073e-06
0.0000e+00
5.4836e-05
2.8610e-06
4.0531e-06
9.5367e-07
1.9073e-06
0.0000e+00
5.4121e-05
1.9073e-06
0.0000e+00
5.5075e-05
1.9073e-06
0.0000e+00
5.2929e-05
2.5988e-05
0.0000e+00
5.4121e-05
2.1458e-06
0.0000e+00
7.2956e-05
4.0531e-06
0.0000e+00
5.4836e-05
1.9073e-06
0.0000e+00
5.4836e-05
2.1458e-06
5.0068e-06
9.5367e-07
1.9073e-06
0.0000e+00
5.4836e-05
2.1458e-06
0.0000e+00
5.5075e-05
2.1458e-06
0.0000e+00
5.2929e-05
2.1458e-06
1.0014e-05
9.5367e-07
2.1458e-06
4.0531e-06
0.0000e+00
1.1921e-06
0.0000e+00
7.6056e-05
1.9073e-06
0.0000e+00
5.4121e-05
2.8610e-06
0.0000e+00
5.4121e-05
2.8610e-06
0.0000e+00
5.3883e-05
1.9073e-06
0.0000e+00
5.3883e-05
1.9073e-06
0.0000e+00
5.3883e-05
3.0994e-06
0.0000e+00
5.2929e-05
3.0994e-06
0.0000e+00
6.1989e-05
2.8610e-06
0.0000e+00
7.7009e-05
4.0531e-06
0.0000e+00
5.5075e-05
1.9073e-06
0.0000e+00
5.3883e-05
1.9073e-06
0.0000e+00
5.3883e-05
2.8610e-06
0.0000e+00
5.3883e-05
1.9073e-06
5.0068e-06
9.5367e-07
2.1458e-06
0.0000e+00
5.5075e-05
2.1458e-06
4.0531e-06
9.5367e-07
1.9073e-06
0.0000e+00
5.6028e-05
3.0994e-06
0.0000e+00
5.6982e-05
1.9073e-06
0.0000e+00
5.3883e-05
3.0994e-06
0.0000e+00
5.3883e-05
2.1458e-06
5.0068e-06
9.5367e-07
2.8610e-06
5.0068e-06
9.5367e-07
2.1458e-06
0.0000e+00
5.6028e-05
7.8678e-06
3.8147e-06
9.5367e-07
2.1458e-06
0.0000e+00
5.6028e-05
1.9073e-06
4.0531e-06
1.1921e-06
5.0068e-06
0.0000e+00
7.2956e-05
2.8610e-06
0.0000e+00
5.4836e-05
2.8610e-06
0.0000e+00
5.6028e-05
2.1458e-06
0.0000e+00
5.4121e-05
2.1458e-06
0.0000e+00
5.4121e-05
2.1458e-06
0.0000e+00
5.4121e-05
2.1458e-06
4.0531e-06
9.5367e-07
9.5367e-07
9.0599e-06
1.1921e-06
9.5367e-07
0.0000e+00
5.5075e-05
1.9073e-06
5.0068e-06
9.5367e-07
9.5367e-07
0.0000e+00
5.6982e-05
2.8610e-06
0.0000e+00
5.4836e-05
2.1458e-06
4.0531e-06
9.5367e-07
1.9073e-06
0.0000e+00
5.3167e-05
2.1458e-06
0.0000e+00
6.1035e-05
1.9073e-06
0.0000e+00
5.2929e-05
2.8610e-06
0.0000e+00
5.2929e-05
1.9073e-06
0.0000e+00
7.0095e-05
3.0994e-06
0.0000e+00
5.7220e-05
3.0994e-06
0.0000e+00
5.5075e-05
2.1458e-06
0.0000e+00
5.4121e-05
2.1458e-06
4.0531e-06
9.5367e-07
9.5367e-07
3.0994e-06
9.5367e-07
9.5367e-07
0.0000e+00
5.4836e-05
2.1458e-06
4.0531e-06
9.5367e-07
2.1458e-06
0.0000e+00
5.5075e-05
2.1458e-06
0.0000e+00
6.7949e-05
3.0994e-06
0.0000e+00
5.5075e-05
3.0994e-06
0.0000e+00
5.4121e-05
2.1458e-06
4.0531e-06
0.0000e+00
1.9073e-06
0.0000e+00
6.0797e-05
3.0994e-06
0.0000e+00
5.4121e-05
2.1458e-06
0.0000e+00
5.4121e-05
3.0994e-06
4.0531e-06
9.5367e-07
1.9073e-06
0.0000e+00
5.5075e-05
1.9073e-06
0.0000e+00
7.4148e-05
4.0531e-06
5.0068e-06
0.0000e+00
2.1458e-06
6.9141e-06
1.1921e-06
1.1921e-06
3.0994e-06
9.5367e-07
1.9073e-06
0.0000e+00
5.5075e-05
1.9073e-06
3.8147e-06
9.5367e-07
1.1921e-06
0.0000e+00
5.4121e-05
2.1458e-06
4.0531e-06
9.5367e-07
1.9073e-06
1.8883e-04
0.0000e+00
2.1458e-06
4.0531e-06
9.5367e-07
9.5367e-07
0.0000e+00
5.6028e-05
9.5367e-07
0.0000e+00
7.8201e-05
4.0531e-06
0.0000e+00
5.5075e-05
1.9073e-06
7.1526e-06
9.5367e-07
1.9073e-06
0.0000e+00
5.4836e-05
1.9073e-06
3.8147e-06
9.5367e-07
2.8610e-06
0.0000e+00
5.3883e-05
2.8610e-06
0.0000e+00
5.5075e-05
1.9073e-06
0.0000e+00
5.2929e-05
1.9073e-06
0.0000e+00
5.4121e-05
3.0994e-06
0.0000e+00
5.6982e-05
1.9073e-06
4.0531e-06
0.0000e+00
2.1458e-06
0.0000e+00
5.5075e-05
1.9073e-06
4.0531e-06
9.5367e-07
1.9073e-06
7.8678e-06
0.0000e+00
2.1458e-06
0.0000e+00
5.4121e-05
2.1458e-06
4.0531e-06
9.5367e-07
9.5367e-07
4.0531e-06
1.1921e-06
2.1458e-06
0.0000e+00
5.6028e-05
7.8201e-05
4.0531e-06
0.0000e+00
6.9141e-06
5.0068e-06
9.5367e-07
5.9605e-06
0.0000e+00
7.5102e-05
3.8147e-06
0.0000e+00
5.6028e-05
3.0994e-06
0.0000e+00
5.6982e-05
3.0994e-06
1.1301e-04
9.5367e-07
1.9073e-06
0.0000e+00
5.6028e-05
1.9073e-06
0.0000e+00
5.4121e-05
9.5367e-07
3.6955e-05
9.5367e-07
9.5367e-07
3.0994e-06
0.0000e+00
9.5367e-07
4.0531e-06
9.5367e-07
1.9073e-06
0.0000e+00
5.6028e-05
8.1062e-05
0.0000e+00
5.7936e-05
1.9073e-06
0.0000e+00
6.4135e-05
3.0994e-06
5.0068e-06
9.5367e-07
9.5367e-07
4.0531e-06
0.0000e+00
9.5367e-07
0.0000e+00
5.6028e-05
1.9073e-06
1.8835e-05
9.5367e-07
1.9073e-06
4.0531e-06
9.5367e-07
9.5367e-07
0.0000e+00
5.5790e-05
2.1458e-06
0.0000e+00
5.3883e-05
2.1458e-06
0.0000e+00
7.7009e-05
2.8610e-06
5.0068e-06
9.5367e-07
1.9073e-06
0.0000e+00
5.5075e-05
1.9073e-06
0.0000e+00
5.3883e-05
3.0994e-06
0.0000e+00
5.4836e-05
2.1458e-06
4.0531e-06
9.5367e-07
1.9073e-06
0.0000e+00
5.4121e-05
2.8610e-06
4.0531e-06
1.1921e-06
2.1458e-06
0.0000e+00
5.4121e-05
2.1458e-06
5.9605e-06
1.1921e-06
2.1458e-06
0.0000e+00
6.6042e-05
3.0994e-06
5.0068e-06
1.1921e-06
2.1458e-06
7.2002e-05
0.0000e+00
1.9073e-06
0.0000e+00
5.4836e-05
2.1458e-06
0.0000e+00
5.3883e-05
1.9073e-06
0.0000e+00
5.5075e-05
3.0994e-06
4.0531e-06
9.5367e-07
1.9073e-06
0.0000e+00
5.3167e-05
2.1458e-06
0.0000e+00
5.2929e-05
2.1458e-06
0.0000e+00
7.2956e-05
5.0068e-06
0.0000e+00
5.5075e-05
1.9073e-06
0.0000e+00
5.4121e-05
3.0994e-06
0.0000e+00
5.3167e-05
2.1458e-06
4.0531e-06
9.5367e-07
1.9073e-06
8.8215e-06
9.5367e-07
1.1921e-06
3.0994e-06
9.5367e-07
9.5367e-07
3.0994e-06
9.5367e-07
5.9605e-06
0.0000e+00
6.1989e-05
3.0994e-06
0.0000e+00
5.5075e-05
3.8147e-06
0.0000e+00
5.6028e-05
2.1458e-06
4.0531e-06
9.5367e-07
1.9073e-06
2.8610e-06
0.0000e+00
2.1458e-06
0.0000e+00
5.6028e-05
3.0994e-06
0.0000e+00
5.4121e-05
2.1458e-06
4.0531e-06
9.5367e-07
1.9073e-06
3.0994e-06
9.5367e-07
9.5367e-07
0.0000e+00
5.4836e-05
1.9073e-06
0.0000e+00
5.4836e-05
1.9073e-06
0.0000e+00
7.2956e-05
8.5831e-05
1.1206e-05
9.5367e-07
1.9073e-06
0.0000e+00
5.6028e-05
1.9073e-06
0.0000e+00
5.2929e-05
2.8610e-06
0.0000e+00
5.3883e-05
3.0994e-06
0.0000e+00
5.5075e-05
2.8610e-06
0.0000e+00
5.4836e-05
1.9073e-06
0.0000e+00
5.3883e-05
3.0994e-06
0.0000e+00
7.2956e-05
2.8610e-06
4.0531e-06
0.0000e+00
1.9073e-06
5.0068e-06
1.1921e-06
1.1921e-06
4.0531e-06
9.5367e-07
9.5367e-07
0.0000e+00
5.5075e-05
2.8610e-06
0.0000e+00
5.5075e-05
1.9073e-06
0.0000e+00
5.3883e-05
1.9073e-06
0.0000e+00
5.4836e-05
1.9073e-06
0.0000e+00
5.3883e-05
1.9073e-06
4.0531e-06
0.0000e+00
2.1458e-06
0.0000e+00
7.0095e-05
3.0994e-06
0.0000e+00
5.4121e-05
2.8610e-06
0.0000e+00
5.3883e-05
2.8610e-06
5.0068e-06
9.5367e-07
9.5367e-07
4.0531e-06
1.1921e-06
9.5367e-07
8.8215e-06
9.5367e-07
1.1921e-06
4.0531e-06
9.5367e-07
1.9073e-06
3.0994e-06
0.0000e+00
9.5367e-07
2.8133e-05
9.5367e-07
1.9073e-06
0.0000e+00
5.6028e-05
2.1458e-06
0.0000e+00
5.5075e-05
4.0531e-06
0.0000e+00
5.6982e-05
1.9073e-06
0.0000e+00
5.3883e-05
1.9073e-06
0.0000e+00
5.3883e-05
2.8610e-06
0.0000e+00
5.2929e-05
3.8147e-06
0.0000e+00
5.3883e-05
1.9073e-06
1.5974e-05
0.0000e+00
1.9073e-06
4.0531e-06
9.5367e-07
2.1458e-06
5.2929e-05
9.5367e-07
9.5367e-07
0.0000e+00
5.4836e-05
3.0994e-06
4.0531e-06
9.5367e-07
1.9073e-06
0.0000e+00
6.3896e-05
2.8610e-06
0.0000e+00
5.4836e-05
1.9073e-06
3.8147e-06
9.5367e-07
9.5367e-07
0.0000e+00
5.4121e-05
1.9073e-06
4.0531e-06
9.5367e-07
3.0994e-06
5.6982e-05
9.5367e-07
9.5367e-07
0.0000e+00
5.5790e-05
9.5367e-07
2.8610e-06
9.5367e-07
2.1458e-06
0.0000e+00
5.5075e-05
3.0994e-06
0.0000e+00
7.4148e-05
3.0994e-06
4.0531e-06
9.5367e-07
2.1458e-06
0.0000e+00
5.5075e-05
2.1458e-06
0.0000e+00
5.3883e-05
3.0994e-06
0.0000e+00
5.2929e-05
1.9073e-06
2.8610e-06
0.0000e+00
1.1921e-06
0.0000e+00
5.6028e-05
1.9073e-06
0.0000e+00
5.5075e-05
1.9073e-06
5.0068e-06
9.5367e-07
2.1458e-06
0.0000e+00
7.7963e-05
4.0531e-06
0.0000e+00
5.5075e-05
2.1458e-06
0.0000e+00
5.2929e-05
2.8610e-06
5.0068e-06
9.5367e-07
1.9073e-06
3.0994e-06
9.5367e-07
9.5367e-07
0.0000e+00
5.4836e-05
3.0994e-06
0.0000e+00
5.3883e-05
4.0531e-06
1.0967e-05
0.0000e+00
7.8678e-06
4.0531e-06
9.5367e-07
9.0599e-06
0.0000e+00
5.4121e-05
4.0531e-06
0.0000e+00
5.6028e-05
3.0994e-06
4.0531e-06
9.5367e-07
1.9073e-06
3.0994e-06
0.0000e+00
2.1458e-06
0.0000e+00
5.6982e-05
2.8610e-06
0.0000e+00
5.3883e-05
1.9073e-06
5.0068e-06
9.5367e-07
9.5367e-07
0.0000e+00
5.4121e-05
2.1458e-06
0.0000e+00
6.1035e-05
2.8610e-06
4.0531e-06
1.1921e-06
1.9073e-06
9.0599e-06
9.5367e-07
1.9073e-06
0.0000e+00
5.8174e-05
2.1458e-06
0.0000e+00
5.5075e-05
9.0599e-06
0.0000e+00
5.4836e-05
1.9073e-06
0.0000e+00
5.2929e-05
2.8610e-06
4.0531e-06
1.1921e-06
1.9073e-06
0.0000e+00
5.5075e-05
1.9073e-06
3.8147e-06
9.5367e-07
1.2691e-01
