7.6089e-03
2.4796e-05
0.0000e+00
1.0896e-04
2.8610e-06
1.0240e-03
9.5367e-07
2.8610e-06
0.0000e+00
6.5088e-05
2.1458e-06
0.0000e+00
5.6028e-05
1.1921e-06
0.0000e+00
6.5088e-05
1.9073e-06
0.0000e+00
5.6028e-05
1.9073e-06
0.0000e+00
5.4121e-05
1.9073e-06
0.0000e+00
6.0081e-05
3.0994e-06
0.0000e+00
6.0081e-05
2.8610e-06
0.0000e+00
5.4836e-05
2.1458e-06
0.0000e+00
5.3883e-05
3.0994e-06
4.9996e-04
1.1921e-06
2.1458e-06
0.0000e+00
5.6028e-05
1.9073e-06
0.0000e+00
5.4121e-05
9.5367e-07
0.0000e+00
6.1035e-05
2.1458e-06
0.0000e+00
5.3883e-05
2.8610e-06
0.0000e+00
5.6982e-05
3.0994e-06
1.3995e-04
9.5367e-07
1.9073e-06
0.0000e+00
5.6028e-05
1.9073e-06
0.0000e+00
5.6028e-05
1.9073e-06
0.0000e+00
5.3883e-05
2.1458e-06
0.0000e+00
5.4121e-05
3.0994e-06
0.0000e+00
5.4121e-05
1.9073e-06
0.0000e+00
5.3167e-05
9.5367e-07
0.0000e+00
7.5102e-05
1.5020e-05
0.0000e+00
8.7023e-05
4.0531e-06
1.2801e-03
9.5367e-07
3.0994e-06
0.0000e+00
1.0109e-04
2.8610e-06
0.0000e+00
9.4891e-05
4.0531e-06
0.0000e+00
9.4175e-05
3.8147e-06
5.6791e-04
9.5367e-07
3.0994e-06
0.0000e+00
9.5844e-05
2.8610e-06
0.0000e+00
9.3937e-05
3.0994e-06
0.0000e+00
9.7036e-05
4.0531e-06
2.0027e-05
1.9073e-06
3.0994e-06
0.0000e+00
9.3937e-05
3.0994e-06
0.0000e+00
9.8944e-05
3.0994e-06
0.0000e+00
9.5129e-05
3.0994e-06
0.0000e+00
9.2030e-05
3.0994e-06
4.1008e-05
1.1921e-06
2.1458e-06
0.0000e+00
9.4175e-05
3.0994e-06
0.0000e+00
1.2398e-04
3.0994e-06
9.2983e-05
2.1458e-06
3.0994e-06
5.8889e-05
9.5367e-07
3.0994e-06
0.0000e+00
1.0681e-04
4.0531e-06
0.0000e+00
9.5129e-05
2.8610e-06
0.0000e+00
9.3937e-05
2.8610e-06
0.0000e+00
9.4891e-05
3.0994e-06
0.0000e+00
9.3937e-05
3.0994e-06
0.0000e+00
9.6083e-05
3.0994e-06
1.3113e-05
2.1458e-06
2.8610e-06
0.0000e+00
9.2983e-05
3.0994e-06
0.0000e+00
7.4863e-05
2.8610e-06
1.6904e-04
9.5367e-07
2.1458e-06
0.0000e+00
5.6982e-05
1.9073e-06
1.4496e-04
9.5367e-07
1.9073e-06
0.0000e+00
5.4121e-05
1.9073e-06
0.0000e+00
5.4121e-05
1.9073e-06
2.7704e-04
0.0000e+00
1.9073e-06
0.0000e+00
5.6028e-05
1.9073e-06
5.0068e-05
9.5367e-07
9.5367e-07
0.0000e+00
5.6982e-05
9.5367e-07
0.0000e+00
5.4121e-05
1.0014e-05
0.0000e+00
5.4836e-05
1.9073e-06
0.0000e+00
5.2929e-05
1.9073e-06
0.0000e+00
5.3167e-05
3.0994e-06
0.0000e+00
5.5075e-05
1.9073e-06
0.0000e+00
5.4121e-05
3.0994e-06
0.0000e+00
5.6982e-05
1.9073e-06
0.0000e+00
5.4121e-05
1.9073e-06
0.0000e+00
5.4121e-05
2.1458e-06
7.3409e-04
0.0000e+00
1.9073e-06
5.9605e-06
9.5367e-07
1.9073e-06
0.0000e+00
5.6028e-05
3.0994e-06
0.0000e+00
5.3883e-05
2.1458e-06
2.4796e-04
0.0000e+00
1.9073e-06
0.0000e+00
5.8889e-05
4.0531e-06
0.0000e+00
5.5075e-05
1.9073e-06
2.4080e-04
9.5367e-07
1.9073e-06
0.0000e+00
5.6028e-05
1.9073e-06
0.0000e+00
5.3167e-05
2.1458e-06
0.0000e+00
5.4121e-05
2.1458e-06
1.4591e-04
9.5367e-07
2.1458e-06
0.0000e+00
5.4121e-05
2.1458e-06
0.0000e+00
5.4121e-05
2.1458e-06
0.0000e+00
5.3167e-05
1.9073e-06
0.0000e+00
5.6982e-05
2.1458e-06
0.0000e+00
5.5075e-05
2.1458e-06
0.0000e+00
5.8174e-05
9.5367e-07
0.0000e+00
5.1975e-05
1.9073e-06
0.0000e+00
5.2214e-05
2.1458e-06
0.0000e+00
5.3883e-05
1.9073e-06
0.0000e+00
5.2929e-05
1.9073e-06
0.0000e+00
7.1049e-05
5.0068e-06
1.5249e-03
9.5367e-07
2.8610e-06
0.0000e+00
9.5844e-05
4.0531e-06
0.0000e+00
9.7990e-05
2.8610e-06
0.0000e+00
9.2030e-05
2.8610e-06
0.0000e+00
9.2983e-05
3.0994e-06
0.0000e+00
9.1076e-05
1.9073e-06
0.0000e+00
9.3937e-05
2.8610e-06
0.0000e+00
1.2898e-04
2.8610e-06
3.2187e-04
1.9073e-06
3.0994e-06
0.0000e+00
9.5844e-05
2.8610e-06
0.0000e+00
9.3937e-05
1.9073e-06
0.0000e+00
9.2983e-05
1.9073e-06
0.0000e+00
9.3937e-05
2.8610e-06
0.0000e+00
1.0085e-04
2.8610e-06
4.1962e-05
2.1458e-06
2.8610e-06
0.0000e+00
9.3937e-05
2.8610e-06
0.0000e+00
9.7036e-05
3.0994e-06
1.5974e-05
9.5367e-07
3.0994e-06
0.0000e+00
9.5129e-05
2.8610e-06
6.9141e-06
1.9073e-06
1.9073e-06
2.4486e-04
9.5367e-07
2.8610e-06
0.0000e+00
1.0300e-04
3.0994e-06
0.0000e+00
9.3937e-05
2.8610e-06
0.0000e+00
9.3937e-05
3.0994e-06
0.0000e+00
9.4175e-05
2.8610e-06
4.5061e-05
9.5367e-07
4.0531e-06
0.0000e+00
9.2983e-05
2.8610e-06
0.0000e+00
8.8930e-05
3.0994e-06
0.0000e+00
9.0837e-05
2.8610e-06
0.0000e+00
6.5088e-05
2.1458e-06
1.0014e-05
9.5367e-07
2.1458e-06
0.0000e+00
5.8889e-05
1.9073e-06
1.9789e-05
9.5367e-07
1.9073e-06
0.0000e+00
5.6028e-05
1.9073e-06
0.0000e+00
7.2956e-05
3.0994e-06
3.9101e-05
9.5367e-07
1.9073e-06
4.0531e-06
0.0000e+00
2.1458e-06
1.0991e-04
0.0000e+00
2.1458e-06
0.0000e+00
7.1049e-05
2.8610e-06
0.0000e+00
5.6982e-05
2.1458e-06
0.0000e+00
5.3883e-05
1.9073e-06
0.0000e+00
5.2929e-05
1.9073e-06
0.0000e+00
5.2929e-05
3.0994e-06
0.0000e+00
8.2016e-05
2.8610e-06
0.0000e+00
5.7936e-05
1.9073e-06
0.0000e+00
5.4121e-05
1.9073e-06
1.3113e-05
9.5367e-07
1.9073e-06
0.0000e+00
5.4836e-05
1.9073e-06
0.0000e+00
5.2929e-05
1.9073e-06
0.0000e+00
5.4121e-05
1.9073e-06
2.1820e-03
1.1921e-06
2.1458e-06
1.2875e-05
9.5367e-07
2.1458e-06
0.0000e+00
5.6028e-05
2.1458e-06
0.0000e+00
5.6028e-05
9.5367e-07
0.0000e+00
5.3167e-05
2.1458e-06
3.4690e-04
9.5367e-07
1.9073e-06
5.0068e-06
9.5367e-07
1.9073e-06
5.5075e-05
9.5367e-07
1.9073e-06
0.0000e+00
5.6982e-05
2.1458e-06
0.0000e+00
5.4121e-05
1.9073e-06
0.0000e+00
5.1975e-05
1.9073e-06
0.0000e+00
5.3167e-05
2.1458e-06
0.0000e+00
5.5075e-05
1.9073e-06
0.0000e+00
5.5075e-05
1.9073e-06
0.0000e+00
5.4121e-05
1.9073e-06
0.0000e+00
5.4121e-05
1.1921e-06
0.0000e+00
6.1035e-05
2.1458e-06
0.0000e+00
5.3167e-05
1.9073e-06
0.0000e+00
5.2929e-05
1.9073e-06
0.0000e+00
6.9141e-05
1.9073e-06
0.0000e+00
5.6028e-05
1.9073e-06
0.0000e+00
5.1975e-05
2.1458e-06
8.8501e-04
9.5367e-07
2.1458e-06
0.0000e+00
5.6028e-05
1.9073e-06
0.0000e+00
5.4121e-05
1.9073e-06
0.0000e+00
5.4121e-05
2.1458e-06
0.0000e+00
5.4121e-05
9.5367e-07
0.0000e+00
5.2929e-05
3.0994e-06
0.0000e+00
5.6028e-05
1.9073e-06
0.0000e+00
5.3883e-05
1.9073e-06
7.2408e-04
0.0000e+00
2.1458e-06
0.0000e+00
5.5075e-05
1.9073e-06
0.0000e+00
5.3167e-05
2.1458e-06
0.0000e+00
5.2929e-05
2.1458e-06
0.0000e+00
5.2929e-05
1.9073e-06
0.0000e+00
5.2929e-05
2.8610e-06
1.0991e-04
1.1921e-06
2.1458e-06
0.0000e+00
5.6982e-05
1.9073e-06
0.0000e+00
5.3167e-05
1.9073e-06
1.1706e-04
0.0000e+00
2.1458e-06
0.0000e+00
5.6028e-05
2.1458e-06
0.0000e+00
5.3883e-05
1.9073e-06
0.0000e+00
5.2929e-05
1.9073e-06
0.0000e+00
5.4121e-05
2.1458e-06
6.2943e-05
9.5367e-07
1.9073e-06
0.0000e+00
5.6028e-05
1.9073e-06
0.0000e+00
5.2929e-05
1.9073e-06
0.0000e+00
5.3167e-05
2.1458e-06
0.0000e+00
6.0081e-05
2.1458e-06
0.0000e+00
5.1975e-05
1.9073e-06
0.0000e+00
5.3883e-05
9.5367e-07
0.0000e+00
5.2929e-05
1.9073e-06
0.0000e+00
7.1049e-05
1.9073e-06
0.0000e+00
5.3883e-05
1.9073e-06
0.0000e+00
5.2929e-05
1.9073e-06
2.2759e-03
9.5367e-07
1.9073e-06
0.0000e+00
5.6028e-05
1.9073e-06
0.0000e+00
5.3883e-05
1.9073e-06
0.0000e+00
5.8174e-05
2.1458e-06
0.0000e+00
5.2929e-05
2.1458e-06
0.0000e+00
6.9857e-05
3.0994e-06
1.2898e-04
0.0000e+00
9.5367e-07
0.0000e+00
5.6028e-05
2.1458e-06
0.0000e+00
5.3883e-05
1.9073e-06
0.0000e+00
5.3883e-05
1.9073e-06
2.4080e-05
9.5367e-07
9.5367e-07
0.0000e+00
5.3883e-05
1.9073e-06
0.0000e+00
5.3883e-05
1.9073e-06
0.0000e+00
5.4121e-05
1.9073e-06
0.0000e+00
6.9141e-05
2.1458e-06
0.0000e+00
5.5075e-05
2.1458e-06
0.0000e+00
5.9128e-05
2.1458e-06
0.0000e+00
5.5075e-05
2.1458e-06
0.0000e+00
5.1975e-05
1.9073e-06
0.0000e+00
5.3883e-05
1.9073e-06
0.0000e+00
5.1975e-05
2.1458e-06
0.0000e+00
5.2929e-05
3.0994e-06
0.0000e+00
5.4836e-05
2.1458e-06
0.0000e+00
5.3883e-05
7.8678e-06
0.0000e+00
5.2929e-05
1.9073e-06
0.0000e+00
6.2227e-05
3.0994e-06
0.0000e+00
7.5817e-05
2.1458e-06
1.4889e-03
1.1921e-06
2.8610e-06
0.0000e+00
6.2943e-05
1.9073e-06
0.0000e+00
5.5075e-05
1.9073e-06
0.0000e+00
8.0824e-05
1.9073e-06
0.0000e+00
5.4836e-05
9.5367e-07
0.0000e+00
5.1975e-05
9.5367e-07
0.0000e+00
5.2929e-05
9.5367e-07
0.0000e+00
5.4836e-05
1.9073e-06
5.2691e-04
1.1921e-06
2.1458e-06
0.0000e+00
5.6982e-05
1.9073e-06
0.0000e+00
5.2929e-05
9.5367e-07
0.0000e+00
7.3910e-05
1.9073e-06
0.0000e+00
5.5075e-05
1.9073e-06
2.9016e-04
9.5367e-07
9.5367e-07
0.0000e+00
5.6982e-05
1.9073e-06
0.0000e+00
5.3167e-05
2.1458e-06
0.0000e+00
5.1975e-05
1.9073e-06
0.0000e+00
5.3883e-05
1.9073e-06
1.5712e-04
1.1921e-06
2.1458e-06
0.0000e+00
5.5075e-05
2.8610e-06
0.0000e+00
5.6028e-05
1.9073e-06
0.0000e+00
5.3883e-05
1.9073e-06
6.0201e-04
9.5367e-07
1.9073e-06
0.0000e+00
5.6982e-05
2.1458e-06
0.0000e+00
5.1975e-05
1.9073e-06
1.9073e-05
0.0000e+00
1.1921e-06
0.0000e+00
5.5075e-05
2.1458e-06
0.0000e+00
5.2929e-05
2.1458e-06
0.0000e+00
7.2956e-05
1.9073e-06
1.2159e-05
9.5367e-07
1.9073e-06
0.0000e+00
5.4836e-05
1.9073e-06
0.0000e+00
5.4836e-05
1.9073e-06
0.0000e+00
6.1035e-05
1.1921e-06
0.0000e+00
5.2929e-05
1.9073e-06
0.0000e+00
5.2929e-05
1.9073e-06
0.0000e+00
5.4121e-05
2.1458e-06
0.0000e+00
6.7949e-05
1.9073e-06
0.0000e+00
5.4836e-05
2.1458e-06
0.0000e+00
5.2929e-05
1.9073e-06
0.0000e+00
5.2929e-05
2.1458e-06
7.0596e-04
9.5367e-07
1.9073e-06
0.0000e+00
5.6982e-05
2.1458e-06
0.0000e+00
5.2929e-05
1.9073e-06
0.0000e+00
5.2929e-05
1.9073e-06
0.0000e+00
5.3167e-05
1.9073e-06
0.0000e+00
5.7220e-05
2.1458e-06
4.9496e-04
1.9073e-06
4.0531e-06
0.0000e+00
9.3937e-05
2.8610e-06
0.0000e+00
9.1076e-05
2.8610e-06
0.0000e+00
9.2030e-05
3.0994e-06
1.5020e-05
1.1921e-06
2.8610e-06
0.0000e+00
9.3937e-05
3.0994e-06
1.0014e-05
9.5367e-07
2.8610e-06
0.0000e+00
9.4891e-05
3.8147e-06
0.0000e+00
7.0095e-05
1.9073e-06
2.4915e-04
9.5367e-07
1.9073e-06
0.0000e+00
5.6982e-05
2.1458e-06
0.0000e+00
5.4121e-05
9.5367e-07
5.0068e-06
0.0000e+00
2.1458e-06
1.2994e-04
9.5367e-07
1.9073e-06
0.0000e+00
5.4836e-05
1.9073e-06
0.0000e+00
5.1975e-05
1.9073e-06
0.0000e+00
5.3167e-05
2.1458e-06
0.0000e+00
7.3910e-05
2.1458e-06
0.0000e+00
5.2929e-05
1.9073e-06
0.0000e+00
6.1989e-05
1.9073e-06
1.5788e-03
9.5367e-07
1.9073e-06
0.0000e+00
5.5790e-05
2.1458e-06
0.0000e+00
5.2929e-05
1.9073e-06
0.0000e+00
5.1975e-05
1.1921e-06
0.0000e+00
5.3883e-05
2.1458e-06
3.8862e-05
9.5367e-07
1.9073e-06
5.0068e-06
9.5367e-07
1.9073e-06
0.0000e+00
5.7936e-05
2.1458e-06
0.0000e+00
5.3883e-05
2.1458e-06
0.0000e+00
5.3883e-05
9.5367e-07
0.0000e+00
5.4121e-05
9.5367e-07
0.0000e+00
5.1975e-05
1.9073e-06
0.0000e+00
5.3883e-05
9.5367e-07
0.0000e+00
5.3167e-05
1.9073e-06
2.4796e-04
9.5367e-07
1.9073e-06
0.0000e+00
5.9128e-05
2.1458e-06
0.0000e+00
9.7036e-05
3.0994e-06
0.0000e+00
9.5129e-05
3.0994e-06
0.0000e+00
9.5844e-05
3.0994e-06
0.0000e+00
9.3222e-05
4.0531e-06
0.0000e+00
9.2030e-05
1.9073e-06
0.0000e+00
8.9884e-05
2.8610e-06
1.6928e-05
1.1921e-06
1.9073e-06
0.0000e+00
9.2983e-05
2.8610e-06
0.0000e+00
8.0109e-05
2.1458e-06
0.0000e+00
6.1989e-05
1.9073e-06
0.0000e+00
5.4121e-05
2.1458e-06
0.0000e+00
5.2929e-05
1.9073e-06
0.0000e+00
5.2929e-05
9.5367e-07
0.0000e+00
5.2929e-05
1.9073e-06
0.0000e+00
5.6028e-05
2.1458e-06
0.0000e+00
5.2929e-05
1.9073e-06
0.0000e+00
5.1975e-05
1.9073e-06
0.0000e+00
5.3167e-05
1.1921e-06
6.0892e-04
9.5367e-07
1.9073e-06
7.7009e-05
1.1921e-06
1.1921e-06
0.0000e+00
5.6028e-05
2.1458e-06
0.0000e+00
5.1975e-05
1.9073e-06
0.0000e+00
6.9857e-05
1.9073e-06
0.0000e+00
5.3883e-05
1.9073e-06
0.0000e+00
5.3167e-05
2.1458e-06
7.8011e-04
9.5367e-07
1.9073e-06
0.0000e+00
5.6982e-05
2.1458e-06
0.0000e+00
5.3167e-05
2.1458e-06
0.0000e+00
5.2929e-05
1.9073e-06
0.0000e+00
5.5075e-05
9.5367e-07
0.0000e+00
8.1062e-05
1.9073e-06
0.0000e+00
5.6028e-05
2.1458e-06
0.0000e+00
6.1035e-05
1.9073e-06
0.0000e+00
5.2929e-05
2.1458e-06
0.0000e+00
5.3883e-05
9.5367e-07
0.0000e+00
5.2929e-05
1.9073e-06
4.1795e-04
9.5367e-07
1.9073e-06
0.0000e+00
5.5075e-05
9.5367e-07
0.0000e+00
5.3167e-05
1.9073e-06
0.0000e+00
6.6042e-05
3.0994e-06
1.8597e-04
9.5367e-07
4.0531e-06
0.0000e+00
9.2030e-05
3.0994e-06
0.0000e+00
9.0837e-05
3.0994e-06
0.0000e+00
9.6083e-05
3.0994e-06
0.0000e+00
9.6083e-05
2.8610e-06
0.0000e+00
9.2983e-05
3.0994e-06
0.0000e+00
9.2983e-05
3.0994e-06
2.2197e-04
1.1921e-06
2.1458e-06
0.0000e+00
5.9128e-05
2.1458e-06
0.0000e+00
5.5075e-05
1.9073e-06
0.0000e+00
5.3167e-05
1.1921e-06
0.0000e+00
5.1975e-05
9.5367e-07
0.0000e+00
5.2929e-05
1.9073e-06
0.0000e+00
5.1975e-05
2.1458e-06
0.0000e+00
5.3883e-05
1.9073e-06
0.0000e+00
5.4836e-05
2.1458e-06
0.0000e+00
5.3883e-05
1.9073e-06
0.0000e+00
5.2929e-05
1.9073e-06
0.0000e+00
6.0081e-05
1.9073e-06
0.0000e+00
5.3167e-05
2.1458e-06
0.0000e+00
5.3883e-05
2.1458e-06
0.0000e+00
5.2929e-05
1.9073e-06
5.4097e-04
0.0000e+00
9.5367e-07
1.4400e-04
1.6928e-05
1.9073e-06
0.0000e+00
6.2943e-05
2.8610e-06
0.0000e+00
5.2929e-05
1.9073e-06
0.0000e+00
5.2929e-05
9.5367e-07
1.3828e-05
1.1921e-06
2.1458e-06
0.0000e+00
5.5075e-05
1.9073e-06
1.8406e-04
0.0000e+00
9.5367e-07
0.0000e+00
5.6028e-05
2.1458e-06
0.0000e+00
5.5075e-05
1.1921e-06
0.0000e+00
7.1049e-05
2.1458e-06
0.0000e+00
5.4121e-05
2.1458e-06
0.0000e+00
5.2929e-05
1.9073e-06
0.0000e+00
5.2929e-05
9.5367e-07
3.1590e-04
9.5367e-07
1.9073e-06
0.0000e+00
5.5790e-05
2.1458e-06
0.0000e+00
5.2929e-05
1.9073e-06
0.0000e+00
5.3883e-05
1.9073e-06
0.0000e+00
7.2002e-05
1.9073e-06
0.0000e+00
5.3883e-05
9.5367e-07
0.0000e+00
5.2929e-05
1.9073e-06
0.0000e+00
5.3167e-05
2.1458e-06
0.0000e+00
5.1975e-05
9.5367e-07
0.0000e+00
5.2929e-05
9.5367e-07
0.0000e+00
6.1035e-05
1.9073e-06
0.0000e+00
5.1975e-05
1.9073e-06
0.0000e+00
5.5075e-05
1.9073e-06
0.0000e+00
5.2929e-05
1.9073e-06
0.0000e+00
5.3167e-05
2.1458e-06
0.0000e+00
5.4121e-05
2.1458e-06
1.0381e-03
1.1921e-06
2.1458e-06
0.0000e+00
5.6028e-05
1.9073e-06
0.0000e+00
5.2929e-05
2.1458e-06
3.8862e-05
9.5367e-07
1.9073e-06
0.0000e+00
7.4148e-05
3.0994e-06
0.0000e+00
5.5075e-05
9.5367e-07
0.0000e+00
5.4121e-05
1.9073e-06
0.0000e+00
5.1975e-05
2.1458e-06
8.1587e-04
9.5367e-07
1.9073e-06
0.0000e+00
5.4836e-05
1.9073e-06
0.0000e+00
5.2929e-05
9.5367e-07
0.0000e+00
5.7936e-05
2.1458e-06
0.0000e+00
5.3883e-05
1.9073e-06
0.0000e+00
5.3883e-05
3.0994e-06
0.0000e+00
5.2929e-05
1.9073e-06
0.0000e+00
5.1975e-05
2.1458e-06
0.0000e+00
5.3883e-05
9.5367e-07
5.1498e-04
9.5367e-07
3.0994e-06
0.0000e+00
1.0300e-04
3.0994e-06
0.0000e+00
9.4175e-05
2.8610e-06
0.0000e+00
9.2030e-05
2.8610e-06
0.0000e+00
9.2030e-05
3.0994e-06
0.0000e+00
9.2983e-05
2.8610e-06
0.0000e+00
9.4891e-05
2.1458e-06
0.0000e+00
9.2030e-05
3.0994e-06
0.0000e+00
9.3937e-05
1.9073e-06
0.0000e+00
9.8944e-05
3.0994e-06
1.5020e-05
1.9073e-06
3.0994e-06
0.0000e+00
9.8944e-05
2.8610e-06
0.0000e+00
9.5129e-05
2.8610e-06
0.0000e+00
9.2030e-05
3.0994e-06
0.0000e+00
9.2030e-05
3.0994e-06
0.0000e+00
9.2983e-05
3.0994e-06
0.0000e+00
9.2030e-05
3.0994e-06
0.0000e+00
6.3896e-05
2.1458e-06
0.0000e+00
5.5075e-05
2.1458e-06
1.0991e-04
0.0000e+00
2.8610e-06
0.0000e+00
5.8174e-05
2.1458e-06
0.0000e+00
5.3883e-05
2.1458e-06
0.0000e+00
5.3883e-05
9.5367e-07
0.0000e+00
5.2929e-05
9.5367e-07
0.0000e+00
5.2929e-05
2.1458e-06
1.4687e-04
0.0000e+00
2.1458e-06
5.0068e-06
1.1921e-06
9.5367e-07
0.0000e+00
5.5075e-05
2.1458e-06
0.0000e+00
5.1975e-05
1.9073e-06
0.0000e+00
6.3896e-05
2.1458e-06
2.3508e-04
9.5367e-07
1.9073e-06
9.0599e-06
0.0000e+00
2.1458e-06
0.0000e+00
5.5075e-05
9.5367e-07
0.0000e+00
5.3883e-05
1.9073e-06
0.0000e+00
5.3883e-05
9.5367e-07
5.5075e-05
9.5367e-07
1.9073e-06
0.0000e+00
5.4836e-05
2.1458e-06
0.0000e+00
5.2929e-05
1.9073e-06
0.0000e+00
5.4836e-05
1.9073e-06
5.5099e-04
9.5367e-07
9.5367e-07
3.7408e-04
9.5367e-07
1.9073e-06
0.0000e+00
5.6028e-05
1.9073e-06
9.0122e-05
9.5367e-07
5.9605e-06
2.8610e-06
9.5367e-07
9.5367e-07
5.6028e-05
9.5367e-07
9.5367e-07
0.0000e+00
5.5790e-05
1.9073e-06
0.0000e+00
5.2929e-05
1.9073e-06
0.0000e+00
5.2929e-05
2.1458e-06
0.0000e+00
5.5075e-05
2.1458e-06
0.0000e+00
5.1975e-05
1.9073e-06
0.0000e+00
5.1975e-05
1.1921e-06
0.0000e+00
5.1975e-05
9.5367e-07
0.0000e+00
5.3167e-05
2.1458e-06
0.0000e+00
5.1975e-05
1.9073e-06
0.0000e+00
5.2929e-05
2.1458e-06
0.0000e+00
6.7949e-05
1.9073e-06
6.4015e-04
9.5367e-07
4.0531e-06
0.0000e+00
9.7990e-05
3.0994e-06
0.0000e+00
9.3937e-05
3.0994e-06
1.5974e-05
2.1458e-06
1.9073e-06
0.0000e+00
7.6056e-05
1.9073e-06
0.0000e+00
6.1989e-05
1.9073e-06
0.0000e+00
5.3883e-05
1.9073e-06
0.0000e+00
5.3167e-05
2.1458e-06
0.0000e+00
7.6056e-05
2.8610e-06
3.0804e-04
9.5367e-07
1.9073e-06
0.0000e+00
5.6028e-05
1.9073e-06
0.0000e+00
5.4121e-05
1.9073e-06
2.9087e-05
9.5367e-07
1.9073e-06
0.0000e+00
5.3883e-05
9.5367e-07
0.0000e+00
5.3883e-05
1.9073e-06
0.0000e+00
6.1989e-05
2.1458e-06
0.0000e+00
5.2929e-05
2.1458e-06
2.1100e-04
1.1921e-06
2.1458e-06
0.0000e+00
5.6982e-05
1.9073e-06
5.9605e-06
9.5367e-07
2.1458e-06
7.6056e-05
0.0000e+00
9.5367e-07
0.0000e+00
5.3883e-05
1.9073e-06
0.0000e+00
5.3883e-05
9.5367e-07
0.0000e+00
5.5075e-05
2.1458e-06
4.4298e-04
9.5367e-07
2.1458e-06
0.0000e+00
5.5075e-05
9.5367e-07
0.0000e+00
7.1049e-05
1.9073e-06
0.0000e+00
5.4121e-05
2.1458e-06
0.0000e+00
5.3167e-05
2.1458e-06
0.0000e+00
5.2929e-05
1.9073e-06
0.0000e+00
5.4121e-05
9.5367e-07
0.0000e+00
5.3167e-05
9.5367e-07
0.0000e+00
5.2929e-05
9.5367e-07
0.0000e+00
5.3167e-05
2.1458e-06
0.0000e+00
6.8903e-05
2.1458e-06
8.0085e-04
9.5367e-07
3.0994e-06
0.0000e+00
6.1035e-05
1.9073e-06
0.0000e+00
5.4121e-05
1.9073e-06
3.2997e-04
9.5367e-07
9.5367e-07
0.0000e+00
5.6028e-05
1.9073e-06
4.0531e-06
9.5367e-07
2.1458e-06
0.0000e+00
5.4121e-05
9.5367e-07
0.0000e+00
5.3883e-05
1.9073e-06
0.0000e+00
7.4863e-05
1.9073e-06
0.0000e+00
5.3883e-05
1.9073e-06
0.0000e+00
5.2929e-05
1.9073e-06
0.0000e+00
5.2929e-05
9.5367e-07
0.0000e+00
5.2929e-05
1.9073e-06
0.0000e+00
5.3167e-05
2.1458e-06
0.0000e+00
6.0081e-05
2.1458e-06
0.0000e+00
5.2929e-05
1.9073e-06
0.0000e+00
5.5075e-05
1.9073e-06
0.0000e+00
5.2929e-05
2.1458e-06
0.0000e+00
5.2929e-05
2.1458e-06
0.0000e+00
5.3883e-05
1.9073e-06
0.0000e+00
5.2929e-05
1.9073e-06
0.0000e+00
5.4121e-05
2.1458e-06
0.0000e+00
5.2929e-05
1.9073e-06
0.0000e+00
6.6996e-05
3.0994e-06
0.0000e+00
5.6028e-05
1.9073e-06
0.0000e+00
5.1975e-05
2.1458e-06
0.0000e+00
5.2929e-05
1.9073e-06
0.0000e+00
6.1989e-05
2.1458e-06
0.0000e+00
5.3883e-05
9.5367e-07
0.0000e+00
5.1022e-05
2.1458e-06
0.0000e+00
5.2929e-05
2.1458e-06
9.2006e-04
1.5974e-05
2.1458e-06
0.0000e+00
5.7936e-05
1.9073e-06
0.0000e+00
5.2929e-05
1.9073e-06
0.0000e+00
5.4121e-05
1.9073e-06
0.0000e+00
5.3167e-05
2.1458e-06
0.0000e+00
5.3883e-05
1.9073e-06
3.2902e-05
0.0000e+00
2.1458e-06
0.0000e+00
5.3883e-05
2.1458e-06
0.0000e+00
5.3883e-05
2.8610e-06
0.0000e+00
5.7220e-05
2.1458e-06
0.0000e+00
5.4121e-05
2.1458e-06
1.7881e-05
1.9073e-06
3.0994e-06
0.0000e+00
1.0514e-04
2.8610e-06
0.0000e+00
9.2030e-05
2.8610e-06
0.0000e+00
8.9884e-05
2.8610e-06
0.0000e+00
9.1076e-05
2.8610e-06
0.0000e+00
9.2983e-05
2.8610e-06
0.0000e+00
9.2030e-05
2.8610e-06
0.0000e+00
9.3937e-05
3.0994e-06
4.5300e-04
9.5367e-07
2.8610e-06
0.0000e+00
5.9843e-05
1.9073e-06
3.4380e-04
0.0000e+00
2.1458e-06
0.0000e+00
5.5075e-05
1.9073e-06
0.0000e+00
5.4121e-05
1.9073e-06
1.0014e-05
9.5367e-07
2.1458e-06
0.0000e+00
6.1989e-05
3.0994e-06
0.0000e+00
5.6982e-05
9.5367e-07
0.0000e+00
5.4121e-05
2.1458e-06
7.7009e-05
1.1921e-06
2.1458e-06
2.3103e-04
0.0000e+00
1.9073e-06
5.0068e-06
1.1921e-06
2.1458e-06
0.0000e+00
5.9128e-05
2.1458e-06
0.0000e+00
5.5075e-05
2.1458e-06
0.0000e+00
5.2929e-05
1.9073e-06
0.0000e+00
5.4121e-05
9.5367e-07
0.0000e+00
7.6056e-05
1.9073e-06
0.0000e+00
6.1989e-05
2.1458e-06
0.0000e+00
5.2929e-05
1.9073e-06
5.4121e-05
9.5367e-07
2.1458e-06
0.0000e+00
5.6028e-05
2.1458e-06
0.0000e+00
5.1975e-05
1.9073e-06
0.0000e+00
5.3883e-05
1.9073e-06
0.0000e+00
5.3167e-05
2.1458e-06
0.0000e+00
7.1049e-05
1.9073e-06
0.0000e+00
5.5075e-05
1.9073e-06
2.5988e-05
9.5367e-07
2.1458e-06
0.0000e+00
5.4121e-05
2.1458e-06
5.4407e-04
9.5367e-07
3.8147e-06
0.0000e+00
9.5844e-05
3.0994e-06
0.0000e+00
9.2983e-05
2.8610e-06
0.0000e+00
9.2030e-05
4.0531e-06
1.8120e-05
9.5367e-07
1.9073e-06
0.0000e+00
1.1897e-04
3.8147e-06
0.0000e+00
6.6042e-05
1.9073e-06
0.0000e+00
5.3883e-05
9.5367e-07
0.0000e+00
5.1975e-05
2.1458e-06
0.0000e+00
5.2929e-05
9.5367e-07
0.0000e+00
5.2929e-05
1.9073e-06
0.0000e+00
5.2929e-05
1.1921e-06
1.3828e-05
9.5367e-07
1.9073e-06
0.0000e+00
7.5817e-05
2.1458e-06
4.6015e-05
0.0000e+00
9.5367e-07
0.0000e+00
5.3883e-05
1.9073e-06
0.0000e+00
5.1975e-05
2.1458e-06
0.0000e+00
5.2929e-05
1.9073e-06
0.0000e+00
5.1975e-05
2.1458e-06
0.0000e+00
5.4121e-05
9.5367e-07
5.6481e-04
9.5367e-07
1.9073e-06
0.0000e+00
5.6982e-05
1.9073e-06
0.0000e+00
5.3883e-05
1.9073e-06
0.0000e+00
5.4836e-05
1.9073e-06
0.0000e+00
5.3883e-05
1.9073e-06
0.0000e+00
5.3167e-05
9.5367e-07
6.5589e-04
9.5367e-07
1.9073e-06
0.0000e+00
5.6028e-05
9.5367e-07
0.0000e+00
5.3883e-05
1.9073e-06
0.0000e+00
5.3167e-05
2.1458e-06
0.0000e+00
7.4863e-05
2.1458e-06
0.0000e+00
5.3883e-05
2.1458e-06
0.0000e+00
5.4836e-05
2.1458e-06
0.0000e+00
5.5075e-05
1.9073e-06
0.0000e+00
5.6028e-05
1.9073e-06
0.0000e+00
5.8174e-05
2.1458e-06
1.7095e-04
1.1921e-06
2.1458e-06
0.0000e+00
5.5075e-05
2.1458e-06
0.0000e+00
7.1049e-05
3.0994e-06
5.4502e-04
9.5367e-07
2.1458e-06
0.0000e+00
6.0081e-05
1.1921e-06
0.0000e+00
5.4121e-05
1.9073e-06
3.7909e-05
9.5367e-07
1.1921e-06
0.0000e+00
5.3883e-05
2.1458e-06
0.0000e+00
5.3883e-05
2.1458e-06
0.0000e+00
5.2929e-05
1.9073e-06
0.0000e+00
5.1975e-05
2.1458e-06
0.0000e+00
5.5075e-05
9.5367e-07
0.0000e+00
5.3167e-05
2.1458e-06
0.0000e+00
5.3883e-05
1.9073e-06
3.5882e-04
9.5367e-07
1.9073e-06
0.0000e+00
5.6028e-05
2.1458e-06
0.0000e+00
5.1975e-05
9.5367e-07
1.1516e-04
9.5367e-07
1.9073e-06
0.0000e+00
5.4121e-05
9.5367e-07
0.0000e+00
7.4148e-05
2.8610e-06
0.0000e+00
5.5075e-05
1.9073e-06
5.0068e-06
1.1921e-06
2.1458e-06
0.0000e+00
5.2929e-05
2.1458e-06
0.0000e+00
6.2943e-05
3.0994e-06
0.0000e+00
1.0419e-04
2.8610e-06
3.2306e-04
9.5367e-07
2.8610e-06
0.0000e+00
9.2030e-05
3.0994e-06
0.0000e+00
9.0122e-05
4.0531e-06
0.0000e+00
9.7990e-05
3.0994e-06
0.0000e+00
8.0109e-05
1.9073e-06
0.0000e+00
6.1035e-05
1.9073e-06
0.0000e+00
5.1975e-05
1.9073e-06
4.1914e-04
9.5367e-07
1.9073e-06
0.0000e+00
5.6028e-05
1.9073e-06
0.0000e+00
5.3167e-05
2.1458e-06
0.0000e+00
5.4121e-05
2.1458e-06
0.0000e+00
7.7009e-05
1.9073e-06
0.0000e+00
5.4121e-05
1.9073e-06
0.0000e+00
6.1035e-05
1.9073e-06
0.0000e+00
5.5075e-05
1.9073e-06
0.0000e+00
5.1975e-05
2.1458e-06
0.0000e+00
5.3883e-05
1.9073e-06
0.0000e+00
5.2929e-05
1.9073e-06
0.0000e+00
5.1975e-05
1.9073e-06
0.0000e+00
5.5075e-05
2.1458e-06
0.0000e+00
5.2929e-05
1.9073e-06
5.3716e-04
9.5367e-07
1.9073e-06
0.0000e+00
5.4836e-05
9.5367e-07
0.0000e+00
5.3883e-05
1.9073e-06
5.1022e-05
9.5367e-07
1.9073e-06
0.0000e+00
5.4121e-05
2.1458e-06
0.0000e+00
5.3167e-05
2.1458e-06
1.9693e-04
9.5367e-07
3.0994e-06
2.5988e-05
0.0000e+00
1.9073e-06
0.0000e+00
5.6028e-05
2.1458e-06
0.0000e+00
5.4121e-05
2.1458e-06
0.0000e+00
5.3167e-05
9.5367e-07
0.0000e+00
5.9843e-05
2.1458e-06
7.2002e-05
9.5367e-07
9.5367e-07
1.2708e-04
1.1921e-06
2.1458e-06
5.0068e-06
9.5367e-07
1.9073e-06
1.7118e-04
9.5367e-07
1.9073e-06
0.0000e+00
5.6028e-05
3.0994e-06
0.0000e+00
5.6028e-05
1.9073e-06
5.9605e-06
9.5367e-07
1.9073e-06
0.0000e+00
5.5075e-05
1.9073e-06
0.0000e+00
5.3167e-05
2.1458e-06
0.0000e+00
5.1975e-05
1.9073e-06
0.0000e+00
5.2929e-05
9.5367e-07
0.0000e+00
6.0081e-05
2.1458e-06
0.0000e+00
5.5075e-05
1.9073e-06
4.1962e-05
1.6928e-05
1.9073e-06
0.0000e+00
5.6982e-05
2.1458e-06
0.0000e+00
5.2929e-05
2.1458e-06
0.0000e+00
5.2929e-05
9.5367e-07
0.0000e+00
5.1975e-05
2.1458e-06
0.0000e+00
5.2929e-05
9.5367e-07
0.0000e+00
5.3167e-05
2.1458e-06
0.0000e+00
5.1975e-05
1.9073e-06
0.0000e+00
6.9141e-05
2.8610e-06
0.0000e+00
5.3167e-05
2.1458e-06
0.0000e+00
5.3883e-05
1.9073e-06
0.0000e+00
5.1975e-05
9.5367e-07
0.0000e+00
6.1035e-05
1.9073e-06
1.5974e-05
9.5367e-07
2.1458e-06
1.8311e-04
0.0000e+00
1.9073e-06
5.9605e-06
9.5367e-07
2.1458e-06
0.0000e+00
5.4121e-05
1.1921e-06
0.0000e+00
7.2956e-05
1.9073e-06
1.2159e-05
0.0000e+00
1.9073e-06
0.0000e+00
5.5075e-05
1.9073e-06
5.0068e-06
9.5367e-07
9.5367e-07
0.0000e+00
5.5075e-05
2.1458e-06
0.0000e+00
5.2929e-05
2.1458e-06
0.0000e+00
5.2929e-05
1.9073e-06
0.0000e+00
5.3167e-05
1.1921e-06
0.0000e+00
5.2929e-05
1.9073e-06
7.1049e-05
1.1921e-06
2.1458e-06
0.0000e+00
5.6028e-05
1.9073e-06
0.0000e+00
5.4121e-05
2.1458e-06
0.0000e+00
5.4121e-05
1.1921e-06
0.0000e+00
5.1975e-05
1.9073e-06
0.0000e+00
5.3167e-05
2.1458e-06
5.2929e-05
0.0000e+00
2.1458e-06
0.0000e+00
5.4121e-05
2.1458e-06
0.0000e+00
7.1049e-05
1.9073e-06
0.0000e+00
5.3883e-05
9.5367e-07
0.0000e+00
5.2929e-05
1.9073e-06
0.0000e+00
5.4121e-05
1.1921e-06
0.0000e+00
5.3883e-05
9.5367e-07
0.0000e+00
5.2929e-05
1.9073e-06
0.0000e+00
5.6982e-05
2.1458e-06
0.0000e+00
5.2929e-05
1.9073e-06
0.0000e+00
5.5075e-05
1.9073e-06
0.0000e+00
5.3883e-05
1.9073e-06
0.0000e+00
5.4121e-05
1.9073e-06
0.0000e+00
5.3167e-05
1.1921e-06
0.0000e+00
5.1975e-05
9.5367e-07
0.0000e+00
5.3167e-05
2.1458e-06
3.0041e-05
0.0000e+00
9.5367e-07
0.0000e+00
5.4121e-05
1.9073e-06
0.0000e+00
7.0095e-05
1.9073e-06
0.0000e+00
5.6028e-05
2.8610e-06
0.0000e+00
5.4121e-05
1.9073e-06
0.0000e+00
6.0081e-05
1.9073e-06
0.0000e+00
5.1975e-05
2.1458e-06
1.0991e-04
1.1921e-06
2.1458e-06
0.0000e+00
5.5075e-05
9.5367e-07
0.0000e+00
5.2929e-05
1.9073e-06
0.0000e+00
7.4148e-05
2.8610e-06
0.0000e+00
5.5075e-05
1.9073e-06
0.0000e+00
5.1975e-05
1.9073e-06
0.0000e+00
5.2929e-05
2.1458e-06
3.0041e-05
0.0000e+00
9.5367e-07
0.0000e+00
5.5075e-05
1.9073e-06
0.0000e+00
5.2214e-05
2.1458e-06
0.0000e+00
5.3883e-05
1.9073e-06
0.0000e+00
7.8917e-05
2.8610e-06
0.0000e+00
5.5075e-05
9.5367e-07
0.0000e+00
5.3167e-05
2.1458e-06
4.1008e-05
9.5367e-07
1.1921e-06
0.0000e+00
5.3883e-05
2.1458e-06
0.0000e+00
5.2929e-05
1.9073e-06
0.0000e+00
5.5790e-05
9.5367e-07
0.0000e+00
5.3883e-05
1.9073e-06
0.0000e+00
7.1049e-05
1.9073e-06
0.0000e+00
5.3883e-05
1.9073e-06
0.0000e+00
5.2929e-05
1.9073e-06
0.0000e+00
5.4121e-05
9.5367e-07
0.0000e+00
5.2929e-05
2.1458e-06
0.0000e+00
5.1975e-05
1.9073e-06
0.0000e+00
5.9128e-05
9.5367e-07
0.0000e+00
5.4121e-05
2.1458e-06
0.0000e+00
5.6982e-05
1.9073e-06
0.0000e+00
5.1975e-05
2.1458e-06
1.5020e-05
0.0000e+00
1.9073e-06
0.0000e+00
5.6028e-05
2.1458e-06
0.0000e+00
5.2929e-05
1.9073e-06
0.0000e+00
5.3883e-05
9.5367e-07
0.0000e+00
5.3167e-05
2.1458e-06
0.0000e+00
5.2929e-05
9.5367e-07
0.0000e+00
6.8903e-05
2.8610e-06
1.1206e-05
9.5367e-07
1.9073e-06
0.0000e+00
5.6028e-05
1.9073e-06
0.0000e+00
5.4121e-05
1.9073e-06
1.1301e-04
0.0000e+00
1.9073e-06
0.0000e+00
5.5075e-05
1.9073e-06
0.0000e+00
5.1975e-05
2.1458e-06
0.0000e+00
5.3883e-05
1.9073e-06
0.0000e+00
5.2929e-05
2.1458e-06
5.0068e-06
9.5367e-07
1.9073e-06
7.3910e-05
0.0000e+00
1.1921e-06
0.0000e+00
5.6028e-05
9.5367e-07
0.0000e+00
5.3167e-05
2.1458e-06
0.0000e+00
5.2929e-05
1.9073e-06
5.9605e-06
0.0000e+00
1.9073e-06
5.6982e-05
0.0000e+00
9.5367e-07
0.0000e+00
5.6028e-05
1.9073e-06
0.0000e+00
5.3167e-05
1.9073e-06
0.0000e+00
7.9155e-05
3.0994e-06
0.0000e+00
5.5075e-05
1.9073e-06
0.0000e+00
5.4121e-05
1.9073e-06
9.0122e-05
9.5367e-07
1.9073e-06
0.0000e+00
5.3883e-05
9.5367e-07
0.0000e+00
5.2929e-05
1.9073e-06
0.0000e+00
5.3167e-05
2.1458e-06
0.0000e+00
5.3883e-05
9.5367e-07
3.7193e-05
0.0000e+00
1.9073e-06
0.0000e+00
7.0810e-05
2.1458e-06
0.0000e+00
5.4121e-05
2.1458e-06
0.0000e+00
5.2929e-05
1.9073e-06
8.8215e-06
0.0000e+00
2.1458e-06
0.0000e+00
5.3167e-05
2.1458e-06
0.0000e+00
6.0081e-05
1.9073e-06
0.0000e+00
5.3167e-05
2.1458e-06
0.0000e+00
5.2929e-05
9.5367e-07
0.0000e+00
7.2002e-05
3.0994e-06
1.0300e-04
1.1921e-06
2.1458e-06
0.0000e+00
5.6028e-05
1.9073e-06
5.0068e-06
0.0000e+00
2.1458e-06
5.3883e-05
0.0000e+00
2.1458e-06
0.0000e+00
5.4121e-05
2.1458e-06
0.0000e+00
5.4121e-05
9.5367e-07
0.0000e+00
5.3883e-05
1.9073e-06
0.0000e+00
5.2929e-05
1.9073e-06
0.0000e+00
7.2956e-05
2.1458e-06
0.0000e+00
6.1035e-05
2.1458e-06
8.7976e-05
1.1921e-06
2.1458e-06
0.0000e+00
5.4121e-05
2.1458e-06
0.0000e+00
5.3883e-05
9.5367e-07
5.9605e-06
0.0000e+00
9.5367e-07
0.0000e+00
5.5075e-05
1.9073e-06
0.0000e+00
5.4121e-05
1.9073e-06
0.0000e+00
5.3167e-05
3.0994e-06
0.0000e+00
5.5075e-05
2.1458e-06
0.0000e+00
5.2929e-05
1.9073e-06
0.0000e+00
5.2929e-05
1.9073e-06
0.0000e+00
5.2929e-05
1.9073e-06
8.6069e-05
0.0000e+00
1.9073e-06
0.0000e+00
5.4836e-05
2.1458e-06
0.0000e+00
5.3883e-05
1.9073e-06
0.0000e+00
5.1975e-05
1.9073e-06
4.7922e-05
0.0000e+00
2.1458e-06
4.0531e-06
9.5367e-07
1.9073e-06
0.0000e+00
5.6982e-05
1.9073e-06
0.0000e+00
5.2929e-05
9.5367e-07
0.0000e+00
5.3167e-05
9.5367e-07
0.0000e+00
5.4121e-05
1.1921e-06
0.0000e+00
5.2929e-05
1.9073e-06
0.0000e+00
5.2929e-05
1.9073e-06
0.0000e+00
5.4121e-05
2.1458e-06
1.2302e-04
9.5367e-07
9.5367e-07
0.0000e+00
5.6982e-05
9.5367e-07
0.0000e+00
6.1989e-05
1.9073e-06
0.0000e+00
5.2929e-05
1.9073e-06
0.0000e+00
5.3167e-05
2.1458e-06
8.1062e-06
9.5367e-07
1.9073e-06
0.0000e+00
5.4836e-05
1.9073e-06
0.0000e+00
5.2929e-05
1.9073e-06
0.0000e+00
7.2956e-05
2.1458e-06
0.0000e+00
5.2929e-05
2.1458e-06
3.0041e-05
9.5367e-07
1.9073e-06
0.0000e+00
5.4836e-05
1.9073e-06
0.0000e+00
5.2929e-05
1.9073e-06
5.0068e-06
9.5367e-07
2.1458e-06
0.0000e+00
5.3883e-05
1.9073e-06
1.5187e-04
9.5367e-07
2.1458e-06
0.0000e+00
5.6982e-05
1.9073e-06
0.0000e+00
6.7949e-05
2.8610e-06
0.0000e+00
5.6028e-05
1.9073e-06
0.0000e+00
5.3167e-05
9.5367e-07
0.0000e+00
5.3167e-05
2.1458e-06
3.6001e-05
0.0000e+00
9.5367e-07
2.7895e-05
9.5367e-07
9.5367e-07
0.0000e+00
5.3883e-05
1.9073e-06
0.0000e+00
5.2929e-05
1.9073e-06
0.0000e+00
5.3167e-05
2.1458e-06
7.5817e-05
0.0000e+00
1.9073e-06
3.3140e-05
9.5367e-07
9.5367e-07
5.8174e-05
9.5367e-07
1.9073e-06
0.0000e+00
6.2943e-05
1.9073e-06
0.0000e+00
5.5075e-05
1.9073e-06
0.0000e+00
5.2214e-05
2.1458e-06
0.0000e+00
5.2929e-05
1.9073e-06
0.0000e+00
5.2929e-05
1.9073e-06
4.1008e-05
1.1921e-06
1.9073e-06
9.3937e-05
9.5367e-07
2.1458e-06
4.9114e-05
9.5367e-07
9.5367e-07
0.0000e+00
7.8201e-05
3.0994e-06
0.0000e+00
5.4121e-05
2.1458e-06
5.0068e-06
0.0000e+00
9.5367e-07
0.0000e+00
5.4836e-05
2.1458e-06
0.0000e+00
5.3883e-05
1.9073e-06
0.0000e+00
5.3883e-05
9.5367e-07
0.0000e+00
6.1035e-05
1.9073e-06
0.0000e+00
5.2929e-05
9.5367e-07
0.0000e+00
7.0810e-05
2.1458e-06
0.0000e+00
5.3883e-05
1.9073e-06
1.0490e-04
9.5367e-07
2.1458e-06
0.0000e+00
5.6028e-05
2.1458e-06
0.0000e+00
5.3167e-05
2.1458e-06
0.0000e+00
5.2929e-05
1.9073e-06
0.0000e+00
5.3167e-05
2.1458e-06
0.0000e+00
5.5075e-05
2.1458e-06
0.0000e+00
6.8903e-05
2.1458e-06
0.0000e+00
5.2929e-05
1.9073e-06
0.0000e+00
5.3883e-05
1.9073e-06
0.0000e+00
6.1989e-05
2.1458e-06
0.0000e+00
5.3883e-05
1.9073e-06
0.0000e+00
5.5790e-05
1.9073e-06
0.0000e+00
5.1975e-05
1.9073e-06
6.9141e-06
9.5367e-07
1.9073e-06
0.0000e+00
7.2002e-05
1.9073e-06
0.0000e+00
5.3883e-05
1.9073e-06
0.0000e+00
5.1975e-05
2.1458e-06
5.5075e-05
0.0000e+00
1.9073e-06
0.0000e+00
5.3883e-05
9.5367e-07
7.1526e-06
9.5367e-07
1.9073e-06
0.0000e+00
5.5075e-05
1.9073e-06
0.0000e+00
5.3167e-05
2.1458e-06
7.1049e-05
9.5367e-07
1.9073e-06
0.0000e+00
8.0824e-05
1.9073e-06
0.0000e+00
5.3883e-05
1.9073e-06
6.8903e-05
9.5367e-07
1.9073e-06
0.0000e+00
5.4836e-05
1.9073e-06
0.0000e+00
5.1975e-05
1.9073e-06
0.0000e+00
5.2214e-05
2.1458e-06
0.0000e+00
5.2929e-05
1.9073e-06
0.0000e+00
5.2929e-05
1.9073e-06
0.0000e+00
7.0095e-05
1.9073e-06
0.0000e+00
5.3883e-05
1.9073e-06
0.0000e+00
5.3167e-05
1.1921e-06
0.0000e+00
5.2929e-05
1.9073e-06
6.4135e-05
9.5367e-07
1.9073e-06
0.0000e+00
5.4836e-05
2.1458e-06
0.0000e+00
5.4121e-05
2.1458e-06
0.0000e+00
5.1975e-05
1.9073e-06
1.0967e-05
0.0000e+00
1.9073e-06
0.0000e+00
5.6982e-05
1.9073e-06
0.0000e+00
5.2929e-05
1.9073e-06
0.0000e+00
5.3167e-05
2.1458e-06
0.0000e+00
5.1975e-05
1.9073e-06
1.5020e-05
9.5367e-07
1.9073e-06
0.0000e+00
5.4121e-05
9.5367e-07
9.5129e-05
9.5367e-07
1.9073e-06
0.0000e+00
5.3883e-05
1.9073e-06
0.0000e+00
6.6996e-05
2.1458e-06
0.0000e+00
5.5075e-05
1.9073e-06
0.0000e+00
6.0081e-05
2.1458e-06
0.0000e+00
5.6028e-05
1.9073e-06
0.0000e+00
5.3167e-05
2.1458e-06
0.0000e+00
5.2929e-05
1.9073e-06
0.0000e+00
5.2929e-05
1.9073e-06
3.0994e-05
1.1921e-06
9.5367e-07
0.0000e+00
7.2002e-05
1.9073e-06
0.0000e+00
5.6028e-05
2.1458e-06
0.0000e+00
5.3883e-05
1.9073e-06
0.0000e+00
5.2929e-05
1.9073e-06
1.2302e-04
1.1921e-06
2.1458e-06
5.0068e-06
9.5367e-07
1.9073e-06
0.0000e+00
5.5075e-05
1.9073e-06
6.5088e-05
9.5367e-07
2.1458e-06
0.0000e+00
6.1989e-05
1.9073e-06
0.0000e+00
7.0810e-05
3.0994e-06
0.0000e+00
5.6028e-05
1.9073e-06
0.0000e+00
5.5075e-05
1.9073e-06
0.0000e+00
5.4121e-05
2.1458e-06
2.5988e-05
9.5367e-07
9.5367e-07
0.0000e+00
5.4836e-05
2.1458e-06
0.0000e+00
5.2929e-05
1.9073e-06
0.0000e+00
5.3167e-05
2.1458e-06
3.1948e-05
0.0000e+00
1.1921e-06
0.0000e+00
7.0095e-05
2.1458e-06
0.0000e+00
5.3883e-05
2.1458e-06
0.0000e+00
5.1975e-05
1.9073e-06
0.0000e+00
5.4121e-05
1.9073e-06
0.0000e+00
6.0081e-05
1.9073e-06
6.4135e-05
0.0000e+00
1.9073e-06
0.0000e+00
5.4121e-05
1.9073e-06
0.0000e+00
5.3167e-05
1.9073e-06
0.0000e+00
7.1049e-05
2.1458e-06
0.0000e+00
5.6028e-05
2.1458e-06
0.0000e+00
5.2929e-05
1.9073e-06
0.0000e+00
5.2929e-05
1.9073e-06
0.0000e+00
5.3167e-05
2.1458e-06
0.0000e+00
5.2929e-05
9.5367e-07
0.0000e+00
5.3167e-05
2.1458e-06
0.0000e+00
5.1975e-05
2.1458e-06
3.7909e-05
9.5367e-07
1.9073e-06
7.5102e-05
9.5367e-07
2.1458e-06
0.0000e+00
5.8889e-05
1.9073e-06
0.0000e+00
5.2929e-05
1.9073e-06
0.0000e+00
5.4121e-05
1.9073e-06
0.0000e+00
5.4121e-05
2.1458e-06
0.0000e+00
5.2929e-05
1.9073e-06
0.0000e+00
5.3883e-05
1.9073e-06
0.0000e+00
7.2956e-05
1.9073e-06
0.0000e+00
5.5075e-05
1.1993e-01
