7.2129e-03
3.4809e-05
0.0000e+00
1.0610e-04
9.7990e-05
0.0000e+00
6.1035e-05
1.0800e-04
0.0000e+00
5.6982e-05
6.1989e-05
0.0000e+00
5.6982e-05
6.5088e-05
1.5490e-03
9.5367e-07
5.0068e-06
0.0000e+00
6.3896e-05
1.9073e-06
0.0000e+00
5.6982e-05
2.1458e-06
1.1921e-05
0.0000e+00
9.5367e-07
1.0014e-05
0.0000e+00
1.9073e-06
0.0000e+00
6.8903e-05
1.1921e-06
0.0000e+00
5.6028e-05
4.0054e-05
0.0000e+00
5.6982e-05
6.3896e-05
0.0000e+00
5.4836e-05
9.7752e-06
0.0000e+00
5.6028e-05
5.7936e-05
0.0000e+00
5.5075e-05
5.9128e-05
0.0000e+00
5.5075e-05
6.6996e-05
0.0000e+00
7.4148e-05
8.4877e-05
0.0000e+00
5.8889e-05
5.9843e-05
0.0000e+00
5.6028e-05
7.6056e-05
0.0000e+00
5.6028e-05
5.6982e-05
0.0000e+00
5.4121e-05
6.2943e-05
5.0068e-06
9.5367e-07
1.0896e-04
0.0000e+00
5.6028e-05
1.9073e-06
0.0000e+00
5.2929e-05
4.6968e-05
0.0000e+00
5.4121e-05
4.8161e-05
0.0000e+00
6.2943e-05
1.9073e-06
0.0000e+00
5.4836e-05
3.0994e-06
0.0000e+00
5.5075e-05
1.5402e-04
0.0000e+00
5.4836e-05
1.9073e-06
0.0000e+00
5.2929e-05
4.0531e-06
0.0000e+00
5.3883e-05
4.4107e-05
0.0000e+00
5.2929e-05
6.0081e-05
0.0000e+00
7.1049e-05
6.7949e-05
4.0531e-06
0.0000e+00
1.1301e-04
0.0000e+00
5.6982e-05
4.3869e-05
0.0000e+00
5.4836e-05
5.7936e-05
3.0994e-06
0.0000e+00
1.0610e-04
9.5129e-05
0.0000e+00
1.2875e-05
6.9141e-06
1.1921e-06
4.9114e-05
0.0000e+00
5.6028e-05
4.1008e-05
4.0531e-06
9.5367e-07
1.3280e-04
0.0000e+00
5.5075e-05
5.1022e-05
0.0000e+00
7.8917e-05
3.1948e-05
0.0000e+00
5.8174e-05
5.9128e-05
0.0000e+00
5.5075e-05
5.4121e-05
0.0000e+00
5.5075e-05
5.5790e-05
0.0000e+00
5.3883e-05
2.1458e-06
0.0000e+00
5.5075e-05
3.7909e-05
0.0000e+00
5.3883e-05
8.0109e-05
0.0000e+00
5.2929e-05
2.4390e-04
0.0000e+00
7.2956e-05
3.9816e-05
5.9605e-06
9.5367e-07
1.0395e-04
0.0000e+00
5.5790e-05
5.5075e-05
0.0000e+00
5.5075e-05
5.7936e-05
0.0000e+00
5.6028e-05
1.9073e-06
0.0000e+00
5.4121e-05
3.5048e-05
0.0000e+00
5.3883e-05
6.7949e-05
0.0000e+00
6.0081e-05
2.5034e-05
1.3208e-04
0.0000e+00
2.1458e-06
0.0000e+00
5.7936e-05
1.9073e-06
0.0000e+00
5.3883e-05
1.9073e-06
0.0000e+00
5.5075e-05
1.9073e-06
2.0981e-05
0.0000e+00
2.9087e-05
1.7715e-04
9.5367e-07
9.5367e-07
0.0000e+00
5.5075e-05
1.9073e-06
0.0000e+00
5.3883e-05
1.9073e-06
1.7500e-04
9.5367e-07
9.5367e-07
0.0000e+00
5.8174e-05
1.9073e-06
0.0000e+00
5.5790e-05
2.3007e-04
0.0000e+00
5.6028e-05
1.9073e-06
0.0000e+00
5.4121e-05
1.9073e-06
0.0000e+00
5.5075e-05
3.6883e-04
5.0068e-06
9.5367e-07
4.9114e-05
0.0000e+00
5.6982e-05
1.9073e-06
5.0068e-06
9.5367e-07
4.4823e-05
0.0000e+00
5.6028e-05
1.5306e-04
0.0000e+00
7.2956e-05
5.0068e-06
0.0000e+00
5.6028e-05
2.1458e-06
1.0395e-04
0.0000e+00
2.1458e-06
0.0000e+00
5.6028e-05
2.1458e-06
0.0000e+00
5.6028e-05
9.5367e-07
0.0000e+00
5.4121e-05
1.1921e-06
0.0000e+00
6.1989e-05
1.9073e-06
0.0000e+00
5.4121e-05
1.1921e-06
0.0000e+00
7.2002e-05
2.8610e-06
3.2997e-04
9.5367e-07
9.5367e-07
2.4080e-05
0.0000e+00
9.5367e-07
0.0000e+00
5.6028e-05
2.5034e-05
0.0000e+00
5.4836e-05
4.0531e-06
0.0000e+00
5.4836e-05
4.6301e-04
0.0000e+00
5.6028e-05
2.8610e-06
3.8147e-06
9.5367e-07
6.9857e-05
0.0000e+00
5.5790e-05
2.1458e-06
0.0000e+00
7.1049e-05
1.2016e-04
0.0000e+00
5.6982e-05
1.9073e-06
0.0000e+00
5.4836e-05
1.9073e-06
0.0000e+00
5.3883e-05
7.8678e-06
0.0000e+00
6.1035e-05
1.9073e-06
0.0000e+00
5.4836e-05
2.1696e-04
0.0000e+00
5.3883e-05
2.2888e-05
0.0000e+00
5.2929e-05
1.4687e-04
0.0000e+00
7.2002e-05
3.0994e-06
4.1962e-05
0.0000e+00
9.5367e-07
0.0000e+00
5.6982e-05
1.9073e-06
2.2793e-04
9.5367e-07
1.9073e-06
0.0000e+00
5.6982e-05
5.4121e-05
0.0000e+00
5.6028e-05
1.5974e-05
0.0000e+00
5.5075e-05
4.7684e-06
0.0000e+00
5.3883e-05
1.9073e-06
4.0531e-06
1.1921e-06
5.0783e-05
0.0000e+00
7.2956e-05
2.0027e-05
4.0531e-06
0.0000e+00
5.1975e-05
0.0000e+00
5.5790e-05
9.5367e-07
0.0000e+00
5.3883e-05
2.8610e-06
0.0000e+00
5.3883e-05
9.5367e-07
4.3011e-04
0.0000e+00
1.1921e-06
0.0000e+00
5.6982e-05
9.5367e-07
0.0000e+00
5.3167e-05
9.5367e-07
0.0000e+00
5.3883e-05
1.9002e-04
0.0000e+00
5.6982e-05
5.0068e-06
0.0000e+00
5.4121e-05
2.8610e-06
0.0000e+00
6.0797e-05
2.1458e-06
0.0000e+00
5.3883e-05
2.1458e-06
0.0000e+00
5.3883e-05
1.0014e-05
0.0000e+00
5.6982e-05
1.9073e-06
0.0000e+00
5.5075e-05
1.9073e-06
0.0000e+00
7.2956e-05
2.1100e-04
1.9503e-04
2.1458e-06
1.9073e-06
0.0000e+00
9.8944e-05
5.0068e-06
0.0000e+00
9.5129e-05
3.0994e-06
0.0000e+00
9.6083e-05
4.0531e-06
0.0000e+00
9.2983e-05
1.1921e-05
0.0000e+00
9.2030e-05
5.0068e-06
0.0000e+00
9.2983e-05
8.1062e-06
0.0000e+00
1.1706e-04
1.0014e-05
0.0000e+00
9.7990e-05
4.0531e-06
0.0000e+00
1.0490e-04
9.0599e-06
6.9141e-06
1.1921e-06
6.9141e-06
5.0068e-06
1.1921e-06
6.1989e-06
0.0000e+00
9.7036e-05
7.1526e-06
0.0000e+00
9.4175e-05
9.0599e-06
0.0000e+00
9.4175e-05
2.8610e-06
0.0000e+00
9.1076e-05
6.9141e-06
0.0000e+00
1.1897e-04
1.1921e-05
0.0000e+00
9.5129e-05
4.0531e-06
0.0000e+00
9.3937e-05
8.1062e-06
6.1989e-05
2.1458e-06
2.8610e-06
0.0000e+00
9.2983e-05
2.1458e-06
0.0000e+00
9.2030e-05
3.0994e-06
0.0000e+00
9.7036e-05
2.1458e-06
0.0000e+00
9.5129e-05
1.9073e-06
6.9141e-06
9.5367e-07
2.8610e-06
0.0000e+00
9.7036e-05
2.8610e-06
0.0000e+00
1.0014e-04
9.0599e-06
0.0000e+00
9.5129e-05
3.0994e-06
0.0000e+00
9.3937e-05
8.1062e-06
0.0000e+00
9.2983e-05
2.8610e-06
0.0000e+00
9.5129e-05
1.0014e-05
0.0000e+00
9.5129e-05
8.8215e-06
0.0000e+00
1.1897e-04
5.0068e-06
0.0000e+00
1.0514e-04
8.1062e-06
0.0000e+00
9.3222e-05
3.0994e-06
0.0000e+00
9.2030e-05
1.0014e-05
6.9141e-06
9.5367e-07
6.1989e-06
0.0000e+00
9.6083e-05
3.0994e-06
0.0000e+00
9.3937e-05
1.0967e-05
0.0000e+00
9.6083e-05
7.8678e-06
6.9141e-06
9.5367e-07
6.9141e-06
0.0000e+00
1.1992e-04
8.1062e-06
5.9605e-06
1.9073e-06
1.9073e-06
0.0000e+00
1.0300e-04
3.0994e-06
0.0000e+00
9.2030e-05
9.0599e-06
0.0000e+00
9.0122e-05
1.9073e-06
0.0000e+00
9.1076e-05
1.9073e-06
5.9605e-06
9.5367e-07
2.5034e-05
0.0000e+00
9.2030e-05
5.3883e-05
0.0000e+00
9.2983e-05
4.0531e-06
0.0000e+00
9.4891e-05
4.0531e-06
0.0000e+00
9.2983e-05
5.0068e-06
0.0000e+00
9.2030e-05
3.0994e-06
0.0000e+00
9.2030e-05
4.0531e-06
0.0000e+00
9.1076e-05
8.1062e-06
0.0000e+00
9.0837e-05
4.0531e-06
0.0000e+00
9.6083e-05
7.8678e-06
0.0000e+00
1.1897e-04
8.1062e-06
0.0000e+00
1.0085e-04
9.4175e-05
0.0000e+00
9.6083e-05
3.0994e-06
0.0000e+00
9.5129e-05
2.8610e-06
0.0000e+00
9.2030e-05
2.8610e-06
0.0000e+00
9.2983e-05
8.1062e-06
0.0000e+00
9.4175e-05
1.9073e-06
0.0000e+00
9.3937e-05
1.0014e-05
0.0000e+00
7.6056e-05
6.9141e-06
0.0000e+00
5.5790e-05
2.1458e-06
0.0000e+00
5.4836e-05
5.0068e-06
0.0000e+00
5.6028e-05
5.0068e-06
0.0000e+00
5.5075e-05
1.9073e-06
0.0000e+00
5.5075e-05
5.0068e-06
0.0000e+00
5.6028e-05
1.1921e-06
5.9605e-06
1.1921e-06
1.0967e-05
0.0000e+00
5.8174e-05
5.1975e-05
0.0000e+00
5.6028e-05
8.1062e-05
0.0000e+00
5.5075e-05
6.8903e-05
0.0000e+00
6.2943e-05
4.4823e-05
0.0000e+00
5.5075e-05
5.1975e-05
1.3804e-04
1.1921e-06
2.1458e-06
0.0000e+00
5.4121e-05
1.9073e-05
0.0000e+00
5.4121e-05
5.5075e-05
0.0000e+00
8.0109e-05
2.5034e-05
0.0000e+00
5.6982e-05
2.4104e-04
0.0000e+00
5.6028e-05
1.9073e-06
0.0000e+00
5.5075e-05
1.9073e-06
0.0000e+00
5.5075e-05
2.0981e-05
0.0000e+00
5.4121e-05
5.0068e-05
3.8147e-06
9.5367e-07
1.0204e-04
0.0000e+00
5.6028e-05
5.2929e-05
0.0000e+00
7.3910e-05
3.5048e-05
0.0000e+00
5.5075e-05
8.1062e-05
0.0000e+00
5.6028e-05
6.6042e-05
0.0000e+00
5.6028e-05
5.1975e-05
0.0000e+00
5.6028e-05
5.2929e-05
0.0000e+00
5.5790e-05
5.1975e-05
0.0000e+00
5.4836e-05
5.6028e-05
2.4080e-05
9.5367e-07
8.3923e-05
0.0000e+00
7.7009e-05
3.0994e-06
0.0000e+00
5.4121e-05
2.3103e-04
0.0000e+00
9.6083e-05
4.0531e-06
0.0000e+00
9.3937e-05
7.8678e-06
0.0000e+00
9.2983e-05
3.0994e-06
0.0000e+00
9.2983e-05
1.0967e-05
0.0000e+00
9.3937e-05
3.0994e-06
0.0000e+00
9.2983e-05
9.0599e-06
0.0000e+00
9.8944e-05
2.8610e-06
0.0000e+00
9.2983e-05
4.0531e-06
5.9605e-06
1.9073e-06
2.8610e-06
0.0000e+00
9.7990e-05
3.0994e-06
4.0531e-06
2.1458e-06
2.1458e-06
0.0000e+00
9.5129e-05
3.0994e-06
0.0000e+00
9.3937e-05
2.8610e-06
0.0000e+00
9.5844e-05
1.1921e-05
0.0000e+00
1.1396e-04
8.8215e-06
0.0000e+00
9.2030e-05
3.0994e-06
0.0000e+00
9.0837e-05
8.1062e-06
9.4700e-04
9.5367e-07
2.8610e-06
0.0000e+00
9.9897e-05
3.0994e-06
0.0000e+00
9.2983e-05
2.1458e-06
0.0000e+00
9.3222e-05
1.9073e-06
0.0000e+00
9.2983e-05
2.8610e-06
0.0000e+00
1.0896e-04
3.0994e-06
7.8678e-06
9.5367e-07
9.5367e-07
5.9605e-06
2.1458e-06
1.9073e-06
0.0000e+00
9.9897e-05
5.0068e-06
0.0000e+00
9.5129e-05
8.1062e-06
0.0000e+00
9.3222e-05
2.8610e-06
0.0000e+00
8.9884e-05
1.0014e-05
0.0000e+00
9.2030e-05
7.1526e-06
8.1062e-06
9.5367e-07
2.1458e-06
0.0000e+00
9.3937e-05
7.8678e-06
0.0000e+00
9.2983e-05
8.1062e-06
0.0000e+00
8.9884e-05
1.7166e-05
3.7909e-05
1.9073e-06
3.0994e-06
0.0000e+00
9.3937e-05
1.9073e-06
5.9605e-06
9.5367e-07
1.9073e-06
0.0000e+00
9.5844e-05
1.9073e-06
1.3828e-05
9.5367e-07
1.9073e-06
0.0000e+00
9.2030e-05
1.2708e-04
0.0000e+00
9.3937e-05
4.0531e-06
7.1526e-06
2.1458e-06
9.0599e-06
0.0000e+00
9.4891e-05
1.3113e-05
0.0000e+00
9.6798e-05
2.8610e-06
0.0000e+00
9.3937e-05
2.1458e-06
1.9073e-05
1.1921e-06
2.1458e-06
7.7009e-05
9.5367e-07
9.5367e-07
0.0000e+00
9.3937e-05
2.1458e-06
0.0000e+00
9.4175e-05
1.9073e-06
0.0000e+00
9.2983e-05
1.9073e-06
0.0000e+00
1.2398e-04
5.0068e-06
0.0000e+00
1.0204e-04
3.0994e-06
0.0000e+00
9.4891e-05
3.0994e-06
0.0000e+00
9.3937e-05
3.0994e-06
0.0000e+00
9.6083e-05
3.0994e-06
0.0000e+00
9.4175e-05
2.8610e-06
0.0000e+00
9.3937e-05
2.8610e-06
0.0000e+00
9.0837e-05
5.0068e-06
0.0000e+00
9.3937e-05
5.0068e-06
0.0000e+00
8.8215e-05
4.0531e-06
0.0000e+00
8.6069e-05
4.0531e-06
0.0000e+00
8.6069e-05
3.0994e-06
0.0000e+00
8.8215e-05
4.0531e-06
0.0000e+00
8.7023e-05
3.8147e-06
0.0000e+00
8.6069e-05
3.0994e-06
0.0000e+00
1.1897e-04
5.0068e-06
0.0000e+00
8.7023e-05
3.0994e-06
8.1062e-06
1.9073e-06
3.0994e-06
0.0000e+00
9.0122e-05
3.0994e-06
0.0000e+00
9.4175e-05
5.0068e-06
0.0000e+00
9.3937e-05
4.0531e-06
0.0000e+00
9.2983e-05
2.8610e-06
0.0000e+00
9.2030e-05
3.0994e-06
0.0000e+00
1.1611e-04
4.0531e-06
0.0000e+00
9.2983e-05
3.0994e-06
9.6011e-04
9.5367e-07
2.8610e-06
0.0000e+00
1.0490e-04
4.0531e-06
5.0068e-06
9.5367e-07
3.0994e-06
0.0000e+00
9.3937e-05
3.0994e-06
0.0000e+00
9.2983e-05
4.0531e-06
0.0000e+00
9.2030e-05
3.0994e-06
0.0000e+00
9.2983e-05
5.0068e-06
0.0000e+00
1.1992e-04
5.0068e-06
0.0000e+00
9.3937e-05
3.8147e-06
0.0000e+00
9.2983e-05
4.0531e-06
0.0000e+00
9.1076e-05
4.0531e-06
0.0000e+00
9.2030e-05
2.8586e-04
0.0000e+00
9.7990e-05
4.0531e-06
0.0000e+00
9.6083e-05
4.0531e-06
0.0000e+00
9.2030e-05
4.0531e-06
0.0000e+00
1.0300e-04
4.0531e-06
0.0000e+00
9.2983e-05
3.0994e-06
0.0000e+00
9.1791e-05
3.0994e-06
0.0000e+00
9.3937e-05
3.0994e-06
6.9141e-06
9.5367e-07
1.9073e-06
4.0531e-06
9.5367e-07
3.0994e-06
5.9605e-06
1.9073e-06
2.3127e-05
4.7684e-06
9.5367e-07
3.5048e-05
0.0000e+00
9.2030e-05
2.8610e-06
5.9605e-06
1.1921e-06
2.8610e-06
4.0531e-06
2.0981e-05
2.0027e-05
0.0000e+00
1.0204e-04
2.6393e-04
0.0000e+00
9.5129e-05
4.0531e-06
0.0000e+00
9.7036e-05
5.0068e-06
0.0000e+00
9.1791e-05
2.8610e-06
3.5048e-05
9.5367e-07
2.1458e-06
0.0000e+00
9.7990e-05
2.8610e-06
0.0000e+00
9.8944e-05
4.0531e-06
0.0000e+00
9.1791e-05
5.0068e-06
0.0000e+00
9.7990e-05
3.0994e-06
0.0000e+00
9.1791e-05
3.8147e-06
0.0000e+00
9.7036e-05
3.0994e-06
0.0000e+00
9.2030e-05
4.0531e-06
0.0000e+00
9.3937e-05
4.0531e-06
5.9605e-06
1.9073e-06
2.8610e-06
0.0000e+00
9.6083e-05
4.0531e-06
0.0000e+00
9.3937e-05
4.0531e-06
0.0000e+00
9.2983e-05
4.0531e-06
0.0000e+00
9.3937e-05
3.0994e-06
0.0000e+00
9.2983e-05
2.8610e-06
0.0000e+00
9.4891e-05
1.9073e-06
7.1526e-06
9.5367e-07
1.9073e-06
0.0000e+00
9.5844e-05
4.0531e-06
0.0000e+00
9.3937e-05
3.0994e-06
0.0000e+00
1.0014e-04
5.0068e-06
0.0000e+00
9.4175e-05
4.0531e-06
0.0000e+00
9.2030e-05
4.0531e-06
0.0000e+00
9.3222e-05
2.8610e-06
6.9141e-06
1.9073e-06
1.9073e-06
0.0000e+00
9.4891e-05
4.0531e-06
0.0000e+00
9.3937e-05
2.8610e-06
0.0000e+00
9.5129e-05
2.8610e-06
0.0000e+00
1.0300e-04
4.0531e-06
2.0981e-05
2.1458e-06
1.9073e-06
0.0000e+00
9.2983e-05
2.0981e-05
0.0000e+00
9.3937e-05
3.0994e-06
0.0000e+00
9.3937e-05
4.0531e-06
0.0000e+00
9.4891e-05
4.0531e-06
0.0000e+00
9.3937e-05
3.0994e-06
0.0000e+00
9.7036e-05
4.0531e-06
0.0000e+00
1.0395e-04
4.0531e-06
0.0000e+00
9.7036e-05
2.8610e-06
0.0000e+00
9.2030e-05
4.0531e-06
0.0000e+00
9.5129e-05
3.8147e-06
0.0000e+00
9.5129e-05
4.0531e-06
0.0000e+00
9.2983e-05
3.0994e-06
0.0000e+00
9.0837e-05
4.0531e-06
0.0000e+00
9.2983e-05
3.8147e-06
6.9141e-06
1.9073e-06
2.8610e-06
0.0000e+00
1.1706e-04
4.0531e-06
0.0000e+00
9.2983e-05
2.8610e-06
0.0000e+00
9.3937e-05
5.0068e-06
6.9141e-06
1.1921e-06
2.8610e-06
5.0068e-06
9.5367e-07
3.0994e-06
0.0000e+00
9.7036e-05
3.0994e-06
0.0000e+00
9.2030e-05
3.0994e-06
0.0000e+00
9.5129e-05
5.0068e-06
0.0000e+00
1.0204e-04
4.0531e-06
0.0000e+00
9.1076e-05
3.0994e-06
0.0000e+00
9.2983e-05
4.0531e-06
0.0000e+00
9.0837e-05
4.0531e-06
0.0000e+00
9.0837e-05
4.0531e-06
6.9141e-06
1.1921e-06
4.0531e-06
0.0000e+00
9.5129e-05
2.8610e-06
5.9605e-06
2.1458e-06
2.8610e-06
0.0000e+00
9.4891e-05
4.0531e-06
0.0000e+00
1.2803e-04
4.0531e-06
0.0000e+00
9.2030e-05
4.0531e-06
0.0000e+00
9.2983e-05
3.0994e-06
0.0000e+00
9.3937e-05
3.0994e-06
6.1989e-06
9.5367e-07
2.1458e-06
0.0000e+00
9.3937e-05
4.0531e-06
0.0000e+00
9.3937e-05
2.8610e-06
0.0000e+00
9.4891e-05
4.0531e-06
0.0000e+00
1.2302e-04
5.0068e-06
0.0000e+00
9.3937e-05
4.0531e-06
0.0000e+00
9.3937e-05
4.0531e-06
0.0000e+00
9.2030e-05
2.8610e-06
0.0000e+00
9.2983e-05
4.0531e-06
0.0000e+00
9.7990e-05
5.0068e-06
0.0000e+00
9.2983e-05
2.8610e-06
8.4496e-04
9.5367e-07
3.0994e-06
0.0000e+00
9.7990e-05
3.0994e-06
0.0000e+00
9.6798e-05
1.9073e-06
0.0000e+00
1.0204e-04
3.0994e-06
0.0000e+00
9.2983e-05
2.1458e-06
5.9605e-06
9.5367e-07
1.1921e-06
0.0000e+00
9.2983e-05
2.1458e-06
0.0000e+00
9.2030e-05
2.1458e-06
0.0000e+00
9.1076e-05
1.9073e-06
0.0000e+00
9.3937e-05
5.0068e-06
0.0000e+00
9.3937e-05
4.0531e-06
0.0000e+00
1.0586e-04
5.0068e-06
0.0000e+00
9.7036e-05
4.0531e-06
0.0000e+00
9.3937e-05
3.0994e-06
0.0000e+00
9.2030e-05
3.8147e-06
0.0000e+00
8.9884e-05
3.0994e-06
0.0000e+00
9.0837e-05
3.0994e-06
7.1526e-06
9.5367e-07
3.0994e-06
5.0068e-06
9.5367e-07
2.1935e-05
0.0000e+00
9.4891e-05
3.8147e-06
0.0000e+00
1.0109e-04
5.0068e-06
0.0000e+00
9.2030e-05
4.0531e-06
0.0000e+00
9.2983e-05
3.8147e-06
0.0000e+00
9.2030e-05
3.0994e-06
0.0000e+00
9.2983e-05
4.0531e-06
0.0000e+00
9.3937e-05
4.0531e-06
7.8678e-06
9.5367e-07
2.1458e-06
0.0000e+00
9.3937e-05
4.0531e-06
0.0000e+00
1.0204e-04
3.0994e-06
0.0000e+00
9.5844e-05
2.8610e-06
0.0000e+00
9.2983e-05
3.0994e-06
0.0000e+00
9.2030e-05
2.8610e-06
0.0000e+00
8.8930e-05
4.0531e-06
0.0000e+00
9.5844e-05
3.0994e-06
0.0000e+00
1.2016e-04
4.0531e-06
6.9141e-06
1.9073e-06
3.0994e-06
0.0000e+00
9.3937e-05
4.0531e-06
6.1989e-06
9.0599e-06
2.8610e-06
0.0000e+00
9.2983e-05
2.8610e-06
0.0000e+00
9.2030e-05
3.0994e-06
0.0000e+00
9.1076e-05
2.8610e-06
0.0000e+00
9.4891e-05
3.0994e-06
0.0000e+00
9.6798e-05
4.0531e-06
0.0000e+00
9.2983e-05
3.0994e-06
0.0000e+00
9.1791e-05
3.0994e-06
0.0000e+00
9.9897e-05
4.0531e-06
0.0000e+00
9.3222e-05
2.8610e-06
0.0000e+00
9.2983e-05
4.0531e-06
0.0000e+00
9.2030e-05
5.0068e-06
0.0000e+00
9.4891e-05
3.0994e-06
7.1526e-06
9.5367e-07
2.8610e-06
0.0000e+00
9.7990e-05
4.0531e-06
5.0068e-06
9.5367e-07
3.0994e-06
0.0000e+00
9.6083e-05
4.0531e-06
2.2173e-05
2.1458e-06
3.0994e-06
0.0000e+00
9.3937e-05
1.9073e-06
0.0000e+00
9.2983e-05
1.9073e-06
0.0000e+00
9.2030e-05
3.0994e-06
0.0000e+00
9.7036e-05
3.0994e-06
0.0000e+00
1.1706e-04
2.8610e-06
0.0000e+00
9.2030e-05
3.0994e-06
6.9141e-06
2.1458e-06
2.8610e-06
0.0000e+00
9.3937e-05
3.0994e-06
0.0000e+00
9.8944e-05
4.0531e-06
5.9605e-06
9.5367e-07
4.0531e-06
0.0000e+00
9.3937e-05
3.0994e-06
0.0000e+00
9.4175e-05
4.0531e-06
0.0000e+00
9.7036e-05
2.8610e-06
0.0000e+00
1.1587e-04
3.0994e-06
7.1526e-06
1.9073e-06
3.0994e-06
0.0000e+00
9.2983e-05
3.0994e-06
0.0000e+00
9.2983e-05
4.0531e-06
0.0000e+00
1.0109e-04
3.0994e-06
0.0000e+00
9.6083e-05
3.0994e-06
0.0000e+00
9.3937e-05
4.0531e-06
0.0000e+00
9.5844e-05
2.8610e-06
5.9605e-06
2.1458e-06
1.9073e-06
5.0068e-06
9.5367e-07
2.8610e-06
5.0068e-06
1.9073e-06
8.1062e-06
0.0000e+00
9.1791e-05
7.4148e-05
0.0000e+00
9.5129e-05
4.0531e-06
6.9141e-06
9.5367e-07
3.5048e-05
0.0000e+00
9.6083e-05
3.0994e-06
0.0000e+00
8.9169e-05
4.0531e-06
0.0000e+00
9.3222e-05
3.8147e-06
0.0000e+00
9.2983e-05
3.0994e-06
0.0000e+00
9.2030e-05
3.0994e-06
0.0000e+00
9.2030e-05
4.0531e-06
0.0000e+00
9.2030e-05
5.9605e-06
8.1062e-06
1.9073e-06
4.0531e-06
0.0000e+00
1.0300e-04
4.0531e-06
0.0000e+00
9.4891e-05
4.0531e-06
0.0000e+00
9.4175e-05
4.0531e-06
0.0000e+00
9.1076e-05
5.0068e-06
0.0000e+00
9.3937e-05
4.0531e-06
8.1062e-06
1.1921e-06
2.8610e-06
0.0000e+00
9.2030e-05
2.8610e-06
0.0000e+00
9.1076e-05
1.9073e-06
5.9605e-06
9.5367e-07
3.0994e-06
5.0068e-06
1.9073e-06
1.0967e-05
0.0000e+00
9.2983e-05
3.8147e-06
0.0000e+00
9.4891e-05
5.0068e-06
0.0000e+00
9.2030e-05
5.0068e-06
0.0000e+00
9.6083e-05
3.0994e-06
0.0000e+00
9.1076e-05
4.0531e-06
7.8678e-06
2.1458e-06
2.8610e-06
0.0000e+00
9.2030e-05
3.0994e-06
0.0000e+00
9.2983e-05
2.8610e-06
0.0000e+00
9.8944e-05
2.8610e-06
0.0000e+00
9.1076e-05
4.0531e-06
0.0000e+00
9.7036e-05
4.0531e-06
5.9605e-06
1.1921e-06
2.8610e-06
0.0000e+00
9.3937e-05
3.5715e-04
0.0000e+00
9.6083e-05
3.8147e-06
0.0000e+00
9.3937e-05
3.0994e-06
0.0000e+00
9.4891e-05
4.0531e-06
0.0000e+00
9.1076e-05
3.0994e-06
0.0000e+00
9.2030e-05
4.0531e-06
0.0000e+00
9.1791e-05
3.0994e-06
0.0000e+00
9.3937e-05
3.0994e-06
0.0000e+00
9.3937e-05
4.0531e-06
0.0000e+00
1.0014e-04
4.0531e-06
0.0000e+00
9.6083e-05
4.0531e-06
0.0000e+00
9.5129e-05
2.8610e-06
0.0000e+00
9.3937e-05
3.0994e-06
0.0000e+00
9.2983e-05
2.8610e-06
0.0000e+00
1.2207e-04
4.0531e-06
6.9141e-06
9.5367e-07
3.8147e-06
0.0000e+00
9.2983e-05
4.0531e-06
0.0000e+00
9.4891e-05
2.8610e-06
0.0000e+00
9.1076e-05
2.8610e-06
5.0068e-06
9.5367e-07
4.0531e-06
0.0000e+00
9.5129e-05
4.0531e-06
0.0000e+00
9.2983e-05
4.0531e-06
0.0000e+00
9.7990e-05
2.8610e-06
0.0000e+00
1.1897e-04
4.0531e-06
6.1989e-06
9.5367e-07
2.1458e-06
5.0068e-06
9.5367e-07
2.8849e-05
0.0000e+00
9.2030e-05
2.8610e-06
0.0000e+00
1.0109e-04
2.8610e-06
0.0000e+00
9.0837e-05
5.0068e-06
5.9605e-06
9.5367e-07
1.9073e-06
0.0000e+00
9.2030e-05
2.8610e-06
0.0000e+00
9.1076e-05
3.0994e-06
0.0000e+00
1.2493e-04
5.0068e-06
0.0000e+00
9.2983e-05
3.8147e-06
0.0000e+00
9.2030e-05
4.0531e-06
0.0000e+00
1.0896e-04
5.0068e-06
0.0000e+00
9.2030e-05
4.0531e-06
0.0000e+00
9.5844e-05
2.8610e-06
0.0000e+00
9.4891e-05
2.8610e-06
0.0000e+00
9.2030e-05
5.0068e-06
6.9141e-06
1.1921e-06
2.1458e-06
0.0000e+00
9.4175e-05
2.8610e-06
0.0000e+00
9.3937e-05
4.0531e-06
0.0000e+00
9.4891e-05
4.0531e-06
0.0000e+00
1.0204e-04
3.8147e-06
6.9141e-06
1.1921e-06
1.9073e-06
0.0000e+00
9.2983e-05
4.0531e-06
0.0000e+00
8.9884e-05
3.0994e-06
0.0000e+00
1.1420e-04
4.0531e-06
0.0000e+00
9.2983e-05
4.0531e-06
0.0000e+00
9.2983e-05
3.0994e-06
7.1526e-06
9.5367e-07
1.9073e-06
0.0000e+00
9.5129e-05
3.0994e-06
0.0000e+00
9.8944e-05
6.1989e-06
5.9605e-06
9.5367e-07
1.9073e-06
0.0000e+00
9.2983e-05
3.0994e-06
0.0000e+00
9.2030e-05
3.0994e-06
0.0000e+00
1.2016e-04
4.0531e-06
0.0000e+00
9.2983e-05
2.8610e-06
0.0000e+00
9.3937e-05
2.8610e-06
0.0000e+00
9.3937e-05
4.0531e-06
0.0000e+00
9.9897e-05
5.0068e-06
0.0000e+00
9.3937e-05
4.0531e-06
0.0000e+00
9.4175e-05
4.0531e-06
0.0000e+00
1.1611e-04
2.8610e-06
0.0000e+00
9.1076e-05
2.8610e-06
6.9141e-06
9.5367e-07
1.9073e-06
0.0000e+00
9.5844e-05
4.0531e-06
0.0000e+00
8.9884e-05
4.0531e-06
0.0000e+00
9.1791e-05
2.8610e-06
5.9605e-06
9.5367e-07
2.8610e-06
5.0068e-06
9.5367e-07
3.0994e-06
0.0000e+00
9.2983e-05
4.0531e-06
3.5048e-05
9.5367e-07
1.9073e-06
4.0531e-06
9.5367e-07
1.9073e-06
0.0000e+00
9.6083e-05
3.0994e-06
5.0068e-06
9.5367e-07
2.1458e-06
0.0000e+00
9.7036e-05
3.0994e-06
7.1526e-06
9.5367e-07
9.5367e-07
0.0000e+00
9.4891e-05
1.9073e-06
0.0000e+00
9.3937e-05
3.8147e-06
0.0000e+00
1.0395e-04
3.0994e-06
0.0000e+00
9.2030e-05
4.0531e-06
6.1989e-06
1.9073e-06
5.0068e-06
0.0000e+00
9.6083e-05
4.0531e-06
0.0000e+00
9.4891e-05
3.0994e-06
0.0000e+00
9.4891e-05
3.0994e-06
0.0000e+00
9.4175e-05
4.0531e-06
0.0000e+00
9.2030e-05
5.0068e-06
0.0000e+00
1.0395e-04
4.0531e-06
0.0000e+00
9.4891e-05
3.0994e-06
0.0000e+00
1.1897e-04
4.0531e-06
0.0000e+00
9.2030e-05
2.8610e-06
0.0000e+00
9.2030e-05
2.8610e-06
0.0000e+00
9.1076e-05
3.0994e-06
0.0000e+00
9.1791e-05
3.0994e-06
0.0000e+00
9.0837e-05
5.0068e-06
0.0000e+00
1.0705e-04
5.0068e-06
0.0000e+00
9.2030e-05
3.0994e-06
0.0000e+00
1.1802e-04
5.0068e-06
0.0000e+00
9.1076e-05
3.8147e-06
7.8678e-06
1.9073e-06
3.0994e-06
0.0000e+00
9.7036e-05
2.8610e-06
5.9605e-06
9.5367e-07
1.9073e-06
0.0000e+00
9.3937e-05
3.8147e-06
0.0000e+00
9.2030e-05
4.0531e-06
0.0000e+00
1.0109e-04
4.0531e-06
0.0000e+00
9.3937e-05
5.0068e-06
0.0000e+00
9.6083e-05
4.0531e-06
0.0000e+00
9.2983e-05
3.0994e-06
0.0000e+00
9.3937e-05
4.0531e-06
0.0000e+00
9.3937e-05
2.8610e-06
5.9605e-06
1.1921e-06
2.8610e-06
0.0000e+00
9.5844e-05
4.0531e-06
0.0000e+00
1.0395e-04
4.0531e-06
0.0000e+00
9.4891e-05
5.0068e-06
0.0000e+00
9.1076e-05
3.0994e-06
0.0000e+00
8.9169e-05
3.0994e-06
6.9141e-06
1.9073e-06
3.0994e-06
0.0000e+00
9.6083e-05
3.0994e-06
2.2173e-05
9.5367e-07
2.8610e-06
0.0000e+00
9.5844e-05
1.9073e-06
0.0000e+00
9.4175e-05
3.0994e-06
0.0000e+00
1.0300e-04
2.8610e-06
0.0000e+00
1.1802e-04
3.8147e-06
0.0000e+00
9.6083e-05
2.8610e-06
0.0000e+00
9.4891e-05
4.0531e-06
0.0000e+00
9.3937e-05
2.8610e-06
0.0000e+00
9.2030e-05
3.0994e-06
0.0000e+00
9.1076e-05
5.0068e-06
0.0000e+00
9.3937e-05
1.3113e-05
0.0000e+00
9.7036e-05
3.8147e-06
6.9141e-06
2.2173e-05
5.0068e-06
0.0000e+00
9.3937e-05
4.0531e-06
0.0000e+00
9.5129e-05
3.8147e-06
0.0000e+00
9.7990e-05
3.0994e-06
0.0000e+00
9.0122e-05
2.8610e-06
5.9605e-06
1.1921e-06
1.9073e-06
5.9605e-06
1.9073e-06
2.5034e-05
5.0068e-06
9.5367e-07
6.8188e-05
0.0000e+00
1.0610e-04
3.0994e-06
0.0000e+00
9.1076e-05
3.8147e-06
6.9141e-06
9.5367e-07
4.0531e-06
0.0000e+00
9.2030e-05
3.0994e-06
0.0000e+00
8.9884e-05
4.0531e-06
0.0000e+00
8.8930e-05
2.8610e-06
5.0068e-06
9.5367e-07
2.8610e-06
0.0000e+00
9.4891e-05
3.0994e-06
0.0000e+00
9.2030e-05
5.0068e-06
0.0000e+00
1.0085e-04
5.0068e-06
6.9141e-06
9.5367e-07
3.8147e-06
5.9605e-06
9.5367e-07
2.8610e-06
5.9605e-06
9.5367e-07
3.3140e-05
0.0000e+00
9.7036e-05
1.1396e-04
0.0000e+00
9.3937e-05
2.8610e-06
0.0000e+00
9.2983e-05
4.0531e-06
5.9605e-06
9.5367e-07
2.1458e-06
0.0000e+00
9.3937e-05
5.0068e-06
0.0000e+00
9.2983e-05
2.8610e-06
0.0000e+00
9.2030e-05
4.0531e-06
0.0000e+00
9.2030e-05
3.0994e-06
0.0000e+00
9.1076e-05
2.8610e-06
0.0000e+00
9.2030e-05
3.0994e-06
5.9605e-06
9.5367e-07
1.9073e-06
0.0000e+00
9.2030e-05
2.8610e-06
0.0000e+00
8.9884e-05
5.0068e-06
0.0000e+00
9.5129e-05
4.0531e-06
0.0000e+00
1.0300e-04
3.0994e-06
0.0000e+00
1.1706e-04
4.0531e-06
0.0000e+00
9.4175e-05
2.8610e-06
0.0000e+00
9.2983e-05
2.8610e-06
1.9073e-05
9.5367e-07
2.1458e-06
0.0000e+00
9.2030e-05
2.1458e-06
0.0000e+00
9.2030e-05
3.0994e-06
0.0000e+00
9.3937e-05
3.0994e-06
0.0000e+00
1.0204e-04
4.0531e-06
0.0000e+00
1.2612e-04
5.0068e-06
0.0000e+00
9.3222e-05
3.8147e-06
6.9141e-06
2.1458e-06
1.9073e-06
0.0000e+00
9.2983e-05
3.0994e-06
0.0000e+00
9.2030e-05
3.0994e-06
5.9605e-06
9.5367e-07
2.8610e-06
0.0000e+00
9.6083e-05
3.8147e-06
0.0000e+00
9.4891e-05
4.0531e-06
0.0000e+00
1.0300e-04
5.0068e-06
6.9141e-06
1.9073e-06
3.0994e-06
0.0000e+00
9.6083e-05
3.0994e-06
0.0000e+00
9.4175e-05
2.8610e-06
0.0000e+00
8.9884e-05
2.8610e-06
0.0000e+00
8.9884e-05
1.9073e-06
0.0000e+00
9.0837e-05
4.0531e-06
0.0000e+00
9.5844e-05
3.0994e-06
0.0000e+00
9.3937e-05
4.0531e-06
6.9141e-06
9.5367e-07
1.9073e-06
0.0000e+00
9.6083e-05
2.8610e-06
5.0068e-06
9.5367e-07
1.9073e-06
0.0000e+00
9.5844e-05
3.8147e-06
0.0000e+00
9.2983e-05
3.0994e-06
0.0000e+00
9.3937e-05
4.0531e-06
0.0000e+00
9.3937e-05
5.0068e-06
3.5048e-05
1.9073e-06
1.1921e-06
0.0000e+00
9.6083e-05
3.0994e-06
0.0000e+00
1.2994e-04
2.8610e-06
0.0000e+00
9.7036e-05
3.0994e-06
0.0000e+00
9.2983e-05
3.0994e-06
0.0000e+00
9.0837e-05
3.8147e-06
0.0000e+00
9.1076e-05
3.8147e-06
0.0000e+00
9.6083e-05
4.0531e-06
0.0000e+00
9.4175e-05
5.0068e-06
0.0000e+00
9.4175e-05
3.8147e-06
6.9141e-06
9.5367e-07
2.1458e-06
0.0000e+00
9.6083e-05
3.0994e-06
0.0000e+00
9.2030e-05
3.0994e-06
0.0000e+00
9.2983e-05
3.8147e-06
0.0000e+00
9.2983e-05
3.0994e-06
0.0000e+00
9.3222e-05
4.0531e-06
0.0000e+00
9.2030e-05
3.0994e-06
7.1526e-06
2.1458e-06
2.8610e-06
0.0000e+00
1.2994e-04
5.0068e-06
0.0000e+00
9.0837e-05
4.0531e-06
5.9605e-06
2.1458e-06
2.1458e-06
5.0068e-06
9.5367e-07
2.5034e-05
0.0000e+00
9.1076e-05
3.0994e-06
0.0000e+00
9.0122e-05
4.0531e-06
0.0000e+00
9.6798e-05
4.0531e-06
0.0000e+00
9.5129e-05
2.8610e-06
6.9141e-06
1.1921e-06
3.8147e-06
0.0000e+00
1.1897e-04
3.0994e-06
0.0000e+00
9.8228e-05
3.0994e-06
0.0000e+00
9.1076e-05
4.0531e-06
0.0000e+00
9.1076e-05
3.0994e-06
0.0000e+00
9.2030e-05
4.0531e-06
0.0000e+00
9.2983e-05
4.0531e-06
0.0000e+00
9.3937e-05
2.8610e-06
6.9141e-06
1.1921e-06
3.0994e-06
0.0000e+00
1.1396e-04
4.0531e-06
0.0000e+00
9.9897e-05
4.0531e-06
0.0000e+00
9.0122e-05
2.8610e-06
0.0000e+00
9.2030e-05
1.9073e-06
6.9141e-06
1.1921e-06
2.8610e-06
0.0000e+00
9.3937e-05
3.0994e-06
0.0000e+00
9.3937e-05
5.0068e-06
7.1526e-06
9.5367e-07
2.1458e-06
0.0000e+00
9.2983e-05
3.0994e-06
0.0000e+00
1.1611e-04
5.0068e-06
0.0000e+00
1.0014e-04
4.0531e-06
0.0000e+00
9.2030e-05
3.0994e-06
0.0000e+00
9.4891e-05
3.0994e-06
0.0000e+00
9.6083e-05
3.0994e-06
0.0000e+00
9.5129e-05
4.0531e-06
0.0000e+00
9.5129e-05
4.0531e-06
0.0000e+00
9.4175e-05
3.8147e-06
0.0000e+00
9.2983e-05
3.0994e-06
0.0000e+00
1.0014e-04
4.0531e-06
0.0000e+00
9.1076e-05
3.0994e-06
0.0000e+00
9.1076e-05
3.0994e-06
0.0000e+00
9.0122e-05
4.0531e-06
0.0000e+00
9.4175e-05
2.8610e-06
0.0000e+00
9.2030e-05
4.0531e-06
0.0000e+00
1.1396e-04
4.0531e-06
0.0000e+00
9.2030e-05
3.0994e-06
0.0000e+00
9.9182e-05
3.0994e-06
0.0000e+00
9.0837e-05
3.0994e-06
0.0000e+00
9.3222e-05
3.0994e-06
7.1526e-06
9.5367e-07
2.1458e-06
4.0531e-06
1.1921e-06
5.4836e-05
0.0000e+00
9.2030e-05
3.0994e-06
0.0000e+00
9.2983e-05
4.0531e-06
0.0000e+00
9.3222e-05
2.8610e-06
0.0000e+00
8.9884e-05
3.0994e-06
0.0000e+00
9.1076e-05
3.0994e-06
0.0000e+00
9.1076e-05
3.0994e-06
0.0000e+00
9.0122e-05
2.1458e-06
0.0000e+00
9.5129e-05
2.8610e-06
6.9141e-06
9.5367e-07
3.0994e-06
0.0000e+00
9.3937e-05
3.0994e-06
0.0000e+00
1.1802e-04
5.9605e-06
0.0000e+00
9.2983e-05
3.8147e-06
0.0000e+00
9.8944e-05
2.1458e-06
0.0000e+00
9.3222e-05
2.8610e-06
0.0000e+00
9.2030e-05
3.0994e-06
0.0000e+00
9.2983e-05
2.8610e-06
0.0000e+00
9.2030e-05
5.0068e-06
0.0000e+00
1.1587e-04
4.0531e-06
0.0000e+00
9.5844e-05
4.0531e-06
0.0000e+00
9.0122e-05
2.8610e-06
0.0000e+00
9.1076e-05
3.0994e-06
0.0000e+00
9.1076e-05
3.0994e-06
5.9605e-06
9.5367e-07
2.1458e-06
0.0000e+00
9.6083e-05
4.0531e-06
0.0000e+00
9.2983e-05
3.0994e-06
0.0000e+00
9.3937e-05
4.0531e-06
0.0000e+00
9.7990e-05
4.0531e-06
0.0000e+00
9.2983e-05
4.0531e-06
8.1062e-06
9.5367e-07
4.0531e-06
0.0000e+00
9.6083e-05
3.0994e-06
0.0000e+00
9.0122e-05
3.0994e-06
0.0000e+00
9.3937e-05
1.9073e-06
6.9141e-06
2.1458e-06
2.8610e-06
0.0000e+00
9.2983e-05
2.8610e-06
0.0000e+00
1.2612e-04
4.0531e-06
0.0000e+00
9.4891e-05
5.0068e-06
0.0000e+00
9.5129e-05
3.0994e-06
0.0000e+00
1.0109e-04
3.0994e-06
0.0000e+00
9.5129e-05
2.8610e-06
0.0000e+00
9.3937e-05
4.0531e-06
7.1526e-06
9.5367e-07
3.0994e-06
0.0000e+00
9.4891e-05
5.0068e-06
0.0000e+00
1.1587e-04
2.8610e-06
0.0000e+00
9.5129e-05
3.8147e-06
0.0000e+00
9.3937e-05
3.0994e-06
0.0000e+00
9.8944e-05
4.0531e-06
0.0000e+00
9.1076e-05
3.0994e-06
0.0000e+00
9.5129e-05
3.0994e-06
6.1989e-06
1.9073e-06
2.1458e-06
0.0000e+00
9.2983e-05
2.8610e-06
0.0000e+00
1.1706e-04
2.8610e-06
0.0000e+00
9.2983e-05
3.0994e-06
0.0000e+00
9.2983e-05
3.0994e-06
5.9605e-06
1.9073e-06
1.9073e-06
5.0068e-06
1.1921e-06
1.9073e-06
0.0000e+00
1.0300e-04
3.8147e-06
0.0000e+00
9.2030e-05
3.0994e-06
5.9605e-06
9.5367e-07
1.0014e-05
0.0000e+00
9.2983e-05
3.0994e-06
0.0000e+00
1.1706e-04
4.0531e-06
0.0000e+00
9.0122e-05
4.0531e-06
0.0000e+00
8.9884e-05
4.0531e-06
1.9073e-05
1.1921e-06
2.1458e-06
0.0000e+00
9.5129e-05
2.8610e-06
0.0000e+00
1.0300e-04
2.8610e-06
0.0000e+00
9.2983e-05
5.0068e-06
0.0000e+00
9.1791e-05
4.0531e-06
0.0000e+00
1.1587e-04
4.0531e-06
0.0000e+00
9.4891e-05
4.0531e-06
0.0000e+00
9.5129e-05
4.0531e-06
0.0000e+00
9.2030e-05
3.0994e-06
0.0000e+00
9.0122e-05
4.0531e-06
0.0000e+00
9.1076e-05
4.0531e-06
0.0000e+00
9.1076e-05
3.8147e-06
0.0000e+00
9.1076e-05
2.8610e-06
5.9605e-06
2.5988e-05
5.0068e-06
0.0000e+00
9.2983e-05
3.8147e-06
0.0000e+00
9.3937e-05
2.8610e-06
0.0000e+00
8.9884e-05
3.8147e-06
0.0000e+00
9.2030e-05
4.0531e-06
0.0000e+00
9.9897e-05
3.0994e-06
5.9605e-06
9.5367e-07
9.0599e-06
0.0000e+00
9.1076e-05
3.0994e-06
0.0000e+00
9.6083e-05
5.0068e-06
0.0000e+00
9.4175e-05
3.8147e-06
0.0000e+00
9.6083e-05
5.0068e-06
0.0000e+00
9.2030e-05
3.0994e-06
8.1062e-06
9.5367e-07
2.1458e-06
1.4496e-04
1.9073e-06
2.1458e-06
0.0000e+00
9.7036e-05
4.0531e-06
6.1989e-06
9.5367e-07
2.1458e-06
5.9605e-06
9.5367e-07
1.9073e-06
0.0000e+00
9.6083e-05
2.8610e-06
0.0000e+00
1.2589e-04
4.0531e-06
0.0000e+00
9.1076e-05
3.8147e-06
0.0000e+00
9.2030e-05
3.0994e-06
0.0000e+00
9.4175e-05
5.0068e-06
0.0000e+00
1.0014e-04
4.0531e-06
0.0000e+00
9.3937e-05
3.0994e-06
0.0000e+00
9.5129e-05
3.0994e-06
6.9141e-06
9.5367e-07
2.1458e-06
0.0000e+00
1.1897e-04
4.0531e-06
0.0000e+00
9.3937e-05
4.0531e-06
0.0000e+00
9.1791e-05
2.8610e-06
0.0000e+00
9.7036e-05
4.0531e-06
1.3113e-05
1.9073e-06
1.9073e-06
5.0068e-06
9.5367e-07
1.1921e-06
0.0000e+00
1.0395e-04
2.1458e-06
0.0000e+00
9.4175e-05
3.8147e-06
0.0000e+00
9.3937e-05
5.0068e-06
0.0000e+00
9.2983e-05
3.8147e-06
5.9605e-06
2.1458e-06
2.8610e-06
0.0000e+00
9.7036e-05
4.0531e-06
0.0000e+00
9.2983e-05
3.0994e-06
0.0000e+00
9.5129e-05
5.0068e-06
9.0599e-06
9.5367e-07
2.1458e-06
0.0000e+00
1.0014e-04
2.8610e-06
0.0000e+00
9.2983e-05
3.0994e-06
0.0000e+00
1.1516e-04
5.0068e-06
0.0000e+00
9.4891e-05
4.0531e-06
0.0000e+00
9.3937e-05
4.0531e-06
0.0000e+00
9.2030e-05
4.0531e-06
0.0000e+00
9.3937e-05
4.0531e-06
0.0000e+00
9.2030e-05
5.0068e-06
0.0000e+00
9.2030e-05
4.0531e-06
0.0000e+00
9.3937e-05
4.0531e-06
0.0000e+00
1.1683e-04
4.0531e-06
1.7881e-05
9.5367e-07
3.0994e-06
0.0000e+00
9.7036e-05
1.9073e-06
0.0000e+00
8.9884e-05
3.0994e-06
0.0000e+00
9.5129e-05
5.0068e-06
7.1526e-06
9.5367e-07
3.0994e-06
0.0000e+00
9.5129e-05
1.1802e-04
5.9605e-06
1.9073e-06
3.6955e-05
0.0000e+00
9.2983e-05
3.0994e-06
5.9605e-06
9.5367e-07
1.9073e-06
0.0000e+00
9.5844e-05
4.0531e-06
0.0000e+00
9.2030e-05
4.0531e-06
0.0000e+00
9.3937e-05
2.8610e-06
0.0000e+00
9.1076e-05
5.0068e-06
0.0000e+00
1.0514e-04
3.8147e-06
0.0000e+00
9.2983e-05
3.0994e-06
0.0000e+00
9.1076e-05
3.0994e-06
0.0000e+00
1.2112e-04
4.7684e-06
0.0000e+00
9.7990e-05
4.0531e-06
0.0000e+00
9.3937e-05
2.8610e-06
5.9605e-06
2.1458e-06
1.9073e-06
0.0000e+00
8.9884e-05
3.0994e-06
0.0000e+00
9.2030e-05
4.0531e-06
0.0000e+00
1.0109e-04
2.8610e-06
0.0000e+00
9.3937e-05
3.0994e-06
0.0000e+00
1.2708e-04
4.0531e-06
0.0000e+00
9.6083e-05
4.0531e-06
0.0000e+00
9.2030e-05
3.0994e-06
0.0000e+00
9.1076e-05
4.0531e-06
0.0000e+00
9.2030e-05
3.0994e-06
0.0000e+00
1.0324e-04
4.0531e-06
0.0000e+00
9.2030e-05
3.0994e-06
0.0000e+00
9.3937e-05
4.0531e-06
0.0000e+00
9.3937e-05
4.0531e-06
0.0000e+00
9.3937e-05
4.0531e-06
0.0000e+00
9.4175e-05
4.0531e-06
0.0000e+00
9.1076e-05
2.8610e-06
0.0000e+00
9.2983e-05
3.0994e-06
0.0000e+00
1.0109e-04
5.0068e-06
0.0000e+00
9.2030e-05
4.0531e-06
0.0000e+00
1.1802e-04
4.0531e-06
0.0000e+00
9.2983e-05
4.0531e-06
0.0000e+00
9.2983e-05
3.0994e-06
7.1526e-06
9.5367e-07
2.8610e-06
0.0000e+00
9.4891e-05
3.0994e-06
0.0000e+00
9.3937e-05
4.0531e-06
0.0000e+00
1.0014e-04
3.8147e-06
0.0000e+00
9.3937e-05
3.0994e-06
0.0000e+00
1.1802e-04
3.8147e-06
0.0000e+00
9.3937e-05
4.0531e-06
0.0000e+00
9.2983e-05
2.8610e-06
0.0000e+00
9.2030e-05
2.8610e-06
5.9605e-06
9.5367e-07
3.0994e-06
0.0000e+00
9.2983e-05
3.0994e-06
0.0000e+00
9.1076e-05
3.0994e-06
0.0000e+00
9.6798e-05
5.0068e-06
0.0000e+00
1.1611e-04
4.0531e-06
0.0000e+00
9.4175e-05
3.8147e-06
5.9605e-06
2.1458e-06
1.9073e-06
0.0000e+00
9.6083e-05
4.0531e-06
0.0000e+00
9.2030e-05
3.0994e-06
0.0000e+00
9.2030e-05
3.0994e-06
0.0000e+00
9.2983e-05
3.0994e-06
0.0000e+00
1.0395e-04
5.0068e-06
0.0000e+00
1.1492e-04
3.0994e-06
0.0000e+00
9.2030e-05
3.0994e-06
0.0000e+00
9.4891e-05
3.0994e-06
0.0000e+00
9.5129e-05
4.0531e-06
0.0000e+00
9.2983e-05
3.0994e-06
6.1989e-06
9.5367e-07
3.0994e-06
0.0000e+00
9.0837e-05
5.0068e-06
0.0000e+00
9.3937e-05
2.8610e-06
0.0000e+00
1.1396e-04
3.8147e-06
5.9605e-06
2.1458e-06
1.9073e-06
0.0000e+00
9.3937e-05
4.0531e-06
0.0000e+00
9.2030e-05
3.0994e-06
0.0000e+00
9.3937e-05
2.8610e-06
0.0000e+00
9.4891e-05
2.8610e-06
0.0000e+00
9.4891e-05
4.0531e-06
5.9605e-06
1.9073e-06
3.0994e-06
0.0000e+00
9.3937e-05
3.0994e-06
0.0000e+00
1.1802e-04
3.8147e-06
0.0000e+00
9.3937e-05
2.8610e-06
0.0000e+00
9.2030e-05
2.8610e-06
0.0000e+00
9.4891e-05
2.8610e-06
7.1526e-06
9.5367e-07
3.0994e-06
0.0000e+00
9.4891e-05
4.0531e-06
0.0000e+00
9.5129e-05
4.0531e-06
0.0000e+00
9.3937e-05
1.3084e-01
