7.2920e-03
4.1962e-05
0.0000e+00
1.0204e-04
1.9073e-05
2.4080e-05
2.1458e-06
5.9605e-06
0.0000e+00
6.3896e-05
5.9605e-06
0.0000e+00
5.7936e-05
5.9605e-06
1.0049e-03
9.5367e-07
5.9605e-06
0.0000e+00
6.8903e-05
1.9073e-06
0.0000e+00
6.3896e-05
2.1458e-06
0.0000e+00
5.6028e-05
2.1458e-06
0.0000e+00
9.0122e-05
3.0994e-06
0.0000e+00
5.6982e-05
2.1458e-06
0.0000e+00
5.5075e-05
7.0596e-04
0.0000e+00
5.6028e-05
4.4823e-05
0.0000e+00
5.4836e-05
7.1526e-06
0.0000e+00
5.5075e-05
1.9073e-06
0.0000e+00
5.4121e-05
1.9073e-06
0.0000e+00
5.5075e-05
7.8678e-06
0.0000e+00
5.7936e-05
2.8610e-06
0.0000e+00
5.4836e-05
1.9073e-06
0.0000e+00
5.4836e-05
3.0994e-06
0.0000e+00
5.5075e-05
6.6042e-05
8.1062e-06
9.5367e-07
3.0994e-05
0.0000e+00
6.4135e-05
5.4836e-05
0.0000e+00
5.6028e-05
5.8174e-05
0.0000e+00
5.5075e-05
6.7949e-05
3.7909e-04
1.1921e-06
2.1458e-06
0.0000e+00
9.2983e-05
4.0531e-06
6.1989e-05
2.1458e-06
4.0531e-06
0.0000e+00
9.5844e-05
3.0994e-06
7.1526e-06
9.5367e-07
4.0531e-06
0.0000e+00
9.3937e-05
8.2016e-05
0.0000e+00
9.2983e-05
8.1062e-06
0.0000e+00
9.5129e-05
5.9605e-06
0.0000e+00
9.4891e-05
2.9087e-05
0.0000e+00
1.1992e-04
5.9605e-06
0.0000e+00
1.0490e-04
3.8147e-06
0.0000e+00
9.2983e-05
4.0531e-06
0.0000e+00
9.2030e-05
2.8610e-06
0.0000e+00
9.2030e-05
4.0531e-06
0.0000e+00
9.2030e-05
2.8610e-06
0.0000e+00
9.2030e-05
4.0531e-06
0.0000e+00
8.3923e-05
5.0068e-06
1.3113e-05
1.1921e-06
1.9073e-05
0.0000e+00
5.7936e-05
4.4107e-05
0.0000e+00
5.6028e-05
6.0081e-05
0.0000e+00
5.5075e-05
5.4121e-05
0.0000e+00
5.4121e-05
5.6028e-05
0.0000e+00
5.3883e-05
2.8610e-06
0.0000e+00
5.3883e-05
3.7909e-05
0.0000e+00
5.3883e-05
6.5088e-05
0.0000e+00
5.6982e-05
2.3699e-04
0.0000e+00
5.4836e-05
5.7936e-05
0.0000e+00
5.3883e-05
5.6982e-05
0.0000e+00
5.4121e-05
5.6982e-05
0.0000e+00
5.5075e-05
5.8174e-05
0.0000e+00
5.2929e-05
1.9073e-06
0.0000e+00
5.3883e-05
3.6955e-05
0.0000e+00
7.2002e-05
5.1975e-05
0.0000e+00
5.7220e-05
2.9087e-05
0.0000e+00
5.5075e-05
3.8147e-06
1.1396e-04
0.0000e+00
1.9073e-06
1.0490e-04
9.5367e-07
9.5367e-07
0.0000e+00
5.4836e-05
1.9073e-06
3.8147e-06
0.0000e+00
3.0994e-06
0.0000e+00
5.6028e-05
1.9073e-06
0.0000e+00
5.4121e-05
1.9073e-06
2.4009e-04
9.5367e-07
2.8610e-06
0.0000e+00
5.6982e-05
1.9073e-06
0.0000e+00
5.4121e-05
1.9073e-06
0.0000e+00
5.4836e-05
2.1458e-06
2.1005e-04
9.5367e-07
2.8610e-06
0.0000e+00
5.5075e-05
2.1458e-06
0.0000e+00
5.4121e-05
2.1458e-06
0.0000e+00
5.5075e-05
2.1458e-06
0.0000e+00
5.2929e-05
2.8610e-06
0.0000e+00
5.5790e-05
2.1458e-06
0.0000e+00
5.3883e-05
4.0531e-06
0.0000e+00
5.4836e-05
4.8900e-04
0.0000e+00
5.5790e-05
1.9073e-06
0.0000e+00
5.5075e-05
2.1458e-06
4.0531e-06
0.0000e+00
4.0531e-06
2.8610e-06
9.5367e-07
3.0994e-06
0.0000e+00
5.6028e-05
1.9073e-06
0.0000e+00
5.3883e-05
5.9605e-06
0.0000e+00
5.7220e-05
3.0994e-06
6.9094e-04
1.1921e-06
2.1458e-06
0.0000e+00
5.6982e-05
9.5367e-07
0.0000e+00
5.3883e-05
1.9073e-06
5.0068e-06
9.5367e-07
1.3113e-05
0.0000e+00
5.6982e-05
1.9073e-06
0.0000e+00
5.3883e-05
4.6301e-04
4.0531e-06
9.5367e-07
5.1022e-05
5.9605e-06
9.5367e-07
6.7949e-05
0.0000e+00
8.1062e-05
4.0531e-06
0.0000e+00
5.3883e-05
1.1206e-04
4.3869e-05
1.1921e-06
1.2159e-05
4.0531e-06
9.5367e-07
4.8876e-05
0.0000e+00
5.6028e-05
6.1989e-06
7.8678e-06
1.1921e-06
4.7922e-05
0.0000e+00
5.5075e-05
2.1911e-04
0.0000e+00
5.6028e-05
1.7881e-05
0.0000e+00
5.2929e-05
1.4997e-04
4.0531e-06
9.5367e-07
2.1458e-06
0.0000e+00
5.6028e-05
1.9073e-06
0.0000e+00
5.3883e-05
1.9073e-06
0.0000e+00
5.3883e-05
1.9073e-06
0.0000e+00
5.4836e-05
2.7013e-04
0.0000e+00
5.4121e-05
3.0994e-06
4.0531e-06
9.5367e-07
3.0994e-06
1.2302e-04
9.5367e-07
1.9073e-06
0.0000e+00
5.6028e-05
3.0994e-06
0.0000e+00
6.9857e-05
3.0994e-06
0.0000e+00
5.5075e-05
1.9073e-06
2.6941e-05
9.5367e-07
1.9073e-06
0.0000e+00
5.5075e-05
1.9073e-06
0.0000e+00
5.3883e-05
1.9073e-06
0.0000e+00
5.3883e-05
3.0994e-06
0.0000e+00
5.9843e-05
2.1458e-06
0.0000e+00
5.5075e-05
1.9073e-06
0.0000e+00
7.4148e-05
5.9819e-04
0.0000e+00
5.6982e-05
1.9073e-06
0.0000e+00
5.3883e-05
2.1458e-06
0.0000e+00
5.4836e-05
3.0994e-06
0.0000e+00
5.5075e-05
2.8610e-06
1.3804e-04
0.0000e+00
1.9073e-06
0.0000e+00
5.7936e-05
2.8610e-06
2.1219e-04
0.0000e+00
1.9073e-06
0.0000e+00
5.6982e-05
2.1458e-06
0.0000e+00
7.2002e-05
5.0068e-06
0.0000e+00
7.2002e-05
4.0531e-06
0.0000e+00
5.5075e-05
1.5283e-04
0.0000e+00
5.5075e-05
3.0994e-06
5.6028e-05
1.1921e-06
2.1458e-06
2.5034e-05
9.5367e-07
2.5034e-05
0.0000e+00
5.5075e-05
3.5048e-05
0.0000e+00
5.3883e-05
2.8610e-06
0.0000e+00
5.3883e-05
4.0531e-06
5.4502e-04
9.5367e-07
1.9073e-06
0.0000e+00
5.7936e-05
9.5367e-07
0.0000e+00
5.5075e-05
1.9073e-06
0.0000e+00
5.4121e-05
2.1458e-06
7.8678e-06
9.5367e-07
1.9073e-06
3.0994e-05
1.1921e-06
9.5367e-07
0.0000e+00
5.6028e-05
1.1921e-06
0.0000e+00
5.6028e-05
1.9073e-06
0.0000e+00
5.4121e-05
3.0994e-06
0.0000e+00
5.6982e-05
1.9073e-06
0.0000e+00
5.4121e-05
1.9073e-06
4.0531e-06
9.5367e-07
2.1458e-06
0.0000e+00
5.6028e-05
1.0967e-05
0.0000e+00
5.5075e-05
7.1526e-06
5.3096e-04
0.0000e+00
2.1458e-06
0.0000e+00
5.5075e-05
1.1921e-06
0.0000e+00
5.3883e-05
9.5367e-07
0.0000e+00
7.0810e-05
7.7009e-05
0.0000e+00
5.6982e-05
4.0531e-06
0.0000e+00
5.4836e-05
1.9073e-06
0.0000e+00
5.9843e-05
1.9073e-06
0.0000e+00
5.3883e-05
1.9073e-06
0.0000e+00
5.2929e-05
1.1921e-05
0.0000e+00
5.3883e-05
1.6785e-04
2.8133e-05
9.5367e-07
3.0041e-05
0.0000e+00
5.6028e-05
2.8396e-04
0.0000e+00
5.5075e-05
1.9073e-06
0.0000e+00
6.2227e-05
2.1458e-06
0.0000e+00
5.4121e-05
3.0994e-06
0.0000e+00
5.2929e-05
1.9073e-06
0.0000e+00
5.3883e-05
1.9073e-06
0.0000e+00
5.2929e-05
1.1921e-05
3.8719e-04
9.5367e-07
1.9073e-06
0.0000e+00
5.6028e-05
1.0490e-04
0.0000e+00
6.2943e-05
2.8610e-06
0.0000e+00
5.5075e-05
1.9073e-06
1.9884e-04
9.5367e-07
9.5367e-07
0.0000e+00
5.6028e-05
6.2943e-05
0.0000e+00
5.4121e-05
2.1458e-06
0.0000e+00
5.4121e-05
3.0994e-06
0.0000e+00
5.4121e-05
1.1992e-04
0.0000e+00
5.3883e-05
2.8610e-06
0.0000e+00
5.6982e-05
2.1458e-06
1.7905e-04
9.5367e-07
2.1458e-06
0.0000e+00
5.6982e-05
1.9073e-06
0.0000e+00
5.5075e-05
1.9073e-06
7.0095e-05
0.0000e+00
2.1458e-06
4.8876e-05
0.0000e+00
2.1458e-06
4.5896e-04
1.1921e-06
3.0994e-06
0.0000e+00
8.7023e-05
8.1062e-05
5.0068e-06
9.5367e-07
5.4121e-05
0.0000e+00
5.6982e-05
1.9073e-06
0.0000e+00
7.8201e-05
3.0994e-06
0.0000e+00
5.5075e-05
1.7166e-05
0.0000e+00
5.3883e-05
4.0531e-06
0.0000e+00
5.1975e-05
3.0994e-06
0.0000e+00
5.2929e-05
4.0531e-06
0.0000e+00
5.2929e-05
1.9073e-05
0.0000e+00
5.4121e-05
4.0531e-06
0.0000e+00
5.5075e-05
9.2983e-05
0.0000e+00
9.2983e-05
3.8147e-06
0.0000e+00
9.6083e-05
3.8147e-06
0.0000e+00
9.2983e-05
4.0531e-06
7.2002e-05
9.5367e-07
1.5974e-05
0.0000e+00
9.4891e-05
4.0531e-06
0.0000e+00
9.4175e-05
2.6941e-05
0.0000e+00
8.9884e-05
2.0027e-05
0.0000e+00
9.7990e-05
5.0068e-06
0.0000e+00
9.8228e-05
5.0068e-06
0.0000e+00
9.5129e-05
4.0531e-06
2.2793e-04
9.5367e-07
2.8610e-06
0.0000e+00
9.6083e-05
2.1458e-06
9.2983e-05
9.5367e-07
3.0994e-06
0.0000e+00
9.4175e-05
4.0531e-06
9.7036e-05
1.1921e-06
5.9605e-06
6.1989e-06
9.5367e-07
3.0994e-06
0.0000e+00
9.6083e-05
2.8610e-06
5.9605e-06
9.5367e-07
5.0068e-06
0.0000e+00
9.4175e-05
3.8147e-06
5.9605e-06
9.5367e-07
5.9843e-05
0.0000e+00
9.4891e-05
3.8147e-06
0.0000e+00
9.2030e-05
2.7895e-05
0.0000e+00
8.1062e-05
3.9101e-05
0.0000e+00
5.6982e-05
5.1022e-05
0.0000e+00
5.5075e-05
5.3883e-05
0.0000e+00
5.6028e-05
3.5048e-05
0.0000e+00
5.6028e-05
5.3167e-05
0.0000e+00
5.4121e-05
5.5075e-05
0.0000e+00
5.4121e-05
1.9073e-06
0.0000e+00
5.5075e-05
2.5296e-04
0.0000e+00
5.6028e-05
2.8610e-06
0.0000e+00
5.5790e-05
3.0994e-06
0.0000e+00
5.3883e-05
1.9073e-06
0.0000e+00
7.3910e-05
2.8610e-06
0.0000e+00
5.5790e-05
2.1458e-06
0.0000e+00
5.3883e-05
3.4809e-04
0.0000e+00
5.4121e-05
1.3113e-05
6.1035e-05
0.0000e+00
1.9073e-06
0.0000e+00
6.1989e-05
5.4836e-05
0.0000e+00
5.4836e-05
2.2888e-05
0.0000e+00
5.3883e-05
1.9073e-06
0.0000e+00
6.8903e-05
3.0994e-06
0.0000e+00
5.5075e-05
1.9073e-06
0.0000e+00
5.4121e-05
2.1458e-06
0.0000e+00
5.5075e-05
1.9073e-06
0.0000e+00
5.4121e-05
2.1458e-06
0.0000e+00
5.3167e-05
2.1458e-06
0.0000e+00
5.3883e-05
2.1458e-06
1.0967e-05
9.5367e-07
3.0994e-06
0.0000e+00
5.6982e-05
2.8610e-06
7.8678e-06
9.5367e-07
1.1921e-06
0.0000e+00
6.5088e-05
3.8147e-06
0.0000e+00
5.6028e-05
2.1458e-06
0.0000e+00
5.6028e-05
1.9073e-06
0.0000e+00
5.2929e-05
1.9073e-06
0.0000e+00
5.5075e-05
1.5240e-03
4.0531e-06
9.5367e-07
7.2956e-05
0.0000e+00
6.1035e-05
3.0994e-06
0.0000e+00
7.3910e-05
3.0994e-06
0.0000e+00
5.6028e-05
1.9073e-06
3.0112e-04
9.5367e-07
1.9073e-06
0.0000e+00
5.6028e-05
1.9073e-06
0.0000e+00
5.5075e-05
1.9073e-06
0.0000e+00
5.4836e-05
1.9073e-06
0.0000e+00
5.3883e-05
1.9073e-06
0.0000e+00
5.3883e-05
2.8610e-06
0.0000e+00
7.2956e-05
6.9141e-06
0.0000e+00
6.4135e-05
5.0068e-06
0.0000e+00
5.6028e-05
1.9073e-06
0.0000e+00
5.4121e-05
4.0698e-04
4.0531e-06
9.5367e-07
2.8610e-06
0.0000e+00
5.6028e-05
4.0531e-06
2.1100e-04
1.1921e-06
1.1921e-06
5.0068e-06
9.5367e-07
1.9073e-06
0.0000e+00
6.1989e-05
1.9073e-06
0.0000e+00
7.2002e-05
2.8610e-06
0.0000e+00
5.6982e-05
2.1458e-06
0.0000e+00
5.5075e-05
3.0994e-06
0.0000e+00
5.5075e-05
2.1458e-06
5.0068e-06
9.5367e-07
2.1458e-06
0.0000e+00
5.3883e-05
1.9073e-06
3.8981e-04
1.1921e-06
1.1921e-06
5.0068e-06
9.5367e-07
9.5367e-07
0.0000e+00
5.6028e-05
1.9073e-06
0.0000e+00
6.0081e-05
3.0994e-06
0.0000e+00
5.6028e-05
1.1921e-06
4.0531e-06
9.5367e-07
1.9073e-06
1.1086e-04
0.0000e+00
2.1458e-06
0.0000e+00
5.6982e-05
1.9073e-06
0.0000e+00
5.5075e-05
9.5367e-07
0.0000e+00
5.5075e-05
1.9073e-06
0.0000e+00
5.4121e-05
2.1458e-06
4.0531e-06
9.5367e-07
1.2875e-05
0.0000e+00
5.3883e-05
2.8610e-06
0.0000e+00
5.7220e-05
3.0994e-06
0.0000e+00
5.4121e-05
2.1458e-06
7.8678e-06
9.5367e-07
8.8215e-06
0.0000e+00
5.4836e-05
2.4080e-05
1.0099e-03
9.5367e-07
6.9141e-06
0.0000e+00
5.5075e-05
1.9073e-06
6.1989e-06
9.5367e-07
9.5367e-07
0.0000e+00
5.5075e-05
9.5367e-07
0.0000e+00
5.3167e-05
1.9073e-06
5.9605e-06
1.1921e-06
8.1062e-06
3.0994e-06
9.5367e-07
2.8610e-06
0.0000e+00
5.6982e-05
2.0981e-05
0.0000e+00
5.5075e-05
1.4460e-03
0.0000e+00
5.6028e-05
1.9073e-06
0.0000e+00
5.4836e-05
2.1458e-06
0.0000e+00
5.3883e-05
2.1458e-06
7.3910e-04
9.5367e-07
1.9073e-06
0.0000e+00
5.6028e-05
2.8610e-06
0.0000e+00
5.6982e-05
1.1921e-06
0.0000e+00
5.4121e-05
2.1458e-06
5.0068e-06
0.0000e+00
1.9073e-06
0.0000e+00
5.4836e-05
9.5367e-07
0.0000e+00
5.4121e-05
1.9073e-06
2.3913e-04
9.5367e-07
1.9073e-06
0.0000e+00
5.6028e-05
9.5367e-07
0.0000e+00
5.3883e-05
2.7895e-05
0.0000e+00
5.4836e-05
3.0994e-06
0.0000e+00
5.6982e-05
1.9073e-06
0.0000e+00
5.3883e-05
1.9073e-06
0.0000e+00
6.0797e-05
2.8610e-06
3.8290e-04
0.0000e+00
2.1458e-06
0.0000e+00
5.4836e-05
2.1458e-06
0.0000e+00
5.2929e-05
1.9073e-06
0.0000e+00
5.3883e-05
1.9073e-06
0.0000e+00
5.3167e-05
6.9141e-06
0.0000e+00
5.6028e-05
1.9073e-06
0.0000e+00
5.5075e-05
1.9073e-06
0.0000e+00
5.4121e-05
3.0398e-04
0.0000e+00
5.6028e-05
2.1458e-06
2.0981e-05
9.5367e-07
5.0068e-06
0.0000e+00
5.5075e-05
2.1458e-06
0.0000e+00
5.5075e-05
2.1458e-06
0.0000e+00
5.2929e-05
3.0994e-06
0.0000e+00
5.5075e-05
2.1458e-06
0.0000e+00
5.5075e-05
1.9073e-06
2.0981e-05
9.5367e-07
2.1458e-06
0.0000e+00
5.6028e-05
1.3113e-05
3.0994e-06
9.5367e-07
1.9073e-06
0.0000e+00
6.0797e-05
2.4080e-05
0.0000e+00
5.6028e-05
1.9073e-06
0.0000e+00
5.2929e-05
1.9073e-06
2.1195e-04
0.0000e+00
1.9073e-06
0.0000e+00
8.3923e-05
3.0994e-06
0.0000e+00
5.4121e-05
2.1458e-06
0.0000e+00
5.5075e-05
5.9605e-06
0.0000e+00
5.5075e-05
3.4904e-04
0.0000e+00
5.4836e-05
2.0981e-05
0.0000e+00
5.4836e-05
5.0068e-06
0.0000e+00
5.5075e-05
2.1458e-06
0.0000e+00
5.2929e-05
3.0994e-06
0.0000e+00
5.6028e-05
1.9073e-06
0.0000e+00
5.5075e-05
1.9073e-06
0.0000e+00
5.3883e-05
1.9073e-06
0.0000e+00
5.2929e-05
1.9073e-06
0.0000e+00
5.6028e-05
7.3504e-04
0.0000e+00
5.5075e-05
2.0981e-05
0.0000e+00
5.4121e-05
2.1458e-06
0.0000e+00
7.2956e-05
3.0994e-06
0.0000e+00
5.5075e-05
1.9073e-06
0.0000e+00
5.5075e-05
1.9073e-06
0.0000e+00
5.3167e-05
2.8014e-04
0.0000e+00
5.6028e-05
1.9073e-06
6.1989e-06
0.0000e+00
1.1921e-05
0.0000e+00
5.6028e-05
1.9073e-06
0.0000e+00
5.3883e-05
1.9073e-06
0.0000e+00
7.0810e-05
4.0531e-06
0.0000e+00
5.5075e-05
2.1458e-06
0.0000e+00
5.4121e-05
6.4135e-05
0.0000e+00
5.5075e-05
1.0014e-05
0.0000e+00
5.3883e-05
4.0531e-06
0.0000e+00
6.1035e-05
2.8610e-06
5.0068e-06
9.5367e-07
1.9073e-06
1.7905e-04
9.5367e-07
2.1458e-06
0.0000e+00
5.6982e-05
1.9073e-06
0.0000e+00
5.6028e-05
3.0994e-06
0.0000e+00
5.5075e-05
2.1458e-06
0.0000e+00
5.4121e-05
2.1458e-06
0.0000e+00
5.2929e-05
5.9605e-06
0.0000e+00
5.3883e-05
2.8610e-06
0.0000e+00
5.3167e-05
5.0068e-06
0.0000e+00
5.5075e-05
6.0010e-04
0.0000e+00
7.1049e-05
3.8147e-06
0.0000e+00
5.6982e-05
5.0068e-06
0.0000e+00
5.3883e-05
1.9073e-06
0.0000e+00
5.3883e-05
1.9073e-06
0.0000e+00
5.4121e-05
1.9073e-06
5.0068e-06
1.1921e-06
1.8120e-05
0.0000e+00
5.6028e-05
2.8610e-06
0.0000e+00
6.1989e-05
3.0994e-06
4.0531e-06
9.5367e-07
3.7909e-05
6.0415e-04
0.0000e+00
2.1458e-06
0.0000e+00
5.7936e-05
2.1458e-06
0.0000e+00
5.4836e-05
1.1921e-06
0.0000e+00
5.3883e-05
2.1458e-06
0.0000e+00
6.1035e-05
1.1921e-06
0.0000e+00
5.4121e-05
3.0994e-06
0.0000e+00
5.4121e-05
8.1062e-06
0.0000e+00
5.4121e-05
1.9073e-06
0.0000e+00
7.2002e-05
4.0531e-06
1.0800e-04
9.5367e-07
2.1458e-06
0.0000e+00
5.5075e-05
2.1458e-06
0.0000e+00
5.4121e-05
2.1458e-06
0.0000e+00
5.5075e-05
2.7514e-04
0.0000e+00
6.1989e-05
1.9073e-06
0.0000e+00
5.3883e-05
1.9073e-06
7.1526e-06
0.0000e+00
4.0531e-06
0.0000e+00
5.6028e-05
1.9073e-06
0.0000e+00
5.6982e-05
2.1458e-06
4.0531e-06
9.5367e-07
3.1948e-05
0.0000e+00
5.5075e-05
2.1935e-05
0.0000e+00
5.5075e-05
2.1458e-06
0.0000e+00
5.4121e-05
2.1458e-06
0.0000e+00
5.3883e-05
2.1458e-06
0.0000e+00
5.3883e-05
1.9073e-06
0.0000e+00
5.3883e-05
2.1458e-06
0.0000e+00
5.6028e-05
2.8610e-06
7.8678e-06
1.1921e-06
3.0994e-06
0.0000e+00
6.1989e-05
1.5020e-05
9.6297e-04
9.5367e-07
2.1458e-06
0.0000e+00
5.6028e-05
9.5367e-07
5.5003e-04
0.0000e+00
9.5367e-07
0.0000e+00
5.5790e-05
1.9073e-06
0.0000e+00
5.3883e-05
1.9073e-06
0.0000e+00
5.4121e-05
1.9073e-06
0.0000e+00
7.2956e-05
2.1458e-06
0.0000e+00
6.1989e-05
9.5367e-07
0.0000e+00
5.4121e-05
9.5367e-07
0.0000e+00
5.5075e-05
7.0500e-04
0.0000e+00
5.4836e-05
3.0994e-06
0.0000e+00
6.1035e-05
3.0994e-06
0.0000e+00
5.4121e-05
2.1458e-06
0.0000e+00
5.4121e-05
2.8610e-06
0.0000e+00
5.6028e-05
1.9073e-06
0.0000e+00
5.4836e-05
2.8610e-06
0.0000e+00
5.3883e-05
1.9073e-06
0.0000e+00
5.3883e-05
2.8610e-06
0.0000e+00
5.4121e-05
1.9073e-06
0.0000e+00
5.4121e-05
2.1458e-06
0.0000e+00
5.4121e-05
1.9073e-06
0.0000e+00
6.9857e-05
2.3103e-04
3.2711e-04
9.5367e-07
9.5367e-07
0.0000e+00
5.6028e-05
2.1458e-06
0.0000e+00
5.4121e-05
2.1458e-06
0.0000e+00
5.5075e-05
9.5367e-07
0.0000e+00
5.3883e-05
3.0994e-06
0.0000e+00
5.3883e-05
4.0531e-06
0.0000e+00
5.5075e-05
1.9073e-06
0.0000e+00
7.7009e-05
1.8811e-04
0.0000e+00
5.5075e-05
3.0994e-06
0.0000e+00
5.3167e-05
3.0994e-06
0.0000e+00
5.4121e-05
1.9073e-06
0.0000e+00
5.5075e-05
1.9073e-06
0.0000e+00
5.5075e-05
4.0531e-06
0.0000e+00
5.4836e-05
4.0531e-06
0.0000e+00
5.4121e-05
2.8610e-06
0.0000e+00
5.6028e-05
2.1458e-06
5.0068e-06
9.5367e-07
2.1458e-06
8.2707e-04
9.5367e-07
1.9073e-06
0.0000e+00
5.6982e-05
2.1458e-06
0.0000e+00
5.3883e-05
2.1458e-06
0.0000e+00
5.2929e-05
9.5367e-07
0.0000e+00
5.2929e-05
1.9073e-06
0.0000e+00
5.3883e-05
1.9073e-06
0.0000e+00
7.6056e-05
3.0994e-06
0.0000e+00
5.6028e-05
1.9073e-06
3.5405e-04
1.1921e-06
9.5367e-07
2.0981e-05
9.5367e-07
9.5367e-07
0.0000e+00
5.6028e-05
9.5367e-07
0.0000e+00
5.3883e-05
9.5367e-07
0.0000e+00
5.6028e-05
2.1458e-06
0.0000e+00
5.3883e-05
1.0800e-04
0.0000e+00
5.5075e-05
5.0068e-06
0.0000e+00
8.0109e-05
3.0994e-06
0.0000e+00
5.6028e-05
1.9073e-06
0.0000e+00
5.3883e-05
1.9073e-06
0.0000e+00
5.5075e-05
1.9073e-06
0.0000e+00
5.4121e-05
1.9073e-06
0.0000e+00
5.5075e-05
1.9073e-06
0.0000e+00
5.4836e-05
2.2888e-04
0.0000e+00
5.5075e-05
2.8610e-06
0.0000e+00
5.6982e-05
3.0994e-06
4.0531e-06
9.5367e-07
9.5367e-07
4.0102e-04
9.5367e-07
2.1458e-06
8.7023e-05
0.0000e+00
1.9073e-06
4.4107e-05
9.5367e-07
9.5367e-07
0.0000e+00
5.6028e-05
2.1458e-06
0.0000e+00
5.4121e-05
1.1015e-04
0.0000e+00
5.3883e-05
5.0068e-06
0.0000e+00
5.3167e-05
4.9114e-05
0.0000e+00
7.8917e-05
3.0994e-06
7.1526e-06
9.5367e-07
2.1935e-05
0.0000e+00
5.5075e-05
1.9073e-06
0.0000e+00
5.4121e-05
2.1458e-06
2.6941e-05
0.0000e+00
2.1458e-06
0.0000e+00
5.5075e-05
2.1458e-06
5.1975e-05
0.0000e+00
2.1458e-06
0.0000e+00
5.6982e-05
3.9196e-04
0.0000e+00
5.4121e-05
5.0068e-06
0.0000e+00
7.7009e-05
2.8610e-06
0.0000e+00
5.7220e-05
3.0994e-06
0.0000e+00
5.5075e-05
2.1458e-06
0.0000e+00
5.2929e-05
1.9073e-06
2.9302e-04
9.5367e-07
1.9073e-06
0.0000e+00
5.3883e-05
9.5367e-07
5.0068e-06
1.1921e-06
2.1458e-06
0.0000e+00
5.4836e-05
9.5367e-07
0.0000e+00
5.3883e-05
1.9073e-06
0.0000e+00
7.2956e-05
7.4863e-05
0.0000e+00
5.5790e-05
2.1458e-06
0.0000e+00
5.3883e-05
2.1458e-06
0.0000e+00
5.6028e-05
2.1458e-06
0.0000e+00
5.3883e-05
2.0027e-05
0.0000e+00
5.4121e-05
5.0068e-06
0.0000e+00
5.3883e-05
2.1458e-06
0.0000e+00
6.7949e-05
3.0994e-06
4.0531e-06
9.5367e-07
4.0531e-06
0.0000e+00
5.6982e-05
1.9073e-06
3.8147e-05
9.5367e-07
1.2875e-05
0.0000e+00
5.4836e-05
5.4407e-04
0.0000e+00
5.5075e-05
4.2200e-04
1.8120e-05
1.1921e-06
3.6955e-05
5.9605e-06
1.1921e-06
7.0095e-05
4.0531e-06
9.5367e-07
5.1022e-05
0.0000e+00
6.0081e-05
2.1458e-06
0.0000e+00
5.4121e-05
3.0994e-06
0.0000e+00
5.6028e-05
7.8678e-06
0.0000e+00
5.4836e-05
2.1458e-06
5.0068e-06
9.5367e-07
5.0068e-06
0.0000e+00
5.6028e-05
2.1458e-06
0.0000e+00
5.5075e-05
2.1458e-06
0.0000e+00
5.4121e-05
2.1458e-06
0.0000e+00
5.2929e-05
1.9073e-06
3.7384e-04
9.5367e-07
1.9073e-06
0.0000e+00
7.4148e-05
2.1458e-06
4.8399e-04
1.1921e-06
2.1458e-06
0.0000e+00
5.6028e-05
9.5367e-07
0.0000e+00
5.4121e-05
2.1458e-06
0.0000e+00
5.4836e-05
9.5367e-07
0.0000e+00
5.3883e-05
9.5367e-07
0.0000e+00
6.0797e-05
2.1458e-06
0.0000e+00
5.3883e-05
9.5367e-07
0.0000e+00
7.0810e-05
3.0994e-06
2.3103e-04
9.5367e-07
9.5367e-07
0.0000e+00
5.6028e-05
1.5593e-04
0.0000e+00
5.5075e-05
3.0994e-06
4.0531e-06
9.5367e-07
6.6996e-05
0.0000e+00
5.5075e-05
1.0014e-05
0.0000e+00
6.1035e-05
2.8610e-06
0.0000e+00
5.5075e-05
1.9073e-06
3.0994e-06
0.0000e+00
4.5061e-05
0.0000e+00
7.4148e-05
4.0531e-06
0.0000e+00
5.6028e-05
1.9073e-06
1.5116e-04
9.5367e-07
1.9073e-06
0.0000e+00
5.4836e-05
5.1975e-05
0.0000e+00
5.4121e-05
2.8133e-05
0.0000e+00
5.2929e-05
4.0531e-06
0.0000e+00
5.4121e-05
3.0994e-06
0.0000e+00
5.4121e-05
1.0014e-05
0.0000e+00
7.9155e-05
4.0531e-06
0.0000e+00
5.6982e-05
2.1458e-06
0.0000e+00
5.2929e-05
2.2411e-04
4.0531e-06
9.5367e-07
5.1975e-05
0.0000e+00
5.5075e-05
2.5988e-05
0.0000e+00
5.4836e-05
3.0994e-06
0.0000e+00
5.4121e-05
2.1458e-06
0.0000e+00
5.2929e-05
2.1458e-06
0.0000e+00
5.3883e-05
3.0994e-06
0.0000e+00
5.6028e-05
1.9073e-06
1.8120e-05
0.0000e+00
2.5988e-05
0.0000e+00
5.6028e-05
2.9492e-04
0.0000e+00
5.3883e-05
2.2888e-05
0.0000e+00
5.3883e-05
1.9073e-06
0.0000e+00
5.2929e-05
1.9073e-06
0.0000e+00
5.3167e-05
2.1458e-06
0.0000e+00
5.3167e-05
3.0994e-06
0.0000e+00
5.6982e-05
1.9073e-06
0.0000e+00
5.3883e-05
1.9073e-06
0.0000e+00
5.3883e-05
7.8678e-06
3.8195e-04
0.0000e+00
1.9073e-06
3.8147e-06
0.0000e+00
1.1921e-06
0.0000e+00
5.6982e-05
4.9829e-05
0.0000e+00
5.3883e-05
5.9605e-06
3.0994e-06
9.5367e-07
5.1022e-05
0.0000e+00
5.4121e-05
3.0994e-06
5.0068e-06
9.5367e-07
1.9073e-06
0.0000e+00
5.6982e-05
1.9073e-06
0.0000e+00
5.5075e-05
1.9073e-06
5.6028e-05
1.1921e-06
4.0531e-06
1.4067e-05
1.1921e-06
5.0068e-06
0.0000e+00
6.1035e-05
5.0068e-06
0.0000e+00
5.3883e-05
3.8147e-06
0.0000e+00
5.4836e-05
1.9073e-06
0.0000e+00
5.3883e-05
3.0994e-06
0.0000e+00
5.6028e-05
1.9073e-06
8.0085e-04
0.0000e+00
1.9073e-06
0.0000e+00
5.6028e-05
1.9073e-06
0.0000e+00
5.2929e-05
1.9073e-06
0.0000e+00
5.6028e-05
1.9073e-06
0.0000e+00
5.2929e-05
1.9073e-06
1.6999e-04
9.5367e-07
1.9073e-06
0.0000e+00
5.6982e-05
9.5367e-07
5.0068e-06
9.5367e-07
9.5367e-07
2.9111e-04
9.5367e-07
2.1458e-06
5.0068e-06
9.5367e-07
1.9073e-06
0.0000e+00
5.8889e-05
9.5367e-07
0.0000e+00
5.4121e-05
9.5367e-07
4.0531e-06
0.0000e+00
3.0994e-06
0.0000e+00
5.6028e-05
3.0994e-06
0.0000e+00
5.4121e-05
1.9073e-06
0.0000e+00
5.4121e-05
3.0994e-06
0.0000e+00
5.5075e-05
1.9073e-06
0.0000e+00
7.2002e-05
6.9141e-06
0.0000e+00
5.4836e-05
1.9073e-06
0.0000e+00
5.2929e-05
1.9073e-06
6.8188e-05
9.5367e-07
1.9073e-06
0.0000e+00
5.6028e-05
1.9073e-06
0.0000e+00
5.3883e-05
1.9073e-06
0.0000e+00
5.2929e-05
1.9073e-06
0.0000e+00
5.2929e-05
1.9073e-06
4.3702e-04
9.5367e-07
2.1458e-06
0.0000e+00
5.7936e-05
3.0994e-06
0.0000e+00
5.5075e-05
1.9073e-06
0.0000e+00
5.9128e-05
1.9073e-06
0.0000e+00
5.5075e-05
9.5367e-07
0.0000e+00
5.4121e-05
9.5367e-07
0.0000e+00
5.2929e-05
3.0994e-06
0.0000e+00
5.2929e-05
2.4080e-05
4.7994e-04
1.1921e-06
1.9073e-06
0.0000e+00
5.6982e-05
2.1458e-06
0.0000e+00
5.3883e-05
9.5367e-07
0.0000e+00
6.1035e-05
2.1458e-06
6.6304e-04
0.0000e+00
9.5367e-07
0.0000e+00
5.6028e-05
1.9073e-06
5.0068e-06
9.5367e-07
9.5367e-07
0.0000e+00
5.5075e-05
1.9073e-06
0.0000e+00
5.4121e-05
9.5367e-07
0.0000e+00
8.1062e-05
1.9073e-06
0.0000e+00
5.5075e-05
1.9073e-06
0.0000e+00
5.5075e-05
9.5367e-07
0.0000e+00
5.4121e-05
2.1458e-06
0.0000e+00
5.2929e-05
3.0994e-06
3.8147e-06
9.5367e-07
1.9073e-06
0.0000e+00
5.5075e-05
5.9605e-06
0.0000e+00
5.6028e-05
2.3484e-04
0.0000e+00
5.4836e-05
3.0994e-06
0.0000e+00
5.5075e-05
2.1458e-06
0.0000e+00
6.1035e-05
5.2786e-04
3.8147e-06
0.0000e+00
1.9073e-06
0.0000e+00
5.6028e-05
2.0027e-05
0.0000e+00
5.4121e-05
2.1458e-06
0.0000e+00
5.5075e-05
1.9073e-06
0.0000e+00
5.5075e-05
2.1458e-06
7.8678e-06
9.5367e-07
2.8610e-06
0.0000e+00
7.2002e-05
3.8910e-04
0.0000e+00
5.6982e-05
2.1458e-06
8.1062e-06
9.5367e-07
4.1008e-05
0.0000e+00
5.6028e-05
1.9073e-06
0.0000e+00
5.4121e-05
1.9073e-06
0.0000e+00
5.4121e-05
2.0981e-05
0.0000e+00
5.3883e-05
1.9073e-06
0.0000e+00
5.3883e-05
9.0599e-06
0.0000e+00
7.1049e-05
4.0531e-06
0.0000e+00
5.5075e-05
2.1458e-06
0.0000e+00
5.4121e-05
9.7990e-05
0.0000e+00
5.4836e-05
3.0994e-06
0.0000e+00
5.3883e-05
2.0909e-04
0.0000e+00
5.4121e-05
2.3127e-05
0.0000e+00
5.4121e-05
4.0531e-06
0.0000e+00
5.5075e-05
3.0994e-06
0.0000e+00
5.6028e-05
9.8944e-05
4.4107e-05
9.5367e-07
1.1921e-05
0.0000e+00
5.6982e-05
1.9073e-06
0.0000e+00
5.4121e-05
2.8610e-06
0.0000e+00
5.4121e-05
2.8610e-06
0.0000e+00
5.4121e-05
1.5974e-05
0.0000e+00
5.2929e-05
5.9605e-06
0.0000e+00
5.3883e-05
2.8610e-06
0.0000e+00
5.5790e-05
3.0994e-06
0.0000e+00
5.3883e-05
2.1458e-06
0.0000e+00
5.3883e-05
2.1458e-06
0.0000e+00
5.4836e-05
1.9312e-04
0.0000e+00
5.6028e-05
3.0994e-06
3.7408e-04
9.5367e-07
2.1458e-06
0.0000e+00
5.6028e-05
9.5367e-07
0.0000e+00
5.2929e-05
2.1458e-06
4.0531e-06
1.5020e-05
1.9073e-06
0.0000e+00
5.6982e-05
1.9073e-06
0.0000e+00
5.5075e-05
1.9073e-06
0.0000e+00
5.4121e-05
1.9073e-06
0.0000e+00
5.4121e-05
9.0599e-06
0.0000e+00
5.4836e-05
1.9073e-06
0.0000e+00
5.3883e-05
1.9073e-06
0.0000e+00
5.4836e-05
2.1458e-06
0.0000e+00
7.2002e-05
2.4295e-04
0.0000e+00
5.5075e-05
1.9073e-06
0.0000e+00
5.4121e-05
1.9073e-06
0.0000e+00
5.5075e-05
4.0531e-06
0.0000e+00
5.5075e-05
2.8610e-06
0.0000e+00
5.3883e-05
9.0599e-06
0.0000e+00
5.3883e-05
3.0994e-06
0.0000e+00
6.1035e-05
3.0994e-06
0.0000e+00
5.6982e-05
2.8610e-06
0.0000e+00
5.4836e-05
1.9073e-06
3.7193e-04
0.0000e+00
1.9073e-06
0.0000e+00
5.4836e-05
2.1458e-06
0.0000e+00
5.3883e-05
9.5367e-07
0.0000e+00
5.3883e-05
3.9697e-04
0.0000e+00
5.5790e-05
1.9073e-06
0.0000e+00
5.3883e-05
3.0994e-06
0.0000e+00
5.6982e-05
1.9073e-06
0.0000e+00
5.4836e-05
1.9073e-06
0.0000e+00
5.2929e-05
1.9073e-06
0.0000e+00
5.4836e-05
1.9073e-06
0.0000e+00
5.3883e-05
1.9073e-06
0.0000e+00
5.4121e-05
1.9073e-06
0.0000e+00
5.4121e-05
2.1458e-06
0.0000e+00
7.1049e-05
3.0994e-06
2.4509e-04
1.1921e-06
2.1458e-06
0.0000e+00
5.6982e-05
1.9073e-06
0.0000e+00
5.3167e-05
1.1921e-06
0.0000e+00
5.2929e-05
3.0994e-06
0.0000e+00
5.3883e-05
1.9073e-06
4.0531e-06
9.5367e-07
9.5367e-07
0.0000e+00
5.4121e-05
2.1458e-06
0.0000e+00
5.4121e-05
4.0531e-06
5.0068e-06
9.5367e-07
3.0994e-06
0.0000e+00
5.6982e-05
1.9073e-06
0.0000e+00
5.5075e-05
2.4080e-05
0.0000e+00
5.4121e-05
3.8195e-04
0.0000e+00
5.4121e-05
2.8610e-06
0.0000e+00
5.4836e-05
1.9073e-06
0.0000e+00
5.4121e-05
1.9073e-06
0.0000e+00
5.5075e-05
1.9073e-06
0.0000e+00
7.0095e-05
3.0994e-06
0.0000e+00
5.4121e-05
1.9073e-06
0.0000e+00
5.4121e-05
1.9073e-06
0.0000e+00
5.5075e-05
2.1458e-06
0.0000e+00
6.1035e-05
1.9073e-06
0.0000e+00
5.4836e-05
1.9073e-06
0.0000e+00
5.5075e-05
1.9073e-06
0.0000e+00
5.5075e-05
2.8610e-06
0.0000e+00
5.6028e-05
7.7415e-04
5.0068e-06
1.1921e-06
5.1022e-05
2.8610e-06
0.0000e+00
5.0068e-05
0.0000e+00
5.8889e-05
2.3603e-04
0.0000e+00
5.5075e-05
2.1219e-05
0.0000e+00
5.6028e-05
2.1458e-06
9.2983e-05
1.1921e-06
9.5367e-07
0.0000e+00
5.5075e-05
2.1458e-06
0.0000e+00
6.0081e-05
1.2279e-04
0.0000e+00
5.6982e-05
1.9073e-06
0.0000e+00
5.4121e-05
1.9073e-06
2.3127e-05
9.5367e-07
1.9073e-06
3.5810e-04
9.5367e-07
9.5367e-07
0.0000e+00
5.3883e-05
9.5367e-07
0.0000e+00
5.4121e-05
9.5367e-07
0.0000e+00
5.5075e-05
2.1458e-06
4.0531e-06
9.5367e-07
1.9073e-06
0.0000e+00
6.1989e-05
3.0994e-06
0.0000e+00
5.6982e-05
3.0994e-06
0.0000e+00
5.4836e-05
3.0994e-06
0.0000e+00
5.3883e-05
1.9073e-06
0.0000e+00
5.2929e-05
5.9605e-06
0.0000e+00
5.4121e-05
2.1458e-06
2.4199e-04
0.0000e+00
1.9073e-06
0.0000e+00
5.4836e-05
1.9073e-06
0.0000e+00
5.3883e-05
1.6212e-05
0.0000e+00
5.6982e-05
1.9073e-06
0.0000e+00
5.3883e-05
3.0994e-06
0.0000e+00
5.3883e-05
6.6996e-05
0.0000e+00
5.4121e-05
3.0994e-06
2.4509e-04
9.5367e-07
1.9073e-06
0.0000e+00
5.4836e-05
9.5367e-07
0.0000e+00
5.3883e-05
2.8610e-06
4.0531e-06
0.0000e+00
5.0068e-06
6.5088e-04
0.0000e+00
2.1458e-06
0.0000e+00
7.7009e-05
3.0994e-06
0.0000e+00
5.5075e-05
3.0994e-05
0.0000e+00
5.3883e-05
5.0068e-06
0.0000e+00
5.3883e-05
1.9073e-06
0.0000e+00
5.3167e-05
1.8835e-05
0.0000e+00
5.4121e-05
5.9605e-06
0.0000e+00
5.4121e-05
7.1526e-06
0.0000e+00
5.2929e-05
3.5691e-04
0.0000e+00
5.6982e-05
2.8610e-06
3.0994e-05
9.5367e-07
1.8835e-05
0.0000e+00
5.4836e-05
1.9073e-06
0.0000e+00
5.3883e-05
1.9073e-06
0.0000e+00
5.3883e-05
1.9073e-06
2.4080e-05
9.5367e-07
3.0994e-06
0.0000e+00
5.5075e-05
1.9073e-06
0.0000e+00
5.6028e-05
1.9073e-06
0.0000e+00
7.1049e-05
3.0994e-06
0.0000e+00
6.1035e-05
4.4394e-04
0.0000e+00
5.4121e-05
7.1526e-06
0.0000e+00
5.2929e-05
3.0994e-06
0.0000e+00
5.3883e-05
3.0994e-06
3.9101e-05
0.0000e+00
1.5020e-05
0.0000e+00
5.6028e-05
1.9073e-06
0.0000e+00
5.5075e-05
2.5988e-05
0.0000e+00
7.7009e-05
2.8610e-06
0.0000e+00
5.6982e-05
2.1458e-06
3.1996e-04
9.5367e-07
2.1458e-06
0.0000e+00
5.6028e-05
1.9073e-06
4.6015e-05
1.1921e-06
9.5367e-07
0.0000e+00
5.6028e-05
2.1458e-06
0.0000e+00
5.4121e-05
2.1458e-06
0.0000e+00
5.3883e-05
9.5367e-07
0.0000e+00
5.3883e-05
2.8610e-06
0.0000e+00
7.2002e-05
4.0531e-06
0.0000e+00
5.4121e-05
5.9605e-06
4.0531e-06
9.5367e-07
4.0531e-06
0.0000e+00
5.5075e-05
1.9073e-06
0.0000e+00
5.5075e-05
1.9073e-06
0.0000e+00
5.3167e-05
1.9073e-06
0.0000e+00
5.4121e-05
6.7306e-04
0.0000e+00
5.5075e-05
3.0994e-06
0.0000e+00
7.2956e-05
2.8610e-06
0.0000e+00
5.3883e-05
2.5034e-05
0.0000e+00
5.4121e-05
2.1458e-06
0.0000e+00
5.4121e-05
2.1458e-06
0.0000e+00
5.3883e-05
2.1458e-06
0.0000e+00
5.3883e-05
1.9073e-06
4.6301e-04
9.5367e-07
1.9073e-06
2.0027e-05
1.1921e-06
2.1458e-06
0.0000e+00
5.6028e-05
1.1921e-06
0.0000e+00
7.8917e-05
1.9073e-06
0.0000e+00
5.4836e-05
4.9114e-05
0.0000e+00
5.5075e-05
4.0531e-06
0.0000e+00
5.4836e-05
1.9073e-06
0.0000e+00
5.4121e-05
1.0395e-04
0.0000e+00
5.4121e-05
1.9073e-06
0.0000e+00
5.5075e-05
6.9141e-06
0.0000e+00
5.4121e-05
3.0994e-06
0.0000e+00
6.1989e-05
3.0994e-06
0.0000e+00
5.5075e-05
2.1458e-06
4.0531e-06
9.5367e-07
5.0068e-06
0.0000e+00
5.6028e-05
1.9073e-06
0.0000e+00
5.5075e-05
1.9073e-06
0.0000e+00
5.4836e-05
1.9073e-06
0.0000e+00
5.4121e-05
1.9073e-06
0.0000e+00
5.5075e-05
2.8610e-06
0.0000e+00
5.6982e-05
6.2299e-04
0.0000e+00
5.5075e-05
4.0531e-06
0.0000e+00
5.3883e-05
1.9073e-06
0.0000e+00
5.3883e-05
1.9073e-06
0.0000e+00
5.4836e-05
1.9073e-06
0.0000e+00
5.2929e-05
1.9073e-06
0.0000e+00
5.3883e-05
1.9073e-06
0.0000e+00
7.1049e-05
3.0994e-06
1.6189e-04
0.0000e+00
2.1458e-06
0.0000e+00
5.6028e-05
1.9073e-06
0.0000e+00
5.3883e-05
2.8610e-06
0.0000e+00
5.3883e-05
2.8610e-06
0.0000e+00
5.4836e-05
1.9073e-06
3.5596e-04
9.5367e-07
1.9073e-06
0.0000e+00
5.4121e-05
1.9073e-06
0.0000e+00
5.2929e-05
4.0531e-06
0.0000e+00
5.6028e-05
2.8610e-06
3.8147e-06
0.0000e+00
9.5367e-07
0.0000e+00
5.5075e-05
2.1458e-06
3.6001e-05
0.0000e+00
9.5367e-07
0.0000e+00
6.1035e-05
2.1458e-06
0.0000e+00
5.4121e-05
3.8600e-04
0.0000e+00
5.3883e-05
4.0531e-06
3.8695e-04
0.0000e+00
2.1458e-06
0.0000e+00
5.5075e-05
1.7166e-05
0.0000e+00
7.2002e-05
2.8610e-06
0.0000e+00
5.6982e-05
1.9073e-06
0.0000e+00
5.4836e-05
1.9073e-06
0.0000e+00
5.3883e-05
1.9073e-06
0.0000e+00
5.3883e-05
1.9073e-06
0.0000e+00
5.3883e-05
1.9073e-06
0.0000e+00
5.4121e-05
1.9073e-06
0.0000e+00
6.6042e-05
4.0531e-06
0.0000e+00
5.6028e-05
2.8610e-06
0.0000e+00
5.4836e-05
1.9073e-06
0.0000e+00
5.3883e-05
1.9073e-06
0.0000e+00
5.2929e-05
2.8610e-06
5.0068e-06
9.5367e-07
1.9073e-06
0.0000e+00
5.6028e-05
1.9073e-06
1.3709e-04
9.5367e-07
2.1458e-06
0.0000e+00
5.6028e-05
1.9073e-06
5.0068e-06
1.1921e-06
3.0994e-06
0.0000e+00
5.6982e-05
1.8787e-04
0.0000e+00
5.5075e-05
5.7387e-04
0.0000e+00
5.4836e-05
3.0994e-06
5.9605e-06
1.1921e-06
4.9114e-05
0.0000e+00
5.5075e-05
2.1458e-06
0.0000e+00
5.3883e-05
2.1458e-06
0.0000e+00
5.3883e-05
1.9073e-05
2.2292e-04
9.5367e-07
2.1458e-06
5.0068e-06
9.5367e-07
2.1458e-06
0.0000e+00
6.3896e-05
3.0994e-06
5.0068e-06
0.0000e+00
1.9073e-06
0.0000e+00
5.6982e-05
2.1458e-06
3.4094e-04
9.5367e-07
2.1458e-06
0.0000e+00
5.4836e-05
2.1458e-06
4.0531e-06
9.5367e-07
9.5367e-07
0.0000e+00
5.5075e-05
9.5367e-07
0.0000e+00
5.4121e-05
1.9383e-04
0.0000e+00
5.6028e-05
2.8610e-06
0.0000e+00
5.6982e-05
3.0994e-06
0.0000e+00
5.5075e-05
1.9073e-06
0.0000e+00
5.5075e-05
1.9073e-06
0.0000e+00
5.4121e-05
1.6713e-04
0.0000e+00
5.3167e-05
2.1458e-06
0.0000e+00
5.5075e-05
3.0994e-06
0.0000e+00
5.3883e-05
2.1458e-06
0.0000e+00
6.6996e-05
2.8610e-06
0.0000e+00
5.5790e-05
2.1458e-06
0.0000e+00
5.5075e-05
2.1458e-06
0.0000e+00
5.2929e-05
3.0994e-06
0.0000e+00
5.5075e-05
1.9073e-06
0.0000e+00
5.4121e-05
3.0899e-04
0.0000e+00
5.3883e-05
3.0994e-06
0.0000e+00
5.2929e-05
2.1458e-06
0.0000e+00
7.2002e-05
2.8610e-06
0.0000e+00
5.4836e-05
3.6693e-04
0.0000e+00
5.5075e-05
4.0531e-06
0.0000e+00
5.5075e-05
5.2929e-05
2.0981e-05
9.5367e-07
3.2902e-05
3.0994e-06
0.0000e+00
5.0068e-05
0.0000e+00
5.6028e-05
1.9073e-06
0.0000e+00
5.4836e-05
1.9073e-06
3.2711e-04
9.5367e-07
1.9073e-06
0.0000e+00
7.9870e-05
4.0531e-06
0.0000e+00
5.4121e-05
2.1458e-06
0.0000e+00
5.4121e-05
2.1458e-06
0.0000e+00
5.2929e-05
1.9073e-06
0.0000e+00
5.3883e-05
1.9073e-06
3.2210e-04
9.5367e-07
1.9073e-06
3.8147e-06
9.5367e-07
8.8215e-06
0.0000e+00
5.6028e-05
2.1458e-06
0.0000e+00
5.4121e-05
1.0204e-04
5.0068e-06
1.1921e-06
6.3181e-05
0.0000e+00
5.7936e-05
1.9073e-06
0.0000e+00
5.5075e-05
2.1458e-06
0.0000e+00
5.5075e-05
2.1458e-06
0.0000e+00
5.4121e-05
2.1458e-06
0.0000e+00
5.3883e-05
2.1458e-06
0.0000e+00
5.4836e-05
2.1458e-06
4.0531e-06
0.0000e+00
1.9073e-06
0.0000e+00
7.2002e-05
3.0994e-06
0.0000e+00
5.5075e-05
2.1458e-06
0.0000e+00
5.3883e-05
2.1458e-06
0.0000e+00
5.3883e-05
2.1458e-06
0.0000e+00
5.3883e-05
3.4094e-04
6.7949e-05
1.1921e-06
2.1458e-06
4.4107e-05
0.0000e+00
9.5367e-07
0.0000e+00
5.6982e-05
2.2411e-04
1.7881e-05
9.5367e-07
3.8147e-05
0.0000e+00
7.1049e-05
3.8147e-06
0.0000e+00
6.7949e-05
3.8147e-06
0.0000e+00
6.4850e-05
2.8610e-06
5.9605e-06
9.5367e-07
2.4080e-05
0.0000e+00
5.6028e-05
2.1458e-06
0.0000e+00
5.4121e-05
2.1458e-06
0.0000e+00
5.3883e-05
2.1458e-06
0.0000e+00
5.3883e-05
9.5367e-07
0.0000e+00
7.2002e-05
3.0994e-06
0.0000e+00
5.6028e-05
2.8610e-06
0.0000e+00
5.4121e-05
1.9073e-06
0.0000e+00
5.4121e-05
1.9073e-06
0.0000e+00
5.5075e-05
2.1458e-06
4.5395e-04
9.5367e-07
1.9073e-06
6.3515e-04
9.5367e-07
1.9073e-06
0.0000e+00
5.7936e-05
2.1458e-06
4.0531e-06
0.0000e+00
9.5367e-07
0.0000e+00
6.1035e-05
3.0994e-06
0.0000e+00
5.6982e-05
5.1022e-05
0.0000e+00
5.3883e-05
3.0994e-06
0.0000e+00
5.4121e-05
2.1458e-06
0.0000e+00
5.5075e-05
1.9073e-06
0.0000e+00
5.4121e-05
1.9073e-06
0.0000e+00
5.3167e-05
2.1458e-06
0.0000e+00
5.2929e-05
2.1458e-06
0.0000e+00
6.8903e-05
3.0994e-06
4.7922e-05
1.1921e-06
2.1458e-06
0.0000e+00
5.5075e-05
1.9073e-06
0.0000e+00
5.5075e-05
1.9073e-06
3.8147e-06
9.5367e-07
2.6941e-05
0.0000e+00
6.6042e-05
1.9073e-06
0.0000e+00
5.5075e-05
1.9073e-06
0.0000e+00
5.4121e-05
2.1458e-06
8.1062e-06
9.5367e-07
2.0027e-05
0.0000e+00
7.3910e-05
4.0531e-06
0.0000e+00
5.5075e-05
1.9073e-06
1.0369e-03
9.5367e-07
1.9073e-06
2.2173e-05
9.5367e-07
1.9073e-06
3.1400e-04
9.5367e-07
2.1458e-06
0.0000e+00
5.6982e-05
9.5367e-07
0.0000e+00
5.6982e-05
2.1458e-06
0.0000e+00
5.6028e-05
1.9073e-06
0.0000e+00
5.5075e-05
2.8610e-06
0.0000e+00
7.3195e-05
4.0531e-06
0.0000e+00
5.6982e-05
2.1458e-06
0.0000e+00
5.3883e-05
1.9073e-06
0.0000e+00
5.4836e-05
2.1458e-06
0.0000e+00
5.3883e-05
1.3039e-01
