6.4681e-03
2.5988e-05
0.0000e+00
1.1110e-04
4.0531e-06
0.0000e+00
6.8188e-05
2.8610e-06
0.0000e+00
5.7936e-05
2.8610e-06
0.0000e+00
5.5790e-05
3.0994e-06
0.0000e+00
5.3883e-05
3.0994e-06
0.0000e+00
5.6028e-05
1.9073e-06
0.0000e+00
5.4121e-05
1.9073e-06
0.0000e+00
9.3222e-05
3.0994e-06
0.0000e+00
6.5088e-05
1.9073e-06
0.0000e+00
9.1791e-05
3.8147e-06
4.0519e-03
1.1921e-06
1.9073e-06
9.9182e-05
0.0000e+00
1.9073e-06
0.0000e+00
5.9843e-05
2.1458e-06
0.0000e+00
5.3883e-05
1.1921e-06
0.0000e+00
5.6028e-05
1.9073e-06
0.0000e+00
5.5075e-05
3.0994e-06
0.0000e+00
5.6982e-05
2.1458e-06
0.0000e+00
5.5075e-05
2.8610e-06
0.0000e+00
5.3883e-05
3.0994e-06
0.0000e+00
1.0395e-04
3.0994e-06
2.2888e-05
9.5367e-07
3.0994e-06
0.0000e+00
1.0109e-04
4.0531e-06
0.0000e+00
9.5844e-05
2.8610e-06
0.0000e+00
9.5129e-05
4.0531e-06
0.0000e+00
9.2983e-05
4.0531e-06
0.0000e+00
9.5129e-05
2.8610e-06
0.0000e+00
9.4891e-05
4.0531e-06
0.0000e+00
1.0204e-04
3.8147e-06
0.0000e+00
9.6083e-05
4.0531e-06
3.1495e-04
9.5367e-07
3.0994e-06
0.0000e+00
9.8944e-05
3.8147e-06
0.0000e+00
9.6083e-05
2.1458e-06
0.0000e+00
1.2207e-04
2.8610e-06
0.0000e+00
1.0300e-04
3.0994e-06
0.0000e+00
9.1076e-05
3.0994e-06
0.0000e+00
9.6083e-05
3.0994e-06
0.0000e+00
9.4175e-05
3.0994e-06
0.0000e+00
9.2983e-05
2.8610e-06
1.8835e-05
9.5367e-07
2.8610e-06
0.0000e+00
9.7036e-05
2.8610e-06
0.0000e+00
1.1992e-04
2.8610e-06
8.3923e-05
1.9073e-06
3.0994e-06
0.0000e+00
9.3937e-05
4.0531e-06
0.0000e+00
9.6798e-05
2.8610e-06
0.0000e+00
9.2983e-05
4.0531e-06
0.0000e+00
9.4175e-05
1.9073e-06
1.7881e-05
9.5367e-07
3.0994e-06
0.0000e+00
9.3937e-05
2.8610e-06
0.0000e+00
9.2030e-05
3.8147e-06
2.7204e-04
2.1458e-06
3.0994e-06
0.0000e+00
9.6083e-05
2.8610e-06
0.0000e+00
9.2983e-05
3.0994e-06
0.0000e+00
9.2983e-05
1.9073e-06
0.0000e+00
9.5129e-05
2.1458e-06
1.5974e-05
2.1458e-06
2.8610e-06
0.0000e+00
9.4891e-05
3.0994e-06
1.1396e-04
9.5367e-07
3.0994e-06
0.0000e+00
6.1989e-05
2.1458e-06
0.0000e+00
5.7936e-05
1.9073e-06
0.0000e+00
5.5075e-05
1.9073e-06
0.0000e+00
5.2929e-05
1.9073e-06
0.0000e+00
5.4121e-05
1.9073e-06
0.0000e+00
5.4121e-05
1.9073e-06
0.0000e+00
5.3167e-05
2.1458e-06
0.0000e+00
5.4121e-05
3.0994e-06
0.0000e+00
6.6996e-05
1.9073e-06
0.0000e+00
5.6982e-05
1.9073e-06
0.0000e+00
5.5075e-05
1.9073e-06
0.0000e+00
5.5075e-05
1.9073e-06
0.0000e+00
5.3167e-05
1.9073e-06
0.0000e+00
5.5075e-05
1.9073e-06
0.0000e+00
5.3883e-05
1.9073e-06
0.0000e+00
5.5075e-05
1.9073e-06
0.0000e+00
5.7936e-05
2.1458e-06
0.0000e+00
5.4121e-05
1.9073e-06
0.0000e+00
5.4121e-05
2.1458e-06
9.5296e-04
0.0000e+00
1.9073e-06
4.9114e-05
9.5367e-07
1.9073e-06
0.0000e+00
5.5790e-05
2.1458e-06
1.0014e-05
9.5367e-07
1.9073e-06
3.8147e-06
9.5367e-07
2.1458e-06
0.0000e+00
5.5075e-05
1.9073e-06
0.0000e+00
7.4148e-05
3.0994e-06
0.0000e+00
5.6982e-05
1.9073e-06
0.0000e+00
5.4121e-05
1.9073e-06
0.0000e+00
6.1035e-05
1.9073e-06
0.0000e+00
5.2929e-05
1.9073e-06
6.5207e-04
0.0000e+00
2.1458e-06
0.0000e+00
5.6028e-05
1.9073e-06
5.1212e-04
9.5367e-07
2.1458e-06
0.0000e+00
5.6028e-05
1.9073e-06
0.0000e+00
7.2002e-05
2.1458e-06
0.0000e+00
5.3883e-05
2.1458e-06
1.9097e-04
0.0000e+00
1.9073e-06
0.0000e+00
5.5790e-05
2.1458e-06
0.0000e+00
5.2929e-05
1.9073e-06
0.0000e+00
5.9843e-05
1.9073e-06
0.0000e+00
5.3883e-05
1.9073e-06
2.7704e-04
9.5367e-07
2.1458e-06
0.0000e+00
5.5075e-05
1.9073e-06
2.0003e-04
9.5367e-07
2.1458e-06
5.0068e-06
9.5367e-07
2.1458e-06
0.0000e+00
5.6982e-05
1.9073e-06
0.0000e+00
5.4121e-05
2.1458e-06
0.0000e+00
5.4121e-05
2.1458e-06
3.3998e-04
9.5367e-07
1.9073e-06
0.0000e+00
5.6028e-05
2.1458e-06
5.9605e-06
9.5367e-07
2.1458e-06
0.0000e+00
5.5075e-05
2.1458e-06
6.7949e-05
1.1921e-06
1.9073e-06
0.0000e+00
5.7220e-05
2.1458e-06
0.0000e+00
5.5075e-05
1.1921e-06
0.0000e+00
5.4121e-05
1.1921e-06
0.0000e+00
5.3883e-05
2.1458e-06
0.0000e+00
5.4121e-05
2.1458e-06
0.0000e+00
6.1035e-05
1.9073e-06
0.0000e+00
5.3883e-05
1.9073e-06
0.0000e+00
7.8917e-05
2.8610e-06
6.7210e-04
0.0000e+00
1.9073e-06
4.1962e-05
9.5367e-07
9.5367e-07
0.0000e+00
6.3181e-05
2.1458e-06
0.0000e+00
5.5075e-05
2.1458e-06
0.0000e+00
5.4121e-05
1.9073e-06
0.0000e+00
5.2929e-05
1.9073e-06
0.0000e+00
5.6982e-05
2.1458e-06
0.0000e+00
5.5075e-05
2.1458e-06
2.7990e-04
1.7881e-05
3.0994e-06
0.0000e+00
5.7936e-05
1.9073e-06
0.0000e+00
5.3883e-05
1.9073e-06
2.6202e-04
9.5367e-07
1.9073e-06
0.0000e+00
5.6028e-05
2.1458e-06
0.0000e+00
5.3883e-05
2.1458e-06
0.0000e+00
5.4836e-05
9.5367e-07
8.4877e-05
9.5367e-07
1.9073e-06
0.0000e+00
5.6028e-05
1.9073e-06
0.0000e+00
7.4863e-05
1.9073e-06
0.0000e+00
5.3883e-05
1.9073e-06
0.0000e+00
5.3883e-05
1.9073e-06
0.0000e+00
5.4121e-05
9.5367e-07
0.0000e+00
5.4121e-05
1.9073e-06
0.0000e+00
6.0081e-05
1.9073e-06
0.0000e+00
5.3167e-05
1.9073e-06
0.0000e+00
5.4121e-05
1.9073e-06
0.0000e+00
5.5790e-05
2.1458e-06
0.0000e+00
5.3883e-05
1.1921e-06
0.0000e+00
5.1975e-05
1.9073e-06
0.0000e+00
5.3883e-05
1.9073e-06
0.0000e+00
5.2929e-05
1.9073e-06
0.0000e+00
5.3167e-05
2.1458e-06
0.0000e+00
5.2929e-05
1.1921e-06
0.0000e+00
6.7949e-05
2.8610e-06
0.0000e+00
5.6028e-05
2.1458e-06
0.0000e+00
5.2929e-05
1.9073e-06
1.0059e-03
1.1921e-06
2.1458e-06
0.0000e+00
6.0081e-05
9.5367e-07
0.0000e+00
5.3167e-05
1.9073e-06
0.0000e+00
5.4121e-05
2.1458e-06
0.0000e+00
5.1975e-05
1.9073e-06
0.0000e+00
7.2002e-05
3.0994e-06
2.1696e-04
9.5367e-07
1.9073e-06
0.0000e+00
5.8174e-05
2.1458e-06
3.4499e-04
9.5367e-07
2.1458e-06
0.0000e+00
5.5075e-05
2.1458e-06
0.0000e+00
5.5075e-05
2.1458e-06
0.0000e+00
5.3883e-05
1.9073e-06
0.0000e+00
5.3883e-05
9.5367e-07
0.0000e+00
5.4121e-05
1.9073e-06
0.0000e+00
7.5102e-05
1.9073e-06
0.0000e+00
5.5075e-05
9.5367e-07
5.0592e-04
9.5367e-07
1.9073e-06
0.0000e+00
5.6028e-05
1.9073e-06
0.0000e+00
5.2929e-05
1.9073e-06
0.0000e+00
5.4121e-05
2.1458e-06
2.7394e-04
1.1921e-06
2.1458e-06
1.9073e-05
9.5367e-07
1.9073e-06
0.0000e+00
5.5075e-05
1.9073e-06
1.8501e-04
0.0000e+00
2.8610e-06
0.0000e+00
5.7936e-05
1.9073e-06
0.0000e+00
6.1035e-05
1.9073e-06
0.0000e+00
5.3883e-05
1.9073e-06
1.9002e-04
9.5367e-07
1.9073e-06
0.0000e+00
5.6028e-05
1.9073e-06
0.0000e+00
5.3167e-05
2.1458e-06
0.0000e+00
5.2929e-05
1.9073e-06
0.0000e+00
5.2929e-05
1.9073e-06
5.7912e-04
2.0027e-05
2.8610e-06
0.0000e+00
6.0797e-05
9.5367e-07
0.0000e+00
5.2929e-05
1.9073e-06
0.0000e+00
5.2929e-05
1.9073e-06
9.6083e-05
9.5367e-07
2.1458e-06
0.0000e+00
5.6028e-05
2.1458e-06
0.0000e+00
5.2929e-05
2.1458e-06
0.0000e+00
5.3883e-05
2.1458e-06
0.0000e+00
5.3883e-05
1.9073e-06
0.0000e+00
5.6028e-05
2.1458e-06
1.4091e-04
1.9073e-06
2.8610e-06
0.0000e+00
9.4891e-05
3.0994e-06
0.0000e+00
9.0837e-05
3.0994e-06
0.0000e+00
9.1791e-05
1.9073e-06
0.0000e+00
9.2030e-05
3.0994e-06
0.0000e+00
9.3937e-05
2.8610e-06
0.0000e+00
9.2983e-05
4.0531e-06
0.0000e+00
1.0610e-04
3.0994e-06
0.0000e+00
8.9884e-05
3.0994e-06
0.0000e+00
9.0122e-05
2.1458e-06
0.0000e+00
9.1076e-05
3.0994e-06
0.0000e+00
9.0122e-05
3.0994e-06
0.0000e+00
9.2030e-05
3.0994e-06
0.0000e+00
9.1076e-05
3.0994e-06
0.0000e+00
1.2207e-04
4.0531e-06
0.0000e+00
1.0300e-04
3.0994e-06
0.0000e+00
9.5129e-05
2.8610e-06
0.0000e+00
9.1076e-05
2.8610e-06
9.5844e-05
9.5367e-07
3.0994e-06
0.0000e+00
8.9884e-05
2.1458e-06
0.0000e+00
9.1076e-05
2.8610e-06
0.0000e+00
9.0837e-05
2.8610e-06
0.0000e+00
1.1897e-04
4.0531e-06
0.0000e+00
1.0300e-04
2.8610e-06
0.0000e+00
9.2983e-05
3.0994e-06
0.0000e+00
9.2030e-05
3.0994e-06
0.0000e+00
9.2030e-05
2.1458e-06
0.0000e+00
9.5129e-05
3.0994e-06
0.0000e+00
9.2983e-05
2.1458e-06
2.0981e-05
9.5367e-07
2.1458e-06
2.9111e-04
1.1921e-06
2.8610e-06
1.0014e-05
9.5367e-07
1.9073e-06
0.0000e+00
6.3896e-05
1.9073e-06
0.0000e+00
5.2929e-05
1.9073e-06
0.0000e+00
5.3167e-05
2.1458e-06
0.0000e+00
5.3883e-05
2.1458e-06
4.5991e-04
1.1921e-06
2.1458e-06
0.0000e+00
6.5088e-05
2.1458e-06
0.0000e+00
5.6028e-05
1.9073e-06
1.1992e-04
9.5367e-07
1.9073e-06
0.0000e+00
7.5102e-05
2.8610e-06
0.0000e+00
5.3883e-05
1.9073e-06
1.2159e-05
9.5367e-07
1.9073e-06
0.0000e+00
5.3883e-05
1.9073e-06
0.0000e+00
5.3883e-05
1.9073e-06
0.0000e+00
5.4121e-05
1.9073e-06
0.0000e+00
5.4121e-05
1.9073e-06
0.0000e+00
5.4121e-05
1.9073e-06
0.0000e+00
7.0095e-05
3.0994e-06
5.5075e-05
9.5367e-07
1.9073e-06
0.0000e+00
6.4850e-05
2.1458e-06
1.5974e-05
9.5367e-07
2.1458e-06
0.0000e+00
5.6028e-05
2.8610e-06
1.3828e-05
9.5367e-07
1.9073e-06
0.0000e+00
5.8174e-05
2.1458e-06
0.0000e+00
5.4121e-05
2.1458e-06
1.6191e-03
0.0000e+00
1.9073e-06
0.0000e+00
5.7220e-05
2.8610e-06
0.0000e+00
5.6982e-05
2.1458e-06
0.0000e+00
5.3883e-05
2.1458e-06
0.0000e+00
5.2929e-05
2.8610e-06
0.0000e+00
5.3883e-05
1.9073e-06
0.0000e+00
5.4121e-05
1.9073e-06
0.0000e+00
5.3167e-05
2.1458e-06
0.0000e+00
5.2929e-05
2.1458e-06
0.0000e+00
6.9857e-05
2.1458e-06
0.0000e+00
5.5075e-05
2.1458e-06
0.0000e+00
5.1975e-05
1.9073e-06
0.0000e+00
5.3883e-05
1.9073e-06
0.0000e+00
5.2929e-05
1.9073e-06
7.6413e-04
9.5367e-07
1.9073e-06
5.0068e-06
9.5367e-07
1.9073e-06
0.0000e+00
5.6982e-05
1.9073e-06
0.0000e+00
5.4121e-05
2.1458e-06
0.0000e+00
8.0109e-05
2.8610e-06
0.0000e+00
5.6028e-05
1.9073e-06
0.0000e+00
5.3883e-05
2.1458e-06
0.0000e+00
5.4836e-05
2.1458e-06
0.0000e+00
5.3883e-05
1.9073e-06
3.6001e-05
9.5367e-07
1.9073e-06
0.0000e+00
5.5790e-05
2.1458e-06
0.0000e+00
5.3883e-05
2.1458e-06
0.0000e+00
7.3910e-05
1.9073e-06
0.0000e+00
5.6028e-05
2.1458e-06
0.0000e+00
5.3883e-05
3.0994e-06
0.0000e+00
5.5075e-05
2.1458e-06
0.0000e+00
5.5075e-05
2.1458e-06
0.0000e+00
5.2929e-05
2.1458e-06
0.0000e+00
6.1035e-05
2.1458e-06
0.0000e+00
5.5075e-05
2.8610e-06
0.0000e+00
5.6982e-05
3.0994e-06
0.0000e+00
5.4121e-05
2.1458e-06
0.0000e+00
5.3883e-05
3.0994e-06
3.6287e-04
0.0000e+00
1.9073e-06
0.0000e+00
5.5790e-05
2.1458e-06
0.0000e+00
5.4121e-05
2.1458e-06
0.0000e+00
5.4121e-05
3.0994e-06
2.1935e-05
9.5367e-07
7.8678e-06
0.0000e+00
7.6056e-05
3.0994e-06
0.0000e+00
5.3883e-05
2.1458e-06
0.0000e+00
5.3883e-05
2.8610e-06
0.0000e+00
5.3883e-05
1.9073e-06
0.0000e+00
5.5075e-05
1.9073e-06
0.0000e+00
5.2929e-05
1.9073e-06
9.5010e-04
9.5367e-07
2.1458e-06
4.0531e-06
9.5367e-07
1.9073e-06
0.0000e+00
5.6982e-05
2.8610e-06
1.4951e-03
0.0000e+00
2.1458e-06
0.0000e+00
5.6982e-05
2.1458e-06
0.0000e+00
5.2929e-05
1.9073e-06
0.0000e+00
5.3883e-05
1.9073e-06
0.0000e+00
5.4121e-05
1.9073e-06
0.0000e+00
5.2929e-05
2.1458e-06
0.0000e+00
5.3883e-05
2.1458e-06
0.0000e+00
5.2929e-05
3.0994e-06
0.0000e+00
5.6982e-05
1.9073e-06
1.8120e-05
0.0000e+00
1.9073e-06
0.0000e+00
5.4836e-05
1.9073e-06
0.0000e+00
5.3883e-05
1.9073e-06
0.0000e+00
5.2929e-05
1.9073e-06
9.5797e-04
0.0000e+00
1.9073e-06
4.0531e-06
9.5367e-07
2.1458e-06
0.0000e+00
5.6982e-05
1.9073e-06
0.0000e+00
6.0081e-05
2.1458e-06
0.0000e+00
7.2956e-05
3.0994e-06
0.0000e+00
5.6028e-05
1.9073e-06
3.9816e-04
0.0000e+00
1.9073e-06
0.0000e+00
5.5790e-05
2.1458e-06
0.0000e+00
5.3883e-05
1.9073e-06
8.8215e-06
0.0000e+00
2.1458e-06
1.0705e-04
9.5367e-07
1.9073e-06
0.0000e+00
5.6028e-05
2.1458e-06
3.8600e-04
9.5367e-07
1.9073e-06
5.0068e-06
9.5367e-07
9.5367e-07
0.0000e+00
7.4863e-05
1.9073e-06
2.7895e-05
0.0000e+00
2.1458e-06
0.0000e+00
5.6028e-05
1.9073e-06
0.0000e+00
5.3167e-05
2.1458e-06
0.0000e+00
5.4121e-05
2.1458e-06
0.0000e+00
5.2929e-05
2.1458e-06
0.0000e+00
5.3883e-05
1.9073e-06
7.2956e-05
0.0000e+00
2.1458e-06
4.0531e-06
0.0000e+00
1.9073e-06
0.0000e+00
8.2016e-05
2.1458e-06
0.0000e+00
5.6028e-05
3.0994e-06
0.0000e+00
5.4121e-05
3.0994e-06
0.0000e+00
5.4121e-05
2.1458e-06
0.0000e+00
5.2929e-05
2.8610e-06
0.0000e+00
5.3883e-05
1.9073e-06
0.0000e+00
5.4121e-05
2.8610e-06
5.9509e-04
1.1921e-06
1.9073e-06
0.0000e+00
5.6982e-05
3.0994e-06
0.0000e+00
5.7936e-05
2.1458e-06
0.0000e+00
5.2929e-05
2.1458e-06
0.0000e+00
5.3883e-05
1.9073e-06
0.0000e+00
5.3883e-05
3.0994e-06
0.0000e+00
5.3883e-05
1.9073e-06
5.5790e-05
9.5367e-07
1.9073e-06
4.0531e-06
0.0000e+00
2.1458e-06
8.4901e-04
9.5367e-07
3.0994e-06
0.0000e+00
5.7936e-05
3.0994e-06
5.0068e-06
9.5367e-07
1.9073e-06
0.0000e+00
5.6028e-05
2.1458e-06
0.0000e+00
5.4121e-05
2.1458e-06
0.0000e+00
5.2929e-05
1.9073e-06
3.9792e-04
0.0000e+00
3.0994e-06
1.7881e-05
9.5367e-07
2.1458e-06
0.0000e+00
5.6028e-05
3.0994e-06
4.0531e-06
9.5367e-07
2.1458e-06
0.0000e+00
5.5075e-05
2.1458e-06
0.0000e+00
7.2002e-05
1.9073e-06
0.0000e+00
5.6028e-05
2.1458e-06
1.5903e-04
9.5367e-07
2.1458e-06
0.0000e+00
5.6028e-05
2.8610e-06
0.0000e+00
5.6982e-05
2.1458e-06
0.0000e+00
5.4121e-05
2.1458e-06
1.1921e-05
0.0000e+00
2.1458e-06
0.0000e+00
5.7936e-05
3.0994e-06
0.0000e+00
5.3883e-05
2.1458e-06
0.0000e+00
7.1049e-05
2.1458e-06
0.0000e+00
5.2929e-05
2.1458e-06
0.0000e+00
5.3883e-05
1.9073e-06
0.0000e+00
5.3883e-05
1.9073e-06
0.0000e+00
5.3167e-05
2.1458e-06
0.0000e+00
5.2929e-05
1.9073e-06
7.7796e-04
9.5367e-07
1.9073e-06
0.0000e+00
5.7936e-05
2.8610e-06
0.0000e+00
7.3910e-05
1.9073e-06
1.2159e-05
9.5367e-07
1.9073e-06
0.0000e+00
5.6028e-05
2.1458e-06
0.0000e+00
5.4121e-05
2.1458e-06
0.0000e+00
6.0081e-05
2.1458e-06
0.0000e+00
5.2929e-05
1.9073e-06
0.0000e+00
5.3883e-05
1.9073e-06
0.0000e+00
5.2929e-05
1.9073e-06
0.0000e+00
7.2002e-05
3.0994e-06
0.0000e+00
5.5075e-05
3.0994e-06
1.9693e-04
9.5367e-07
2.1458e-06
4.0531e-06
9.5367e-07
1.9073e-06
0.0000e+00
5.5790e-05
2.1458e-06
4.1890e-04
0.0000e+00
2.1458e-06
0.0000e+00
5.6028e-05
1.9073e-06
5.9605e-06
0.0000e+00
2.1458e-06
5.0068e-06
0.0000e+00
1.9073e-06
0.0000e+00
5.3883e-05
1.9073e-06
0.0000e+00
5.2929e-05
3.0994e-06
0.0000e+00
5.6028e-05
2.1458e-06
5.8007e-04
0.0000e+00
2.1458e-06
0.0000e+00
5.6982e-05
1.9073e-06
0.0000e+00
5.3167e-05
2.1458e-06
1.5020e-05
9.5367e-07
2.1458e-06
0.0000e+00
5.6028e-05
2.1458e-06
0.0000e+00
5.4121e-05
2.1458e-06
0.0000e+00
5.2929e-05
2.1458e-06
0.0000e+00
7.3910e-05
3.0994e-06
5.0068e-06
9.5367e-07
1.9073e-06
0.0000e+00
5.6028e-05
1.9073e-06
0.0000e+00
5.2929e-05
1.9073e-06
0.0000e+00
5.2929e-05
1.9073e-06
0.0000e+00
5.4121e-05
2.1458e-06
0.0000e+00
5.3167e-05
2.1458e-06
7.2956e-05
1.1921e-06
2.1458e-06
0.0000e+00
5.6028e-05
3.0994e-06
0.0000e+00
5.6982e-05
1.9073e-06
0.0000e+00
5.3167e-05
2.1458e-06
0.0000e+00
5.2929e-05
3.0994e-06
0.0000e+00
5.2929e-05
1.9073e-06
0.0000e+00
5.1975e-05
2.8610e-06
0.0000e+00
5.4121e-05
1.9073e-06
0.0000e+00
5.4121e-05
1.9073e-06
0.0000e+00
6.9141e-05
3.0994e-06
0.0000e+00
5.5075e-05
2.8610e-06
2.1710e-03
9.5367e-07
1.9073e-06
0.0000e+00
5.6028e-05
1.9073e-06
0.0000e+00
5.3883e-05
3.0994e-06
0.0000e+00
5.3883e-05
1.9073e-06
1.5020e-05
9.5367e-07
1.9073e-06
0.0000e+00
5.5075e-05
1.9073e-06
0.0000e+00
5.4836e-05
1.9073e-06
0.0000e+00
7.3910e-05
2.8610e-06
0.0000e+00
5.4836e-05
1.9073e-06
6.3181e-05
9.5367e-07
1.9073e-06
0.0000e+00
5.4836e-05
1.9073e-06
0.0000e+00
5.3883e-05
2.8610e-06
3.2306e-04
1.1921e-06
2.1458e-06
0.0000e+00
5.5075e-05
1.9073e-06
0.0000e+00
5.3167e-05
3.0994e-06
0.0000e+00
5.4121e-05
3.0994e-06
0.0000e+00
5.6028e-05
2.1458e-06
0.0000e+00
5.2929e-05
1.9073e-06
0.0000e+00
5.3883e-05
2.8610e-06
0.0000e+00
5.4121e-05
2.8610e-06
5.2118e-04
9.5367e-07
1.9073e-06
0.0000e+00
5.6982e-05
3.0994e-06
2.5988e-05
9.5367e-07
2.1458e-06
0.0000e+00
5.3883e-05
2.1458e-06
0.0000e+00
7.4863e-05
3.0994e-06
5.6982e-05
9.5367e-07
2.8610e-06
0.0000e+00
5.6982e-05
2.1458e-06
0.0000e+00
5.2929e-05
2.1458e-06
0.0000e+00
5.3883e-05
1.9073e-06
2.3127e-05
9.5367e-07
1.9073e-06
0.0000e+00
5.6028e-05
2.1458e-06
0.0000e+00
5.3883e-05
1.9073e-06
0.0000e+00
6.1989e-05
3.0994e-06
0.0000e+00
5.6028e-05
1.9073e-06
0.0000e+00
5.2929e-05
1.9073e-06
0.0000e+00
5.3167e-05
3.0994e-06
4.7922e-05
0.0000e+00
2.1458e-06
0.0000e+00
5.6028e-05
1.9073e-06
0.0000e+00
5.4121e-05
1.9073e-06
0.0000e+00
5.3167e-05
2.1458e-06
6.1989e-05
9.5367e-07
1.9073e-06
0.0000e+00
6.8903e-05
3.0994e-06
0.0000e+00
5.6982e-05
1.9073e-06
1.1761e-03
9.5367e-07
2.1458e-06
0.0000e+00
5.7936e-05
3.0994e-06
0.0000e+00
5.3883e-05
2.1458e-06
0.0000e+00
5.3883e-05
1.1921e-06
0.0000e+00
5.3883e-05
2.1458e-06
0.0000e+00
5.2929e-05
2.1458e-06
0.0000e+00
5.2929e-05
3.0994e-06
0.0000e+00
5.6028e-05
1.9073e-06
2.8896e-04
9.5367e-07
1.9073e-06
0.0000e+00
5.4836e-05
1.9073e-06
3.8147e-06
0.0000e+00
1.9073e-06
0.0000e+00
6.1035e-05
1.9073e-06
0.0000e+00
5.2929e-05
1.9073e-06
0.0000e+00
5.4121e-05
1.9073e-06
0.0000e+00
5.3167e-05
2.1458e-06
4.0412e-04
9.5367e-07
3.0994e-06
1.7500e-04
9.5367e-07
1.9073e-06
0.0000e+00
5.7936e-05
1.9073e-06
0.0000e+00
9.7990e-05
3.0994e-06
0.0000e+00
5.6028e-05
1.9073e-06
0.0000e+00
5.3167e-05
2.1458e-06
5.0068e-06
9.5367e-07
1.9073e-06
0.0000e+00
5.4836e-05
1.9073e-06
0.0000e+00
5.2929e-05
1.9073e-06
0.0000e+00
7.4863e-05
2.8610e-06
0.0000e+00
5.4836e-05
1.9073e-06
4.4298e-04
9.5367e-07
1.9073e-06
0.0000e+00
5.7936e-05
1.9073e-06
1.1206e-05
0.0000e+00
1.9073e-06
0.0000e+00
5.5075e-05
1.9073e-06
6.7949e-05
0.0000e+00
1.9073e-06
0.0000e+00
5.5075e-05
1.9073e-06
0.0000e+00
5.3883e-05
1.9073e-06
0.0000e+00
6.9857e-05
2.1458e-06
0.0000e+00
5.5075e-05
3.0994e-06
0.0000e+00
5.5075e-05
1.9073e-06
0.0000e+00
5.3167e-05
2.1458e-06
3.6502e-04
9.5367e-07
2.1458e-06
0.0000e+00
5.5075e-05
2.8610e-06
0.0000e+00
5.5075e-05
1.9073e-06
0.0000e+00
5.5075e-05
1.9073e-06
0.0000e+00
5.4836e-05
2.1458e-06
0.0000e+00
5.6982e-05
1.9073e-06
5.0068e-06
9.5367e-07
9.5367e-07
0.0000e+00
5.4121e-05
2.1458e-06
6.9141e-05
9.5367e-07
1.9073e-06
0.0000e+00
5.4836e-05
1.9073e-06
0.0000e+00
5.1975e-05
1.9073e-06
5.9509e-04
9.5367e-07
1.9073e-06
4.7398e-04
0.0000e+00
1.9073e-06
0.0000e+00
6.1035e-05
3.0994e-06
0.0000e+00
7.3910e-05
1.9073e-06
0.0000e+00
5.4836e-05
1.9073e-06
0.0000e+00
5.3883e-05
1.9073e-06
5.0068e-06
9.5367e-07
1.9073e-06
0.0000e+00
5.5075e-05
1.9073e-06
0.0000e+00
5.4121e-05
1.9073e-06
0.0000e+00
5.4121e-05
2.1458e-06
0.0000e+00
5.2929e-05
1.9073e-06
0.0000e+00
6.8903e-05
3.0994e-06
0.0000e+00
5.5075e-05
2.1458e-06
0.0000e+00
5.2929e-05
2.1458e-06
0.0000e+00
5.2929e-05
1.9073e-06
0.0000e+00
5.2929e-05
1.9073e-06
0.0000e+00
5.9128e-05
1.9073e-06
2.5988e-05
1.1921e-06
2.1458e-06
3.1590e-04
0.0000e+00
1.9073e-06
0.0000e+00
5.6028e-05
3.0994e-06
0.0000e+00
5.6982e-05
2.1458e-06
0.0000e+00
5.4836e-05
2.1458e-06
0.0000e+00
5.3883e-05
2.1458e-06
0.0000e+00
5.3883e-05
2.1458e-06
0.0000e+00
5.1975e-05
2.8610e-06
9.4199e-04
9.5367e-07
1.9073e-06
0.0000e+00
5.6028e-05
2.1458e-06
0.0000e+00
5.2929e-05
2.1458e-06
0.0000e+00
6.1989e-05
1.9073e-06
0.0000e+00
5.4836e-05
1.9073e-06
0.0000e+00
5.3883e-05
2.1458e-06
0.0000e+00
5.5075e-05
2.1458e-06
0.0000e+00
5.2929e-05
2.1458e-06
0.0000e+00
5.3883e-05
3.0994e-06
0.0000e+00
5.2929e-05
1.9073e-06
2.2411e-04
9.5367e-07
2.1458e-06
0.0000e+00
7.7009e-05
2.8610e-06
0.0000e+00
5.4836e-05
1.9073e-06
0.0000e+00
5.3883e-05
1.9073e-06
0.0000e+00
6.1035e-05
2.1458e-06
0.0000e+00
5.3167e-05
2.1458e-06
0.0000e+00
5.6028e-05
2.1458e-06
3.0208e-04
9.5367e-07
1.9073e-06
0.0000e+00
5.5790e-05
2.1458e-06
0.0000e+00
7.7009e-05
2.8610e-06
0.0000e+00
5.4836e-05
2.1458e-06
0.0000e+00
5.2929e-05
2.1458e-06
0.0000e+00
5.1975e-05
1.9073e-06
0.0000e+00
5.2929e-05
1.9073e-06
0.0000e+00
6.1989e-05
3.0994e-06
0.0000e+00
5.5075e-05
2.1458e-06
3.4809e-04
0.0000e+00
1.9073e-06
0.0000e+00
7.5102e-05
1.9073e-06
5.0068e-06
0.0000e+00
1.9073e-06
7.7009e-05
9.5367e-07
2.1458e-06
0.0000e+00
5.6028e-05
1.9073e-06
1.0014e-05
9.5367e-07
2.1458e-06
0.0000e+00
5.5075e-05
1.9073e-06
6.1989e-05
1.1921e-06
2.1458e-06
0.0000e+00
6.1989e-05
1.9073e-06
0.0000e+00
5.3167e-05
2.1458e-06
0.0000e+00
5.3167e-05
2.8610e-06
4.3297e-04
9.5367e-07
1.9073e-06
0.0000e+00
5.6982e-05
3.0994e-06
0.0000e+00
5.5075e-05
2.1458e-06
4.0531e-06
0.0000e+00
1.9073e-06
0.0000e+00
7.4863e-05
2.8610e-06
0.0000e+00
5.3883e-05
2.1458e-06
0.0000e+00
5.4121e-05
3.0994e-06
0.0000e+00
5.2929e-05
1.9073e-06
2.8133e-05
9.5367e-07
1.9073e-06
0.0000e+00
7.7963e-05
1.9073e-06
0.0000e+00
5.4121e-05
1.9073e-06
0.0000e+00
5.4121e-05
1.9073e-06
0.0000e+00
5.4121e-05
2.1458e-06
0.0000e+00
5.2929e-05
2.1458e-06
0.0000e+00
5.3883e-05
2.1458e-06
0.0000e+00
5.2929e-05
1.9073e-06
0.0000e+00
5.3883e-05
1.9073e-06
0.0000e+00
5.6028e-05
3.0994e-06
0.0000e+00
5.3883e-05
1.9073e-06
0.0000e+00
5.9843e-05
3.0994e-06
0.0000e+00
5.3883e-05
2.1458e-06
0.0000e+00
5.4836e-05
2.1458e-06
0.0000e+00
5.3883e-05
1.9073e-06
0.0000e+00
5.1975e-05
1.9073e-06
0.0000e+00
7.3195e-05
2.1458e-06
8.5211e-04
9.5367e-07
1.9073e-06
2.2197e-04
9.5367e-07
1.9073e-06
0.0000e+00
5.7936e-05
2.1458e-06
0.0000e+00
5.4121e-05
2.1458e-06
0.0000e+00
5.2929e-05
1.9073e-06
5.9605e-06
9.5367e-07
1.9073e-06
2.8610e-06
0.0000e+00
2.1458e-06
0.0000e+00
5.6028e-05
2.1458e-06
1.0395e-04
9.5367e-07
2.1458e-06
0.0000e+00
7.8917e-05
3.0994e-06
0.0000e+00
5.6982e-05
1.9073e-06
0.0000e+00
5.3883e-05
1.9073e-06
0.0000e+00
5.3883e-05
1.9073e-06
0.0000e+00
5.3883e-05
2.8610e-06
0.0000e+00
5.2929e-05
2.8610e-06
0.0000e+00
5.6028e-05
2.8610e-06
0.0000e+00
5.5075e-05
1.9073e-06
0.0000e+00
6.8188e-05
3.0994e-06
0.0000e+00
5.5075e-05
1.9073e-06
0.0000e+00
5.1975e-05
3.0994e-06
0.0000e+00
5.3883e-05
2.1458e-06
5.0902e-04
9.5367e-07
1.9073e-06
0.0000e+00
5.6028e-05
1.9073e-06
0.0000e+00
5.5075e-05
1.9073e-06
0.0000e+00
5.4121e-05
1.9073e-06
0.0000e+00
7.4148e-05
1.9073e-06
0.0000e+00
5.5075e-05
1.9073e-06
0.0000e+00
5.3883e-05
1.9073e-06
0.0000e+00
5.3167e-05
3.0994e-06
3.6001e-05
9.5367e-07
2.1458e-06
4.0531e-06
0.0000e+00
3.0994e-06
0.0000e+00
5.6982e-05
2.1458e-06
0.0000e+00
5.3167e-05
3.0994e-06
0.0000e+00
5.2929e-05
2.8610e-06
0.0000e+00
5.8174e-05
3.0994e-06
5.3906e-04
0.0000e+00
3.0994e-06
0.0000e+00
5.3883e-05
2.1458e-06
0.0000e+00
5.5075e-05
2.1458e-06
8.0609e-04
9.5367e-07
1.9073e-06
0.0000e+00
5.5790e-05
2.1458e-06
1.6928e-05
9.5367e-07
3.0994e-06
6.3300e-04
9.5367e-07
1.9073e-06
5.9605e-06
9.5367e-07
1.9073e-06
0.0000e+00
5.6028e-05
3.0994e-06
3.7909e-05
0.0000e+00
2.1458e-06
0.0000e+00
5.7936e-05
1.9073e-06
0.0000e+00
5.3883e-05
1.9073e-06
1.9789e-05
9.5367e-07
1.9073e-06
4.5705e-04
1.1921e-06
2.1458e-06
0.0000e+00
5.6028e-05
1.9073e-06
0.0000e+00
5.3167e-05
3.0994e-06
0.0000e+00
5.5075e-05
2.1458e-06
0.0000e+00
5.4121e-05
2.1458e-06
0.0000e+00
7.3910e-05
1.9073e-06
0.0000e+00
5.3883e-05
1.9073e-06
0.0000e+00
6.1035e-05
2.1458e-06
0.0000e+00
5.3883e-05
1.9073e-06
0.0000e+00
5.2929e-05
1.9073e-06
1.7405e-04
9.5367e-07
1.9073e-06
0.0000e+00
5.5075e-05
1.9073e-06
2.5988e-04
9.5367e-07
2.1458e-06
0.0000e+00
5.6028e-05
3.0994e-06
0.0000e+00
5.6028e-05
1.9073e-06
0.0000e+00
5.4121e-05
1.9073e-06
1.6999e-04
9.5367e-07
2.1458e-06
0.0000e+00
5.6028e-05
1.9073e-06
0.0000e+00
5.3883e-05
1.9073e-06
0.0000e+00
5.3167e-05
1.9073e-06
0.0000e+00
5.3167e-05
1.1921e-06
0.0000e+00
5.1975e-05
3.0994e-06
0.0000e+00
5.7936e-05
1.9073e-06
0.0000e+00
5.4121e-05
1.9073e-06
0.0000e+00
5.3167e-05
2.1458e-06
0.0000e+00
5.1975e-05
2.1458e-06
0.0000e+00
5.3883e-05
1.9073e-06
2.6202e-04
9.5367e-07
2.8610e-06
0.0000e+00
5.6982e-05
3.0994e-06
0.0000e+00
5.4121e-05
1.9073e-06
0.0000e+00
5.6028e-05
3.0994e-06
0.0000e+00
5.4121e-05
2.1458e-06
3.1209e-04
0.0000e+00
1.9073e-06
0.0000e+00
5.5075e-05
1.9073e-06
1.0014e-05
9.5367e-07
3.0994e-06
0.0000e+00
5.4121e-05
1.9073e-06
1.3113e-05
9.5367e-07
3.0994e-06
0.0000e+00
5.7936e-05
1.9073e-06
0.0000e+00
5.2929e-05
1.9073e-06
0.0000e+00
7.3195e-05
3.0994e-06
3.9005e-04
9.5367e-07
2.1458e-06
5.9605e-06
9.5367e-07
1.9073e-06
0.0000e+00
5.6982e-05
1.9073e-06
1.0014e-04
9.5367e-07
1.9073e-06
0.0000e+00
5.5075e-05
2.8610e-06
0.0000e+00
6.1035e-05
1.9073e-06
0.0000e+00
5.2929e-05
1.9073e-06
0.0000e+00
5.4121e-05
2.1458e-06
0.0000e+00
7.4148e-05
2.1458e-06
0.0000e+00
5.4121e-05
2.1458e-06
0.0000e+00
5.2929e-05
1.9073e-06
0.0000e+00
5.3883e-05
1.9073e-06
0.0000e+00
5.3883e-05
1.9073e-06
7.7510e-04
0.0000e+00
2.1458e-06
1.5020e-05
9.5367e-07
1.9073e-06
4.5776e-05
9.5367e-07
1.9073e-06
5.0068e-06
0.0000e+00
1.9073e-06
1.2302e-04
9.5367e-07
1.9073e-06
6.1035e-05
0.0000e+00
3.0994e-06
0.0000e+00
5.8174e-05
2.1458e-06
0.0000e+00
5.1975e-05
1.9073e-06
0.0000e+00
5.2929e-05
3.0994e-06
0.0000e+00
5.4121e-05
1.9073e-06
0.0000e+00
5.4121e-05
1.9073e-06
0.0000e+00
5.3167e-05
2.1458e-06
0.0000e+00
5.3883e-05
3.0994e-06
0.0000e+00
6.8903e-05
2.8610e-06
0.0000e+00
5.6028e-05
1.9073e-06
0.0000e+00
5.1975e-05
3.0994e-06
0.0000e+00
5.4121e-05
1.9073e-06
0.0000e+00
5.3167e-05
2.1458e-06
0.0000e+00
5.1975e-05
1.9073e-06
1.9002e-04
9.5367e-07
2.1458e-06
0.0000e+00
5.5075e-05
1.9073e-06
0.0000e+00
6.1035e-05
3.0994e-06
4.3201e-04
9.5367e-07
2.1458e-06
0.0000e+00
5.6028e-05
1.9073e-06
0.0000e+00
5.4121e-05
1.9073e-06
0.0000e+00
5.4121e-05
3.0994e-06
0.0000e+00
5.4121e-05
2.1458e-06
0.0000e+00
5.2929e-05
1.9073e-06
1.2875e-05
0.0000e+00
9.5367e-07
5.2929e-05
9.5367e-07
1.9073e-06
0.0000e+00
6.2943e-05
3.0994e-06
0.0000e+00
5.6982e-05
2.1458e-06
0.0000e+00
5.3883e-05
3.0994e-06
0.0000e+00
5.3883e-05
2.1458e-06
0.0000e+00
5.3883e-05
2.1458e-06
8.7285e-04
0.0000e+00
1.9073e-06
0.0000e+00
5.6982e-05
1.9073e-06
0.0000e+00
5.3167e-05
3.0994e-06
2.8896e-04
9.5367e-07
2.8610e-06
0.0000e+00
7.3910e-05
2.8610e-06
5.9605e-06
9.5367e-07
1.9073e-06
0.0000e+00
5.5790e-05
2.1458e-06
1.0014e-05
9.5367e-07
1.9073e-06
3.2282e-04
9.5367e-07
1.9073e-06
0.0000e+00
5.6028e-05
1.9073e-06
7.8678e-06
0.0000e+00
2.1458e-06
0.0000e+00
5.5075e-05
1.9073e-06
0.0000e+00
5.5075e-05
1.9073e-06
0.0000e+00
5.5075e-05
1.9073e-06
8.1062e-06
1.9073e-05
2.8610e-06
4.7922e-05
9.5367e-07
1.9073e-06
0.0000e+00
5.6982e-05
1.9073e-06
0.0000e+00
5.6028e-05
1.9073e-06
0.0000e+00
5.4836e-05
2.1458e-06
0.0000e+00
6.1035e-05
2.1458e-06
0.0000e+00
5.4121e-05
2.1458e-06
0.0000e+00
5.5075e-05
2.1458e-06
0.0000e+00
5.4121e-05
2.8610e-06
0.0000e+00
5.5790e-05
2.1458e-06
0.0000e+00
5.5075e-05
1.9073e-06
5.5814e-04
9.5367e-07
1.9073e-06
4.0531e-06
0.0000e+00
3.0994e-06
0.0000e+00
5.6028e-05
1.9073e-06
1.6785e-04
1.1921e-06
2.1458e-06
0.0000e+00
5.4121e-05
2.1458e-06
0.0000e+00
5.5075e-05
1.9073e-06
0.0000e+00
5.4121e-05
2.8610e-06
0.0000e+00
5.6028e-05
2.1458e-06
0.0000e+00
5.4121e-05
3.0994e-06
0.0000e+00
5.2929e-05
1.9073e-06
0.0000e+00
5.2929e-05
1.9073e-06
8.2898e-04
9.5367e-07
1.9073e-06
0.0000e+00
5.7936e-05
1.9073e-06
0.0000e+00
5.4121e-05
3.0994e-06
0.0000e+00
5.4121e-05
3.0994e-06
0.0000e+00
5.6982e-05
2.1458e-06
0.0000e+00
5.8889e-05
1.9073e-06
4.2200e-04
0.0000e+00
9.5367e-07
0.0000e+00
5.5075e-05
1.9073e-06
0.0000e+00
5.4121e-05
2.8610e-06
0.0000e+00
5.3167e-05
3.0994e-06
4.0531e-06
9.5367e-07
1.9073e-06
0.0000e+00
5.5075e-05
2.1458e-06
0.0000e+00
5.4121e-05
3.0994e-06
5.9605e-06
9.5367e-07
2.1458e-06
5.2929e-05
0.0000e+00
2.1458e-06
9.3937e-05
0.0000e+00
2.1458e-06
5.2595e-04
1.1921e-06
2.1458e-06
0.0000e+00
5.7936e-05
2.1458e-06
0.0000e+00
5.3883e-05
2.1458e-06
0.0000e+00
5.3883e-05
3.0994e-06
0.0000e+00
5.3883e-05
1.9073e-06
0.0000e+00
5.4836e-05
1.9073e-06
0.0000e+00
7.4863e-05
2.8610e-06
0.0000e+00
5.4836e-05
2.1458e-06
0.0000e+00
5.4836e-05
2.1458e-06
0.0000e+00
5.2929e-05
1.9073e-06
0.0000e+00
5.3883e-05
1.9073e-06
0.0000e+00
5.2929e-05
1.9073e-06
0.0000e+00
5.3883e-05
1.9073e-06
0.0000e+00
5.3883e-05
3.0994e-06
0.0000e+00
5.6982e-05
1.9073e-06
0.0000e+00
5.2929e-05
1.9073e-06
0.0000e+00
5.2929e-05
1.9073e-06
0.0000e+00
5.5075e-05
1.9073e-06
0.0000e+00
5.3167e-05
2.1458e-06
2.5702e-04
1.1921e-06
2.1458e-06
0.0000e+00
5.6982e-05
1.9073e-06
0.0000e+00
5.4121e-05
2.8610e-06
7.5388e-04
9.5367e-07
3.0994e-06
4.3154e-05
0.0000e+00
1.9073e-06
0.0000e+00
5.8174e-05
2.1458e-06
1.0395e-04
9.5367e-07
2.1458e-06
5.0068e-06
0.0000e+00
1.9073e-06
7.4148e-05
9.5367e-07
1.9073e-06
0.0000e+00
5.4836e-05
1.9073e-06
0.0000e+00
5.3883e-05
1.9073e-06
0.0000e+00
5.2929e-05
1.9073e-06
0.0000e+00
5.4121e-05
3.0994e-06
0.0000e+00
5.7936e-05
2.8610e-06
4.8876e-05
7.1526e-06
1.9073e-06
5.0402e-04
9.5367e-07
2.1458e-06
0.0000e+00
5.6982e-05
1.9073e-06
0.0000e+00
5.3167e-05
1.9073e-06
1.5497e-04
1.1921e-06
2.1458e-06
0.0000e+00
5.5075e-05
3.0994e-06
0.0000e+00
5.4121e-05
2.1458e-06
0.0000e+00
5.6028e-05
1.9073e-06
1.0014e-05
1.8120e-05
1.9073e-06
0.0000e+00
5.6982e-05
2.1458e-06
0.0000e+00
5.3883e-05
2.1458e-06
0.0000e+00
5.2929e-05
1.9073e-06
0.0000e+00
5.3883e-05
1.9073e-06
0.0000e+00
5.3167e-05
2.1458e-06
0.0000e+00
5.1975e-05
1.9073e-06
0.0000e+00
5.3883e-05
1.9073e-06
6.8283e-04
0.0000e+00
2.8610e-06
0.0000e+00
5.9128e-05
1.9073e-06
0.0000e+00
5.4121e-05
2.1458e-06
0.0000e+00
5.3883e-05
2.1458e-06
0.0000e+00
5.2929e-05
1.9073e-06
0.0000e+00
5.2929e-05
1.9073e-06
0.0000e+00
5.3167e-05
2.1458e-06
0.0000e+00
5.3883e-05
2.1458e-06
0.0000e+00
7.2002e-05
3.0994e-06
0.0000e+00
6.1035e-05
1.9073e-06
0.0000e+00
5.2929e-05
1.9073e-06
0.0000e+00
5.3167e-05
2.1458e-06
0.0000e+00
5.2929e-05
1.9073e-06
0.0000e+00
5.2929e-05
1.9073e-06
0.0000e+00
5.2929e-05
2.8610e-06
3.6907e-04
9.5367e-07
2.1458e-06
0.0000e+00
7.3910e-05
2.1458e-06
0.0000e+00
5.5075e-05
3.0994e-06
0.0000e+00
5.3167e-05
3.0994e-06
0.0000e+00
5.5075e-05
1.9073e-06
0.0000e+00
5.4121e-05
1.9073e-06
4.7398e-04
9.5367e-07
1.9073e-06
0.0000e+00
5.4836e-05
2.1458e-06
0.0000e+00
5.4836e-05
2.1458e-06
3.8886e-04
0.0000e+00
2.8610e-06
0.0000e+00
5.6982e-05
1.9073e-06
0.0000e+00
5.6982e-05
1.9073e-06
0.0000e+00
5.4836e-05
1.9073e-06
0.0000e+00
5.2929e-05
1.9073e-06
0.0000e+00
5.4121e-05
1.9073e-06
0.0000e+00
5.3167e-05
1.9073e-06
0.0000e+00
5.4121e-05
2.1458e-06
9.0599e-06
9.5367e-07
2.8610e-06
0.0000e+00
5.6982e-05
2.1458e-06
0.0000e+00
5.3883e-05
2.1458e-06
0.0000e+00
5.8889e-05
2.1458e-06
0.0000e+00
5.5075e-05
1.9073e-06
0.0000e+00
5.4121e-05
1.9073e-06
0.0000e+00
5.1975e-05
2.1458e-06
0.0000e+00
5.3883e-05
2.1458e-06
0.0000e+00
7.2002e-05
1.9073e-06
0.0000e+00
5.2929e-05
1.9073e-06
2.8205e-04
9.5367e-07
3.0994e-06
6.2299e-04
9.5367e-07
1.9073e-06
0.0000e+00
5.6982e-05
2.1458e-06
0.0000e+00
5.2929e-05
1.9073e-06
0.0000e+00
5.2929e-05
2.8610e-06
0.0000e+00
5.2929e-05
1.9073e-06
0.0000e+00
5.3167e-05
3.0994e-06
0.0000e+00
5.6028e-05
1.9073e-06
0.0000e+00
5.3167e-05
1.9073e-06
0.0000e+00
5.3167e-05
1.9073e-06
0.0000e+00
5.6028e-05
1.9073e-06
9.1791e-05
9.5367e-07
2.8610e-06
0.0000e+00
5.5075e-05
1.9073e-06
0.0000e+00
5.4121e-05
2.8610e-06
0.0000e+00
5.4121e-05
1.9073e-06
4.5061e-05
1.1921e-06
2.1458e-06
5.1808e-04
1.1921e-06
2.8610e-06
0.0000e+00
6.2227e-05
2.1458e-06
1.1921e-05
1.1921e-06
2.1458e-06
0.0000e+00
5.6028e-05
1.9073e-06
0.0000e+00
5.5075e-05
1.9073e-06
2.7704e-04
9.5367e-07
2.1458e-06
5.9605e-06
9.5367e-07
2.1458e-06
0.0000e+00
5.6028e-05
1.9073e-06
0.0000e+00
5.5075e-05
1.9073e-06
0.0000e+00
7.7009e-05
3.0994e-06
5.0068e-06
9.5367e-07
1.9073e-06
0.0000e+00
5.7220e-05
2.1458e-06
0.0000e+00
6.1035e-05
1.9073e-06
0.0000e+00
5.2929e-05
1.9073e-06
4.3797e-04
9.5367e-07
1.9073e-06
0.0000e+00
5.5790e-05
2.1458e-06
0.0000e+00
5.3883e-05
1.9073e-06
0.0000e+00
5.3883e-05
3.0994e-06
4.1795e-04
9.5367e-07
1.9073e-06
0.0000e+00
5.7936e-05
1.9073e-06
1.0300e-04
0.0000e+00
2.1458e-06
0.0000e+00
5.5075e-05
2.1458e-06
0.0000e+00
5.4121e-05
2.1458e-06
0.0000e+00
5.3883e-05
2.1458e-06
0.0000e+00
5.3883e-05
2.1458e-06
0.0000e+00
5.2929e-05
1.9073e-06
2.9778e-04
0.0000e+00
2.1458e-06
0.0000e+00
6.0081e-05
2.1458e-06
0.0000e+00
5.3167e-05
2.1458e-06
0.0000e+00
5.4121e-05
3.0994e-06
0.0000e+00
5.4121e-05
1.9073e-06
0.0000e+00
5.2929e-05
2.1458e-06
3.1209e-04
9.5367e-07
2.8610e-06
6.1989e-06
9.5367e-07
9.5367e-07
2.1601e-04
0.0000e+00
2.1458e-06
0.0000e+00
5.6028e-05
2.8610e-06
0.0000e+00
5.6982e-05
1.9073e-06
0.0000e+00
5.4121e-05
1.9073e-06
5.0068e-06
1.1921e-06
2.1458e-06
0.0000e+00
5.5075e-05
2.1458e-06
0.0000e+00
5.4121e-05
2.1458e-06
0.0000e+00
5.3883e-05
1.9073e-06
0.0000e+00
5.3883e-05
1.9073e-06
0.0000e+00
5.2929e-05
1.9073e-06
0.0000e+00
6.9141e-05
2.8610e-06
0.0000e+00
5.6028e-05
1.9073e-06
0.0000e+00
5.2929e-05
1.9073e-06
3.9482e-04
9.5367e-07
1.9073e-06
0.0000e+00
5.6982e-05
2.1458e-06
0.0000e+00
5.3883e-05
1.9073e-06
2.8396e-04
9.5367e-07
1.9073e-06
0.0000e+00
5.4836e-05
1.9073e-06
0.0000e+00
5.3883e-05
1.9073e-06
0.0000e+00
6.2227e-05
2.1458e-06
0.0000e+00
5.3167e-05
2.1458e-06
0.0000e+00
5.3883e-05
1.9073e-06
0.0000e+00
5.3883e-05
2.8610e-06
0.0000e+00
5.3883e-05
1.9073e-06
0.0000e+00
5.1975e-05
2.1458e-06
0.0000e+00
5.2929e-05
1.9073e-06
0.0000e+00
6.9857e-05
3.0994e-06
0.0000e+00
5.4121e-05
2.1458e-06
0.0000e+00
5.2929e-05
2.1458e-06
0.0000e+00
5.3883e-05
3.0994e-06
5.9605e-06
9.5367e-07
2.1458e-06
0.0000e+00
5.5075e-05
2.1458e-06
0.0000e+00
5.2929e-05
2.1458e-06
0.0000e+00
6.1035e-05
2.1458e-06
0.0000e+00
7.2956e-05
3.0994e-06
0.0000e+00
5.5075e-05
2.1458e-06
1.0900e-03
0.0000e+00
1.9073e-06
0.0000e+00
5.5790e-05
2.1458e-06
0.0000e+00
5.1975e-05
1.9073e-06
0.0000e+00
5.3883e-05
1.9073e-06
0.0000e+00
5.3883e-05
1.9073e-06
0.0000e+00
5.2929e-05
1.9073e-06
4.0531e-06
0.0000e+00
1.9073e-06
6.0081e-05
9.5367e-07
1.9073e-06
0.0000e+00
5.8889e-05
1.9073e-06
0.0000e+00
5.4836e-05
1.9073e-06
0.0000e+00
6.0797e-05
2.1458e-06
0.0000e+00
5.3883e-05
2.1458e-06
5.9605e-06
9.5367e-07
1.9073e-06
0.0000e+00
5.4836e-05
3.0994e-06
0.0000e+00
5.1975e-05
1.9073e-06
6.8188e-05
9.5367e-07
1.9073e-06
0.0000e+00
5.6028e-05
2.1458e-06
0.0000e+00
5.2929e-05
2.1458e-06
0.0000e+00
5.2929e-05
1.9073e-06
0.0000e+00
5.3883e-05
1.9073e-06
0.0000e+00
5.2929e-05
1.9073e-06
0.0000e+00
5.2929e-05
1.9073e-06
1.0040e-03
9.5367e-07
3.0994e-06
0.0000e+00
5.7936e-05
1.9073e-06
0.0000e+00
5.4836e-05
3.0994e-06
0.0000e+00
5.3883e-05
1.9073e-06
0.0000e+00
5.3883e-05
1.9073e-06
0.0000e+00
5.6028e-05
1.9073e-06
0.0000e+00
5.3883e-05
1.9073e-06
1.5783e-04
9.5367e-07
1.3175e-01
