6.8660e-03
8.6713e-04
2.4271e-03
1.0967e-05
1.0967e-05
0.0000e+00
1.5497e-04
5.0068e-06
0.0000e+00
1.0705e-04
4.0531e-06
0.0000e+00
1.0586e-04
2.8610e-06
0.0000e+00
9.7990e-05
3.0994e-06
9.0599e-06
1.9073e-06
2.1458e-06
0.0000e+00
9.5844e-05
3.0994e-06
0.0000e+00
9.4891e-05
4.0531e-06
0.0000e+00
1.2803e-04
3.8147e-06
0.0000e+00
9.3937e-05
4.0531e-06
0.0000e+00
1.0085e-04
1.1570e-03
0.0000e+00
9.9182e-05
4.0531e-06
4.3154e-05
9.5367e-07
3.8147e-06
0.0000e+00
9.2983e-05
4.0531e-06
0.0000e+00
9.3937e-05
2.8610e-06
0.0000e+00
9.2983e-05
1.5020e-05
0.0000e+00
1.2708e-04
5.0068e-06
0.0000e+00
9.7036e-05
1.1921e-05
0.0000e+00
9.3937e-05
2.0027e-05
0.0000e+00
9.3937e-05
4.0531e-06
0.0000e+00
9.5129e-05
1.0967e-05
0.0000e+00
9.4175e-05
1.0967e-05
2.8133e-05
1.9073e-06
3.0994e-06
0.0000e+00
9.7990e-05
4.0531e-06
0.0000e+00
1.1516e-04
4.0531e-06
0.0000e+00
5.5790e-05
4.0531e-06
0.0000e+00
5.4121e-05
1.0014e-05
2.0289e-04
9.5367e-07
1.9073e-06
0.0000e+00
5.6028e-05
1.9073e-06
0.0000e+00
5.3883e-05
2.8610e-06
0.0000e+00
5.4836e-05
4.3869e-05
0.0000e+00
5.5075e-05
5.9128e-05
0.0000e+00
7.0095e-05
6.8188e-05
5.9605e-06
1.1921e-06
1.1110e-04
5.9605e-06
9.5367e-07
1.0085e-04
0.0000e+00
6.1035e-05
4.7922e-05
0.0000e+00
5.5075e-05
5.6028e-05
0.0000e+00
5.6028e-05
5.5790e-05
0.0000e+00
5.4836e-05
2.1458e-06
0.0000e+00
5.3883e-05
4.1962e-05
4.0531e-06
9.5367e-07
1.3185e-04
0.0000e+00
6.2943e-05
2.2888e-05
6.1989e-06
9.5367e-07
1.0300e-04
0.0000e+00
5.7936e-05
5.9128e-05
0.0000e+00
5.3883e-05
5.5075e-05
0.0000e+00
5.4121e-05
5.6028e-05
7.1526e-06
9.5367e-07
2.8133e-05
0.0000e+00
5.6028e-05
5.6028e-05
0.0000e+00
5.3883e-05
7.9870e-05
0.0000e+00
5.3883e-05
2.4295e-04
5.9605e-06
1.1921e-06
8.2016e-05
0.0000e+00
6.1989e-05
4.9114e-05
0.0000e+00
5.6028e-05
5.5075e-05
0.0000e+00
5.4121e-05
5.9128e-05
0.0000e+00
5.4121e-05
2.1458e-06
0.0000e+00
5.4121e-05
3.5048e-05
0.0000e+00
5.4121e-05
6.9141e-05
0.0000e+00
5.5075e-05
3.0041e-05
0.0000e+00
7.8917e-05
3.0994e-06
0.0000e+00
5.5075e-05
2.8610e-06
0.0000e+00
5.3883e-05
1.9073e-06
1.1683e-04
1.1921e-06
2.1458e-06
0.0000e+00
5.5075e-05
1.9073e-06
0.0000e+00
5.4121e-05
2.8610e-06
1.4496e-04
9.5367e-07
1.9073e-06
0.0000e+00
5.6982e-05
2.1458e-06
0.0000e+00
5.2929e-05
4.0531e-06
0.0000e+00
5.7936e-05
8.8215e-06
4.1795e-04
9.5367e-07
9.5367e-07
0.0000e+00
5.6982e-05
1.9073e-06
0.0000e+00
5.4121e-05
2.1458e-06
4.2105e-04
0.0000e+00
1.9073e-06
0.0000e+00
5.6028e-05
1.9073e-06
0.0000e+00
5.3883e-05
1.9073e-06
0.0000e+00
5.3883e-05
9.5367e-07
2.0504e-04
0.0000e+00
2.1458e-06
0.0000e+00
7.6056e-05
2.1458e-06
0.0000e+00
5.6028e-05
1.9073e-06
0.0000e+00
5.5075e-05
2.8610e-06
0.0000e+00
5.4836e-05
8.1062e-06
0.0000e+00
5.5075e-05
1.9073e-06
0.0000e+00
6.1989e-05
5.0068e-06
0.0000e+00
5.4836e-05
2.8610e-06
0.0000e+00
5.3883e-05
5.9605e-06
0.0000e+00
5.6982e-05
5.0068e-06
0.0000e+00
5.4836e-05
2.8610e-06
0.0000e+00
5.3883e-05
1.9073e-06
0.0000e+00
5.3883e-05
3.0303e-04
0.0000e+00
5.4121e-05
4.0531e-06
0.0000e+00
5.3883e-05
4.6396e-04
0.0000e+00
5.6028e-05
1.9073e-06
0.0000e+00
7.2956e-05
4.0531e-06
0.0000e+00
5.6028e-05
2.8610e-06
0.0000e+00
5.3883e-05
1.3804e-04
0.0000e+00
5.5075e-05
3.0994e-06
0.0000e+00
5.4121e-05
3.0994e-06
0.0000e+00
6.0081e-05
2.8610e-06
5.0068e-06
1.1921e-06
4.6968e-05
0.0000e+00
5.6028e-05
2.2411e-04
0.0000e+00
7.4148e-05
3.0994e-06
0.0000e+00
5.5075e-05
1.4496e-04
0.0000e+00
5.6028e-05
2.8610e-06
0.0000e+00
5.3883e-05
1.9073e-06
0.0000e+00
5.3883e-05
1.9073e-06
0.0000e+00
6.1989e-05
3.0994e-06
0.0000e+00
5.4121e-05
2.3198e-04
0.0000e+00
5.2929e-05
3.0994e-06
0.0000e+00
5.6982e-05
2.8610e-06
0.0000e+00
5.4121e-05
1.9073e-06
0.0000e+00
5.5075e-05
1.9073e-06
9.1076e-05
1.1921e-06
2.1458e-06
0.0000e+00
5.6028e-05
1.9073e-06
0.0000e+00
5.4121e-05
2.8610e-06
0.0000e+00
5.3883e-05
1.9073e-06
6.1989e-06
9.5367e-07
1.9073e-06
0.0000e+00
7.4863e-05
4.0531e-06
0.0000e+00
5.6028e-05
2.8610e-06
0.0000e+00
5.2929e-05
1.9073e-06
0.0000e+00
5.4121e-05
6.0201e-04
0.0000e+00
5.5075e-05
8.1062e-06
0.0000e+00
5.4121e-05
1.9073e-06
0.0000e+00
5.3167e-05
2.1458e-06
0.0000e+00
5.2929e-05
3.0994e-06
0.0000e+00
7.2956e-05
4.0531e-06
0.0000e+00
5.5790e-05
3.0994e-06
0.0000e+00
5.3883e-05
1.9073e-06
0.0000e+00
5.2929e-05
2.3198e-04
0.0000e+00
5.4121e-05
5.9605e-06
1.5998e-04
9.5367e-07
9.5367e-07
0.0000e+00
5.5790e-05
1.0490e-04
0.0000e+00
5.3883e-05
4.0531e-06
0.0000e+00
7.2956e-05
4.0531e-06
0.0000e+00
5.6028e-05
3.0994e-06
0.0000e+00
5.2929e-05
1.5974e-05
0.0000e+00
5.4836e-05
2.8610e-06
0.0000e+00
5.4836e-05
2.2888e-05
0.0000e+00
5.2929e-05
4.0531e-06
0.0000e+00
5.3883e-05
1.9073e-06
0.0000e+00
5.4836e-05
2.8610e-06
5.0068e-06
9.5367e-07
3.2902e-05
0.0000e+00
6.5804e-05
3.0994e-06
0.0000e+00
5.4121e-05
3.0994e-06
4.4012e-04
9.5367e-07
1.9073e-06
0.0000e+00
5.5075e-05
1.9073e-06
0.0000e+00
5.2929e-05
1.9073e-06
0.0000e+00
5.5075e-05
2.1458e-06
0.0000e+00
5.4121e-05
2.1458e-06
5.7936e-05
9.5367e-07
3.0994e-06
0.0000e+00
6.4135e-05
1.9073e-06
0.0000e+00
5.5075e-05
1.9073e-06
0.0000e+00
5.5075e-05
9.5367e-07
0.0000e+00
5.4121e-05
1.9073e-06
0.0000e+00
5.5075e-05
3.0994e-06
0.0000e+00
5.4121e-05
5.5790e-04
2.3413e-04
0.0000e+00
2.1458e-06
0.0000e+00
5.6982e-05
3.0994e-06
0.0000e+00
5.6028e-05
2.1458e-06
0.0000e+00
5.4121e-05
3.0994e-06
0.0000e+00
5.4121e-05
7.1526e-06
0.0000e+00
5.5075e-05
3.0994e-06
4.0531e-06
9.5367e-07
3.0041e-05
0.0000e+00
5.5075e-05
3.0017e-04
0.0000e+00
5.5075e-05
2.8610e-06
0.0000e+00
5.6028e-05
2.8610e-06
0.0000e+00
7.4863e-05
3.0994e-06
0.0000e+00
5.4121e-05
2.1458e-06
0.0000e+00
5.5075e-05
1.9073e-06
0.0000e+00
5.4121e-05
3.0994e-06
0.0000e+00
5.5075e-05
2.8610e-06
0.0000e+00
5.4121e-05
4.4703e-04
0.0000e+00
5.6028e-05
3.0994e-06
4.7922e-05
9.5367e-07
2.8610e-06
0.0000e+00
7.3910e-05
2.8610e-06
0.0000e+00
5.5790e-05
2.0099e-04
0.0000e+00
5.4121e-05
1.9073e-06
1.5402e-04
9.5367e-07
2.1458e-06
0.0000e+00
5.5075e-05
1.5020e-05
0.0000e+00
5.5075e-05
9.0599e-06
2.2602e-04
0.0000e+00
1.9073e-06
0.0000e+00
5.6028e-05
1.9073e-06
0.0000e+00
5.5075e-05
3.0994e-06
0.0000e+00
5.8174e-05
3.0994e-06
0.0000e+00
5.5075e-05
2.8610e-06
0.0000e+00
5.5075e-05
1.9073e-06
0.0000e+00
5.4121e-05
1.9073e-06
0.0000e+00
5.3167e-05
4.8923e-04
0.0000e+00
5.5075e-05
7.1526e-06
0.0000e+00
5.2929e-05
1.9073e-06
1.1396e-04
9.5367e-07
2.1458e-06
0.0000e+00
5.6982e-05
2.8610e-06
0.0000e+00
5.3883e-05
3.0994e-06
0.0000e+00
5.3883e-05
1.9073e-06
0.0000e+00
5.2929e-05
1.9073e-06
0.0000e+00
5.2929e-05
1.9073e-06
0.0000e+00
5.4121e-05
2.8610e-06
0.0000e+00
5.6028e-05
7.8917e-05
0.0000e+00
6.8903e-05
4.1962e-05
0.0000e+00
5.4836e-05
5.1975e-05
0.0000e+00
5.3883e-05
5.3883e-05
0.0000e+00
5.4836e-05
5.6028e-05
0.0000e+00
5.4121e-05
5.6982e-05
0.0000e+00
5.3883e-05
8.2016e-05
0.0000e+00
5.4121e-05
6.3896e-05
0.0000e+00
5.5075e-05
5.2929e-05
0.0000e+00
7.1049e-05
3.6001e-05
0.0000e+00
5.5075e-05
5.1975e-05
0.0000e+00
5.5075e-05
5.2929e-05
0.0000e+00
5.4121e-05
5.4121e-05
0.0000e+00
5.5075e-05
5.2214e-05
2.9206e-04
9.5367e-07
1.9073e-06
0.0000e+00
5.6982e-05
2.1458e-06
0.0000e+00
5.2929e-05
2.1458e-06
0.0000e+00
7.2956e-05
3.0994e-06
0.0000e+00
5.6028e-05
4.7922e-05
5.0068e-06
9.5367e-07
1.0109e-04
0.0000e+00
5.5075e-05
5.2929e-05
6.1989e-06
9.5367e-07
1.0180e-04
0.0000e+00
5.4836e-05
8.2016e-05
0.0000e+00
5.3883e-05
6.6042e-05
0.0000e+00
5.3883e-05
5.5075e-05
0.0000e+00
5.6028e-05
3.3855e-05
0.0000e+00
5.5790e-05
5.1975e-05
0.0000e+00
5.5075e-05
5.6028e-05
0.0000e+00
5.4121e-05
5.5075e-05
0.0000e+00
5.4121e-05
2.8610e-06
0.0000e+00
5.6028e-05
2.5201e-04
5.9605e-06
9.5367e-07
4.0531e-06
4.6968e-05
9.5367e-07
1.6928e-05
0.0000e+00
5.8889e-05
1.9073e-06
0.0000e+00
7.3910e-05
4.0531e-06
2.9492e-04
0.0000e+00
2.1458e-06
0.0000e+00
5.6982e-05
1.3494e-04
0.0000e+00
6.4135e-05
3.0994e-06
0.0000e+00
5.4121e-05
2.8610e-06
0.0000e+00
5.3883e-05
6.8903e-05
3.8862e-05
9.5367e-07
3.6955e-05
0.0000e+00
5.4836e-05
1.9073e-06
0.0000e+00
5.4836e-05
3.0994e-06
5.6982e-05
9.5367e-07
3.0994e-06
0.0000e+00
5.7936e-05
3.0994e-06
4.0531e-06
9.5367e-07
1.9073e-06
5.6028e-05
0.0000e+00
1.1921e-06
0.0000e+00
5.6028e-05
1.9073e-06
0.0000e+00
5.4121e-05
2.8610e-06
0.0000e+00
5.3883e-05
2.8610e-06
2.1935e-05
9.5367e-07
3.4094e-05
0.0000e+00
5.6028e-05
1.9073e-06
0.0000e+00
5.3883e-05
2.8610e-06
0.0000e+00
5.6982e-05
2.8610e-06
0.0000e+00
5.4836e-05
2.8610e-06
0.0000e+00
5.4836e-05
7.8678e-06
0.0000e+00
5.6028e-05
1.4751e-03
0.0000e+00
5.6028e-05
2.5034e-05
0.0000e+00
5.5075e-05
3.0994e-06
2.6941e-05
9.5367e-07
2.7180e-05
2.3127e-05
0.0000e+00
3.0994e-05
0.0000e+00
7.2002e-05
3.8147e-06
3.8147e-06
9.5367e-07
3.0994e-05
0.0000e+00
5.6982e-05
3.0994e-06
0.0000e+00
5.4121e-05
3.0994e-06
0.0000e+00
5.4121e-05
1.2159e-05
4.0531e-06
9.5367e-07
5.1022e-05
0.0000e+00
5.6028e-05
3.0994e-06
0.0000e+00
5.3883e-05
2.1458e-06
0.0000e+00
5.5075e-05
1.0014e-05
0.0000e+00
7.2956e-05
6.8092e-04
0.0000e+00
5.5075e-05
3.0994e-06
0.0000e+00
5.4121e-05
3.0994e-06
0.0000e+00
5.4121e-05
1.9073e-06
0.0000e+00
6.1989e-05
3.0994e-06
0.0000e+00
5.5075e-05
3.0994e-06
0.0000e+00
5.5075e-05
2.1458e-06
0.0000e+00
5.5075e-05
3.8147e-06
0.0000e+00
5.6028e-05
2.1458e-06
0.0000e+00
5.5075e-05
2.1458e-06
0.0000e+00
5.4121e-05
3.0994e-06
0.0000e+00
5.4121e-05
1.9073e-06
0.0000e+00
5.4121e-05
1.9073e-06
3.6097e-04
9.5367e-07
1.9073e-06
0.0000e+00
5.7936e-05
1.9073e-06
6.4135e-05
9.5367e-07
1.9073e-06
5.0068e-06
1.1921e-06
1.9073e-06
0.0000e+00
5.8174e-05
2.1458e-06
0.0000e+00
5.5075e-05
2.1458e-06
5.8889e-05
9.5367e-07
1.9073e-06
0.0000e+00
5.6028e-05
9.5367e-07
0.0000e+00
5.5075e-05
1.9073e-06
0.0000e+00
5.4121e-05
1.9073e-06
0.0000e+00
5.2929e-05
3.0994e-06
0.0000e+00
5.4121e-05
2.1458e-06
0.0000e+00
7.0095e-05
3.0994e-06
2.2602e-04
9.5367e-07
1.9073e-06
0.0000e+00
5.6028e-05
1.9073e-06
8.5092e-04
1.1921e-06
2.1458e-06
4.0531e-06
9.5367e-07
9.5367e-07
0.0000e+00
5.7220e-05
1.9073e-06
0.0000e+00
5.3883e-05
1.9073e-06
0.0000e+00
5.2929e-05
1.9073e-06
0.0000e+00
5.4121e-05
8.1062e-06
0.0000e+00
8.1062e-05
3.8147e-06
0.0000e+00
5.6028e-05
8.1062e-06
0.0000e+00
5.5075e-05
1.9073e-06
0.0000e+00
5.4121e-05
1.3258e-03
0.0000e+00
5.6982e-05
3.0994e-06
4.0531e-06
9.5367e-07
4.7922e-05
0.0000e+00
5.4836e-05
2.1458e-06
0.0000e+00
5.5075e-05
2.1458e-06
0.0000e+00
7.2956e-05
4.0531e-06
0.0000e+00
5.5075e-05
1.9073e-06
0.0000e+00
5.4121e-05
1.9073e-06
0.0000e+00
5.4121e-05
1.9073e-06
8.1062e-06
9.5367e-07
1.9073e-06
9.3794e-04
9.5367e-07
2.1458e-06
0.0000e+00
5.8889e-05
2.1458e-06
4.0531e-06
0.0000e+00
9.5367e-07
0.0000e+00
5.5075e-05
6.2943e-05
0.0000e+00
7.2002e-05
3.0994e-06
0.0000e+00
5.8174e-05
3.0994e-06
0.0000e+00
5.4121e-05
2.1458e-06
0.0000e+00
5.4121e-05
3.0994e-06
0.0000e+00
5.2929e-05
2.8610e-06
0.0000e+00
5.2929e-05
3.0184e-04
0.0000e+00
5.3883e-05
4.0531e-06
0.0000e+00
5.4121e-05
2.1458e-06
0.0000e+00
7.2002e-05
2.8610e-06
0.0000e+00
5.4836e-05
1.9073e-06
0.0000e+00
6.1035e-05
3.0994e-06
0.0000e+00
5.5075e-05
3.2496e-04
4.0531e-06
0.0000e+00
2.8610e-06
0.0000e+00
5.6028e-05
2.2173e-05
0.0000e+00
5.3883e-05
2.1458e-06
0.0000e+00
5.3883e-05
3.0994e-06
0.0000e+00
7.7009e-05
2.8610e-06
0.0000e+00
5.6028e-05
2.1458e-06
0.0000e+00
5.4121e-05
3.0994e-06
0.0000e+00
6.2943e-05
3.0994e-06
0.0000e+00
5.3883e-05
2.1458e-06
0.0000e+00
5.3883e-05
8.1062e-06
0.0000e+00
5.6028e-05
1.9073e-06
0.0000e+00
5.4121e-05
2.8610e-06
0.0000e+00
5.6028e-05
6.1989e-06
0.0000e+00
5.3883e-05
2.1458e-06
5.4502e-04
9.5367e-07
1.9073e-06
0.0000e+00
5.6982e-05
2.1458e-06
0.0000e+00
5.4121e-05
2.1458e-06
0.0000e+00
5.2929e-05
1.9073e-06
0.0000e+00
5.3883e-05
2.1458e-06
0.0000e+00
5.4121e-05
2.8610e-06
0.0000e+00
5.7936e-05
1.9073e-06
0.0000e+00
5.5075e-05
2.8610e-06
0.0000e+00
5.3883e-05
1.9073e-06
3.8147e-06
9.5367e-07
5.0068e-06
0.0000e+00
5.5075e-05
5.0068e-06
0.0000e+00
5.3883e-05
1.9073e-06
0.0000e+00
5.3883e-05
7.5102e-04
4.0531e-06
1.1921e-06
7.0095e-05
0.0000e+00
7.3910e-05
4.0531e-06
4.0531e-06
9.5367e-07
1.9073e-06
0.0000e+00
5.5790e-05
2.1458e-06
0.0000e+00
5.5075e-05
2.8610e-06
0.0000e+00
5.3883e-05
3.1900e-04
0.0000e+00
5.5075e-05
2.1458e-06
0.0000e+00
5.4121e-05
2.1458e-06
0.0000e+00
5.4121e-05
3.0994e-06
0.0000e+00
7.0095e-05
3.0994e-06
0.0000e+00
5.6028e-05
5.9605e-06
0.0000e+00
5.3883e-05
3.0994e-06
0.0000e+00
5.4836e-05
2.5034e-05
0.0000e+00
6.1035e-05
2.8610e-06
1.7500e-04
0.0000e+00
1.9073e-06
0.0000e+00
5.6982e-05
2.1458e-06
0.0000e+00
5.3883e-05
3.0994e-06
0.0000e+00
5.6982e-05
6.1989e-06
2.8110e-04
9.5367e-07
1.9073e-06
0.0000e+00
5.9128e-05
9.5367e-07
4.0531e-06
1.1921e-06
9.5367e-07
3.3903e-04
9.5367e-07
1.9073e-06
0.0000e+00
5.9128e-05
1.9073e-06
0.0000e+00
5.4121e-05
9.5367e-07
0.0000e+00
5.4121e-05
1.1921e-06
0.0000e+00
5.3883e-05
9.2030e-05
0.0000e+00
5.4121e-05
2.8610e-06
0.0000e+00
5.6982e-05
5.0068e-06
0.0000e+00
5.4836e-05
2.8610e-06
3.8147e-06
9.5367e-07
1.1921e-05
0.0000e+00
5.5075e-05
2.8610e-06
0.0000e+00
6.2943e-05
3.0994e-06
0.0000e+00
5.5075e-05
1.9073e-06
0.0000e+00
5.3883e-05
1.9073e-06
5.0068e-06
0.0000e+00
3.8862e-05
0.0000e+00
7.2956e-05
3.8147e-06
0.0000e+00
5.4836e-05
1.9073e-06
0.0000e+00
5.3883e-05
1.4400e-04
0.0000e+00
5.6028e-05
1.9073e-06
0.0000e+00
5.5075e-05
3.0994e-06
0.0000e+00
5.3883e-05
3.1900e-04
0.0000e+00
5.4836e-05
2.8610e-06
3.8147e-06
9.5367e-07
3.0994e-06
3.0994e-06
9.5367e-07
3.0994e-06
0.0000e+00
7.3910e-05
4.0531e-06
0.0000e+00
5.5075e-05
3.0994e-06
7.7963e-05
0.0000e+00
9.5367e-07
0.0000e+00
5.5075e-05
5.0211e-04
0.0000e+00
5.5075e-05
3.8147e-06
0.0000e+00
5.3883e-05
1.9073e-06
0.0000e+00
5.6028e-05
3.0994e-06
5.0068e-06
9.5367e-07
1.0014e-05
0.0000e+00
5.5075e-05
4.0531e-06
4.0531e-06
9.5367e-07
3.0994e-05
0.0000e+00
5.6982e-05
2.0027e-05
4.0531e-06
9.5367e-07
2.8610e-06
0.0000e+00
5.6028e-05
3.0994e-06
0.0000e+00
5.5075e-05
3.0994e-06
7.7200e-04
0.0000e+00
1.9073e-06
0.0000e+00
5.8174e-05
2.1458e-06
0.0000e+00
5.4121e-05
2.1458e-06
0.0000e+00
5.3883e-05
2.1458e-06
0.0000e+00
5.6028e-05
1.9073e-06
0.0000e+00
5.3883e-05
1.9073e-06
0.0000e+00
6.1989e-05
2.1458e-06
0.0000e+00
5.4121e-05
2.1458e-06
0.0000e+00
5.5075e-05
2.1458e-06
0.0000e+00
5.5075e-05
2.1458e-06
0.0000e+00
5.2929e-05
3.0994e-06
1.4591e-03
9.5367e-07
1.9073e-06
0.0000e+00
7.8917e-05
2.8610e-06
4.0531e-06
0.0000e+00
2.1458e-06
0.0000e+00
6.2943e-05
2.6941e-05
0.0000e+00
5.6982e-05
3.0994e-06
4.0054e-05
9.5367e-07
1.4067e-05
0.0000e+00
5.5075e-05
2.1458e-06
0.0000e+00
5.4121e-05
2.1458e-06
0.0000e+00
5.4121e-05
3.0994e-06
0.0000e+00
5.4121e-05
4.0531e-06
0.0000e+00
5.6028e-05
2.8610e-06
0.0000e+00
5.6028e-05
1.9073e-06
0.0000e+00
5.6028e-05
2.1458e-06
3.2997e-04
0.0000e+00
1.9073e-06
0.0000e+00
5.6028e-05
2.1458e-06
0.0000e+00
5.4121e-05
2.1458e-06
0.0000e+00
5.4121e-05
2.1458e-06
4.0531e-06
0.0000e+00
1.0967e-05
0.0000e+00
7.7009e-05
4.0531e-06
0.0000e+00
5.6028e-05
3.0994e-06
6.0511e-04
0.0000e+00
1.9073e-06
0.0000e+00
5.3883e-05
1.9073e-06
4.0531e-06
9.5367e-07
9.5367e-07
0.0000e+00
5.6028e-05
2.1458e-06
0.0000e+00
5.5075e-05
1.9073e-06
0.0000e+00
5.4121e-05
3.0994e-06
0.0000e+00
5.5075e-05
2.8610e-06
3.8147e-06
9.5367e-07
1.9073e-06
0.0000e+00
5.6982e-05
1.9073e-06
0.0000e+00
5.4836e-05
2.8610e-06
0.0000e+00
5.3883e-05
1.9073e-06
0.0000e+00
5.4121e-05
2.1458e-06
0.0000e+00
5.4121e-05
2.1458e-06
0.0000e+00
5.4121e-05
2.1458e-06
0.0000e+00
6.2943e-05
3.0994e-06
0.0000e+00
7.4148e-05
3.0994e-06
0.0000e+00
5.5075e-05
1.9073e-06
0.0000e+00
5.4121e-05
3.0994e-06
0.0000e+00
5.3167e-05
2.1458e-06
6.9141e-06
9.5367e-07
1.9073e-06
0.0000e+00
5.6028e-05
1.9073e-06
0.0000e+00
5.3883e-05
1.9073e-06
0.0000e+00
5.3883e-05
2.8610e-06
0.0000e+00
6.9857e-05
4.0531e-06
1.1990e-03
9.5367e-07
2.1458e-06
0.0000e+00
5.7936e-05
9.5367e-07
0.0000e+00
5.9843e-05
2.8610e-06
0.0000e+00
5.5075e-05
2.1458e-06
0.0000e+00
5.4121e-05
2.1458e-06
0.0000e+00
5.4121e-05
2.1458e-06
2.1696e-04
0.0000e+00
2.1458e-06
0.0000e+00
5.6028e-05
2.8610e-06
0.0000e+00
5.6028e-05
1.9073e-06
0.0000e+00
5.4836e-05
2.8610e-06
0.0000e+00
5.2929e-05
5.4836e-05
0.0000e+00
5.3883e-05
3.0994e-06
0.0000e+00
6.1989e-05
2.8610e-06
0.0000e+00
5.5075e-05
2.8610e-06
0.0000e+00
5.5075e-05
1.9073e-06
0.0000e+00
7.0810e-05
3.0994e-06
0.0000e+00
5.5075e-05
2.1458e-06
0.0000e+00
5.5075e-05
2.9898e-04
0.0000e+00
5.5075e-05
1.2398e-04
4.0531e-06
9.5367e-07
5.2929e-05
6.1035e-05
9.5367e-07
3.6955e-05
0.0000e+00
5.6982e-05
2.8610e-06
0.0000e+00
5.3883e-05
2.8610e-06
0.0000e+00
5.5075e-05
4.0531e-06
0.0000e+00
5.6982e-05
1.9073e-06
0.0000e+00
5.4121e-05
2.8610e-06
0.0000e+00
5.6028e-05
2.8610e-06
2.8610e-06
1.1921e-06
2.1458e-06
0.0000e+00
5.6028e-05
3.8815e-04
0.0000e+00
5.5075e-05
3.8147e-06
0.0000e+00
5.3883e-05
1.9073e-06
0.0000e+00
5.5075e-05
4.0531e-06
0.0000e+00
5.6982e-05
2.8610e-06
0.0000e+00
5.4836e-05
2.8610e-06
0.0000e+00
5.4836e-05
2.8610e-06
3.8147e-06
0.0000e+00
2.1935e-05
2.7800e-04
1.1921e-06
2.1458e-06
0.0000e+00
5.5075e-05
2.1458e-06
0.0000e+00
5.4121e-05
1.9073e-06
0.0000e+00
5.4836e-05
8.2970e-05
5.0068e-06
1.1921e-06
5.1022e-05
3.8147e-06
1.5974e-05
3.4809e-05
2.8610e-06
0.0000e+00
5.2214e-05
3.0041e-05
9.5367e-07
4.2915e-05
0.0000e+00
5.8174e-05
3.0994e-06
0.0000e+00
5.4121e-05
1.9073e-06
0.0000e+00
5.4121e-05
1.9073e-06
0.0000e+00
5.4121e-05
2.1458e-06
0.0000e+00
5.2929e-05
2.1458e-06
0.0000e+00
5.3883e-05
2.1458e-06
0.0000e+00
7.0095e-05
4.9806e-04
0.0000e+00
5.6982e-05
4.1890e-04
0.0000e+00
6.1035e-05
2.1458e-06
0.0000e+00
5.5075e-05
1.9789e-05
0.0000e+00
5.5075e-05
3.0994e-06
5.9605e-06
1.1921e-06
4.8161e-05
0.0000e+00
5.5075e-05
3.0994e-06
3.0994e-06
9.5367e-07
2.8610e-06
0.0000e+00
5.3883e-05
4.0531e-06
0.0000e+00
5.6982e-05
1.9073e-06
0.0000e+00
5.3883e-05
1.9073e-06
0.0000e+00
5.4836e-05
3.0994e-06
0.0000e+00
5.4836e-05
2.1458e-06
0.0000e+00
5.2929e-05
1.9073e-06
0.0000e+00
5.3883e-05
1.9073e-06
3.4213e-04
9.5367e-07
3.0994e-06
0.0000e+00
5.6982e-05
1.9073e-06
0.0000e+00
5.6982e-05
9.5367e-07
0.0000e+00
5.4121e-05
3.0994e-06
0.0000e+00
5.4121e-05
3.0994e-06
0.0000e+00
5.4121e-05
2.1458e-06
3.0994e-05
9.5367e-07
1.9073e-06
0.0000e+00
5.4836e-05
1.9073e-06
7.8583e-04
9.5367e-07
2.8610e-06
0.0000e+00
5.8889e-05
1.9073e-06
0.0000e+00
8.3923e-05
8.7976e-05
0.0000e+00
5.6028e-05
3.0994e-06
0.0000e+00
5.3167e-05
1.8120e-05
0.0000e+00
5.4836e-05
9.0599e-06
0.0000e+00
5.5075e-05
2.1458e-06
0.0000e+00
5.4121e-05
3.0994e-06
0.0000e+00
5.3167e-05
4.0531e-06
0.0000e+00
5.4121e-05
4.0531e-06
0.0000e+00
5.8174e-05
2.1458e-06
0.0000e+00
5.4121e-05
3.0994e-06
0.0000e+00
5.4121e-05
1.4710e-04
5.0068e-06
0.0000e+00
7.3910e-05
0.0000e+00
5.5075e-05
3.0994e-06
0.0000e+00
5.5075e-05
3.0994e-06
0.0000e+00
5.6028e-05
3.0994e-06
0.0000e+00
5.4121e-05
2.8610e-06
0.0000e+00
5.6982e-05
2.1458e-06
0.0000e+00
5.4121e-05
2.2721e-04
5.0068e-06
9.5367e-07
5.1975e-05
0.0000e+00
5.5075e-05
2.7180e-05
0.0000e+00
5.3883e-05
5.0068e-06
0.0000e+00
5.2929e-05
3.0994e-06
0.0000e+00
5.2929e-05
2.1458e-06
0.0000e+00
5.8889e-05
3.0994e-06
0.0000e+00
7.2002e-05
2.8610e-06
0.0000e+00
5.3883e-05
1.9073e-06
0.0000e+00
5.3167e-05
2.8300e-04
0.0000e+00
5.6028e-05
2.1935e-05
0.0000e+00
5.5075e-05
3.0994e-06
0.0000e+00
5.2929e-05
1.9073e-06
0.0000e+00
5.2929e-05
1.9073e-06
0.0000e+00
5.2929e-05
3.0994e-06
0.0000e+00
5.6982e-05
5.9605e-06
0.0000e+00
5.6028e-05
2.8610e-06
0.0000e+00
5.3883e-05
2.8610e-06
0.0000e+00
5.4121e-05
1.9073e-06
3.2997e-04
9.5367e-07
1.9073e-06
0.0000e+00
5.5075e-05
4.3869e-05
0.0000e+00
5.3883e-05
3.0994e-06
0.0000e+00
5.5075e-05
3.0994e-06
0.0000e+00
5.6028e-05
2.8610e-06
0.0000e+00
5.4836e-05
3.0994e-06
0.0000e+00
5.6028e-05
1.9073e-06
0.0000e+00
5.4121e-05
2.8610e-06
4.0531e-06
9.5367e-07
2.1458e-06
0.0000e+00
5.3883e-05
3.0994e-06
0.0000e+00
5.2929e-05
3.0994e-06
0.0000e+00
5.3883e-05
4.0531e-06
4.0531e-06
9.5367e-07
2.6941e-05
0.0000e+00
5.6982e-05
2.1458e-06
0.0000e+00
5.5075e-05
3.0994e-06
0.0000e+00
5.5075e-05
2.8610e-06
0.0000e+00
5.5075e-05
1.9073e-06
0.0000e+00
5.3883e-05
7.8678e-06
0.0000e+00
5.2929e-05
4.0531e-06
0.0000e+00
5.5075e-05
1.0967e-05
0.0000e+00
5.7936e-05
2.8610e-06
0.0000e+00
5.4121e-05
1.9073e-06
8.5902e-04
9.5367e-07
1.9073e-06
0.0000e+00
5.6982e-05
1.9073e-06
0.0000e+00
5.3883e-05
1.9073e-06
0.0000e+00
5.5075e-05
1.9073e-06
0.0000e+00
5.2929e-05
1.9073e-06
0.0000e+00
5.5075e-05
1.5807e-04
0.0000e+00
7.3910e-05
3.0994e-06
5.0068e-06
9.5367e-07
3.1948e-05
0.0000e+00
5.6028e-05
2.8610e-06
0.0000e+00
5.5075e-05
1.9073e-06
0.0000e+00
5.2929e-05
2.8610e-06
0.0000e+00
5.4836e-05
1.9073e-06
2.8610e-06
1.1921e-06
1.9073e-06
0.0000e+00
5.6028e-05
2.0027e-05
0.0000e+00
5.2929e-05
3.8147e-06
0.0000e+00
5.6028e-05
2.1458e-06
5.1904e-04
0.0000e+00
2.1458e-06
0.0000e+00
5.6028e-05
2.1458e-06
0.0000e+00
5.4121e-05
2.1458e-06
0.0000e+00
6.5088e-05
3.0994e-06
0.0000e+00
5.5075e-05
1.9073e-06
0.0000e+00
5.4836e-05
1.9073e-06
0.0000e+00
5.5075e-05
4.0531e-06
0.0000e+00
5.6982e-05
5.9605e-06
0.0000e+00
5.4836e-05
3.0994e-06
5.0068e-06
9.5367e-07
4.0531e-06
0.0000e+00
5.4836e-05
5.0068e-06
0.0000e+00
5.3883e-05
1.9073e-06
0.0000e+00
5.3883e-05
1.9073e-06
0.0000e+00
5.3883e-05
2.3842e-05
0.0000e+00
5.4836e-05
3.8147e-06
0.0000e+00
5.6028e-05
3.0994e-06
0.0000e+00
6.2943e-05
2.8610e-06
7.8678e-06
1.1921e-06
4.0531e-06
3.0994e-06
9.5367e-07
3.0994e-06
6.1297e-04
9.5367e-07
1.9073e-06
0.0000e+00
5.7936e-05
2.1458e-06
0.0000e+00
5.5075e-05
2.1458e-06
0.0000e+00
5.5075e-05
2.1458e-06
0.0000e+00
5.5075e-05
4.0531e-06
4.9686e-04
9.5367e-07
1.9073e-06
0.0000e+00
5.8174e-05
2.1458e-06
0.0000e+00
5.5075e-05
2.3794e-04
0.0000e+00
5.6028e-05
3.0994e-06
1.0014e-05
1.1921e-06
6.1989e-06
0.0000e+00
5.5075e-05
5.8103e-04
0.0000e+00
5.4836e-05
3.0994e-06
0.0000e+00
5.4836e-05
2.1458e-06
6.9141e-06
0.0000e+00
3.0994e-06
3.0994e-06
1.6928e-05
3.9101e-05
0.0000e+00
6.5088e-05
2.8610e-06
0.0000e+00
5.5790e-05
3.0994e-06
0.0000e+00
5.5075e-05
3.5715e-04
0.0000e+00
5.6028e-05
1.9073e-06
0.0000e+00
5.4836e-05
1.9073e-06
1.4496e-04
0.0000e+00
1.9073e-06
0.0000e+00
5.6028e-05
2.1458e-06
0.0000e+00
5.3883e-05
3.8147e-06
0.0000e+00
5.6982e-05
9.0599e-06
0.0000e+00
5.4836e-05
3.0994e-06
0.0000e+00
5.5075e-05
5.9605e-06
0.0000e+00
5.6028e-05
2.8610e-06
0.0000e+00
5.4121e-05
2.8610e-06
0.0000e+00
5.3883e-05
4.0531e-06
0.0000e+00
5.3883e-05
2.0909e-04
0.0000e+00
7.2956e-05
4.0531e-06
4.0531e-06
0.0000e+00
5.1975e-05
3.5048e-05
1.1921e-06
2.0027e-05
0.0000e+00
6.4135e-05
1.1086e-04
0.0000e+00
5.5075e-05
2.8610e-06
9.0599e-06
0.0000e+00
4.3869e-05
2.1887e-04
1.1921e-06
2.1458e-06
5.0068e-06
9.5367e-07
9.5367e-07
0.0000e+00
5.6028e-05
2.1458e-06
1.6689e-04
9.5367e-07
2.1458e-06
0.0000e+00
5.5075e-05
1.9073e-06
0.0000e+00
5.5790e-05
1.9073e-06
0.0000e+00
5.5075e-05
2.8610e-06
0.0000e+00
5.3883e-05
5.9605e-06
0.0000e+00
5.6028e-05
2.1458e-06
5.9605e-06
0.0000e+00
1.0014e-05
0.0000e+00
5.6028e-05
1.9073e-05
0.0000e+00
5.5075e-05
3.0994e-06
8.7976e-05
9.5367e-07
9.5367e-07
0.0000e+00
7.4148e-05
2.0599e-04
2.5702e-04
9.5367e-07
1.9073e-06
0.0000e+00
5.6982e-05
2.1458e-06
0.0000e+00
5.3883e-05
9.5367e-07
0.0000e+00
5.3883e-05
1.9073e-06
0.0000e+00
5.4836e-05
1.9073e-06
0.0000e+00
5.3883e-05
3.0994e-06
4.0531e-06
9.5367e-07
1.9073e-06
0.0000e+00
5.5075e-05
1.2398e-04
0.0000e+00
7.5102e-05
4.0531e-06
0.0000e+00
5.5075e-05
2.8610e-06
0.0000e+00
5.3883e-05
1.9073e-06
0.0000e+00
5.3883e-05
1.9073e-06
4.4990e-04
1.1921e-06
2.1458e-06
4.0531e-06
0.0000e+00
1.9073e-06
0.0000e+00
5.8174e-05
2.1458e-06
0.0000e+00
5.4121e-05
2.1458e-06
0.0000e+00
5.3883e-05
2.1458e-06
5.9605e-06
9.5367e-07
2.1458e-06
0.0000e+00
5.7936e-05
2.8610e-06
0.0000e+00
5.5790e-05
2.1458e-06
0.0000e+00
5.5075e-05
3.9005e-04
0.0000e+00
5.5790e-05
3.0994e-06
0.0000e+00
5.5075e-05
3.0994e-06
0.0000e+00
5.6028e-05
7.8678e-06
0.0000e+00
5.4836e-05
3.0994e-06
0.0000e+00
5.6982e-05
1.9073e-06
0.0000e+00
5.3883e-05
2.8610e-06
0.0000e+00
5.3883e-05
1.9073e-06
0.0000e+00
5.3883e-05
1.9073e-06
0.0000e+00
6.3896e-05
2.8610e-06
0.0000e+00
5.3883e-05
3.0994e-06
0.0000e+00
5.4836e-05
2.1458e-06
0.0000e+00
7.2956e-05
4.0531e-06
0.0000e+00
5.6028e-05
2.1458e-06
0.0000e+00
5.4121e-05
3.0994e-06
0.0000e+00
5.5075e-05
1.9073e-06
1.6713e-04
9.5367e-07
1.9073e-06
1.9598e-04
9.5367e-07
9.5367e-07
0.0000e+00
5.5075e-05
1.9073e-06
0.0000e+00
5.5075e-05
2.1458e-06
0.0000e+00
5.4121e-05
3.0994e-06
0.0000e+00
7.2956e-05
6.9141e-06
0.0000e+00
5.5075e-05
1.9813e-04
0.0000e+00
5.5075e-05
3.8147e-06
6.9141e-06
9.5367e-07
4.6968e-05
0.0000e+00
5.7220e-05
2.1458e-06
0.0000e+00
5.5075e-05
1.9073e-06
0.0000e+00
5.5075e-05
1.9073e-06
0.0000e+00
5.3883e-05
2.8610e-06
3.8147e-06
9.5367e-07
2.8610e-06
0.0000e+00
5.6982e-05
2.8610e-06
0.0000e+00
5.4836e-05
4.0531e-06
8.4901e-04
1.1921e-06
2.1458e-06
2.4605e-04
0.0000e+00
1.9073e-06
0.0000e+00
5.6028e-05
1.9073e-06
0.0000e+00
5.4836e-05
9.5367e-07
0.0000e+00
5.3883e-05
1.9073e-06
0.0000e+00
5.4836e-05
3.0994e-06
0.0000e+00
7.2002e-05
5.5075e-05
0.0000e+00
5.5075e-05
2.1219e-05
0.0000e+00
5.4836e-05
3.0994e-06
0.0000e+00
5.4121e-05
3.0994e-06
0.0000e+00
6.2943e-05
2.8610e-06
0.0000e+00
5.5075e-05
1.7500e-04
0.0000e+00
5.3883e-05
4.0531e-06
0.0000e+00
5.5075e-05
2.8610e-06
0.0000e+00
5.6028e-05
2.1458e-06
0.0000e+00
5.5075e-05
3.0994e-06
0.0000e+00
5.4121e-05
3.0994e-06
0.0000e+00
5.4121e-05
3.0994e-06
0.0000e+00
5.3167e-05
3.0994e-06
0.0000e+00
5.5075e-05
3.0994e-06
0.0000e+00
5.4121e-05
1.9073e-06
0.0000e+00
8.1062e-05
4.0531e-06
0.0000e+00
5.5075e-05
2.1458e-06
0.0000e+00
5.4121e-05
2.1458e-06
0.0000e+00
5.5075e-05
2.8610e-06
0.0000e+00
5.5075e-05
1.9073e-06
0.0000e+00
5.4836e-05
1.9073e-06
0.0000e+00
5.3883e-05
2.1458e-06
0.0000e+00
5.5075e-05
4.0102e-04
0.0000e+00
5.7936e-05
1.9073e-06
0.0000e+00
5.4121e-05
2.8610e-06
0.0000e+00
5.3883e-05
6.7949e-05
0.0000e+00
5.4121e-05
1.9073e-06
0.0000e+00
5.5075e-05
1.9073e-06
2.3603e-04
1.1921e-06
2.1458e-06
0.0000e+00
5.6028e-05
1.9073e-06
0.0000e+00
5.4121e-05
2.8610e-06
0.0000e+00
7.5102e-05
4.0531e-06
5.0068e-06
9.5367e-07
1.9073e-06
0.0000e+00
6.4850e-05
6.2609e-04
1.2159e-05
9.5367e-07
4.1962e-05
0.0000e+00
5.7936e-05
2.1458e-06
0.0000e+00
5.5075e-05
1.4067e-05
4.0531e-06
0.0000e+00
5.4121e-05
0.0000e+00
6.3896e-05
3.0994e-06
0.0000e+00
5.5075e-05
3.6383e-04
0.0000e+00
8.3923e-05
2.8610e-06
5.0068e-06
9.5367e-07
1.8835e-05
5.0068e-06
9.5367e-07
4.9114e-05
3.0994e-06
9.5367e-07
3.0994e-06
0.0000e+00
5.6982e-05
2.8610e-06
0.0000e+00
5.5075e-05
2.0981e-05
0.0000e+00
5.4121e-05
1.9073e-06
0.0000e+00
6.3181e-05
2.1458e-06
0.0000e+00
5.4121e-05
2.1458e-06
0.0000e+00
7.1049e-05
4.4394e-04
0.0000e+00
5.6028e-05
5.0068e-06
0.0000e+00
5.2929e-05
3.0994e-06
4.0531e-06
9.5367e-07
5.1022e-05
0.0000e+00
5.5075e-05
2.1458e-06
0.0000e+00
6.1035e-05
1.9073e-06
3.1233e-05
0.0000e+00
4.1008e-05
0.0000e+00
5.5075e-05
3.0994e-06
0.0000e+00
5.4121e-05
2.1458e-06
0.0000e+00
7.1049e-05
3.8147e-06
1.1921e-05
9.5367e-07
2.3127e-05
0.0000e+00
5.6028e-05
3.0994e-06
0.0000e+00
5.5075e-05
1.9073e-06
4.0531e-06
9.5367e-07
6.1989e-05
0.0000e+00
5.5075e-05
5.0068e-06
0.0000e+00
5.3883e-05
3.0994e-06
4.0531e-06
9.5367e-07
4.7922e-05
0.0000e+00
5.3883e-05
1.9073e-06
0.0000e+00
6.8903e-05
3.0994e-06
0.0000e+00
5.6028e-05
1.8001e-04
8.1110e-04
9.5367e-07
1.9073e-06
0.0000e+00
5.6028e-05
2.1458e-06
0.0000e+00
5.2929e-05
3.0994e-06
0.0000e+00
5.5075e-05
2.1458e-06
0.0000e+00
5.5075e-05
2.1458e-06
0.0000e+00
5.3167e-05
8.1062e-06
0.0000e+00
7.2956e-05
3.0994e-06
0.0000e+00
5.4121e-05
3.0994e-06
0.0000e+00
5.6028e-05
1.9073e-06
0.0000e+00
5.4121e-05
1.9073e-06
0.0000e+00
5.3167e-05
2.1458e-06
0.0000e+00
5.4121e-05
2.1458e-06
0.0000e+00
5.4121e-05
2.1458e-06
0.0000e+00
6.1035e-05
2.8610e-06
0.0000e+00
5.6028e-05
4.0412e-04
0.0000e+00
5.5075e-05
4.0531e-06
9.0599e-06
1.1921e-06
4.5061e-05
0.0000e+00
5.6028e-05
1.0300e-04
0.0000e+00
5.3167e-05
3.0994e-06
4.0531e-06
9.5367e-07
5.5075e-05
0.0000e+00
5.6028e-05
1.9073e-06
0.0000e+00
5.5075e-05
2.1458e-06
0.0000e+00
7.1049e-05
2.8610e-06
7.1526e-06
9.5367e-07
5.0068e-06
0.0000e+00
5.6982e-05
1.9073e-06
0.0000e+00
5.2929e-05
1.9073e-06
0.0000e+00
5.3883e-05
1.9073e-06
0.0000e+00
5.4121e-05
1.9073e-06
5.5313e-04
9.5367e-07
2.8610e-06
0.0000e+00
5.7936e-05
1.3781e-04
0.0000e+00
5.5075e-05
5.0068e-06
4.0531e-06
1.1921e-06
3.4094e-05
0.0000e+00
5.6028e-05
3.0994e-06
0.0000e+00
5.5075e-05
3.0994e-06
0.0000e+00
5.5075e-05
3.0994e-06
0.0000e+00
5.5075e-05
3.0994e-06
0.0000e+00
5.5075e-05
3.0994e-06
0.0000e+00
5.4121e-05
1.0967e-05
4.0531e-06
1.1921e-06
5.6982e-05
0.0000e+00
5.6028e-05
3.8147e-06
4.8995e-04
9.5367e-07
2.1458e-06
4.0531e-06
0.0000e+00
1.1921e-06
0.0000e+00
5.6982e-05
1.9073e-06
0.0000e+00
5.5075e-05
1.9073e-06
0.0000e+00
5.4121e-05
2.8610e-06
0.0000e+00
5.4121e-05
2.8610e-06
0.0000e+00
6.3181e-05
3.0994e-06
0.0000e+00
5.5075e-05
1.9073e-06
4.0531e-06
9.5367e-07
3.0994e-06
4.1604e-04
1.1921e-06
9.5367e-07
0.0000e+00
5.7936e-05
8.8215e-06
0.0000e+00
5.4836e-05
3.0994e-06
0.0000e+00
5.3883e-05
3.0994e-06
0.0000e+00
5.4121e-05
3.5715e-04
5.9605e-06
1.1921e-06
5.1022e-05
0.0000e+00
5.6982e-05
5.0068e-06
0.0000e+00
5.3883e-05
2.8610e-06
0.0000e+00
6.9857e-05
4.0531e-06
4.0531e-06
9.5367e-07
3.3855e-05
2.9802e-04
0.0000e+00
1.9073e-06
0.0000e+00
6.5088e-05
1.9073e-06
0.0000e+00
5.4836e-05
9.5367e-07
0.0000e+00
5.3883e-05
1.9073e-06
0.0000e+00
5.4121e-05
1.9073e-06
0.0000e+00
5.4121e-05
2.8610e-06
5.0068e-06
9.5367e-07
2.1458e-06
0.0000e+00
5.4121e-05
4.0531e-06
0.0000e+00
5.6982e-05
1.9073e-06
0.0000e+00
5.2929e-05
2.8610e-06
8.7976e-05
9.5367e-07
1.9073e-06
0.0000e+00
5.6028e-05
2.1458e-06
4.0531e-06
0.0000e+00
6.9141e-06
0.0000e+00
5.5075e-05
5.7387e-04
0.0000e+00
5.6028e-05
3.0994e-06
0.0000e+00
5.4121e-05
1.9073e-06
0.0000e+00
7.7009e-05
3.0994e-06
5.0068e-06
9.5367e-07
2.3127e-05
0.0000e+00
5.6028e-05
1.6928e-05
0.0000e+00
5.4121e-05
4.0531e-06
0.0000e+00
5.3883e-05
1.9073e-06
1.3614e-04
9.5367e-07
2.1458e-06
0.0000e+00
5.6982e-05
2.8610e-06
0.0000e+00
5.3883e-05
2.8610e-06
0.0000e+00
5.4836e-05
2.8610e-06
5.0068e-06
0.0000e+00
2.1458e-06
0.0000e+00
5.6982e-05
6.9141e-06
0.0000e+00
5.2929e-05
2.8610e-06
0.0000e+00
5.5075e-05
4.6682e-04
0.0000e+00
5.5075e-05
8.1062e-06
0.0000e+00
5.4121e-05
2.1458e-06
0.0000e+00
5.5075e-05
3.0994e-06
5.0068e-06
1.1921e-06
1.0014e-05
0.0000e+00
7.2002e-05
2.0909e-04
0.0000e+00
5.5075e-05
1.9073e-06
0.0000e+00
5.4836e-05
1.9073e-06
0.0000e+00
5.3883e-05
2.8610e-06
3.8147e-06
9.5367e-07
2.6941e-05
3.0994e-06
0.0000e+00
3.8147e-06
0.0000e+00
5.4836e-05
4.0531e-06
0.0000e+00
6.4135e-05
2.1458e-06
0.0000e+00
5.5075e-05
2.8610e-06
0.0000e+00
5.6028e-05
3.6621e-04
0.0000e+00
5.4836e-05
3.0994e-06
0.0000e+00
5.4121e-05
2.1458e-06
4.7898e-04
1.1921e-06
2.1458e-06
0.0000e+00
5.6982e-05
2.8610e-06
5.0068e-06
1.1921e-06
8.1062e-06
0.0000e+00
5.6028e-05
5.1975e-05
0.0000e+00
5.5075e-05
1.9073e-06
3.0994e-06
0.0000e+00
5.0068e-05
0.0000e+00
7.2002e-05
2.8610e-06
0.0000e+00
5.3883e-05
1.9073e-06
0.0000e+00
5.3883e-05
1.9073e-06
0.0000e+00
5.3883e-05
2.4700e-04
0.0000e+00
5.5075e-05
5.9605e-06
0.0000e+00
5.4121e-05
1.9073e-06
0.0000e+00
5.3167e-05
4.0531e-06
0.0000e+00
5.5075e-05
2.8610e-06
0.0000e+00
5.6982e-05
2.1458e-06
0.0000e+00
5.4121e-05
2.4104e-04
0.0000e+00
5.3883e-05
1.9073e-06
0.0000e+00
5.3883e-05
1.1110e-04
0.0000e+00
5.5075e-05
2.0981e-05
0.0000e+00
5.3883e-05
5.9605e-06
0.0000e+00
5.3883e-05
2.8610e-06
0.0000e+00
7.0810e-05
4.0531e-06
4.0531e-06
0.0000e+00
9.5367e-07
0.0000e+00
5.5790e-05
3.0994e-06
0.0000e+00
5.4836e-05
2.1458e-06
0.0000e+00
5.2929e-05
3.0994e-06
7.2956e-05
9.5367e-07
1.9073e-06
0.0000e+00
5.6028e-05
2.1458e-06
4.0793e-04
1.1921e-06
2.1458e-06
0.0000e+00
5.5075e-05
1.9073e-06
0.0000e+00
7.0095e-05
4.0531e-06
0.0000e+00
5.6028e-05
2.1458e-06
4.0531e-06
0.0000e+00
1.9073e-06
0.0000e+00
5.4121e-05
2.2602e-04
0.0000e+00
8.1062e-05
4.0531e-06
0.0000e+00
6.1989e-05
3.0994e-06
0.0000e+00
5.5075e-05
3.0994e-06
0.0000e+00
5.2929e-05
2.1458e-06
0.0000e+00
5.3883e-05
3.0994e-06
0.0000e+00
5.6028e-05
1.9073e-06
4.0531e-06
0.0000e+00
1.5974e-05
0.0000e+00
5.3883e-05
2.8610e-06
0.0000e+00
5.4836e-05
3.0994e-06
0.0000e+00
5.3883e-05
1.5020e-05
1.7309e-04
9.5367e-07
1.9073e-06
0.0000e+00
5.5790e-05
2.1458e-06
9.4390e-04
9.5367e-07
1.9073e-06
0.0000e+00
5.6028e-05
3.0994e-06
0.0000e+00
5.6982e-05
1.9073e-06
0.0000e+00
6.1989e-05
2.1458e-06
0.0000e+00
5.4121e-05
1.9073e-06
0.0000e+00
5.5075e-05
1.9073e-06
0.0000e+00
5.2929e-05
1.9073e-06
0.0000e+00
5.2929e-05
2.8610e-06
0.0000e+00
5.3883e-05
2.8610e-06
0.0000e+00
7.2002e-05
3.0994e-06
0.0000e+00
5.4121e-05
2.1458e-06
0.0000e+00
5.4121e-05
2.1458e-06
4.0531e-06
9.5367e-07
5.9605e-06
0.0000e+00
5.5075e-05
2.8610e-06
0.0000e+00
5.4121e-05
1.9073e-06
0.0000e+00
5.3167e-05
2.1458e-06
0.0000e+00
5.4121e-05
2.1458e-06
0.0000e+00
8.2016e-05
2.8610e-06
0.0000e+00
5.4836e-05
2.1458e-06
0.0000e+00
5.3883e-05
3.0994e-06
0.0000e+00
5.4121e-05
2.1458e-06
9.9111e-04
9.5367e-07
2.1458e-06
0.0000e+00
5.8889e-05
1.9073e-06
0.0000e+00
5.4836e-05
9.5367e-07
0.0000e+00
5.6028e-05
9.5367e-07
0.0000e+00
7.2956e-05
2.8610e-06
0.0000e+00
5.5790e-05
2.1458e-06
0.0000e+00
5.3883e-05
1.1921e-06
0.0000e+00
7.3910e-05
3.0994e-06
0.0000e+00
5.9128e-05
4.0531e-06
0.0000e+00
6.6042e-05
3.0994e-06
2.3293e-04
0.0000e+00
1.9073e-06
4.0531e-06
9.5367e-07
1.9073e-06
0.0000e+00
5.6982e-05
1.9073e-06
1.1921e-05
1.1921e-06
2.1458e-06
0.0000e+00
5.7936e-05
2.8610e-06
0.0000e+00
5.5075e-05
1.3309e-01
