6.0320e-03
3.0909e-03
4.0054e-05
1.0014e-05
3.9101e-05
2.1935e-05
1.1921e-06
3.0994e-06
0.0000e+00
1.6284e-04
3.8147e-06
2.5988e-05
9.5367e-07
5.0068e-06
0.0000e+00
1.0014e-04
7.9703e-04
0.0000e+00
1.0991e-04
4.0531e-06
0.0000e+00
9.6083e-05
3.0994e-06
0.0000e+00
9.2983e-05
7.8678e-06
0.0000e+00
9.2030e-05
3.8147e-06
4.7207e-04
2.1458e-06
2.8610e-06
0.0000e+00
9.7990e-05
4.0531e-06
0.0000e+00
9.5129e-05
3.0994e-06
0.0000e+00
9.7036e-05
4.0531e-06
0.0000e+00
9.4891e-05
1.9073e-06
5.9605e-06
1.1921e-06
7.8678e-06
0.0000e+00
9.4891e-05
3.0994e-06
3.6001e-05
9.5367e-07
6.1989e-06
0.0000e+00
1.1396e-04
4.0531e-06
0.0000e+00
1.0204e-04
5.9605e-06
0.0000e+00
9.6083e-05
1.3113e-05
0.0000e+00
9.7036e-05
1.0967e-05
0.0000e+00
9.9897e-05
9.0599e-06
0.0000e+00
9.3937e-05
2.8610e-06
0.0000e+00
1.0586e-04
7.8678e-06
0.0000e+00
9.3937e-05
3.0994e-06
2.0981e-05
1.9073e-06
3.8147e-06
0.0000e+00
9.7036e-05
4.0531e-06
0.0000e+00
9.5844e-05
2.1458e-06
0.0000e+00
9.5129e-05
8.1062e-06
0.0000e+00
9.8944e-05
3.8147e-06
0.0000e+00
9.6083e-05
3.0994e-06
0.0000e+00
1.0514e-04
5.0068e-06
0.0000e+00
9.3937e-05
4.0531e-06
0.0000e+00
1.2016e-04
5.0068e-06
0.0000e+00
9.4891e-05
3.0994e-06
0.0000e+00
9.1076e-05
3.0994e-06
0.0000e+00
9.1076e-05
3.0994e-06
0.0000e+00
9.2983e-05
3.0994e-06
0.0000e+00
9.2030e-05
4.0531e-06
0.0000e+00
9.7990e-05
2.8610e-06
0.0000e+00
9.4891e-05
2.8610e-06
0.0000e+00
1.1897e-04
9.0599e-06
0.0000e+00
9.3937e-05
3.0994e-06
0.0000e+00
9.2030e-05
7.8678e-06
0.0000e+00
9.3937e-05
4.0531e-06
6.9141e-06
9.5367e-07
5.9605e-06
0.0000e+00
9.5129e-05
7.8678e-06
0.0000e+00
9.4175e-05
4.0531e-06
0.0000e+00
9.5129e-05
1.0967e-05
0.0000e+00
1.1992e-04
4.0531e-06
0.0000e+00
9.6083e-05
3.0994e-06
0.0000e+00
9.5129e-05
4.0531e-06
1.1921e-05
9.5367e-07
3.0041e-05
0.0000e+00
9.2983e-05
5.0068e-06
0.0000e+00
9.4175e-05
4.0531e-06
0.0000e+00
1.4710e-04
9.0599e-06
0.0000e+00
1.0085e-04
1.0014e-05
0.0000e+00
1.2517e-04
4.0531e-06
0.0000e+00
9.5129e-05
9.0599e-06
0.0000e+00
9.3937e-05
3.0994e-06
0.0000e+00
9.7036e-05
7.8678e-06
0.0000e+00
9.2983e-05
7.1526e-06
0.0000e+00
1.0204e-04
7.1526e-06
0.0000e+00
9.2030e-05
3.0994e-06
0.0000e+00
9.2030e-05
9.0599e-06
0.0000e+00
9.7036e-05
6.9141e-06
0.0000e+00
9.4891e-05
6.9141e-06
0.0000e+00
8.9884e-05
4.0531e-06
0.0000e+00
9.7990e-05
8.1062e-06
0.0000e+00
9.2030e-05
6.9141e-06
0.0000e+00
1.0514e-04
6.9141e-06
1.0014e-05
2.1458e-06
5.9605e-06
0.0000e+00
9.3937e-05
8.8215e-06
1.0014e-05
1.1921e-06
2.8610e-06
0.0000e+00
9.7036e-05
4.0531e-06
0.0000e+00
9.2030e-05
8.1062e-06
0.0000e+00
9.0837e-05
1.9073e-06
0.0000e+00
9.2030e-05
8.8215e-06
0.0000e+00
1.0610e-04
9.0599e-06
0.0000e+00
9.7036e-05
8.1062e-06
0.0000e+00
9.5129e-05
8.1062e-06
0.0000e+00
9.7990e-05
2.8610e-06
0.0000e+00
9.2030e-05
7.8678e-06
0.0000e+00
9.5129e-05
6.9141e-06
0.0000e+00
9.2030e-05
2.8610e-06
0.0000e+00
9.2983e-05
1.0967e-05
0.0000e+00
9.5844e-05
7.8678e-06
0.0000e+00
9.2030e-05
8.1062e-06
0.0000e+00
1.1301e-04
3.0994e-06
8.1062e-06
2.1458e-06
1.9073e-06
0.0000e+00
9.2030e-05
3.0994e-06
0.0000e+00
9.2983e-05
3.0994e-06
6.1989e-06
1.9073e-06
2.1458e-06
0.0000e+00
9.4175e-05
2.2173e-05
0.0000e+00
9.2030e-05
3.0994e-06
0.0000e+00
9.2030e-05
4.0531e-06
1.0991e-04
1.9073e-06
3.0994e-06
0.0000e+00
9.7990e-05
3.0994e-06
6.1989e-06
9.5367e-07
2.8610e-06
0.0000e+00
9.4891e-05
3.0994e-06
0.0000e+00
9.2983e-05
4.5061e-05
0.0000e+00
9.2983e-05
3.0994e-06
6.9141e-06
9.5367e-07
6.9141e-06
1.5807e-04
1.9073e-06
3.0994e-06
0.0000e+00
9.9182e-05
3.8147e-06
0.0000e+00
9.5844e-05
2.8610e-06
5.0068e-06
9.5367e-07
1.2875e-05
0.0000e+00
1.1992e-04
5.0068e-06
0.0000e+00
9.4891e-05
2.8610e-06
0.0000e+00
9.5129e-05
1.0967e-05
0.0000e+00
9.5129e-05
2.8610e-06
0.0000e+00
9.4891e-05
7.8678e-06
0.0000e+00
9.6083e-05
6.9141e-06
0.0000e+00
9.2983e-05
1.0014e-05
0.0000e+00
9.6083e-05
4.0531e-06
0.0000e+00
9.1076e-05
7.8678e-06
5.0068e-06
9.5367e-07
6.9141e-06
0.0000e+00
9.2983e-05
7.1526e-06
0.0000e+00
8.9169e-05
1.9073e-06
2.7895e-05
1.9073e-06
3.0994e-06
0.0000e+00
9.4175e-05
2.8610e-06
0.0000e+00
9.4891e-05
2.1458e-06
0.0000e+00
9.2030e-05
1.0014e-05
0.0000e+00
1.1802e-04
4.0531e-06
0.0000e+00
9.7990e-05
9.0599e-06
0.0000e+00
9.6083e-05
4.0531e-06
0.0000e+00
9.5129e-05
1.2875e-05
0.0000e+00
1.0896e-04
2.1458e-06
0.0000e+00
9.7990e-05
7.1526e-06
0.0000e+00
9.4891e-05
3.0994e-06
0.0000e+00
9.2983e-05
7.1526e-06
0.0000e+00
1.2422e-04
9.0599e-06
0.0000e+00
9.2030e-05
4.0531e-06
0.0000e+00
9.2030e-05
7.8678e-06
0.0000e+00
9.3937e-05
5.9605e-06
0.0000e+00
9.2983e-05
6.9141e-06
1.0967e-05
9.5367e-07
2.8610e-06
0.0000e+00
9.3937e-05
3.0994e-06
0.0000e+00
9.0122e-05
3.0994e-06
0.0000e+00
1.2398e-04
9.0599e-06
0.0000e+00
9.2030e-05
4.0531e-06
0.0000e+00
9.3937e-05
4.0531e-06
0.0000e+00
9.2030e-05
4.0531e-06
9.0599e-06
9.5367e-07
3.0994e-06
1.0014e-05
9.5367e-07
2.1458e-06
0.0000e+00
9.4175e-05
3.0994e-06
0.0000e+00
9.6083e-05
2.1458e-06
0.0000e+00
9.3937e-05
3.0994e-06
7.1526e-06
1.9073e-06
2.8610e-06
5.0068e-06
9.5367e-07
2.8610e-06
5.9605e-06
1.1921e-06
1.9073e-06
0.0000e+00
9.4891e-05
2.8610e-06
0.0000e+00
9.2983e-05
1.1921e-05
5.9605e-06
9.5367e-07
2.8610e-06
0.0000e+00
9.4891e-05
4.0531e-06
0.0000e+00
9.4175e-05
4.0531e-06
1.9884e-04
9.5367e-07
1.9073e-06
5.0068e-06
1.9073e-06
1.1921e-06
1.1897e-04
9.5367e-07
1.9073e-06
0.0000e+00
1.1992e-04
2.8610e-06
0.0000e+00
9.3937e-05
4.0531e-06
0.0000e+00
9.5129e-05
3.0994e-06
0.0000e+00
9.4175e-05
4.0531e-06
0.0000e+00
9.5129e-05
4.0531e-06
0.0000e+00
9.2983e-05
2.1458e-06
0.0000e+00
9.6083e-05
3.0994e-06
0.0000e+00
9.3937e-05
4.0531e-06
0.0000e+00
9.3937e-05
3.0994e-06
7.1526e-06
9.5367e-07
2.1458e-06
0.0000e+00
1.0180e-04
4.5061e-05
0.0000e+00
9.7990e-05
3.8147e-06
0.0000e+00
9.3937e-05
3.0994e-06
0.0000e+00
9.3937e-05
4.0531e-06
0.0000e+00
9.3937e-05
4.0531e-06
0.0000e+00
9.2030e-05
4.0531e-06
0.0000e+00
9.3937e-05
2.8610e-06
1.4067e-05
9.5367e-07
2.1458e-06
0.0000e+00
1.0395e-04
3.0994e-06
0.0000e+00
9.2983e-05
3.8147e-06
0.0000e+00
9.2030e-05
4.0531e-06
0.0000e+00
9.0122e-05
3.0994e-06
0.0000e+00
9.2983e-05
4.0531e-06
0.0000e+00
9.1791e-05
3.0994e-06
0.0000e+00
1.1683e-04
2.8610e-06
0.0000e+00
8.9884e-05
1.1802e-04
0.0000e+00
9.3937e-05
6.1989e-05
0.0000e+00
9.6083e-05
3.0994e-06
0.0000e+00
9.4175e-05
2.8610e-06
6.9141e-06
2.1458e-06
3.8147e-06
0.0000e+00
9.7036e-05
2.8610e-06
4.0054e-05
9.5367e-07
3.0994e-06
5.0068e-06
1.9073e-06
1.9073e-06
1.0300e-04
1.1921e-06
4.0531e-06
5.0068e-06
9.5367e-07
9.5367e-07
0.0000e+00
1.3304e-04
5.9605e-06
0.0000e+00
9.9182e-05
5.0068e-06
0.0000e+00
9.5129e-05
2.8610e-06
0.0000e+00
9.3937e-05
4.0531e-06
0.0000e+00
9.6083e-05
4.0531e-06
0.0000e+00
9.5129e-05
3.8147e-06
0.0000e+00
1.0395e-04
5.0068e-06
0.0000e+00
9.9182e-05
3.8147e-06
0.0000e+00
9.4891e-05
3.0994e-06
0.0000e+00
9.5844e-05
5.0068e-06
0.0000e+00
9.3937e-05
3.0994e-06
0.0000e+00
9.2983e-05
4.0531e-06
0.0000e+00
9.2983e-05
9.0599e-06
0.0000e+00
1.0109e-04
5.0068e-06
0.0000e+00
1.1897e-04
5.0068e-06
0.0000e+00
9.2983e-05
4.0531e-06
6.5088e-05
2.1458e-06
8.1062e-06
0.0000e+00
9.6798e-05
3.0994e-06
0.0000e+00
9.4891e-05
3.0994e-06
0.0000e+00
9.5129e-05
3.8147e-06
0.0000e+00
9.4891e-05
3.0994e-06
0.0000e+00
1.0395e-04
5.0068e-06
0.0000e+00
1.2302e-04
5.0068e-06
0.0000e+00
9.7036e-05
4.0531e-06
0.0000e+00
9.2030e-05
2.8610e-06
0.0000e+00
9.2983e-05
4.0531e-06
0.0000e+00
9.2030e-05
3.0994e-06
7.1526e-06
1.9073e-06
3.0994e-06
4.0531e-06
1.9073e-06
1.9073e-06
0.0000e+00
9.1076e-05
3.0994e-06
4.0531e-06
9.5367e-07
2.1935e-05
0.0000e+00
1.1778e-04
1.6785e-04
0.0000e+00
1.0109e-04
4.0531e-06
0.0000e+00
9.4175e-05
2.8610e-06
2.4080e-05
2.1458e-06
3.0994e-06
1.2302e-04
9.5367e-07
1.9073e-06
0.0000e+00
9.7036e-05
1.9073e-06
0.0000e+00
9.2030e-05
7.2956e-05
0.0000e+00
9.7990e-05
5.0068e-06
7.8678e-06
9.5367e-07
2.8610e-06
0.0000e+00
9.3937e-05
3.0994e-06
5.9605e-06
9.5367e-07
2.4080e-05
5.1975e-05
2.1458e-06
2.1458e-06
0.0000e+00
9.5129e-05
3.0994e-06
0.0000e+00
9.3937e-05
2.8610e-06
0.0000e+00
9.5844e-05
3.8147e-06
0.0000e+00
9.4891e-05
5.0068e-06
0.0000e+00
9.7036e-05
5.0068e-06
0.0000e+00
9.7990e-05
4.0531e-06
0.0000e+00
1.2112e-04
5.0068e-06
0.0000e+00
9.2983e-05
2.8610e-06
0.0000e+00
9.2030e-05
2.8610e-06
0.0000e+00
9.1076e-05
2.8610e-06
0.0000e+00
9.2030e-05
4.0531e-06
0.0000e+00
1.0490e-04
3.0994e-06
0.0000e+00
9.2030e-05
3.0994e-06
7.8511e-04
1.1921e-06
1.9073e-06
5.9605e-06
2.1458e-06
4.0531e-06
0.0000e+00
9.7036e-05
4.0531e-06
0.0000e+00
9.3937e-05
4.0531e-06
0.0000e+00
9.5129e-05
3.8147e-06
0.0000e+00
9.3937e-05
3.0994e-06
0.0000e+00
9.4175e-05
2.8610e-06
0.0000e+00
9.5844e-05
4.0531e-06
0.0000e+00
9.4891e-05
4.0531e-06
0.0000e+00
9.5844e-05
5.0068e-06
0.0000e+00
1.0014e-04
4.0531e-06
0.0000e+00
9.6083e-05
4.0531e-06
0.0000e+00
9.2030e-05
2.8610e-06
0.0000e+00
9.2983e-05
4.0531e-06
0.0000e+00
9.2983e-05
1.9073e-06
7.1526e-06
9.5367e-07
2.1458e-06
0.0000e+00
8.9884e-05
4.0531e-06
0.0000e+00
1.0419e-04
6.1989e-06
6.9141e-06
9.5367e-07
1.9073e-06
0.0000e+00
9.5844e-05
2.8610e-06
0.0000e+00
9.3937e-05
4.0531e-06
0.0000e+00
9.1076e-05
3.0994e-06
5.9605e-06
1.9073e-06
1.9073e-06
0.0000e+00
9.3937e-05
4.0531e-06
0.0000e+00
9.4175e-05
2.8610e-06
0.0000e+00
9.1076e-05
2.8610e-06
5.0068e-06
1.1921e-06
5.0068e-06
6.9141e-06
1.9073e-06
2.8610e-06
0.0000e+00
9.7036e-05
3.8147e-06
5.9605e-06
1.1921e-06
2.8610e-06
0.0000e+00
9.4891e-05
3.0994e-06
0.0000e+00
9.3937e-05
3.0994e-06
0.0000e+00
9.6083e-05
3.0994e-06
0.0000e+00
9.4175e-05
2.8610e-06
0.0000e+00
9.3937e-05
2.8610e-06
6.1989e-06
9.5367e-07
3.0994e-06
0.0000e+00
1.3113e-04
4.0531e-06
1.2009e-03
2.1458e-06
2.8610e-06
0.0000e+00
9.7990e-05
1.9073e-06
6.8402e-04
1.9073e-06
2.8610e-06
0.0000e+00
9.9897e-05
1.9073e-06
0.0000e+00
9.4891e-05
1.9073e-06
0.0000e+00
9.2030e-05
1.9073e-06
0.0000e+00
9.3937e-05
1.1921e-06
0.0000e+00
9.3937e-05
1.9073e-06
0.0000e+00
9.3937e-05
1.9073e-06
0.0000e+00
1.0204e-04
2.1458e-06
0.0000e+00
9.4175e-05
1.9073e-06
7.8678e-06
1.9073e-06
9.5367e-07
0.0000e+00
9.7036e-05
3.0994e-06
0.0000e+00
9.3937e-05
1.9073e-06
0.0000e+00
9.2983e-05
2.1458e-06
0.0000e+00
9.2983e-05
4.0531e-06
0.0000e+00
9.4891e-05
5.0068e-06
0.0000e+00
1.0395e-04
3.0994e-06
1.5974e-05
1.1921e-06
1.9073e-06
0.0000e+00
9.4891e-05
2.8610e-06
6.1989e-06
9.5367e-07
3.0994e-06
5.0068e-06
2.1458e-06
1.9073e-06
0.0000e+00
9.0122e-05
1.9073e-06
0.0000e+00
9.2983e-05
4.0531e-06
0.0000e+00
9.1076e-05
2.1458e-06
5.0068e-06
2.5034e-05
4.0531e-06
5.9605e-06
2.1458e-06
1.9073e-06
0.0000e+00
9.2983e-05
3.0994e-06
5.9605e-06
9.5367e-07
3.0994e-06
0.0000e+00
1.0514e-04
4.0531e-06
0.0000e+00
9.4891e-05
4.0531e-06
0.0000e+00
9.1076e-05
5.0068e-06
0.0000e+00
9.1076e-05
2.8610e-06
0.0000e+00
9.5129e-05
6.7949e-05
0.0000e+00
1.2112e-04
4.0531e-06
0.0000e+00
9.2030e-05
4.0531e-06
0.0000e+00
1.0490e-04
3.0994e-06
0.0000e+00
9.5129e-05
4.0531e-06
0.0000e+00
9.5129e-05
2.8610e-06
0.0000e+00
9.1076e-05
2.8610e-06
5.9605e-06
1.1921e-06
1.9073e-06
0.0000e+00
9.1791e-05
2.8610e-06
0.0000e+00
1.2088e-04
4.0531e-06
0.0000e+00
9.2030e-05
3.0994e-06
5.9605e-06
9.5367e-07
2.1458e-06
0.0000e+00
1.0204e-04
4.0531e-06
5.9605e-06
9.5367e-07
3.0994e-06
0.0000e+00
9.7036e-05
3.8147e-06
0.0000e+00
9.2983e-05
4.0531e-06
0.0000e+00
9.2983e-05
2.8610e-06
0.0000e+00
9.1076e-05
4.0531e-06
6.9141e-06
1.1921e-06
2.8610e-06
0.0000e+00
9.2983e-05
2.8610e-06
0.0000e+00
8.9884e-05
4.0531e-06
0.0000e+00
1.0085e-04
4.0531e-06
7.1526e-06
9.5367e-07
3.0994e-06
0.0000e+00
9.2983e-05
3.8147e-06
0.0000e+00
9.0122e-05
4.0531e-06
0.0000e+00
9.2983e-05
2.8610e-06
0.0000e+00
1.1802e-04
4.0531e-06
2.0099e-04
9.5367e-07
1.9073e-06
0.0000e+00
1.0490e-04
1.9073e-06
0.0000e+00
9.2030e-05
1.9073e-06
0.0000e+00
9.4891e-05
2.1458e-06
0.0000e+00
9.5129e-05
1.9073e-06
0.0000e+00
9.2030e-05
2.1458e-06
0.0000e+00
9.1076e-05
4.0531e-06
0.0000e+00
1.1587e-04
4.0531e-06
0.0000e+00
9.2983e-05
2.8610e-06
0.0000e+00
1.0204e-04
5.0068e-06
0.0000e+00
8.9884e-05
2.8610e-06
0.0000e+00
9.2030e-05
4.0531e-06
0.0000e+00
9.4891e-05
4.0531e-06
6.9141e-06
1.1921e-06
1.9073e-06
5.0068e-06
9.5367e-07
2.7895e-05
0.0000e+00
9.2030e-05
4.0531e-06
0.0000e+00
1.1802e-04
5.0068e-06
0.0000e+00
9.3937e-05
3.0994e-06
5.9605e-06
1.9073e-06
1.9073e-06
0.0000e+00
1.0204e-04
4.0531e-06
0.0000e+00
9.2030e-05
4.0531e-06
8.1062e-06
9.5367e-07
2.8610e-06
0.0000e+00
9.0837e-05
2.8610e-06
0.0000e+00
9.0837e-05
3.0994e-06
0.0000e+00
9.1076e-05
3.8147e-06
0.0000e+00
9.7036e-05
4.0531e-06
6.1989e-06
9.5367e-07
3.0994e-06
0.0000e+00
9.1076e-05
5.0068e-06
0.0000e+00
9.2030e-05
4.0531e-06
0.0000e+00
9.3937e-05
2.8610e-06
0.0000e+00
9.6083e-05
4.0531e-06
0.0000e+00
9.4175e-05
2.8610e-06
0.0000e+00
9.3937e-05
4.0531e-06
5.0068e-06
2.1458e-06
3.0994e-06
5.0068e-06
9.5367e-07
4.6015e-05
5.0068e-06
2.1458e-06
4.0770e-05
0.0000e+00
9.2983e-05
3.0994e-06
0.0000e+00
9.9897e-05
2.8610e-06
0.0000e+00
8.8930e-05
5.0068e-06
0.0000e+00
9.5844e-05
4.0531e-06
5.9605e-06
9.5367e-07
2.1458e-06
0.0000e+00
9.2983e-05
3.0994e-06
0.0000e+00
9.2030e-05
4.0531e-06
0.0000e+00
9.4891e-05
1.6212e-04
0.0000e+00
1.0085e-04
3.0994e-06
0.0000e+00
9.2030e-05
5.0068e-06
0.0000e+00
9.3937e-05
5.0068e-06
7.1526e-06
9.5367e-07
2.1458e-06
0.0000e+00
9.2030e-05
2.8610e-06
0.0000e+00
9.1076e-05
2.8610e-06
0.0000e+00
9.4891e-05
5.0068e-06
0.0000e+00
9.7990e-05
3.8147e-06
0.0000e+00
1.0395e-04
3.0994e-06
5.9605e-06
9.5367e-07
3.0994e-06
0.0000e+00
9.2983e-05
3.0994e-06
0.0000e+00
9.1076e-05
3.0994e-06
0.0000e+00
9.0122e-05
3.0994e-06
0.0000e+00
9.0122e-05
1.9073e-06
0.0000e+00
9.3937e-05
4.0531e-06
0.0000e+00
9.2983e-05
2.8610e-06
0.0000e+00
8.8930e-05
4.0531e-06
0.0000e+00
9.5129e-05
3.0994e-06
0.0000e+00
9.3222e-05
2.8610e-06
0.0000e+00
9.2030e-05
1.9073e-06
0.0000e+00
9.1076e-05
2.8610e-06
0.0000e+00
8.9884e-05
3.0994e-06
5.0068e-06
9.5367e-07
2.1458e-06
0.0000e+00
1.1802e-04
3.0994e-06
0.0000e+00
9.2983e-05
2.8610e-06
0.0000e+00
1.0490e-04
5.0068e-06
0.0000e+00
9.3937e-05
3.8147e-06
6.9141e-06
9.5367e-07
2.8610e-06
5.6791e-04
9.5367e-07
2.8610e-06
5.9605e-06
1.1921e-06
2.8610e-06
0.0000e+00
9.7036e-05
5.0068e-06
0.0000e+00
9.2030e-05
4.0531e-06
0.0000e+00
1.2016e-04
4.0531e-06
0.0000e+00
9.1076e-05
4.0531e-06
4.8804e-04
9.5367e-07
2.1458e-06
2.1935e-05
9.5367e-07
1.9073e-06
0.0000e+00
9.7990e-05
2.8610e-06
0.0000e+00
9.6083e-05
3.8147e-06
0.0000e+00
9.2030e-05
4.0531e-06
0.0000e+00
9.2983e-05
3.0994e-06
0.0000e+00
9.4175e-05
5.0068e-06
0.0000e+00
9.3937e-05
3.8147e-06
0.0000e+00
9.2030e-05
3.0994e-06
0.0000e+00
1.0395e-04
4.0531e-06
0.0000e+00
9.3937e-05
3.0994e-06
0.0000e+00
9.4891e-05
2.8610e-06
0.0000e+00
9.3937e-05
3.0994e-06
7.1526e-06
9.5367e-07
2.1458e-06
0.0000e+00
9.4175e-05
2.8610e-06
0.0000e+00
1.2589e-04
4.0531e-06
0.0000e+00
8.9884e-05
4.0531e-06
0.0000e+00
1.0800e-04
4.0531e-06
0.0000e+00
9.1076e-05
4.0531e-06
0.0000e+00
9.4175e-05
3.8147e-06
0.0000e+00
9.2983e-05
3.0994e-06
0.0000e+00
9.2030e-05
4.0531e-06
0.0000e+00
9.0837e-05
5.0068e-06
0.0000e+00
9.5844e-05
4.0531e-06
0.0000e+00
9.5129e-05
3.8147e-06
0.0000e+00
9.8944e-05
5.0068e-06
0.0000e+00
9.2983e-05
3.8147e-06
0.0000e+00
9.2983e-05
4.0531e-06
7.1526e-06
9.5367e-07
2.1458e-06
0.0000e+00
9.2030e-05
3.0994e-06
5.0068e-06
9.5367e-07
3.0994e-06
0.0000e+00
1.2016e-04
5.0068e-06
0.0000e+00
9.2983e-05
3.0994e-06
0.0000e+00
9.0837e-05
2.1458e-06
5.0068e-06
9.5367e-07
3.0994e-06
0.0000e+00
1.0109e-04
3.0994e-06
0.0000e+00
9.2983e-05
5.0068e-06
0.0000e+00
9.1791e-05
2.8610e-06
0.0000e+00
9.2030e-05
3.0994e-06
0.0000e+00
1.1897e-04
5.0068e-06
6.9141e-06
1.9073e-06
2.1458e-06
5.0068e-06
1.1921e-06
1.9073e-06
0.0000e+00
9.4891e-05
2.8610e-06
0.0000e+00
9.2983e-05
3.0994e-06
0.0000e+00
1.0705e-04
4.0531e-06
0.0000e+00
9.3937e-05
4.0531e-06
0.0000e+00
9.2030e-05
3.0994e-06
0.0000e+00
9.0837e-05
5.0068e-06
6.9141e-06
9.5367e-07
2.8610e-06
0.0000e+00
9.2983e-05
3.0994e-06
0.0000e+00
9.5129e-05
5.0068e-06
0.0000e+00
9.5844e-05
4.0531e-06
0.0000e+00
1.0180e-04
4.7684e-06
0.0000e+00
9.6083e-05
2.8610e-06
6.9141e-06
9.5367e-07
1.9073e-06
0.0000e+00
9.2983e-05
2.8610e-06
0.0000e+00
1.1897e-04
3.0994e-06
5.9605e-06
9.5367e-07
3.0994e-06
0.0000e+00
9.4175e-05
2.8610e-06
0.0000e+00
9.3937e-05
3.0994e-06
0.0000e+00
9.3222e-05
3.8147e-06
5.0068e-06
1.1921e-06
2.1458e-06
0.0000e+00
1.0109e-04
2.8610e-06
0.0000e+00
9.2983e-05
4.0531e-06
1.5020e-05
9.5367e-07
3.0994e-06
0.0000e+00
9.6083e-05
3.0994e-06
0.0000e+00
9.1791e-05
4.0531e-06
0.0000e+00
9.2030e-05
4.0531e-06
0.0000e+00
9.4891e-05
4.0531e-06
1.8120e-05
1.1921e-06
1.9073e-06
0.0000e+00
9.4891e-05
2.1458e-06
0.0000e+00
9.6083e-05
3.8147e-06
0.0000e+00
9.2030e-05
2.8610e-06
0.0000e+00
9.2983e-05
3.8147e-06
0.0000e+00
9.3937e-05
3.0994e-06
0.0000e+00
9.3937e-05
2.8610e-06
0.0000e+00
9.1076e-05
3.0994e-06
0.0000e+00
9.2983e-05
3.0994e-06
0.0000e+00
1.0180e-04
4.0531e-06
0.0000e+00
9.4891e-05
3.0994e-06
0.0000e+00
9.2030e-05
1.9073e-06
0.0000e+00
1.1611e-04
4.0531e-06
0.0000e+00
9.4891e-05
4.0531e-06
0.0000e+00
9.2030e-05
3.0994e-06
0.0000e+00
9.0122e-05
3.0994e-06
0.0000e+00
9.4175e-05
4.0531e-06
0.0000e+00
1.0204e-04
3.8147e-06
0.0000e+00
9.2983e-05
4.0531e-06
0.0000e+00
9.3222e-05
3.0994e-06
0.0000e+00
9.4175e-05
4.0531e-06
0.0000e+00
9.7990e-05
3.8147e-06
0.0000e+00
9.2030e-05
3.0994e-06
0.0000e+00
9.2983e-05
4.0531e-06
0.0000e+00
9.0837e-05
3.0994e-06
1.3828e-05
9.5367e-07
3.0994e-06
0.0000e+00
9.1076e-05
3.0994e-06
0.0000e+00
9.0837e-05
4.0531e-06
0.0000e+00
9.0837e-05
3.0994e-06
0.0000e+00
9.2030e-05
3.0994e-06
0.0000e+00
8.9169e-05
2.8610e-06
0.0000e+00
8.9884e-05
5.0068e-06
5.9605e-06
9.5367e-07
1.9073e-06
0.0000e+00
9.1791e-05
4.0531e-06
0.0000e+00
1.0109e-04
4.0531e-06
0.0000e+00
8.8930e-05
3.0994e-06
5.9605e-06
2.4796e-05
4.0531e-06
0.0000e+00
9.2030e-05
2.8610e-06
0.0000e+00
9.2030e-05
4.0531e-06
0.0000e+00
9.1076e-05
4.0531e-06
0.0000e+00
9.1076e-05
1.1706e-04
0.0000e+00
1.0586e-04
2.8610e-06
0.0000e+00
9.3937e-05
4.0531e-06
0.0000e+00
9.2030e-05
5.9605e-06
8.1062e-06
9.5367e-07
1.9073e-06
0.0000e+00
9.4891e-05
2.1458e-06
0.0000e+00
9.1076e-05
4.0531e-06
7.8678e-06
1.9073e-06
2.1458e-06
5.9605e-06
1.1921e-06
2.8610e-06
0.0000e+00
9.4891e-05
9.0122e-05
0.0000e+00
1.0705e-04
5.0068e-06
0.0000e+00
9.2983e-05
4.0531e-06
0.0000e+00
9.3937e-05
4.0531e-06
5.9605e-06
9.5367e-07
2.8610e-06
0.0000e+00
9.6083e-05
4.0531e-06
0.0000e+00
9.2983e-05
4.0531e-06
5.9605e-06
1.9073e-06
1.9073e-06
5.0068e-06
1.9073e-06
3.0994e-06
0.0000e+00
9.4175e-05
3.0994e-06
0.0000e+00
9.2030e-05
3.0994e-06
0.0000e+00
1.0109e-04
2.8610e-06
1.7881e-05
9.5367e-07
3.0994e-06
0.0000e+00
9.5129e-05
2.8610e-06
5.9605e-06
2.1458e-06
1.9073e-06
0.0000e+00
9.4891e-05
2.8610e-06
0.0000e+00
9.4891e-05
2.8610e-06
5.0068e-06
1.9073e-06
3.0994e-06
0.0000e+00
9.8228e-05
3.0994e-06
0.0000e+00
9.4891e-05
3.0994e-06
5.9605e-06
9.5367e-07
2.1458e-06
0.0000e+00
1.0204e-04
3.0994e-06
5.9605e-06
9.5367e-07
3.0994e-06
0.0000e+00
1.1802e-04
4.0531e-06
0.0000e+00
9.7036e-05
5.0068e-06
0.0000e+00
9.3937e-05
4.0531e-06
0.0000e+00
9.4175e-05
2.8610e-06
0.0000e+00
9.4891e-05
3.0994e-06
0.0000e+00
9.0122e-05
4.0531e-06
0.0000e+00
9.1076e-05
1.9073e-06
0.0000e+00
9.5129e-05
3.0994e-06
0.0000e+00
1.2016e-04
4.0531e-06
0.0000e+00
9.5844e-05
4.0531e-06
0.0000e+00
9.4891e-05
4.0531e-06
7.1526e-06
9.5367e-07
3.0994e-06
0.0000e+00
9.5129e-05
3.0994e-06
0.0000e+00
9.2983e-05
3.8147e-06
0.0000e+00
9.4891e-05
2.8610e-06
0.0000e+00
1.0204e-04
4.0531e-06
0.0000e+00
1.1492e-04
3.0994e-06
0.0000e+00
9.2030e-05
2.8610e-06
0.0000e+00
9.2030e-05
2.8610e-06
0.0000e+00
9.2983e-05
4.0531e-06
0.0000e+00
9.4891e-05
3.0994e-06
0.0000e+00
9.1076e-05
3.0994e-06
0.0000e+00
9.1076e-05
4.0531e-06
0.0000e+00
9.1791e-05
5.0068e-06
0.0000e+00
9.5844e-05
4.0531e-06
0.0000e+00
9.0837e-05
3.0994e-06
5.9605e-06
1.9073e-06
9.5367e-07
4.0531e-06
9.5367e-07
3.0994e-06
0.0000e+00
9.5129e-05
4.0531e-06
2.6941e-05
9.5367e-07
2.1458e-06
0.0000e+00
9.7036e-05
3.0994e-06
0.0000e+00
9.2030e-05
2.8610e-06
5.9605e-06
9.5367e-07
2.8610e-06
0.0000e+00
1.2302e-04
4.0531e-06
0.0000e+00
9.2983e-05
4.0531e-06
0.0000e+00
9.0837e-05
3.0994e-06
0.0000e+00
9.2983e-05
4.0531e-06
0.0000e+00
8.9884e-05
3.0994e-06
0.0000e+00
9.0837e-05
2.8610e-06
0.0000e+00
9.2030e-05
4.0531e-06
0.0000e+00
9.1076e-05
4.0531e-06
0.0000e+00
1.2112e-04
5.0068e-06
0.0000e+00
9.2030e-05
3.0994e-06
6.1989e-06
9.5367e-07
2.1458e-06
0.0000e+00
9.4175e-05
4.0531e-06
0.0000e+00
9.5844e-05
4.0531e-06
0.0000e+00
9.2030e-05
2.8610e-06
0.0000e+00
9.2983e-05
4.0531e-06
0.0000e+00
9.4175e-05
4.0531e-06
0.0000e+00
1.2493e-04
3.0994e-06
2.1219e-05
9.5367e-07
3.0994e-06
0.0000e+00
9.4175e-05
2.8610e-06
0.0000e+00
9.3937e-05
2.8610e-06
0.0000e+00
9.6083e-05
1.9073e-06
0.0000e+00
9.7990e-05
3.0994e-06
5.9605e-06
9.5367e-07
3.0994e-06
9.5129e-05
1.9073e-06
1.9073e-06
4.7684e-06
9.5367e-07
2.1458e-06
0.0000e+00
1.0610e-04
2.8610e-06
0.0000e+00
9.2983e-05
2.1458e-06
0.0000e+00
9.0122e-05
3.0994e-06
0.0000e+00
9.1076e-05
4.0531e-06
6.9141e-06
9.5367e-07
3.0994e-06
0.0000e+00
9.2030e-05
2.8610e-06
0.0000e+00
9.1076e-05
2.8610e-06
0.0000e+00
9.0122e-05
8.0824e-05
5.9605e-06
9.5367e-07
2.6941e-05
0.0000e+00
1.1921e-04
5.0068e-06
0.0000e+00
9.2030e-05
4.0531e-06
0.0000e+00
9.2983e-05
2.8610e-06
0.0000e+00
9.4891e-05
4.0531e-06
0.0000e+00
9.3937e-05
2.8610e-06
0.0000e+00
9.0122e-05
1.9073e-06
0.0000e+00
9.2030e-05
4.0531e-06
0.0000e+00
1.0300e-04
3.8147e-06
0.0000e+00
1.1992e-04
5.0068e-06
0.0000e+00
9.2983e-05
4.0531e-06
0.0000e+00
9.0122e-05
3.0994e-06
0.0000e+00
9.0122e-05
3.0994e-06
0.0000e+00
9.0122e-05
3.0994e-06
1.4067e-05
9.5367e-07
2.1458e-06
0.0000e+00
9.5129e-05
3.8147e-06
0.0000e+00
1.0204e-04
4.0531e-06
0.0000e+00
1.1802e-04
4.0531e-06
0.0000e+00
9.2030e-05
2.8610e-06
0.0000e+00
9.3937e-05
4.0531e-06
0.0000e+00
9.1076e-05
4.0531e-06
6.9141e-06
9.5367e-07
2.8610e-06
5.0068e-06
9.5367e-07
2.9087e-05
6.1989e-06
9.5367e-07
2.9087e-05
0.0000e+00
9.3937e-05
4.0531e-06
0.0000e+00
9.2983e-05
3.0994e-06
0.0000e+00
1.2589e-04
5.0068e-06
1.6928e-05
9.5367e-07
2.1458e-06
0.0000e+00
9.8944e-05
3.0994e-06
0.0000e+00
9.6083e-05
4.0531e-06
0.0000e+00
9.6083e-05
3.8147e-06
0.0000e+00
9.2983e-05
4.0531e-06
1.4067e-05
2.1458e-06
3.0994e-06
0.0000e+00
9.4891e-05
3.0994e-06
5.9605e-06
9.5367e-07
2.1458e-06
0.0000e+00
1.2898e-04
4.0531e-06
0.0000e+00
9.0837e-05
3.0994e-06
0.0000e+00
9.7990e-05
3.0994e-06
0.0000e+00
9.4175e-05
4.0531e-06
0.0000e+00
9.2030e-05
3.0994e-06
5.0068e-06
1.9073e-06
3.0994e-06
0.0000e+00
9.0122e-05
3.8147e-06
1.1921e-05
9.5367e-07
1.9073e-06
0.0000e+00
9.6083e-05
1.9073e-06
0.0000e+00
1.2493e-04
3.8147e-06
5.9605e-06
9.5367e-07
2.1458e-06
5.0068e-06
1.9073e-06
1.9073e-06
0.0000e+00
9.5129e-05
5.0068e-06
0.0000e+00
9.7036e-05
3.0994e-06
0.0000e+00
9.3222e-05
4.0531e-06
0.0000e+00
9.2983e-05
5.1022e-05
0.0000e+00
9.2983e-05
4.0531e-06
0.0000e+00
9.2030e-05
4.0531e-06
0.0000e+00
9.4891e-05
4.0531e-06
7.1526e-06
9.5367e-07
3.8147e-06
0.0000e+00
9.2030e-05
4.0531e-06
5.9605e-06
9.5367e-07
2.8610e-06
0.0000e+00
9.2983e-05
3.0994e-06
0.0000e+00
9.2030e-05
3.0994e-06
0.0000e+00
8.9884e-05
4.0531e-06
0.0000e+00
9.0837e-05
4.0531e-06
0.0000e+00
1.1802e-04
3.8147e-06
0.0000e+00
9.0122e-05
4.0531e-06
0.0000e+00
9.3937e-05
4.0531e-06
0.0000e+00
9.3937e-05
3.8147e-06
0.0000e+00
9.2030e-05
3.0994e-06
0.0000e+00
9.5129e-05
3.8147e-06
0.0000e+00
9.3937e-05
3.8147e-06
0.0000e+00
9.1076e-05
5.0068e-06
6.9141e-06
1.1921e-06
3.0994e-06
5.0068e-06
1.9073e-06
4.0531e-06
0.0000e+00
9.6083e-05
3.0994e-06
0.0000e+00
9.5129e-05
3.0994e-06
0.0000e+00
9.0122e-05
4.0531e-06
5.9605e-06
9.5367e-07
2.8610e-06
0.0000e+00
9.4891e-05
3.0994e-06
0.0000e+00
9.2983e-05
3.0994e-06
0.0000e+00
9.2983e-05
3.8147e-06
0.0000e+00
1.1492e-04
3.0994e-06
0.0000e+00
1.0085e-04
3.8147e-06
0.0000e+00
9.1076e-05
3.8147e-06
5.9605e-06
2.1458e-06
1.9073e-06
0.0000e+00
9.3937e-05
1.9073e-06
0.0000e+00
9.4891e-05
3.8147e-06
0.0000e+00
9.2983e-05
3.0994e-06
0.0000e+00
9.5129e-05
1.9073e-06
0.0000e+00
1.2302e-04
3.0994e-06
5.9605e-06
9.5367e-07
3.0994e-06
0.0000e+00
1.0204e-04
4.0531e-06
6.1989e-06
9.5367e-07
3.0994e-06
0.0000e+00
9.7990e-05
4.0531e-06
0.0000e+00
9.0837e-05
3.0994e-06
7.1526e-06
9.5367e-07
3.0994e-06
0.0000e+00
9.4175e-05
2.8610e-06
0.0000e+00
9.5844e-05
3.0994e-06
0.0000e+00
1.1706e-04
5.0068e-06
0.0000e+00
9.0837e-05
3.0994e-06
0.0000e+00
9.9897e-05
4.0531e-06
0.0000e+00
9.3937e-05
3.0994e-06
6.9141e-06
9.5367e-07
1.9073e-06
0.0000e+00
9.3937e-05
3.0994e-06
0.0000e+00
9.2983e-05
3.0994e-06
0.0000e+00
9.1076e-05
3.0994e-06
0.0000e+00
1.1611e-04
3.8147e-06
0.0000e+00
9.3937e-05
4.0531e-06
0.0000e+00
1.0395e-04
3.8147e-06
5.0068e-06
9.5367e-07
2.8610e-06
0.0000e+00
9.5129e-05
2.8610e-06
0.0000e+00
9.1076e-05
4.0531e-06
0.0000e+00
9.3937e-05
3.0994e-06
0.0000e+00
9.2983e-05
3.0994e-06
0.0000e+00
1.1897e-04
5.0068e-06
5.9605e-06
1.1921e-06
1.9073e-06
0.0000e+00
1.0109e-04
4.0531e-06
0.0000e+00
1.0300e-04
3.8147e-06
0.0000e+00
9.4175e-05
4.0531e-06
0.0000e+00
9.2983e-05
3.0994e-06
7.1526e-06
9.5367e-07
2.1458e-06
0.0000e+00
9.2983e-05
4.0531e-06
0.0000e+00
9.2030e-05
4.0531e-06
0.0000e+00
1.1897e-04
4.0531e-06
0.0000e+00
9.3937e-05
2.9802e-05
0.0000e+00
1.0490e-04
4.0531e-06
0.0000e+00
9.7036e-05
3.0994e-06
0.0000e+00
9.0837e-05
4.0531e-06
0.0000e+00
9.2983e-05
3.8147e-06
0.0000e+00
9.2983e-05
4.0531e-06
1.9073e-05
1.9073e-06
2.1458e-06
0.0000e+00
1.2112e-04
2.8610e-06
0.0000e+00
9.4891e-05
2.1458e-06
0.0000e+00
1.0514e-04
3.8147e-06
0.0000e+00
9.4891e-05
3.8147e-06
0.0000e+00
9.3937e-05
4.0531e-06
7.1526e-06
9.5367e-07
3.0994e-06
0.0000e+00
9.1076e-05
3.0994e-06
0.0000e+00
9.2983e-05
3.0994e-06
0.0000e+00
1.1706e-04
3.0994e-06
0.0000e+00
9.2030e-05
2.8610e-06
0.0000e+00
9.1076e-05
3.8147e-06
0.0000e+00
1.0705e-04
4.0531e-06
0.0000e+00
9.4175e-05
3.8147e-06
0.0000e+00
9.2983e-05
3.0994e-06
0.0000e+00
9.2983e-05
3.8147e-06
6.9141e-06
1.9073e-06
1.9073e-06
0.0000e+00
1.1992e-04
4.0531e-06
6.1989e-06
9.5367e-07
1.9073e-06
5.0068e-06
9.5367e-07
3.0994e-05
1.3828e-05
9.5367e-07
2.6941e-05
0.0000e+00
9.4891e-05
3.8147e-06
0.0000e+00
9.6083e-05
2.8610e-06
0.0000e+00
9.3937e-05
5.0068e-06
0.0000e+00
9.2983e-05
1.6308e-04
1.4067e-05
1.1921e-06
2.8849e-05
0.0000e+00
9.2983e-05
3.0994e-06
0.0000e+00
1.2016e-04
5.0068e-06
0.0000e+00
1.0610e-04
5.0068e-06
0.0000e+00
9.4891e-05
3.0994e-06
0.0000e+00
9.3222e-05
4.0531e-06
0.0000e+00
9.2983e-05
4.0531e-06
0.0000e+00
9.2983e-05
2.8610e-06
0.0000e+00
9.5129e-05
2.8610e-06
0.0000e+00
8.9884e-05
5.0068e-06
7.1526e-06
9.5367e-07
3.0994e-06
0.0000e+00
9.6083e-05
4.0531e-06
0.0000e+00
9.2030e-05
3.0994e-06
0.0000e+00
9.1791e-05
3.8147e-06
0.0000e+00
9.5129e-05
1.9073e-06
0.0000e+00
9.2983e-05
3.0994e-06
0.0000e+00
9.2983e-05
2.8610e-06
8.8215e-06
9.5367e-07
2.8610e-06
0.0000e+00
1.1587e-04
4.0531e-06
0.0000e+00
9.7036e-05
3.8147e-06
0.0000e+00
1.0395e-04
4.0531e-06
0.0000e+00
9.2983e-05
3.0994e-06
0.0000e+00
9.4891e-05
3.0994e-06
8.3923e-05
9.5367e-07
2.1458e-06
0.0000e+00
9.6083e-05
2.1458e-06
0.0000e+00
9.5129e-05
3.0994e-06
0.0000e+00
1.2493e-04
3.0994e-06
0.0000e+00
9.2983e-05
2.1458e-06
0.0000e+00
9.2030e-05
2.1458e-06
0.0000e+00
9.2030e-05
2.8610e-06
5.9605e-06
9.5367e-07
2.8610e-06
0.0000e+00
9.4891e-05
4.0531e-06
0.0000e+00
9.3937e-05
2.8610e-06
0.0000e+00
8.9884e-05
3.8147e-06
0.0000e+00
1.1992e-04
5.0068e-06
0.0000e+00
9.2030e-05
4.0531e-06
0.0000e+00
1.0395e-04
4.0531e-06
5.9605e-06
9.5367e-07
1.9073e-06
0.0000e+00
9.5129e-05
4.0531e-06
7.1526e-06
9.5367e-07
3.0994e-06
5.9605e-06
9.5367e-07
2.8610e-06
0.0000e+00
9.2030e-05
3.0994e-06
0.0000e+00
9.2030e-05
3.0994e-06
5.0068e-06
1.1921e-06
1.9073e-06
0.0000e+00
1.2302e-04
3.8147e-06
0.0000e+00
9.1076e-05
4.0531e-06
5.9605e-06
1.9073e-06
1.9073e-06
5.0068e-06
9.5367e-07
2.5988e-05
0.0000e+00
9.6083e-05
2.8610e-06
0.0000e+00
9.2983e-05
2.8610e-06
0.0000e+00
9.4891e-05
4.0531e-06
5.9605e-06
9.5367e-07
2.1458e-06
0.0000e+00
9.1076e-05
3.0994e-06
6.9141e-06
9.5367e-07
4.0531e-06
0.0000e+00
9.7036e-05
3.8147e-06
3.3903e-04
1.1921e-06
9.5367e-07
0.0000e+00
9.6798e-05
3.0994e-06
0.0000e+00
9.2983e-05
1.9073e-06
0.0000e+00
8.9884e-05
2.8610e-06
0.0000e+00
9.0837e-05
2.8610e-06
0.0000e+00
9.5844e-05
4.0531e-06
0.0000e+00
9.2983e-05
4.0531e-06
0.0000e+00
1.0204e-04
6.9141e-06
0.0000e+00
8.9884e-05
4.0531e-06
0.0000e+00
9.3222e-05
3.0994e-06
0.0000e+00
9.2983e-05
2.8610e-06
0.0000e+00
9.1076e-05
3.0994e-06
0.0000e+00
9.1791e-05
3.8147e-06
7.8678e-06
9.5367e-07
2.8610e-06
0.0000e+00
9.2030e-05
3.0994e-06
0.0000e+00
1.1706e-04
3.8147e-06
0.0000e+00
1.0109e-04
3.8147e-06
0.0000e+00
9.4891e-05
4.0531e-06
0.0000e+00
9.6798e-05
3.0994e-06
6.1989e-06
1.9073e-06
2.1458e-06
0.0000e+00
9.2983e-05
2.8610e-06
0.0000e+00
9.2030e-05
4.0531e-06
0.0000e+00
8.9884e-05
3.0994e-06
0.0000e+00
1.1706e-04
3.8147e-06
0.0000e+00
1.0395e-04
3.8147e-06
0.0000e+00
9.2030e-05
4.0531e-06
6.9141e-06
9.5367e-07
3.0994e-06
0.0000e+00
9.6083e-05
3.0994e-06
0.0000e+00
9.4891e-05
3.0994e-06
0.0000e+00
9.6083e-05
2.8610e-06
0.0000e+00
9.2030e-05
2.8610e-06
0.0000e+00
1.1396e-04
3.0994e-06
0.0000e+00
9.2030e-05
4.0531e-06
0.0000e+00
9.2983e-05
2.8610e-06
1.1921e-05
1.9073e-06
2.1458e-06
0.0000e+00
9.7036e-05
2.1458e-06
6.9141e-06
1.9073e-06
2.1458e-06
0.0000e+00
9.4175e-05
2.8610e-06
5.9605e-06
9.5367e-07
1.9073e-06
0.0000e+00
9.5844e-05
5.0068e-06
0.0000e+00
1.1706e-04
4.0531e-06
0.0000e+00
9.5129e-05
3.0994e-06
0.0000e+00
1.0419e-04
2.8610e-06
0.0000e+00
9.2030e-05
4.0531e-06
0.0000e+00
9.3937e-05
3.0994e-06
0.0000e+00
9.5129e-05
3.0994e-06
0.0000e+00
9.0122e-05
5.0068e-06
6.9141e-06
9.5367e-07
2.8610e-06
0.0000e+00
9.7036e-05
5.0068e-06
0.0000e+00
9.7990e-05
3.8147e-06
0.0000e+00
1.0395e-04
3.0994e-06
5.9605e-06
9.5367e-07
1.9073e-06
0.0000e+00
9.3937e-05
4.0531e-06
0.0000e+00
9.0837e-05
3.8147e-06
0.0000e+00
8.9884e-05
2.8610e-06
0.0000e+00
9.2983e-05
4.0531e-06
0.0000e+00
9.2983e-05
5.0068e-06
0.0000e+00
9.2030e-05
2.1458e-06
0.0000e+00
9.0122e-05
4.0531e-06
0.0000e+00
9.4175e-05
4.0531e-06
0.0000e+00
9.2983e-05
3.8147e-06
0.0000e+00
9.4891e-05
2.8610e-06
6.9141e-06
9.5367e-07
2.8610e-06
0.0000e+00
9.2030e-05
2.8610e-06
0.0000e+00
9.1076e-05
3.8147e-06
0.0000e+00
9.2983e-05
3.0994e-06
0.0000e+00
9.1076e-05
3.0994e-06
0.0000e+00
9.9897e-05
3.0994e-06
0.0000e+00
9.4175e-05
2.8610e-06
0.0000e+00
8.9884e-05
3.0994e-06
0.0000e+00
9.2983e-05
3.0994e-06
0.0000e+00
9.1076e-05
4.0531e-06
0.0000e+00
1.1802e-04
4.0531e-06
0.0000e+00
9.2983e-05
3.0994e-06
7.1526e-06
9.5367e-07
2.1458e-06
0.0000e+00
9.2030e-05
3.0994e-06
0.0000e+00
9.2983e-05
4.0531e-06
0.0000e+00
9.3937e-05
2.8610e-06
5.0068e-06
2.1458e-06
1.9073e-06
0.0000e+00
9.3937e-05
3.0994e-06
0.0000e+00
9.2030e-05
4.0531e-06
0.0000e+00
1.1587e-04
3.0994e-06
0.0000e+00
9.2030e-05
3.0994e-06
0.0000e+00
9.1076e-05
3.0994e-06
0.0000e+00
1.0014e-04
2.8610e-06
1.2875e-05
1.9073e-06
3.0994e-06
5.0068e-06
2.1458e-06
2.8610e-06
4.7684e-06
1.9073e-06
5.0068e-05
0.0000e+00
9.5129e-05
3.0994e-06
6.9141e-06
9.5367e-07
3.0994e-06
5.0068e-06
1.1921e-06
1.0014e-05
0.0000e+00
1.2112e-04
2.8610e-06
0.0000e+00
9.2030e-05
1.3900e-04
0.0000e+00
9.3222e-05
2.1458e-06
0.0000e+00
9.2030e-05
4.0531e-06
5.9605e-06
1.9073e-06
3.0994e-06
0.0000e+00
9.2983e-05
3.0994e-06
5.0068e-06
1.9073e-06
1.9073e-06
0.0000e+00
9.1076e-05
4.0531e-06
0.0000e+00
9.6083e-05
5.0068e-06
0.0000e+00
9.2983e-05
4.0531e-06
0.0000e+00
9.4175e-05
2.8610e-06
0.0000e+00
9.2030e-05
5.0068e-06
0.0000e+00
9.2030e-05
4.0531e-06
0.0000e+00
9.5129e-05
4.0531e-06
7.1526e-06
9.5367e-07
2.1458e-06
5.0068e-06
1.1921e-06
1.9073e-06
0.0000e+00
9.1076e-05
5.0068e-06
0.0000e+00
1.1611e-04
2.8610e-06
0.0000e+00
9.2030e-05
3.0994e-06
0.0000e+00
8.9169e-05
2.8610e-06
5.9605e-06
1.1921e-06
3.0994e-06
5.0068e-06
9.5367e-07
2.5988e-05
5.0068e-06
9.5367e-07
4.6015e-05
1.4067e-05
2.1458e-06
4.5061e-05
0.0000e+00
9.3937e-05
4.0531e-06
0.0000e+00
9.2030e-05
1.9073e-06
0.0000e+00
8.9884e-05
5.0068e-06
0.0000e+00
9.2030e-05
3.0994e-06
5.9605e-06
1.9073e-06
3.0994e-06
1.1921e-05
9.5367e-07
1.9073e-06
0.0000e+00
9.5129e-05
1.9073e-06
0.0000e+00
9.2030e-05
2.8610e-06
0.0000e+00
9.1076e-05
2.8610e-06
0.0000e+00
9.2030e-05
4.0531e-06
0.0000e+00
9.1076e-05
3.0994e-06
5.9605e-06
9.5367e-07
3.0994e-06
0.0000e+00
1.1706e-04
4.9782e-04
0.0000e+00
9.8944e-05
4.0531e-06
0.0000e+00
9.5844e-05
4.0531e-06
2.2388e-04
9.5367e-07
1.9073e-06
0.0000e+00
9.6083e-05
2.8610e-06
0.0000e+00
9.3937e-05
2.1458e-06
0.0000e+00
9.2983e-05
2.1458e-06
0.0000e+00
1.0204e-04
3.0994e-06
0.0000e+00
1.1683e-04
2.8610e-06
0.0000e+00
9.2030e-05
5.0068e-06
0.0000e+00
9.5844e-05
3.0994e-06
0.0000e+00
9.6798e-05
1.9073e-06
0.0000e+00
9.2983e-05
4.0531e-06
0.0000e+00
9.2983e-05
3.0994e-06
0.0000e+00
9.2030e-05
4.0531e-06
0.0000e+00
9.2030e-05
6.1989e-06
0.0000e+00
9.5129e-05
6.1989e-06
6.9141e-06
1.9073e-06
3.0994e-06
0.0000e+00
9.5129e-05
4.0531e-06
0.0000e+00
9.0837e-05
3.0994e-06
0.0000e+00
9.2030e-05
3.8147e-06
6.9141e-06
1.1921e-06
1.9073e-06
0.0000e+00
9.4891e-05
2.8610e-06
0.0000e+00
9.4891e-05
4.0531e-06
0.0000e+00
1.2112e-04
5.0068e-06
6.9141e-06
9.5367e-07
3.8147e-06
0.0000e+00
9.6798e-05
3.8147e-06
0.0000e+00
9.3937e-05
4.0531e-06
0.0000e+00
9.0837e-05
2.8610e-06
0.0000e+00
9.4891e-05
3.0994e-06
0.0000e+00
9.3222e-05
3.0994e-06
0.0000e+00
8.8930e-05
1.4067e-05
0.0000e+00
1.1921e-04
5.0068e-06
0.0000e+00
9.3937e-05
1.3270e-01
