2.4059e-03
1.0967e-05
4.4682e-03
1.9073e-06
1.1921e-06
0.0000e+00
4.1008e-05
0.0000e+00
0.0000e+00
2.2888e-05
1.1921e-06
0.0000e+00
2.2888e-05
0.0000e+00
2.1458e-06
0.0000e+00
9.5367e-07
0.0000e+00
2.4080e-05
0.0000e+00
3.2187e-05
9.5367e-07
0.0000e+00
1.9073e-06
0.0000e+00
9.5367e-07
0.0000e+00
2.2888e-05
9.5367e-07
0.0000e+00
3.9816e-05
9.5367e-07
0.0000e+00
2.1935e-05
9.5367e-07
0.0000e+00
2.0981e-05
9.5367e-07
8.4305e-04
0.0000e+00
9.5367e-07
3.0994e-06
9.5367e-07
0.0000e+00
0.0000e+00
2.2888e-05
9.5367e-07
0.0000e+00
2.2173e-05
0.0000e+00
0.0000e+00
2.0981e-05
9.5367e-07
0.0000e+00
2.2173e-05
9.5367e-07
0.0000e+00
2.2888e-05
1.1921e-06
0.0000e+00
2.1935e-05
0.0000e+00
0.0000e+00
2.0981e-05
0.0000e+00
0.0000e+00
2.0981e-05
3.0994e-06
7.6199e-04
9.5367e-07
1.1921e-06
1.9073e-06
0.0000e+00
0.0000e+00
2.5988e-05
9.5367e-07
9.5367e-07
0.0000e+00
2.3127e-05
0.0000e+00
0.0000e+00
2.0981e-05
9.5367e-07
0.0000e+00
3.0994e-05
9.5367e-07
2.2197e-04
9.5367e-07
0.0000e+00
2.0027e-05
9.5367e-07
1.1921e-06
0.0000e+00
2.1935e-05
0.0000e+00
1.0014e-05
9.5367e-07
1.1921e-06
8.2970e-05
9.5367e-07
0.0000e+00
0.0000e+00
2.2173e-05
0.0000e+00
1.2207e-04
9.5367e-07
0.0000e+00
2.1458e-06
0.0000e+00
9.5367e-07
0.0000e+00
2.2173e-05
9.5367e-07
1.3399e-04
0.0000e+00
0.0000e+00
1.9073e-06
9.5367e-07
9.5367e-07
0.0000e+00
2.2888e-05
9.5367e-07
1.3828e-05
1.1921e-06
0.0000e+00
0.0000e+00
2.1935e-05
0.0000e+00
0.0000e+00
2.0981e-05
0.0000e+00
0.0000e+00
2.0981e-05
1.1921e-06
0.0000e+00
2.1935e-05
0.0000e+00
0.0000e+00
2.0981e-05
9.5367e-07
0.0000e+00
2.0981e-05
9.5367e-07
0.0000e+00
2.3127e-05
9.5367e-07
0.0000e+00
2.1935e-05
9.5367e-07
0.0000e+00
2.0981e-05
9.5367e-07
0.0000e+00
2.2888e-05
0.0000e+00
3.0994e-04
9.5367e-07
0.0000e+00
0.0000e+00
2.1935e-05
9.5367e-07
2.1458e-06
9.5367e-07
0.0000e+00
1.6594e-04
0.0000e+00
0.0000e+00
1.9073e-06
0.0000e+00
1.1921e-06
9.5367e-07
0.0000e+00
9.5367e-07
0.0000e+00
3.2187e-05
9.5367e-07
1.9073e-05
9.5367e-07
9.5367e-07
4.6015e-05
0.0000e+00
1.1921e-06
1.9073e-06
0.0000e+00
0.0000e+00
0.0000e+00
2.2173e-05
9.5367e-07
0.0000e+00
2.0981e-05
0.0000e+00
0.0000e+00
2.0981e-05
0.0000e+00
0.0000e+00
2.0981e-05
1.1921e-06
0.0000e+00
2.1935e-05
9.5367e-07
5.1808e-04
0.0000e+00
1.1921e-06
0.0000e+00
2.5988e-05
0.0000e+00
3.6001e-05
0.0000e+00
0.0000e+00
0.0000e+00
2.1935e-05
9.5367e-07
0.0000e+00
2.0981e-05
0.0000e+00
0.0000e+00
2.0981e-05
0.0000e+00
2.5511e-04
9.5367e-07
0.0000e+00
0.0000e+00
2.1935e-05
1.1921e-06
0.0000e+00
2.0981e-05
9.5367e-07
0.0000e+00
3.0041e-05
9.5367e-07
0.0000e+00
2.0981e-05
9.5367e-07
0.0000e+00
2.1935e-05
1.1921e-06
0.0000e+00
2.0981e-05
0.0000e+00
0.0000e+00
2.0981e-05
1.1921e-06
2.8396e-04
0.0000e+00
0.0000e+00
0.0000e+00
2.2173e-05
9.5367e-07
5.9605e-06
0.0000e+00
0.0000e+00
1.7881e-05
0.0000e+00
0.0000e+00
2.6941e-05
9.5367e-07
0.0000e+00
9.5367e-07
0.0000e+00
0.0000e+00
0.0000e+00
2.2888e-05
0.0000e+00
0.0000e+00
2.1219e-05
0.0000e+00
1.9073e-06
0.0000e+00
1.1921e-06
0.0000e+00
2.1935e-05
0.0000e+00
0.0000e+00
2.0981e-05
9.5367e-07
4.2605e-04
0.0000e+00
9.5367e-07
0.0000e+00
2.1935e-05
9.5367e-07
0.0000e+00
2.1935e-05
0.0000e+00
0.0000e+00
3.0041e-05
1.1921e-06
5.0068e-06
9.5367e-07
9.5367e-07
0.0000e+00
2.1935e-05
9.5367e-07
2.1195e-04
0.0000e+00
0.0000e+00
0.0000e+00
2.1219e-05
9.5367e-07
0.0000e+00
2.1935e-05
9.5367e-07
1.9073e-06
1.1921e-06
1.1921e-06
0.0000e+00
2.0981e-05
9.5367e-07
0.0000e+00
2.2173e-05
9.5367e-07
0.0000e+00
2.9087e-05
9.5367e-07
0.0000e+00
2.1935e-05
1.1921e-06
1.0991e-04
0.0000e+00
0.0000e+00
0.0000e+00
2.2173e-05
0.0000e+00
5.7936e-05
0.0000e+00
0.0000e+00
0.0000e+00
2.1935e-05
9.5367e-07
0.0000e+00
2.2173e-05
9.5367e-07
0.0000e+00
2.0981e-05
0.0000e+00
0.0000e+00
2.0981e-05
0.0000e+00
1.6928e-05
9.5367e-07
0.0000e+00
0.0000e+00
2.2888e-05
9.5367e-07
0.0000e+00
2.2173e-05
0.0000e+00
0.0000e+00
2.0981e-05
9.5367e-07
0.0000e+00
2.0981e-05
1.1921e-06
1.9073e-06
0.0000e+00
0.0000e+00
2.5988e-05
0.0000e+00
0.0000e+00
2.3127e-05
9.5367e-07
0.0000e+00
0.0000e+00
2.1935e-05
1.1921e-06
1.9073e-06
9.5367e-07
9.5367e-07
2.5034e-05
0.0000e+00
9.5367e-07
0.0000e+00
2.2888e-05
9.5367e-07
3.0994e-06
9.5367e-07
1.9073e-06
0.0000e+00
2.3127e-05
0.0000e+00
0.0000e+00
2.0981e-05
1.1921e-06
0.0000e+00
2.0981e-05
0.0000e+00
0.0000e+00
2.0981e-05
0.0000e+00
0.0000e+00
2.0981e-05
0.0000e+00
7.5388e-04
0.0000e+00
0.0000e+00
0.0000e+00
3.0041e-05
9.5367e-07
0.0000e+00
2.2888e-05
1.1921e-06
2.8610e-06
0.0000e+00
1.1921e-06
0.0000e+00
2.0981e-05
9.5367e-07
5.0068e-06
0.0000e+00
0.0000e+00
3.0613e-04
0.0000e+00
0.0000e+00
1.4067e-05
0.0000e+00
0.0000e+00
1.3828e-05
0.0000e+00
0.0000e+00
0.0000e+00
2.1935e-05
9.5367e-07
2.0981e-05
1.1921e-06
9.5367e-07
0.0000e+00
2.0981e-05
0.0000e+00
0.0000e+00
3.0041e-05
9.5367e-07
0.0000e+00
2.0981e-05
9.5367e-07
0.0000e+00
2.0981e-05
9.5367e-07
0.0000e+00
2.2173e-05
9.5367e-07
1.4305e-04
0.0000e+00
0.0000e+00
2.3127e-05
9.5367e-07
1.9073e-06
0.0000e+00
2.2173e-05
0.0000e+00
2.5797e-04
9.5367e-07
9.5367e-07
0.0000e+00
2.0981e-05
0.0000e+00
0.0000e+00
2.8133e-05
9.5367e-07
4.6015e-05
0.0000e+00
0.0000e+00
0.0000e+00
2.5034e-05
1.1921e-06
0.0000e+00
2.1935e-05
9.5367e-07
1.0014e-05
0.0000e+00
9.5367e-07
0.0000e+00
2.0981e-05
0.0000e+00
1.2183e-04
0.0000e+00
9.5367e-07
0.0000e+00
2.1935e-05
0.0000e+00
1.1921e-06
0.0000e+00
0.0000e+00
0.0000e+00
2.0981e-05
0.0000e+00
0.0000e+00
3.0994e-05
9.5367e-07
0.0000e+00
2.1935e-05
9.5367e-07
0.0000e+00
2.1219e-05
9.5367e-07
0.0000e+00
2.0981e-05
9.5367e-07
1.1992e-04
0.0000e+00
9.5367e-07
2.3127e-05
0.0000e+00
9.5367e-07
4.5061e-05
0.0000e+00
0.0000e+00
2.1458e-06
9.5367e-07
9.5367e-07
0.0000e+00
2.1935e-05
9.5367e-07
1.9073e-06
0.0000e+00
0.0000e+00
0.0000e+00
2.8849e-05
9.5367e-07
0.0000e+00
2.0981e-05
9.5367e-07
0.0000e+00
2.1935e-05
0.0000e+00
0.0000e+00
2.0981e-05
9.5367e-07
5.2214e-04
0.0000e+00
0.0000e+00
0.0000e+00
2.1935e-05
1.1921e-06
1.1921e-05
0.0000e+00
9.5367e-07
0.0000e+00
2.2173e-05
0.0000e+00
1.9073e-06
0.0000e+00
0.0000e+00
0.0000e+00
2.8849e-05
1.1921e-06
1.6928e-05
9.5367e-07
0.0000e+00
0.0000e+00
2.1935e-05
9.5367e-07
3.3140e-05
0.0000e+00
9.5367e-07
2.4390e-04
0.0000e+00
0.0000e+00
0.0000e+00
2.1935e-05
9.5367e-07
2.1458e-06
0.0000e+00
0.0000e+00
0.0000e+00
2.1935e-05
1.1921e-06
1.1301e-04
0.0000e+00
9.5367e-07
0.0000e+00
2.0981e-05
0.0000e+00
0.0000e+00
2.4080e-05
1.1921e-06
0.0000e+00
2.1935e-05
0.0000e+00
0.0000e+00
2.0981e-05
0.0000e+00
0.0000e+00
2.0981e-05
0.0000e+00
4.0531e-06
0.0000e+00
9.5367e-07
9.5367e-07
0.0000e+00
9.5367e-07
0.0000e+00
2.2173e-05
9.5367e-07
0.0000e+00
2.0981e-05
0.0000e+00
0.0000e+00
2.0981e-05
9.5367e-07
0.0000e+00
2.9087e-05
9.5367e-07
2.8610e-06
1.1921e-06
9.5367e-07
2.3842e-05
1.1921e-06
9.5367e-07
0.0000e+00
2.2888e-05
9.5367e-07
6.1417e-04
0.0000e+00
0.0000e+00
1.3113e-05
0.0000e+00
9.5367e-07
0.0000e+00
2.0981e-05
0.0000e+00
1.1921e-06
0.0000e+00
0.0000e+00
3.0994e-05
9.5367e-07
0.0000e+00
0.0000e+00
2.1935e-05
9.5367e-07
9.2030e-05
0.0000e+00
0.0000e+00
7.8917e-05
0.0000e+00
9.5367e-07
0.0000e+00
2.1935e-05
1.1921e-06
0.0000e+00
2.0981e-05
9.5367e-07
0.0000e+00
2.1935e-05
1.1921e-06
1.0800e-04
9.5367e-07
9.5367e-07
0.0000e+00
2.1935e-05
1.1921e-06
0.0000e+00
2.0981e-05
0.0000e+00
0.0000e+00
2.0981e-05
9.5367e-07
0.0000e+00
2.0981e-05
1.1921e-06
0.0000e+00
2.8849e-05
9.5367e-07
0.0000e+00
2.0981e-05
9.5367e-07
0.0000e+00
2.1935e-05
9.5367e-07
0.0000e+00
2.2173e-05
9.5367e-07
1.6689e-04
0.0000e+00
1.1921e-06
9.5367e-07
0.0000e+00
0.0000e+00
0.0000e+00
2.1935e-05
0.0000e+00
5.0068e-06
0.0000e+00
0.0000e+00
0.0000e+00
2.1935e-05
0.0000e+00
0.0000e+00
2.9087e-05
9.5367e-07
2.6798e-04
0.0000e+00
0.0000e+00
0.0000e+00
2.1935e-05
9.5367e-07
0.0000e+00
2.0981e-05
9.5367e-07
0.0000e+00
2.0981e-05
0.0000e+00
0.0000e+00
2.0981e-05
9.5367e-07
0.0000e+00
2.0981e-05
0.0000e+00
5.6982e-05
9.5367e-07
1.1921e-06
2.2888e-05
0.0000e+00
0.0000e+00
2.0027e-05
9.5367e-07
0.0000e+00
0.0000e+00
2.2888e-05
9.5367e-07
0.0000e+00
2.0981e-05
0.0000e+00
2.3603e-04
0.0000e+00
0.0000e+00
0.0000e+00
2.2173e-05
9.5367e-07
0.0000e+00
2.0027e-05
9.5367e-07
0.0000e+00
2.2173e-05
9.5367e-07
7.2002e-05
9.5367e-07
9.5367e-07
1.9073e-06
0.0000e+00
9.5367e-07
0.0000e+00
2.3127e-05
0.0000e+00
0.0000e+00
2.2173e-05
1.1921e-06
0.0000e+00
2.1935e-05
0.0000e+00
1.0896e-04
0.0000e+00
0.0000e+00
0.0000e+00
2.0981e-05
0.0000e+00
0.0000e+00
2.1219e-05
9.5367e-07
7.8678e-06
0.0000e+00
0.0000e+00
0.0000e+00
2.0981e-05
9.5367e-07
1.7619e-04
0.0000e+00
9.5367e-07
0.0000e+00
2.0981e-05
0.0000e+00
9.5367e-07
6.9141e-06
0.0000e+00
0.0000e+00
2.2888e-05
1.1921e-06
0.0000e+00
2.0981e-05
9.5367e-07
0.0000e+00
2.1935e-05
1.1921e-06
8.9884e-05
9.5367e-07
9.5367e-07
0.0000e+00
2.1935e-05
0.0000e+00
8.1062e-06
9.5367e-07
9.5367e-07
0.0000e+00
2.1219e-05
0.0000e+00
2.4199e-04
9.5367e-07
9.5367e-07
0.0000e+00
2.1935e-05
1.1921e-06
0.0000e+00
2.1935e-05
9.5367e-07
0.0000e+00
2.1219e-05
9.5367e-07
0.0000e+00
2.0981e-05
9.5367e-07
1.3399e-04
0.0000e+00
9.5367e-07
0.0000e+00
2.1935e-05
9.5367e-07
0.0000e+00
2.1935e-05
1.1921e-06
1.9073e-06
0.0000e+00
0.0000e+00
9.5367e-07
0.0000e+00
9.5367e-07
0.0000e+00
2.1935e-05
9.5367e-07
0.0000e+00
2.1935e-05
9.5367e-07
2.8849e-05
1.1921e-06
0.0000e+00
0.0000e+00
2.1935e-05
0.0000e+00
0.0000e+00
2.0981e-05
9.5367e-07
0.0000e+00
2.1935e-05
9.5367e-07
0.0000e+00
2.2173e-05
9.5367e-07
0.0000e+00
2.0981e-05
9.5367e-07
3.3712e-04
0.0000e+00
1.1921e-06
1.9073e-06
0.0000e+00
1.1921e-06
0.0000e+00
2.2888e-05
0.0000e+00
3.0994e-06
0.0000e+00
0.0000e+00
3.9506e-04
0.0000e+00
1.1921e-06
0.0000e+00
2.2888e-05
9.5367e-07
0.0000e+00
2.0981e-05
1.1921e-06
0.0000e+00
2.0981e-05
0.0000e+00
1.0395e-04
0.0000e+00
9.5367e-07
7.6056e-05
0.0000e+00
0.0000e+00
0.0000e+00
2.2173e-05
9.5367e-07
0.0000e+00
2.0981e-05
9.5367e-07
0.0000e+00
2.3127e-05
0.0000e+00
0.0000e+00
2.0981e-05
0.0000e+00
0.0000e+00
2.1219e-05
9.5367e-07
6.9857e-05
0.0000e+00
9.5367e-07
1.9073e-06
1.1921e-06
9.5367e-07
9.5367e-07
0.0000e+00
0.0000e+00
0.0000e+00
2.4796e-05
0.0000e+00
3.0994e-04
0.0000e+00
0.0000e+00
1.3828e-05
0.0000e+00
0.0000e+00
0.0000e+00
2.1935e-05
0.0000e+00
0.0000e+00
2.1935e-05
0.0000e+00
0.0000e+00
2.0981e-05
0.0000e+00
3.0994e-06
0.0000e+00
0.0000e+00
0.0000e+00
2.1935e-05
0.0000e+00
0.0000e+00
2.0981e-05
0.0000e+00
9.5367e-07
0.0000e+00
0.0000e+00
9.5367e-07
9.5367e-07
1.1921e-06
0.0000e+00
2.1935e-05
9.5367e-07
0.0000e+00
2.0981e-05
9.5367e-07
0.0000e+00
2.1935e-05
9.5367e-07
0.0000e+00
2.1935e-05
9.5367e-07
3.8409e-04
0.0000e+00
0.0000e+00
4.0531e-06
0.0000e+00
1.1921e-06
2.1100e-04
0.0000e+00
0.0000e+00
1.4067e-05
9.5367e-07
9.5367e-07
0.0000e+00
2.1935e-05
0.0000e+00
0.0000e+00
2.0981e-05
9.5367e-07
1.0395e-04
0.0000e+00
0.0000e+00
2.8610e-06
0.0000e+00
1.1921e-06
0.0000e+00
2.1935e-05
1.1921e-06
5.1975e-05
0.0000e+00
0.0000e+00
0.0000e+00
2.2173e-05
0.0000e+00
1.3614e-04
9.5367e-07
9.5367e-07
0.0000e+00
2.0981e-05
1.1921e-06
7.8678e-06
0.0000e+00
0.0000e+00
0.0000e+00
2.1935e-05
0.0000e+00
0.0000e+00
2.0981e-05
0.0000e+00
0.0000e+00
2.0981e-05
9.5367e-07
1.2589e-04
0.0000e+00
9.5367e-07
1.4067e-05
9.5367e-07
1.1921e-06
0.0000e+00
2.3842e-05
9.5367e-07
0.0000e+00
2.1935e-05
9.5367e-07
0.0000e+00
2.0981e-05
0.0000e+00
0.0000e+00
2.0981e-05
9.5367e-07
0.0000e+00
2.0981e-05
0.0000e+00
0.0000e+00
2.0981e-05
9.5367e-07
0.0000e+00
2.0981e-05
9.5367e-07
0.0000e+00
2.9087e-05
9.5367e-07
0.0000e+00
2.0981e-05
0.0000e+00
1.0586e-04
0.0000e+00
0.0000e+00
7.4863e-05
1.1921e-06
0.0000e+00
0.0000e+00
2.0981e-05
0.0000e+00
4.0531e-06
0.0000e+00
1.1921e-06
1.9073e-06
0.0000e+00
9.5367e-07
0.0000e+00
2.0981e-05
0.0000e+00
0.0000e+00
2.0981e-05
9.5367e-07
3.6716e-04
0.0000e+00
0.0000e+00
0.0000e+00
3.2902e-05
1.1921e-06
0.0000e+00
2.1935e-05
0.0000e+00
0.0000e+00
2.0981e-05
0.0000e+00
8.8215e-06
1.1921e-06
9.5367e-07
0.0000e+00
2.0981e-05
0.0000e+00
4.0531e-06
0.0000e+00
1.1921e-06
0.0000e+00
2.1935e-05
0.0000e+00
0.0000e+00
2.2173e-05
1.1921e-06
0.0000e+00
2.0981e-05
9.5367e-07
0.0000e+00
2.9087e-05
9.5367e-07
0.0000e+00
2.0981e-05
0.0000e+00
0.0000e+00
2.1935e-05
0.0000e+00
0.0000e+00
2.0981e-05
9.5367e-07
1.9217e-04
9.5367e-07
9.5367e-07
9.5367e-07
0.0000e+00
1.1921e-06
0.0000e+00
2.1935e-05
9.5367e-07
0.0000e+00
2.0981e-05
0.0000e+00
2.3198e-04
9.5367e-07
9.5367e-07
1.4067e-05
9.5367e-07
0.0000e+00
0.0000e+00
2.1935e-05
0.0000e+00
0.0000e+00
2.0981e-05
0.0000e+00
0.0000e+00
2.3127e-05
9.5367e-07
3.0994e-06
0.0000e+00
9.5367e-07
0.0000e+00
2.5988e-05
9.5367e-07
0.0000e+00
2.1219e-05
9.5367e-07
0.0000e+00
2.0981e-05
0.0000e+00
0.0000e+00
2.0981e-05
1.1921e-06
0.0000e+00
2.9802e-05
1.1921e-06
0.0000e+00
2.0981e-05
9.5367e-07
0.0000e+00
2.1935e-05
9.5367e-07
6.5088e-05
0.0000e+00
0.0000e+00
1.9789e-04
0.0000e+00
0.0000e+00
0.0000e+00
2.1935e-05
0.0000e+00
0.0000e+00
2.2173e-05
9.5367e-07
9.2983e-05
0.0000e+00
9.5367e-07
0.0000e+00
2.0981e-05
9.5367e-07
0.0000e+00
3.0041e-05
9.5367e-07
3.7909e-05
9.5367e-07
1.1921e-06
0.0000e+00
2.0981e-05
9.5367e-07
0.0000e+00
2.1935e-05
1.1921e-06
0.0000e+00
2.0981e-05
9.5367e-07
9.0599e-06
9.5367e-07
9.5367e-07
0.0000e+00
2.0981e-05
0.0000e+00
1.5998e-04
0.0000e+00
0.0000e+00
0.0000e+00
2.2173e-05
0.0000e+00
2.4700e-04
9.5367e-07
0.0000e+00
0.0000e+00
2.3127e-05
9.5367e-07
1.5020e-05
0.0000e+00
0.0000e+00
0.0000e+00
2.2173e-05
9.5367e-07
0.0000e+00
2.0981e-05
0.0000e+00
0.0000e+00
2.0981e-05
1.1921e-06
0.0000e+00
2.1935e-05
9.5367e-07
0.0000e+00
2.0981e-05
9.5367e-07
2.1458e-06
9.5367e-07
9.5367e-07
0.0000e+00
2.8133e-05
9.5367e-07
0.0000e+00
2.2888e-05
1.1921e-06
0.0000e+00
2.1935e-05
9.5367e-07
0.0000e+00
2.0981e-05
0.0000e+00
2.5105e-04
0.0000e+00
9.5367e-07
1.2159e-05
0.0000e+00
0.0000e+00
0.0000e+00
2.1935e-05
1.1921e-06
0.0000e+00
2.0981e-05
9.5367e-07
1.1110e-04
9.5367e-07
9.5367e-07
0.0000e+00
2.9087e-05
9.5367e-07
1.1921e-06
0.0000e+00
0.0000e+00
3.3140e-05
0.0000e+00
0.0000e+00
0.0000e+00
2.3127e-05
9.5367e-07
0.0000e+00
2.1935e-05
9.5367e-07
1.9193e-04
1.1921e-06
9.5367e-07
0.0000e+00
2.1935e-05
9.5367e-07
7.2956e-05
1.1921e-06
9.5367e-07
0.0000e+00
2.1935e-05
9.5367e-07
0.0000e+00
2.0027e-05
1.1921e-06
0.0000e+00
2.7895e-05
9.5367e-07
0.0000e+00
2.2173e-05
9.5367e-07
2.8610e-06
1.1921e-06
9.5367e-07
3.6955e-05
9.5367e-07
9.5367e-07
0.0000e+00
2.2173e-05
0.0000e+00
1.8501e-04
0.0000e+00
0.0000e+00
1.5020e-05
0.0000e+00
9.5367e-07
0.0000e+00
2.3127e-05
9.5367e-07
6.6042e-05
2.8610e-06
5.9605e-06
0.0000e+00
8.3923e-05
1.9073e-06
2.0981e-05
1.1921e-06
4.0531e-06
0.0000e+00
6.2943e-05
4.0531e-06
0.0000e+00
5.6028e-05
5.0068e-06
1.1921e-05
9.5367e-07
1.9073e-06
0.0000e+00
5.5075e-05
4.0531e-06
0.0000e+00
5.3167e-05
5.0068e-06
8.8215e-06
0.0000e+00
4.0531e-06
0.0000e+00
5.2929e-05
2.8610e-06
0.0000e+00
5.2929e-05
3.8147e-06
0.0000e+00
6.8903e-05
3.0994e-06
9.0599e-06
9.5367e-07
2.8610e-06
0.0000e+00
5.5790e-05
4.0531e-06
4.0531e-06
9.5367e-07
3.8147e-06
0.0000e+00
5.6028e-05
2.1458e-06
0.0000e+00
5.4121e-05
3.0994e-06
1.0204e-04
1.1921e-06
4.0531e-06
0.0000e+00
5.6028e-05
1.9073e-06
0.0000e+00
5.1975e-05
1.9073e-06
0.0000e+00
7.0095e-05
4.0531e-06
9.0599e-06
9.5367e-07
1.9073e-06
0.0000e+00
5.6982e-05
2.8610e-06
0.0000e+00
5.2929e-05
5.0068e-06
0.0000e+00
5.2929e-05
5.0068e-06
4.0531e-06
9.5367e-07
1.9073e-06
1.0967e-05
9.5367e-07
1.9073e-06
0.0000e+00
5.3883e-05
1.9073e-06
0.0000e+00
5.3167e-05
2.8610e-06
0.0000e+00
6.3181e-05
3.0994e-06
0.0000e+00
5.6028e-05
4.7684e-06
0.0000e+00
5.2929e-05
2.8610e-06
1.1921e-05
1.1921e-06
2.1458e-06
4.0531e-06
9.5367e-07
3.0994e-06
0.0000e+00
5.3883e-05
5.9605e-06
0.0000e+00
5.3167e-05
2.1458e-06
0.0000e+00
5.2929e-05
1.9073e-06
1.0967e-05
9.5367e-07
1.9073e-06
4.0531e-06
1.1921e-06
2.1458e-06
0.0000e+00
6.9857e-05
4.0531e-06
0.0000e+00
5.4121e-05
3.8147e-06
0.0000e+00
5.1975e-05
3.8147e-06
0.0000e+00
5.1975e-05
4.0531e-06
5.9605e-06
9.5367e-07
9.5367e-07
1.0014e-05
1.1921e-06
2.1458e-06
4.0531e-06
9.5367e-07
9.5367e-07
0.0000e+00
5.3883e-05
2.1458e-06
0.0000e+00
5.5075e-05
2.8610e-06
3.6001e-05
9.5367e-07
1.9073e-06
0.0000e+00
7.4148e-05
4.0531e-06
0.0000e+00
5.4121e-05
5.0068e-06
0.0000e+00
5.3883e-05
4.0531e-06
4.3869e-05
9.5367e-07
2.8610e-06
0.0000e+00
5.5075e-05
2.8610e-06
0.0000e+00
5.3883e-05
1.9073e-06
0.0000e+00
5.2929e-05
1.9073e-06
0.0000e+00
5.2214e-05
5.0068e-06
0.0000e+00
6.9141e-05
5.0068e-06
1.0967e-05
0.0000e+00
4.0531e-06
0.0000e+00
5.3883e-05
4.0531e-06
0.0000e+00
5.2929e-05
3.0994e-06
0.0000e+00
5.4121e-05
2.1458e-06
0.0000e+00
5.1975e-05
1.9073e-06
7.8678e-06
1.1921e-06
1.9073e-06
0.0000e+00
5.6982e-05
5.0068e-06
8.1062e-06
9.5367e-07
1.9073e-06
6.3896e-05
9.5367e-07
3.0994e-06
0.0000e+00
5.5075e-05
1.9073e-06
8.1062e-06
1.1921e-06
2.1458e-06
4.0531e-06
9.5367e-07
1.9073e-06
4.0531e-06
0.0000e+00
2.1458e-06
2.0027e-05
9.5367e-07
1.9073e-06
0.0000e+00
5.3883e-05
5.0068e-06
4.0531e-06
9.5367e-07
1.9073e-06
0.0000e+00
5.4121e-05
1.9073e-06
4.0531e-06
0.0000e+00
3.0994e-06
0.0000e+00
5.4121e-05
4.0531e-06
4.0531e-06
1.1921e-06
2.1458e-06
0.0000e+00
7.0095e-05
2.8610e-06
9.0599e-06
1.1921e-06
3.8147e-06
0.0000e+00
5.6028e-05
2.1458e-06
0.0000e+00
5.2929e-05
3.0994e-06
0.0000e+00
5.3883e-05
4.0531e-06
0.0000e+00
5.2929e-05
3.0994e-06
2.3794e-04
1.1921e-06
3.0994e-06
4.0531e-06
9.5367e-07
2.1458e-06
0.0000e+00
5.4836e-05
3.0994e-06
0.0000e+00
7.3910e-05
5.9605e-06
5.0068e-06
0.0000e+00
2.1458e-06
9.0599e-06
0.0000e+00
1.9073e-06
4.0531e-06
9.5367e-07
9.5367e-07
1.0180e-04
0.0000e+00
2.1458e-06
0.0000e+00
6.1989e-05
1.9073e-06
0.0000e+00
5.3883e-05
2.8610e-06
0.0000e+00
5.2929e-05
2.8610e-06
3.8147e-06
0.0000e+00
2.1458e-06
0.0000e+00
5.5075e-05
2.1458e-06
6.9141e-06
9.5367e-07
4.0531e-06
0.0000e+00
5.6982e-05
3.0994e-06
0.0000e+00
5.2929e-05
4.0531e-06
1.5020e-05
9.5367e-07
2.1458e-06
8.2970e-05
9.5367e-07
4.0531e-06
0.0000e+00
5.4121e-05
3.8147e-06
3.8147e-06
0.0000e+00
1.9073e-06
5.1975e-05
1.1921e-06
3.0994e-06
0.0000e+00
5.5075e-05
1.9073e-06
0.0000e+00
5.2929e-05
2.8610e-06
0.0000e+00
5.2929e-05
4.0531e-06
0.0000e+00
5.6982e-05
4.0531e-06
1.2159e-05
9.5367e-07
3.0994e-06
0.0000e+00
5.3883e-05
3.0994e-06
0.0000e+00
5.2929e-05
5.0068e-06
0.0000e+00
5.1975e-05
2.1458e-06
1.3828e-05
9.5367e-07
1.9073e-06
1.3113e-05
9.5367e-07
4.0531e-06
2.8610e-06
0.0000e+00
3.0994e-06
0.0000e+00
5.4121e-05
5.0068e-06
3.2902e-05
1.1921e-06
2.8610e-06
7.8678e-06
9.5367e-07
2.8610e-06
0.0000e+00
5.6982e-05
2.1458e-06
0.0000e+00
5.2929e-05
4.0531e-06
0.0000e+00
5.2929e-05
1.9073e-06
3.8147e-06
9.5367e-07
3.0994e-06
0.0000e+00
5.4121e-05
3.0994e-06
0.0000e+00
5.4121e-05
3.0994e-06
0.0000e+00
5.3883e-05
1.9073e-06
0.0000e+00
7.1049e-05
4.0531e-06
0.0000e+00
5.5075e-05
5.0068e-06
0.0000e+00
5.4121e-05
4.0531e-06
0.0000e+00
5.4121e-05
3.8147e-06
0.0000e+00
5.1975e-05
1.9073e-06
0.0000e+00
5.2929e-05
1.9073e-06
0.0000e+00
5.3167e-05
3.0994e-06
0.0000e+00
5.2929e-05
3.0994e-06
0.0000e+00
6.9141e-05
2.1458e-06
0.0000e+00
5.2929e-05
4.0531e-06
1.0967e-05
9.5367e-07
2.8610e-06
3.8147e-06
9.5367e-07
9.5367e-07
0.0000e+00
5.5075e-05
2.8610e-06
4.0531e-06
9.5367e-07
2.1458e-06
0.0000e+00
6.1035e-05
2.8610e-06
0.0000e+00
5.3883e-05
1.9073e-06
8.1062e-06
9.5367e-07
3.0994e-06
0.0000e+00
5.6028e-05
3.0994e-06
0.0000e+00
5.6028e-05
5.0068e-06
5.9605e-06
1.1921e-06
2.1458e-06
9.0599e-06
9.5367e-07
1.9073e-06
4.0531e-06
9.5367e-07
2.1458e-06
0.0000e+00
5.4836e-05
4.0531e-06
0.0000e+00
5.2929e-05
4.0531e-06
0.0000e+00
5.1975e-05
4.0531e-06
0.0000e+00
5.1975e-05
3.0994e-06
0.0000e+00
5.1975e-05
3.0994e-06
0.0000e+00
5.5075e-05
3.8147e-06
0.0000e+00
5.2929e-05
1.9073e-06
0.0000e+00
5.1975e-05
5.0068e-06
0.0000e+00
5.3883e-05
5.9605e-06
0.0000e+00
5.2929e-05
1.9073e-06
1.0014e-05
1.1921e-06
2.1458e-06
0.0000e+00
5.2929e-05
4.0531e-06
0.0000e+00
5.1975e-05
1.9073e-06
0.0000e+00
7.2002e-05
2.8610e-06
0.0000e+00
5.2929e-05
1.9073e-06
5.0068e-06
9.5367e-07
1.9073e-06
0.0000e+00
5.4121e-05
5.0068e-06
0.0000e+00
5.1975e-05
5.0068e-06
4.0531e-06
9.5367e-07
1.9073e-06
0.0000e+00
5.3167e-05
3.0994e-06
0.0000e+00
5.2929e-05
4.0531e-06
0.0000e+00
5.1022e-05
2.8610e-06
0.0000e+00
5.4836e-05
5.9605e-06
0.0000e+00
6.1989e-05
3.0994e-06
0.0000e+00
5.2929e-05
1.9073e-06
9.0599e-06
1.1921e-06
2.1458e-06
0.0000e+00
5.4121e-05
3.0994e-06
0.0000e+00
5.4121e-05
2.1458e-06
4.0531e-06
9.5367e-07
1.9073e-06
2.8610e-06
1.1921e-06
2.1458e-06
0.0000e+00
5.2929e-05
2.8610e-06
0.0000e+00
5.5790e-05
2.1458e-06
1.1921e-05
9.5367e-07
2.1458e-06
0.0000e+00
5.5075e-05
5.0068e-06
5.0068e-06
9.5367e-07
1.9073e-06
0.0000e+00
5.4121e-05
5.0068e-06
5.0068e-06
9.5367e-07
2.8610e-06
0.0000e+00
5.3883e-05
1.9073e-06
2.8610e-06
1.1921e-06
3.0994e-06
9.1076e-05
9.5367e-07
3.0994e-06
0.0000e+00
6.6042e-05
3.0994e-06
0.0000e+00
7.2956e-05
4.0531e-06
0.0000e+00
5.2929e-05
5.0068e-06
0.0000e+00
5.3167e-05
5.0068e-06
0.0000e+00
5.3883e-05
9.5367e-07
1.1921e-05
9.5367e-07
3.0994e-06
4.0531e-06
9.5367e-07
9.5367e-07
0.0000e+00
5.5075e-05
3.8147e-06
0.0000e+00
5.3167e-05
2.1458e-06
0.0000e+00
5.1975e-05
2.8610e-06
6.9141e-06
9.5367e-07
1.9073e-06
0.0000e+00
5.6028e-05
1.9073e-06
0.0000e+00
5.2214e-05
3.0994e-06
4.0531e-06
0.0000e+00
2.1458e-06
0.0000e+00
5.2929e-05
4.0531e-06
0.0000e+00
5.1975e-05
5.0068e-06
0.0000e+00
5.5075e-05
1.9073e-06
0.0000e+00
5.2214e-05
2.1458e-06
0.0000e+00
7.8917e-05
3.0994e-06
0.0000e+00
5.5075e-05
5.0068e-06
0.0000e+00
5.3883e-05
1.9073e-06
0.0000e+00
5.1975e-05
2.1458e-06
0.0000e+00
5.1975e-05
5.0068e-06
0.0000e+00
5.3167e-05
4.0531e-06
0.0000e+00
5.4121e-05
5.9605e-06
0.0000e+00
5.1975e-05
3.8147e-06
0.0000e+00
5.6028e-05
1.9073e-06
0.0000e+00
5.2929e-05
5.0068e-06
0.0000e+00
5.3167e-05
4.0531e-06
0.0000e+00
6.1035e-05
5.0068e-06
0.0000e+00
5.3883e-05
2.1458e-06
0.0000e+00
5.2929e-05
4.0531e-06
6.9141e-06
9.5367e-07
2.1458e-06
5.1975e-05
9.5367e-07
3.0994e-06
0.0000e+00
7.2956e-05
5.0068e-06
9.0599e-06
1.1921e-06
3.0994e-06
0.0000e+00
5.4121e-05
3.0994e-06
0.0000e+00
5.4121e-05
3.0994e-06
0.0000e+00
5.3167e-05
4.0531e-06
4.0531e-06
0.0000e+00
1.9073e-06
0.0000e+00
5.4121e-05
2.8610e-06
3.0994e-06
1.1921e-06
2.1458e-06
0.0000e+00
5.5075e-05
4.0531e-06
4.0531e-06
0.0000e+00
1.9073e-06
0.0000e+00
7.2956e-05
5.0068e-06
0.0000e+00
6.2943e-05
1.9073e-06
0.0000e+00
5.4836e-05
3.0994e-06
1.1921e-05
9.5367e-07
3.8147e-06
3.8147e-06
9.5367e-07
2.1458e-06
0.0000e+00
5.5075e-05
3.8147e-06
0.0000e+00
5.3883e-05
4.0531e-06
0.0000e+00
5.2929e-05
4.0531e-06
0.0000e+00
5.1975e-05
1.9073e-06
0.0000e+00
5.6028e-05
5.0068e-06
0.0000e+00
5.3167e-05
4.0531e-06
0.0000e+00
5.3167e-05
5.0068e-06
2.0027e-05
0.0000e+00
2.8610e-06
4.0531e-06
1.1921e-06
2.1458e-06
1.0967e-05
9.5367e-07
2.1458e-06
9.7990e-05
9.5367e-07
2.8610e-06
3.8147e-06
9.5367e-07
2.8610e-06
0.0000e+00
6.4135e-05
2.8610e-06
0.0000e+00
5.2929e-05
4.0531e-06
0.0000e+00
5.3883e-05
2.1458e-06
1.1921e-05
0.0000e+00
3.0994e-06
0.0000e+00
5.4121e-05
2.8610e-06
6.3181e-05
0.0000e+00
3.0994e-06
4.0531e-06
0.0000e+00
1.9073e-06
4.0531e-06
9.5367e-07
2.1458e-06
1.6928e-05
9.5367e-07
2.1458e-06
1.1921e-05
9.5367e-07
2.1458e-06
0.0000e+00
5.5075e-05
5.0068e-06
2.8610e-06
9.5367e-07
4.0531e-06
0.0000e+00
5.5075e-05
1.9073e-06
1.2398e-04
9.5367e-07
2.8610e-06
0.0000e+00
5.6028e-05
3.0994e-06
0.0000e+00
5.2929e-05
3.0994e-06
4.0531e-06
0.0000e+00
2.1458e-06
0.0000e+00
5.4121e-05
3.0994e-06
0.0000e+00
5.3167e-05
2.1458e-06
0.0000e+00
5.4121e-05
3.0994e-06
0.0000e+00
5.4121e-05
2.1458e-06
5.0068e-06
9.5367e-07
1.9073e-06
0.0000e+00
7.2956e-05
3.8147e-06
0.0000e+00
5.5790e-05
2.1458e-06
0.0000e+00
5.3883e-05
5.0068e-06
0.0000e+00
5.2929e-05
5.9605e-06
0.0000e+00
5.3167e-05
4.7684e-06
0.0000e+00
5.2929e-05
5.0068e-06
0.0000e+00
5.1975e-05
2.8610e-06
0.0000e+00
5.4121e-05
3.0994e-06
0.0000e+00
5.6028e-05
5.0068e-06
0.0000e+00
5.5075e-05
2.8610e-06
2.1219e-05
9.5367e-07
1.9073e-06
3.0994e-06
9.5367e-07
2.1458e-06
5.7936e-05
9.5367e-07
3.0994e-06
0.0000e+00
5.4121e-05
4.0531e-06
0.0000e+00
5.4121e-05
6.9141e-06
0.0000e+00
5.4121e-05
5.0068e-06
5.0068e-06
9.5367e-07
9.5367e-07
1.0967e-05
0.0000e+00
2.8610e-06
0.0000e+00
5.6028e-05
3.8147e-06
0.0000e+00
5.2929e-05
2.8610e-06
8.8215e-06
1.1921e-06
2.1458e-06
4.0531e-06
9.5367e-07
2.8610e-06
2.0981e-05
9.5367e-07
1.9073e-06
0.0000e+00
5.6028e-05
5.0068e-06
0.0000e+00
5.4121e-05
5.0068e-06
4.2915e-05
9.5367e-07
2.1458e-06
0.0000e+00
6.1989e-05
2.8610e-06
0.0000e+00
5.2929e-05
3.0994e-06
0.0000e+00
5.6028e-05
1.9073e-06
9.0599e-06
1.1921e-06
2.1458e-06
0.0000e+00
5.4121e-05
2.1458e-06
0.0000e+00
5.2929e-05
1.9073e-06
0.0000e+00
5.1975e-05
5.0068e-06
5.9605e-06
9.5367e-07
1.9073e-06
7.8678e-06
1.1921e-06
1.9073e-06
1.3113e-05
0.0000e+00
1.9073e-06
0.0000e+00
5.2929e-05
4.0531e-06
0.0000e+00
6.9857e-05
5.0068e-06
9.0599e-06
9.5367e-07
1.9073e-06
0.0000e+00
5.3883e-05
4.0531e-06
4.6968e-05
9.5367e-07
4.0531e-06
3.0994e-06
9.5367e-07
1.9073e-06
0.0000e+00
6.1989e-05
2.8610e-06
1.2159e-05
0.0000e+00
3.0994e-06
6.2943e-05
0.0000e+00
4.0531e-06
3.0994e-06
9.5367e-07
3.0994e-06
7.8678e-06
9.5367e-07
9.5367e-07
0.0000e+00
5.6028e-05
5.9605e-06
4.3869e-05
0.0000e+00
3.8147e-06
3.8147e-06
1.5974e-05
2.8610e-06
3.3855e-05
0.0000e+00
4.0531e-06
4.0531e-06
1.1921e-06
2.1458e-06
0.0000e+00
5.6028e-05
2.8610e-06
0.0000e+00
5.2929e-05
5.0068e-06
0.0000e+00
5.1975e-05
5.0068e-06
0.0000e+00
5.1975e-05
1.9073e-06
9.0599e-06
1.1921e-06
3.0994e-06
0.0000e+00
5.5075e-05
2.8610e-06
0.0000e+00
5.1975e-05
4.0531e-06
5.9605e-06
1.1921e-06
2.1458e-06
0.0000e+00
6.3896e-05
2.1458e-06
0.0000e+00
5.3883e-05
3.0994e-06
0.0000e+00
5.1975e-05
4.0531e-06
7.8678e-06
9.5367e-07
2.8610e-06
0.0000e+00
5.3883e-05
2.8610e-06
3.8147e-06
9.5367e-07
9.5367e-07
3.0994e-06
9.5367e-07
1.9073e-06
1.0395e-04
9.5367e-07
3.0994e-06
4.0531e-06
0.0000e+00
2.1458e-06
0.0000e+00
7.2956e-05
5.0068e-06
0.0000e+00
5.5075e-05
4.0531e-06
9.0599e-06
9.5367e-07
1.9073e-06
0.0000e+00
5.4836e-05
3.0994e-06
0.0000e+00
5.5075e-05
3.0994e-06
4.0531e-06
9.5367e-07
3.0994e-06
8.8215e-06
1.1921e-06
2.1458e-06
0.0000e+00
5.3883e-05
4.0531e-06
1.1301e-04
9.5367e-07
3.8147e-06
0.0000e+00
5.4836e-05
2.1458e-06
0.0000e+00
7.3910e-05
5.0068e-06
0.0000e+00
5.3167e-05
2.1458e-06
2.3127e-05
9.5367e-07
4.0531e-06
0.0000e+00
5.2929e-05
1.9073e-06
5.0068e-06
9.5367e-07
1.1921e-06
1.4067e-05
0.0000e+00
1.9073e-06
0.0000e+00
5.3883e-05
5.9605e-06
8.1062e-06
9.5367e-07
2.8610e-06
5.0068e-06
9.5367e-07
1.9073e-06
0.0000e+00
5.4121e-05
2.8610e-06
0.0000e+00
7.2002e-05
5.9605e-06
8.1062e-06
9.5367e-07
2.1458e-06
0.0000e+00
5.3883e-05
3.0994e-06
3.6001e-05
9.5367e-07
3.0994e-06
4.0531e-06
9.5367e-07
1.9073e-06
0.0000e+00
6.1989e-05
2.1458e-06
5.0068e-06
9.5367e-07
1.9073e-06
0.0000e+00
5.3883e-05
5.0068e-06
0.0000e+00
5.4121e-05
5.0068e-06
0.0000e+00
5.1975e-05
5.9605e-06
4.0531e-06
0.0000e+00
3.0994e-06
0.0000e+00
5.6028e-05
5.0068e-06
0.0000e+00
5.3883e-05
4.0531e-06
0.0000e+00
5.3167e-05
3.0994e-06
5.0068e-06
0.0000e+00
2.1458e-06
0.0000e+00
5.3883e-05
4.0531e-06
4.0531e-06
9.5367e-07
1.9073e-06
0.0000e+00
5.4121e-05
2.8610e-06
5.0068e-06
9.5367e-07
2.8610e-06
0.0000e+00
5.2929e-05
3.0994e-06
5.0068e-06
1.1921e-06
2.1458e-06
0.0000e+00
5.6028e-05
1.9073e-06
0.0000e+00
6.1035e-05
1.9073e-06
0.0000e+00
5.2929e-05
4.0531e-06
5.3883e-05
9.5367e-07
2.8610e-06
4.0531e-06
1.1921e-06
2.1458e-06
0.0000e+00
5.5075e-05
3.0994e-06
4.0531e-06
1.1921e-06
2.1458e-06
0.0000e+00
5.5075e-05
5.0068e-06
9.6083e-05
9.5367e-07
2.1458e-06
4.0531e-06
1.6928e-05
4.0531e-06
0.0000e+00
5.6028e-05
4.0531e-06
4.9829e-05
9.5367e-07
2.8610e-06
0.0000e+00
5.4836e-05
1.9073e-06
0.0000e+00
5.2929e-05
5.0068e-06
5.0068e-06
9.5367e-07
1.9073e-06
0.0000e+00
5.5075e-05
5.0068e-06
4.0531e-06
9.5367e-07
1.9073e-06
0.0000e+00
6.0797e-05
3.0994e-06
5.5075e-05
9.5367e-07
3.0994e-06
4.0531e-06
9.5367e-07
2.8610e-06
7.8678e-06
9.5367e-07
1.9073e-06
0.0000e+00
5.4836e-05
5.0068e-06
8.1062e-06
9.5367e-07
1.9073e-06
3.8147e-06
0.0000e+00
1.9073e-06
1.3113e-05
9.5367e-07
2.8610e-06
0.0000e+00
5.3883e-05
5.0068e-06
0.0000e+00
5.2929e-05
2.1458e-06
0.0000e+00
5.1975e-05
1.9073e-06
6.1989e-06
9.5367e-07
2.8610e-06
7.1526e-06
9.5367e-07
2.8610e-06
6.9141e-06
9.5367e-07
3.0994e-06
0.0000e+00
7.1049e-05
3.0994e-06
0.0000e+00
5.4121e-05
1.9073e-06
0.0000e+00
5.4121e-05
3.8147e-06
1.5092e-04
9.5367e-07
4.0531e-06
5.9605e-06
9.5367e-07
1.9073e-06
9.0599e-06
0.0000e+00
9.5367e-07
0.0000e+00
5.6028e-05
5.0068e-06
0.0000e+00
5.2929e-05
5.0068e-06
2.7013e-04
9.5367e-07
4.0531e-06
0.0000e+00
5.4836e-05
3.0994e-06
0.0000e+00
5.6028e-05
1.9073e-06
0.0000e+00
5.2929e-05
4.0531e-06
6.9141e-06
1.1921e-06
2.1458e-06
0.0000e+00
5.5075e-05
1.9073e-06
0.0000e+00
5.2214e-05
2.1458e-06
7.8678e-06
9.5367e-07
1.9073e-06
0.0000e+00
6.1035e-05
1.9073e-06
0.0000e+00
5.3883e-05
5.9605e-06
4.0531e-06
9.5367e-07
3.0994e-06
5.0068e-06
1.1921e-06
2.1458e-06
9.2983e-05
0.0000e+00
4.0531e-06
0.0000e+00
5.6028e-05
1.9073e-06
0.0000e+00
5.2929e-05
1.9073e-06
7.1526e-06
9.5367e-07
2.8610e-06
1.0014e-05
9.5367e-07
1.9073e-06
1.0800e-04
9.5367e-07
4.0531e-06
0.0000e+00
5.4836e-05
2.1458e-06
0.0000e+00
5.3883e-05
5.9605e-06
3.8147e-06
0.0000e+00
3.0994e-06
0.0000e+00
5.4121e-05
4.0531e-06
0.0000e+00
5.5075e-05
4.0531e-06
0.0000e+00
6.1035e-05
3.0994e-06
0.0000e+00
5.4121e-05
5.0068e-06
0.0000e+00
5.3883e-05
5.9605e-06
0.0000e+00
5.1975e-05
4.0531e-06
0.0000e+00
5.1975e-05
4.0531e-06
2.9087e-05
1.1921e-06
3.0994e-06
0.0000e+00
5.6028e-05
3.0994e-06
0.0000e+00
5.6028e-05
1.9073e-06
3.8147e-06
9.5367e-07
9.5367e-07
0.0000e+00
5.3167e-05
4.0531e-06
4.0531e-06
9.5367e-07
9.5367e-07
1.0014e-05
9.5367e-07
1.9073e-06
0.0000e+00
5.3883e-05
5.0068e-06
4.0531e-06
9.5367e-07
3.0994e-06
0.0000e+00
5.2929e-05
5.0068e-06
1.1897e-04
9.5367e-07
3.0994e-06
0.0000e+00
5.5075e-05
3.8147e-06
8.8215e-06
9.5367e-07
1.9073e-06
0.0000e+00
5.5075e-05
4.0531e-06
0.0000e+00
5.4121e-05
4.0531e-06
0.0000e+00
5.3167e-05
4.0531e-06
0.0000e+00
5.2929e-05
2.8610e-06
6.1989e-06
9.5367e-07
1.9073e-06
8.1062e-06
9.5367e-07
1.9073e-06
4.0531e-06
1.1921e-06
2.1458e-06
0.0000e+00
5.5075e-05
5.0068e-06
6.3896e-05
0.0000e+00
3.0994e-06
0.0000e+00
7.0095e-05
1.9073e-06
5.9605e-06
1.1921e-06
9.5367e-07
0.0000e+00
5.5075e-05
1.9073e-06
0.0000e+00
5.3167e-05
3.0994e-06
0.0000e+00
6.0081e-05
2.8610e-06
0.0000e+00
5.2929e-05
1.9073e-06
0.0000e+00
5.4121e-05
1.9073e-06
0.0000e+00
5.3167e-05
5.0068e-06
2.6226e-05
9.5367e-07
2.8610e-06
0.0000e+00
5.6982e-05
1.9073e-06
0.0000e+00
5.4121e-05
5.0068e-06
0.0000e+00
5.2929e-05
5.0068e-06
9.0599e-06
9.5367e-07
3.0994e-06
0.0000e+00
5.4121e-05
3.0994e-06
5.0068e-06
9.5367e-07
2.1458e-06
0.0000e+00
5.5075e-05
2.1458e-06
0.0000e+00
5.4121e-05
2.1458e-06
5.9605e-06
0.0000e+00
2.1458e-06
8.1062e-06
9.5367e-07
2.8610e-06
0.0000e+00
5.6028e-05
1.9073e-06
4.0531e-06
0.0000e+00
1.9073e-06
0.0000e+00
6.1989e-05
5.0068e-06
0.0000e+00
5.2929e-05
1.9073e-06
3.4094e-05
9.5367e-07
1.9073e-06
0.0000e+00
5.4836e-05
2.1458e-06
0.0000e+00
5.2929e-05
1.9073e-06
0.0000e+00
5.1022e-05
7.1526e-06
0.0000e+00
7.3910e-05
5.0068e-06
9.0599e-06
9.5367e-07
4.0531e-06
4.6968e-05
1.1921e-06
4.0531e-06
3.0994e-06
9.5367e-07
2.8610e-06
0.0000e+00
5.6028e-05
3.0994e-06
0.0000e+00
5.3167e-05
5.9605e-06
0.0000e+00
5.1975e-05
5.9605e-06
0.0000e+00
5.2929e-05
6.1989e-06
5.0068e-06
9.5367e-07
1.9073e-06
6.4135e-05
9.5367e-07
3.0994e-06
0.0000e+00
7.1049e-05
5.0068e-06
9.0599e-06
0.0000e+00
9.5367e-07
0.0000e+00
5.4836e-05
4.0531e-06
0.0000e+00
5.1975e-05
6.9141e-06
3.8147e-06
9.5367e-07
3.0994e-06
0.0000e+00
5.5075e-05
2.8610e-06
0.0000e+00
5.4121e-05
2.8610e-06
0.0000e+00
5.1975e-05
2.1458e-06
4.0531e-06
9.5367e-07
2.1458e-06
1.3828e-05
9.5367e-07
2.8610e-06
9.2983e-05
9.5367e-07
2.8610e-06
4.0531e-06
1.1921e-06
2.1458e-06
1.4067e-05
9.5367e-07
1.9073e-06
0.0000e+00
5.6028e-05
5.0068e-06
3.0994e-06
0.0000e+00
9.5367e-07
1.3828e-05
9.5367e-07
3.8147e-06
0.0000e+00
5.5075e-05
2.8610e-06
5.0068e-06
9.5367e-07
4.0531e-06
0.0000e+00
5.4121e-05
4.0531e-06
4.0531e-06
0.0000e+00
9.5367e-07
0.0000e+00
5.4836e-05
3.0994e-06
0.0000e+00
7.3910e-05
5.0068e-06
0.0000e+00
5.2929e-05
1.9073e-06
6.1989e-06
0.0000e+00
1.9073e-06
0.0000e+00
5.6028e-05
1.9073e-06
0.0000e+00
5.2929e-05
1.9073e-06
1.1206e-05
9.5367e-07
1.9073e-06
0.0000e+00
5.4121e-05
3.0994e-06
0.0000e+00
5.3167e-05
5.9605e-06
3.8147e-06
9.5367e-07
3.0994e-06
1.7166e-05
9.5367e-07
1.9073e-06
5.0068e-06
1.1921e-06
2.1458e-06
0.0000e+00
5.6982e-05
2.8610e-06
0.0000e+00
5.2929e-05
1.9073e-06
4.0531e-06
0.0000e+00
2.1458e-06
0.0000e+00
6.1989e-05
2.8610e-06
1.3304e-04
9.5367e-07
5.0068e-06
0.0000e+00
5.6028e-05
1.9073e-06
0.0000e+00
5.4121e-05
4.7684e-06
5.0068e-06
9.5367e-07
1.9073e-06
0.0000e+00
7.4148e-05
3.0994e-06
0.0000e+00
5.4121e-05
2.8610e-06
8.8215e-06
9.5367e-07
2.8610e-06
4.0531e-06
1.1921e-06
3.0994e-06
0.0000e+00
5.4121e-05
2.1458e-06
0.0000e+00
5.2929e-05
4.0531e-06
0.0000e+00
5.1975e-05
5.0068e-06
0.0000e+00
5.3167e-05
3.0994e-06
0.0000e+00
5.1975e-05
1.9073e-06
8.8215e-06
9.5367e-07
3.8147e-06
9.7990e-05
0.0000e+00
2.8610e-06
2.8610e-06
9.5367e-07
2.8610e-06
0.0000e+00
5.6982e-05
4.0531e-06
4.6968e-05
9.5367e-07
3.8147e-06
0.0000e+00
5.5790e-05
3.0994e-06
0.0000e+00
5.3883e-05
2.1458e-06
6.9141e-06
0.0000e+00
2.1458e-06
6.9141e-06
1.1921e-06
3.0994e-06
0.0000e+00
5.5075e-05
3.0994e-06
0.0000e+00
5.3167e-05
3.0994e-06
0.0000e+00
5.5075e-05
9.5367e-07
0.0000e+00
5.4121e-05
5.0068e-06
0.0000e+00
5.2929e-05
5.0068e-06
8.8215e-06
9.5367e-07
2.8610e-06
0.0000e+00
5.3883e-05
3.0994e-06
0.0000e+00
5.4121e-05
3.0994e-06
0.0000e+00
5.3167e-05
2.1458e-06
0.0000e+00
5.2929e-05
3.0994e-06
0.0000e+00
5.6028e-05
1.9073e-06
0.0000e+00
5.2929e-05
4.0531e-06
0.0000e+00
5.1975e-05
2.1458e-06
0.0000e+00
5.1975e-05
6.9141e-06
9.0599e-06
1.1921e-06
1.1921e-06
0.0000e+00
5.2929e-05
4.0531e-06
4.0531e-06
9.5367e-07
1.9073e-06
9.0599e-06
1.1921e-06
3.0994e-06
3.0994e-06
9.5367e-07
1.9073e-06
1.4067e-05
0.0000e+00
2.1458e-06
0.0000e+00
7.1049e-05
3.0994e-06
1.6999e-04
1.1921e-06
2.8610e-06
0.0000e+00
5.6028e-05
4.0531e-06
4.0531e-06
9.5367e-07
2.1458e-06
0.0000e+00
5.4836e-05
3.0994e-06
5.0068e-06
9.5367e-07
1.9073e-06
8.8215e-06
0.0000e+00
1.1921e-06
4.0531e-06
9.5367e-07
1.9073e-06
0.0000e+00
5.4121e-05
1.9073e-06
4.0531e-06
0.0000e+00
2.1458e-06
1.7786e-04
9.5367e-07
3.0994e-06
3.0994e-06
9.5367e-07
2.1458e-06
5.0068e-06
9.5367e-07
1.9073e-06
0.0000e+00
5.6028e-05
2.1458e-06
5.9605e-06
1.1921e-06
1.1921e-06
0.0000e+00
5.5075e-05
3.0994e-06
0.0000e+00
5.3167e-05
3.0994e-06
6.6042e-05
9.5367e-07
3.0994e-06
0.0000e+00
6.1989e-05
1.9073e-06
5.9605e-06
0.0000e+00
1.9073e-06
0.0000e+00
5.5790e-05
2.1458e-06
0.0000e+00
5.1975e-05
2.8610e-06
5.9605e-06
9.5367e-07
1.9073e-06
7.8678e-06
9.5367e-07
3.0994e-06
0.0000e+00
5.6028e-05
2.8610e-06
0.0000e+00
5.2929e-05
6.1989e-06
5.0068e-06
9.5367e-07
1.9073e-06
0.0000e+00
5.4836e-05
4.0531e-06
0.0000e+00
5.2929e-05
5.0068e-06
0.0000e+00
5.2929e-05
1.9073e-06
0.0000e+00
5.2929e-05
3.0994e-06
0.0000e+00
5.6982e-05
5.0068e-06
5.9605e-06
9.5367e-07
9.5367e-07
1.4067e-05
0.0000e+00
4.0531e-06
0.0000e+00
5.5075e-05
5.0068e-06
0.0000e+00
6.0081e-05
5.0068e-06
4.0531e-06
9.5367e-07
1.9073e-06
0.0000e+00
5.4121e-05
5.9605e-06
0.0000e+00
5.3883e-05
2.1458e-06
0.0000e+00
5.3883e-05
3.0994e-06
9.0599e-06
1.1921e-06
2.1458e-06
0.0000e+00
5.6028e-05
2.1458e-06
0.0000e+00
5.2929e-05
3.0994e-06
0.0000e+00
5.1975e-05
5.0068e-06
5.0068e-06
1.1921e-06
2.1458e-06
0.0000e+00
5.4836e-05
4.0531e-06
5.0068e-06
9.5367e-07
1.9073e-06
6.9141e-06
9.5367e-07
3.0994e-06
1.4496e-04
0.0000e+00
1.9073e-06
3.8147e-06
9.5367e-07
1.9073e-06
0.0000e+00
6.7949e-05
3.0994e-06
9.0599e-06
9.5367e-07
3.0994e-06
0.0000e+00
5.6028e-05
4.0531e-06
4.6015e-05
9.5367e-07
3.0994e-06
4.0531e-06
9.5367e-07
1.9073e-06
4.0531e-06
9.5367e-07
2.1458e-06
1.0395e-04
9.5367e-07
3.0994e-06
0.0000e+00
5.5075e-05
5.0068e-06
0.0000e+00
5.2929e-05
4.0531e-06
0.0000e+00
5.3167e-05
4.0531e-06
0.0000e+00
5.1975e-05
2.8610e-06
6.1989e-06
9.5367e-07
1.9073e-06
0.0000e+00
5.5790e-05
2.1458e-06
8.8215e-06
0.0000e+00
1.9073e-06
5.0068e-06
1.1921e-06
2.1458e-06
1.1921e-05
1.1921e-06
2.1458e-06
1.4067e-05
0.0000e+00
2.8610e-06
0.0000e+00
5.4121e-05
3.8147e-06
3.8147e-06
9.5367e-07
1.9073e-06
0.0000e+00
6.1035e-05
1.9073e-06
0.0000e+00
5.4836e-05
2.1458e-06
9.0599e-06
9.5367e-07
1.9073e-06
0.0000e+00
5.6028e-05
5.0068e-06
8.8215e-06
1.1921e-06
2.1458e-06
3.0994e-06
0.0000e+00
1.9073e-06
0.0000e+00
5.5075e-05
3.8147e-06
5.0068e-06
9.5367e-07
1.9073e-06
0.0000e+00
5.4121e-05
4.0531e-06
1.6308e-04
9.5367e-07
1.9073e-06
0.0000e+00
5.4121e-05
4.0531e-06
8.1062e-06
0.0000e+00
3.0994e-06
0.0000e+00
5.2929e-05
3.0994e-06
4.0531e-06
1.4067e-05
1.9073e-06
0.0000e+00
5.7220e-05
3.0994e-06
5.0068e-06
0.0000e+00
4.0531e-06
0.0000e+00
6.0081e-05
4.0531e-06
0.0000e+00
5.3883e-05
2.1458e-06
0.0000e+00
5.2929e-05
1.9073e-06
5.0068e-06
9.5367e-07
1.9073e-06
3.0994e-06
9.5367e-07
1.9073e-06
0.0000e+00
5.3883e-05
2.8610e-06
0.0000e+00
5.1975e-05
2.8610e-06
0.0000e+00
5.4836e-05
3.0994e-06
0.0000e+00
5.1975e-05
2.8610e-06
0.0000e+00
5.2929e-05
1.9073e-06
1.2159e-05
9.5367e-07
3.8147e-06
0.0000e+00
5.3883e-05
4.0531e-06
3.0994e-06
9.5367e-07
1.9073e-06
0.0000e+00
5.3167e-05
4.0531e-06
0.0000e+00
5.3167e-05
4.0531e-06
0.0000e+00
6.9141e-05
3.0994e-06
0.0000e+00
6.1035e-05
5.0068e-06
1.3113e-05
9.5367e-07
1.9073e-06
0.0000e+00
5.5790e-05
5.0068e-06
0.0000e+00
5.3167e-05
2.1458e-06
0.0000e+00
5.1975e-05
1.9073e-06
0.0000e+00
5.1975e-05
3.8147e-06
0.0000e+00
5.2929e-05
2.8610e-06
4.0531e-06
9.5367e-07
3.8147e-06
4.0531e-06
1.1921e-06
2.1458e-06
0.0000e+00
5.6028e-05
5.9605e-06
0.0000e+00
5.2929e-05
5.0068e-06
4.0531e-06
9.5367e-07
1.9073e-06
0.0000e+00
5.4836e-05
4.0531e-06
0.0000e+00
5.1975e-05
2.1458e-06
2.0981e-05
9.5367e-07
2.1458e-06
0.0000e+00
5.5075e-05
2.1458e-06
7.8678e-06
9.5367e-07
1.9073e-06
9.0599e-06
9.5367e-07
3.0994e-06
0.0000e+00
5.6982e-05
1.9073e-06
0.0000e+00
5.2929e-05
1.9073e-06
0.0000e+00
5.5075e-05
3.0994e-06
5.9605e-06
9.5367e-07
2.1458e-06
0.0000e+00
5.2929e-05
1.9073e-06
1.0705e-04
9.5367e-07
4.0531e-06
0.0000e+00
5.6028e-05
3.0994e-06
0.0000e+00
5.5075e-05
3.8147e-06
0.0000e+00
6.9857e-05
3.0994e-06
0.0000e+00
5.5075e-05
2.1458e-06
0.0000e+00
5.3883e-05
4.0531e-06
5.0068e-06
9.5367e-07
2.1458e-06
0.0000e+00
5.4121e-05
4.0531e-06
4.0531e-06
1.1921e-06
2.1458e-06
2.8610e-06
9.5367e-07
1.9073e-06
2.4080e-05
9.5367e-07
3.0994e-06
0.0000e+00
5.6028e-05
2.1458e-06
0.0000e+00
5.4121e-05
3.0994e-06
0.0000e+00
7.2956e-05
5.0068e-06
0.0000e+00
5.3167e-05
2.1458e-06
8.9884e-05
0.0000e+00
2.8610e-06
0.0000e+00
5.3883e-05
4.0531e-06
0.0000e+00
5.2929e-05
4.0531e-06
0.0000e+00
5.5075e-05
1.9073e-06
0.0000e+00
5.4121e-05
5.0068e-06
0.0000e+00
5.1975e-05
5.0068e-06
0.0000e+00
6.9857e-05
5.9605e-06
0.0000e+00
5.4121e-05
5.0068e-06
1.1206e-05
9.5367e-07
4.0531e-06
4.0531e-06
9.5367e-07
2.1458e-06
0.0000e+00
5.5075e-05
4.0531e-06
3.6001e-05
9.5367e-07
1.9073e-06
0.0000e+00
5.6028e-05
1.9073e-06
0.0000e+00
5.2929e-05
1.9073e-06
0.0000e+00
5.1975e-05
4.0531e-06
0.0000e+00
7.5102e-05
5.9605e-06
1.0967e-05
9.5367e-07
3.0994e-06
0.0000e+00
5.5075e-05
4.0531e-06
0.0000e+00
5.1975e-05
4.0531e-06
0.0000e+00
5.4121e-05
5.0068e-06
5.0068e-06
9.5367e-07
2.8610e-06
9.0599e-06
1.1921e-06
2.1458e-06
0.0000e+00
5.2929e-05
2.8610e-06
3.8147e-06
9.5367e-07
9.5367e-07
5.2929e-05
1.1921e-06
2.1458e-06
0.0000e+00
7.8917e-05
4.0531e-06
9.0599e-06
9.5367e-07
4.0531e-06
0.0000e+00
5.6982e-05
3.0994e-06
4.0531e-06
9.5367e-07
9.5367e-07
0.0000e+00
5.3883e-05
5.9605e-06
4.0531e-06
9.5367e-07
1.9073e-06
0.0000e+00
5.3883e-05
1.9073e-06
0.0000e+00
5.2929e-05
1.9073e-06
1.5807e-04
1.1921e-06
3.0994e-06
0.0000e+00
5.3167e-05
5.0068e-06
3.0994e-06
0.0000e+00
3.0994e-06
0.0000e+00
5.6028e-05
4.0531e-06
0.0000e+00
5.3883e-05
4.0531e-06
4.0531e-06
9.5367e-07
9.5367e-07
0.0000e+00
5.4121e-05
2.8610e-06
0.0000e+00
5.9843e-05
3.0994e-06
5.1975e-05
9.5367e-07
3.0994e-06
3.0994e-06
9.5367e-07
1.9073e-06
6.8903e-05
0.0000e+00
3.0994e-06
0.0000e+00
5.5075e-05
5.0068e-06
0.0000e+00
7.9870e-05
5.0068e-06
0.0000e+00
5.3167e-05
2.1458e-06
1.0967e-05
1.1921e-06
2.1458e-06
0.0000e+00
5.5075e-05
4.0531e-06
0.0000e+00
5.2929e-05
3.8147e-06
4.0531e-06
9.5367e-07
1.9073e-06
0.0000e+00
5.3883e-05
4.0531e-06
1.0490e-04
1.1921e-06
1.9073e-06
0.0000e+00
5.4121e-05
4.0531e-06
5.0068e-06
9.5367e-07
2.1458e-06
0.0000e+00
6.3896e-05
3.0994e-06
0.0000e+00
5.3883e-05
5.0068e-06
0.0000e+00
5.3167e-05
9.5367e-07
0.0000e+00
5.2929e-05
5.0068e-06
0.0000e+00
5.1975e-05
6.1989e-06
9.0599e-06
9.5367e-07
1.9073e-06
4.0531e-06
1.1921e-06
3.0994e-06
0.0000e+00
5.6028e-05
1.9073e-06
1.1611e-04
9.5367e-07
4.0531e-06
4.0531e-06
0.0000e+00
3.0994e-06
0.0000e+00
5.6982e-05
5.0068e-06
0.0000e+00
5.4121e-05
5.0068e-06
5.9605e-06
9.5367e-07
9.5367e-07
5.0068e-06
9.5367e-07
1.9073e-06
0.0000e+00
5.4836e-05
3.0994e-06
0.0000e+00
6.1035e-05
3.8147e-06
0.0000e+00
5.4836e-05
3.0994e-06
0.0000e+00
5.2929e-05
1.9073e-06
0.0000e+00
7.2002e-05
3.0994e-06
6.7949e-05
1.1921e-06
4.0531e-06
4.0531e-06
0.0000e+00
3.0994e-06
4.0531e-06
0.0000e+00
1.9073e-06
1.8120e-05
9.5367e-07
3.0994e-06
0.0000e+00
5.3883e-05
3.0994e-06
1.0085e-04
9.5367e-07
3.8147e-06
2.8610e-06
1.1921e-06
2.1458e-06
0.0000e+00
5.5075e-05
2.1458e-06
4.0531e-06
9.5367e-07
9.5367e-07
1.2875e-05
1.1921e-06
2.1458e-06
2.8610e-06
9.5367e-07
2.1458e-06
5.0068e-06
9.5367e-07
2.1458e-06
0.0000e+00
6.9857e-05
5.9605e-06
1.2302e-04
9.5367e-07
2.8610e-06
0.0000e+00
5.6028e-05
3.0994e-06
5.0068e-06
1.1921e-06
2.1458e-06
0.0000e+00
5.4121e-05
4.0531e-06
8.1062e-05
1.1921e-06
3.0994e-06
4.0531e-06
9.5367e-07
9.5367e-07
0.0000e+00
5.4121e-05
5.0068e-06
0.0000e+00
5.5075e-05
5.0068e-06
0.0000e+00
5.1975e-05
4.0531e-06
5.0068e-06
0.0000e+00
3.0994e-06
0.0000e+00
5.7936e-05
4.0531e-06
0.0000e+00
5.5075e-05
2.1458e-06
0.0000e+00
5.2929e-05
3.0994e-06
1.0014e-05
9.5367e-07
3.0994e-06
2.8610e-06
9.5367e-07
1.9073e-06
1.2207e-04
9.5367e-07
4.0531e-06
0.0000e+00
5.6028e-05
1.9073e-06
7.8678e-06
9.5367e-07
3.0994e-06
0.0000e+00
5.4121e-05
2.8610e-06
5.9605e-06
9.5367e-07
2.1458e-06
0.0000e+00
5.6028e-05
3.8147e-06
0.0000e+00
5.3883e-05
1.9073e-06
0.0000e+00
5.2929e-05
3.8147e-06
0.0000e+00
5.1975e-05
5.9605e-06
5.0068e-06
9.5367e-07
2.1458e-06
3.0994e-06
9.5367e-07
1.9073e-06
0.0000e+00
5.3167e-05
5.0068e-06
3.8147e-06
9.5367e-07
9.5367e-07
3.0994e-06
9.5367e-07
1.9073e-06
0.0000e+00
6.8903e-05
5.0068e-06
1.5211e-04
9.5367e-07
5.0068e-06
3.8147e-06
9.5367e-07
2.1458e-06
0.0000e+00
5.5075e-05
2.8610e-06
0.0000e+00
5.2929e-05
1.9073e-06
0.0000e+00
5.3167e-05
5.0068e-06
3.8147e-06
0.0000e+00
3.0994e-06
4.0531e-06
0.0000e+00
1.9073e-06
0.0000e+00
5.1975e-05
5.0068e-06
0.0000e+00
5.3883e-05
3.0994e-06
1.0610e-04
9.5367e-07
4.0531e-06
4.0531e-06
9.5367e-07
1.9073e-06
0.0000e+00
5.5790e-05
2.1458e-06
5.0068e-06
9.5367e-07
1.9073e-06
0.0000e+00
5.5075e-05
2.8610e-06
5.0068e-06
0.0000e+00
1.9073e-06
0.0000e+00
5.4121e-05
4.0531e-06
0.0000e+00
5.1975e-05
3.8147e-06
0.0000e+00
6.1035e-05
3.0994e-06
0.0000e+00
7.0095e-05
4.0531e-06
0.0000e+00
5.3883e-05
1.9073e-06
0.0000e+00
5.1975e-05
3.0994e-06
0.0000e+00
5.3167e-05
5.0068e-06
0.0000e+00
5.4121e-05
5.0068e-06
0.0000e+00
5.2929e-05
6.9141e-06
0.0000e+00
5.2929e-05
3.8147e-06
0.0000e+00
5.1975e-05
4.0531e-06
0.0000e+00
5.5075e-05
2.1458e-06
5.9605e-06
1.1921e-06
2.1458e-06
0.0000e+00
5.2929e-05
4.0531e-06
0.0000e+00
5.3167e-05
5.0068e-06
4.0531e-06
0.0000e+00
2.1458e-06
0.0000e+00
5.2929e-05
2.1458e-06
0.0000e+00
5.5075e-05
3.0994e-06
0.0000e+00
5.3167e-05
5.0068e-06
5.0068e-06
9.5367e-07
2.8610e-06
0.0000e+00
5.6982e-05
2.8610e-06
0.0000e+00
5.4121e-05
6.1989e-06
0.0000e+00
5.1975e-05
1.9073e-06
5.0068e-06
9.5367e-07
1.1921e-06
7.2956e-05
9.5367e-07
4.0531e-06
0.0000e+00
5.5075e-05
2.1458e-06
0.0000e+00
5.1975e-05
5.0068e-06
0.0000e+00
5.1975e-05
4.0531e-06
0.0000e+00
5.2929e-05
2.8610e-06
5.9605e-06
9.5367e-07
1.9073e-06
0.0000e+00
5.4836e-05
3.0994e-06
4.0531e-06
9.5367e-07
1.9073e-06
0.0000e+00
5.9843e-05
5.0068e-06
0.0000e+00
5.3167e-05
5.0068e-06
3.8147e-06
0.0000e+00
9.5367e-07
0.0000e+00
5.3167e-05
3.0994e-06
0.0000e+00
5.2929e-05
2.1458e-06
0.0000e+00
5.1022e-05
3.0994e-06
1.0014e-05
9.5367e-07
1.9073e-06
0.0000e+00
5.5790e-05
5.0068e-06
0.0000e+00
5.2214e-05
5.0068e-06
0.0000e+00
5.1975e-05
4.0531e-06
0.0000e+00
5.1975e-05
3.0994e-06
0.0000e+00
5.1975e-05
4.0531e-06
0.0000e+00
5.2929e-05
3.0994e-06
0.0000e+00
5.2929e-05
2.8610e-06
8.8215e-06
9.5367e-07
3.0994e-06
4.0531e-06
9.5367e-07
3.0994e-06
1.0395e-04
9.5367e-07
3.0994e-06
0.0000e+00
5.6982e-05
2.1458e-06
0.0000e+00
5.1975e-05
1.9073e-06
0.0000e+00
5.2929e-05
5.0068e-06
0.0000e+00
5.1975e-05
5.9605e-06
0.0000e+00
5.1975e-05
4.0531e-06
0.0000e+00
5.3167e-05
2.1458e-06
5.0068e-06
9.5367e-07
3.0994e-06
0.0000e+00
5.6028e-05
3.8147e-06
0.0000e+00
5.2929e-05
3.8147e-06
0.0000e+00
5.3883e-05
3.0994e-06
0.0000e+00
5.2929e-05
2.1458e-06
1.0967e-05
9.5367e-07
2.1458e-06
0.0000e+00
5.2929e-05
4.0531e-06
5.0068e-06
9.5367e-07
1.9073e-06
0.0000e+00
5.6028e-05
3.8147e-06
0.0000e+00
7.2956e-05
3.8147e-06
0.0000e+00
5.3883e-05
2.1458e-06
9.0599e-06
9.5367e-07
1.9073e-06
1.5020e-05
9.5367e-07
1.9073e-06
0.0000e+00
5.5075e-05
1.9073e-06
0.0000e+00
5.4121e-05
5.0068e-06
4.0531e-06
9.5367e-07
1.9073e-06
0.0000e+00
5.3167e-05
2.1458e-06
0.0000e+00
5.3167e-05
3.0994e-06
0.0000e+00
6.6996e-05
5.0068e-06
0.0000e+00
5.3167e-05
5.0068e-06
0.0000e+00
5.2929e-05
4.0531e-06
0.0000e+00
5.4836e-05
2.1458e-06
0.0000e+00
6.2943e-05
3.0994e-06
6.9141e-06
9.5367e-07
2.1458e-06
0.0000e+00
5.3883e-05
3.0994e-06
4.0531e-06
0.0000e+00
1.9073e-06
0.0000e+00
5.3883e-05
4.0531e-06
5.0068e-06
1.5974e-05
3.0994e-06
0.0000e+00
5.6028e-05
1.9073e-06
1.4997e-04
9.5367e-07
3.8147e-06
3.8147e-06
9.5367e-07
1.1921e-06
0.0000e+00
5.4121e-05
4.0531e-06
5.0068e-06
1.1921e-06
9.5367e-07
0.0000e+00
5.2929e-05
5.0068e-06
4.0531e-06
9.5367e-07
1.9073e-06
7.8678e-06
1.1921e-06
2.1458e-06
0.0000e+00
5.4121e-05
5.0068e-06
0.0000e+00
5.2929e-05
5.0068e-06
0.0000e+00
5.4836e-05
3.0994e-06
0.0000e+00
6.1035e-05
2.8610e-06
0.0000e+00
5.1975e-05
2.1458e-06
0.0000e+00
5.1975e-05
5.0068e-06
5.0068e-06
1.1921e-06
2.1458e-06
1.0967e-05
9.5367e-07
9.5367e-07
0.0000e+00
5.2929e-05
4.0531e-06
0.0000e+00
5.1975e-05
2.8610e-06
0.0000e+00
6.8903e-05
3.0994e-06
6.9141e-06
9.5367e-07
2.1458e-06
0.0000e+00
5.6028e-05
3.8147e-06
0.0000e+00
5.2929e-05
2.8610e-06
3.8147e-06
9.5367e-07
2.1458e-06
8.1062e-06
0.0000e+00
1.9073e-06
0.0000e+00
5.5075e-05
1.9073e-06
0.0000e+00
5.3883e-05
1.9073e-06
0.0000e+00
5.3167e-05
2.1458e-06
0.0000e+00
5.7936e-05
2.1458e-06
0.0000e+00
5.7936e-05
1.9073e-06
8.8215e-06
9.5367e-07
1.9073e-06
0.0000e+00
5.3167e-05
4.0531e-06
0.0000e+00
5.4121e-05
1.9073e-06
0.0000e+00
5.2929e-05
4.0531e-06
0.0000e+00
5.2929e-05
5.9605e-06
0.0000e+00
5.1975e-05
2.1458e-06
5.0068e-06
9.5367e-07
2.1458e-06
0.0000e+00
7.2956e-05
2.8610e-06
0.0000e+00
5.3883e-05
4.0531e-06
0.0000e+00
5.4121e-05
5.0068e-06
0.0000e+00
5.1975e-05
6.9141e-06
0.0000e+00
5.1975e-05
7.1526e-06
0.0000e+00
5.1975e-05
2.8610e-06
0.0000e+00
6.0081e-05
1.9073e-06
0.0000e+00
5.1975e-05
4.0531e-06
1.3113e-05
9.5367e-07
3.0994e-06
0.0000e+00
5.5075e-05
3.8147e-06
0.0000e+00
5.1975e-05
3.8147e-06
5.0068e-06
9.5367e-07
2.8610e-06
7.1526e-06
9.5367e-07
1.9073e-06
7.1526e-06
9.5367e-07
9.5367e-07
0.0000e+00
5.4121e-05
2.8610e-06
0.0000e+00
5.1975e-05
2.1458e-06
1.5402e-04
9.5367e-07
4.0531e-06
0.0000e+00
5.4121e-05
6.1989e-06
0.0000e+00
6.8903e-05
5.0068e-06
1.0967e-05
0.0000e+00
4.0531e-06
0.0000e+00
5.6028e-05
2.8610e-06
0.0000e+00
5.3883e-05
5.9605e-06
5.0068e-06
9.5367e-07
1.9073e-06
1.9073e-05
9.5367e-07
1.9073e-06
0.0000e+00
5.3883e-05
2.8610e-06
0.0000e+00
5.2929e-05
4.0531e-06
5.9605e-06
9.5367e-07
1.9073e-06
0.0000e+00
5.4836e-05
3.0994e-06
0.0000e+00
5.5075e-05
1.9073e-06
0.0000e+00
5.2929e-05
3.8147e-06
0.0000e+00
5.1975e-05
5.0068e-06
1.0967e-05
9.5367e-07
2.1458e-06
4.0531e-06
9.5367e-07
1.9073e-06
0.0000e+00
5.6028e-05
3.0994e-06
0.0000e+00
5.2929e-05
1.9073e-06
1.0967e-05
9.5367e-07
3.0994e-06
0.0000e+00
5.2929e-05
3.0994e-06
0.0000e+00
6.4135e-05
5.0068e-06
0.0000e+00
5.5075e-05
2.1458e-06
0.0000e+00
5.4836e-05
2.1458e-06
0.0000e+00
5.1975e-05
6.9141e-06
0.0000e+00
5.3167e-05
4.0531e-06
6.1989e-06
9.5367e-07
1.9073e-06
0.0000e+00
5.3167e-05
3.0994e-06
1.3113e-05
0.0000e+00
3.0994e-06
2.8610e-06
0.0000e+00
1.9073e-06
4.0531e-06
9.5367e-07
3.0994e-06
0.0000e+00
5.6982e-05
1.9073e-06
0.0000e+00
5.4121e-05
1.9073e-06
5.0068e-06
9.5367e-07
1.9073e-06
0.0000e+00
5.3167e-05
4.0531e-06
0.0000e+00
5.3167e-05
3.0994e-06
0.0000e+00
5.2929e-05
2.8610e-06
1.1587e-04
0.0000e+00
2.8610e-06
4.0531e-06
0.0000e+00
2.1458e-06
1.2875e-05
9.5367e-07
1.9073e-06
9.0599e-06
9.5367e-07
3.0994e-06
8.2016e-05
1.1921e-06
4.0531e-06
3.0994e-06
0.0000e+00
3.0994e-06
5.3883e-05
1.1921e-06
3.0994e-06
0.0000e+00
5.6982e-05
2.1458e-06
1.8835e-05
9.5367e-07
2.8610e-06
0.0000e+00
5.4836e-05
5.9605e-06
5.0068e-06
0.0000e+00
2.1458e-06
0.0000e+00
5.2929e-05
4.0531e-06
5.0068e-06
9.5367e-07
1.9073e-06
0.0000e+00
5.2929e-05
1.9073e-06
1.5974e-05
9.5367e-07
1.9073e-06
2.8610e-06
1.1921e-06
2.8610e-06
0.0000e+00
5.5790e-05
5.0068e-06
7.1526e-06
9.5367e-07
1.9073e-06
0.0000e+00
5.5075e-05
2.8610e-06
0.0000e+00
6.1035e-05
3.0994e-06
0.0000e+00
5.4121e-05
4.0531e-06
0.0000e+00
5.2214e-05
2.1458e-06
0.0000e+00
5.2929e-05
5.0068e-06
0.0000e+00
5.3167e-05
3.8147e-06
0.0000e+00
5.6028e-05
5.9605e-06
1.2875e-05
1.1921e-06
1.9073e-06
0.0000e+00
5.4121e-05
5.9605e-06
1.0967e-05
9.5367e-07
1.9073e-06
3.8147e-06
9.5367e-07
1.9073e-06
0.0000e+00
5.6028e-05
5.9605e-06
5.6982e-05
0.0000e+00
2.8610e-06
0.0000e+00
5.3883e-05
3.0994e-06
0.0000e+00
5.1975e-05
1.9073e-06
5.0068e-06
9.5367e-07
2.1458e-06
0.0000e+00
7.7009e-05
3.0994e-06
0.0000e+00
5.5075e-05
4.0531e-06
1.2159e-05
9.5367e-07
2.8610e-06
1.0014e-05
9.5367e-07
1.9073e-06
0.0000e+00
5.3883e-05
5.0068e-06
0.0000e+00
5.4121e-05
5.0068e-06
4.0531e-06
9.5367e-07
3.0994e-06
4.0531e-06
9.5367e-07
2.8610e-06
1.5974e-05
9.5367e-07
1.9073e-06
0.0000e+00
5.2929e-05
5.9605e-06
1.8477e-04
9.5367e-07
2.8610e-06
0.0000e+00
5.6028e-05
5.0068e-06
0.0000e+00
5.1975e-05
5.9605e-06
0.0000e+00
5.1975e-05
6.9141e-06
0.0000e+00
5.3167e-05
5.0068e-06
0.0000e+00
5.2929e-05
5.0068e-06
9.0599e-06
9.5367e-07
9.5367e-07
4.0531e-06
9.5367e-07
2.8610e-06
0.0000e+00
5.3883e-05
2.8610e-06
3.8147e-06
9.5367e-07
2.8610e-06
5.0068e-06
9.5367e-07
1.9073e-06
1.0014e-05
1.1921e-06
2.1458e-06
0.0000e+00
5.5075e-05
2.8610e-06
0.0000e+00
5.4121e-05
1.9073e-06
0.0000e+00
5.3167e-05
5.0068e-06
5.0068e-06
9.5367e-07
2.8610e-06
9.9182e-05
9.5367e-07
1.9073e-06
0.0000e+00
5.2929e-05
5.0068e-06
0.0000e+00
5.1975e-05
1.9073e-06
0.0000e+00
5.1975e-05
3.8147e-06
0.0000e+00
5.6028e-05
1.9073e-06
0.0000e+00
6.2943e-05
1.9073e-06
8.1062e-06
1.1921e-06
2.1458e-06
0.0000e+00
5.3883e-05
4.0531e-06
7.7009e-05
9.5367e-07
3.0994e-06
0.0000e+00
5.4121e-05
3.0994e-06
0.0000e+00
5.2929e-05
1.9073e-06
0.0000e+00
5.1022e-05
5.9605e-06
0.0000e+00
7.2002e-05
5.0068e-06
0.0000e+00
5.4836e-05
5.9605e-06
4.7684e-06
9.5367e-07
1.9073e-06
9.0599e-06
9.5367e-07
1.9073e-06
0.0000e+00
5.4836e-05
5.0068e-06
0.0000e+00
5.3167e-05
5.0068e-06
5.0068e-06
9.5367e-07
2.1458e-06
0.0000e+00
5.1975e-05
4.0531e-06
4.0531e-06
9.5367e-07
2.8610e-06
8.8215e-06
9.5367e-07
1.9073e-06
0.0000e+00
7.8917e-05
4.0531e-06
9.0599e-06
1.1921e-06
3.0994e-06
0.0000e+00
5.6028e-05
2.1458e-06
1.6689e-04
0.0000e+00
4.0531e-06
0.0000e+00
5.4121e-05
3.8147e-06
2.2888e-05
1.1921e-06
4.0531e-06
0.0000e+00
5.4121e-05
1.9073e-06
0.0000e+00
5.3167e-05
4.0531e-06
0.0000e+00
5.1975e-05
5.9605e-06
5.0068e-06
9.5367e-07
1.9073e-06
0.0000e+00
7.2002e-05
5.9605e-06
0.0000e+00
5.2214e-05
4.7684e-06
0.0000e+00
5.3883e-05
1.9073e-06
0.0000e+00
6.0081e-05
5.0068e-06
0.0000e+00
5.3883e-05
5.0068e-06
0.0000e+00
5.1975e-05
1.9073e-06
5.0068e-06
9.5367e-07
2.1458e-06
0.0000e+00
5.4121e-05
5.9605e-06
0.0000e+00
7.2956e-05
5.0068e-06
7.8678e-06
9.5367e-07
1.9073e-06
0.0000e+00
5.3883e-05
1.9073e-06
4.0531e-06
0.0000e+00
2.1458e-06
0.0000e+00
5.2929e-05
1.9073e-06
1.4520e-04
9.5367e-07
2.8610e-06
0.0000e+00
5.3883e-05
2.1458e-06
4.0531e-06
9.5367e-07
2.8610e-06
7.8678e-06
1.1921e-06
2.1458e-06
0.0000e+00
5.2929e-05
4.0531e-06
0.0000e+00
7.7009e-05
4.0531e-06
0.0000e+00
5.3883e-05
5.9605e-06
6.1035e-05
1.1921e-06
2.1458e-06
0.0000e+00
5.5075e-05
3.0994e-06
0.0000e+00
5.4121e-05
5.9605e-06
0.0000e+00
5.1975e-05
5.9605e-06
0.0000e+00
5.1975e-05
5.0068e-06
0.0000e+00
5.1975e-05
1.9073e-06
1.0014e-05
9.5367e-07
2.8610e-06
6.4850e-05
1.4067e-05
4.0531e-06
5.9605e-06
1.1921e-06
2.1458e-06
5.1975e-05
0.0000e+00
3.0994e-06
3.8147e-06
9.5367e-07
1.9073e-06
0.0000e+00
5.7936e-05
5.0068e-06
0.0000e+00
5.2929e-05
5.9605e-06
4.7684e-06
9.5367e-07
1.9073e-06
0.0000e+00
5.4836e-05
3.0994e-06
0.0000e+00
5.1975e-05
1.9073e-06
0.0000e+00
5.1975e-05
5.0068e-06
0.0000e+00
7.1049e-05
5.0068e-06
1.0014e-05
0.0000e+00
2.1458e-06
0.0000e+00
5.6028e-05
2.8610e-06
5.0068e-06
9.5367e-07
2.8610e-06
0.0000e+00
5.3883e-05
5.0068e-06
0.0000e+00
5.3167e-05
4.0531e-06
4.0531e-06
1.1921e-06
2.1458e-06
0.0000e+00
5.4121e-05
7.1526e-06
4.0531e-06
9.5367e-07
1.9073e-06
0.0000e+00
5.1022e-05
2.8610e-06
0.0000e+00
5.6028e-05
3.0994e-06
0.0000e+00
5.3167e-05
2.1458e-06
3.1948e-05
1.1921e-06
4.0531e-06
0.0000e+00
6.1035e-05
1.9073e-06
0.0000e+00
5.1975e-05
5.0068e-06
9.6798e-05
9.5367e-07
1.9073e-06
0.0000e+00
5.5075e-05
5.0068e-06
0.0000e+00
5.1975e-05
5.0068e-06
4.0531e-06
9.5367e-07
2.1458e-06
0.0000e+00
7.2002e-05
4.0531e-06
0.0000e+00
5.5075e-05
5.0068e-06
0.0000e+00
5.4121e-05
4.0531e-06
9.0599e-06
9.5367e-07
1.9073e-06
0.0000e+00
5.6028e-05
1.9073e-06
0.0000e+00
5.6028e-05
3.8147e-06
0.0000e+00
5.3883e-05
2.1458e-06
9.0599e-06
9.5367e-07
3.0994e-06
3.8147e-06
9.5367e-07
7.8678e-06
0.0000e+00
7.0810e-05
5.9605e-06
0.0000e+00
5.4836e-05
4.0531e-06
0.0000e+00
5.3167e-05
4.0531e-06
0.0000e+00
5.2929e-05
5.0068e-06
0.0000e+00
5.1975e-05
1.9073e-06
7.1526e-06
9.5367e-07
2.8610e-06
0.0000e+00
5.3883e-05
1.9073e-06
0.0000e+00
5.3167e-05
5.0068e-06
0.0000e+00
7.2002e-05
5.0068e-06
0.0000e+00
5.3883e-05
9.5367e-07
0.0000e+00
5.1975e-05
4.0531e-06
5.9605e-06
9.5367e-07
2.8610e-06
7.8678e-06
1.1921e-06
2.1458e-06
0.0000e+00
5.3883e-05
4.0531e-06
4.0531e-06
9.5367e-07
1.9073e-06
0.0000e+00
5.9843e-05
5.0068e-06
0.0000e+00
5.4121e-05
5.0068e-06
0.0000e+00
7.4863e-05
4.0531e-06
0.0000e+00
5.3167e-05
4.0531e-06
0.0000e+00
5.4121e-05
2.1458e-06
0.0000e+00
5.1975e-05
5.0068e-06
9.0599e-06
9.5367e-07
9.5367e-07
0.0000e+00
5.3883e-05
2.1458e-06
4.0531e-06
9.5367e-07
1.9073e-06
0.0000e+00
5.5075e-05
2.8610e-06
4.0531e-06
1.1921e-06
2.1458e-06
0.0000e+00
6.6996e-05
3.8147e-06
0.0000e+00
5.5790e-05
3.0994e-06
8.1062e-06
9.5367e-07
1.9073e-06
0.0000e+00
5.3883e-05
5.0068e-06
0.0000e+00
5.1975e-05
4.0531e-06
0.0000e+00
6.0797e-05
4.0531e-06
5.9605e-06
1.1921e-06
2.1458e-06
0.0000e+00
5.2929e-05
5.0068e-06
0.0000e+00
5.5075e-05
3.8147e-06
3.8147e-06
1.6928e-05
4.0531e-06
0.0000e+00
5.5075e-05
2.8610e-06
7.0810e-05
0.0000e+00
2.8610e-06
4.0531e-06
1.1921e-06
2.1458e-06
0.0000e+00
5.4121e-05
5.0068e-06
3.8147e-06
9.5367e-07
3.0994e-06
0.0000e+00
5.4121e-05
4.0531e-06
0.0000e+00
5.2929e-05
1.9073e-06
6.1989e-06
0.0000e+00
1.9073e-06
0.0000e+00
5.2929e-05
2.8610e-06
0.0000e+00
7.2002e-05
1.9073e-06
0.0000e+00
5.5075e-05
1.9073e-06
0.0000e+00
6.1035e-05
3.0994e-06
1.2159e-05
9.5367e-07
9.5367e-07
4.0531e-06
1.1921e-06
3.0994e-06
0.0000e+00
5.5075e-05
5.0068e-06
0.0000e+00
5.5075e-05
4.0531e-06
4.0531e-06
9.5367e-07
1.9073e-06
0.0000e+00
5.3883e-05
4.0531e-06
0.0000e+00
7.2002e-05
2.8610e-06
1.8835e-05
1.1921e-06
3.0994e-06
0.0000e+00
5.5075e-05
2.8610e-06
0.0000e+00
5.2929e-05
4.0531e-06
0.0000e+00
5.1975e-05
7.8678e-06
0.0000e+00
5.3167e-05
3.0994e-06
0.0000e+00
5.3167e-05
5.0068e-06
6.4850e-05
9.5367e-07
3.8147e-06
0.0000e+00
5.3883e-05
2.8610e-06
5.0068e-06
9.5367e-07
1.9073e-06
2.7180e-05
9.5367e-07
1.9073e-06
3.8147e-06
9.5367e-07
2.1458e-06
0.0000e+00
5.7936e-05
3.0994e-06
7.8678e-06
9.5367e-07
1.9073e-06
0.0000e+00
5.5075e-05
5.9605e-06
4.1008e-05
1.1921e-06
4.0531e-06
0.0000e+00
5.3883e-05
1.9073e-06
3.8147e-06
0.0000e+00
1.9073e-06
8.1062e-06
0.0000e+00
1.9073e-06
0.0000e+00
5.3883e-05
4.0531e-06
0.0000e+00
6.8903e-05
5.0068e-06
0.0000e+00
5.4121e-05
1.9073e-06
0.0000e+00
5.3167e-05
5.0068e-06
0.0000e+00
5.2214e-05
5.0068e-06
0.0000e+00
5.2214e-05
5.0068e-06
6.1989e-06
9.5367e-07
1.9073e-06
0.0000e+00
6.1035e-05
3.0994e-06
1.0014e-05
1.1921e-06
2.1458e-06
0.0000e+00
5.3883e-05
3.8147e-06
0.0000e+00
5.6028e-05
1.9073e-06
6.9141e-06
9.5367e-07
2.1458e-06
0.0000e+00
5.2929e-05
4.0531e-06
0.0000e+00
5.3883e-05
3.0994e-06
4.0531e-06
9.5367e-07
9.5367e-07
9.8944e-05
9.5367e-07
2.8610e-06
0.0000e+00
5.5075e-05
5.0068e-06
0.0000e+00
5.1975e-05
1.9073e-06
0.0000e+00
5.3167e-05
3.0994e-06
0.0000e+00
5.6028e-05
1.9073e-06
0.0000e+00
5.2929e-05
3.8147e-06
0.0000e+00
5.2929e-05
4.0531e-06
1.0014e-05
9.5367e-07
3.0994e-06
0.0000e+00
5.6028e-05
2.8610e-06
3.8147e-06
9.5367e-07
1.9073e-06
0.0000e+00
5.5075e-05
2.8610e-06
0.0000e+00
5.3167e-05
2.1458e-06
4.0531e-06
9.5367e-07
2.8610e-06
0.0000e+00
7.3910e-05
3.8147e-06
5.8889e-05
1.1921e-06
3.0994e-06
0.0000e+00
5.5075e-05
1.9073e-06
5.0068e-06
9.5367e-07
2.8610e-06
0.0000e+00
5.2929e-05
2.8610e-06
0.0000e+00
5.1975e-05
4.0531e-06
0.0000e+00
5.4121e-05
1.9073e-06
5.0068e-06
1.1921e-06
2.1458e-06
0.0000e+00
5.3883e-05
5.9605e-06
2.8610e-06
0.0000e+00
1.9073e-06
0.0000e+00
5.6028e-05
2.8610e-06
0.0000e+00
5.4836e-05
2.1458e-06
5.0068e-06
9.5367e-07
1.9073e-06
4.0531e-06
1.1921e-06
2.1458e-06
0.0000e+00
5.3883e-05
4.0531e-06
0.0000e+00
5.3167e-05
5.0068e-06
0.0000e+00
5.1975e-05
4.0531e-06
4.0531e-06
1.1921e-06
1.9073e-06
0.0000e+00
5.4121e-05
2.8610e-06
0.0000e+00
5.7220e-05
3.0994e-06
0.0000e+00
5.5075e-05
2.8610e-06
0.0000e+00
5.3883e-05
3.0994e-06
0.0000e+00
5.1975e-05
1.9073e-06
0.0000e+00
5.1975e-05
2.8610e-06
0.0000e+00
5.2929e-05
2.8610e-06
0.0000e+00
5.1975e-05
2.8610e-06
0.0000e+00
6.7949e-05
6.1989e-06
5.9605e-06
0.0000e+00
1.9073e-06
0.0000e+00
5.6028e-05
2.1458e-06
0.0000e+00
5.4121e-05
4.0531e-06
4.0531e-06
9.5367e-07
3.0994e-06
1.7881e-05
9.5367e-07
2.8610e-06
0.0000e+00
5.4121e-05
5.9605e-06
0.0000e+00
5.2929e-05
5.9605e-06
0.0000e+00
5.2214e-05
3.0994e-06
0.0000e+00
5.1975e-05
3.0994e-06
7.1526e-06
9.5367e-07
1.9073e-06
0.0000e+00
5.6028e-05
3.0994e-06
0.0000e+00
5.2929e-05
3.0994e-06
0.0000e+00
5.1975e-05
2.8610e-06
0.0000e+00
5.1975e-05
5.9605e-06
0.0000e+00
6.1989e-05
2.8610e-06
6.1989e-06
0.0000e+00
3.0994e-06
8.8215e-06
9.5367e-07
1.9073e-06
0.0000e+00
5.5075e-05
2.8610e-06
0.0000e+00
5.5075e-05
4.0531e-06
5.0068e-06
9.5367e-07
1.9073e-06
0.0000e+00
5.5075e-05
5.0068e-06
0.0000e+00
5.1975e-05
5.9605e-06
0.0000e+00
5.2214e-05
2.1458e-06
0.0000e+00
5.2929e-05
4.0531e-06
0.0000e+00
5.3167e-05
4.0531e-06
0.0000e+00
5.1975e-05
3.0994e-06
0.0000e+00
5.5075e-05
2.1458e-06
0.0000e+00
5.2929e-05
5.0068e-06
0.0000e+00
5.3167e-05
5.0068e-06
6.1989e-06
9.5367e-07
3.0994e-06
0.0000e+00
6.1035e-05
3.0994e-06
0.0000e+00
5.3167e-05
2.1458e-06
0.0000e+00
5.1022e-05
1.9073e-06
0.0000e+00
5.2214e-05
3.0994e-06
0.0000e+00
5.5075e-05
5.0068e-06
0.0000e+00
5.2929e-05
1.9073e-06
5.9605e-06
9.5367e-07
1.9073e-06
0.0000e+00
5.3883e-05
1.9073e-06
7.6056e-05
1.1921e-06
3.0994e-06
0.0000e+00
5.5075e-05
1.9073e-06
4.0531e-06
1.1921e-06
2.1458e-06
0.0000e+00
5.3883e-05
5.0068e-06
0.0000e+00
5.4121e-05
2.1458e-06
4.0531e-06
9.5367e-07
2.8610e-06
5.0068e-06
9.5367e-07
2.8610e-06
0.0000e+00
5.5075e-05
3.8147e-06
0.0000e+00
5.4836e-05
4.0531e-06
5.0068e-06
0.0000e+00
2.1458e-06
9.0599e-06
0.0000e+00
2.1458e-06
1.4305e-04
9.5367e-07
3.0994e-06
4.0531e-06
9.5367e-07
2.8610e-06
8.1062e-06
9.5367e-07
1.9073e-06
0.0000e+00
5.6028e-05
5.0068e-06
0.0000e+00
5.2929e-05
2.8610e-06
3.8147e-06
9.5367e-07
2.8610e-06
0.0000e+00
5.6982e-05
2.8610e-06
0.0000e+00
5.3883e-05
2.8610e-06
8.8215e-06
9.5367e-07
2.8610e-06
0.0000e+00
5.3883e-05
1.9073e-06
4.6968e-05
9.5367e-07
2.8610e-06
0.0000e+00
5.3883e-05
1.9073e-06
0.0000e+00
5.2929e-05
5.0068e-06
0.0000e+00
5.5075e-05
5.0068e-06
0.0000e+00
6.8903e-05
4.0531e-06
0.0000e+00
5.6028e-05
1.9073e-06
5.9605e-06
0.0000e+00
1.9073e-06
0.0000e+00
5.3883e-05
1.9073e-06
5.0068e-06
9.5367e-07
2.1458e-06
9.0599e-06
9.5367e-07
1.9073e-06
0.0000e+00
5.2929e-05
3.8147e-06
0.0000e+00
5.1975e-05
3.8147e-06
5.8889e-05
9.5367e-07
3.0994e-06
0.0000e+00
5.5075e-05
4.0531e-06
4.0531e-06
9.5367e-07
4.0531e-06
0.0000e+00
5.6982e-05
3.0994e-06
0.0000e+00
5.2929e-05
4.0531e-06
0.0000e+00
5.5075e-05
2.8610e-06
0.0000e+00
6.1035e-05
3.0994e-06
6.9141e-06
1.1921e-06
3.0994e-06
9.0599e-06
0.0000e+00
1.9073e-06
2.8610e-06
0.0000e+00
2.1458e-06
2.0027e-05
9.5367e-07
2.8610e-06
3.8147e-06
9.5367e-07
2.1458e-06
2.4080e-05
9.5367e-07
1.9073e-06
3.0994e-06
9.5367e-07
1.9073e-06
0.0000e+00
7.4863e-05
5.9605e-06
0.0000e+00
5.3883e-05
1.9073e-06
0.0000e+00
5.1975e-05
2.1458e-06
5.9605e-06
0.0000e+00
2.1458e-06
3.0208e-04
9.5367e-07
2.8610e-06
0.0000e+00
5.3883e-05
5.0068e-06
0.0000e+00
5.2929e-05
2.1458e-06
0.0000e+00
6.1035e-05
5.0068e-06
7.8678e-06
9.5367e-07
2.1458e-06
0.0000e+00
7.6056e-05
1.9073e-06
0.0000e+00
5.4121e-05
1.9073e-06
0.0000e+00
5.3167e-05
2.1458e-06
5.0068e-06
9.5367e-07
1.9073e-06
0.0000e+00
5.3883e-05
5.0068e-06
4.0531e-06
0.0000e+00
1.9073e-06
0.0000e+00
5.2929e-05
3.0994e-06
0.0000e+00
5.3167e-05
2.1458e-06
0.0000e+00
5.6028e-05
4.0531e-06
8.1062e-06
9.5367e-07
2.1458e-06
5.1022e-05
9.5367e-07
4.0531e-06
4.0531e-06
9.5367e-07
1.9073e-06
0.0000e+00
5.6982e-05
4.0531e-06
4.0531e-06
9.5367e-07
1.9073e-06
0.0000e+00
5.2929e-05
4.0531e-06
0.0000e+00
6.0081e-05
3.0994e-06
4.0531e-06
0.0000e+00
9.5367e-07
0.0000e+00
5.3883e-05
5.0068e-06
0.0000e+00
5.3167e-05
4.0531e-06
0.0000e+00
7.3195e-05
4.0531e-06
0.0000e+00
5.3167e-05
2.8610e-06
0.0000e+00
5.2214e-05
5.0068e-06
0.0000e+00
5.5075e-05
5.0068e-06
0.0000e+00
5.2929e-05
1.9073e-06
0.0000e+00
5.1975e-05
5.0068e-06
0.0000e+00
5.1975e-05
4.0531e-06
1.0014e-05
0.0000e+00
1.9073e-06
4.8876e-05
9.5367e-07
4.0531e-06
0.0000e+00
5.6028e-05
5.9605e-06
0.0000e+00
6.1035e-05
1.9073e-06
5.0068e-06
0.0000e+00
1.9073e-06
2.4080e-05
9.5367e-07
4.0531e-06
4.0531e-06
0.0000e+00
1.9073e-06
1.2159e-05
9.5367e-07
9.5367e-07
0.0000e+00
5.4121e-05
5.0068e-06
4.0531e-06
9.5367e-07
2.8610e-06
1.6785e-04
9.5367e-07
2.1458e-06
3.0994e-06
9.5367e-07
1.9073e-06
0.0000e+00
5.3883e-05
4.0531e-06
9.0599e-06
9.5367e-07
1.9073e-06
0.0000e+00
5.6028e-05
3.0994e-06
5.0068e-06
1.1921e-06
2.1458e-06
0.0000e+00
5.6982e-05
3.8147e-06
3.8147e-06
9.5367e-07
1.9073e-06
0.0000e+00
5.5075e-05
4.0531e-06
0.0000e+00
5.1975e-05
5.0068e-06
3.8147e-06
9.5367e-07
2.8610e-06
7.1526e-06
0.0000e+00
2.8610e-06
1.4067e-05
1.1921e-06
2.1458e-06
0.0000e+00
7.1049e-05
5.0068e-06
0.0000e+00
5.5075e-05
5.0068e-06
0.0000e+00
5.4121e-05
2.8610e-06
5.0068e-06
9.5367e-07
2.1458e-06
8.1062e-06
9.5367e-07
1.9073e-06
1.9073e-05
0.0000e+00
2.1458e-06
0.0000e+00
5.5075e-05
3.0994e-06
0.0000e+00
5.3883e-05
1.9073e-06
0.0000e+00
5.1975e-05
3.8147e-06
3.8147e-06
9.5367e-07
1.9073e-06
0.0000e+00
7.2002e-05
5.0068e-06
5.9605e-06
0.0000e+00
4.0531e-06
4.0531e-06
1.1921e-06
3.0994e-06
0.0000e+00
5.5075e-05
1.9073e-06
1.8311e-04
6.9141e-06
4.0531e-06
0.0000e+00
5.6028e-05
1.9073e-06
0.0000e+00
5.2929e-05
4.0531e-06
4.0531e-06
0.0000e+00
1.9073e-06
4.0531e-06
9.5367e-07
3.0994e-06
0.0000e+00
5.2929e-05
4.0531e-06
0.0000e+00
7.3910e-05
5.9605e-06
0.0000e+00
5.6028e-05
4.0531e-06
0.0000e+00
5.1975e-05
1.9073e-06
0.0000e+00
5.1975e-05
5.0068e-06
0.0000e+00
5.2929e-05
1.9073e-06
5.9605e-06
0.0000e+00
1.9073e-06
0.0000e+00
5.3167e-05
4.0531e-06
4.0531e-06
9.5367e-07
3.0994e-06
0.0000e+00
5.3883e-05
2.8610e-06
0.0000e+00
5.6028e-05
4.0531e-06
0.0000e+00
6.1989e-05
5.9605e-06
0.0000e+00
5.1975e-05
2.1458e-06
0.0000e+00
5.1975e-05
4.0531e-06
5.9605e-06
0.0000e+00
1.9073e-06
0.0000e+00
5.2929e-05
4.0531e-06
4.0531e-06
9.5367e-07
1.9073e-06
4.0531e-06
0.0000e+00
1.9073e-06
1.4782e-05
9.5367e-07
2.8610e-06
0.0000e+00
5.3883e-05
3.0994e-06
0.0000e+00
5.6028e-05
1.9073e-06
5.0068e-06
0.0000e+00
1.9073e-06
1.3113e-05
0.0000e+00
1.9073e-06
1.0014e-05
0.0000e+00
3.0994e-06
0.0000e+00
5.4121e-05
5.0068e-06
3.2997e-04
9.5367e-07
4.0531e-06
0.0000e+00
5.7220e-05
2.1458e-06
0.0000e+00
5.2929e-05
1.9073e-06
0.0000e+00
5.2929e-05
5.0068e-06
0.0000e+00
7.2002e-05
5.0068e-06
0.0000e+00
5.5075e-05
1.9073e-06
5.9605e-06
9.5367e-07
1.9073e-06
7.1526e-06
9.5367e-07
1.9073e-06
0.0000e+00
5.6028e-05
4.0531e-06
0.0000e+00
5.3883e-05
3.0994e-06
3.0994e-06
9.5367e-07
1.9073e-06
0.0000e+00
5.3883e-05
2.8610e-06
0.0000e+00
5.4121e-05
2.1458e-06
7.2002e-05
1.1921e-06
3.0994e-06
0.0000e+00
5.6028e-05
1.9073e-06
1.1921e-05
9.5367e-07
7.8678e-06
3.8147e-06
0.0000e+00
2.8610e-06
0.0000e+00
5.3883e-05
4.0531e-06
4.0531e-06
0.0000e+00
1.9073e-06
0.0000e+00
5.2929e-05
1.9073e-06
0.0000e+00
5.3167e-05
2.1458e-06
0.0000e+00
5.4121e-05
1.9073e-06
0.0000e+00
5.2929e-05
5.0068e-06
1.5020e-05
1.8120e-05
3.8147e-06
3.8147e-06
9.5367e-07
1.9073e-06
9.0599e-06
9.5367e-07
1.9073e-06
0.0000e+00
5.6982e-05
2.8610e-06
0.0000e+00
5.4121e-05
1.9073e-06
0.0000e+00
5.1975e-05
5.0068e-06
4.0531e-06
0.0000e+00
2.1458e-06
0.0000e+00
5.4836e-05
4.0531e-06
0.0000e+00
5.2929e-05
2.1458e-06
0.0000e+00
5.2929e-05
3.8147e-06
0.0000e+00
6.2943e-05
1.9073e-06
0.0000e+00
5.4121e-05
5.9605e-06
0.0000e+00
5.1975e-05
2.1458e-06
0.0000e+00
5.1975e-05
6.9141e-06
0.0000e+00
5.4121e-05
1.9073e-06
0.0000e+00
5.3167e-05
2.1458e-06
0.0000e+00
5.1975e-05
5.9605e-06
6.1989e-06
9.5367e-07
4.0531e-06
0.0000e+00
5.7936e-05
5.0068e-06
0.0000e+00
5.3167e-05
4.0531e-06
3.8147e-06
0.0000e+00
1.9073e-06
0.0000e+00
5.4121e-05
4.0531e-06
0.0000e+00
5.1975e-05
3.8147e-06
0.0000e+00
5.2929e-05
4.0531e-06
0.0000e+00
5.8889e-05
4.0531e-06
5.0068e-06
9.5367e-07
9.5367e-07
3.0994e-06
9.5367e-07
1.9073e-06
0.0000e+00
5.9128e-05
4.0531e-06
5.0068e-06
9.5367e-07
1.9073e-06
1.0014e-05
9.5367e-07
1.9073e-06
0.0000e+00
5.6982e-05
3.8147e-06
0.0000e+00
5.2929e-05
2.8610e-06
1.6904e-04
9.5367e-07
3.0994e-06
4.0531e-06
9.5367e-07
1.9073e-06
0.0000e+00
5.4836e-05
5.0068e-06
0.0000e+00
5.2214e-05
5.9605e-06
5.0068e-06
9.5367e-07
1.9073e-06
0.0000e+00
7.0095e-05
5.9605e-06
5.0068e-06
0.0000e+00
3.0994e-06
0.0000e+00
5.4121e-05
2.1458e-06
0.0000e+00
6.1035e-05
3.8147e-06
0.0000e+00
5.2929e-05
3.8147e-06
0.0000e+00
5.1022e-05
3.0994e-06
0.0000e+00
5.1975e-05
2.1458e-06
8.1062e-06
0.0000e+00
1.3103e-01
