2.4021e-03
2.1219e-05
0.0000e+00
4.6015e-05
1.1921e-05
0.0000e+00
2.8133e-05
7.9598e-03
1.0014e-05
9.5367e-07
9.5367e-07
0.0000e+00
2.5034e-05
1.5020e-05
0.0000e+00
2.3127e-05
6.1989e-06
0.0000e+00
2.4796e-05
1.1492e-04
0.0000e+00
2.3127e-05
1.9073e-06
0.0000e+00
2.3127e-05
2.2888e-05
6.2943e-05
1.1921e-06
2.8610e-06
2.1911e-04
9.5367e-07
9.5367e-07
0.0000e+00
2.3842e-05
1.1921e-06
0.0000e+00
2.2888e-05
2.1458e-06
0.0000e+00
2.2888e-05
1.1921e-06
1.9073e-06
9.5367e-07
1.9073e-06
0.0000e+00
2.3127e-05
9.5367e-07
0.0000e+00
2.1935e-05
9.5367e-07
2.6202e-04
1.1921e-06
9.5367e-07
6.9141e-05
0.0000e+00
9.5367e-07
0.0000e+00
2.3842e-05
1.9073e-06
0.0000e+00
2.1935e-05
5.0068e-06
0.0000e+00
2.2888e-05
1.9073e-06
0.0000e+00
2.1935e-05
1.5402e-04
0.0000e+00
2.1935e-05
9.5367e-07
0.0000e+00
2.1935e-05
2.1458e-06
0.0000e+00
2.1935e-05
9.5367e-07
2.3293e-04
9.5367e-07
9.5367e-07
5.2214e-05
0.0000e+00
2.1458e-06
0.0000e+00
2.2888e-05
1.1921e-06
2.8610e-06
1.1921e-06
1.9073e-06
1.3399e-04
9.5367e-07
1.1921e-06
0.0000e+00
2.2888e-05
1.1921e-06
0.0000e+00
2.1935e-05
9.5367e-07
0.0000e+00
2.1935e-05
1.5998e-04
0.0000e+00
2.2173e-05
1.9073e-06
7.9155e-05
0.0000e+00
9.5367e-07
2.3413e-04
9.5367e-07
9.5367e-07
0.0000e+00
3.0994e-05
9.5367e-07
0.0000e+00
2.1935e-05
9.5367e-07
0.0000e+00
2.1935e-05
1.9073e-06
0.0000e+00
2.0981e-05
9.5367e-07
0.0000e+00
2.1935e-05
2.1458e-06
0.0000e+00
2.1935e-05
2.1458e-06
0.0000e+00
2.1935e-05
9.5367e-07
0.0000e+00
2.2173e-05
2.8610e-06
0.0000e+00
2.5988e-05
3.7408e-04
0.0000e+00
2.2173e-05
1.9073e-06
7.2002e-05
0.0000e+00
2.1458e-06
0.0000e+00
2.1935e-05
9.5367e-07
0.0000e+00
2.1935e-05
1.9073e-06
0.0000e+00
2.2173e-05
1.6379e-04
0.0000e+00
2.1935e-05
1.9073e-06
0.0000e+00
2.2173e-05
2.1458e-06
0.0000e+00
2.1935e-05
1.1921e-06
1.9073e-06
0.0000e+00
9.5367e-07
0.0000e+00
2.1935e-05
9.5367e-07
0.0000e+00
2.2173e-05
9.5367e-07
0.0000e+00
2.0981e-05
9.5367e-07
0.0000e+00
2.1935e-05
2.1458e-06
0.0000e+00
2.1935e-05
4.0531e-06
0.0000e+00
2.2888e-05
1.9073e-06
0.0000e+00
2.1935e-05
9.5367e-07
1.4200e-03
0.0000e+00
9.5367e-07
0.0000e+00
2.3127e-05
4.2915e-05
0.0000e+00
2.2173e-05
3.0994e-06
0.0000e+00
2.0981e-05
4.0770e-05
0.0000e+00
2.2173e-05
9.5367e-07
0.0000e+00
2.2173e-05
9.5367e-07
0.0000e+00
2.1935e-05
1.5783e-04
0.0000e+00
2.2888e-05
9.5367e-07
5.9605e-06
0.0000e+00
9.5367e-07
0.0000e+00
2.1935e-05
7.1526e-06
9.5367e-07
0.0000e+00
9.5367e-07
0.0000e+00
2.1935e-05
2.8896e-04
0.0000e+00
2.2173e-05
1.7881e-05
0.0000e+00
2.1935e-05
2.8610e-06
0.0000e+00
2.2173e-05
8.2970e-05
0.0000e+00
2.1935e-05
1.9073e-06
0.0000e+00
2.2888e-05
9.5367e-07
0.0000e+00
2.2173e-05
7.6056e-05
0.0000e+00
2.0981e-05
9.5367e-07
2.1458e-06
0.0000e+00
9.5367e-07
0.0000e+00
2.3127e-05
1.0014e-05
0.0000e+00
2.1935e-05
9.5367e-07
6.9809e-04
0.0000e+00
1.9073e-06
0.0000e+00
2.4080e-05
1.9073e-06
4.8876e-05
9.5367e-07
9.5367e-07
0.0000e+00
2.2888e-05
9.5367e-07
0.0000e+00
2.1935e-05
9.5367e-07
0.0000e+00
2.2173e-05
9.5367e-07
8.6069e-05
0.0000e+00
9.5367e-07
1.1611e-04
0.0000e+00
1.9073e-06
0.0000e+00
2.3127e-05
1.9073e-06
0.0000e+00
2.0981e-05
2.8610e-06
0.0000e+00
2.5988e-05
1.1921e-06
0.0000e+00
3.0041e-05
3.8147e-06
0.0000e+00
2.3127e-05
9.5367e-07
0.0000e+00
2.0981e-05
2.8610e-06
0.0000e+00
2.2888e-05
9.5367e-07
0.0000e+00
2.1935e-05
5.0068e-06
0.0000e+00
2.0981e-05
2.1458e-06
0.0000e+00
2.1935e-05
3.0994e-06
0.0000e+00
2.1935e-05
3.9911e-04
0.0000e+00
3.0041e-05
1.9073e-06
0.0000e+00
2.1935e-05
9.5367e-07
1.3590e-04
0.0000e+00
9.5367e-07
9.2983e-05
0.0000e+00
9.5367e-07
1.6928e-05
1.1921e-06
2.1458e-06
0.0000e+00
2.4080e-05
1.1921e-06
7.2002e-05
0.0000e+00
9.5367e-07
0.0000e+00
2.1935e-05
9.5367e-07
0.0000e+00
2.2173e-05
1.2803e-04
0.0000e+00
2.1935e-05
3.1948e-05
6.2943e-05
0.0000e+00
9.5367e-07
7.9870e-05
0.0000e+00
1.1921e-06
0.0000e+00
2.2888e-05
9.5367e-07
0.0000e+00
2.1935e-05
5.1975e-05
0.0000e+00
2.1935e-05
7.2002e-05
0.0000e+00
2.2173e-05
1.9073e-06
0.0000e+00
2.1935e-05
2.1458e-06
0.0000e+00
2.1935e-05
9.5367e-07
0.0000e+00
2.9802e-05
1.9073e-06
0.0000e+00
2.2888e-05
1.1921e-06
1.9073e-06
0.0000e+00
1.5974e-05
0.0000e+00
2.1935e-05
9.5367e-07
1.1921e-06
0.0000e+00
1.9073e-06
0.0000e+00
2.5988e-05
1.9073e-06
0.0000e+00
2.1935e-05
1.1921e-06
0.0000e+00
2.1935e-05
1.9073e-06
0.0000e+00
2.2173e-05
7.6795e-04
7.9870e-05
9.5367e-07
0.0000e+00
0.0000e+00
2.2888e-05
1.1921e-06
0.0000e+00
2.3842e-05
9.5367e-07
0.0000e+00
2.1935e-05
5.0068e-06
2.0313e-04
9.5367e-07
9.5367e-07
0.0000e+00
2.1935e-05
1.9073e-06
8.7976e-05
0.0000e+00
9.5367e-07
0.0000e+00
2.1935e-05
9.5367e-07
0.0000e+00
2.1935e-05
1.0490e-04
0.0000e+00
3.0994e-05
1.9073e-06
0.0000e+00
2.0981e-05
1.1921e-06
0.0000e+00
2.1935e-05
1.9073e-06
0.0000e+00
2.2173e-05
9.5367e-07
0.0000e+00
2.1935e-05
1.1921e-06
2.5892e-04
9.5367e-07
1.1921e-06
0.0000e+00
2.5034e-05
9.5367e-07
0.0000e+00
2.1935e-05
1.9073e-06
0.0000e+00
3.0041e-05
1.1921e-06
0.0000e+00
2.1935e-05
1.9073e-06
0.0000e+00
2.2173e-05
1.9073e-06
0.0000e+00
2.0981e-05
2.7704e-04
0.0000e+00
2.1935e-05
9.5367e-07
4.6015e-05
1.1921e-06
1.9073e-06
0.0000e+00
2.2888e-05
1.1921e-06
0.0000e+00
2.1935e-05
4.6968e-05
0.0000e+00
2.9087e-05
9.5367e-07
0.0000e+00
2.1935e-05
9.5367e-07
5.0068e-06
9.5367e-07
9.5367e-07
0.0000e+00
2.2173e-05
9.5367e-07
0.0000e+00
2.0981e-05
9.5367e-07
3.2306e-04
9.5367e-07
1.9073e-06
0.0000e+00
2.1219e-05
9.5367e-07
0.0000e+00
2.1935e-05
1.1921e-06
0.0000e+00
2.0981e-05
7.8917e-05
1.9073e-06
1.1921e-06
9.5367e-07
0.0000e+00
2.3127e-05
4.7922e-05
9.5367e-07
0.0000e+00
1.9073e-06
0.0000e+00
2.2888e-05
1.6308e-04
0.0000e+00
2.2173e-05
9.5367e-07
0.0000e+00
2.1935e-05
1.1206e-04
5.0068e-06
0.0000e+00
2.5988e-05
0.0000e+00
2.1935e-05
9.5367e-07
0.0000e+00
2.1935e-05
1.9073e-06
0.0000e+00
2.8849e-05
1.0610e-04
1.5306e-04
0.0000e+00
9.5367e-07
0.0000e+00
2.3127e-05
9.5367e-07
0.0000e+00
2.2173e-05
9.5367e-07
9.7036e-05
0.0000e+00
1.1921e-06
0.0000e+00
2.2888e-05
9.5367e-07
0.0000e+00
2.1935e-05
9.5367e-07
0.0000e+00
2.2173e-05
9.5367e-07
1.6904e-04
0.0000e+00
9.5367e-07
0.0000e+00
3.1948e-05
9.5367e-07
5.5075e-05
0.0000e+00
2.1458e-06
0.0000e+00
2.1935e-05
9.5367e-07
1.9073e-06
9.5367e-07
9.5367e-07
1.3709e-04
0.0000e+00
9.5367e-07
0.0000e+00
2.1935e-05
9.5367e-07
0.0000e+00
2.0981e-05
9.5367e-07
0.0000e+00
2.1935e-05
9.5367e-07
0.0000e+00
2.1935e-05
1.9073e-06
0.0000e+00
3.3140e-05
4.1008e-05
2.0003e-04
9.5367e-07
9.5367e-07
0.0000e+00
2.2888e-05
9.5367e-07
1.4806e-04
0.0000e+00
2.1458e-06
0.0000e+00
2.1935e-05
0.0000e+00
0.0000e+00
2.1935e-05
9.5367e-07
0.0000e+00
2.1935e-05
2.1458e-06
0.0000e+00
2.0981e-05
9.5367e-07
0.0000e+00
2.2173e-05
7.1049e-05
0.0000e+00
2.4080e-05
1.6904e-04
0.0000e+00
2.1935e-05
2.6941e-05
0.0000e+00
2.1935e-05
3.0994e-05
0.0000e+00
2.2888e-05
5.9128e-05
0.0000e+00
2.1935e-05
1.9073e-06
0.0000e+00
2.1935e-05
1.0014e-05
1.1897e-04
0.0000e+00
1.1921e-06
0.0000e+00
2.2888e-05
6.9141e-06
0.0000e+00
2.3127e-05
9.5367e-07
1.2112e-04
9.5367e-07
9.5367e-07
0.0000e+00
2.2173e-05
9.5367e-07
0.0000e+00
2.0981e-05
9.5367e-07
0.0000e+00
2.1935e-05
9.5367e-07
0.0000e+00
2.1935e-05
1.9073e-06
0.0000e+00
2.0981e-05
2.8610e-06
2.9302e-04
0.0000e+00
9.5367e-07
1.9073e-06
1.1921e-06
9.5367e-07
6.7949e-05
0.0000e+00
9.5367e-07
0.0000e+00
2.2888e-05
9.5367e-07
0.0000e+00
2.1935e-05
9.5367e-07
0.0000e+00
2.1935e-05
2.1458e-06
0.0000e+00
2.1935e-05
1.3518e-04
0.0000e+00
2.1935e-05
9.5367e-07
0.0000e+00
2.2173e-05
5.3883e-05
1.1897e-04
9.5367e-07
1.1921e-06
0.0000e+00
2.1935e-05
9.5367e-07
2.1458e-06
9.5367e-07
5.0068e-06
0.0000e+00
2.3127e-05
7.8201e-05
0.0000e+00
2.1935e-05
9.5367e-07
0.0000e+00
2.2173e-05
1.9073e-06
0.0000e+00
2.1935e-05
1.0014e-05
0.0000e+00
2.2173e-05
2.8610e-06
2.0099e-04
9.5367e-07
2.1458e-06
1.9073e-06
9.5367e-07
9.5367e-07
7.3910e-05
0.0000e+00
0.0000e+00
0.0000e+00
3.2902e-05
1.9073e-06
0.0000e+00
2.3127e-05
2.0695e-04
0.0000e+00
2.2173e-05
2.1458e-06
0.0000e+00
2.1935e-05
1.0014e-05
0.0000e+00
2.1219e-05
9.5367e-07
1.9073e-06
0.0000e+00
9.5367e-07
0.0000e+00
2.0981e-05
1.1921e-06
2.3699e-04
9.5367e-07
9.5367e-07
1.9073e-06
0.0000e+00
4.0531e-06
0.0000e+00
3.0994e-05
2.1458e-06
0.0000e+00
2.1935e-05
1.4997e-04
0.0000e+00
2.1935e-05
2.8610e-06
1.1778e-04
0.0000e+00
9.5367e-07
0.0000e+00
2.2173e-05
3.8147e-05
0.0000e+00
2.2888e-05
1.1921e-06
1.2994e-04
9.5367e-07
9.5367e-07
1.5020e-05
1.1921e-06
9.5367e-07
0.0000e+00
2.1935e-05
1.1921e-06
0.0000e+00
2.1935e-05
1.2779e-04
0.0000e+00
2.3842e-05
2.1458e-06
0.0000e+00
2.1935e-05
1.0705e-04
0.0000e+00
2.2173e-05
9.5367e-07
0.0000e+00
2.1935e-05
9.5367e-07
0.0000e+00
2.0981e-05
2.1458e-06
0.0000e+00
2.1935e-05
1.6403e-04
0.0000e+00
2.3127e-05
9.5367e-07
6.0081e-05
9.5367e-07
2.1458e-06
6.2943e-05
9.5367e-07
9.5367e-07
0.0000e+00
2.2888e-05
9.5367e-07
4.8876e-05
0.0000e+00
9.5367e-07
0.0000e+00
2.1935e-05
9.5367e-07
0.0000e+00
2.0981e-05
9.5367e-07
0.0000e+00
2.1935e-05
9.5367e-07
0.0000e+00
2.2173e-05
2.1458e-06
0.0000e+00
2.1935e-05
5.0068e-06
2.4414e-04
0.0000e+00
1.9073e-06
4.0531e-06
0.0000e+00
9.5367e-07
0.0000e+00
2.4080e-05
9.5367e-07
1.3113e-05
9.5367e-07
1.9073e-06
0.0000e+00
2.3127e-05
2.6107e-04
0.0000e+00
2.1935e-05
1.2159e-05
6.1035e-05
0.0000e+00
9.5367e-07
0.0000e+00
2.1935e-05
9.5367e-07
0.0000e+00
2.2173e-05
9.5367e-07
0.0000e+00
2.1935e-05
3.0994e-06
0.0000e+00
3.0994e-05
2.1458e-06
0.0000e+00
2.1935e-05
1.2994e-04
1.9073e-06
9.5367e-07
2.0981e-05
0.0000e+00
2.2173e-05
9.2030e-05
0.0000e+00
2.1935e-05
1.1921e-06
0.0000e+00
2.0981e-05
1.3494e-04
1.9073e-05
0.0000e+00
4.0531e-06
0.0000e+00
2.1935e-05
1.9073e-06
9.5367e-07
0.0000e+00
1.8835e-05
0.0000e+00
3.0994e-05
2.1458e-06
0.0000e+00
2.5988e-05
9.4891e-05
0.0000e+00
2.1935e-05
1.9073e-06
0.0000e+00
2.2173e-05
8.8215e-06
0.0000e+00
2.1935e-05
7.8917e-05
0.0000e+00
2.2173e-05
9.5367e-07
0.0000e+00
2.1935e-05
2.1458e-06
0.0000e+00
2.0981e-05
1.9073e-06
0.0000e+00
2.2173e-05
9.5367e-07
0.0000e+00
2.1935e-05
1.7691e-04
0.0000e+00
2.0981e-05
3.3140e-05
0.0000e+00
2.1935e-05
2.1458e-06
0.0000e+00
2.1935e-05
8.1062e-06
0.0000e+00
2.0981e-05
8.2970e-05
0.0000e+00
2.2173e-05
9.5367e-07
0.0000e+00
3.0041e-05
9.5367e-07
0.0000e+00
2.2173e-05
9.5367e-07
0.0000e+00
2.2173e-05
9.5367e-07
2.0194e-04
0.0000e+00
9.5367e-07
0.0000e+00
2.2888e-05
9.5367e-07
0.0000e+00
2.1935e-05
9.5367e-07
0.0000e+00
2.1935e-05
9.5367e-07
0.0000e+00
2.0981e-05
1.1921e-06
0.0000e+00
2.8849e-05
2.6393e-04
6.4135e-05
9.5367e-07
9.5367e-07
0.0000e+00
2.3127e-05
1.3804e-04
0.0000e+00
2.1935e-05
3.9101e-05
0.0000e+00
2.1935e-05
1.1921e-06
1.9073e-06
9.5367e-07
2.1458e-06
0.0000e+00
2.1935e-05
1.9073e-06
1.6809e-04
0.0000e+00
2.1458e-06
0.0000e+00
2.1935e-05
9.5367e-07
0.0000e+00
3.0994e-05
1.1921e-06
0.0000e+00
2.2888e-05
1.4114e-04
0.0000e+00
2.1935e-05
1.1921e-06
0.0000e+00
2.1935e-05
3.6001e-05
0.0000e+00
2.2173e-05
1.9073e-06
0.0000e+00
2.0981e-05
1.1921e-06
0.0000e+00
2.1935e-05
1.9073e-06
0.0000e+00
2.2173e-05
1.1301e-04
0.0000e+00
2.1935e-05
9.5367e-07
0.0000e+00
2.0981e-05
9.5367e-07
0.0000e+00
2.0981e-05
9.5367e-07
0.0000e+00
2.2173e-05
1.5903e-04
0.0000e+00
2.1935e-05
3.0994e-06
5.7936e-05
9.5367e-07
1.1921e-06
0.0000e+00
2.2888e-05
1.1921e-06
0.0000e+00
2.0981e-05
4.0531e-06
0.0000e+00
3.0041e-05
1.9073e-06
0.0000e+00
2.0981e-05
2.1601e-04
0.0000e+00
2.1935e-05
3.0994e-06
0.0000e+00
2.0981e-05
7.7963e-05
0.0000e+00
2.2173e-05
9.5367e-07
0.0000e+00
2.1935e-05
2.1458e-06
0.0000e+00
2.1935e-05
1.9073e-06
0.0000e+00
2.9087e-05
2.1458e-06
0.0000e+00
2.2888e-05
2.1458e-06
0.0000e+00
2.2888e-05
9.5367e-07
0.0000e+00
2.0981e-05
9.5367e-07
0.0000e+00
2.0981e-05
1.9073e-06
0.0000e+00
2.2173e-05
2.1458e-06
0.0000e+00
2.1935e-05
1.1921e-06
0.0000e+00
2.0981e-05
4.4894e-04
1.1921e-06
0.0000e+00
1.9073e-06
0.0000e+00
2.3127e-05
9.5367e-07
1.3070e-03
0.0000e+00
1.1921e-06
6.9141e-06
0.0000e+00
9.5367e-07
0.0000e+00
2.1935e-05
1.1921e-06
0.0000e+00
2.1935e-05
9.5367e-07
0.0000e+00
2.0981e-05
9.5367e-07
0.0000e+00
2.0981e-05
1.1921e-06
0.0000e+00
2.1935e-05
1.9073e-06
0.0000e+00
3.0041e-05
1.1921e-06
0.0000e+00
2.1935e-05
4.6396e-04
3.9101e-05
0.0000e+00
9.5367e-07
1.1921e-04
0.0000e+00
9.5367e-07
0.0000e+00
2.3127e-05
1.9073e-06
0.0000e+00
2.1935e-05
9.5367e-07
0.0000e+00
2.1935e-05
1.9073e-06
0.0000e+00
2.1935e-05
2.1458e-06
0.0000e+00
2.1935e-05
4.0531e-06
1.9073e-06
9.5367e-07
2.1458e-06
0.0000e+00
2.2888e-05
7.1526e-06
0.0000e+00
2.1935e-05
2.1458e-06
2.9302e-04
0.0000e+00
9.5367e-07
1.9073e-06
0.0000e+00
4.0531e-06
0.0000e+00
2.4080e-05
9.5367e-07
1.9813e-04
0.0000e+00
9.5367e-07
1.1921e-06
0.0000e+00
9.5367e-07
0.0000e+00
2.3127e-05
9.5367e-07
0.0000e+00
2.1935e-05
1.9073e-06
1.0896e-04
0.0000e+00
2.1458e-06
0.0000e+00
2.3127e-05
2.1601e-04
0.0000e+00
2.1935e-05
1.9073e-06
0.0000e+00
2.1219e-05
9.5367e-07
0.0000e+00
2.1935e-05
2.1458e-06
1.0204e-04
9.5367e-07
1.9073e-06
2.1458e-06
9.5367e-07
6.9141e-06
0.0000e+00
2.3127e-05
4.9829e-05
0.0000e+00
2.0981e-05
1.9073e-06
1.1921e-06
7.8678e-06
1.9789e-05
0.0000e+00
2.2888e-05
1.9193e-04
0.0000e+00
2.1935e-05
1.9073e-06
0.0000e+00
2.0981e-05
9.5367e-07
0.0000e+00
2.0981e-05
1.9073e-06
0.0000e+00
2.0981e-05
7.3910e-05
0.0000e+00
2.2173e-05
1.9073e-06
0.0000e+00
2.0981e-05
3.0994e-06
0.0000e+00
2.9087e-05
1.9073e-06
2.1100e-04
0.0000e+00
1.1921e-06
0.0000e+00
2.1935e-05
2.1458e-06
2.1386e-04
0.0000e+00
9.5367e-07
0.0000e+00
2.2173e-05
9.5367e-07
9.5367e-07
0.0000e+00
1.1921e-05
0.0000e+00
2.2173e-05
3.7909e-05
1.4067e-05
0.0000e+00
9.0599e-06
0.0000e+00
2.1935e-05
2.1458e-06
0.0000e+00
2.1935e-05
2.1458e-06
1.8191e-04
0.0000e+00
2.1458e-06
0.0000e+00
2.2888e-05
1.1921e-06
0.0000e+00
2.0981e-05
1.8597e-04
0.0000e+00
2.2173e-05
9.5367e-07
0.0000e+00
2.1935e-05
9.5367e-07
0.0000e+00
2.1935e-05
2.1458e-06
0.0000e+00
2.0981e-05
1.9073e-06
0.0000e+00
2.2173e-05
2.1458e-06
0.0000e+00
2.5034e-05
1.6904e-04
8.2970e-05
0.0000e+00
1.1921e-06
0.0000e+00
2.2888e-05
1.1921e-06
0.0000e+00
2.1935e-05
9.5367e-07
4.7922e-05
9.5367e-07
9.5367e-07
1.3804e-04
0.0000e+00
1.1921e-06
0.0000e+00
2.1935e-05
1.1921e-06
1.8692e-04
9.5367e-07
9.5367e-07
0.0000e+00
2.1935e-05
9.5367e-07
0.0000e+00
2.2173e-05
9.5367e-07
0.0000e+00
2.2888e-05
9.5367e-07
0.0000e+00
2.2173e-05
9.5367e-07
0.0000e+00
2.1935e-05
1.1921e-06
0.0000e+00
2.0981e-05
9.5367e-07
0.0000e+00
2.0981e-05
2.0599e-04
1.2875e-05
1.1921e-06
9.0599e-06
0.0000e+00
2.3127e-05
1.9073e-06
2.0099e-04
1.1921e-06
2.1458e-06
0.0000e+00
3.0041e-05
1.9073e-06
0.0000e+00
2.2173e-05
9.5367e-07
0.0000e+00
2.1935e-05
3.3140e-05
0.0000e+00
2.1935e-05
2.1458e-06
0.0000e+00
2.1935e-05
4.5061e-05
0.0000e+00
2.1935e-05
9.5367e-07
0.0000e+00
2.1935e-05
1.9073e-06
0.0000e+00
2.1935e-05
9.5367e-07
1.2302e-04
1.1921e-06
2.1458e-06
0.0000e+00
2.4080e-05
4.2915e-05
9.5367e-07
9.5367e-07
9.5367e-07
0.0000e+00
2.5034e-05
5.5075e-05
0.0000e+00
2.1935e-05
2.3794e-04
0.0000e+00
2.0981e-05
1.9073e-06
0.0000e+00
2.0981e-05
1.1921e-06
0.0000e+00
2.1935e-05
1.9073e-06
4.8161e-05
0.0000e+00
9.5367e-07
0.0000e+00
2.2888e-05
2.1458e-06
0.0000e+00
2.0981e-05
9.5367e-07
0.0000e+00
2.1935e-05
9.5367e-07
0.0000e+00
2.2173e-05
2.2197e-04
5.3883e-05
1.1921e-06
1.9073e-06
1.4067e-05
0.0000e+00
9.5367e-07
0.0000e+00
2.2173e-05
9.5367e-07
0.0000e+00
2.0981e-05
1.1921e-06
0.0000e+00
2.1935e-05
1.9002e-04
0.0000e+00
2.2888e-05
3.7193e-05
0.0000e+00
2.1935e-05
3.0994e-06
0.0000e+00
2.0981e-05
9.5367e-07
0.0000e+00
2.1935e-05
5.3883e-05
5.4121e-05
0.0000e+00
9.5367e-07
1.5020e-05
0.0000e+00
0.0000e+00
0.0000e+00
2.1935e-05
9.5367e-07
7.4863e-05
0.0000e+00
9.5367e-07
0.0000e+00
2.1935e-05
9.5367e-07
5.1022e-05
0.0000e+00
9.5367e-07
0.0000e+00
2.2888e-05
1.9073e-06
0.0000e+00
2.2173e-05
9.5367e-07
0.0000e+00
2.0981e-05
7.9155e-05
0.0000e+00
2.1935e-05
2.1458e-06
2.5582e-04
0.0000e+00
9.5367e-07
0.0000e+00
2.1935e-05
9.5367e-07
0.0000e+00
2.1935e-05
9.5367e-07
0.0000e+00
2.9802e-05
9.5367e-07
0.0000e+00
2.1935e-05
9.5367e-07
0.0000e+00
2.1935e-05
2.5296e-04
0.0000e+00
2.2173e-05
2.1458e-06
1.9073e-06
9.5367e-07
2.1458e-06
0.0000e+00
2.2888e-05
2.1458e-06
0.0000e+00
2.1935e-05
9.5367e-07
0.0000e+00
2.2173e-05
1.9073e-06
0.0000e+00
3.0994e-05
1.3304e-04
0.0000e+00
2.1935e-05
5.6028e-05
0.0000e+00
2.2173e-05
1.9073e-06
0.0000e+00
2.5034e-05
2.1458e-06
0.0000e+00
2.1935e-05
9.5367e-07
2.8396e-04
0.0000e+00
9.5367e-07
0.0000e+00
2.2173e-05
3.8147e-06
0.0000e+00
2.0981e-05
9.5367e-07
0.0000e+00
3.0041e-05
2.1458e-06
0.0000e+00
2.1935e-05
3.0994e-06
0.0000e+00
2.1935e-05
1.1206e-04
0.0000e+00
2.2173e-05
1.9073e-06
0.0000e+00
2.1935e-05
1.1921e-06
0.0000e+00
2.3127e-05
1.9073e-06
0.0000e+00
2.2888e-05
2.1458e-06
0.0000e+00
2.0981e-05
1.1921e-06
0.0000e+00
2.2888e-05
3.0208e-04
6.1989e-05
0.0000e+00
2.1458e-06
0.0000e+00
2.1935e-05
2.1458e-06
0.0000e+00
2.1935e-05
5.0068e-06
0.0000e+00
2.2173e-05
7.7963e-05
0.0000e+00
2.1935e-05
3.0994e-06
1.4091e-04
9.5367e-07
1.1921e-06
6.3896e-05
0.0000e+00
9.5367e-07
0.0000e+00
2.1935e-05
9.5367e-07
1.1182e-04
0.0000e+00
9.5367e-07
0.0000e+00
2.4080e-05
1.9073e-06
0.0000e+00
2.2888e-05
2.1458e-06
0.0000e+00
2.0981e-05
9.5367e-07
0.0000e+00
2.1219e-05
9.5367e-07
0.0000e+00
2.1935e-05
9.5367e-07
0.0000e+00
2.0981e-05
1.9073e-06
0.0000e+00
2.0981e-05
9.5367e-07
0.0000e+00
3.6955e-05
2.8801e-04
0.0000e+00
2.1935e-05
9.5367e-07
1.9073e-06
0.0000e+00
1.9073e-06
2.7180e-05
0.0000e+00
9.5367e-07
1.4710e-04
0.0000e+00
9.5367e-07
0.0000e+00
2.2173e-05
0.0000e+00
6.9141e-06
0.0000e+00
9.5367e-07
0.0000e+00
2.2888e-05
1.1921e-06
0.0000e+00
2.1935e-05
1.9073e-06
2.7800e-04
0.0000e+00
0.0000e+00
0.0000e+00
2.9087e-05
9.5367e-07
1.0204e-04
0.0000e+00
1.1921e-06
6.1035e-05
0.0000e+00
9.5367e-07
0.0000e+00
2.3127e-05
9.5367e-07
0.0000e+00
2.1935e-05
2.1458e-06
0.0000e+00
2.1935e-05
9.5367e-07
1.6689e-04
0.0000e+00
1.1921e-06
0.0000e+00
2.1935e-05
0.0000e+00
0.0000e+00
2.2173e-05
9.5367e-07
0.0000e+00
2.8849e-05
2.1458e-06
0.0000e+00
2.1935e-05
1.1921e-06
1.3280e-04
0.0000e+00
9.5367e-07
7.8678e-06
0.0000e+00
1.9073e-06
0.0000e+00
2.1935e-05
1.1921e-06
0.0000e+00
2.0981e-05
9.5367e-07
1.5712e-04
0.0000e+00
9.5367e-07
0.0000e+00
2.1935e-05
1.6809e-04
1.4067e-05
0.0000e+00
1.5974e-05
0.0000e+00
2.3127e-05
1.2398e-04
0.0000e+00
3.0041e-05
1.1921e-06
0.0000e+00
2.1935e-05
4.6015e-05
0.0000e+00
2.2173e-05
1.9073e-06
2.1458e-06
0.0000e+00
9.5367e-07
0.0000e+00
2.2173e-05
2.1458e-06
0.0000e+00
2.1935e-05
1.1921e-06
4.7684e-06
0.0000e+00
9.5367e-07
0.0000e+00
2.2173e-05
2.1458e-06
3.4904e-04
0.0000e+00
9.5367e-07
0.0000e+00
3.0041e-05
2.1458e-06
0.0000e+00
2.1935e-05
9.5367e-07
0.0000e+00
2.3842e-05
1.1921e-06
0.0000e+00
2.1935e-05
9.5367e-07
0.0000e+00
2.1935e-05
1.4305e-04
0.0000e+00
2.0981e-05
4.0054e-05
0.0000e+00
2.1935e-05
1.1921e-06
0.0000e+00
2.1935e-05
9.5367e-07
1.5998e-04
0.0000e+00
9.5367e-07
0.0000e+00
2.3127e-05
9.5367e-07
0.0000e+00
2.1935e-05
1.1921e-06
2.8610e-06
0.0000e+00
9.5367e-07
0.0000e+00
2.2888e-05
2.1458e-06
0.0000e+00
2.1935e-05
1.9073e-06
0.0000e+00
2.2173e-05
2.8610e-06
2.1458e-06
0.0000e+00
1.9073e-06
0.0000e+00
2.2173e-05
9.0599e-06
1.9383e-04
1.1921e-06
1.1921e-06
1.5783e-04
1.1921e-06
9.5367e-07
0.0000e+00
2.4080e-05
9.5367e-07
0.0000e+00
2.1935e-05
1.1921e-06
0.0000e+00
2.0981e-05
9.5367e-07
0.0000e+00
2.1935e-05
2.2411e-04
0.0000e+00
2.1935e-05
2.1458e-06
8.7976e-05
9.5367e-07
2.1458e-06
0.0000e+00
2.1935e-05
9.5367e-07
0.0000e+00
3.0994e-05
1.7905e-04
0.0000e+00
2.1935e-05
9.5367e-07
0.0000e+00
2.2173e-05
1.9073e-06
0.0000e+00
2.1935e-05
2.1458e-06
0.0000e+00
2.1935e-05
1.4901e-04
0.0000e+00
2.1935e-05
9.5367e-07
0.0000e+00
2.1935e-05
9.5367e-07
0.0000e+00
2.1935e-05
9.5367e-07
0.0000e+00
2.2888e-05
9.5367e-07
1.4997e-04
0.0000e+00
9.5367e-07
0.0000e+00
2.2173e-05
9.3937e-05
0.0000e+00
2.2173e-05
9.5367e-07
0.0000e+00
2.0981e-05
1.1921e-06
0.0000e+00
2.0981e-05
8.1062e-05
0.0000e+00
2.0981e-05
2.1458e-06
0.0000e+00
2.0981e-05
1.1516e-04
0.0000e+00
2.2888e-05
2.9087e-05
0.0000e+00
2.0981e-05
3.0994e-06
5.2929e-05
1.1921e-06
1.9073e-06
0.0000e+00
2.5988e-05
9.5367e-07
0.0000e+00
2.0981e-05
9.5367e-07
0.0000e+00
2.0981e-05
1.1921e-06
0.0000e+00
2.1935e-05
2.0790e-04
0.0000e+00
2.2173e-05
1.9073e-06
0.0000e+00
3.0994e-05
1.9073e-05
0.0000e+00
2.2173e-05
7.4863e-05
6.0797e-05
0.0000e+00
9.5367e-07
0.0000e+00
2.1935e-05
2.1458e-06
0.0000e+00
2.0981e-05
4.0531e-06
0.0000e+00
2.1935e-05
1.9073e-06
1.1110e-04
0.0000e+00
1.1921e-06
0.0000e+00
2.1935e-05
9.5367e-07
0.0000e+00
2.1935e-05
1.1921e-06
0.0000e+00
2.1935e-05
9.5367e-07
0.0000e+00
2.1935e-05
2.0885e-04
0.0000e+00
2.2888e-05
2.8133e-05
1.9073e-06
1.1921e-06
2.1935e-05
0.0000e+00
2.1935e-05
2.1458e-06
0.0000e+00
2.1935e-05
9.5367e-07
0.0000e+00
2.1219e-05
9.5367e-07
0.0000e+00
2.2888e-05
2.1458e-06
0.0000e+00
2.1935e-05
9.0599e-06
3.1304e-04
0.0000e+00
9.5367e-07
0.0000e+00
2.1935e-05
5.0068e-05
0.0000e+00
2.1935e-05
9.5367e-07
4.7922e-05
0.0000e+00
1.9073e-06
0.0000e+00
2.3127e-05
9.5367e-07
1.1015e-04
0.0000e+00
9.5367e-07
0.0000e+00
2.2888e-05
1.9073e-06
1.1516e-04
0.0000e+00
9.5367e-07
0.0000e+00
3.0994e-05
9.5367e-07
0.0000e+00
2.2888e-05
1.0800e-04
0.0000e+00
2.0981e-05
2.8610e-06
0.0000e+00
2.2173e-05
2.7895e-05
9.5367e-07
0.0000e+00
2.0981e-05
0.0000e+00
2.2888e-05
8.4162e-05
0.0000e+00
2.1935e-05
6.6996e-05
0.0000e+00
2.0981e-05
1.9073e-06
0.0000e+00
2.1935e-05
1.9073e-06
1.9073e-06
1.1921e-06
9.5367e-07
0.0000e+00
2.4080e-05
1.9073e-06
0.0000e+00
2.3127e-05
1.2016e-04
1.0967e-05
0.0000e+00
1.0967e-05
0.0000e+00
2.1935e-05
9.5367e-07
9.5367e-07
0.0000e+00
1.9073e-06
0.0000e+00
2.5034e-05
2.7299e-04
0.0000e+00
2.0981e-05
9.5367e-07
0.0000e+00
2.1935e-05
2.1458e-06
5.0068e-06
0.0000e+00
1.9073e-06
0.0000e+00
2.3127e-05
9.2983e-05
1.6594e-04
1.1921e-06
9.5367e-07
1.9073e-06
1.1921e-06
4.0531e-06
0.0000e+00
2.3127e-05
1.0014e-05
0.0000e+00
2.0981e-05
9.5367e-07
0.0000e+00
2.1935e-05
6.1989e-05
0.0000e+00
2.0981e-05
9.5367e-07
0.0000e+00
2.1935e-05
1.9073e-06
0.0000e+00
2.3127e-05
1.9073e-06
0.0000e+00
2.2888e-05
2.3913e-04
0.0000e+00
2.2888e-05
9.5367e-07
0.0000e+00
2.1935e-05
2.1458e-06
0.0000e+00
2.1935e-05
9.5367e-07
0.0000e+00
2.0981e-05
1.9073e-06
0.0000e+00
2.1935e-05
1.1921e-06
2.7680e-04
0.0000e+00
1.9073e-06
0.0000e+00
3.0994e-05
2.1458e-06
1.1396e-04
0.0000e+00
9.5367e-07
0.0000e+00
2.1935e-05
9.5367e-07
2.8610e-06
9.5367e-07
9.5367e-07
1.2803e-04
0.0000e+00
9.5367e-07
0.0000e+00
2.5034e-05
9.5367e-07
1.1015e-04
0.0000e+00
9.5367e-07
0.0000e+00
2.2173e-05
1.9073e-06
0.0000e+00
2.1935e-05
1.1921e-06
0.0000e+00
2.1935e-05
9.5367e-07
0.0000e+00
2.2173e-05
1.2875e-05
0.0000e+00
2.1219e-05
1.9073e-06
0.0000e+00
2.0981e-05
1.8978e-04
0.0000e+00
2.1935e-05
1.9073e-06
1.1396e-04
0.0000e+00
9.5367e-07
1.9073e-06
1.1921e-06
9.5367e-07
0.0000e+00
2.1935e-05
1.2708e-04
0.0000e+00
2.1935e-05
9.5367e-07
0.0000e+00
3.0041e-05
1.9073e-06
0.0000e+00
2.1935e-05
9.5367e-07
7.2002e-05
0.0000e+00
9.5367e-07
1.9073e-06
0.0000e+00
1.1921e-06
9.5367e-07
0.0000e+00
1.3113e-05
0.0000e+00
2.2888e-05
2.3818e-04
0.0000e+00
2.1935e-05
9.5367e-07
0.0000e+00
2.1935e-05
9.5367e-07
0.0000e+00
2.2173e-05
9.5367e-07
0.0000e+00
3.0994e-05
1.1706e-04
0.0000e+00
2.2173e-05
1.9073e-06
1.0800e-04
0.0000e+00
9.5367e-07
0.0000e+00
2.3127e-05
9.5367e-07
0.0000e+00
2.2173e-05
9.5367e-07
0.0000e+00
2.0981e-05
3.9101e-05
0.0000e+00
2.1935e-05
2.1458e-06
0.0000e+00
2.0981e-05
2.8133e-05
3.3855e-05
1.1921e-06
9.5367e-07
0.0000e+00
2.2888e-05
1.9073e-06
0.0000e+00
2.3842e-05
1.1921e-06
0.0000e+00
2.1935e-05
7.3910e-05
0.0000e+00
2.2173e-05
9.5367e-07
1.1206e-04
9.5367e-07
9.5367e-07
0.0000e+00
2.2173e-05
9.5367e-07
1.9073e-06
1.1921e-06
1.9073e-06
4.2295e-04
0.0000e+00
9.5367e-07
0.0000e+00
2.3127e-05
1.9073e-06
0.0000e+00
3.0994e-05
2.1458e-06
0.0000e+00
2.1935e-05
9.5367e-07
0.0000e+00
2.1935e-05
1.1206e-04
0.0000e+00
2.5034e-05
1.9073e-06
0.0000e+00
2.0981e-05
9.5367e-07
1.0991e-04
0.0000e+00
1.9073e-06
0.0000e+00
2.1935e-05
1.1921e-06
0.0000e+00
2.1935e-05
9.5367e-07
0.0000e+00
3.0041e-05
1.1921e-06
0.0000e+00
2.2888e-05
3.0994e-06
0.0000e+00
2.0981e-05
3.0994e-06
0.0000e+00
2.1935e-05
3.8147e-06
0.0000e+00
2.1935e-05
9.5367e-07
2.4104e-04
9.5367e-07
1.9073e-06
0.0000e+00
2.3127e-05
1.2302e-04
0.0000e+00
2.2173e-05
3.7909e-05
0.0000e+00
2.9087e-05
1.9073e-06
0.0000e+00
2.1935e-05
9.5367e-07
0.0000e+00
2.0981e-05
9.5367e-07
0.0000e+00
2.1935e-05
2.1458e-06
0.0000e+00
2.4796e-05
1.0109e-04
0.0000e+00
2.2173e-05
1.9073e-06
0.0000e+00
2.1935e-05
1.1110e-04
0.0000e+00
2.1935e-05
9.5367e-07
0.0000e+00
2.3127e-05
2.1935e-05
0.0000e+00
2.1935e-05
1.1921e-06
0.0000e+00
2.1935e-05
9.5367e-07
0.0000e+00
2.2173e-05
9.5367e-07
0.0000e+00
2.1935e-05
1.1921e-06
3.1090e-04
0.0000e+00
2.1458e-06
0.0000e+00
2.0981e-05
9.5367e-07
4.9829e-05
9.5367e-07
1.1921e-06
0.0000e+00
3.0041e-05
1.9073e-06
0.0000e+00
2.2173e-05
1.9073e-06
0.0000e+00
2.5988e-05
1.9073e-06
0.0000e+00
2.2173e-05
2.8610e-06
0.0000e+00
2.1935e-05
1.4496e-04
0.0000e+00
2.2173e-05
2.1458e-06
0.0000e+00
2.1935e-05
2.1458e-06
0.0000e+00
2.0981e-05
1.1921e-06
0.0000e+00
2.2888e-05
2.1458e-06
1.8787e-04
9.5367e-07
2.1458e-06
0.0000e+00
2.1935e-05
1.1921e-06
0.0000e+00
2.1935e-05
8.6069e-05
0.0000e+00
2.1935e-05
2.1458e-06
5.0068e-06
0.0000e+00
1.6928e-05
0.0000e+00
2.2173e-05
1.9073e-06
0.0000e+00
2.0981e-05
8.1062e-06
0.0000e+00
2.9087e-05
9.5367e-07
0.0000e+00
2.3127e-05
1.9073e-06
0.0000e+00
2.1935e-05
9.5367e-07
0.0000e+00
2.0981e-05
9.5367e-07
0.0000e+00
2.0981e-05
9.5367e-07
4.1199e-04
0.0000e+00
1.1921e-06
0.0000e+00
2.2888e-05
9.5367e-07
0.0000e+00
2.1935e-05
3.8862e-05
0.0000e+00
2.1935e-05
2.1458e-06
0.0000e+00
2.2888e-05
6.7949e-05
0.0000e+00
2.0981e-05
1.1921e-06
0.0000e+00
2.1935e-05
1.1921e-06
0.0000e+00
2.1935e-05
9.5367e-07
0.0000e+00
2.2173e-05
9.5367e-07
0.0000e+00
2.2173e-05
1.9073e-06
2.3603e-04
0.0000e+00
9.5367e-07
0.0000e+00
2.2888e-05
1.9073e-06
0.0000e+00
2.3127e-05
1.9073e-06
1.9073e-06
1.1921e-06
1.9073e-06
0.0000e+00
2.2888e-05
2.1458e-06
0.0000e+00
2.1935e-05
9.5367e-07
0.0000e+00
2.2173e-05
1.9073e-06
3.2806e-04
0.0000e+00
1.9073e-06
0.0000e+00
2.3127e-05
2.2697e-04
1.4067e-05
0.0000e+00
9.0599e-06
0.0000e+00
2.1935e-05
1.9073e-06
0.0000e+00
2.2173e-05
3.1948e-05
0.0000e+00
2.1935e-05
1.9073e-06
0.0000e+00
2.1935e-05
1.1921e-06
0.0000e+00
2.0981e-05
9.5367e-07
2.6321e-04
0.0000e+00
9.5367e-07
0.0000e+00
2.3127e-05
9.5367e-07
1.9073e-06
0.0000e+00
3.8147e-06
0.0000e+00
2.1935e-05
9.5367e-07
0.0000e+00
3.2187e-05
9.5367e-07
0.0000e+00
2.3127e-05
1.9073e-06
0.0000e+00
2.3127e-05
1.9073e-06
0.0000e+00
2.1935e-05
1.1921e-06
5.2929e-05
9.5367e-07
2.1458e-06
0.0000e+00
2.2888e-05
1.9073e-06
0.0000e+00
2.2173e-05
1.9073e-06
0.0000e+00
2.1935e-05
3.0994e-06
1.9073e-06
0.0000e+00
7.8678e-06
0.0000e+00
3.0041e-05
2.1458e-06
0.0000e+00
2.1935e-05
9.5367e-07
0.0000e+00
2.2173e-05
5.9700e-04
0.0000e+00
2.1935e-05
1.1921e-06
1.9073e-06
9.5367e-07
2.1458e-06
0.0000e+00
2.1935e-05
2.1458e-06
1.4067e-05
0.0000e+00
7.8678e-06
1.1921e-06
9.5367e-07
2.0981e-05
2.3890e-04
0.0000e+00
2.1458e-06
0.0000e+00
2.1935e-05
1.9073e-06
0.0000e+00
2.3127e-05
9.5367e-07
1.6809e-04
0.0000e+00
1.9073e-06
0.0000e+00
2.0981e-05
9.5367e-07
0.0000e+00
2.4080e-05
9.5367e-07
1.9073e-06
0.0000e+00
9.5367e-07
0.0000e+00
2.1935e-05
1.1921e-06
0.0000e+00
2.1935e-05
9.5367e-07
2.2101e-04
9.5367e-07
2.1458e-06
0.0000e+00
2.2888e-05
1.9073e-06
0.0000e+00
2.1935e-05
9.5367e-07
0.0000e+00
2.1219e-05
6.8903e-05
0.0000e+00
2.2173e-05
9.5367e-07
5.7936e-05
0.0000e+00
1.9073e-06
0.0000e+00
2.2888e-05
4.1962e-05
2.9802e-04
0.0000e+00
9.5367e-07
0.0000e+00
2.2173e-05
9.5367e-07
0.0000e+00
2.4080e-05
9.5367e-07
0.0000e+00
2.1219e-05
9.5367e-07
8.2016e-05
0.0000e+00
9.5367e-07
0.0000e+00
2.3127e-05
5.8889e-05
0.0000e+00
2.2173e-05
1.9073e-06
0.0000e+00
2.2173e-05
9.5367e-07
1.5211e-04
0.0000e+00
9.5367e-07
0.0000e+00
2.2173e-05
9.5367e-07
0.0000e+00
2.0981e-05
9.5367e-07
2.0385e-04
0.0000e+00
9.5367e-07
5.9605e-06
0.0000e+00
1.1921e-06
1.9073e-06
0.0000e+00
2.1458e-06
0.0000e+00
2.4080e-05
2.1458e-06
0.0000e+00
2.1935e-05
1.1921e-06
0.0000e+00
2.1935e-05
1.9073e-06
1.6212e-04
9.5367e-07
2.1458e-06
0.0000e+00
2.1935e-05
5.0068e-05
0.0000e+00
2.0981e-05
1.1921e-05
9.5367e-07
0.0000e+00
2.1935e-05
0.0000e+00
2.1935e-05
1.9073e-06
1.1921e-06
0.0000e+00
1.2159e-05
0.0000e+00
2.2888e-05
2.1458e-06
0.0000e+00
2.0981e-05
9.5367e-07
0.0000e+00
2.1219e-05
2.9087e-04
0.0000e+00
2.2173e-05
1.9073e-06
8.2016e-05
9.5367e-07
9.5367e-07
0.0000e+00
2.2888e-05
9.5367e-07
7.1526e-06
9.5367e-07
1.9073e-06
0.0000e+00
2.2173e-05
2.0504e-04
1.6928e-05
0.0000e+00
8.1062e-06
0.0000e+00
3.0994e-05
2.1458e-06
0.0000e+00
2.1935e-05
9.5367e-07
0.0000e+00
2.1935e-05
1.9073e-06
0.0000e+00
2.2173e-05
1.9073e-06
0.0000e+00
2.0981e-05
1.1921e-06
0.0000e+00
2.1935e-05
3.0899e-04
0.0000e+00
2.2173e-05
1.9073e-06
0.0000e+00
2.1935e-05
1.9073e-06
2.1458e-06
9.5367e-07
1.1921e-05
0.0000e+00
2.3127e-05
9.5367e-07
0.0000e+00
2.1219e-05
1.7405e-04
0.0000e+00
2.1935e-05
2.1458e-06
1.6928e-05
0.0000e+00
1.0967e-05
0.0000e+00
2.2173e-05
9.5367e-07
0.0000e+00
2.2173e-05
1.9073e-06
0.0000e+00
2.5034e-05
1.4186e-04
0.0000e+00
2.9802e-05
6.2943e-05
0.0000e+00
2.1935e-05
1.1921e-06
7.6056e-05
0.0000e+00
9.5367e-07
0.0000e+00
2.2173e-05
9.5367e-07
0.0000e+00
2.0981e-05
3.9101e-05
0.0000e+00
2.1935e-05
2.1458e-06
0.0000e+00
2.1935e-05
1.0014e-05
0.0000e+00
2.1935e-05
7.3195e-05
7.9870e-05
0.0000e+00
2.1458e-06
0.0000e+00
2.2888e-05
8.6069e-05
0.0000e+00
2.1935e-05
2.1458e-06
1.9073e-06
9.5367e-07
2.1458e-06
0.0000e+00
2.1935e-05
1.0204e-04
1.6189e-04
1.1921e-06
9.5367e-07
0.0000e+00
2.2888e-05
2.1458e-06
0.0000e+00
2.1935e-05
1.9073e-06
5.1022e-05
0.0000e+00
9.5367e-07
0.0000e+00
2.0981e-05
1.9073e-06
0.0000e+00
2.2888e-05
4.0531e-06
0.0000e+00
2.1935e-05
2.1458e-06
0.0000e+00
2.1935e-05
1.9073e-06
0.0000e+00
2.0981e-05
9.5367e-07
0.0000e+00
2.1935e-05
2.6608e-04
0.0000e+00
2.1935e-05
8.1062e-06
0.0000e+00
2.1935e-05
2.1458e-06
0.0000e+00
2.7895e-05
1.9073e-06
9.5367e-07
0.0000e+00
9.5367e-07
9.5367e-07
0.0000e+00
2.1219e-05
0.0000e+00
2.1935e-05
1.9073e-06
0.0000e+00
2.0981e-05
2.4295e-04
0.0000e+00
2.2173e-05
4.5061e-05
0.0000e+00
2.2173e-05
9.5367e-07
0.0000e+00
2.1935e-05
2.1458e-06
0.0000e+00
2.1935e-05
1.9073e-06
2.0099e-04
8.1062e-06
2.1458e-06
0.0000e+00
2.2888e-05
3.6955e-05
0.0000e+00
2.1935e-05
9.5367e-07
0.0000e+00
2.2173e-05
1.9073e-06
0.0000e+00
2.0981e-05
8.2016e-05
0.0000e+00
2.1935e-05
1.9073e-06
0.0000e+00
2.0981e-05
1.5402e-04
6.9141e-06
9.5367e-07
1.5974e-05
0.0000e+00
2.2888e-05
2.7895e-05
0.0000e+00
2.3127e-05
6.3896e-05
0.0000e+00
2.1935e-05
1.0967e-05
0.0000e+00
2.1935e-05
2.1458e-06
0.0000e+00
2.0981e-05
5.9128e-05
9.5367e-07
0.0000e+00
1.1921e-06
0.0000e+00
2.1935e-05
9.5367e-07
0.0000e+00
2.0981e-05
1.2088e-04
1.1921e-06
0.0000e+00
2.0027e-05
1.0991e-04
0.0000e+00
9.5367e-07
0.0000e+00
2.3127e-05
9.5367e-07
0.0000e+00
2.2173e-05
7.7963e-05
0.0000e+00
2.2173e-05
6.9141e-06
0.0000e+00
2.0981e-05
1.5807e-04
3.0994e-06
0.0000e+00
1.9073e-05
5.4121e-05
0.0000e+00
9.5367e-07
0.0000e+00
2.3127e-05
9.5367e-07
0.0000e+00
2.1935e-05
2.1458e-06
7.1049e-05
0.0000e+00
2.1458e-06
0.0000e+00
2.2888e-05
2.1458e-06
2.4986e-04
0.0000e+00
9.5367e-07
0.0000e+00
2.1935e-05
2.1458e-06
0.0000e+00
2.1935e-05
9.5367e-07
2.1458e-06
0.0000e+00
9.5367e-07
0.0000e+00
2.1935e-05
9.5367e-07
0.0000e+00
2.1935e-05
9.5367e-07
0.0000e+00
2.0981e-05
1.9598e-04
0.0000e+00
2.9087e-05
5.0068e-06
4.0531e-06
0.0000e+00
1.9073e-06
0.0000e+00
2.3127e-05
1.0967e-05
0.0000e+00
2.1935e-05
1.1921e-06
0.0000e+00
2.1935e-05
2.0504e-04
0.0000e+00
2.1935e-05
2.1458e-06
0.0000e+00
2.0981e-05
9.5367e-07
0.0000e+00
2.1935e-05
2.5988e-05
1.5903e-04
0.0000e+00
9.5367e-07
0.0000e+00
3.0041e-05
9.5367e-07
0.0000e+00
2.1935e-05
9.5367e-07
0.0000e+00
2.0981e-05
9.5367e-07
0.0000e+00
2.0981e-05
9.5367e-07
0.0000e+00
2.0981e-05
1.9073e-06
0.0000e+00
2.2173e-05
2.8610e-06
0.0000e+00
2.2173e-05
1.9073e-06
2.3794e-04
0.0000e+00
9.5367e-07
3.1948e-05
1.1921e-06
9.5367e-07
0.0000e+00
2.2888e-05
9.5367e-07
0.0000e+00
2.2173e-05
1.9073e-06
0.0000e+00
2.1935e-05
9.5367e-07
0.0000e+00
2.1935e-05
2.1458e-06
0.0000e+00
2.2888e-05
4.0531e-06
2.3699e-04
0.0000e+00
9.5367e-07
0.0000e+00
2.1935e-05
9.5367e-07
0.0000e+00
2.0981e-05
1.0109e-04
0.0000e+00
2.2888e-05
2.1458e-06
5.6028e-05
0.0000e+00
9.5367e-07
2.1458e-06
0.0000e+00
2.8610e-06
0.0000e+00
2.1935e-05
9.5367e-07
0.0000e+00
2.2173e-05
1.3399e-04
0.0000e+00
2.1935e-05
1.9073e-06
0.0000e+00
2.2173e-05
9.5367e-07
0.0000e+00
2.1935e-05
3.8147e-05
0.0000e+00
2.1935e-05
1.5879e-04
0.0000e+00
2.2888e-05
2.1458e-06
4.7922e-05
0.0000e+00
1.9073e-06
0.0000e+00
2.1935e-05
1.9073e-06
0.0000e+00
2.0981e-05
2.1458e-06
0.0000e+00
2.0981e-05
9.5367e-07
0.0000e+00
2.1935e-05
9.5367e-07
0.0000e+00
2.1935e-05
1.7691e-04
1.1897e-04
0.0000e+00
9.5367e-07
0.0000e+00
3.0041e-05
2.1458e-06
0.0000e+00
2.1935e-05
9.5367e-07
0.0000e+00
2.2173e-05
1.9073e-06
8.3923e-05
0.0000e+00
9.5367e-07
1.2112e-04
0.0000e+00
9.5367e-07
0.0000e+00
2.3127e-05
9.5367e-07
0.0000e+00
2.2173e-05
9.5367e-07
9.8944e-05
9.5367e-07
9.5367e-07
0.0000e+00
2.2888e-05
9.5367e-07
0.0000e+00
2.8849e-05
2.1458e-06
0.0000e+00
2.2888e-05
9.5367e-07
0.0000e+00
2.1935e-05
9.5367e-07
0.0000e+00
2.2173e-05
9.5367e-07
1.7309e-04
0.0000e+00
1.9073e-06
1.8096e-04
0.0000e+00
9.5367e-07
9.5367e-07
0.0000e+00
3.8147e-06
1.3781e-04
0.0000e+00
9.5367e-07
0.0000e+00
2.3842e-05
9.5367e-07
1.2684e-04
0.0000e+00
9.5367e-07
9.5367e-07
0.0000e+00
5.0068e-06
0.0000e+00
3.0994e-05
2.1458e-06
0.0000e+00
2.1935e-05
1.1921e-06
9.3937e-05
0.0000e+00
9.5367e-07
0.0000e+00
2.1935e-05
9.5367e-07
0.0000e+00
2.2173e-05
1.9073e-06
1.6713e-04
9.5367e-07
9.5367e-07
1.9073e-06
0.0000e+00
9.5367e-07
0.0000e+00
2.2888e-05
9.5367e-07
0.0000e+00
2.1935e-05
9.5367e-07
0.0000e+00
2.9802e-05
9.5367e-07
0.0000e+00
2.1935e-05
1.1921e-06
2.3985e-04
1.1921e-06
9.5367e-07
1.1516e-04
0.0000e+00
9.5367e-07
0.0000e+00
2.2888e-05
9.5367e-07
0.0000e+00
2.2173e-05
9.5367e-07
0.0000e+00
2.1935e-05
9.5367e-07
0.0000e+00
2.0981e-05
9.5367e-07
0.0000e+00
2.0981e-05
9.5367e-07
1.5521e-04
0.0000e+00
9.5367e-07
1.4067e-05
9.5367e-07
9.5367e-07
4.6015e-05
0.0000e+00
1.1921e-06
0.0000e+00
2.2888e-05
9.5367e-07
1.7786e-04
0.0000e+00
9.5367e-07
0.0000e+00
2.2173e-05
1.1921e-06
0.0000e+00
2.1935e-05
3.6001e-05
0.0000e+00
2.1935e-05
9.5367e-07
0.0000e+00
2.1935e-05
9.5367e-07
0.0000e+00
3.0041e-05
1.9073e-06
0.0000e+00
2.2888e-05
9.5367e-07
0.0000e+00
2.2173e-05
3.3593e-04
5.9128e-05
0.0000e+00
1.9073e-06
0.0000e+00
2.3127e-05
9.5367e-07
0.0000e+00
2.2173e-05
1.9073e-06
0.0000e+00
2.1935e-05
1.1921e-06
0.0000e+00
2.0981e-05
9.5367e-07
1.7118e-04
0.0000e+00
9.5367e-07
0.0000e+00
3.0994e-05
9.5367e-07
9.3937e-05
9.5367e-07
9.5367e-07
0.0000e+00
2.2888e-05
1.9073e-06
0.0000e+00
2.0981e-05
9.5367e-07
6.7949e-05
9.5367e-07
1.1921e-06
1.6594e-04
0.0000e+00
1.1921e-06
0.0000e+00
2.1935e-05
9.5367e-07
0.0000e+00
2.1935e-05
0.0000e+00
0.0000e+00
2.2173e-05
1.9073e-06
1.2994e-04
0.0000e+00
1.9073e-06
7.7009e-05
0.0000e+00
9.5367e-07
7.7963e-05
0.0000e+00
9.5367e-07
0.0000e+00
2.2888e-05
9.5367e-07
0.0000e+00
2.1935e-05
4.0054e-05
0.0000e+00
2.1935e-05
2.5988e-05
9.5367e-07
0.0000e+00
1.9073e-06
0.0000e+00
2.1935e-05
2.1458e-06
0.0000e+00
2.1935e-05
1.5712e-04
0.0000e+00
2.1935e-05
2.1458e-06
0.0000e+00
2.2888e-05
4.8161e-05
0.0000e+00
2.1935e-05
1.1921e-06
0.0000e+00
2.1935e-05
1.0014e-05
1.6999e-04
9.5367e-07
9.5367e-07
0.0000e+00
2.1935e-05
9.5367e-07
0.0000e+00
2.0981e-05
9.5367e-07
0.0000e+00
2.1935e-05
9.5367e-07
0.0000e+00
2.1935e-05
9.5367e-07
0.0000e+00
2.2173e-05
9.5367e-07
0.0000e+00
2.1935e-05
2.1458e-06
1.7095e-04
9.5367e-07
1.1921e-06
0.0000e+00
2.1935e-05
9.5367e-07
0.0000e+00
2.2173e-05
9.5367e-07
0.0000e+00
2.1935e-05
9.5367e-07
0.0000e+00
2.0981e-05
1.8406e-04
1.7905e-04
9.5367e-07
9.5367e-07
0.0000e+00
2.3127e-05
9.5367e-07
0.0000e+00
2.2888e-05
4.0054e-05
0.0000e+00
2.1935e-05
1.0014e-05
9.7990e-05
0.0000e+00
9.5367e-07
0.0000e+00
2.2173e-05
1.1921e-06
0.0000e+00
2.1935e-05
1.1921e-06
0.0000e+00
2.1935e-05
1.9073e-06
0.0000e+00
2.1935e-05
2.8610e-06
0.0000e+00
2.2173e-05
1.9073e-06
1.1992e-04
0.0000e+00
9.5367e-07
0.0000e+00
2.4080e-05
9.5367e-07
0.0000e+00
2.2173e-05
3.5048e-05
0.0000e+00
2.1935e-05
2.0504e-04
0.0000e+00
2.1935e-05
9.5367e-07
0.0000e+00
2.1935e-05
9.5367e-07
1.1802e-04
0.0000e+00
9.5367e-07
0.0000e+00
2.1935e-05
9.5367e-07
0.0000e+00
3.0994e-05
9.5367e-07
0.0000e+00
2.1935e-05
5.6982e-05
1.5688e-04
0.0000e+00
9.5367e-07
0.0000e+00
2.3127e-05
1.9073e-06
3.5048e-05
0.0000e+00
9.5367e-07
0.0000e+00
2.3127e-05
9.5367e-07
0.0000e+00
2.1935e-05
2.1458e-06
0.0000e+00
2.0981e-05
2.1458e-06
0.0000e+00
2.0981e-05
1.1921e-06
2.2388e-04
0.0000e+00
9.5367e-07
0.0000e+00
2.2888e-05
1.1921e-06
5.5075e-05
0.0000e+00
9.5367e-07
8.5115e-05
9.5367e-07
9.5367e-07
0.0000e+00
2.2173e-05
9.5367e-07
0.0000e+00
2.1935e-05
9.5367e-07
0.0000e+00
2.1935e-05
1.8096e-04
0.0000e+00
2.2173e-05
1.9073e-06
0.0000e+00
2.0981e-05
6.5088e-05
0.0000e+00
2.9087e-05
9.5367e-07
0.0000e+00
2.1935e-05
2.7895e-05
0.0000e+00
2.1935e-05
1.0967e-05
0.0000e+00
2.0981e-05
7.7009e-05
0.0000e+00
2.2173e-05
9.5367e-07
0.0000e+00
2.0981e-05
2.1458e-06
1.9503e-04
0.0000e+00
9.5367e-07
1.1921e-06
0.0000e+00
9.5367e-07
0.0000e+00
2.3127e-05
6.0081e-05
0.0000e+00
2.3127e-05
9.5367e-07
0.0000e+00
2.2173e-05
7.1526e-06
0.0000e+00
2.1935e-05
1.1921e-06
0.0000e+00
2.1935e-05
1.5998e-04
0.0000e+00
2.2173e-05
1.9073e-06
0.0000e+00
2.1935e-05
1.1921e-06
0.0000e+00
2.1935e-05
9.5367e-07
0.0000e+00
2.9087e-05
1.9073e-06
0.0000e+00
2.1935e-05
9.5367e-07
0.0000e+00
2.0981e-05
2.3484e-04
0.0000e+00
2.1935e-05
7.1526e-06
0.0000e+00
2.0981e-05
9.5367e-07
0.0000e+00
2.1935e-05
9.5367e-07
0.0000e+00
2.2173e-05
7.5817e-05
0.0000e+00
2.3127e-05
1.9073e-06
0.0000e+00
3.1233e-05
1.6093e-04
1.9073e-06
0.0000e+00
1.9073e-05
0.0000e+00
2.2888e-05
2.9087e-05
6.6042e-05
9.5367e-07
1.9073e-06
0.0000e+00
2.2173e-05
9.5367e-07
5.6982e-05
9.5367e-07
1.1921e-06
0.0000e+00
2.1935e-05
9.5367e-07
7.4148e-05
0.0000e+00
9.5367e-07
6.4135e-05
0.0000e+00
1.9073e-06
2.2173e-05
0.0000e+00
9.5367e-07
0.0000e+00
2.2173e-05
1.8501e-04
0.0000e+00
2.2888e-05
2.1458e-06
0.0000e+00
2.5034e-05
9.7036e-05
0.0000e+00
2.1935e-05
1.0967e-05
0.0000e+00
2.2173e-05
1.0896e-04
4.7922e-05
0.0000e+00
1.1921e-06
0.0000e+00
2.1935e-05
9.5367e-07
6.0797e-05
0.0000e+00
9.5367e-07
0.0000e+00
2.1935e-05
1.1921e-06
5.6982e-05
0.0000e+00
9.5367e-07
0.0000e+00
2.3127e-05
8.5115e-05
0.0000e+00
2.1935e-05
2.1458e-06
0.0000e+00
2.0981e-05
7.1526e-06
0.0000e+00
2.1935e-05
2.8610e-06
0.0000e+00
2.2173e-05
1.3590e-04
0.0000e+00
2.0981e-05
5.8889e-05
1.4114e-04
0.0000e+00
9.5367e-07
0.0000e+00
2.2173e-05
9.5367e-07
5.0068e-05
0.0000e+00
9.5367e-07
5.7936e-05
0.0000e+00
9.5367e-07
0.0000e+00
2.3127e-05
9.5367e-07
0.0000e+00
2.2173e-05
5.9843e-05
0.0000e+00
2.0981e-05
2.8610e-06
0.0000e+00
2.0981e-05
9.5367e-07
9.1076e-05
0.0000e+00
9.5367e-07
0.0000e+00
2.1935e-05
5.1022e-05
9.5367e-07
0.0000e+00
2.1458e-06
1.6403e-04
9.5367e-07
1.9073e-06
0.0000e+00
3.0041e-05
1.9073e-06
5.6982e-05
9.5367e-07
9.5367e-07
0.0000e+00
2.4796e-05
2.1458e-06
0.0000e+00
2.1935e-05
9.5367e-07
0.0000e+00
2.1935e-05
1.1301e-04
3.7909e-05
9.5367e-07
1.1921e-06
0.0000e+00
2.1935e-05
9.5367e-07
7.8917e-05
9.5367e-07
1.9073e-06
0.0000e+00
2.2173e-05
9.5367e-07
0.0000e+00
3.0041e-05
1.2612e-04
0.0000e+00
2.1935e-05
9.5367e-07
0.0000e+00
2.1935e-05
7.8678e-06
0.0000e+00
2.0981e-05
9.5367e-07
9.5367e-07
0.0000e+00
9.5367e-07
0.0000e+00
2.1935e-05
9.5367e-07
2.3484e-04
1.1921e-06
9.5367e-07
0.0000e+00
2.1935e-05
1.1921e-06
1.0967e-05
9.5367e-07
0.0000e+00
0.0000e+00
2.8849e-05
1.1921e-06
1.9073e-06
2.1458e-06
9.5367e-07
9.5367e-07
0.0000e+00
9.5367e-07
0.0000e+00
2.2888e-05
1.1921e-06
2.4199e-04
9.5367e-07
9.5367e-07
0.0000e+00
2.3127e-05
9.5367e-07
1.3494e-04
0.0000e+00
9.5367e-07
2.1458e-06
0.0000e+00
1.9073e-06
0.0000e+00
2.3127e-05
9.5367e-07
0.0000e+00
2.1935e-05
1.1921e-06
2.3293e-04
9.5367e-07
9.5367e-07
9.5367e-07
0.0000e+00
9.5367e-07
0.0000e+00
2.4080e-05
1.9073e-06
0.0000e+00
2.1935e-05
9.2983e-05
0.0000e+00
2.0981e-05
9.5367e-07
0.0000e+00
2.4080e-05
9.5367e-07
0.0000e+00
2.0981e-05
2.0480e-04
1.1420e-04
0.0000e+00
9.5367e-07
0.0000e+00
2.1935e-05
9.5367e-07
7.1526e-06
0.0000e+00
9.5367e-07
1.2708e-04
0.0000e+00
1.9073e-06
4.9114e-05
9.5367e-07
9.5367e-07
0.0000e+00
2.2888e-05
1.9073e-06
0.0000e+00
2.2173e-05
1.9073e-06
0.0000e+00
2.1935e-05
9.5367e-07
0.0000e+00
2.1935e-05
9.5367e-07
0.0000e+00
2.0981e-05
1.1921e-06
1.9288e-04
0.0000e+00
9.5367e-07
0.0000e+00
2.1935e-05
1.1921e-06
0.0000e+00
3.4809e-05
9.5367e-07
0.0000e+00
2.2888e-05
1.1921e-06
1.5283e-04
0.0000e+00
9.5367e-07
0.0000e+00
2.2173e-05
9.5367e-07
0.0000e+00
2.2888e-05
1.1921e-06
0.0000e+00
2.1935e-05
9.5367e-07
0.0000e+00
2.2173e-05
1.6999e-04
0.0000e+00
2.2888e-05
1.9073e-06
0.0000e+00
2.8849e-05
2.1458e-06
0.0000e+00
2.2888e-05
9.5367e-07
0.0000e+00
2.1935e-05
9.5367e-07
0.0000e+00
2.1935e-05
9.5367e-07
0.0000e+00
2.1935e-05
1.9598e-04
8.3923e-05
9.5367e-07
9.5367e-07
0.0000e+00
2.5034e-05
9.5367e-07
0.0000e+00
2.0981e-05
1.4782e-05
0.0000e+00
2.0981e-05
1.1921e-06
0.0000e+00
2.2888e-05
9.5367e-07
0.0000e+00
2.0981e-05
2.1458e-06
0.0000e+00
2.1935e-05
9.5367e-07
1.6904e-04
9.5367e-07
9.5367e-07
0.0000e+00
2.1935e-05
9.5367e-07
0.0000e+00
2.0981e-05
9.5367e-07
0.0000e+00
2.1935e-05
9.5367e-07
0.0000e+00
2.0981e-05
9.5367e-07
0.0000e+00
2.3127e-05
1.9073e-06
0.0000e+00
2.0981e-05
1.9073e-06
3.3498e-04
0.0000e+00
9.5367e-07
2.4080e-05
0.0000e+00
9.5367e-07
0.0000e+00
2.3127e-05
1.0040e-01
