2.5010e-03
4.3702e-04
1.4067e-05
3.0994e-06
1.6928e-05
0.0000e+00
5.5075e-05
8.0519e-03
0.0000e+00
2.6941e-05
9.5367e-07
0.0000e+00
2.4080e-05
9.5367e-07
0.0000e+00
2.1935e-05
3.8147e-06
0.0000e+00
2.2888e-05
1.1802e-04
0.0000e+00
2.1935e-05
1.9073e-06
0.0000e+00
2.1935e-05
2.2888e-05
0.0000e+00
2.4080e-05
9.5367e-07
0.0000e+00
2.1935e-05
1.3828e-05
0.0000e+00
2.1935e-05
1.9073e-06
0.0000e+00
2.1935e-05
9.5367e-07
2.1458e-06
0.0000e+00
9.5367e-07
0.0000e+00
2.1935e-05
2.3079e-04
0.0000e+00
2.3127e-05
9.5367e-07
0.0000e+00
2.1935e-05
1.1921e-06
0.0000e+00
2.2888e-05
1.1921e-06
0.0000e+00
2.1935e-05
9.5367e-07
0.0000e+00
2.2173e-05
2.8896e-04
0.0000e+00
2.1935e-05
1.6212e-05
0.0000e+00
2.1935e-05
1.9073e-06
0.0000e+00
2.1935e-05
1.5497e-04
0.0000e+00
2.1935e-05
2.1458e-06
0.0000e+00
3.0994e-05
9.5367e-07
1.6403e-04
0.0000e+00
1.9073e-06
0.0000e+00
2.3127e-05
9.5367e-07
0.0000e+00
2.1935e-05
0.0000e+00
0.0000e+00
2.1935e-05
9.5367e-07
1.0395e-04
0.0000e+00
0.0000e+00
0.0000e+00
2.1935e-05
0.0000e+00
0.0000e+00
2.2173e-05
1.1086e-04
2.1458e-06
0.0000e+00
9.5367e-07
0.0000e+00
3.0041e-05
1.7905e-04
0.0000e+00
2.2173e-05
9.5367e-07
0.0000e+00
2.1935e-05
1.1921e-06
0.0000e+00
2.1935e-05
1.9073e-06
0.0000e+00
2.0981e-05
1.1921e-05
2.0695e-04
0.0000e+00
0.0000e+00
0.0000e+00
2.2888e-05
5.9128e-05
1.2302e-04
0.0000e+00
0.0000e+00
5.0068e-06
0.0000e+00
0.0000e+00
0.0000e+00
2.2173e-05
9.5367e-07
1.7166e-05
0.0000e+00
9.5367e-07
6.1989e-05
0.0000e+00
9.5367e-07
0.0000e+00
2.4080e-05
2.8896e-04
0.0000e+00
2.2173e-05
2.8610e-06
0.0000e+00
2.0981e-05
1.9073e-06
0.0000e+00
2.1935e-05
0.0000e+00
8.7023e-05
0.0000e+00
0.0000e+00
0.0000e+00
2.1935e-05
1.4877e-04
2.1458e-06
0.0000e+00
9.5367e-07
0.0000e+00
3.0994e-05
9.5367e-07
0.0000e+00
2.0981e-05
9.5367e-07
2.4080e-05
0.0000e+00
9.5367e-07
0.0000e+00
2.2173e-05
9.5367e-07
0.0000e+00
2.1935e-05
0.0000e+00
0.0000e+00
2.0981e-05
0.0000e+00
0.0000e+00
2.0981e-05
1.1921e-06
1.3599e-03
0.0000e+00
9.5367e-07
0.0000e+00
2.3127e-05
1.1921e-06
0.0000e+00
2.1935e-05
9.5367e-07
0.0000e+00
2.2173e-05
0.0000e+00
0.0000e+00
2.1935e-05
1.1706e-04
0.0000e+00
2.2173e-05
3.0994e-06
0.0000e+00
2.1935e-05
4.1008e-05
0.0000e+00
2.1219e-05
9.5367e-07
1.8692e-04
0.0000e+00
0.0000e+00
0.0000e+00
2.1935e-05
0.0000e+00
0.0000e+00
2.9802e-05
9.5367e-07
0.0000e+00
2.1935e-05
0.0000e+00
0.0000e+00
2.2173e-05
9.5367e-07
0.0000e+00
2.3127e-05
4.0531e-06
0.0000e+00
2.1935e-05
2.5296e-04
0.0000e+00
2.2173e-05
1.8835e-05
0.0000e+00
2.0981e-05
1.9073e-06
0.0000e+00
2.2173e-05
7.5102e-05
0.0000e+00
2.2888e-05
1.1921e-06
0.0000e+00
2.1935e-05
1.9073e-06
0.0000e+00
2.2173e-05
8.7976e-05
1.9073e-06
0.0000e+00
9.5367e-07
2.0981e-05
0.0000e+00
9.5367e-07
1.6594e-04
0.0000e+00
9.5367e-07
2.0981e-05
9.5367e-07
9.5367e-07
0.0000e+00
2.2173e-05
0.0000e+00
0.0000e+00
2.1935e-05
9.5367e-07
0.0000e+00
3.0041e-05
1.1921e-06
0.0000e+00
2.4796e-05
1.1921e-06
0.0000e+00
2.0981e-05
9.5367e-07
0.0000e+00
2.1935e-05
5.0068e-06
0.0000e+00
2.0981e-05
2.8610e-06
0.0000e+00
2.3127e-05
2.8610e-06
0.0000e+00
2.1935e-05
6.9904e-04
0.0000e+00
2.0981e-05
2.1458e-06
0.0000e+00
2.2888e-05
9.5367e-07
0.0000e+00
2.0981e-05
0.0000e+00
0.0000e+00
2.0981e-05
9.5367e-07
0.0000e+00
2.4080e-05
4.0531e-06
0.0000e+00
2.1935e-05
9.5367e-07
0.0000e+00
2.1935e-05
2.1458e-06
0.0000e+00
2.1935e-05
1.9073e-06
0.0000e+00
2.9087e-05
9.5367e-07
0.0000e+00
2.1935e-05
4.4703e-04
1.9073e-06
9.5367e-07
9.5367e-07
1.4281e-04
0.0000e+00
0.0000e+00
0.0000e+00
2.1935e-05
9.5367e-07
0.0000e+00
2.1935e-05
1.1921e-06
0.0000e+00
2.1935e-05
9.5367e-07
0.0000e+00
2.1935e-05
9.5367e-07
0.0000e+00
2.1935e-05
6.9141e-06
1.9908e-04
9.5367e-07
9.5367e-07
0.0000e+00
2.3127e-05
8.7023e-05
0.0000e+00
2.1935e-05
4.0054e-05
0.0000e+00
2.0981e-05
2.1458e-06
0.0000e+00
2.0981e-05
1.9073e-06
0.0000e+00
2.2173e-05
1.2875e-05
0.0000e+00
2.1935e-05
1.4400e-04
0.0000e+00
2.0981e-05
7.2956e-05
0.0000e+00
3.0041e-05
9.5367e-07
0.0000e+00
2.2173e-05
9.5367e-07
0.0000e+00
2.0981e-05
0.0000e+00
0.0000e+00
2.0981e-05
9.5367e-07
0.0000e+00
2.2888e-05
1.1921e-06
6.9141e-06
0.0000e+00
1.5974e-05
6.3801e-04
0.0000e+00
1.1921e-06
0.0000e+00
2.5034e-05
0.0000e+00
5.9605e-06
0.0000e+00
0.0000e+00
0.0000e+00
3.0994e-05
1.1921e-06
1.8382e-04
1.1921e-06
9.5367e-07
1.9073e-06
0.0000e+00
5.9605e-06
0.0000e+00
2.4080e-05
9.5367e-07
0.0000e+00
2.2173e-05
0.0000e+00
0.0000e+00
2.1935e-05
9.0599e-06
1.5402e-04
0.0000e+00
0.0000e+00
0.0000e+00
2.2888e-05
9.5367e-07
1.4114e-04
9.5367e-07
9.5367e-07
0.0000e+00
2.3127e-05
9.5367e-07
0.0000e+00
3.0041e-05
0.0000e+00
0.0000e+00
2.1935e-05
1.5497e-04
0.0000e+00
2.1935e-05
1.9073e-06
2.1458e-06
9.5367e-07
9.5367e-07
0.0000e+00
2.1935e-05
1.0967e-05
1.2016e-04
9.5367e-07
9.5367e-07
0.0000e+00
2.3127e-05
9.5367e-07
0.0000e+00
2.1935e-05
9.5367e-07
0.0000e+00
2.2173e-05
1.9073e-06
0.0000e+00
2.3127e-05
1.4281e-04
0.0000e+00
2.5034e-05
1.1921e-06
0.0000e+00
2.0981e-05
9.5367e-07
0.0000e+00
2.2173e-05
8.8215e-06
0.0000e+00
2.1935e-05
2.9397e-04
0.0000e+00
2.0981e-05
1.9073e-06
0.0000e+00
2.1935e-05
2.1458e-06
0.0000e+00
2.9802e-05
9.5367e-07
0.0000e+00
2.1935e-05
6.6996e-05
0.0000e+00
2.2173e-05
1.9073e-06
0.0000e+00
2.1935e-05
0.0000e+00
0.0000e+00
2.1935e-05
9.5367e-07
5.0068e-06
0.0000e+00
9.0599e-06
0.0000e+00
2.1935e-05
3.0994e-06
0.0000e+00
2.0981e-05
2.1458e-06
0.0000e+00
3.0994e-05
9.5367e-07
3.4094e-04
0.0000e+00
9.5367e-07
0.0000e+00
2.2888e-05
6.4135e-05
0.0000e+00
2.0981e-05
1.1921e-06
0.0000e+00
2.1935e-05
3.1948e-05
0.0000e+00
2.0981e-05
9.5367e-07
0.0000e+00
2.0981e-05
1.4496e-04
9.5367e-07
0.0000e+00
9.5367e-07
0.0000e+00
2.1935e-05
1.3208e-04
0.0000e+00
3.0041e-05
2.1458e-06
5.3883e-05
1.1921e-06
9.5367e-07
0.0000e+00
2.1935e-05
9.5367e-07
0.0000e+00
2.2173e-05
8.2970e-05
0.0000e+00
2.0981e-05
9.5367e-07
0.0000e+00
2.0981e-05
2.1458e-06
1.4305e-04
0.0000e+00
0.0000e+00
0.0000e+00
2.1935e-05
1.1921e-06
0.0000e+00
2.0981e-05
9.5367e-07
1.5283e-04
1.1921e-06
9.5367e-07
0.0000e+00
2.2888e-05
0.0000e+00
0.0000e+00
2.0981e-05
0.0000e+00
0.0000e+00
2.0981e-05
9.1076e-05
0.0000e+00
2.1935e-05
2.1458e-06
7.4863e-05
0.0000e+00
0.0000e+00
0.0000e+00
2.0981e-05
9.5367e-07
0.0000e+00
2.0981e-05
9.5367e-07
1.9908e-04
0.0000e+00
0.0000e+00
1.9073e-06
0.0000e+00
9.5367e-07
0.0000e+00
2.3127e-05
0.0000e+00
0.0000e+00
2.5034e-05
9.5367e-07
2.1458e-06
0.0000e+00
4.0531e-06
0.0000e+00
2.1935e-05
2.1458e-06
0.0000e+00
2.1935e-05
1.9073e-06
0.0000e+00
2.2173e-05
9.0599e-06
0.0000e+00
2.0981e-05
1.9073e-06
0.0000e+00
2.9802e-05
2.1458e-06
4.0793e-04
0.0000e+00
9.5367e-07
0.0000e+00
2.1935e-05
9.5367e-07
1.9073e-06
0.0000e+00
2.8610e-06
0.0000e+00
2.2173e-05
1.6999e-04
0.0000e+00
2.1935e-05
2.6941e-05
0.0000e+00
2.1935e-05
3.1948e-05
0.0000e+00
2.2173e-05
6.1035e-05
0.0000e+00
2.1935e-05
9.5367e-07
0.0000e+00
2.1935e-05
9.5367e-07
0.0000e+00
2.1935e-05
9.5367e-07
0.0000e+00
2.1935e-05
1.1492e-04
8.2970e-05
0.0000e+00
0.0000e+00
0.0000e+00
2.1935e-05
0.0000e+00
0.0000e+00
2.0981e-05
9.5367e-07
0.0000e+00
2.1935e-05
4.0531e-06
0.0000e+00
2.2173e-05
3.0994e-06
2.2197e-04
0.0000e+00
9.5367e-07
0.0000e+00
2.3127e-05
9.5367e-07
0.0000e+00
2.2173e-05
1.1921e-06
1.0896e-04
0.0000e+00
0.0000e+00
0.0000e+00
2.2173e-05
0.0000e+00
0.0000e+00
2.0981e-05
0.0000e+00
0.0000e+00
2.1219e-05
0.0000e+00
0.0000e+00
2.4080e-05
9.5367e-07
0.0000e+00
3.0041e-05
1.8311e-04
0.0000e+00
2.2888e-05
0.0000e+00
0.0000e+00
2.0981e-05
5.2929e-05
0.0000e+00
2.1935e-05
3.0994e-06
6.6996e-05
9.5367e-07
0.0000e+00
0.0000e+00
2.1935e-05
4.6015e-05
0.0000e+00
2.0981e-05
7.9155e-05
0.0000e+00
2.0981e-05
1.9073e-06
2.1815e-04
9.5367e-07
9.5367e-07
0.0000e+00
3.0994e-05
9.5367e-07
4.0531e-06
0.0000e+00
0.0000e+00
0.0000e+00
2.1935e-05
0.0000e+00
5.0068e-06
9.5367e-07
0.0000e+00
0.0000e+00
2.5034e-05
1.1921e-06
0.0000e+00
2.1935e-05
0.0000e+00
0.0000e+00
2.0981e-05
2.7204e-04
1.5903e-04
9.5367e-07
9.5367e-07
5.0068e-06
0.0000e+00
0.0000e+00
0.0000e+00
2.1935e-05
1.1921e-06
0.0000e+00
2.2888e-05
9.5367e-07
1.1706e-04
9.5367e-07
0.0000e+00
0.0000e+00
2.1935e-05
0.0000e+00
0.0000e+00
2.0981e-05
9.5367e-07
2.2221e-04
0.0000e+00
2.8610e-06
0.0000e+00
2.1935e-05
0.0000e+00
0.0000e+00
2.0981e-05
9.5367e-07
0.0000e+00
2.0981e-05
2.8610e-06
0.0000e+00
2.9802e-05
5.9128e-05
0.0000e+00
2.2888e-05
2.1458e-06
0.0000e+00
2.1935e-05
1.9073e-06
0.0000e+00
2.1219e-05
9.5367e-07
2.1410e-04
9.5367e-07
0.0000e+00
0.0000e+00
2.1935e-05
4.6968e-05
0.0000e+00
2.0981e-05
1.9073e-06
0.0000e+00
2.2173e-05
1.1086e-04
0.0000e+00
2.8133e-05
9.5367e-07
0.0000e+00
2.1935e-05
9.5367e-07
0.0000e+00
2.0981e-05
9.5367e-07
0.0000e+00
2.1935e-05
1.6212e-04
0.0000e+00
2.3127e-05
9.5367e-07
0.0000e+00
2.1935e-05
9.5367e-07
0.0000e+00
2.0981e-05
9.5367e-07
0.0000e+00
2.0981e-05
9.5367e-07
0.0000e+00
2.8849e-05
2.1458e-06
2.2984e-04
0.0000e+00
1.1921e-06
0.0000e+00
2.1935e-05
9.5367e-07
1.3208e-04
0.0000e+00
0.0000e+00
5.9128e-05
9.5367e-07
9.5367e-07
0.0000e+00
2.3127e-05
9.5367e-07
0.0000e+00
2.1935e-05
0.0000e+00
0.0000e+00
2.0981e-05
9.5367e-07
0.0000e+00
2.0981e-05
9.5367e-07
2.1458e-06
0.0000e+00
1.1921e-06
0.0000e+00
2.1935e-05
2.5415e-04
0.0000e+00
2.1935e-05
1.4067e-05
0.0000e+00
2.0981e-05
2.1458e-06
0.0000e+00
2.1935e-05
9.5367e-07
0.0000e+00
2.0981e-05
1.1921e-06
1.1897e-04
9.5367e-07
9.5367e-07
0.0000e+00
2.3127e-05
0.0000e+00
0.0000e+00
2.0981e-05
8.2016e-05
1.9073e-06
9.5367e-07
2.0981e-05
0.0000e+00
2.3127e-05
9.2030e-05
0.0000e+00
2.0981e-05
2.1458e-06
0.0000e+00
2.1935e-05
1.3494e-04
0.0000e+00
2.0981e-05
9.5367e-07
0.0000e+00
2.1935e-05
0.0000e+00
1.9073e-06
0.0000e+00
1.8835e-05
0.0000e+00
2.0981e-05
9.5367e-07
0.0000e+00
3.0041e-05
1.0085e-04
9.3937e-05
9.5367e-07
9.5367e-07
0.0000e+00
2.2173e-05
9.5367e-07
0.0000e+00
2.1935e-05
1.4067e-05
0.0000e+00
2.2173e-05
1.9073e-06
0.0000e+00
2.0981e-05
1.1921e-06
0.0000e+00
2.0981e-05
9.5367e-07
0.0000e+00
2.1935e-05
1.1921e-06
0.0000e+00
2.8849e-05
1.8311e-04
0.0000e+00
2.1935e-05
3.1948e-05
2.6941e-05
0.0000e+00
1.1921e-06
5.9843e-05
9.5367e-07
1.1921e-06
0.0000e+00
2.2888e-05
4.6015e-05
0.0000e+00
2.0981e-05
2.1458e-06
0.0000e+00
2.0981e-05
9.5367e-07
0.0000e+00
2.0981e-05
9.5367e-07
3.4308e-04
0.0000e+00
0.0000e+00
0.0000e+00
2.2173e-05
0.0000e+00
0.0000e+00
2.2888e-05
9.5367e-07
0.0000e+00
2.2173e-05
0.0000e+00
0.0000e+00
2.0981e-05
9.5367e-07
1.0109e-04
9.5367e-07
9.5367e-07
0.0000e+00
2.1935e-05
5.7936e-05
0.0000e+00
2.1935e-05
2.1458e-06
0.0000e+00
2.0981e-05
1.8406e-04
0.0000e+00
2.1935e-05
3.1948e-05
7.1049e-05
0.0000e+00
0.0000e+00
0.0000e+00
2.1935e-05
0.0000e+00
0.0000e+00
2.3842e-05
1.1921e-06
0.0000e+00
2.1935e-05
9.5367e-07
9.6083e-05
0.0000e+00
0.0000e+00
3.2902e-05
0.0000e+00
9.5367e-07
0.0000e+00
2.1935e-05
1.4615e-04
0.0000e+00
2.0981e-05
9.5367e-07
0.0000e+00
2.2173e-05
3.1948e-05
0.0000e+00
2.3127e-05
0.0000e+00
0.0000e+00
2.1935e-05
1.1921e-06
0.0000e+00
2.0981e-05
1.9073e-06
0.0000e+00
2.2173e-05
1.1897e-04
0.0000e+00
2.1935e-05
3.0994e-06
1.9073e-06
0.0000e+00
1.1921e-06
0.0000e+00
2.0981e-05
1.9073e-06
0.0000e+00
2.2173e-05
1.7309e-04
2.0480e-04
0.0000e+00
9.5367e-07
0.0000e+00
2.2888e-05
0.0000e+00
0.0000e+00
2.1935e-05
9.5367e-07
0.0000e+00
2.1935e-05
1.1921e-06
0.0000e+00
2.1935e-05
9.5367e-07
0.0000e+00
2.1935e-05
9.0122e-05
0.0000e+00
2.1935e-05
2.1458e-06
0.0000e+00
2.1935e-05
7.6056e-05
0.0000e+00
3.1948e-05
2.1458e-06
0.0000e+00
2.2888e-05
0.0000e+00
0.0000e+00
2.0981e-05
9.5367e-07
0.0000e+00
2.1935e-05
0.0000e+00
0.0000e+00
2.1935e-05
9.5367e-07
0.0000e+00
2.1935e-05
1.1921e-06
0.0000e+00
2.0981e-05
9.5367e-07
1.6382e-03
9.5367e-07
9.5367e-07
0.0000e+00
3.1948e-05
1.1921e-06
1.4591e-04
9.5367e-07
1.1921e-06
0.0000e+00
2.1935e-05
0.0000e+00
0.0000e+00
2.0981e-05
0.0000e+00
0.0000e+00
2.0981e-05
0.0000e+00
1.9073e-06
1.1921e-06
9.5367e-07
0.0000e+00
2.2888e-05
0.0000e+00
0.0000e+00
2.0981e-05
9.5367e-07
0.0000e+00
2.0981e-05
9.5367e-07
3.4785e-04
0.0000e+00
9.5367e-07
0.0000e+00
2.2888e-05
0.0000e+00
0.0000e+00
2.0981e-05
0.0000e+00
0.0000e+00
2.0981e-05
0.0000e+00
0.0000e+00
2.0981e-05
1.3494e-04
0.0000e+00
2.2173e-05
1.9073e-06
0.0000e+00
2.0981e-05
9.5367e-07
0.0000e+00
2.1935e-05
9.5367e-07
3.0994e-06
0.0000e+00
9.5367e-07
0.0000e+00
2.3127e-05
0.0000e+00
2.2697e-04
0.0000e+00
0.0000e+00
0.0000e+00
2.1935e-05
0.0000e+00
0.0000e+00
2.0981e-05
0.0000e+00
0.0000e+00
2.0981e-05
0.0000e+00
0.0000e+00
2.2173e-05
3.8147e-06
0.0000e+00
2.3127e-05
2.8610e-06
0.0000e+00
2.9087e-05
1.6308e-04
0.0000e+00
2.1935e-05
9.5367e-07
0.0000e+00
2.1935e-05
2.1458e-06
1.8501e-04
0.0000e+00
0.0000e+00
1.3208e-04
9.5367e-07
9.5367e-07
0.0000e+00
2.2888e-05
1.1921e-06
0.0000e+00
2.1935e-05
9.5367e-07
0.0000e+00
2.0981e-05
2.0194e-04
9.5367e-07
9.5367e-07
1.9073e-06
0.0000e+00
3.0041e-05
1.1921e-06
0.0000e+00
2.2888e-05
9.5367e-07
0.0000e+00
2.2173e-05
9.5367e-07
0.0000e+00
2.0981e-05
8.2016e-05
0.0000e+00
2.1219e-05
4.9829e-05
0.0000e+00
2.0981e-05
1.9073e-06
2.1458e-06
0.0000e+00
2.8849e-05
0.0000e+00
2.2173e-05
1.9288e-04
0.0000e+00
2.1935e-05
9.5367e-07
0.0000e+00
2.1935e-05
1.1921e-06
0.0000e+00
2.1935e-05
9.5367e-07
0.0000e+00
2.0981e-05
6.6042e-05
0.0000e+00
2.2173e-05
1.9073e-06
0.0000e+00
2.0981e-05
1.9073e-06
0.0000e+00
2.1935e-05
7.1526e-06
0.0000e+00
2.0981e-05
3.0994e-06
0.0000e+00
2.8849e-05
1.8311e-04
0.0000e+00
2.2888e-05
1.1921e-06
0.0000e+00
2.1935e-05
1.9193e-04
1.1206e-05
0.0000e+00
1.1921e-05
0.0000e+00
2.2173e-05
3.8862e-05
0.0000e+00
2.1935e-05
9.5367e-07
6.9141e-06
0.0000e+00
1.3828e-05
2.0909e-04
0.0000e+00
0.0000e+00
9.5367e-07
0.0000e+00
9.5367e-07
0.0000e+00
2.1935e-05
9.5367e-07
0.0000e+00
2.1935e-05
1.8191e-04
0.0000e+00
2.0981e-05
1.9073e-06
0.0000e+00
2.1935e-05
2.1458e-06
1.9073e-06
0.0000e+00
9.5367e-07
0.0000e+00
2.0981e-05
9.5367e-07
2.2101e-04
0.0000e+00
0.0000e+00
0.0000e+00
2.1935e-05
4.0531e-06
0.0000e+00
2.1935e-05
3.0994e-06
6.7949e-05
9.5367e-07
0.0000e+00
1.9073e-06
0.0000e+00
5.0068e-06
0.0000e+00
2.3127e-05
9.5367e-07
0.0000e+00
2.1935e-05
9.5367e-07
0.0000e+00
2.1935e-05
0.0000e+00
0.0000e+00
2.2173e-05
9.5367e-07
0.0000e+00
2.1935e-05
0.0000e+00
4.2701e-04
0.0000e+00
9.5367e-07
4.0531e-06
9.5367e-07
9.5367e-07
0.0000e+00
2.2888e-05
0.0000e+00
0.0000e+00
2.8849e-05
1.1921e-06
1.2398e-04
9.5367e-07
9.5367e-07
0.0000e+00
2.2173e-05
5.5075e-05
0.0000e+00
2.1935e-05
1.9073e-06
6.1989e-06
0.0000e+00
1.5020e-05
0.0000e+00
2.1935e-05
1.0014e-05
0.0000e+00
2.2173e-05
1.9073e-06
0.0000e+00
2.1935e-05
2.1458e-06
0.0000e+00
2.1935e-05
2.0814e-04
9.3937e-05
9.5367e-07
0.0000e+00
0.0000e+00
2.1935e-05
9.5367e-07
0.0000e+00
2.2173e-05
9.5367e-07
0.0000e+00
2.0981e-05
9.5367e-07
0.0000e+00
2.2173e-05
9.5367e-07
0.0000e+00
2.1935e-05
9.5367e-07
0.0000e+00
2.2173e-05
1.2994e-04
0.0000e+00
2.0981e-05
9.5367e-07
0.0000e+00
2.3127e-05
2.8133e-05
0.0000e+00
2.1935e-05
2.3794e-04
7.1526e-06
9.5367e-07
1.6928e-05
5.7936e-05
9.5367e-07
1.1921e-06
3.2902e-05
0.0000e+00
9.5367e-07
2.1458e-06
0.0000e+00
0.0000e+00
1.5807e-04
0.0000e+00
9.5367e-07
0.0000e+00
2.2173e-05
0.0000e+00
0.0000e+00
2.1935e-05
9.5367e-07
0.0000e+00
2.2173e-05
9.8944e-05
0.0000e+00
3.0994e-05
9.5367e-07
0.0000e+00
2.1935e-05
0.0000e+00
0.0000e+00
2.0981e-05
1.1921e-06
0.0000e+00
2.1935e-05
9.5367e-07
0.0000e+00
2.1935e-05
2.2316e-04
0.0000e+00
2.2888e-05
3.8147e-05
3.1948e-05
0.0000e+00
0.0000e+00
0.0000e+00
2.2173e-05
0.0000e+00
0.0000e+00
3.0041e-05
3.7909e-05
0.0000e+00
2.2173e-05
9.5367e-07
0.0000e+00
2.1935e-05
1.1921e-06
1.5283e-04
0.0000e+00
9.5367e-07
0.0000e+00
2.1935e-05
0.0000e+00
0.0000e+00
2.1219e-05
9.5367e-07
0.0000e+00
2.1935e-05
9.5367e-07
0.0000e+00
2.1935e-05
1.1921e-06
2.3890e-04
0.0000e+00
9.5367e-07
0.0000e+00
2.3127e-05
9.5367e-07
0.0000e+00
2.4080e-05
9.5367e-07
0.0000e+00
2.0981e-05
0.0000e+00
0.0000e+00
2.1219e-05
0.0000e+00
0.0000e+00
2.0981e-05
9.5367e-07
2.5105e-04
9.5367e-07
9.5367e-07
0.0000e+00
2.3127e-05
9.5367e-07
0.0000e+00
2.1935e-05
1.0896e-04
0.0000e+00
2.3127e-05
9.5367e-07
0.0000e+00
2.1935e-05
9.5367e-07
0.0000e+00
2.0981e-05
9.5367e-07
0.0000e+00
2.0981e-05
0.0000e+00
1.4520e-04
0.0000e+00
9.5367e-07
0.0000e+00
2.1935e-05
3.0994e-06
0.0000e+00
2.1935e-05
5.6982e-05
0.0000e+00
2.1219e-05
2.8610e-06
0.0000e+00
3.0041e-05
9.5367e-07
0.0000e+00
2.5034e-05
9.5367e-07
0.0000e+00
2.1935e-05
9.5367e-07
0.0000e+00
2.0981e-05
2.6298e-04
2.1458e-06
9.5367e-07
9.5367e-07
0.0000e+00
2.2173e-05
9.5367e-07
0.0000e+00
2.0981e-05
9.5367e-07
0.0000e+00
2.1935e-05
1.4400e-04
0.0000e+00
2.9087e-05
9.5367e-07
0.0000e+00
2.2173e-05
9.5367e-07
1.5903e-04
0.0000e+00
0.0000e+00
0.0000e+00
2.3127e-05
0.0000e+00
0.0000e+00
2.0981e-05
0.0000e+00
0.0000e+00
2.0981e-05
1.6594e-04
0.0000e+00
2.0981e-05
1.9073e-06
0.0000e+00
2.1935e-05
3.9101e-05
0.0000e+00
3.0041e-05
9.5367e-07
0.0000e+00
2.0981e-05
7.7009e-05
0.0000e+00
2.1935e-05
2.1458e-06
0.0000e+00
2.1935e-05
9.5367e-07
0.0000e+00
2.0981e-05
9.5367e-07
9.5367e-07
0.0000e+00
2.1458e-06
0.0000e+00
2.0981e-05
2.1458e-06
0.0000e+00
2.0981e-05
9.5367e-07
0.0000e+00
3.0994e-05
2.5105e-04
0.0000e+00
2.1935e-05
8.1062e-06
0.0000e+00
2.1935e-05
2.1458e-06
1.8597e-04
1.1921e-06
9.5367e-07
0.0000e+00
2.1935e-05
0.0000e+00
0.0000e+00
2.2173e-05
9.5367e-07
0.0000e+00
2.1935e-05
1.6212e-04
0.0000e+00
2.0981e-05
1.9073e-06
0.0000e+00
2.7895e-05
9.5367e-07
9.5367e-07
0.0000e+00
0.0000e+00
0.0000e+00
2.3127e-05
4.0531e-06
1.3590e-04
9.5367e-07
9.5367e-07
0.0000e+00
2.2173e-05
9.5367e-07
0.0000e+00
2.1935e-05
9.5367e-07
0.0000e+00
2.1935e-05
1.1921e-06
0.0000e+00
2.1935e-05
9.5367e-07
0.0000e+00
2.1935e-05
4.0531e-06
0.0000e+00
3.0041e-05
3.0994e-06
0.0000e+00
2.1935e-05
3.0994e-06
4.2582e-04
9.5367e-07
0.0000e+00
0.0000e+00
2.1935e-05
0.0000e+00
0.0000e+00
2.0981e-05
0.0000e+00
0.0000e+00
2.2173e-05
9.5367e-07
0.0000e+00
2.1935e-05
9.5367e-07
0.0000e+00
2.0981e-05
1.1921e-06
2.2483e-04
0.0000e+00
0.0000e+00
6.0081e-05
0.0000e+00
0.0000e+00
0.0000e+00
2.3127e-05
0.0000e+00
1.9073e-06
1.1921e-06
9.5367e-07
0.0000e+00
2.1935e-05
9.5367e-07
1.7715e-04
0.0000e+00
0.0000e+00
9.5367e-07
0.0000e+00
0.0000e+00
0.0000e+00
2.1935e-05
1.7309e-04
0.0000e+00
2.1935e-05
9.0599e-06
0.0000e+00
2.1935e-05
1.2517e-04
0.0000e+00
2.9087e-05
9.5367e-07
0.0000e+00
2.1935e-05
4.8876e-05
9.5367e-07
0.0000e+00
9.5367e-07
2.4080e-05
0.0000e+00
9.5367e-07
0.0000e+00
2.1935e-05
1.1921e-06
0.0000e+00
2.1935e-05
9.5367e-07
0.0000e+00
2.0981e-05
1.1921e-06
2.4986e-04
0.0000e+00
0.0000e+00
0.0000e+00
2.1935e-05
9.5367e-07
0.0000e+00
2.0981e-05
7.0810e-05
0.0000e+00
2.2888e-05
9.5367e-07
0.0000e+00
2.2173e-05
9.5367e-07
1.8191e-04
0.0000e+00
0.0000e+00
0.0000e+00
2.1935e-05
2.1458e-06
0.0000e+00
2.0981e-05
4.0054e-05
0.0000e+00
2.0981e-05
2.1458e-06
0.0000e+00
2.0981e-05
1.9073e-06
0.0000e+00
2.1935e-05
1.1921e-06
0.0000e+00
2.1935e-05
9.5367e-07
0.0000e+00
2.2173e-05
9.5367e-07
1.4901e-04
0.0000e+00
9.5367e-07
2.0909e-04
9.5367e-07
9.5367e-07
0.0000e+00
2.3127e-05
9.5367e-07
0.0000e+00
2.1935e-05
0.0000e+00
0.0000e+00
2.0981e-05
0.0000e+00
0.0000e+00
2.0981e-05
9.5367e-07
3.0994e-06
9.5367e-07
9.5367e-07
0.0000e+00
2.3127e-05
0.0000e+00
3.2401e-04
1.1921e-06
9.5367e-07
4.0531e-06
9.5367e-07
0.0000e+00
0.0000e+00
2.1935e-05
1.1921e-06
0.0000e+00
2.1935e-05
7.7963e-05
0.0000e+00
2.0981e-05
2.1458e-06
0.0000e+00
2.0981e-05
1.0967e-05
0.0000e+00
2.0981e-05
9.5367e-07
0.0000e+00
3.0041e-05
2.3699e-04
1.7166e-05
0.0000e+00
5.9605e-06
5.8889e-05
0.0000e+00
0.0000e+00
7.2002e-05
0.0000e+00
9.5367e-07
0.0000e+00
2.4080e-05
6.1989e-05
0.0000e+00
2.1935e-05
9.5367e-07
0.0000e+00
2.1935e-05
9.5367e-07
0.0000e+00
2.2173e-05
1.0014e-05
1.4496e-04
9.5367e-07
9.5367e-07
0.0000e+00
2.2173e-05
9.5367e-07
0.0000e+00
3.0994e-05
9.4891e-05
0.0000e+00
2.2173e-05
9.5367e-07
0.0000e+00
2.0981e-05
1.1921e-06
0.0000e+00
2.0981e-05
8.1062e-05
6.1989e-05
9.5367e-07
9.5367e-07
0.0000e+00
2.1935e-05
8.1062e-05
0.0000e+00
2.1935e-05
3.0041e-05
6.0081e-05
0.0000e+00
9.5367e-07
0.0000e+00
2.2173e-05
9.5367e-07
0.0000e+00
2.1935e-05
9.5367e-07
0.0000e+00
2.4080e-05
9.5367e-07
0.0000e+00
2.2173e-05
9.5367e-07
0.0000e+00
2.1935e-05
1.9693e-04
0.0000e+00
2.2173e-05
2.8610e-06
0.0000e+00
2.0981e-05
2.8849e-05
0.0000e+00
2.0981e-05
7.5817e-05
0.0000e+00
2.8849e-05
3.0994e-06
0.0000e+00
2.0981e-05
9.5367e-07
0.0000e+00
2.0981e-05
9.5367e-07
0.0000e+00
2.0981e-05
2.1458e-06
0.0000e+00
2.0981e-05
1.9073e-06
0.0000e+00
2.1219e-05
9.5367e-07
0.0000e+00
2.0981e-05
1.1921e-06
0.0000e+00
2.1935e-05
9.5367e-07
0.0000e+00
2.1935e-05
3.3379e-04
0.0000e+00
2.1935e-05
2.9087e-05
1.9073e-06
1.1921e-06
2.1935e-05
0.0000e+00
2.1935e-05
9.5367e-07
5.6028e-05
0.0000e+00
1.1921e-06
0.0000e+00
2.1935e-05
0.0000e+00
0.0000e+00
2.2173e-05
1.1921e-06
2.8610e-06
0.0000e+00
1.9073e-06
0.0000e+00
2.2888e-05
9.5367e-07
0.0000e+00
2.2888e-05
3.3212e-04
1.6928e-05
0.0000e+00
5.9605e-06
0.0000e+00
2.1935e-05
9.5367e-07
0.0000e+00
2.0981e-05
2.1458e-06
0.0000e+00
2.0981e-05
1.9073e-06
0.0000e+00
2.2173e-05
1.9073e-06
0.0000e+00
2.1935e-05
9.5367e-07
0.0000e+00
2.0981e-05
9.5367e-07
0.0000e+00
3.0041e-05
3.2592e-04
0.0000e+00
2.1935e-05
2.8610e-06
0.0000e+00
2.2173e-05
2.7895e-05
9.5367e-07
0.0000e+00
2.0981e-05
0.0000e+00
2.1935e-05
8.5115e-05
0.0000e+00
2.0981e-05
6.7949e-05
0.0000e+00
2.1935e-05
2.1458e-06
0.0000e+00
2.1935e-05
9.5367e-07
0.0000e+00
2.9087e-05
1.9073e-06
0.0000e+00
2.2173e-05
9.5367e-07
0.0000e+00
2.1935e-05
1.0705e-04
0.0000e+00
2.0981e-05
3.0994e-06
1.9073e-06
9.5367e-07
1.1921e-06
2.0981e-05
0.0000e+00
1.9073e-06
0.0000e+00
2.2173e-05
2.7585e-04
2.1458e-06
0.0000e+00
2.0027e-05
6.9141e-05
0.0000e+00
0.0000e+00
0.0000e+00
2.0981e-05
0.0000e+00
0.0000e+00
2.2173e-05
3.1948e-05
0.0000e+00
2.0981e-05
1.1921e-06
0.0000e+00
2.1935e-05
1.3089e-04
3.0994e-06
0.0000e+00
2.9087e-05
1.1897e-04
0.0000e+00
0.0000e+00
0.0000e+00
2.1935e-05
9.5367e-07
0.0000e+00
2.0981e-05
1.1921e-06
0.0000e+00
2.0981e-05
0.0000e+00
0.0000e+00
2.8133e-05
9.5367e-07
0.0000e+00
2.1935e-05
2.0599e-04
1.9073e-06
9.5367e-07
1.1921e-06
1.2589e-04
0.0000e+00
0.0000e+00
9.5844e-05
0.0000e+00
0.0000e+00
0.0000e+00
2.2888e-05
0.0000e+00
0.0000e+00
2.0981e-05
0.0000e+00
0.0000e+00
2.0981e-05
9.5367e-07
0.0000e+00
2.1935e-05
9.8944e-05
0.0000e+00
2.0981e-05
9.5367e-07
4.0531e-06
9.5367e-07
1.1921e-06
1.2302e-04
0.0000e+00
9.5367e-07
0.0000e+00
2.3127e-05
9.5367e-07
0.0000e+00
2.1935e-05
9.5367e-07
0.0000e+00
2.0981e-05
0.0000e+00
2.6298e-04
9.5367e-07
9.5367e-07
0.0000e+00
2.2173e-05
1.1921e-06
0.0000e+00
2.0981e-05
9.5367e-07
2.1458e-06
0.0000e+00
7.8678e-06
0.0000e+00
3.3140e-05
9.5367e-07
0.0000e+00
2.1935e-05
1.8096e-04
0.0000e+00
2.1935e-05
9.5367e-07
0.0000e+00
2.0981e-05
1.3113e-05
8.7976e-05
9.5367e-07
9.5367e-07
0.0000e+00
2.2173e-05
1.2493e-04
7.1526e-06
0.0000e+00
1.5020e-05
5.6982e-05
0.0000e+00
9.5367e-07
0.0000e+00
2.1219e-05
9.5367e-07
0.0000e+00
3.0041e-05
9.5367e-07
2.3127e-05
0.0000e+00
0.0000e+00
0.0000e+00
2.5034e-05
1.1921e-06
0.0000e+00
2.1935e-05
2.2602e-04
0.0000e+00
2.0981e-05
9.5367e-07
0.0000e+00
2.0981e-05
1.1921e-06
0.0000e+00
2.0981e-05
0.0000e+00
0.0000e+00
2.0981e-05
1.3208e-04
0.0000e+00
2.8133e-05
9.5367e-07
0.0000e+00
2.1935e-05
9.5367e-07
0.0000e+00
2.1935e-05
9.5367e-07
9.0122e-05
0.0000e+00
9.5367e-07
0.0000e+00
2.1935e-05
5.4121e-05
0.0000e+00
2.1935e-05
3.0994e-06
0.0000e+00
2.0981e-05
2.9087e-05
0.0000e+00
2.0981e-05
9.5367e-07
8.0824e-05
9.5367e-07
1.1921e-06
0.0000e+00
3.2902e-05
0.0000e+00
0.0000e+00
2.2173e-05
2.9802e-05
0.0000e+00
2.2173e-05
1.9073e-06
0.0000e+00
2.0981e-05
0.0000e+00
9.5367e-07
0.0000e+00
1.0967e-05
1.0395e-04
1.1921e-06
9.5367e-07
0.0000e+00
2.1935e-05
0.0000e+00
0.0000e+00
2.0981e-05
3.8981e-04
0.0000e+00
2.0981e-05
9.5367e-07
4.1962e-05
0.0000e+00
9.5367e-07
0.0000e+00
2.2173e-05
1.1396e-04
0.0000e+00
2.0981e-05
4.0531e-06
0.0000e+00
2.4080e-05
9.5367e-07
0.0000e+00
2.1935e-05
7.1526e-06
9.6083e-05
0.0000e+00
9.5367e-07
0.0000e+00
2.1935e-05
9.5367e-07
0.0000e+00
2.0981e-05
0.0000e+00
0.0000e+00
2.9087e-05
1.9073e-06
1.4496e-04
0.0000e+00
1.1921e-06
0.0000e+00
2.2888e-05
9.5367e-07
1.6117e-04
0.0000e+00
0.0000e+00
9.5367e-07
0.0000e+00
0.0000e+00
0.0000e+00
2.3127e-05
1.2708e-04
0.0000e+00
2.1935e-05
4.1962e-05
2.0981e-05
0.0000e+00
2.1458e-06
5.1022e-05
0.0000e+00
9.5367e-07
1.2112e-04
0.0000e+00
9.5367e-07
0.0000e+00
2.1935e-05
1.1921e-06
1.9073e-06
8.1062e-06
9.5367e-07
0.0000e+00
2.1935e-05
1.1921e-06
0.0000e+00
2.1935e-05
1.0800e-04
0.0000e+00
2.1935e-05
3.0994e-06
0.0000e+00
2.1935e-05
3.0041e-05
1.7810e-04
0.0000e+00
0.0000e+00
0.0000e+00
2.1935e-05
1.1921e-06
1.3828e-05
0.0000e+00
1.1921e-06
0.0000e+00
2.1935e-05
0.0000e+00
0.0000e+00
3.2187e-05
0.0000e+00
0.0000e+00
2.1935e-05
1.2803e-04
0.0000e+00
2.1935e-05
8.1062e-06
0.0000e+00
2.0981e-05
2.1458e-06
0.0000e+00
2.1935e-05
1.9073e-06
0.0000e+00
2.2888e-05
9.5367e-07
0.0000e+00
2.1935e-05
9.5367e-07
0.0000e+00
2.2173e-05
1.8191e-04
0.0000e+00
2.3127e-05
9.5367e-07
0.0000e+00
2.1935e-05
1.1921e-06
0.0000e+00
2.1935e-05
1.0014e-05
0.0000e+00
2.0981e-05
1.9073e-06
0.0000e+00
2.0981e-05
9.5367e-07
3.3593e-04
0.0000e+00
1.1921e-06
0.0000e+00
2.1935e-05
9.5367e-07
0.0000e+00
2.1219e-05
9.5367e-07
0.0000e+00
2.1935e-05
1.9073e-06
1.8692e-04
9.5367e-07
9.5367e-07
5.6028e-05
0.0000e+00
0.0000e+00
0.0000e+00
2.1935e-05
9.5367e-07
1.3113e-04
9.5367e-07
0.0000e+00
0.0000e+00
2.1935e-05
9.5367e-07
4.0531e-06
0.0000e+00
0.0000e+00
0.0000e+00
2.1935e-05
0.0000e+00
0.0000e+00
2.1219e-05
0.0000e+00
0.0000e+00
2.0981e-05
0.0000e+00
0.0000e+00
2.3127e-05
8.1778e-05
0.0000e+00
2.1935e-05
9.5367e-07
0.0000e+00
2.0981e-05
8.1778e-05
0.0000e+00
2.0981e-05
0.0000e+00
0.0000e+00
2.1935e-05
1.1921e-06
1.7500e-04
0.0000e+00
0.0000e+00
0.0000e+00
2.1935e-05
9.5367e-07
1.0920e-04
0.0000e+00
9.5367e-07
1.9073e-06
9.5367e-07
9.5367e-07
2.1458e-06
0.0000e+00
5.0068e-06
0.0000e+00
2.5034e-05
7.8678e-06
0.0000e+00
2.1219e-05
0.0000e+00
2.4891e-04
0.0000e+00
9.5367e-07
0.0000e+00
2.1935e-05
0.0000e+00
0.0000e+00
2.1219e-05
0.0000e+00
0.0000e+00
2.0981e-05
9.5367e-07
0.0000e+00
2.1935e-05
3.0613e-04
0.0000e+00
3.0041e-05
9.5367e-07
0.0000e+00
2.1219e-05
0.0000e+00
0.0000e+00
2.1935e-05
3.5048e-05
0.0000e+00
2.0981e-05
2.1458e-06
1.6403e-04
0.0000e+00
0.0000e+00
0.0000e+00
2.2173e-05
9.5367e-07
0.0000e+00
2.0981e-05
9.5367e-07
0.0000e+00
2.1219e-05
9.5367e-07
0.0000e+00
3.0994e-05
8.0824e-05
0.0000e+00
2.2888e-05
9.5367e-07
8.8215e-05
9.5367e-07
9.5367e-07
0.0000e+00
2.1935e-05
0.0000e+00
0.0000e+00
2.1935e-05
9.5367e-07
0.0000e+00
2.0981e-05
1.1921e-06
2.8610e-06
0.0000e+00
1.1921e-06
0.0000e+00
2.0981e-05
9.5367e-07
0.0000e+00
2.0981e-05
0.0000e+00
3.4094e-04
0.0000e+00
0.0000e+00
0.0000e+00
2.2888e-05
0.0000e+00
5.1975e-05
0.0000e+00
9.5367e-07
9.2030e-05
0.0000e+00
0.0000e+00
0.0000e+00
2.2888e-05
1.6904e-04
0.0000e+00
2.1935e-05
9.5367e-07
0.0000e+00
2.1219e-05
9.5367e-07
0.0000e+00
2.0981e-05
0.0000e+00
1.1921e-06
0.0000e+00
7.8678e-06
2.1458e-06
9.5367e-07
2.0981e-05
0.0000e+00
3.0041e-05
9.5367e-07
0.0000e+00
2.2173e-05
2.8610e-06
2.8110e-04
9.5367e-07
9.5367e-07
0.0000e+00
2.2173e-05
0.0000e+00
0.0000e+00
2.0981e-05
0.0000e+00
0.0000e+00
2.0981e-05
0.0000e+00
1.1396e-04
0.0000e+00
9.5367e-07
0.0000e+00
2.5988e-05
1.1921e-06
0.0000e+00
2.1935e-05
0.0000e+00
0.0000e+00
2.2888e-05
9.5367e-07
0.0000e+00
2.2173e-05
0.0000e+00
2.8610e-06
1.1921e-06
3.8147e-06
0.0000e+00
2.2173e-05
2.8491e-04
1.3518e-04
0.0000e+00
0.0000e+00
0.0000e+00
2.1935e-05
9.5367e-07
0.0000e+00
2.0981e-05
9.5367e-07
0.0000e+00
2.0981e-05
9.5367e-07
0.0000e+00
2.8849e-05
5.0068e-05
0.0000e+00
2.3127e-05
1.0014e-05
0.0000e+00
2.1935e-05
9.5367e-07
0.0000e+00
2.0981e-05
9.5367e-07
0.0000e+00
2.1935e-05
3.1495e-04
0.0000e+00
2.2173e-05
9.5367e-07
0.0000e+00
2.0981e-05
0.0000e+00
0.0000e+00
2.0981e-05
9.5367e-07
0.0000e+00
2.2888e-05
0.0000e+00
1.7190e-04
0.0000e+00
0.0000e+00
0.0000e+00
2.1219e-05
0.0000e+00
0.0000e+00
2.0981e-05
0.0000e+00
0.0000e+00
2.0981e-05
1.3208e-04
1.9073e-06
1.1921e-06
9.5367e-07
0.0000e+00
2.0981e-05
2.1458e-06
0.0000e+00
2.0981e-05
9.5367e-07
0.0000e+00
2.8133e-05
9.5367e-07
0.0000e+00
2.3127e-05
2.1100e-04
0.0000e+00
2.1935e-05
1.1921e-05
2.1458e-06
0.0000e+00
2.1935e-05
0.0000e+00
2.0981e-05
9.5367e-07
3.0994e-06
0.0000e+00
1.8835e-05
0.0000e+00
2.1935e-05
9.5367e-07
2.8706e-04
0.0000e+00
9.5367e-07
0.0000e+00
2.2173e-05
2.7895e-05
0.0000e+00
2.2173e-05
9.5367e-07
0.0000e+00
2.3127e-05
1.9073e-06
7.0095e-05
0.0000e+00
0.0000e+00
0.0000e+00
2.1935e-05
9.5367e-07
0.0000e+00
2.0981e-05
1.9622e-04
0.0000e+00
2.0981e-05
4.0531e-06
0.0000e+00
2.4080e-05
9.5367e-07
0.0000e+00
2.0981e-05
9.5367e-07
0.0000e+00
2.2173e-05
9.5367e-07
1.3208e-04
9.5367e-07
9.5367e-07
1.2422e-04
9.5367e-07
9.5367e-07
0.0000e+00
2.2888e-05
1.0085e-04
0.0000e+00
2.2173e-05
1.9073e-06
0.0000e+00
2.1935e-05
1.1921e-06
1.0967e-05
9.5367e-07
1.1921e-05
0.0000e+00
2.1219e-05
9.5367e-07
0.0000e+00
2.1935e-05
1.7619e-04
5.9605e-06
1.1921e-06
2.4796e-05
0.0000e+00
2.8849e-05
1.1921e-06
3.8147e-06
0.0000e+00
1.9073e-06
1.8191e-04
1.1921e-06
1.1921e-06
0.0000e+00
2.2888e-05
1.1921e-06
0.0000e+00
2.1935e-05
7.2002e-05
0.0000e+00
2.1935e-05
9.5367e-07
0.0000e+00
2.0981e-05
9.5367e-07
0.0000e+00
2.0981e-05
9.5367e-07
0.0000e+00
2.0981e-05
9.7990e-05
0.0000e+00
3.0041e-05
9.5367e-07
1.1110e-04
9.5367e-07
9.5367e-07
1.9073e-06
1.1921e-06
5.0068e-06
0.0000e+00
2.1935e-05
9.5367e-07
0.0000e+00
2.0981e-05
1.5402e-04
0.0000e+00
2.1935e-05
9.5367e-07
0.0000e+00
2.1935e-05
9.5367e-07
0.0000e+00
2.0981e-05
8.4162e-05
0.0000e+00
2.3842e-05
2.1458e-06
0.0000e+00
2.2888e-05
1.1706e-04
0.0000e+00
2.1935e-05
2.1458e-06
0.0000e+00
2.0981e-05
9.0599e-06
5.0068e-05
0.0000e+00
9.5367e-07
0.0000e+00
2.3127e-05
0.0000e+00
0.0000e+00
2.0981e-05
9.5367e-07
0.0000e+00
2.2173e-05
9.5367e-07
0.0000e+00
2.0981e-05
1.1921e-06
0.0000e+00
2.1935e-05
2.8300e-04
0.0000e+00
2.0981e-05
8.1062e-06
0.0000e+00
2.0981e-05
2.1458e-06
1.9073e-06
0.0000e+00
8.1062e-06
2.1935e-05
0.0000e+00
1.9073e-06
1.9073e-06
0.0000e+00
2.1219e-05
0.0000e+00
2.1935e-05
0.0000e+00
0.0000e+00
2.1935e-05
2.4509e-04
0.0000e+00
2.2173e-05
3.5048e-05
2.1458e-06
9.5367e-07
9.5367e-07
0.0000e+00
2.3127e-05
9.5367e-07
0.0000e+00
2.0981e-05
1.1921e-06
0.0000e+00
2.0981e-05
9.0599e-06
0.0000e+00
2.0981e-05
2.3699e-04
2.6941e-05
0.0000e+00
9.5367e-07
1.5020e-05
0.0000e+00
1.1921e-06
0.0000e+00
2.1935e-05
8.3923e-05
5.0068e-06
0.0000e+00
1.6928e-05
0.0000e+00
2.9087e-05
1.4710e-04
0.0000e+00
2.5034e-05
9.5367e-07
0.0000e+00
2.0981e-05
3.6001e-05
0.0000e+00
2.2173e-05
6.4850e-05
1.4067e-05
0.0000e+00
1.8120e-05
0.0000e+00
2.1935e-05
1.1921e-06
0.0000e+00
2.0981e-05
5.9128e-05
0.0000e+00
2.1935e-05
9.5367e-07
0.0000e+00
2.0981e-05
9.5367e-07
0.0000e+00
2.3127e-05
9.3937e-05
1.1921e-06
0.0000e+00
2.0981e-05
0.0000e+00
2.1935e-05
2.1458e-06
0.0000e+00
2.1935e-05
9.5367e-07
0.0000e+00
2.0981e-05
1.7595e-04
0.0000e+00
2.1935e-05
1.0014e-05
0.0000e+00
2.0981e-05
1.5807e-04
0.0000e+00
2.2173e-05
9.5367e-07
0.0000e+00
2.2888e-05
9.5367e-07
9.5129e-05
0.0000e+00
0.0000e+00
0.0000e+00
2.0981e-05
0.0000e+00
0.0000e+00
2.0981e-05
0.0000e+00
0.0000e+00
2.0981e-05
0.0000e+00
0.0000e+00
2.1935e-05
9.5367e-07
2.1100e-04
0.0000e+00
1.1921e-06
0.0000e+00
2.0981e-05
0.0000e+00
5.9128e-05
0.0000e+00
0.0000e+00
0.0000e+00
2.2888e-05
9.5367e-07
1.2207e-04
9.5367e-07
9.5367e-07
0.0000e+00
2.2173e-05
8.7976e-05
0.0000e+00
2.1935e-05
1.1921e-06
0.0000e+00
2.1935e-05
9.5367e-07
0.0000e+00
2.4080e-05
3.0994e-06
1.4400e-04
0.0000e+00
0.0000e+00
0.0000e+00
2.1935e-05
8.2970e-05
0.0000e+00
3.0041e-05
1.1921e-06
0.0000e+00
2.2888e-05
9.5367e-07
0.0000e+00
2.0981e-05
1.7881e-05
0.0000e+00
2.0981e-05
1.9073e-06
0.0000e+00
2.1935e-05
0.0000e+00
0.0000e+00
2.0981e-05
0.0000e+00
0.0000e+00
2.0981e-05
1.4067e-05
0.0000e+00
2.0981e-05
9.5367e-07
2.1696e-04
9.5367e-07
0.0000e+00
1.9193e-04
0.0000e+00
0.0000e+00
0.0000e+00
2.5034e-05
9.5367e-07
1.9073e-06
0.0000e+00
0.0000e+00
0.0000e+00
2.1935e-05
0.0000e+00
0.0000e+00
2.0981e-05
0.0000e+00
0.0000e+00
2.0981e-05
9.5367e-07
0.0000e+00
2.1935e-05
9.5367e-07
2.1458e-06
0.0000e+00
4.0531e-06
3.7909e-04
0.0000e+00
0.0000e+00
0.0000e+00
3.0041e-05
9.5367e-07
5.1022e-05
0.0000e+00
1.1921e-06
0.0000e+00
2.1935e-05
9.5367e-07
8.3208e-05
9.5367e-07
9.5367e-07
0.0000e+00
2.1935e-05
9.5367e-07
0.0000e+00
2.1935e-05
9.5367e-07
0.0000e+00
2.1935e-05
9.5367e-07
0.0000e+00
2.0981e-05
7.2002e-05
0.0000e+00
2.1935e-05
1.9073e-06
7.0095e-05
9.5367e-07
9.5367e-07
2.1458e-06
0.0000e+00
3.0994e-06
0.0000e+00
2.1935e-05
1.6594e-04
3.0041e-05
0.0000e+00
0.0000e+00
0.0000e+00
2.0981e-05
0.0000e+00
0.0000e+00
2.0981e-05
2.8610e-06
0.0000e+00
2.0981e-05
9.5367e-07
1.6904e-04
0.0000e+00
0.0000e+00
0.0000e+00
2.1935e-05
1.1921e-06
0.0000e+00
2.0981e-05
4.5061e-05
0.0000e+00
2.2173e-05
9.5367e-07
0.0000e+00
2.1935e-05
2.1458e-06
0.0000e+00
2.1935e-05
9.5367e-07
0.0000e+00
2.0981e-05
9.0599e-06
0.0000e+00
2.1219e-05
1.9073e-06
0.0000e+00
2.1935e-05
2.1458e-06
2.7704e-04
9.5367e-07
9.5367e-07
0.0000e+00
2.2173e-05
0.0000e+00
0.0000e+00
2.2888e-05
9.5367e-07
1.1015e-04
0.0000e+00
0.0000e+00
1.9073e-06
0.0000e+00
2.8610e-06
0.0000e+00
2.1935e-05
1.0014e-05
0.0000e+00
2.0981e-05
1.1921e-06
0.0000e+00
2.1935e-05
9.5367e-07
0.0000e+00
2.0981e-05
9.5367e-07
0.0000e+00
2.0981e-05
9.5367e-07
0.0000e+00
3.5048e-05
3.0613e-04
0.0000e+00
2.1935e-05
9.5367e-07
1.9073e-06
0.0000e+00
9.5367e-07
0.0000e+00
2.2173e-05
8.8215e-06
0.0000e+00
2.2173e-05
2.2793e-04
0.0000e+00
2.2173e-05
1.9073e-06
0.0000e+00
2.1935e-05
3.0994e-06
0.0000e+00
2.0981e-05
1.1921e-06
0.0000e+00
2.8849e-05
9.5367e-07
0.0000e+00
2.0981e-05
9.5367e-07
0.0000e+00
2.2173e-05
9.5367e-07
2.2292e-04
1.1921e-06
9.5367e-07
0.0000e+00
2.1935e-05
0.0000e+00
1.6618e-04
0.0000e+00
0.0000e+00
0.0000e+00
2.2173e-05
9.5367e-07
0.0000e+00
2.1935e-05
0.0000e+00
0.0000e+00
2.0981e-05
1.1921e-06
0.0000e+00
2.2888e-05
0.0000e+00
2.1458e-06
9.5367e-07
2.8610e-06
2.7204e-04
0.0000e+00
9.5367e-07
6.5088e-05
0.0000e+00
9.5367e-07
0.0000e+00
2.2888e-05
1.1921e-06
0.0000e+00
2.0981e-05
0.0000e+00
0.0000e+00
2.0981e-05
0.0000e+00
0.0000e+00
2.0981e-05
9.5367e-07
0.0000e+00
2.1935e-05
9.5367e-07
0.0000e+00
2.2888e-05
0.0000e+00
0.0000e+00
2.0981e-05
0.0000e+00
0.0000e+00
2.0027e-05
0.0000e+00
0.0000e+00
2.0981e-05
2.6083e-04
0.0000e+00
2.0981e-05
9.5367e-07
0.0000e+00
2.1935e-05
1.1921e-06
1.3089e-04
0.0000e+00
1.1921e-06
2.0790e-04
0.0000e+00
0.0000e+00
0.0000e+00
2.2888e-05
4.2915e-05
0.0000e+00
2.1935e-05
9.5367e-07
0.0000e+00
2.0981e-05
1.6928e-05
0.0000e+00
2.0981e-05
1.9073e-06
1.7309e-04
9.5367e-07
9.5367e-07
0.0000e+00
2.1935e-05
0.0000e+00
0.0000e+00
2.0981e-05
0.0000e+00
0.0000e+00
2.1935e-05
1.1921e-06
0.0000e+00
2.0981e-05
9.5367e-07
2.1458e-06
0.0000e+00
4.0531e-06
1.9598e-04
0.0000e+00
0.0000e+00
0.0000e+00
2.3127e-05
9.5367e-07
0.0000e+00
2.1935e-05
0.0000e+00
2.4295e-04
0.0000e+00
9.5367e-07
0.0000e+00
2.1935e-05
9.5367e-07
0.0000e+00
2.0981e-05
0.0000e+00
0.0000e+00
2.0981e-05
0.0000e+00
0.0000e+00
2.0981e-05
0.0000e+00
0.0000e+00
2.2888e-05
1.1921e-06
1.9288e-04
0.0000e+00
9.5367e-07
0.0000e+00
2.2173e-05
1.4067e-05
0.0000e+00
2.1935e-05
2.5988e-05
0.0000e+00
2.0981e-05
9.5367e-07
0.0000e+00
2.0981e-05
9.5367e-07
0.0000e+00
2.0981e-05
1.4114e-04
0.0000e+00
2.0981e-05
1.1921e-06
0.0000e+00
2.2888e-05
5.0068e-05
0.0000e+00
2.1935e-05
0.0000e+00
0.0000e+00
2.1935e-05
1.0014e-05
0.0000e+00
2.0981e-05
1.1921e-06
2.0480e-04
1.1921e-06
9.5367e-07
0.0000e+00
2.1935e-05
0.0000e+00
0.0000e+00
2.1219e-05
0.0000e+00
0.0000e+00
2.0981e-05
1.1921e-06
1.4091e-04
9.5367e-07
0.0000e+00
1.5020e-05
0.0000e+00
0.0000e+00
0.0000e+00
2.1935e-05
0.0000e+00
1.7381e-04
1.1921e-06
0.0000e+00
0.0000e+00
2.1935e-05
9.5367e-07
0.0000e+00
2.1935e-05
1.1921e-06
0.0000e+00
2.1935e-05
4.6968e-05
0.0000e+00
2.1935e-05
2.1458e-06
0.0000e+00
2.0981e-05
9.5367e-07
0.0000e+00
2.5034e-05
2.0099e-04
0.0000e+00
2.0981e-05
1.0014e-05
0.0000e+00
2.1219e-05
9.5367e-07
0.0000e+00
2.0981e-05
2.1458e-06
0.0000e+00
2.0981e-05
9.5367e-07
0.0000e+00
2.0981e-05
1.1921e-06
1.7500e-04
0.0000e+00
0.0000e+00
0.0000e+00
2.0981e-05
0.0000e+00
0.0000e+00
2.8849e-05
1.1921e-06
0.0000e+00
2.1935e-05
0.0000e+00
0.0000e+00
2.0981e-05
6.8188e-05
0.0000e+00
2.0981e-05
2.0504e-04
0.0000e+00
2.1935e-05
0.0000e+00
0.0000e+00
2.3842e-05
1.1921e-06
0.0000e+00
2.1935e-05
0.0000e+00
0.0000e+00
2.0981e-05
9.5367e-07
0.0000e+00
2.3127e-05
9.5367e-07
0.0000e+00
2.0981e-05
1.5616e-04
0.0000e+00
2.0981e-05
9.0599e-06
0.0000e+00
2.0981e-05
1.0300e-04
0.0000e+00
2.2173e-05
1.9073e-06
0.0000e+00
2.1935e-05
1.1921e-06
0.0000e+00
2.0981e-05
9.5367e-07
2.4009e-04
9.5367e-07
0.0000e+00
0.0000e+00
2.2888e-05
9.5367e-07
0.0000e+00
2.2173e-05
9.5367e-07
0.0000e+00
2.0981e-05
0.0000e+00
0.0000e+00
2.1219e-05
0.0000e+00
0.0000e+00
2.0981e-05
0.0000e+00
2.1458e-06
0.0000e+00
2.8610e-06
2.2101e-04
0.0000e+00
0.0000e+00
0.0000e+00
2.3127e-05
1.3185e-04
1.3113e-05
0.0000e+00
1.9073e-06
0.0000e+00
2.4080e-05
6.3896e-05
0.0000e+00
2.1935e-05
9.5367e-07
0.0000e+00
2.1935e-05
3.6955e-05
0.0000e+00
2.1935e-05
1.0014e-05
0.0000e+00
2.1935e-05
7.7009e-05
1.8120e-05
0.0000e+00
5.0068e-06
0.0000e+00
2.1935e-05
2.1458e-06
0.0000e+00
2.1935e-05
9.5367e-07
1.7810e-04
0.0000e+00
9.5367e-07
0.0000e+00
2.2888e-05
5.6028e-05
0.0000e+00
2.1935e-05
2.1458e-06
0.0000e+00
2.0981e-05
8.1062e-06
1.1802e-04
0.0000e+00
9.5367e-07
0.0000e+00
2.3127e-05
6.3896e-05
7.6056e-05
0.0000e+00
0.0000e+00
2.8610e-06
0.0000e+00
9.5367e-07
0.0000e+00
2.3127e-05
9.5367e-07
1.9312e-04
9.5367e-07
9.5367e-07
4.0531e-06
9.5367e-07
1.1921e-06
0.0000e+00
2.1935e-05
4.7922e-05
0.0000e+00
2.1935e-05
9.0599e-06
0.0000e+00
2.1935e-05
1.9073e-06
1.2994e-04
1.9073e-06
1.1921e-06
0.0000e+00
2.1935e-05
9.5367e-07
0.0000e+00
2.1219e-05
9.5367e-07
0.0000e+00
2.0981e-05
1.3709e-04
0.0000e+00
2.0981e-05
9.5367e-07
0.0000e+00
2.3127e-05
2.0981e-05
0.0000e+00
2.1935e-05
1.1921e-06
0.0000e+00
2.0981e-05
1.0014e-05
0.0000e+00
2.0981e-05
2.1458e-06
1.0991e-04
9.5367e-07
9.5367e-07
0.0000e+00
2.2173e-05
0.0000e+00
0.0000e+00
2.0981e-05
0.0000e+00
0.0000e+00
2.0981e-05
9.5367e-07
0.0000e+00
2.3127e-05
2.6894e-04
0.0000e+00
2.2173e-05
2.1458e-06
0.0000e+00
2.1935e-05
1.0419e-04
0.0000e+00
2.1935e-05
1.0967e-05
0.0000e+00
2.2173e-05
1.0896e-04
0.0000e+00
2.0981e-05
9.5367e-07
0.0000e+00
2.0981e-05
1.9073e-06
0.0000e+00
2.1935e-05
9.5367e-07
2.1458e-06
9.5367e-07
9.5367e-07
0.0000e+00
2.3127e-05
0.0000e+00
0.0000e+00
2.0981e-05
2.0909e-04
9.9897e-05
1.1921e-06
9.5367e-07
4.0531e-06
0.0000e+00
9.5367e-07
0.0000e+00
2.1935e-05
0.0000e+00
0.0000e+00
2.0981e-05
8.4877e-05
0.0000e+00
2.1935e-05
5.8889e-05
0.0000e+00
2.0981e-05
9.5367e-07
0.0000e+00
2.2888e-05
1.1921e-06
0.0000e+00
2.0981e-05
0.0000e+00
0.0000e+00
2.0981e-05
9.5367e-07
2.2197e-04
9.5367e-07
9.5367e-07
0.0000e+00
2.3127e-05
4.9829e-05
0.0000e+00
2.0981e-05
2.8610e-06
0.0000e+00
2.2173e-05
9.5367e-07
0.0000e+00
2.0981e-05
9.5367e-07
0.0000e+00
2.3127e-05
1.1396e-04
0.0000e+00
2.1935e-05
9.5367e-07
0.0000e+00
2.0981e-05
0.0000e+00
0.0000e+00
2.1935e-05
1.1921e-06
0.0000e+00
2.0981e-05
9.5367e-07
1.8692e-04
0.0000e+00
9.5367e-07
1.9073e-06
9.5367e-07
5.0068e-06
0.0000e+00
2.1935e-05
1.3900e-04
0.0000e+00
3.0041e-05
9.5367e-07
0.0000e+00
2.2173e-05
9.5367e-07
0.0000e+00
2.0981e-05
0.0000e+00
0.0000e+00
2.1219e-05
0.0000e+00
0.0000e+00
2.0981e-05
2.0194e-04
0.0000e+00
2.1935e-05
0.0000e+00
0.0000e+00
2.0981e-05
1.0014e-05
7.3195e-05
0.0000e+00
0.0000e+00
0.0000e+00
2.9087e-05
9.5367e-07
0.0000e+00
2.1935e-05
0.0000e+00
0.0000e+00
2.1935e-05
9.5367e-07
1.5616e-04
9.5367e-07
9.5367e-07
0.0000e+00
2.2888e-05
1.1921e-06
0.0000e+00
2.1935e-05
0.0000e+00
4.0531e-06
0.0000e+00
9.5367e-07
5.0068e-06
0.0000e+00
1.1921e-06
0.0000e+00
2.2888e-05
0.0000e+00
0.0000e+00
2.0981e-05
9.5367e-07
0.0000e+00
2.2888e-05
2.0814e-04
0.0000e+00
2.0981e-05
9.5367e-07
0.0000e+00
2.1935e-05
1.0586e-04
2.1458e-06
0.0000e+00
9.5367e-07
0.0000e+00
2.0981e-05
9.5367e-07
0.0000e+00
2.0981e-05
1.0967e-05
2.2793e-04
0.0000e+00
0.0000e+00
1.9073e-06
0.0000e+00
2.8610e-06
0.0000e+00
2.2173e-05
1.0991e-04
0.0000e+00
2.1935e-05
9.5367e-07
0.0000e+00
2.1935e-05
0.0000e+00
0.0000e+00
2.0981e-05
2.0790e-04
0.0000e+00
2.0981e-05
9.5367e-07
1.1897e-04
0.0000e+00
0.0000e+00
1.9073e-06
0.0000e+00
0.0000e+00
0.0000e+00
2.3127e-05
0.0000e+00
0.0000e+00
2.0981e-05
0.0000e+00
1.6499e-04
1.1921e-06
9.5367e-07
0.0000e+00
2.1935e-05
0.0000e+00
0.0000e+00
2.1935e-05
1.1921e-06
0.0000e+00
2.1935e-05
9.5367e-07
0.0000e+00
2.0981e-05
0.0000e+00
0.0000e+00
2.1219e-05
0.0000e+00
0.0000e+00
2.0981e-05
0.0000e+00
2.7609e-04
0.0000e+00
1.1921e-06
4.6015e-05
0.0000e+00
0.0000e+00
0.0000e+00
2.1935e-05
9.5367e-07
1.1706e-04
0.0000e+00
9.5367e-07
0.0000e+00
2.1935e-05
0.0000e+00
0.0000e+00
2.0981e-05
0.0000e+00
0.0000e+00
2.0981e-05
1.1206e-04
0.0000e+00
2.1935e-05
1.9073e-06
0.0000e+00
2.0981e-05
9.5367e-07
0.0000e+00
2.0981e-05
1.1921e-06
2.0885e-04
0.0000e+00
9.5367e-07
0.0000e+00
2.9087e-05
9.5367e-07
0.0000e+00
2.1219e-05
1.5974e-05
0.0000e+00
2.0981e-05
2.1458e-06
5.8889e-05
0.0000e+00
9.5367e-07
0.0000e+00
2.1935e-05
4.3869e-05
0.0000e+00
2.1935e-05
1.9073e-06
0.0000e+00
2.0981e-05
9.5367e-07
1.4210e-04
9.5367e-07
9.5367e-07
1.6308e-04
0.0000e+00
0.0000e+00
0.0000e+00
3.1948e-05
9.5367e-07
0.0000e+00
2.2888e-05
9.5367e-07
0.0000e+00
2.2173e-05
9.5367e-07
4.0531e-06
0.0000e+00
0.0000e+00
0.0000e+00
2.1935e-05
9.5367e-07
0.0000e+00
2.0981e-05
9.5367e-07
0.0000e+00
2.0981e-05
9.5367e-07
0.0000e+00
2.0981e-05
9.5367e-07
0.0000e+00
3.9101e-05
9.5367e-07
0.0000e+00
2.1935e-05
1.0079e-01
