6.7959e-03
4.1008e-05
0.0000e+00
1.0014e-04
2.1961e-03
0.0000e+00
1.0204e-04
5.7936e-05
0.0000e+00
1.0705e-04
4.0531e-06
0.0000e+00
9.7036e-05
1.5020e-05
0.0000e+00
9.4175e-05
1.0014e-05
0.0000e+00
9.2030e-05
3.0994e-06
0.0000e+00
9.2030e-05
3.0994e-06
0.0000e+00
1.3113e-04
5.0068e-06
1.2400e-03
1.9073e-06
8.1062e-06
0.0000e+00
1.0204e-04
4.0531e-06
0.0000e+00
1.0085e-04
4.0531e-06
8.1062e-06
9.5367e-07
6.9141e-06
0.0000e+00
9.4891e-05
2.8610e-06
0.0000e+00
9.3937e-05
2.8610e-06
0.0000e+00
9.2030e-05
3.0994e-06
2.0981e-05
1.9073e-06
2.9087e-05
0.0000e+00
1.1086e-04
4.1962e-05
1.4067e-05
9.5367e-07
1.0395e-04
0.0000e+00
5.9843e-05
6.9141e-05
0.0000e+00
5.6028e-05
5.6028e-05
0.0000e+00
5.6028e-05
6.1989e-05
0.0000e+00
5.4121e-05
6.2943e-05
0.0000e+00
5.4121e-05
2.1458e-06
0.0000e+00
5.4121e-05
4.9114e-05
0.0000e+00
7.2002e-05
5.2929e-05
0.0000e+00
5.6982e-05
3.0994e-06
7.1526e-06
9.5367e-07
4.9829e-05
0.0000e+00
5.6028e-05
1.5211e-04
0.0000e+00
5.5075e-05
3.8147e-06
5.9605e-06
9.5367e-07
4.7922e-05
0.0000e+00
5.6982e-05
4.1962e-05
6.2943e-05
9.5367e-07
4.9114e-05
4.0531e-06
0.0000e+00
1.3399e-04
0.0000e+00
5.5075e-05
6.3896e-05
0.0000e+00
7.3910e-05
3.2902e-05
3.8147e-06
9.5367e-07
1.0610e-04
0.0000e+00
5.6028e-05
5.6028e-05
0.0000e+00
5.5075e-05
5.6028e-05
0.0000e+00
5.3883e-05
2.1458e-06
0.0000e+00
5.4121e-05
4.2200e-05
0.0000e+00
5.5075e-05
8.1778e-05
0.0000e+00
5.5075e-05
5.1975e-05
0.0000e+00
7.2956e-05
3.6001e-05
1.3113e-05
9.5367e-07
1.0109e-04
0.0000e+00
5.6982e-05
5.2929e-05
0.0000e+00
5.4121e-05
5.5790e-05
0.0000e+00
5.3883e-05
1.9073e-06
1.2803e-04
0.0000e+00
1.9073e-06
0.0000e+00
5.5790e-05
3.8147e-05
0.0000e+00
5.5075e-05
2.4199e-04
0.0000e+00
5.4836e-05
4.0770e-05
0.0000e+00
5.6982e-05
5.3883e-05
0.0000e+00
5.4836e-05
5.6028e-05
0.0000e+00
5.4121e-05
5.9128e-05
0.0000e+00
5.4121e-05
2.1458e-06
4.0531e-06
0.0000e+00
8.2016e-05
0.0000e+00
5.5075e-05
6.6996e-05
0.0000e+00
5.6028e-05
2.9087e-05
0.0000e+00
5.5075e-05
8.8215e-06
0.0000e+00
5.6982e-05
1.9073e-06
0.0000e+00
5.3883e-05
1.9073e-06
0.0000e+00
5.3883e-05
6.1989e-05
0.0000e+00
5.4121e-05
2.8610e-06
0.0000e+00
5.3883e-05
2.8610e-06
0.0000e+00
5.3883e-05
9.3937e-05
0.0000e+00
5.3883e-05
5.9605e-06
0.0000e+00
6.6996e-05
1.1921e-05
1.3590e-04
1.1921e-06
2.1458e-06
0.0000e+00
5.7936e-05
2.9111e-04
0.0000e+00
5.5075e-05
3.0994e-06
0.0000e+00
5.4121e-05
1.9073e-06
0.0000e+00
5.2929e-05
3.7098e-04
0.0000e+00
5.6028e-05
2.8610e-06
0.0000e+00
5.3883e-05
1.9073e-06
0.0000e+00
5.3883e-05
3.0994e-06
0.0000e+00
5.6982e-05
1.2708e-04
0.0000e+00
5.4121e-05
2.2888e-05
0.0000e+00
5.6028e-05
1.9073e-06
0.0000e+00
5.3883e-05
2.1458e-06
0.0000e+00
5.5075e-05
8.1062e-06
0.0000e+00
5.4121e-05
2.8610e-06
0.0000e+00
5.2929e-05
1.3828e-05
0.0000e+00
8.3923e-05
2.8610e-06
2.3699e-04
1.1921e-06
2.1458e-06
0.0000e+00
5.6028e-05
1.9073e-06
0.0000e+00
5.4121e-05
1.1921e-06
0.0000e+00
5.2929e-05
3.0994e-06
0.0000e+00
5.2929e-05
1.1396e-04
3.2997e-04
9.5367e-07
9.5367e-07
0.0000e+00
5.4836e-05
1.8501e-04
0.0000e+00
5.4121e-05
2.8610e-06
0.0000e+00
5.6028e-05
5.0068e-06
1.0300e-04
9.5367e-07
1.9073e-06
0.0000e+00
5.6982e-05
8.6069e-05
0.0000e+00
5.2929e-05
4.0531e-06
3.0994e-06
0.0000e+00
5.2929e-05
0.0000e+00
6.0797e-05
3.0994e-06
0.0000e+00
5.6028e-05
3.0994e-06
0.0000e+00
5.3167e-05
2.1887e-04
8.9169e-05
0.0000e+00
1.9073e-06
0.0000e+00
7.3195e-05
1.1301e-04
0.0000e+00
5.3883e-05
4.0531e-06
0.0000e+00
5.3883e-05
2.1458e-06
0.0000e+00
5.2929e-05
1.9073e-06
0.0000e+00
5.3883e-05
1.0967e-05
0.0000e+00
5.3883e-05
2.3103e-04
0.0000e+00
5.5075e-05
1.8120e-05
0.0000e+00
5.3167e-05
2.8610e-06
0.0000e+00
5.6982e-05
2.1458e-06
0.0000e+00
5.2929e-05
2.1458e-06
0.0000e+00
5.2929e-05
2.5034e-05
4.0531e-06
0.0000e+00
5.1975e-05
5.0068e-06
0.0000e+00
5.1975e-05
0.0000e+00
5.5790e-05
3.0994e-06
4.0531e-06
9.5367e-07
1.0014e-05
0.0000e+00
6.2943e-05
1.5974e-05
0.0000e+00
5.5075e-05
2.8610e-06
0.0000e+00
5.7936e-05
1.9073e-06
0.0000e+00
5.4121e-05
5.7793e-04
0.0000e+00
5.3167e-05
9.0599e-06
1.6117e-04
9.5367e-07
1.9073e-06
0.0000e+00
5.4836e-05
2.1458e-06
7.7009e-05
9.5367e-07
9.5367e-07
4.0531e-06
9.5367e-07
1.9073e-06
2.3985e-04
1.1921e-06
2.1458e-06
0.0000e+00
5.9128e-05
2.1458e-06
0.0000e+00
7.1049e-05
2.8610e-06
0.0000e+00
5.4836e-05
1.9073e-06
0.0000e+00
5.3883e-05
5.9128e-05
0.0000e+00
6.1989e-05
9.7990e-05
5.9605e-06
9.5367e-07
5.0068e-05
0.0000e+00
5.5075e-05
2.0981e-05
0.0000e+00
5.2929e-05
4.0531e-06
0.0000e+00
5.2929e-05
1.5974e-05
0.0000e+00
7.2002e-05
3.0994e-06
0.0000e+00
5.6028e-05
3.0994e-06
0.0000e+00
5.5075e-05
2.1458e-06
0.0000e+00
5.5075e-05
2.1458e-06
0.0000e+00
5.5075e-05
1.7166e-05
4.0531e-06
9.5367e-07
3.3855e-05
4.9996e-04
9.5367e-07
1.9073e-06
0.0000e+00
5.6982e-05
2.1458e-06
0.0000e+00
5.4121e-05
2.1458e-06
0.0000e+00
7.4148e-05
3.0994e-06
0.0000e+00
5.5075e-05
1.9073e-06
0.0000e+00
5.4121e-05
1.1206e-05
0.0000e+00
5.5075e-05
1.9073e-06
0.0000e+00
5.5075e-05
1.9073e-06
5.3310e-04
9.5367e-07
9.5367e-07
1.9789e-05
9.5367e-07
1.1921e-06
0.0000e+00
5.6028e-05
9.5367e-07
0.0000e+00
5.4121e-05
2.1458e-06
0.0000e+00
5.6028e-05
1.9073e-06
0.0000e+00
5.4121e-05
4.5061e-05
0.0000e+00
5.3883e-05
1.8096e-04
0.0000e+00
5.5075e-05
2.3127e-05
0.0000e+00
5.5075e-05
1.9073e-06
8.0109e-05
9.5367e-07
1.9073e-06
0.0000e+00
5.5075e-05
1.9073e-06
0.0000e+00
5.3883e-05
3.0994e-06
0.0000e+00
5.6028e-05
1.9073e-06
0.0000e+00
5.3167e-05
2.4509e-04
1.2422e-04
9.5367e-07
1.9073e-06
0.0000e+00
5.5075e-05
1.9073e-06
0.0000e+00
5.5075e-05
1.9073e-06
0.0000e+00
5.3883e-05
1.9073e-06
1.3685e-04
0.0000e+00
9.5367e-07
0.0000e+00
5.6028e-05
1.9073e-06
0.0000e+00
7.2956e-05
3.0994e-06
0.0000e+00
5.3883e-05
2.9111e-04
8.8930e-05
1.1921e-06
2.1458e-06
0.0000e+00
5.5075e-05
2.8610e-06
0.0000e+00
5.4121e-05
1.9073e-06
0.0000e+00
5.4121e-05
1.8311e-04
0.0000e+00
5.4121e-05
2.8610e-06
0.0000e+00
5.4121e-05
1.0490e-04
0.0000e+00
7.1049e-05
3.0994e-06
0.0000e+00
5.6982e-05
2.8610e-06
0.0000e+00
5.9843e-05
1.6999e-04
0.0000e+00
5.4121e-05
2.8610e-06
0.0000e+00
5.2929e-05
2.1935e-05
5.0068e-06
9.5367e-07
5.2929e-05
0.0000e+00
5.5075e-05
2.8610e-06
2.8610e-06
0.0000e+00
5.1022e-05
0.0000e+00
5.4836e-05
3.0994e-06
0.0000e+00
7.3910e-05
4.6706e-04
0.0000e+00
5.6982e-05
4.0531e-06
0.0000e+00
5.4121e-05
3.0994e-06
0.0000e+00
5.4121e-05
7.9155e-05
4.0531e-06
0.0000e+00
5.2929e-05
0.0000e+00
5.3883e-05
4.0531e-06
5.7936e-05
1.1921e-06
9.5367e-07
0.0000e+00
5.5075e-05
1.9073e-06
1.1706e-04
1.1921e-06
1.1921e-06
0.0000e+00
8.1062e-05
3.8147e-06
6.9141e-06
9.5367e-07
2.9087e-05
2.2697e-04
9.5367e-07
1.9073e-06
0.0000e+00
5.6028e-05
2.1458e-06
0.0000e+00
5.4121e-05
2.1458e-06
0.0000e+00
5.3883e-05
4.0054e-05
0.0000e+00
5.3167e-05
5.6982e-05
0.0000e+00
5.3883e-05
8.2016e-05
0.0000e+00
5.3167e-05
5.5790e-05
0.0000e+00
5.6982e-05
4.7922e-05
0.0000e+00
5.5075e-05
5.1975e-05
0.0000e+00
5.4121e-05
5.2929e-05
0.0000e+00
5.4121e-05
5.3883e-05
0.0000e+00
5.4121e-05
5.3883e-05
0.0000e+00
5.4121e-05
5.1975e-05
0.0000e+00
5.4121e-05
2.4319e-04
0.0000e+00
5.5075e-05
1.9073e-06
6.2227e-05
9.5367e-07
1.9073e-06
4.0531e-06
9.5367e-07
4.5061e-05
0.0000e+00
5.6982e-05
4.6968e-05
0.0000e+00
5.4836e-05
5.2929e-05
3.3140e-05
9.5367e-07
7.3910e-05
0.0000e+00
5.4836e-05
5.6028e-05
0.0000e+00
5.4121e-05
8.2970e-05
0.0000e+00
6.1989e-05
6.1035e-05
0.0000e+00
5.4121e-05
3.8862e-05
0.0000e+00
5.6982e-05
5.1975e-05
0.0000e+00
5.4836e-05
5.3883e-05
0.0000e+00
5.3883e-05
5.6982e-05
0.0000e+00
5.4121e-05
5.3883e-05
0.0000e+00
5.2929e-05
2.8610e-06
0.0000e+00
5.3883e-05
2.5582e-04
0.0000e+00
9.7036e-05
5.0068e-06
0.0000e+00
1.2612e-04
1.6928e-05
0.0000e+00
9.5844e-05
2.8610e-06
0.0000e+00
9.2030e-05
1.1921e-05
0.0000e+00
9.1791e-05
4.0531e-06
0.0000e+00
9.4891e-05
4.0531e-06
2.0027e-05
9.5367e-07
9.0599e-06
0.0000e+00
6.6996e-05
4.0531e-06
0.0000e+00
5.3167e-05
5.1975e-05
0.0000e+00
7.7963e-05
2.8610e-06
0.0000e+00
5.3883e-05
3.0994e-06
5.0068e-06
9.5367e-07
4.6015e-05
0.0000e+00
5.5075e-05
2.3127e-05
5.0068e-06
1.1921e-06
5.3167e-05
0.0000e+00
5.6028e-05
1.9073e-06
0.0000e+00
5.4121e-05
1.9073e-06
5.0068e-06
1.1921e-06
5.9605e-06
0.0000e+00
5.3883e-05
1.9073e-06
0.0000e+00
6.7949e-05
2.8610e-06
0.0000e+00
6.8903e-05
2.8610e-06
0.0000e+00
5.3883e-05
1.9073e-06
4.6015e-05
9.5367e-07
1.9073e-06
0.0000e+00
5.6982e-05
1.9073e-06
0.0000e+00
5.3883e-05
1.9073e-06
0.0000e+00
5.2929e-05
4.7684e-06
0.0000e+00
5.2929e-05
1.4770e-03
0.0000e+00
5.8174e-05
7.1526e-06
6.5088e-05
9.5367e-07
9.5367e-07
0.0000e+00
5.6982e-05
1.9073e-06
1.0967e-05
9.5367e-07
3.0041e-05
0.0000e+00
5.6028e-05
2.0027e-05
0.0000e+00
5.2929e-05
2.8610e-06
0.0000e+00
5.3883e-05
1.9073e-06
4.0531e-06
1.1921e-06
3.5048e-05
0.0000e+00
5.5075e-05
1.0967e-05
4.0531e-06
9.5367e-07
5.1022e-05
0.0000e+00
7.0095e-05
2.8610e-06
4.8184e-04
9.5367e-07
1.9073e-06
0.0000e+00
5.6982e-05
9.5367e-07
0.0000e+00
5.2929e-05
2.6393e-04
0.0000e+00
5.5075e-05
2.8610e-06
0.0000e+00
5.3883e-05
2.8610e-06
0.0000e+00
5.5075e-05
1.9073e-06
0.0000e+00
5.9843e-05
4.0531e-06
0.0000e+00
7.5102e-05
2.8610e-06
0.0000e+00
5.3883e-05
1.9073e-06
0.0000e+00
5.4836e-05
1.9073e-06
3.3855e-05
1.1921e-06
1.8120e-05
0.0000e+00
5.5075e-05
1.9073e-06
6.5088e-05
9.5367e-07
1.9073e-06
0.0000e+00
5.5790e-05
2.1458e-06
0.0000e+00
5.4836e-05
1.9073e-06
0.0000e+00
5.3883e-05
2.8706e-04
1.1301e-04
9.5367e-07
1.9073e-06
0.0000e+00
5.7936e-05
3.0994e-06
0.0000e+00
5.4121e-05
8.1062e-06
0.0000e+00
5.5075e-05
1.9073e-06
0.0000e+00
5.4121e-05
5.0068e-06
0.0000e+00
5.3883e-05
1.9073e-06
0.0000e+00
5.3883e-05
6.9141e-06
2.3127e-05
9.5367e-07
1.9073e-06
0.0000e+00
7.2956e-05
2.8610e-06
0.0000e+00
5.5790e-05
8.1062e-06
2.2650e-03
9.5367e-07
2.8610e-06
0.0000e+00
6.1035e-05
2.1458e-06
0.0000e+00
5.5075e-05
2.1458e-06
0.0000e+00
5.2929e-05
2.1458e-06
0.0000e+00
5.3883e-05
9.5367e-07
0.0000e+00
5.3883e-05
9.5367e-07
0.0000e+00
5.3883e-05
3.0994e-06
0.0000e+00
5.6982e-05
1.9073e-06
0.0000e+00
5.3883e-05
1.9073e-06
0.0000e+00
5.5075e-05
6.9141e-06
0.0000e+00
5.6982e-05
4.0531e-06
0.0000e+00
5.3883e-05
5.0068e-06
0.0000e+00
5.5075e-05
1.1206e-05
0.0000e+00
5.6028e-05
1.9073e-06
5.8174e-05
9.5367e-07
1.9073e-06
0.0000e+00
5.6028e-05
3.0994e-06
0.0000e+00
5.4121e-05
1.9073e-06
0.0000e+00
5.5075e-05
1.9073e-06
0.0000e+00
5.4121e-05
2.1458e-06
0.0000e+00
5.4121e-05
2.1458e-06
0.0000e+00
5.2929e-05
1.9073e-06
6.6400e-04
9.5367e-07
2.1458e-06
0.0000e+00
5.6028e-05
2.1458e-06
0.0000e+00
7.2956e-05
1.7595e-04
0.0000e+00
5.5075e-05
5.0068e-06
0.0000e+00
5.4121e-05
2.1458e-06
0.0000e+00
5.2929e-05
1.6928e-05
0.0000e+00
5.3883e-05
2.2888e-05
0.0000e+00
6.0797e-05
5.0068e-06
0.0000e+00
5.4121e-05
1.9073e-06
5.9605e-06
9.5367e-07
4.7922e-05
0.0000e+00
7.2956e-05
3.0994e-06
0.0000e+00
5.5075e-05
2.7800e-04
1.6928e-05
1.1921e-06
3.9101e-05
0.0000e+00
5.6982e-05
1.9073e-06
2.8610e-06
1.1921e-06
6.6996e-05
0.0000e+00
5.5075e-05
3.0994e-06
0.0000e+00
5.4121e-05
1.9073e-06
0.0000e+00
5.3883e-05
3.2496e-04
0.0000e+00
5.4121e-05
2.8610e-06
5.0068e-06
9.5367e-07
5.9605e-06
0.0000e+00
5.6028e-05
1.9073e-06
0.0000e+00
5.3883e-05
1.9073e-06
0.0000e+00
5.1975e-05
2.5988e-05
0.0000e+00
5.5075e-05
3.0994e-06
0.0000e+00
5.5075e-05
2.1458e-06
0.0000e+00
5.5075e-05
1.0967e-05
5.0068e-06
9.5367e-07
4.4107e-05
0.0000e+00
7.7963e-05
3.0994e-06
0.0000e+00
5.5075e-05
2.1458e-06
0.0000e+00
5.3883e-05
2.1458e-06
0.0000e+00
5.3883e-05
7.1526e-06
0.0000e+00
5.2929e-05
4.0531e-06
0.0000e+00
5.4121e-05
4.9615e-04
0.0000e+00
5.5075e-05
3.0994e-06
0.0000e+00
5.3167e-05
3.0994e-06
0.0000e+00
5.6982e-05
2.1458e-06
0.0000e+00
5.3883e-05
1.9073e-06
0.0000e+00
5.3883e-05
3.0994e-06
4.1962e-05
9.5367e-07
1.6928e-05
4.0531e-06
1.1921e-06
5.1975e-05
3.8147e-06
9.5367e-07
5.0783e-05
0.0000e+00
5.6028e-05
2.1458e-06
0.0000e+00
5.5075e-05
1.9073e-06
0.0000e+00
5.4121e-05
1.9073e-06
0.0000e+00
6.9857e-05
6.8903e-04
0.0000e+00
5.4836e-05
2.0981e-05
0.0000e+00
5.3167e-05
2.2173e-05
0.0000e+00
5.5075e-05
1.9073e-06
0.0000e+00
5.4121e-05
2.1458e-06
0.0000e+00
5.9128e-05
2.1458e-06
0.0000e+00
5.5075e-05
2.7514e-04
0.0000e+00
5.5075e-05
2.8610e-06
0.0000e+00
5.6982e-05
2.8610e-06
0.0000e+00
5.5075e-05
1.9073e-06
0.0000e+00
5.3883e-05
1.9073e-06
0.0000e+00
5.2929e-05
3.8147e-06
0.0000e+00
5.3883e-05
3.0994e-06
0.0000e+00
5.3883e-05
2.5034e-05
0.0000e+00
5.3167e-05
1.9073e-05
0.0000e+00
7.2002e-05
9.9182e-05
5.0068e-06
9.5367e-07
5.1022e-05
0.0000e+00
5.7936e-05
2.1458e-06
0.0000e+00
5.6028e-05
2.0027e-05
0.0000e+00
5.4121e-05
2.3103e-04
0.0000e+00
5.4836e-05
5.0068e-06
0.0000e+00
5.5075e-05
2.8610e-06
0.0000e+00
5.5075e-05
2.4080e-04
4.0531e-06
9.5367e-07
5.3883e-05
0.0000e+00
7.2956e-05
3.0994e-06
0.0000e+00
5.5075e-05
1.9073e-06
0.0000e+00
5.3883e-05
6.7949e-05
0.0000e+00
5.5075e-05
2.0027e-05
0.0000e+00
5.5075e-05
5.9605e-06
0.0000e+00
5.2929e-05
2.8610e-06
0.0000e+00
5.3883e-05
2.8610e-06
3.8147e-06
9.5367e-07
1.4782e-05
0.0000e+00
7.8917e-05
3.8147e-06
0.0000e+00
5.5075e-05
2.1458e-06
0.0000e+00
5.1975e-05
1.9073e-06
0.0000e+00
5.4121e-05
1.9073e-06
0.0000e+00
5.4121e-05
1.9073e-06
5.0068e-06
1.1921e-06
4.8161e-05
0.0000e+00
5.4121e-05
1.4400e-04
0.0000e+00
5.3883e-05
4.0531e-06
0.0000e+00
6.8903e-05
3.0994e-06
0.0000e+00
5.5075e-05
3.0184e-04
0.0000e+00
5.4836e-05
3.0994e-06
0.0000e+00
5.2929e-05
1.9073e-06
0.0000e+00
5.3883e-05
5.9605e-06
0.0000e+00
5.4121e-05
2.1458e-06
0.0000e+00
5.2929e-05
4.0531e-06
0.0000e+00
5.5075e-05
2.8610e-06
0.0000e+00
5.6982e-05
4.3106e-04
0.0000e+00
5.3167e-05
6.1989e-06
0.0000e+00
5.4836e-05
3.0994e-06
0.0000e+00
5.1975e-05
5.0068e-06
4.0531e-06
9.5367e-07
1.0967e-05
0.0000e+00
5.6028e-05
2.0027e-05
0.0000e+00
5.3883e-05
2.1458e-06
0.0000e+00
5.2929e-05
4.0531e-06
0.0000e+00
8.0109e-05
3.0994e-06
0.0000e+00
5.4121e-05
5.0068e-06
0.0000e+00
5.4121e-05
2.1458e-06
0.0000e+00
5.4121e-05
6.5112e-04
0.0000e+00
5.6028e-05
2.8610e-06
0.0000e+00
5.4836e-05
1.9073e-06
0.0000e+00
5.2929e-05
1.5020e-05
8.0299e-04
1.1921e-06
2.1458e-06
0.0000e+00
7.5102e-05
3.0994e-06
0.0000e+00
5.6028e-05
9.5367e-07
0.0000e+00
5.3167e-05
2.1458e-06
5.0068e-06
9.5367e-07
9.5367e-07
0.0000e+00
5.4836e-05
1.9073e-06
3.8147e-06
9.5367e-07
1.1921e-06
0.0000e+00
6.1989e-05
7.4005e-04
0.0000e+00
5.5075e-05
2.5988e-05
0.0000e+00
5.3883e-05
3.0994e-06
5.9605e-06
1.1921e-06
1.5974e-05
0.0000e+00
5.6982e-05
1.9073e-06
0.0000e+00
5.4121e-05
1.9073e-06
0.0000e+00
5.4121e-05
1.9073e-06
0.0000e+00
5.4121e-05
1.9073e-06
5.0068e-06
1.1921e-06
4.9114e-05
0.0000e+00
5.5075e-05
2.2173e-05
0.0000e+00
5.3883e-05
5.0068e-06
0.0000e+00
7.1049e-05
3.0994e-06
4.0531e-06
9.5367e-07
3.6001e-05
0.0000e+00
5.7936e-05
2.8706e-04
3.1900e-04
9.5367e-07
1.9073e-06
0.0000e+00
5.7936e-05
1.9073e-06
5.9605e-06
9.5367e-07
9.5367e-07
0.0000e+00
5.5075e-05
1.9073e-06
0.0000e+00
5.5075e-05
1.9073e-06
0.0000e+00
5.4121e-05
5.9605e-06
0.0000e+00
5.5075e-05
2.7609e-04
0.0000e+00
5.7936e-05
1.9073e-06
0.0000e+00
5.4836e-05
1.9073e-06
0.0000e+00
5.4836e-05
1.9073e-06
5.0068e-06
9.5367e-07
1.9073e-06
0.0000e+00
5.5075e-05
1.9073e-06
0.0000e+00
5.4121e-05
1.5020e-05
0.0000e+00
5.3883e-05
1.9073e-06
0.0000e+00
5.3883e-05
3.0994e-06
0.0000e+00
5.6982e-05
1.9073e-06
5.5504e-04
9.5367e-07
1.9073e-06
0.0000e+00
5.6982e-05
9.5367e-07
0.0000e+00
5.3883e-05
9.5367e-07
0.0000e+00
5.3883e-05
9.5367e-07
7.0095e-05
0.0000e+00
9.5367e-07
0.0000e+00
5.4836e-05
1.9073e-06
3.1948e-05
0.0000e+00
9.5367e-07
0.0000e+00
5.4836e-05
2.1458e-06
0.0000e+00
5.5075e-05
9.5367e-07
0.0000e+00
5.3167e-05
1.1921e-06
0.0000e+00
6.1035e-05
1.9073e-06
0.0000e+00
5.5075e-05
1.9073e-06
0.0000e+00
5.5075e-05
1.9073e-06
0.0000e+00
5.5075e-05
9.5367e-07
0.0000e+00
5.4121e-05
5.6314e-04
0.0000e+00
7.2002e-05
2.8610e-06
5.0068e-06
9.5367e-07
3.9101e-05
0.0000e+00
5.6982e-05
1.9073e-06
3.8147e-06
0.0000e+00
4.6968e-05
0.0000e+00
5.5075e-05
1.9073e-06
0.0000e+00
5.4121e-05
1.6618e-04
4.0531e-06
9.5367e-07
6.7949e-05
1.4782e-04
0.0000e+00
1.1921e-06
0.0000e+00
5.5075e-05
2.1458e-06
4.0531e-06
9.5367e-07
9.0599e-06
0.0000e+00
5.3883e-05
3.0994e-06
0.0000e+00
5.6982e-05
3.0994e-06
0.0000e+00
5.6028e-05
1.9073e-06
0.0000e+00
5.3167e-05
2.1458e-06
0.0000e+00
5.5075e-05
3.0994e-06
0.0000e+00
5.4121e-05
3.0994e-06
0.0000e+00
5.3167e-05
3.0017e-04
0.0000e+00
5.5075e-05
1.2493e-04
0.0000e+00
7.2956e-05
2.8610e-06
0.0000e+00
6.1035e-05
2.3127e-05
0.0000e+00
5.5075e-05
3.8147e-06
0.0000e+00
5.4836e-05
3.0994e-06
0.0000e+00
5.3883e-05
1.8120e-05
0.0000e+00
5.3883e-05
5.0068e-06
0.0000e+00
5.2929e-05
1.9073e-06
0.0000e+00
5.3883e-05
1.9073e-06
0.0000e+00
5.6982e-05
2.1458e-06
0.0000e+00
5.5075e-05
3.2687e-04
0.0000e+00
5.4836e-05
3.0994e-06
0.0000e+00
5.4121e-05
2.1458e-06
4.0531e-06
9.5367e-07
6.7949e-05
0.0000e+00
5.5075e-05
5.0068e-06
0.0000e+00
5.3883e-05
1.9073e-06
0.0000e+00
5.5075e-05
2.8610e-06
0.0000e+00
5.5790e-05
2.1458e-06
0.0000e+00
5.2929e-05
1.7905e-04
0.0000e+00
5.4121e-05
3.0994e-06
1.3995e-04
0.0000e+00
2.1458e-06
0.0000e+00
5.6028e-05
4.0531e-06
0.0000e+00
5.3883e-05
3.8147e-06
3.8147e-06
9.5367e-07
5.3167e-05
0.0000e+00
5.4836e-05
3.0994e-06
0.0000e+00
7.5102e-05
3.0994e-06
0.0000e+00
5.4121e-05
4.0531e-06
0.0000e+00
5.4121e-05
3.8147e-06
0.0000e+00
5.3883e-05
1.9073e-06
0.0000e+00
5.3883e-05
1.9073e-06
0.0000e+00
5.4836e-05
2.1458e-06
4.0531e-06
9.5367e-07
4.8161e-05
0.0000e+00
5.5075e-05
5.1188e-04
0.0000e+00
7.3195e-05
4.0197e-04
0.0000e+00
5.4121e-05
4.0531e-06
4.0531e-06
1.1921e-06
6.9141e-05
0.0000e+00
5.5075e-05
2.1458e-06
0.0000e+00
5.3167e-05
2.1458e-06
0.0000e+00
5.5075e-05
2.1458e-06
0.0000e+00
5.6028e-05
1.9073e-06
0.0000e+00
5.2929e-05
1.9073e-06
0.0000e+00
7.6056e-05
2.8610e-06
4.0531e-06
1.1921e-06
9.5367e-07
4.0531e-06
0.0000e+00
5.0068e-05
0.0000e+00
5.6028e-05
1.9073e-06
0.0000e+00
5.4121e-05
1.9073e-06
0.0000e+00
5.3167e-05
2.1458e-06
0.0000e+00
5.4121e-05
2.9206e-04
0.0000e+00
5.4121e-05
2.0027e-05
0.0000e+00
5.3883e-05
4.0531e-06
0.0000e+00
7.2956e-05
2.1458e-06
0.0000e+00
5.5075e-05
2.1458e-06
0.0000e+00
5.4121e-05
2.1458e-06
1.0014e-05
0.0000e+00
3.0994e-06
0.0000e+00
5.5075e-05
2.1458e-06
0.0000e+00
5.3883e-05
7.3814e-04
0.0000e+00
5.4121e-05
5.0068e-06
0.0000e+00
5.4836e-05
1.1802e-04
0.0000e+00
7.2956e-05
3.0994e-06
0.0000e+00
5.6028e-05
3.0994e-06
0.0000e+00
6.1035e-05
1.9073e-06
1.5998e-04
9.5367e-07
9.5367e-07
0.0000e+00
5.5075e-05
9.5367e-07
0.0000e+00
5.5075e-05
1.9073e-06
0.0000e+00
5.4121e-05
2.8610e-06
0.0000e+00
5.3883e-05
1.9073e-06
0.0000e+00
7.8201e-05
3.0994e-06
0.0000e+00
5.5075e-05
3.7909e-05
0.0000e+00
5.5075e-05
2.5034e-05
0.0000e+00
5.4121e-05
4.0531e-06
1.1396e-04
9.5367e-07
1.9073e-06
0.0000e+00
5.9128e-05
1.9073e-06
0.0000e+00
5.4121e-05
1.9073e-06
0.0000e+00
5.4121e-05
2.1458e-06
0.0000e+00
7.2956e-05
1.7309e-04
0.0000e+00
5.5075e-05
1.9073e-06
0.0000e+00
5.4121e-05
2.5988e-05
0.0000e+00
5.5075e-05
4.0531e-06
0.0000e+00
5.3167e-05
3.0994e-06
0.0000e+00
5.5075e-05
1.9073e-06
5.0068e-06
1.1921e-06
5.3167e-05
0.0000e+00
6.1989e-05
1.2875e-05
4.0531e-06
9.5367e-07
3.1948e-05
0.0000e+00
5.7936e-05
2.7800e-04
3.9506e-04
9.5367e-07
1.9073e-06
0.0000e+00
5.6028e-05
1.9073e-06
0.0000e+00
6.1035e-05
9.5367e-07
0.0000e+00
5.3883e-05
9.5367e-07
0.0000e+00
5.2929e-05
1.9073e-06
0.0000e+00
5.4121e-05
3.0994e-06
0.0000e+00
5.4121e-05
3.8147e-06
1.0300e-04
9.5367e-07
9.5367e-07
4.0531e-06
0.0000e+00
1.1921e-06
0.0000e+00
5.6982e-05
1.9073e-06
0.0000e+00
5.3883e-05
3.0994e-06
0.0000e+00
5.3883e-05
5.0068e-06
0.0000e+00
5.4121e-05
2.1935e-05
0.0000e+00
5.3167e-05
5.0068e-06
0.0000e+00
5.3883e-05
1.0967e-05
0.0000e+00
7.7963e-05
4.0531e-06
0.0000e+00
5.6028e-05
1.9073e-06
0.0000e+00
5.3883e-05
5.9605e-06
0.0000e+00
5.4121e-05
2.1458e-06
0.0000e+00
5.4121e-05
5.0068e-06
0.0000e+00
5.3883e-05
1.9073e-06
0.0000e+00
5.3883e-05
5.0068e-06
0.0000e+00
5.4121e-05
2.1458e-06
0.0000e+00
6.7949e-05
5.9605e-06
0.0000e+00
5.6028e-05
2.1458e-06
0.0000e+00
5.4121e-05
5.0068e-06
5.0068e-06
9.5367e-07
1.9073e-06
8.7500e-04
9.5367e-07
1.9073e-06
0.0000e+00
5.5075e-05
1.9073e-06
0.0000e+00
5.3167e-05
9.5367e-07
0.0000e+00
5.2929e-05
1.9073e-06
0.0000e+00
5.7936e-05
4.0531e-06
0.0000e+00
5.6028e-05
1.9073e-06
0.0000e+00
5.3883e-05
1.9073e-06
1.2875e-05
1.1921e-06
2.1458e-06
0.0000e+00
5.4121e-05
2.1458e-06
0.0000e+00
5.2929e-05
1.3709e-04
0.0000e+00
5.5075e-05
2.3127e-05
0.0000e+00
5.4121e-05
3.0994e-06
0.0000e+00
5.5075e-05
3.0994e-06
0.0000e+00
5.6028e-05
1.9073e-06
0.0000e+00
5.5075e-05
2.1458e-06
0.0000e+00
5.3883e-05
2.1458e-06
0.0000e+00
6.1035e-05
3.0994e-06
0.0000e+00
5.4121e-05
1.9073e-06
0.0000e+00
5.4121e-05
9.5367e-07
0.0000e+00
5.4121e-05
2.1458e-06
0.0000e+00
7.2002e-05
4.0603e-04
0.0000e+00
5.6028e-05
1.9073e-06
0.0000e+00
5.4121e-05
1.9073e-06
0.0000e+00
5.6982e-05
3.8147e-06
6.0678e-04
9.5367e-07
1.9073e-06
0.0000e+00
5.5075e-05
1.9073e-06
0.0000e+00
5.2929e-05
9.5367e-07
0.0000e+00
5.4121e-05
2.1458e-06
0.0000e+00
7.2956e-05
1.9073e-06
0.0000e+00
6.1989e-05
2.1458e-06
0.0000e+00
5.4121e-05
9.5367e-07
0.0000e+00
5.4121e-05
2.1458e-06
0.0000e+00
5.3883e-05
3.0994e-06
0.0000e+00
5.5075e-05
5.9605e-06
0.0000e+00
5.3883e-05
7.1526e-06
0.0000e+00
5.4121e-05
6.1989e-06
0.0000e+00
5.6982e-05
1.9073e-06
0.0000e+00
5.4121e-05
5.0068e-06
0.0000e+00
5.4121e-05
5.0068e-06
0.0000e+00
5.3883e-05
1.9073e-06
0.0000e+00
5.3883e-05
5.0068e-06
7.1311e-04
9.5367e-07
1.9073e-06
0.0000e+00
5.6982e-05
2.1458e-06
0.0000e+00
5.4121e-05
2.1458e-06
0.0000e+00
7.2002e-05
1.9073e-06
5.9605e-06
9.5367e-07
1.9073e-06
4.0531e-06
9.5367e-07
8.1062e-06
0.0000e+00
5.5075e-05
9.0599e-06
0.0000e+00
6.0797e-05
2.8610e-06
0.0000e+00
5.2929e-05
5.3787e-04
0.0000e+00
5.3883e-05
4.0531e-06
0.0000e+00
5.2929e-05
5.0068e-06
0.0000e+00
5.1975e-05
4.0531e-06
0.0000e+00
5.7220e-05
3.0994e-06
0.0000e+00
6.1035e-05
1.9073e-06
0.0000e+00
5.4121e-05
1.9073e-06
0.0000e+00
5.4121e-05
3.0088e-04
0.0000e+00
5.5075e-05
2.8610e-06
0.0000e+00
5.3883e-05
3.0994e-06
0.0000e+00
5.3883e-05
9.4891e-05
2.0027e-05
9.5367e-07
1.6928e-05
0.0000e+00
5.6982e-05
2.7895e-05
0.0000e+00
6.1035e-05
5.0068e-06
5.0068e-06
0.0000e+00
5.1975e-05
0.0000e+00
5.6982e-05
5.9605e-06
9.6083e-05
9.5367e-07
1.9073e-06
4.0531e-06
1.1921e-06
1.0014e-05
0.0000e+00
5.3883e-05
4.0531e-06
0.0000e+00
5.2929e-05
2.1100e-04
0.0000e+00
5.3167e-05
5.9605e-06
0.0000e+00
5.6982e-05
3.0994e-06
0.0000e+00
5.3883e-05
2.1458e-06
0.0000e+00
6.0081e-05
1.1301e-04
0.0000e+00
5.4836e-05
3.0994e-06
0.0000e+00
5.2929e-05
1.9073e-06
0.0000e+00
5.2929e-05
1.7095e-04
4.0531e-06
9.5367e-07
2.1458e-06
0.0000e+00
5.6028e-05
1.9073e-06
0.0000e+00
7.1764e-05
9.6083e-05
0.0000e+00
5.5075e-05
1.6928e-05
1.0085e-04
0.0000e+00
2.1458e-06
0.0000e+00
5.6028e-05
2.8610e-06
5.0068e-06
9.5367e-07
1.0014e-05
3.8147e-06
0.0000e+00
5.1975e-05
0.0000e+00
5.5075e-05
1.9073e-06
0.0000e+00
5.4121e-05
1.9073e-06
4.0531e-06
9.5367e-07
3.0994e-05
0.0000e+00
5.5075e-05
2.0981e-05
0.0000e+00
5.6982e-05
2.2221e-04
0.0000e+00
5.3883e-05
2.0790e-04
0.0000e+00
5.5075e-05
2.1458e-06
0.0000e+00
5.4121e-05
2.1458e-06
0.0000e+00
5.4121e-05
2.1458e-06
0.0000e+00
5.3883e-05
2.1458e-06
0.0000e+00
5.3883e-05
2.1458e-06
0.0000e+00
7.2002e-05
2.8610e-06
0.0000e+00
5.5075e-05
5.6982e-05
4.0531e-06
9.5367e-07
7.2956e-05
8.2016e-05
0.0000e+00
9.5367e-07
0.0000e+00
5.5075e-05
1.9073e-06
0.0000e+00
5.3883e-05
7.8678e-06
0.0000e+00
5.4836e-05
3.7408e-04
0.0000e+00
5.4121e-05
2.8610e-06
0.0000e+00
5.4121e-05
2.8610e-06
2.1791e-04
9.5367e-07
2.1458e-06
0.0000e+00
5.6982e-05
9.5367e-07
0.0000e+00
5.5075e-05
9.5367e-07
0.0000e+00
5.3883e-05
1.9073e-06
0.0000e+00
5.4121e-05
2.8610e-06
0.0000e+00
5.3167e-05
1.2708e-04
0.0000e+00
5.3883e-05
5.0068e-06
0.0000e+00
5.4121e-05
3.0994e-06
0.0000e+00
5.6982e-05
2.1458e-06
4.0531e-06
9.5367e-07
5.8889e-05
0.0000e+00
5.6028e-05
3.0994e-06
3.6693e-04
0.0000e+00
1.1921e-06
0.0000e+00
5.6028e-05
9.5367e-07
0.0000e+00
5.5075e-05
9.5367e-07
2.5988e-05
9.5367e-07
2.1458e-06
4.0531e-06
9.5367e-07
9.5367e-07
5.0068e-06
9.5367e-07
9.5367e-07
6.2943e-05
9.5367e-07
9.5367e-07
0.0000e+00
7.1049e-05
2.1458e-06
0.0000e+00
5.6982e-05
9.5367e-07
0.0000e+00
5.5075e-05
1.9073e-06
0.0000e+00
5.3883e-05
3.0994e-06
0.0000e+00
5.3883e-05
7.2956e-05
0.0000e+00
5.4121e-05
1.0014e-05
0.0000e+00
6.1035e-05
1.9073e-06
0.0000e+00
5.4121e-05
1.9073e-06
0.0000e+00
7.2002e-05
3.0994e-06
0.0000e+00
5.5075e-05
1.9813e-04
0.0000e+00
5.4121e-05
3.8147e-06
0.0000e+00
5.3883e-05
1.9073e-06
0.0000e+00
5.4121e-05
6.9141e-06
5.0068e-06
1.1921e-06
5.1022e-05
0.0000e+00
5.4836e-05
1.9073e-06
2.8610e-06
0.0000e+00
5.1975e-05
0.0000e+00
5.4836e-05
2.8610e-06
8.8620e-04
0.0000e+00
9.5367e-07
0.0000e+00
5.6982e-05
5.9605e-06
0.0000e+00
5.4121e-05
2.1458e-06
0.0000e+00
5.4121e-05
1.0800e-04
0.0000e+00
5.2929e-05
4.0531e-06
0.0000e+00
5.2929e-05
3.0994e-06
0.0000e+00
5.2929e-05
3.0994e-06
0.0000e+00
5.2929e-05
3.0994e-06
0.0000e+00
5.6982e-05
5.9128e-05
1.5712e-04
9.5367e-07
1.9073e-06
0.0000e+00
5.6028e-05
2.1458e-06
0.0000e+00
6.1035e-05
2.8610e-06
0.0000e+00
5.4836e-05
1.9073e-06
0.0000e+00
5.3883e-05
8.8930e-05
0.0000e+00
5.5075e-05
3.0994e-06
0.0000e+00
5.5075e-05
3.0994e-06
0.0000e+00
5.7936e-05
2.8610e-06
0.0000e+00
5.3883e-05
1.9073e-06
3.8147e-06
9.5367e-07
4.8876e-05
0.0000e+00
5.5075e-05
2.8610e-06
0.0000e+00
5.3883e-05
1.9073e-06
0.0000e+00
5.2929e-05
2.8610e-06
0.0000e+00
5.5075e-05
2.8610e-06
0.0000e+00
5.9843e-05
8.1062e-06
1.7905e-04
9.5367e-07
9.5367e-07
4.3297e-04
9.5367e-07
9.5367e-07
0.0000e+00
5.6982e-05
9.5367e-07
4.0531e-06
9.5367e-07
9.5367e-07
0.0000e+00
5.3167e-05
2.1458e-06
0.0000e+00
5.5075e-05
2.1458e-06
4.0531e-06
9.5367e-07
1.2875e-05
0.0000e+00
6.0797e-05
2.1458e-06
0.0000e+00
5.4121e-05
3.0994e-06
0.0000e+00
5.2929e-05
4.6968e-05
2.8181e-04
9.5367e-07
2.1458e-06
0.0000e+00
5.6982e-05
1.9073e-06
0.0000e+00
5.4836e-05
3.0994e-06
0.0000e+00
5.5075e-05
2.1458e-06
0.0000e+00
5.5075e-05
1.9073e-06
0.0000e+00
5.4121e-05
2.8610e-06
0.0000e+00
5.4121e-05
5.9605e-06
0.0000e+00
5.6028e-05
5.3501e-04
0.0000e+00
5.8174e-05
2.1458e-06
0.0000e+00
5.4121e-05
4.0531e-06
0.0000e+00
5.4121e-05
1.3828e-05
0.0000e+00
5.3883e-05
4.0531e-06
0.0000e+00
5.4121e-05
8.1062e-06
0.0000e+00
5.5075e-05
3.6383e-04
0.0000e+00
5.3883e-05
3.2902e-05
0.0000e+00
7.2002e-05
2.8610e-06
0.0000e+00
5.3883e-05
1.9073e-06
0.0000e+00
5.3883e-05
5.9605e-06
4.0531e-06
1.1921e-06
2.1458e-06
0.0000e+00
5.6028e-05
1.9073e-06
0.0000e+00
5.4121e-05
1.9073e-06
0.0000e+00
6.1035e-05
1.9073e-06
0.0000e+00
5.3883e-05
1.9073e-06
0.0000e+00
7.3195e-05
4.1103e-04
0.0000e+00
5.3883e-05
5.0068e-06
7.9155e-05
0.0000e+00
1.9073e-06
0.0000e+00
5.6028e-05
1.9073e-06
0.0000e+00
5.4836e-05
1.9073e-06
0.0000e+00
5.2929e-05
3.0994e-06
4.0531e-06
0.0000e+00
4.1962e-05
1.9073e-05
9.5367e-07
3.7909e-05
0.0000e+00
5.6982e-05
2.1458e-06
0.0000e+00
7.0095e-05
3.0994e-06
0.0000e+00
5.6028e-05
1.9073e-06
0.0000e+00
5.3883e-05
1.9073e-06
2.0981e-05
9.5367e-07
1.2875e-05
3.0994e-06
9.5367e-07
6.2943e-05
0.0000e+00
5.6028e-05
3.0994e-06
0.0000e+00
5.4121e-05
2.1458e-06
3.0994e-06
9.5367e-07
4.7922e-05
0.0000e+00
5.3883e-05
2.8610e-06
0.0000e+00
6.6996e-05
1.2875e-05
0.0000e+00
6.2943e-05
1.7309e-04
0.0000e+00
5.4121e-05
7.6199e-04
0.0000e+00
5.4121e-05
3.0994e-06
5.0068e-06
9.5367e-07
4.9114e-05
3.0994e-06
0.0000e+00
5.1975e-05
0.0000e+00
5.7936e-05
2.1458e-06
0.0000e+00
5.3883e-05
4.0531e-06
0.0000e+00
5.4121e-05
2.3127e-05
0.0000e+00
7.4148e-05
3.0994e-06
0.0000e+00
5.5075e-05
1.9073e-06
0.0000e+00
5.4121e-05
3.0994e-06
0.0000e+00
5.4121e-05
2.1458e-06
0.0000e+00
5.3883e-05
1.9073e-06
0.0000e+00
5.3883e-05
1.9073e-06
4.0531e-06
9.5367e-07
5.7936e-05
0.0000e+00
5.5075e-05
4.0412e-04
4.0531e-06
9.5367e-07
3.4809e-05
0.0000e+00
5.6982e-05
3.0994e-06
0.0000e+00
5.4121e-05
1.0204e-04
0.0000e+00
5.4121e-05
1.9073e-06
0.0000e+00
5.4121e-05
6.9141e-06
0.0000e+00
6.0081e-05
1.9073e-06
4.0531e-06
1.1921e-06
4.9114e-05
0.0000e+00
5.3167e-05
2.0027e-05
0.0000e+00
5.3883e-05
2.8610e-06
0.0000e+00
5.4836e-05
1.9073e-06
0.0000e+00
5.3883e-05
1.9073e-06
0.0000e+00
5.4836e-05
2.1458e-06
0.0000e+00
5.2929e-05
1.9073e-06
0.0000e+00
5.3883e-05
4.4107e-04
0.0000e+00
5.6028e-05
1.3900e-04
4.0531e-06
9.5367e-07
5.3883e-05
2.8610e-06
1.1921e-06
5.0068e-05
0.0000e+00
5.6028e-05
3.0994e-06
0.0000e+00
5.6028e-05
1.9073e-06
0.0000e+00
5.5075e-05
1.9073e-06
0.0000e+00
5.3883e-05
1.9073e-06
0.0000e+00
8.5831e-05
5.9605e-06
0.0000e+00
5.6982e-05
2.1458e-06
0.0000e+00
6.2943e-05
1.9073e-06
0.0000e+00
5.4836e-05
2.1458e-06
0.0000e+00
7.7009e-05
3.8791e-04
0.0000e+00
5.6028e-05
1.9073e-06
0.0000e+00
5.5075e-05
1.9073e-06
0.0000e+00
5.3883e-05
1.9073e-06
0.0000e+00
5.2929e-05
1.9073e-06
3.7313e-04
9.5367e-07
1.9073e-06
0.0000e+00
5.6028e-05
1.9073e-06
0.0000e+00
5.3883e-05
9.5367e-07
0.0000e+00
7.2956e-05
1.9073e-06
5.0068e-06
1.1921e-06
2.1458e-06
0.0000e+00
5.5075e-05
1.1206e-05
0.0000e+00
5.3883e-05
4.0531e-06
0.0000e+00
5.4121e-05
4.0531e-06
0.0000e+00
5.2929e-05
3.5906e-04
0.0000e+00
5.6028e-05
2.8610e-06
0.0000e+00
5.6982e-05
3.0994e-06
0.0000e+00
7.0095e-05
2.1458e-06
4.0531e-06
9.5367e-07
5.1022e-05
0.0000e+00
5.5075e-05
1.9073e-06
0.0000e+00
5.3883e-05
2.2984e-04
0.0000e+00
5.5075e-05
1.0967e-05
0.0000e+00
6.1989e-05
2.8610e-06
0.0000e+00
5.5075e-05
1.9073e-06
0.0000e+00
5.2929e-05
1.9073e-06
0.0000e+00
7.2956e-05
3.0994e-06
0.0000e+00
5.6982e-05
3.0994e-06
0.0000e+00
5.2929e-05
1.9073e-06
5.7936e-05
9.5367e-07
9.5367e-07
0.0000e+00
5.4836e-05
1.9073e-06
0.0000e+00
5.3883e-05
1.9073e-06
0.0000e+00
5.1975e-05
1.9073e-06
0.0000e+00
5.1975e-05
1.9073e-06
0.0000e+00
6.7949e-05
4.9901e-04
0.0000e+00
5.6982e-05
2.8610e-06
0.0000e+00
5.3883e-05
1.9073e-06
6.1989e-06
9.5367e-07
7.2002e-05
0.0000e+00
5.5075e-05
1.9073e-06
0.0000e+00
5.3167e-05
2.1458e-06
0.0000e+00
5.4121e-05
2.1458e-06
0.0000e+00
5.2929e-05
2.1458e-06
0.0000e+00
5.2929e-05
5.1022e-05
0.0000e+00
5.8174e-05
3.0994e-06
0.0000e+00
5.4121e-05
2.1458e-06
0.0000e+00
5.3883e-05
2.1935e-05
3.8147e-06
9.5367e-07
9.5367e-07
0.0000e+00
5.5075e-05
8.8215e-06
0.0000e+00
5.3883e-05
1.9073e-06
0.0000e+00
5.4836e-05
4.6611e-04
2.6298e-04
1.1921e-06
2.1458e-06
0.0000e+00
7.3910e-05
2.1458e-06
0.0000e+00
5.4121e-05
1.1921e-06
0.0000e+00
5.6028e-05
1.9073e-06
0.0000e+00
5.4121e-05
1.9073e-06
0.0000e+00
5.4121e-05
1.9073e-06
0.0000e+00
5.5075e-05
2.1458e-06
4.0531e-06
0.0000e+00
1.2875e-05
0.0000e+00
5.5075e-05
2.1458e-06
0.0000e+00
7.0095e-05
3.0994e-06
0.0000e+00
6.3181e-05
3.0994e-06
0.0000e+00
5.3167e-05
3.0994e-06
0.0000e+00
5.2929e-05
3.0994e-06
0.0000e+00
5.3883e-05
3.0208e-04
3.0208e-04
0.0000e+00
9.5367e-07
0.0000e+00
5.4836e-05
9.5367e-07
0.0000e+00
5.9843e-05
1.7405e-04
0.0000e+00
7.2956e-05
3.0994e-06
0.0000e+00
5.5075e-05
1.9073e-06
0.0000e+00
5.3167e-05
2.1458e-06
0.0000e+00
5.5075e-05
2.1458e-06
0.0000e+00
5.2929e-05
2.1458e-06
0.0000e+00
5.3883e-05
1.3113e-05
3.4308e-04
9.5367e-07
1.9073e-06
0.0000e+00
5.6982e-05
9.5367e-07
0.0000e+00
7.2002e-05
2.8610e-06
0.0000e+00
5.6982e-05
1.9073e-06
0.0000e+00
5.3167e-05
1.9073e-06
0.0000e+00
5.5075e-05
1.9073e-06
0.0000e+00
5.3167e-05
2.1458e-06
0.0000e+00
5.4121e-05
2.1458e-06
0.0000e+00
5.2929e-05
1.9693e-04
4.0531e-06
9.5367e-07
4.9829e-05
0.0000e+00
5.5075e-05
1.0490e-04
0.0000e+00
5.6982e-05
1.7166e-05
0.0000e+00
5.5075e-05
5.0068e-06
0.0000e+00
5.3883e-05
3.0994e-06
0.0000e+00
5.3883e-05
2.0981e-05
0.0000e+00
5.5075e-05
1.9073e-06
0.0000e+00
5.5075e-05
1.9073e-06
0.0000e+00
5.3167e-05
1.9073e-06
0.0000e+00
7.2002e-05
3.0994e-06
0.0000e+00
5.3883e-05
3.0994e-06
0.0000e+00
5.3883e-05
1.9073e-06
0.0000e+00
5.3883e-05
3.1495e-04
0.0000e+00
5.4836e-05
1.9073e-06
5.0068e-06
9.5367e-07
6.4850e-05
5.0068e-06
9.5367e-07
5.1975e-05
0.0000e+00
5.5075e-05
1.9073e-06
0.0000e+00
5.4121e-05
1.6093e-04
0.0000e+00
5.6982e-05
2.7895e-05
0.0000e+00
5.3883e-05
1.0014e-05
0.0000e+00
6.0081e-05
2.8610e-06
0.0000e+00
5.2929e-05
1.9073e-06
0.0000e+00
5.4121e-05
1.8120e-05
0.0000e+00
5.3167e-05
5.9605e-06
0.0000e+00
5.3883e-05
1.9073e-06
2.2101e-04
0.0000e+00
1.9073e-06
0.0000e+00
5.6982e-05
1.1921e-06
4.0531e-06
9.5367e-07
9.5367e-07
4.0531e-06
9.5367e-07
1.1921e-05
0.0000e+00
5.2929e-05
4.0531e-06
0.0000e+00
5.2929e-05
8.9598e-04
0.0000e+00
5.3883e-05
2.0981e-05
0.0000e+00
5.4121e-05
5.0068e-06
0.0000e+00
5.8889e-05
5.9605e-06
0.0000e+00
7.2002e-05
3.0994e-06
0.0000e+00
5.4836e-05
1.9073e-06
0.0000e+00
5.3883e-05
1.9073e-06
5.9605e-06
9.5367e-07
2.8849e-05
0.0000e+00
5.5075e-05
2.1458e-06
0.0000e+00
5.2929e-05
2.1935e-05
4.0531e-06
9.5367e-07
5.0068e-05
3.0994e-06
9.5367e-07
5.1022e-05
3.0994e-06
9.5367e-07
6.9141e-06
3.0994e-06
9.5367e-07
5.1975e-05
0.0000e+00
6.9857e-05
3.0994e-06
0.0000e+00
5.6028e-05
1.9073e-06
0.0000e+00
5.4121e-05
1.9073e-06
8.4114e-04
9.5367e-07
1.9073e-06
0.0000e+00
5.4836e-05
9.5367e-07
0.0000e+00
5.3167e-05
1.9073e-06
0.0000e+00
6.0081e-05
2.1458e-06
0.0000e+00
5.2929e-05
1.6308e-04
0.0000e+00
7.1049e-05
2.8610e-06
0.0000e+00
5.6028e-05
1.9073e-06
0.0000e+00
5.4836e-05
1.9073e-06
0.0000e+00
5.1975e-05
1.0014e-05
0.0000e+00
5.3883e-05
5.0068e-06
0.0000e+00
5.2929e-05
3.0994e-06
3.5691e-04
0.0000e+00
1.9073e-06
0.0000e+00
5.8174e-05
2.1458e-06
5.0068e-06
9.5367e-07
9.5367e-07
3.8147e-06
9.5367e-07
2.1458e-06
0.0000e+00
5.9128e-05
2.1458e-06
0.0000e+00
5.4121e-05
2.1458e-06
0.0000e+00
5.8889e-05
3.0994e-06
2.5892e-04
9.5367e-07
1.9073e-06
0.0000e+00
5.6028e-05
1.3229e-01
