7.7541e-03
4.0054e-05
0.0000e+00
1.4591e-04
5.0068e-06
0.0000e+00
9.7036e-05
2.8610e-06
0.0000e+00
9.7036e-05
2.2950e-03
0.0000e+00
6.1989e-05
1.5020e-05
0.0000e+00
5.6028e-05
3.8147e-06
1.4186e-04
9.5367e-07
4.0531e-06
9.4891e-05
1.1921e-06
9.5367e-07
0.0000e+00
5.5790e-05
1.4269e-03
0.0000e+00
1.0109e-04
1.2159e-05
0.0000e+00
6.2943e-05
2.1458e-06
0.0000e+00
5.5075e-05
1.9073e-06
0.0000e+00
5.4121e-05
1.9073e-06
0.0000e+00
5.4121e-05
5.0068e-06
7.8917e-05
9.5367e-07
1.9073e-06
1.0610e-04
0.0000e+00
9.5367e-07
0.0000e+00
5.6028e-05
8.2016e-05
0.0000e+00
5.5075e-05
2.1935e-05
0.0000e+00
5.6982e-05
1.9073e-06
1.5807e-04
9.5367e-07
1.1921e-06
5.0068e-06
9.5367e-07
2.8610e-06
0.0000e+00
5.7936e-05
9.5367e-07
2.8706e-04
0.0000e+00
1.1921e-06
0.0000e+00
5.6028e-05
9.5367e-07
0.0000e+00
5.4121e-05
2.1458e-06
0.0000e+00
5.3883e-05
2.1458e-06
0.0000e+00
5.3883e-05
1.5020e-05
0.0000e+00
7.7009e-05
3.0994e-06
0.0000e+00
5.6028e-05
1.9073e-06
2.3413e-04
0.0000e+00
1.9073e-06
0.0000e+00
5.7220e-05
1.4710e-04
0.0000e+00
5.6028e-05
1.0991e-04
5.0068e-06
9.5367e-07
5.6982e-05
4.0531e-06
0.0000e+00
1.3399e-04
0.0000e+00
5.6028e-05
6.3896e-05
0.0000e+00
5.5075e-05
5.1975e-05
5.9605e-06
9.5367e-07
8.6069e-05
3.0994e-06
9.5367e-07
1.0610e-04
0.0000e+00
5.7936e-05
5.2929e-05
0.0000e+00
5.6028e-05
1.1921e-06
6.9141e-06
0.0000e+00
8.7023e-05
0.0000e+00
5.4836e-05
8.3923e-05
0.0000e+00
5.2929e-05
8.7976e-05
0.0000e+00
5.5790e-05
5.1975e-05
0.0000e+00
5.5075e-05
5.3883e-05
0.0000e+00
7.4863e-05
1.0967e-05
2.2507e-04
1.1921e-06
1.1921e-06
0.0000e+00
5.6028e-05
1.9073e-06
4.0531e-06
0.0000e+00
4.5061e-05
5.9605e-06
1.1921e-06
4.8161e-05
0.0000e+00
5.6028e-05
2.4080e-04
7.8678e-06
1.1921e-06
1.0705e-04
0.0000e+00
5.6028e-05
5.6028e-05
0.0000e+00
5.5075e-05
5.7936e-05
0.0000e+00
5.3883e-05
3.7909e-05
0.0000e+00
5.7220e-05
5.6028e-05
0.0000e+00
5.3883e-05
6.6996e-05
6.9141e-06
9.5367e-07
1.0514e-04
5.9605e-06
9.5367e-07
1.2207e-04
0.0000e+00
5.6982e-05
2.1458e-06
0.0000e+00
5.2929e-05
3.6955e-05
0.0000e+00
5.4836e-05
2.1458e-06
0.0000e+00
5.3883e-05
9.5367e-07
0.0000e+00
5.3883e-05
3.0994e-06
0.0000e+00
5.6028e-05
4.5061e-05
4.0531e-06
0.0000e+00
1.2517e-04
0.0000e+00
5.6028e-05
9.5367e-07
0.0000e+00
6.1035e-05
2.4080e-05
0.0000e+00
5.4836e-05
8.7976e-05
0.0000e+00
5.5075e-05
6.1989e-05
5.0068e-06
1.1921e-06
1.0300e-04
0.0000e+00
5.6028e-05
1.2398e-04
0.0000e+00
7.4863e-05
3.6001e-05
2.6417e-04
9.5367e-07
9.5367e-07
0.0000e+00
5.6982e-05
1.9073e-06
0.0000e+00
5.5075e-05
1.1921e-05
0.0000e+00
5.3883e-05
5.6028e-05
0.0000e+00
5.4121e-05
2.1458e-06
4.0531e-06
9.5367e-07
1.0991e-04
0.0000e+00
5.4836e-05
6.1989e-05
0.0000e+00
5.4121e-05
5.3883e-05
0.0000e+00
5.7936e-05
5.2929e-05
0.0000e+00
6.1989e-05
2.1291e-04
0.0000e+00
5.3883e-05
5.6982e-05
0.0000e+00
5.4121e-05
5.5075e-05
5.9605e-06
9.5367e-07
1.2422e-04
0.0000e+00
5.6028e-05
5.0783e-05
0.0000e+00
5.2929e-05
6.1035e-05
0.0000e+00
5.4121e-05
3.8147e-05
5.9605e-06
9.5367e-07
1.0896e-04
0.0000e+00
5.8889e-05
8.1062e-05
4.0531e-06
9.5367e-07
1.0610e-04
0.0000e+00
5.5075e-05
5.8174e-05
0.0000e+00
5.4121e-05
8.9169e-05
0.0000e+00
5.3883e-05
1.9073e-06
3.8147e-06
1.1921e-06
9.4175e-05
0.0000e+00
5.6028e-05
6.5088e-05
0.0000e+00
5.6028e-05
5.4121e-05
0.0000e+00
7.3910e-05
4.2915e-05
0.0000e+00
5.4836e-05
5.6028e-05
4.0531e-06
0.0000e+00
1.0300e-04
0.0000e+00
5.5075e-05
8.4877e-05
0.0000e+00
5.3883e-05
6.8903e-05
0.0000e+00
5.2929e-05
5.5075e-05
0.0000e+00
6.2943e-05
1.9073e-06
0.0000e+00
5.4836e-05
2.4080e-05
0.0000e+00
7.5102e-05
3.8147e-05
0.0000e+00
5.6028e-05
5.1022e-05
0.0000e+00
5.5075e-05
5.6028e-05
0.0000e+00
5.3883e-05
7.8917e-05
0.0000e+00
5.2929e-05
6.8903e-05
0.0000e+00
5.4836e-05
6.1035e-05
0.0000e+00
6.1035e-05
4.9114e-05
0.0000e+00
5.6028e-05
4.1008e-05
0.0000e+00
5.6982e-05
1.9073e-06
0.0000e+00
5.2929e-05
2.6941e-05
5.0068e-06
0.0000e+00
1.0419e-04
0.0000e+00
5.5075e-05
8.6069e-05
1.0300e-04
0.0000e+00
1.0014e-05
0.0000e+00
5.6028e-05
6.8903e-05
0.0000e+00
6.1989e-05
5.4836e-05
4.7684e-06
0.0000e+00
1.0395e-04
0.0000e+00
5.6028e-05
3.0994e-06
0.0000e+00
5.6982e-05
5.9605e-06
0.0000e+00
5.4121e-05
2.1458e-06
0.0000e+00
5.6982e-05
4.2915e-05
0.0000e+00
5.2929e-05
8.8215e-05
0.0000e+00
5.5075e-05
6.6042e-05
0.0000e+00
5.2929e-05
2.1458e-06
0.0000e+00
6.0081e-05
1.9073e-06
0.0000e+00
7.2956e-05
7.1526e-06
0.0000e+00
5.3883e-05
3.0994e-06
0.0000e+00
5.4121e-05
5.6982e-05
0.0000e+00
5.2929e-05
5.6028e-05
0.0000e+00
5.2929e-05
6.1989e-05
5.0068e-06
0.0000e+00
1.3304e-04
7.1526e-06
9.5367e-07
1.9073e-05
0.0000e+00
5.6028e-05
7.7009e-05
2.2793e-04
9.5367e-07
2.1458e-06
2.5988e-05
9.5367e-07
1.9073e-06
0.0000e+00
5.8889e-05
2.8610e-06
0.0000e+00
5.3883e-05
5.3883e-05
0.0000e+00
5.3883e-05
1.9073e-06
0.0000e+00
5.4836e-05
1.9073e-06
0.0000e+00
5.2929e-05
4.0889e-04
0.0000e+00
5.5075e-05
5.7936e-05
7.1526e-06
9.5367e-07
2.3842e-05
0.0000e+00
5.4836e-05
1.9073e-06
0.0000e+00
7.4863e-05
5.0068e-06
0.0000e+00
5.5075e-05
5.4836e-05
0.0000e+00
5.3883e-05
5.6028e-05
0.0000e+00
5.5075e-05
5.3167e-05
0.0000e+00
5.5075e-05
2.1458e-06
0.0000e+00
5.2929e-05
3.9101e-05
0.0000e+00
6.1989e-05
7.5817e-05
5.0068e-06
9.5367e-07
1.0490e-04
0.0000e+00
7.4863e-05
2.8610e-06
5.9605e-06
9.5367e-07
4.7922e-05
0.0000e+00
5.6028e-05
5.4121e-05
5.0068e-06
0.0000e+00
1.0395e-04
0.0000e+00
5.5790e-05
5.7936e-05
0.0000e+00
5.5075e-05
6.6042e-05
4.0531e-06
0.0000e+00
1.3399e-04
0.0000e+00
5.8174e-05
2.1458e-06
1.8191e-04
9.5367e-07
2.1458e-06
0.0000e+00
5.6028e-05
3.0994e-06
0.0000e+00
5.6982e-05
2.3842e-05
0.0000e+00
5.3883e-05
5.4121e-05
0.0000e+00
5.4121e-05
5.4121e-05
0.0000e+00
5.5075e-05
6.8903e-05
0.0000e+00
5.4121e-05
7.8917e-05
5.0068e-06
1.1921e-06
1.0800e-04
0.0000e+00
5.6028e-05
5.6028e-05
5.0068e-06
9.5367e-07
1.0514e-04
0.0000e+00
7.4148e-05
3.7193e-05
0.0000e+00
5.6982e-05
5.2929e-05
5.0068e-06
1.1921e-06
1.1206e-04
0.0000e+00
5.6028e-05
5.8889e-05
0.0000e+00
6.1989e-05
7.3195e-05
5.0068e-06
9.5367e-07
9.9897e-05
0.0000e+00
5.4836e-05
5.4121e-05
0.0000e+00
5.4121e-05
5.6982e-05
0.0000e+00
5.3883e-05
5.6982e-05
0.0000e+00
7.4148e-05
4.4107e-05
0.0000e+00
5.4121e-05
1.1706e-04
4.0531e-06
0.0000e+00
1.4806e-04
0.0000e+00
5.6028e-05
3.0994e-06
0.0000e+00
5.4836e-05
1.9073e-06
0.0000e+00
5.3883e-05
1.9073e-05
0.0000e+00
5.4121e-05
6.0081e-05
0.0000e+00
5.4121e-05
5.6982e-05
0.0000e+00
7.5102e-05
3.9101e-05
0.0000e+00
5.6028e-05
6.3896e-05
0.0000e+00
5.5075e-05
8.6069e-05
0.0000e+00
5.6028e-05
7.4863e-05
0.0000e+00
5.3883e-05
5.0068e-06
0.0000e+00
5.4121e-05
6.3181e-05
0.0000e+00
5.2929e-05
5.7936e-05
5.0068e-06
9.5367e-07
1.0300e-04
0.0000e+00
7.5102e-05
3.5048e-05
0.0000e+00
5.5075e-05
6.5088e-05
0.0000e+00
5.4121e-05
5.5075e-05
5.0068e-06
9.5367e-07
1.0300e-04
3.8147e-06
9.5367e-07
1.3089e-04
0.0000e+00
5.6028e-05
1.9073e-06
0.0000e+00
5.3883e-05
3.9101e-05
0.0000e+00
5.3883e-05
5.6028e-05
5.9605e-06
0.0000e+00
1.0514e-04
4.0531e-06
9.5367e-07
8.7976e-05
5.0068e-06
0.0000e+00
1.1396e-04
0.0000e+00
5.8889e-05
1.9073e-06
0.0000e+00
5.5075e-05
4.2915e-05
0.0000e+00
5.4121e-05
5.8889e-05
0.0000e+00
5.4836e-05
5.7936e-05
0.0000e+00
5.5075e-05
5.6028e-05
0.0000e+00
5.4121e-05
5.6982e-05
0.0000e+00
5.4836e-05
4.0054e-05
0.0000e+00
5.7220e-05
8.2970e-05
5.9605e-06
1.1921e-06
1.1015e-04
5.0068e-06
9.5367e-07
1.3399e-04
3.0994e-06
0.0000e+00
1.0705e-04
0.0000e+00
5.6028e-05
1.9073e-06
0.0000e+00
5.4836e-05
3.7909e-05
0.0000e+00
5.3883e-05
5.4836e-05
0.0000e+00
5.4836e-05
5.4121e-05
0.0000e+00
5.3883e-05
9.9897e-05
7.8678e-06
0.0000e+00
1.0490e-04
0.0000e+00
5.7936e-05
9.2030e-05
0.0000e+00
5.4836e-05
6.0081e-05
0.0000e+00
5.6028e-05
5.3883e-05
0.0000e+00
5.3883e-05
5.6982e-05
0.0000e+00
5.4121e-05
7.1049e-05
5.0068e-06
9.5367e-07
1.2922e-04
0.0000e+00
5.6982e-05
1.9073e-06
0.0000e+00
5.4836e-05
3.0994e-06
0.0000e+00
5.6982e-05
1.9073e-06
0.0000e+00
5.3883e-05
1.9073e-06
0.0000e+00
5.3883e-05
1.9073e-06
0.0000e+00
5.4121e-05
5.9605e-06
5.0068e-06
9.5367e-07
9.5367e-07
0.0000e+00
5.4836e-05
1.9073e-06
2.5988e-05
9.5367e-07
1.9073e-06
0.0000e+00
5.5075e-05
1.9073e-06
0.0000e+00
7.4148e-05
3.0994e-06
1.3449e-03
9.5367e-07
2.1458e-06
0.0000e+00
6.1035e-05
9.5367e-07
0.0000e+00
5.4121e-05
1.1921e-06
0.0000e+00
5.3883e-05
9.5367e-07
0.0000e+00
5.2929e-05
1.9073e-06
0.0000e+00
5.6028e-05
1.9073e-06
0.0000e+00
5.5075e-05
2.4390e-04
0.0000e+00
7.3195e-05
3.0994e-06
0.0000e+00
5.4121e-05
7.8678e-06
0.0000e+00
5.4836e-05
1.9073e-06
5.0068e-06
9.5367e-07
2.1458e-06
0.0000e+00
5.5075e-05
2.1458e-06
0.0000e+00
5.2929e-05
9.5367e-07
0.0000e+00
5.2929e-05
9.5367e-07
0.0000e+00
5.1975e-05
1.9073e-06
0.0000e+00
7.0810e-05
3.0994e-06
0.0000e+00
5.6028e-05
2.1458e-06
0.0000e+00
5.2929e-05
4.2295e-04
0.0000e+00
5.4836e-05
2.1458e-06
0.0000e+00
5.2929e-05
7.8678e-06
0.0000e+00
5.4836e-05
1.9073e-06
0.0000e+00
5.2929e-05
7.6056e-05
0.0000e+00
5.2929e-05
1.9097e-04
0.0000e+00
5.6028e-05
1.9073e-06
0.0000e+00
5.3167e-05
2.1458e-06
0.0000e+00
5.2929e-05
1.9073e-06
0.0000e+00
5.2214e-05
1.9073e-06
1.0967e-05
9.5367e-07
2.8133e-05
0.0000e+00
5.6982e-05
1.9693e-04
0.0000e+00
5.6028e-05
1.9073e-06
0.0000e+00
5.2929e-05
6.9141e-06
0.0000e+00
7.5102e-05
2.8610e-06
0.0000e+00
5.4836e-05
5.9605e-06
0.0000e+00
5.5075e-05
5.0068e-06
0.0000e+00
5.2929e-05
5.0068e-06
0.0000e+00
5.4121e-05
1.9073e-06
0.0000e+00
5.4121e-05
3.8147e-06
0.0000e+00
5.3883e-05
4.0531e-06
1.4806e-04
1.1921e-06
2.1458e-06
4.1008e-05
9.5367e-07
2.1458e-06
0.0000e+00
5.7936e-05
9.5367e-07
0.0000e+00
5.3883e-05
9.5367e-07
0.0000e+00
5.4121e-05
9.5367e-07
0.0000e+00
5.3167e-05
3.0994e-06
0.0000e+00
5.3883e-05
3.8195e-04
0.0000e+00
6.0797e-05
2.1458e-06
0.0000e+00
5.2929e-05
8.1062e-06
7.8678e-06
1.1921e-06
2.1458e-06
0.0000e+00
5.7936e-05
2.8610e-06
0.0000e+00
5.3883e-05
5.0068e-06
0.0000e+00
5.5075e-05
5.0068e-06
0.0000e+00
5.4121e-05
2.1458e-06
8.1062e-06
9.5367e-07
9.5367e-07
6.4993e-04
9.5367e-07
1.9073e-06
4.0531e-06
9.5367e-07
1.1921e-06
0.0000e+00
5.6028e-05
1.8320e-03
0.0000e+00
5.6028e-05
3.0994e-06
0.0000e+00
5.6028e-05
7.8678e-06
0.0000e+00
5.5075e-05
5.9605e-06
0.0000e+00
5.2929e-05
2.1458e-06
0.0000e+00
5.4121e-05
5.0068e-06
0.0000e+00
5.3883e-05
5.0068e-06
0.0000e+00
5.4121e-05
3.0398e-04
5.0068e-06
9.5367e-07
5.0068e-06
0.0000e+00
6.1989e-05
1.9073e-06
0.0000e+00
7.4863e-05
9.0599e-06
2.1935e-05
9.5367e-07
1.1921e-06
0.0000e+00
5.6982e-05
9.5367e-07
0.0000e+00
5.5075e-05
9.5367e-07
0.0000e+00
5.1975e-05
9.5367e-07
0.0000e+00
5.2929e-05
9.5367e-07
0.0000e+00
5.4121e-05
3.0994e-06
0.0000e+00
5.2929e-05
2.0194e-04
0.0000e+00
7.3910e-05
2.8610e-06
8.8215e-06
1.1921e-06
9.5367e-07
0.0000e+00
6.2943e-05
5.0068e-06
0.0000e+00
5.3167e-05
9.5367e-07
0.0000e+00
5.4121e-05
2.1458e-06
0.0000e+00
5.1975e-05
3.4094e-04
0.0000e+00
5.3883e-05
4.0531e-06
0.0000e+00
5.1975e-05
3.0994e-06
0.0000e+00
7.1049e-05
3.0994e-06
0.0000e+00
5.5075e-05
9.5367e-07
0.0000e+00
5.2929e-05
4.0531e-06
0.0000e+00
6.0081e-05
3.2997e-04
0.0000e+00
5.2929e-05
9.5367e-07
0.0000e+00
5.2929e-05
1.9073e-06
4.0531e-06
0.0000e+00
2.1458e-06
0.0000e+00
5.2929e-05
5.0068e-06
7.2956e-05
0.0000e+00
9.5367e-07
0.0000e+00
5.6982e-05
1.9073e-06
0.0000e+00
5.3167e-05
2.1458e-06
0.0000e+00
5.3167e-05
9.5367e-07
0.0000e+00
5.2929e-05
7.8678e-06
0.0000e+00
5.4836e-05
2.1458e-06
4.5300e-04
9.5367e-07
9.5367e-07
0.0000e+00
5.4836e-05
2.1458e-06
0.0000e+00
5.3883e-05
1.9073e-06
0.0000e+00
5.5790e-05
2.1458e-06
0.0000e+00
5.2929e-05
9.5367e-07
0.0000e+00
5.3167e-05
1.6403e-04
0.0000e+00
6.0081e-05
3.0994e-06
0.0000e+00
5.5075e-05
7.8678e-06
0.0000e+00
5.4836e-05
9.5367e-07
0.0000e+00
5.2929e-05
5.0068e-06
4.0531e-06
9.5367e-07
9.5367e-07
0.0000e+00
7.8201e-05
3.0994e-06
0.0000e+00
5.4121e-05
2.1458e-06
0.0000e+00
5.3883e-05
1.9073e-06
3.8147e-06
0.0000e+00
4.0531e-06
0.0000e+00
5.4121e-05
1.9073e-06
0.0000e+00
5.4121e-05
7.5197e-04
0.0000e+00
5.4121e-05
2.1935e-05
0.0000e+00
5.3167e-05
1.9073e-06
0.0000e+00
7.3910e-05
3.0994e-06
8.8215e-06
9.5367e-07
9.5367e-07
0.0000e+00
5.6028e-05
2.1696e-04
0.0000e+00
5.4836e-05
1.0800e-04
0.0000e+00
5.4121e-05
1.9073e-06
0.0000e+00
5.2929e-05
1.9073e-06
0.0000e+00
5.2929e-05
6.9141e-06
2.5034e-05
0.0000e+00
9.5367e-07
0.0000e+00
5.4121e-05
2.8610e-06
0.0000e+00
5.6028e-05
9.1076e-05
5.0068e-06
9.5367e-07
1.2159e-05
0.0000e+00
5.5075e-05
1.7381e-04
5.0068e-06
9.5367e-07
1.4067e-05
0.0000e+00
5.5075e-05
2.1458e-06
0.0000e+00
5.4121e-05
5.9605e-06
8.1062e-06
9.5367e-07
9.5367e-07
0.0000e+00
5.7936e-05
1.9073e-06
0.0000e+00
5.3883e-05
3.0994e-06
0.0000e+00
5.6028e-05
4.7684e-06
0.0000e+00
5.3883e-05
1.9073e-06
0.0000e+00
5.2929e-05
5.0068e-06
0.0000e+00
5.4121e-05
9.5367e-07
0.0000e+00
5.3883e-05
5.0068e-06
0.0000e+00
5.3167e-05
5.9509e-04
0.0000e+00
5.4121e-05
5.0068e-06
0.0000e+00
7.3910e-05
2.8610e-06
0.0000e+00
5.3883e-05
1.9073e-06
0.0000e+00
5.2929e-05
9.5367e-07
6.9141e-06
9.5367e-07
1.1921e-05
0.0000e+00
5.4121e-05
7.1526e-06
0.0000e+00
6.1989e-05
1.9073e-06
0.0000e+00
5.3883e-05
1.9073e-06
0.0000e+00
5.3883e-05
1.9073e-06
0.0000e+00
7.3195e-05
3.0994e-06
0.0000e+00
5.4121e-05
2.1458e-06
0.0000e+00
5.4121e-05
1.3900e-04
0.0000e+00
5.3883e-05
9.5367e-07
5.8198e-04
9.5367e-07
9.5367e-07
0.0000e+00
5.5075e-05
9.5367e-07
0.0000e+00
5.3167e-05
9.5367e-07
0.0000e+00
5.3883e-05
9.5367e-07
0.0000e+00
5.2929e-05
3.0994e-06
1.0967e-05
9.5367e-07
9.5367e-07
3.5191e-04
9.5367e-07
1.1921e-06
0.0000e+00
6.3896e-05
2.1458e-06
5.9605e-06
0.0000e+00
9.0599e-06
6.9141e-06
0.0000e+00
5.1022e-05
0.0000e+00
5.6982e-05
1.9073e-06
0.0000e+00
5.4121e-05
9.5367e-07
0.0000e+00
5.2929e-05
1.1921e-06
0.0000e+00
5.2929e-05
1.9073e-06
0.0000e+00
7.4148e-05
2.8610e-06
4.0531e-06
1.1921e-06
1.3113e-05
0.0000e+00
5.6028e-05
2.1458e-06
0.0000e+00
5.4121e-05
1.2641e-03
0.0000e+00
6.1035e-05
1.9073e-06
0.0000e+00
5.4836e-05
5.9605e-06
3.6955e-05
9.5367e-07
1.9073e-06
2.8610e-04
1.1921e-06
9.5367e-07
0.0000e+00
5.7936e-05
9.5367e-07
5.0068e-06
9.5367e-07
9.5367e-07
0.0000e+00
5.7936e-05
9.5367e-07
5.9605e-06
9.5367e-07
9.5367e-07
0.0000e+00
5.6982e-05
9.5367e-07
0.0000e+00
5.4121e-05
9.5367e-07
0.0000e+00
5.2929e-05
2.1458e-06
0.0000e+00
5.3883e-05
5.9605e-06
0.0000e+00
6.0797e-05
2.1458e-06
0.0000e+00
5.5075e-05
5.9605e-06
0.0000e+00
7.2956e-05
5.9605e-06
0.0000e+00
5.5075e-05
6.7186e-04
0.0000e+00
6.1035e-05
2.1458e-06
0.0000e+00
5.4121e-05
2.1458e-06
5.0068e-06
9.5367e-07
4.5061e-05
0.0000e+00
5.5075e-05
2.1458e-06
0.0000e+00
5.3167e-05
2.1458e-06
4.3392e-04
1.1921e-06
2.1458e-06
2.8610e-06
0.0000e+00
9.5367e-07
0.0000e+00
7.5102e-05
2.1458e-06
0.0000e+00
5.6028e-05
9.5367e-07
5.0068e-06
9.5367e-07
9.5367e-07
0.0000e+00
6.4135e-05
1.9073e-06
0.0000e+00
5.5075e-05
1.9073e-06
0.0000e+00
5.3167e-05
2.1458e-06
0.0000e+00
5.2929e-05
1.9073e-06
0.0000e+00
5.2929e-05
9.5367e-07
9.0599e-06
9.5367e-07
4.0531e-06
0.0000e+00
5.6982e-05
1.9073e-06
5.4908e-04
9.5367e-07
1.9073e-06
0.0000e+00
5.7936e-05
9.5367e-07
0.0000e+00
5.2929e-05
1.9073e-06
0.0000e+00
5.2929e-05
9.5367e-07
0.0000e+00
5.4121e-05
2.1458e-06
0.0000e+00
5.2929e-05
1.9073e-06
0.0000e+00
5.1975e-05
1.9073e-06
4.0531e-06
0.0000e+00
2.8610e-06
0.0000e+00
5.6982e-05
2.1458e-06
0.0000e+00
5.4121e-05
2.1458e-06
0.0000e+00
5.3883e-05
1.9073e-06
0.0000e+00
5.3883e-05
9.5367e-07
0.0000e+00
5.4121e-05
9.5367e-07
0.0000e+00
5.4121e-05
1.1921e-06
0.0000e+00
6.1035e-05
3.0994e-06
0.0000e+00
5.6028e-05
1.9073e-06
0.0000e+00
5.4121e-05
9.5367e-07
9.0599e-06
9.5367e-07
2.0027e-05
0.0000e+00
5.5075e-05
1.9073e-06
8.4710e-04
9.5367e-07
2.1458e-06
0.0000e+00
5.6028e-05
9.5367e-07
0.0000e+00
5.5075e-05
9.5367e-07
0.0000e+00
5.5075e-05
2.1458e-06
0.0000e+00
7.2956e-05
9.5367e-07
0.0000e+00
5.6982e-05
2.1458e-06
0.0000e+00
5.3883e-05
3.3498e-04
0.0000e+00
6.1989e-05
2.1458e-06
0.0000e+00
5.2929e-05
1.9073e-06
0.0000e+00
5.3883e-05
1.9073e-06
0.0000e+00
5.1975e-05
2.1458e-06
1.9693e-04
9.5367e-07
9.5367e-07
0.0000e+00
5.6028e-05
1.9073e-06
0.0000e+00
5.6028e-05
6.9141e-05
0.0000e+00
5.2929e-05
1.6928e-05
0.0000e+00
5.5075e-05
2.1458e-06
0.0000e+00
5.2929e-05
1.9073e-06
2.1935e-05
9.5367e-07
9.5367e-07
0.0000e+00
6.1989e-05
1.9073e-06
0.0000e+00
5.4121e-05
9.5367e-07
0.0000e+00
5.5075e-05
1.9073e-06
0.0000e+00
5.4836e-05
3.3212e-04
0.0000e+00
5.4121e-05
1.2517e-04
0.0000e+00
5.3883e-05
5.0068e-06
0.0000e+00
5.5075e-05
4.6968e-05
0.0000e+00
5.5075e-05
3.0041e-05
4.0531e-06
9.5367e-07
2.1935e-05
4.0531e-06
9.5367e-07
5.9605e-06
0.0000e+00
5.4836e-05
1.9073e-06
0.0000e+00
7.3910e-05
2.8610e-06
0.0000e+00
5.3883e-05
2.6393e-04
0.0000e+00
5.3883e-05
1.9073e-06
0.0000e+00
5.5790e-05
1.2708e-04
1.0014e-05
0.0000e+00
4.1008e-05
0.0000e+00
5.6028e-05
2.1458e-06
4.0531e-06
9.5367e-07
6.9141e-06
0.0000e+00
5.5075e-05
1.6928e-05
5.8889e-05
9.5367e-07
2.1458e-06
0.0000e+00
7.2002e-05
3.0994e-06
0.0000e+00
5.5075e-05
1.9073e-06
0.0000e+00
5.1975e-05
2.1458e-06
3.9506e-04
0.0000e+00
1.9073e-06
0.0000e+00
6.2943e-05
1.1921e-06
5.0068e-06
0.0000e+00
1.0967e-05
0.0000e+00
5.6028e-05
1.9073e-06
0.0000e+00
5.4836e-05
2.8610e-06
0.0000e+00
5.2929e-05
5.0068e-06
0.0000e+00
7.5102e-05
3.0994e-06
0.0000e+00
5.4121e-05
2.1458e-06
0.0000e+00
5.2929e-05
1.9073e-06
0.0000e+00
5.2929e-05
9.5367e-07
0.0000e+00
5.1975e-05
2.1458e-06
0.0000e+00
5.1975e-05
1.4687e-04
0.0000e+00
5.3883e-05
1.9073e-06
0.0000e+00
6.1035e-05
3.5310e-04
0.0000e+00
5.6982e-05
4.1986e-04
0.0000e+00
5.3883e-05
9.0599e-06
0.0000e+00
6.1989e-05
1.3828e-05
4.0531e-06
0.0000e+00
5.1022e-05
0.0000e+00
5.5075e-05
2.1458e-06
0.0000e+00
5.2929e-05
1.9073e-06
0.0000e+00
5.1975e-05
2.1458e-06
3.3307e-04
0.0000e+00
9.5367e-07
0.0000e+00
7.2956e-05
9.5367e-07
0.0000e+00
5.4121e-05
9.5367e-07
0.0000e+00
5.3883e-05
1.9073e-06
1.6284e-04
9.5367e-07
1.1921e-06
4.0531e-06
9.5367e-07
9.5367e-07
4.0531e-06
1.1921e-06
9.5367e-07
3.8147e-06
9.5367e-07
9.5367e-07
0.0000e+00
5.6028e-05
9.5367e-07
0.0000e+00
5.4121e-05
1.1921e-06
4.0531e-06
9.5367e-07
1.9073e-06
0.0000e+00
7.2956e-05
4.0531e-06
0.0000e+00
5.5790e-05
3.0994e-06
0.0000e+00
5.3883e-05
3.0994e-06
1.4305e-04
9.5367e-07
9.5367e-07
0.0000e+00
5.6028e-05
2.8610e-06
0.0000e+00
5.3883e-05
5.9605e-06
0.0000e+00
5.1975e-05
8.0109e-04
1.5974e-05
1.1921e-06
4.0054e-05
3.0994e-06
0.0000e+00
6.6996e-05
1.0014e-05
9.5367e-07
5.4121e-05
0.0000e+00
7.6056e-05
2.8610e-06
0.0000e+00
5.4836e-05
1.9073e-06
0.0000e+00
5.3883e-05
1.9073e-06
0.0000e+00
5.2929e-05
1.9073e-06
0.0000e+00
5.3167e-05
1.4710e-04
0.0000e+00
5.4121e-05
2.1458e-06
0.0000e+00
5.2929e-05
1.0014e-05
0.0000e+00
5.4121e-05
1.2159e-05
0.0000e+00
5.6982e-05
1.0300e-04
0.0000e+00
6.1989e-05
1.9073e-06
0.0000e+00
5.3883e-05
1.9073e-06
0.0000e+00
5.2929e-05
1.9073e-06
0.0000e+00
5.2929e-05
1.9073e-06
0.0000e+00
5.3167e-05
1.5020e-04
0.0000e+00
5.2929e-05
5.0068e-06
2.2793e-04
0.0000e+00
1.9073e-06
0.0000e+00
5.6982e-05
2.1458e-06
0.0000e+00
5.3883e-05
1.9073e-06
0.0000e+00
6.1989e-05
2.8610e-06
0.0000e+00
5.4121e-05
1.9073e-06
0.0000e+00
5.3167e-05
1.5616e-04
0.0000e+00
5.4121e-05
9.5367e-07
0.0000e+00
5.2929e-05
1.9073e-06
0.0000e+00
6.8188e-05
3.0994e-06
0.0000e+00
5.5075e-05
1.9073e-06
4.0531e-06
9.5367e-07
3.0994e-06
4.8494e-04
9.5367e-07
1.9073e-06
0.0000e+00
5.6982e-05
1.9073e-06
4.0531e-06
1.1921e-06
1.1921e-06
0.0000e+00
5.3883e-05
2.1458e-06
0.0000e+00
5.3883e-05
2.1458e-06
0.0000e+00
5.1975e-05
1.9073e-06
0.0000e+00
5.2929e-05
3.0994e-06
0.0000e+00
5.6028e-05
1.9073e-06
4.0531e-06
0.0000e+00
2.5988e-05
0.0000e+00
5.5075e-05
3.8147e-06
0.0000e+00
5.1975e-05
2.1458e-06
0.0000e+00
5.1975e-05
1.9073e-06
0.0000e+00
5.2929e-05
2.1458e-06
5.0068e-06
0.0000e+00
3.5048e-05
0.0000e+00
5.6028e-05
1.9073e-06
0.0000e+00
7.2956e-05
2.8610e-06
0.0000e+00
5.3883e-05
1.9073e-06
0.0000e+00
5.4121e-05
1.9073e-06
0.0000e+00
5.4121e-05
2.1458e-06
0.0000e+00
5.2929e-05
1.9073e-06
0.0000e+00
5.1975e-05
1.9073e-06
0.0000e+00
5.3167e-05
2.1458e-06
0.0000e+00
5.2929e-05
3.0994e-06
0.0000e+00
5.5075e-05
3.5048e-05
0.0000e+00
5.2929e-05
2.1458e-06
0.0000e+00
5.2929e-05
8.7190e-04
0.0000e+00
5.4836e-05
2.1458e-06
0.0000e+00
5.3883e-05
2.1458e-06
0.0000e+00
6.0081e-05
2.1458e-06
0.0000e+00
5.4121e-05
1.1921e-06
1.6403e-04
9.5367e-07
1.1921e-06
0.0000e+00
5.6028e-05
1.9073e-06
0.0000e+00
5.4121e-05
9.5367e-07
0.0000e+00
5.3883e-05
2.1458e-06
0.0000e+00
5.3883e-05
1.9073e-06
0.0000e+00
5.2929e-05
1.9073e-06
0.0000e+00
5.2929e-05
2.1458e-06
0.0000e+00
5.2929e-05
3.0994e-06
0.0000e+00
6.7949e-05
2.8610e-06
0.0000e+00
5.6028e-05
1.1921e-06
0.0000e+00
6.1989e-05
1.9073e-06
1.0014e-05
9.5367e-07
9.5367e-07
0.0000e+00
5.4121e-05
2.1458e-06
0.0000e+00
5.4121e-05
7.8321e-04
0.0000e+00
5.5075e-05
1.9073e-06
5.0068e-06
1.1921e-06
1.1921e-06
0.0000e+00
5.3883e-05
2.1458e-06
0.0000e+00
7.2002e-05
3.0994e-06
0.0000e+00
5.6028e-05
1.9073e-06
0.0000e+00
5.4121e-05
1.9073e-06
0.0000e+00
5.4121e-05
2.6178e-04
0.0000e+00
5.3883e-05
1.9073e-06
0.0000e+00
5.3883e-05
1.9073e-06
0.0000e+00
5.4121e-05
9.5367e-07
0.0000e+00
6.1035e-05
3.0994e-06
2.5201e-04
9.5367e-07
9.5367e-07
0.0000e+00
5.6982e-05
1.9073e-06
0.0000e+00
5.5075e-05
9.5367e-07
0.0000e+00
5.4121e-05
9.5367e-07
2.5892e-04
0.0000e+00
1.1921e-06
0.0000e+00
5.4836e-05
1.9073e-06
0.0000e+00
5.2929e-05
1.9073e-06
0.0000e+00
6.2227e-05
3.0994e-06
0.0000e+00
7.6056e-05
2.8610e-06
0.0000e+00
5.5075e-05
2.8610e-06
0.0000e+00
5.3883e-05
1.9073e-06
0.0000e+00
5.3883e-05
1.9073e-06
0.0000e+00
5.4121e-05
1.9073e-06
0.0000e+00
5.4121e-05
2.1458e-06
0.0000e+00
5.5075e-05
2.1815e-04
0.0000e+00
5.4121e-05
2.1458e-06
0.0000e+00
7.2956e-05
1.9073e-06
0.0000e+00
6.1989e-05
2.1458e-06
0.0000e+00
5.5075e-05
4.9186e-04
0.0000e+00
5.3883e-05
1.9073e-06
0.0000e+00
5.4121e-05
1.9073e-06
0.0000e+00
5.4121e-05
2.1458e-06
0.0000e+00
5.3883e-05
2.1458e-06
0.0000e+00
5.2929e-05
2.1458e-06
0.0000e+00
6.4135e-05
6.1989e-06
0.0000e+00
5.5075e-05
3.0613e-04
0.0000e+00
5.4121e-05
2.8610e-06
0.0000e+00
5.4121e-05
1.9073e-06
0.0000e+00
5.4121e-05
2.1458e-06
0.0000e+00
5.3167e-05
3.0994e-06
0.0000e+00
5.4121e-05
2.0981e-05
0.0000e+00
7.1049e-05
1.0896e-04
0.0000e+00
5.5075e-05
1.9073e-06
0.0000e+00
5.3883e-05
1.9073e-06
0.0000e+00
5.3883e-05
9.5367e-07
0.0000e+00
5.2929e-05
2.8610e-06
0.0000e+00
5.2929e-05
2.0099e-04
0.0000e+00
5.4121e-05
1.0967e-05
8.2970e-05
9.5367e-07
1.9073e-06
0.0000e+00
7.5102e-05
2.8610e-06
4.0531e-06
1.1921e-06
2.0027e-05
0.0000e+00
5.6982e-05
1.1897e-04
0.0000e+00
5.4836e-05
1.9073e-06
0.0000e+00
5.3883e-05
1.9073e-06
0.0000e+00
5.3883e-05
1.9073e-06
0.0000e+00
5.4121e-05
1.9073e-06
0.0000e+00
5.4121e-05
1.8001e-04
0.0000e+00
6.9857e-05
2.1458e-06
5.6982e-05
1.1921e-06
2.1458e-06
0.0000e+00
5.7936e-05
9.5367e-07
0.0000e+00
5.3883e-05
9.5367e-07
1.2207e-04
1.1921e-06
1.1921e-06
0.0000e+00
5.6028e-05
2.8610e-06
3.0994e-06
0.0000e+00
1.0014e-05
0.0000e+00
5.5075e-05
1.9073e-05
0.0000e+00
5.3883e-05
5.0068e-06
0.0000e+00
5.4121e-05
3.0994e-06
0.0000e+00
5.6982e-05
2.3890e-04
0.0000e+00
5.4836e-05
9.5367e-07
0.0000e+00
5.3883e-05
9.5367e-07
2.8086e-04
9.5367e-07
1.9073e-06
0.0000e+00
5.6028e-05
9.5367e-07
0.0000e+00
5.4121e-05
1.7405e-04
4.0531e-06
0.0000e+00
5.9605e-06
0.0000e+00
5.5075e-05
9.5367e-07
0.0000e+00
7.4148e-05
3.0994e-06
0.0000e+00
5.6028e-05
9.5367e-07
3.8147e-06
0.0000e+00
1.1921e-06
3.0994e-06
9.5367e-07
1.9073e-06
0.0000e+00
5.5075e-05
2.8610e-06
0.0000e+00
5.2929e-05
1.0014e-05
0.0000e+00
6.1989e-05
3.5787e-04
0.0000e+00
5.4836e-05
2.1458e-06
0.0000e+00
5.3883e-05
4.0531e-06
0.0000e+00
5.5790e-05
2.1458e-06
0.0000e+00
5.3883e-05
1.9073e-06
3.7384e-04
9.5367e-07
1.9073e-06
4.0531e-06
9.5367e-07
1.9073e-06
0.0000e+00
5.5790e-05
8.2016e-05
0.0000e+00
5.5075e-05
9.5367e-07
0.0000e+00
5.4121e-05
2.1458e-06
0.0000e+00
5.2929e-05
1.9073e-06
0.0000e+00
7.3910e-05
1.9073e-06
0.0000e+00
5.5075e-05
1.9073e-06
0.0000e+00
5.4121e-05
1.9073e-06
0.0000e+00
5.2929e-05
2.1458e-06
0.0000e+00
5.3883e-05
1.9073e-06
0.0000e+00
5.4121e-05
9.5367e-07
3.2210e-04
1.1921e-06
2.1458e-06
0.0000e+00
5.6028e-05
1.1921e-06
4.0531e-06
9.5367e-07
9.5367e-07
0.0000e+00
5.8174e-05
1.1921e-06
8.7023e-05
9.5367e-07
9.5367e-07
3.8195e-04
9.5367e-07
9.5367e-07
0.0000e+00
5.4836e-05
9.5367e-07
0.0000e+00
5.3167e-05
1.1921e-06
0.0000e+00
5.2929e-05
6.8903e-05
0.0000e+00
5.3883e-05
2.8610e-06
3.8147e-06
0.0000e+00
9.5367e-07
9.0599e-06
0.0000e+00
9.5367e-07
0.0000e+00
5.5075e-05
3.0994e-06
0.0000e+00
5.6028e-05
9.5367e-07
0.0000e+00
5.2929e-05
2.1458e-06
4.5991e-04
9.5367e-07
1.1921e-06
0.0000e+00
5.6982e-05
9.5367e-07
1.0705e-04
9.5367e-07
9.5367e-07
0.0000e+00
5.3883e-05
1.9073e-06
0.0000e+00
5.4121e-05
9.5367e-07
0.0000e+00
5.3167e-05
9.5367e-07
3.6001e-04
9.5367e-07
2.1458e-06
0.0000e+00
5.7936e-05
9.5367e-07
0.0000e+00
5.4121e-05
2.1458e-06
0.0000e+00
5.2929e-05
1.9073e-06
5.0068e-06
0.0000e+00
9.0599e-06
0.0000e+00
5.5075e-05
4.0531e-06
0.0000e+00
5.3883e-05
1.9073e-06
0.0000e+00
5.6028e-05
2.3699e-04
0.0000e+00
5.4121e-05
6.1989e-06
5.0068e-06
9.5367e-07
1.0014e-05
0.0000e+00
5.7936e-05
2.1458e-06
0.0000e+00
5.3883e-05
1.9073e-06
0.0000e+00
5.2929e-05
2.1696e-04
3.8147e-06
9.5367e-07
5.1975e-05
4.0531e-06
9.5367e-07
6.9141e-06
0.0000e+00
5.5075e-05
1.9073e-06
0.0000e+00
5.3883e-05
1.9073e-06
0.0000e+00
5.5075e-05
3.8147e-06
0.0000e+00
7.3910e-05
1.9073e-06
0.0000e+00
5.6028e-05
2.1458e-06
0.0000e+00
5.3883e-05
9.5367e-07
0.0000e+00
5.3883e-05
9.5367e-07
0.0000e+00
5.3167e-05
5.3000e-04
0.0000e+00
5.6982e-05
2.1458e-06
0.0000e+00
5.4121e-05
2.1458e-06
6.2943e-05
0.0000e+00
2.1458e-06
5.1022e-05
9.5367e-07
9.5367e-07
0.0000e+00
5.9128e-05
1.1921e-06
0.0000e+00
5.4121e-05
9.5367e-07
0.0000e+00
5.5075e-05
3.0994e-06
0.0000e+00
6.1035e-05
2.8610e-06
5.0068e-06
9.5367e-07
1.1921e-06
0.0000e+00
5.5075e-05
5.0068e-05
0.0000e+00
5.4121e-05
1.9073e-06
0.0000e+00
5.4121e-05
2.8610e-06
0.0000e+00
7.3910e-05
2.8610e-06
5.0068e-06
9.5367e-07
4.9114e-05
0.0000e+00
5.6028e-05
1.1110e-04
0.0000e+00
5.4121e-05
2.1458e-06
0.0000e+00
5.4121e-05
2.0981e-05
0.0000e+00
5.2929e-05
6.4707e-04
0.0000e+00
5.2929e-05
5.0068e-06
0.0000e+00
5.3883e-05
1.9073e-06
4.0531e-06
9.5367e-07
4.5061e-05
0.0000e+00
5.7936e-05
1.9073e-06
0.0000e+00
5.5075e-05
4.0531e-06
0.0000e+00
6.1989e-05
3.6383e-04
0.0000e+00
5.4836e-05
1.9073e-06
0.0000e+00
5.3883e-05
1.9073e-06
3.8147e-06
9.5367e-07
5.0068e-05
0.0000e+00
5.5075e-05
1.9073e-06
0.0000e+00
5.3883e-05
2.1458e-06
4.0531e-06
9.5367e-07
3.0994e-06
0.0000e+00
5.6982e-05
1.9073e-06
3.0994e-06
0.0000e+00
3.0994e-06
0.0000e+00
5.4121e-05
4.5061e-05
0.0000e+00
5.4836e-05
4.7302e-04
1.2493e-04
9.5367e-07
1.9073e-06
4.0531e-06
9.5367e-07
0.0000e+00
0.0000e+00
5.5075e-05
1.9073e-06
0.0000e+00
5.3883e-05
1.9073e-06
0.0000e+00
7.0095e-05
3.0994e-06
0.0000e+00
6.4850e-05
1.9073e-06
0.0000e+00
5.5075e-05
9.5367e-07
0.0000e+00
5.3883e-05
3.2091e-04
0.0000e+00
5.5075e-05
1.9073e-06
0.0000e+00
5.2929e-05
2.8610e-06
4.0531e-06
1.1921e-06
2.1458e-06
0.0000e+00
5.3883e-05
1.9073e-06
0.0000e+00
5.2929e-05
3.0994e-06
0.0000e+00
5.6028e-05
1.9073e-06
0.0000e+00
5.3167e-05
2.1458e-06
0.0000e+00
6.1035e-05
2.8610e-06
5.0068e-06
9.5367e-07
9.5367e-07
0.0000e+00
5.5075e-05
9.5367e-07
4.0531e-06
9.5367e-07
4.0531e-06
0.0000e+00
5.5075e-05
2.8610e-06
0.0000e+00
5.6028e-05
1.9073e-05
0.0000e+00
7.3910e-05
6.8688e-04
0.0000e+00
5.6982e-05
1.9073e-06
0.0000e+00
5.5075e-05
1.6284e-04
0.0000e+00
5.3883e-05
2.8610e-06
0.0000e+00
5.2929e-05
1.9073e-06
0.0000e+00
5.3167e-05
2.1458e-06
0.0000e+00
5.4121e-05
1.9073e-06
0.0000e+00
5.3883e-05
2.8610e-06
0.0000e+00
5.6982e-05
2.1458e-06
0.0000e+00
5.4836e-05
2.1458e-06
0.0000e+00
6.0081e-05
3.0994e-06
0.0000e+00
5.5075e-05
9.5367e-07
0.0000e+00
5.4121e-05
3.0613e-04
5.0068e-06
9.5367e-07
5.1975e-05
0.0000e+00
5.4836e-05
1.9073e-06
0.0000e+00
5.3883e-05
8.7976e-05
0.0000e+00
5.7220e-05
9.5367e-07
0.0000e+00
5.3883e-05
4.0531e-06
3.9411e-04
0.0000e+00
9.5367e-07
0.0000e+00
5.6028e-05
9.5367e-07
0.0000e+00
5.3883e-05
1.9073e-06
0.0000e+00
5.4121e-05
9.5367e-07
0.0000e+00
5.4121e-05
2.1458e-06
0.0000e+00
5.4121e-05
2.1458e-06
0.0000e+00
7.4148e-05
3.0994e-06
0.0000e+00
5.4121e-05
1.9073e-06
0.0000e+00
5.4121e-05
2.1458e-06
0.0000e+00
6.1035e-05
2.5702e-04
0.0000e+00
5.6028e-05
4.0531e-06
0.0000e+00
5.2929e-05
1.9073e-06
7.1526e-06
9.5367e-07
4.6968e-05
0.0000e+00
5.5075e-05
1.9073e-06
0.0000e+00
7.3195e-05
1.5712e-04
0.0000e+00
5.5075e-05
1.9073e-06
0.0000e+00
5.3883e-05
1.9073e-06
4.7684e-06
9.5367e-07
9.5367e-07
0.0000e+00
5.4836e-05
2.1458e-06
0.0000e+00
5.5075e-05
3.8314e-04
4.0531e-06
9.5367e-07
6.9141e-06
3.8147e-06
0.0000e+00
7.1526e-06
0.0000e+00
5.4121e-05
2.1458e-06
4.0531e-06
9.5367e-07
2.1458e-06
0.0000e+00
5.6982e-05
1.9073e-06
0.0000e+00
5.4121e-05
1.9073e-06
0.0000e+00
5.3167e-05
2.1458e-06
0.0000e+00
5.3883e-05
2.1458e-06
0.0000e+00
6.1989e-05
2.1458e-06
0.0000e+00
5.5075e-05
1.9073e-06
0.0000e+00
5.3167e-05
3.7599e-04
0.0000e+00
7.2956e-05
1.9073e-06
0.0000e+00
5.3883e-05
1.9073e-06
0.0000e+00
5.2929e-05
3.3998e-04
0.0000e+00
5.5075e-05
2.8610e-06
4.0531e-06
9.5367e-07
5.4121e-05
3.8147e-06
9.5367e-07
5.0783e-05
0.0000e+00
5.7936e-05
1.9073e-06
0.0000e+00
5.4121e-05
2.1458e-06
0.0000e+00
5.3167e-05
2.8610e-06
0.0000e+00
5.5790e-05
2.1458e-06
0.0000e+00
5.4836e-05
2.1458e-06
0.0000e+00
5.4836e-05
1.9073e-06
3.7885e-04
9.5367e-07
1.1921e-06
0.0000e+00
5.6028e-05
9.5367e-07
0.0000e+00
5.1975e-05
1.9073e-06
0.0000e+00
5.3883e-05
1.9073e-06
5.0068e-06
1.1921e-06
1.1921e-06
0.0000e+00
7.4863e-05
3.0994e-06
5.9605e-06
1.1921e-06
9.5367e-07
0.0000e+00
5.6982e-05
1.9073e-06
0.0000e+00
5.4121e-05
9.5367e-07
0.0000e+00
5.4121e-05
5.3000e-04
9.8944e-05
1.1921e-06
9.5367e-07
0.0000e+00
5.6982e-05
1.9073e-06
0.0000e+00
5.5075e-05
1.9073e-06
0.0000e+00
5.4121e-05
9.5367e-07
0.0000e+00
7.7963e-05
3.0994e-06
0.0000e+00
5.4121e-05
2.1458e-06
0.0000e+00
5.3883e-05
9.5367e-07
0.0000e+00
5.3883e-05
2.1458e-06
0.0000e+00
5.5075e-05
3.0041e-05
5.0068e-06
9.5367e-07
8.8215e-06
0.0000e+00
5.5075e-05
1.9073e-06
0.0000e+00
5.2929e-05
3.8147e-06
0.0000e+00
7.4863e-05
3.0994e-06
0.0000e+00
5.6028e-05
2.1458e-06
0.0000e+00
5.2929e-05
4.6396e-04
0.0000e+00
6.2943e-05
1.9073e-06
0.0000e+00
5.4121e-05
9.5367e-07
0.0000e+00
5.4121e-05
1.1921e-06
0.0000e+00
5.5075e-05
1.1921e-06
0.0000e+00
5.3883e-05
1.7095e-04
5.0068e-06
9.5367e-07
4.0531e-06
0.0000e+00
5.6982e-05
7.1526e-06
0.0000e+00
5.4836e-05
2.1458e-06
0.0000e+00
5.3883e-05
2.0027e-05
0.0000e+00
5.4121e-05
2.1458e-06
5.0068e-06
9.5367e-07
5.0068e-06
0.0000e+00
5.4121e-05
4.8614e-04
0.0000e+00
5.5075e-05
1.9073e-06
0.0000e+00
7.5817e-05
4.0531e-06
0.0000e+00
5.4121e-05
1.9073e-06
0.0000e+00
5.3167e-05
3.0994e-06
0.0000e+00
5.4121e-05
1.1921e-06
0.0000e+00
5.1975e-05
2.7585e-04
0.0000e+00
5.5075e-05
4.0531e-06
0.0000e+00
5.4121e-05
5.3883e-05
0.0000e+00
5.5075e-05
1.9073e-06
0.0000e+00
5.6982e-05
2.1458e-06
0.0000e+00
5.4121e-05
9.5367e-07
0.0000e+00
5.3883e-05
9.5367e-07
0.0000e+00
5.3883e-05
1.9073e-06
0.0000e+00
5.5075e-05
2.4796e-04
5.0068e-06
9.5367e-07
5.3883e-05
0.0000e+00
5.6028e-05
3.5048e-05
3.0041e-05
9.5367e-07
9.5367e-07
3.8147e-06
0.0000e+00
2.1935e-05
0.0000e+00
5.7936e-05
1.9073e-06
0.0000e+00
5.4121e-05
2.5797e-04
0.0000e+00
5.4836e-05
1.9073e-06
0.0000e+00
5.3883e-05
1.1897e-04
0.0000e+00
5.5075e-05
2.0027e-05
5.3883e-05
9.5367e-07
4.0531e-06
0.0000e+00
5.3883e-05
1.9073e-06
4.0531e-06
1.1921e-06
1.5974e-05
5.7936e-05
9.5367e-07
2.1458e-06
5.0068e-06
9.5367e-07
1.4067e-05
5.1975e-05
9.5367e-07
1.1921e-06
5.5075e-05
9.5367e-07
9.5367e-07
0.0000e+00
5.8174e-05
2.1458e-06
0.0000e+00
5.5075e-05
1.1921e-05
0.0000e+00
5.2929e-05
5.0068e-06
4.0531e-06
0.0000e+00
5.1022e-05
0.0000e+00
5.3883e-05
3.4595e-04
0.0000e+00
5.5075e-05
2.1458e-06
0.0000e+00
6.9141e-05
3.0994e-06
0.0000e+00
5.6982e-05
2.1505e-04
0.0000e+00
5.4121e-05
2.1458e-06
6.9141e-06
1.1921e-06
6.6996e-05
0.0000e+00
5.4836e-05
1.1921e-05
0.0000e+00
5.5075e-05
2.1458e-06
0.0000e+00
5.2929e-05
1.9073e-06
3.8862e-05
1.1921e-06
1.0967e-05
3.7909e-05
9.5367e-07
1.5020e-05
0.0000e+00
5.5790e-05
1.9073e-06
0.0000e+00
5.7220e-05
1.4210e-04
6.5088e-05
0.0000e+00
1.9073e-06
0.0000e+00
5.6028e-05
9.5367e-07
4.3797e-04
9.5367e-07
9.5367e-07
0.0000e+00
5.5075e-05
1.9073e-06
0.0000e+00
5.4121e-05
9.5367e-07
0.0000e+00
5.3883e-05
2.1458e-06
0.0000e+00
5.2929e-05
9.5367e-07
0.0000e+00
8.1062e-05
2.8610e-06
4.3583e-04
9.5367e-07
1.9073e-06
0.0000e+00
5.6982e-05
1.1921e-06
0.0000e+00
5.3883e-05
6.5088e-05
0.0000e+00
5.3883e-05
3.0994e-06
0.0000e+00
5.4121e-05
2.1458e-06
0.0000e+00
5.3883e-05
1.9073e-06
5.3883e-05
9.5367e-07
2.1458e-06
0.0000e+00
5.6028e-05
2.8610e-06
0.0000e+00
5.6028e-05
2.1458e-06
4.0531e-06
0.0000e+00
2.8610e-06
0.0000e+00
5.5075e-05
8.1062e-06
0.0000e+00
5.2929e-05
3.0994e-06
0.0000e+00
5.2929e-05
1.0967e-05
2.6941e-05
0.0000e+00
2.0027e-05
0.0000e+00
5.6028e-05
2.8610e-06
0.0000e+00
5.3883e-05
1.9073e-06
0.0000e+00
7.2002e-05
2.1458e-06
0.0000e+00
5.6028e-05
1.9073e-06
5.0068e-06
1.1921e-06
1.3113e-05
0.0000e+00
5.5075e-05
1.1470e-03
0.0000e+00
5.5075e-05
1.9073e-06
0.0000e+00
5.4121e-05
3.0994e-06
0.0000e+00
5.4121e-05
1.1921e-06
0.0000e+00
5.4121e-05
2.1458e-06
0.0000e+00
5.6982e-05
4.0531e-06
0.0000e+00
6.3896e-05
1.0514e-04
0.0000e+00
5.3883e-05
1.9073e-06
0.0000e+00
5.3883e-05
2.1458e-06
2.9302e-04
9.5367e-07
9.5367e-07
0.0000e+00
5.4836e-05
1.9073e-06
3.8147e-06
9.5367e-07
1.1921e-06
0.0000e+00
5.3883e-05
1.3338e-01
