7.2689e-03
4.6968e-05
0.0000e+00
1.5306e-04
2.1935e-05
0.0000e+00
9.2983e-05
8.8215e-06
0.0000e+00
9.7990e-05
8.1062e-06
1.7099e-03
2.1458e-06
6.9141e-06
0.0000e+00
1.0204e-04
2.1458e-06
0.0000e+00
9.6083e-05
2.1458e-06
0.0000e+00
9.5129e-05
1.9073e-06
0.0000e+00
9.2983e-05
2.8610e-06
0.0000e+00
1.0014e-04
2.8610e-06
0.0000e+00
1.0705e-04
1.9073e-06
0.0000e+00
9.3937e-05
1.1911e-03
0.0000e+00
9.8228e-05
3.0994e-06
0.0000e+00
9.7990e-05
3.8147e-06
7.8678e-06
1.9073e-06
3.0994e-06
0.0000e+00
9.3937e-05
4.0531e-06
0.0000e+00
9.3937e-05
4.0531e-06
6.9141e-06
2.1458e-06
1.0967e-05
1.5116e-04
2.1458e-06
3.0994e-06
0.0000e+00
9.7990e-05
3.0994e-06
0.0000e+00
9.2983e-05
2.8610e-06
0.0000e+00
9.2983e-05
9.7752e-06
0.0000e+00
9.5129e-05
9.0599e-06
0.0000e+00
9.5129e-05
2.8610e-06
5.3883e-05
1.9073e-06
3.0994e-06
0.0000e+00
1.9121e-04
5.0068e-06
0.0000e+00
1.0705e-04
5.0068e-06
0.0000e+00
9.7036e-05
1.2875e-05
9.7752e-06
9.5367e-07
7.1526e-06
0.0000e+00
9.8944e-05
6.9141e-06
0.0000e+00
9.4891e-05
3.0994e-06
7.1526e-06
9.5367e-07
6.9141e-06
0.0000e+00
9.3937e-05
2.8610e-06
0.0000e+00
1.0586e-04
5.0068e-06
0.0000e+00
1.2302e-04
5.0068e-06
0.0000e+00
9.7990e-05
3.0994e-06
0.0000e+00
9.7036e-05
3.0994e-06
0.0000e+00
9.4891e-05
3.0994e-06
8.1062e-06
9.5367e-07
1.9073e-06
0.0000e+00
9.4891e-05
4.0531e-06
0.0000e+00
9.3222e-05
3.8147e-06
0.0000e+00
1.2994e-04
8.1062e-06
0.0000e+00
1.4687e-04
5.0068e-06
0.0000e+00
1.0109e-04
1.4067e-05
0.0000e+00
9.7990e-05
4.0531e-06
0.0000e+00
9.4175e-05
7.8678e-06
0.0000e+00
9.8944e-05
3.0994e-06
0.0000e+00
9.7036e-05
6.9141e-06
0.0000e+00
9.7036e-05
4.0531e-06
0.0000e+00
1.0705e-04
8.1062e-06
1.2159e-05
9.5367e-07
4.0531e-06
0.0000e+00
9.5129e-05
2.8610e-06
0.0000e+00
9.2030e-05
1.9073e-06
0.0000e+00
9.2030e-05
3.0994e-06
6.1989e-06
9.5367e-07
7.7963e-05
0.0000e+00
9.7036e-05
3.0994e-06
0.0000e+00
9.4891e-05
4.0531e-06
0.0000e+00
1.0490e-04
3.0994e-06
6.9141e-06
9.5367e-07
2.1458e-06
0.0000e+00
1.2708e-04
3.0994e-06
1.0014e-05
1.1921e-06
1.0014e-05
0.0000e+00
9.7990e-05
4.0531e-06
0.0000e+00
9.4891e-05
1.0014e-05
0.0000e+00
9.2983e-05
3.0994e-06
5.9605e-06
9.5367e-07
9.0599e-06
0.0000e+00
9.2983e-05
8.1062e-06
0.0000e+00
9.5844e-05
9.0599e-06
1.0967e-05
1.9073e-06
1.9073e-06
6.9141e-06
9.5367e-07
3.0994e-06
0.0000e+00
9.9182e-05
5.0068e-06
0.0000e+00
9.6083e-05
4.0531e-06
0.0000e+00
9.7036e-05
1.0014e-05
0.0000e+00
9.4891e-05
3.0994e-06
0.0000e+00
9.3937e-05
4.0531e-06
4.4298e-04
9.5367e-07
2.1458e-06
0.0000e+00
9.7036e-05
3.0994e-06
0.0000e+00
9.7036e-05
1.9073e-06
0.0000e+00
1.1802e-04
5.0068e-06
0.0000e+00
9.5844e-05
9.0599e-06
0.0000e+00
9.5844e-05
1.0014e-05
0.0000e+00
1.0586e-04
3.8147e-06
0.0000e+00
9.2983e-05
5.9605e-06
6.9141e-06
9.5367e-07
9.5367e-07
5.9605e-06
9.5367e-07
2.1458e-06
5.0068e-06
9.5367e-07
6.9141e-06
0.0000e+00
9.6083e-05
6.9141e-06
0.0000e+00
1.2207e-04
5.9605e-06
0.0000e+00
9.7990e-05
4.0531e-06
0.0000e+00
9.4891e-05
4.0531e-06
0.0000e+00
1.0300e-04
5.0068e-06
0.0000e+00
9.4891e-05
1.6618e-04
0.0000e+00
9.5129e-05
3.0994e-06
0.0000e+00
9.5129e-05
1.9073e-06
0.0000e+00
9.4891e-05
5.0068e-06
0.0000e+00
9.6798e-05
4.0531e-06
0.0000e+00
9.2983e-05
4.0531e-06
0.0000e+00
9.1076e-05
4.0531e-06
0.0000e+00
9.2983e-05
2.8610e-06
0.0000e+00
9.2983e-05
4.0531e-06
0.0000e+00
9.3937e-05
3.0994e-06
0.0000e+00
9.1791e-05
4.0531e-06
1.2875e-05
9.5367e-07
4.0531e-06
0.0000e+00
9.7990e-05
5.0068e-06
0.0000e+00
9.6083e-05
4.0531e-06
0.0000e+00
1.0800e-04
8.1062e-06
0.0000e+00
9.2030e-05
4.0531e-06
1.0967e-05
1.1921e-06
2.8610e-06
0.0000e+00
9.6083e-05
2.8610e-06
0.0000e+00
9.3937e-05
2.8610e-06
0.0000e+00
9.6083e-05
5.0068e-06
0.0000e+00
9.8944e-05
5.0068e-06
0.0000e+00
9.7036e-05
8.1062e-06
0.0000e+00
1.0204e-04
2.8610e-06
0.0000e+00
9.3937e-05
7.1526e-06
0.0000e+00
9.3937e-05
4.0531e-06
0.0000e+00
9.2030e-05
6.9141e-06
0.0000e+00
9.3937e-05
5.9605e-06
0.0000e+00
1.1897e-04
9.0599e-06
2.2173e-05
1.9073e-06
3.0994e-06
5.9605e-06
1.9073e-06
1.9073e-06
0.0000e+00
9.7990e-05
4.0531e-06
0.0000e+00
9.5129e-05
4.0531e-06
0.0000e+00
9.5129e-05
2.8610e-06
0.0000e+00
9.3937e-05
8.1062e-06
0.0000e+00
9.6798e-05
9.0599e-06
2.4080e-05
1.1921e-06
2.8610e-06
5.9605e-06
1.1921e-06
2.1458e-06
6.1989e-06
9.5367e-07
4.0531e-06
0.0000e+00
9.7036e-05
4.0531e-06
0.0000e+00
9.5129e-05
2.8610e-06
0.0000e+00
1.0109e-04
2.3842e-05
0.0000e+00
9.2983e-05
4.0531e-06
5.9605e-06
9.5367e-07
2.8610e-06
0.0000e+00
9.3937e-05
3.0994e-06
1.0967e-05
9.5367e-07
2.1458e-06
1.3208e-04
1.9073e-06
3.0994e-06
0.0000e+00
9.7036e-05
3.8147e-06
0.0000e+00
9.7990e-05
5.0068e-06
0.0000e+00
1.0204e-04
7.8678e-06
0.0000e+00
9.7036e-05
1.9073e-06
0.0000e+00
9.3937e-05
4.0531e-06
0.0000e+00
9.3937e-05
4.0531e-06
0.0000e+00
9.5129e-05
2.8610e-06
0.0000e+00
9.3937e-05
3.0994e-06
0.0000e+00
1.2422e-04
4.0531e-06
0.0000e+00
9.3937e-05
4.0531e-06
0.0000e+00
1.0204e-04
5.0068e-06
0.0000e+00
9.2030e-05
2.8610e-06
0.0000e+00
9.4891e-05
3.0994e-06
0.0000e+00
9.2030e-05
3.0994e-06
0.0000e+00
9.2030e-05
3.0994e-06
0.0000e+00
9.2983e-05
5.0068e-06
0.0000e+00
9.5844e-05
5.0068e-06
6.9141e-06
1.1921e-06
3.0994e-06
0.0000e+00
1.0490e-04
5.0068e-06
0.0000e+00
9.1791e-05
3.0994e-06
0.0000e+00
8.8930e-05
2.8610e-06
0.0000e+00
9.1076e-05
4.0531e-06
0.0000e+00
9.1076e-05
2.8610e-06
0.0000e+00
9.2983e-05
5.0068e-06
0.0000e+00
9.8228e-05
8.8215e-06
0.0000e+00
9.3937e-05
1.3113e-05
0.0000e+00
9.6083e-05
4.0531e-06
0.0000e+00
9.5129e-05
2.8610e-06
0.0000e+00
9.3937e-05
2.8610e-06
4.7684e-06
9.5367e-07
1.9073e-06
6.1989e-06
9.5367e-07
3.0994e-06
5.0068e-06
9.5367e-07
3.0994e-06
2.8300e-04
1.9073e-06
1.9073e-06
0.0000e+00
1.2112e-04
2.8610e-06
0.0000e+00
1.0490e-04
3.0994e-06
0.0000e+00
9.4175e-05
4.0531e-06
0.0000e+00
9.4891e-05
3.0994e-06
0.0000e+00
9.5129e-05
2.8610e-06
5.9605e-06
9.5367e-07
1.9073e-06
0.0000e+00
9.6083e-05
4.0531e-06
0.0000e+00
9.4891e-05
4.0531e-06
0.0000e+00
9.7036e-05
4.0531e-06
1.7166e-05
2.1458e-06
2.1458e-06
0.0000e+00
9.7036e-05
5.0068e-06
0.0000e+00
9.3937e-05
5.0068e-06
6.9141e-06
9.5367e-07
3.0994e-06
0.0000e+00
9.2030e-05
3.0994e-06
5.9605e-06
9.5367e-07
2.1458e-06
0.0000e+00
9.4175e-05
3.0994e-06
0.0000e+00
9.2030e-05
3.8147e-06
0.0000e+00
9.2983e-05
3.2902e-04
0.0000e+00
6.2227e-05
3.0994e-06
0.0000e+00
5.4121e-05
2.1458e-06
0.0000e+00
5.3167e-05
1.9073e-06
0.0000e+00
5.5075e-05
3.9101e-05
0.0000e+00
5.5075e-05
4.0531e-06
0.0000e+00
5.5075e-05
9.5367e-07
0.0000e+00
5.5075e-05
9.5367e-07
0.0000e+00
7.2002e-05
2.8610e-06
0.0000e+00
5.8889e-05
1.9073e-06
0.0000e+00
5.4121e-05
1.0180e-04
0.0000e+00
5.6982e-05
5.3883e-05
3.2997e-04
9.5367e-07
9.5367e-07
4.0531e-06
9.5367e-07
0.0000e+00
0.0000e+00
5.6028e-05
1.9073e-06
2.9087e-05
9.5367e-07
1.1921e-05
0.0000e+00
5.4836e-05
8.1062e-05
0.0000e+00
5.4121e-05
5.1975e-05
0.0000e+00
5.6982e-05
4.8876e-05
2.3913e-04
9.5367e-07
9.5367e-07
4.0531e-06
1.1921e-06
1.1921e-06
0.0000e+00
5.6982e-05
1.7166e-05
2.7990e-04
9.5367e-07
9.5367e-07
0.0000e+00
5.5075e-05
9.5367e-07
0.0000e+00
5.4121e-05
2.1458e-06
0.0000e+00
6.2943e-05
1.5020e-05
0.0000e+00
5.5075e-05
3.8147e-05
7.7009e-05
1.1921e-06
2.7180e-05
0.0000e+00
5.8889e-05
5.6028e-05
0.0000e+00
5.5075e-05
5.3883e-05
0.0000e+00
5.5075e-05
5.3883e-05
0.0000e+00
5.3883e-05
5.5790e-05
0.0000e+00
5.6028e-05
8.0109e-05
2.1911e-04
9.5367e-07
1.9073e-06
1.3280e-04
9.5367e-07
1.9073e-06
1.1110e-04
9.5367e-07
9.5367e-07
0.0000e+00
7.7963e-05
3.0994e-06
0.0000e+00
5.5075e-05
2.1458e-06
0.0000e+00
5.5075e-05
3.0994e-06
0.0000e+00
5.3167e-05
1.1921e-06
0.0000e+00
5.2929e-05
2.5511e-04
0.0000e+00
5.5075e-05
1.9073e-06
4.0531e-06
9.5367e-07
1.7881e-05
1.6689e-04
0.0000e+00
1.1921e-06
0.0000e+00
5.6028e-05
1.9073e-06
0.0000e+00
5.6028e-05
3.0994e-06
0.0000e+00
5.5075e-05
2.6798e-04
2.5034e-05
9.5367e-07
4.1008e-05
0.0000e+00
6.1989e-05
1.9073e-06
0.0000e+00
5.2929e-05
6.3896e-05
0.0000e+00
5.3883e-05
2.4796e-05
0.0000e+00
5.2929e-05
2.8610e-06
0.0000e+00
5.2929e-05
1.9073e-06
0.0000e+00
7.4148e-05
3.0994e-06
0.0000e+00
5.5075e-05
9.5367e-07
0.0000e+00
5.6028e-05
1.9073e-06
0.0000e+00
5.3883e-05
1.9073e-06
0.0000e+00
5.3883e-05
1.9073e-06
0.0000e+00
5.4121e-05
1.9073e-06
0.0000e+00
5.4121e-05
1.9073e-06
0.0000e+00
6.1989e-05
3.0994e-06
0.0000e+00
5.8174e-05
2.1458e-06
0.0000e+00
5.4121e-05
3.0994e-06
0.0000e+00
5.6982e-05
1.9073e-06
0.0000e+00
5.4121e-05
1.9073e-06
0.0000e+00
5.4121e-05
2.1458e-06
0.0000e+00
5.4121e-05
1.4431e-03
4.0531e-06
0.0000e+00
7.4148e-05
0.0000e+00
5.6028e-05
2.8610e-06
5.0068e-06
9.5367e-07
2.7180e-05
0.0000e+00
5.7936e-05
1.9073e-06
0.0000e+00
5.5075e-05
1.9073e-06
2.0981e-05
9.5367e-07
3.0041e-05
3.4094e-05
9.5367e-07
2.0027e-05
0.0000e+00
5.6028e-05
9.5367e-07
0.0000e+00
5.4121e-05
1.5974e-05
0.0000e+00
5.4121e-05
3.0994e-06
5.4502e-04
1.1921e-06
1.1921e-06
4.0531e-06
9.5367e-07
9.5367e-07
0.0000e+00
7.7963e-05
9.5367e-07
0.0000e+00
5.5075e-05
2.4605e-04
0.0000e+00
5.6028e-05
9.5367e-07
8.9169e-05
9.5367e-07
9.5367e-07
0.0000e+00
5.5075e-05
2.1458e-06
0.0000e+00
6.1989e-05
1.9073e-06
0.0000e+00
5.3883e-05
1.9073e-06
0.0000e+00
5.4121e-05
2.1458e-06
0.0000e+00
7.6056e-05
2.8610e-06
5.0068e-06
9.5367e-07
1.9073e-06
3.0994e-06
9.5367e-07
4.0531e-06
0.0000e+00
5.6982e-05
1.9073e-06
4.5109e-04
9.5367e-07
9.5367e-07
0.0000e+00
5.4121e-05
1.1921e-06
0.0000e+00
6.0081e-05
1.1921e-06
0.0000e+00
5.2929e-05
9.5367e-07
0.0000e+00
5.3167e-05
9.5367e-07
0.0000e+00
7.4863e-05
4.0531e-06
0.0000e+00
5.5075e-05
2.1458e-06
0.0000e+00
5.2929e-05
1.9073e-06
5.0068e-06
9.5367e-07
9.5367e-07
3.6812e-04
9.5367e-07
9.5367e-07
0.0000e+00
5.6028e-05
9.5367e-07
0.0000e+00
5.4121e-05
9.5367e-07
0.0000e+00
5.9128e-05
2.1458e-06
0.0000e+00
5.2929e-05
9.5367e-07
6.7949e-05
9.5367e-07
9.5367e-07
0.0000e+00
5.6028e-05
1.9073e-06
0.0000e+00
5.4121e-05
9.5367e-07
0.0000e+00
5.4121e-05
1.1921e-06
0.0000e+00
5.2929e-05
9.5367e-07
2.2173e-05
9.5367e-07
9.5367e-07
0.0000e+00
5.6028e-05
9.5367e-07
0.0000e+00
5.4121e-05
2.1458e-06
0.0000e+00
5.2929e-05
1.9073e-06
0.0000e+00
5.6982e-05
5.6505e-04
0.0000e+00
5.5790e-05
1.9073e-06
0.0000e+00
5.3883e-05
1.9073e-06
0.0000e+00
5.2929e-05
1.4179e-03
0.0000e+00
5.4836e-05
4.0531e-06
5.0068e-06
9.5367e-07
4.7922e-05
0.0000e+00
5.4836e-05
2.1458e-06
0.0000e+00
5.2929e-05
3.0994e-06
8.1110e-04
0.0000e+00
1.9073e-06
1.7881e-05
9.5367e-07
9.5367e-07
3.8147e-06
9.5367e-07
1.1921e-06
0.0000e+00
5.8889e-05
9.5367e-07
0.0000e+00
5.4836e-05
9.5367e-07
0.0000e+00
5.2929e-05
9.5367e-07
0.0000e+00
5.4121e-05
1.1921e-06
1.9193e-04
1.1921e-06
9.5367e-07
0.0000e+00
5.7936e-05
5.1975e-05
0.0000e+00
7.3910e-05
2.8610e-06
0.0000e+00
5.6982e-05
1.9073e-06
0.0000e+00
5.5075e-05
2.8610e-06
3.8147e-06
9.5367e-07
9.5367e-07
0.0000e+00
5.5075e-05
1.9073e-06
0.0000e+00
5.5075e-05
3.4285e-04
0.0000e+00
5.4836e-05
4.0531e-06
7.8678e-06
9.5367e-07
4.6015e-05
0.0000e+00
5.5075e-05
2.1458e-06
0.0000e+00
7.2002e-05
2.8610e-06
1.1206e-05
9.5367e-07
4.2915e-05
0.0000e+00
6.1989e-05
3.2806e-04
0.0000e+00
5.4121e-05
2.1458e-06
0.0000e+00
5.4121e-05
2.1458e-06
0.0000e+00
5.3883e-05
1.9073e-06
0.0000e+00
5.3883e-05
1.9073e-06
0.0000e+00
5.4121e-05
1.9073e-06
2.3818e-04
9.5367e-07
2.1458e-06
0.0000e+00
5.8889e-05
9.5367e-07
0.0000e+00
5.3883e-05
9.5367e-07
0.0000e+00
5.4121e-05
1.9073e-06
0.0000e+00
5.6028e-05
3.0994e-06
0.0000e+00
5.2929e-05
1.9073e-06
5.0068e-06
9.5367e-07
1.1921e-06
0.0000e+00
5.5075e-05
2.1458e-06
4.0531e-06
9.5367e-07
9.5367e-07
0.0000e+00
7.1049e-05
2.8610e-06
0.0000e+00
5.6028e-05
1.1921e-06
0.0000e+00
5.3883e-05
2.1458e-06
0.0000e+00
5.3883e-05
3.6502e-04
7.0095e-05
9.5367e-07
3.0994e-06
0.0000e+00
5.6982e-05
3.0994e-06
0.0000e+00
5.4121e-05
2.1458e-06
5.3883e-05
9.5367e-07
1.9073e-06
0.0000e+00
5.6028e-05
3.0994e-06
2.6941e-05
0.0000e+00
5.0068e-06
0.0000e+00
5.7936e-05
1.9073e-06
3.0994e-06
9.5367e-07
3.0994e-06
0.0000e+00
5.5075e-05
8.0013e-04
0.0000e+00
5.6028e-05
2.1935e-05
4.0531e-06
9.5367e-07
3.0994e-06
7.2002e-05
9.5367e-07
1.9073e-06
0.0000e+00
5.4121e-05
1.9073e-06
0.0000e+00
5.4121e-05
2.1458e-06
0.0000e+00
5.9128e-05
3.0994e-04
0.0000e+00
5.9128e-05
2.1458e-06
4.0531e-06
9.5367e-07
1.1921e-05
4.0531e-06
0.0000e+00
4.0531e-06
0.0000e+00
5.6982e-05
1.9073e-06
0.0000e+00
5.3883e-05
2.0027e-05
0.0000e+00
5.3883e-05
5.0068e-06
0.0000e+00
5.3167e-05
1.1015e-04
0.0000e+00
5.2929e-05
1.1921e-05
0.0000e+00
8.2970e-05
2.8610e-06
0.0000e+00
5.6028e-05
1.9073e-06
0.0000e+00
5.3883e-05
9.5367e-07
0.0000e+00
5.7936e-05
2.8610e-06
0.0000e+00
5.3883e-05
1.9073e-06
0.0000e+00
5.4121e-05
2.1458e-06
3.5501e-04
9.5367e-07
1.9073e-06
0.0000e+00
5.4836e-05
9.5367e-07
0.0000e+00
7.2002e-05
2.1458e-06
5.3000e-04
9.5367e-07
9.5367e-07
2.0981e-05
0.0000e+00
9.5367e-07
0.0000e+00
5.6982e-05
1.9073e-06
0.0000e+00
5.4836e-05
1.9073e-06
0.0000e+00
5.3883e-05
1.9073e-06
0.0000e+00
5.4836e-05
1.9073e-06
0.0000e+00
5.2929e-05
1.9073e-06
0.0000e+00
6.0081e-05
1.9073e-06
0.0000e+00
7.4148e-05
2.8610e-06
1.4114e-04
0.0000e+00
9.5367e-07
0.0000e+00
5.6028e-05
9.5367e-07
0.0000e+00
5.6028e-05
9.5367e-07
0.0000e+00
5.3883e-05
1.9073e-06
0.0000e+00
5.4836e-05
1.9073e-06
3.8147e-06
9.5367e-07
3.0994e-06
3.0994e-06
0.0000e+00
3.0994e-06
0.0000e+00
5.4836e-05
3.0994e-06
0.0000e+00
7.0095e-05
3.5405e-04
0.0000e+00
5.8889e-05
1.9073e-06
0.0000e+00
5.4836e-05
1.9073e-06
0.0000e+00
5.3883e-05
1.9073e-06
0.0000e+00
5.3167e-05
2.1458e-06
0.0000e+00
5.2929e-05
1.9073e-06
4.0531e-06
1.1921e-06
9.5367e-07
0.0000e+00
5.5075e-05
5.0211e-04
0.0000e+00
5.5075e-05
1.9073e-06
4.0531e-06
9.5367e-07
2.3127e-05
0.0000e+00
5.8174e-05
1.1921e-06
0.0000e+00
5.6028e-05
9.5367e-07
0.0000e+00
5.4121e-05
2.1458e-06
0.0000e+00
5.4121e-05
1.9073e-06
2.2888e-05
1.1921e-06
1.3113e-05
0.0000e+00
5.6028e-05
9.5367e-07
0.0000e+00
5.6028e-05
9.5367e-07
1.5709e-03
9.5367e-07
2.1458e-06
0.0000e+00
5.7936e-05
9.5367e-07
0.0000e+00
5.3883e-05
9.5367e-07
5.0068e-06
1.1921e-06
9.5367e-07
0.0000e+00
5.6028e-05
1.1921e-06
0.0000e+00
5.3883e-05
9.5367e-07
0.0000e+00
5.2929e-05
9.5367e-07
0.0000e+00
5.4121e-05
9.5367e-07
0.0000e+00
5.1975e-05
1.9073e-06
0.0000e+00
5.6982e-05
1.1921e-06
0.0000e+00
5.5075e-05
2.1458e-06
0.0000e+00
5.4121e-05
2.1458e-06
0.0000e+00
5.2929e-05
9.5367e-07
0.0000e+00
5.2214e-05
9.5367e-07
0.0000e+00
5.2929e-05
9.5367e-07
0.0000e+00
5.4121e-05
6.2895e-04
5.0068e-06
9.5367e-07
2.8133e-05
0.0000e+00
5.9128e-05
2.1458e-06
4.0531e-06
0.0000e+00
4.6015e-05
0.0000e+00
5.5075e-05
2.1458e-06
0.0000e+00
5.4121e-05
9.5367e-07
0.0000e+00
5.3883e-05
1.9073e-06
0.0000e+00
5.4121e-05
1.9073e-06
3.4308e-04
0.0000e+00
9.5367e-07
0.0000e+00
5.4836e-05
9.5367e-07
0.0000e+00
5.2929e-05
2.1458e-06
0.0000e+00
5.6982e-05
1.9073e-06
5.0068e-06
0.0000e+00
3.0994e-06
0.0000e+00
5.6028e-05
1.9073e-06
4.2200e-05
9.5367e-07
1.0967e-05
6.0797e-04
9.5367e-07
2.1458e-06
0.0000e+00
5.3883e-05
9.5367e-07
0.0000e+00
5.9843e-05
1.9073e-06
5.0068e-06
9.5367e-07
9.5367e-07
7.2002e-05
9.5367e-07
9.5367e-07
5.0068e-06
0.0000e+00
1.0967e-05
0.0000e+00
7.7963e-05
3.0994e-06
4.0531e-06
9.5367e-07
3.0994e-06
0.0000e+00
5.6028e-05
2.1458e-06
8.9884e-05
9.5367e-07
9.5367e-07
0.0000e+00
5.6028e-05
2.1458e-06
0.0000e+00
5.4121e-05
1.1921e-06
0.0000e+00
5.4121e-05
9.5367e-07
0.0000e+00
5.3883e-05
1.9073e-06
0.0000e+00
5.3883e-05
1.9073e-06
0.0000e+00
5.7936e-05
1.9073e-06
0.0000e+00
5.3883e-05
1.9073e-06
0.0000e+00
5.4836e-05
1.9073e-06
0.0000e+00
5.3883e-05
1.9073e-06
0.0000e+00
5.4836e-05
1.9073e-06
0.0000e+00
5.2929e-05
1.9073e-06
0.0000e+00
5.5075e-05
2.1458e-06
0.0000e+00
7.0095e-05
2.8610e-06
0.0000e+00
5.6982e-05
2.1458e-06
0.0000e+00
5.5075e-05
1.9073e-06
4.0531e-06
9.5367e-07
3.0994e-06
0.0000e+00
5.3883e-05
1.9073e-05
1.1580e-03
1.1921e-06
2.1458e-06
0.0000e+00
5.6028e-05
2.1935e-05
0.0000e+00
6.1035e-05
2.8610e-06
0.0000e+00
5.3883e-05
1.9073e-06
2.6703e-04
0.0000e+00
1.9073e-06
4.0531e-06
0.0000e+00
1.1921e-06
0.0000e+00
5.8889e-05
9.5367e-07
0.0000e+00
5.3883e-05
1.9073e-06
0.0000e+00
5.4121e-05
1.9073e-06
0.0000e+00
5.4121e-05
7.0810e-05
0.0000e+00
5.3883e-05
3.0994e-06
2.8610e-06
0.0000e+00
2.8610e-06
0.0000e+00
5.4121e-05
1.5974e-05
0.0000e+00
7.5102e-05
3.0994e-06
0.0000e+00
5.4121e-05
2.1458e-06
0.0000e+00
5.4121e-05
2.1458e-06
0.0000e+00
5.2929e-05
3.4308e-04
0.0000e+00
5.5075e-05
1.2493e-04
4.0531e-06
9.5367e-07
5.2929e-05
0.0000e+00
5.5075e-05
4.6968e-05
0.0000e+00
5.6028e-05
1.9073e-06
0.0000e+00
7.7009e-05
3.0994e-06
0.0000e+00
5.5075e-05
2.1458e-06
5.0068e-06
9.5367e-07
9.5367e-07
0.0000e+00
5.4121e-05
1.9073e-06
0.0000e+00
5.4121e-05
2.1458e-06
0.0000e+00
5.3883e-05
2.1458e-06
0.0000e+00
5.6982e-05
3.8695e-04
4.0531e-06
9.5367e-07
4.6968e-05
0.0000e+00
5.5075e-05
1.9073e-06
0.0000e+00
5.6982e-05
2.1458e-06
3.8147e-06
9.5367e-07
2.8610e-06
0.0000e+00
5.4836e-05
2.8610e-06
0.0000e+00
5.4836e-05
9.5367e-07
0.0000e+00
5.3883e-05
2.0027e-05
0.0000e+00
5.3167e-05
5.0068e-06
0.0000e+00
5.6028e-05
1.9073e-06
0.0000e+00
5.2929e-05
2.1458e-06
0.0000e+00
5.6028e-05
3.0088e-04
4.0531e-06
1.1921e-06
5.1022e-05
0.0000e+00
5.4836e-05
1.9073e-06
3.8147e-06
9.5367e-07
5.2214e-05
0.0000e+00
5.3883e-05
2.0981e-05
0.0000e+00
5.4121e-05
6.1989e-06
4.0531e-06
0.0000e+00
3.0994e-06
2.9898e-04
9.5367e-07
1.1921e-06
0.0000e+00
5.5075e-05
1.1921e-06
4.0531e-06
0.0000e+00
9.5367e-07
0.0000e+00
5.7936e-05
2.8610e-06
0.0000e+00
5.4836e-05
3.3808e-04
0.0000e+00
5.4121e-05
4.2295e-04
0.0000e+00
5.3883e-05
1.0014e-05
0.0000e+00
5.5075e-05
1.4782e-05
0.0000e+00
5.3883e-05
1.9073e-06
0.0000e+00
5.2929e-05
4.0531e-06
4.0531e-06
9.5367e-07
1.9073e-06
5.3167e-05
1.7881e-05
2.1458e-06
0.0000e+00
5.7936e-05
2.1458e-06
0.0000e+00
5.3883e-05
1.9073e-06
0.0000e+00
5.2929e-05
1.9073e-06
7.1526e-06
0.0000e+00
4.1008e-05
0.0000e+00
5.6028e-05
1.9073e-06
0.0000e+00
5.4121e-05
2.1458e-06
0.0000e+00
5.2929e-05
2.1458e-06
0.0000e+00
5.4836e-05
2.8610e-06
0.0000e+00
5.6982e-05
1.9073e-06
5.0068e-06
1.1921e-06
3.0994e-06
0.0000e+00
5.5075e-05
2.6488e-04
4.0531e-06
1.1921e-06
7.1049e-05
0.0000e+00
5.5075e-05
5.0068e-06
0.0000e+00
5.4121e-05
2.1458e-06
0.0000e+00
5.2929e-05
3.0994e-06
0.0000e+00
5.3883e-05
3.0994e-06
0.0000e+00
7.3910e-05
3.0994e-06
0.0000e+00
5.5075e-05
8.7118e-04
0.0000e+00
5.6028e-05
1.9073e-06
0.0000e+00
5.3167e-05
1.8120e-05
0.0000e+00
6.1035e-05
4.0531e-06
0.0000e+00
5.4121e-05
2.1458e-06
0.0000e+00
5.4121e-05
3.0994e-06
1.0014e-05
9.5367e-07
4.6015e-05
0.0000e+00
7.5102e-05
2.8610e-06
0.0000e+00
5.3883e-05
1.9073e-06
0.0000e+00
5.4121e-05
1.9073e-06
0.0000e+00
5.3167e-05
1.5211e-04
0.0000e+00
5.4121e-05
2.8133e-05
0.0000e+00
5.3883e-05
4.0531e-06
0.0000e+00
5.4121e-05
3.0994e-06
0.0000e+00
6.0081e-05
2.8610e-06
1.5378e-04
9.5367e-07
1.9073e-06
0.0000e+00
5.8174e-05
2.1458e-06
0.0000e+00
5.3883e-05
1.3113e-04
0.0000e+00
5.5075e-05
3.0994e-06
0.0000e+00
5.5075e-05
2.5988e-05
1.0586e-04
0.0000e+00
1.1921e-06
0.0000e+00
5.6028e-05
1.9073e-06
8.2016e-05
0.0000e+00
1.1921e-06
0.0000e+00
6.0081e-05
2.1458e-06
0.0000e+00
7.7009e-05
2.8610e-06
0.0000e+00
5.4836e-05
1.9073e-06
0.0000e+00
5.4836e-05
1.9193e-04
0.0000e+00
5.3883e-05
2.2888e-05
3.8147e-06
0.0000e+00
2.8610e-06
0.0000e+00
5.3883e-05
2.5988e-05
0.0000e+00
5.4121e-05
4.0531e-06
0.0000e+00
5.4121e-05
1.9073e-06
0.0000e+00
7.0095e-05
1.9073e-06
4.0531e-06
1.1921e-06
3.0994e-06
0.0000e+00
6.0081e-05
1.9073e-06
0.0000e+00
5.6028e-05
2.1458e-06
0.0000e+00
5.6028e-05
1.5020e-05
0.0000e+00
5.4836e-05
3.8195e-04
0.0000e+00
5.3883e-05
5.0068e-06
4.0531e-06
9.5367e-07
5.1975e-05
3.0994e-06
9.5367e-07
1.9073e-06
0.0000e+00
7.5817e-05
4.0531e-06
0.0000e+00
5.6028e-05
5.9605e-06
0.0000e+00
6.1035e-05
1.9073e-06
0.0000e+00
5.4836e-05
1.9073e-06
0.0000e+00
5.3883e-05
1.9073e-06
0.0000e+00
5.3883e-05
9.5367e-07
0.0000e+00
5.3167e-05
2.1458e-06
1.9073e-05
0.0000e+00
2.6941e-05
0.0000e+00
7.3195e-05
3.0994e-06
0.0000e+00
5.5075e-05
1.9073e-06
0.0000e+00
5.4121e-05
1.9073e-06
0.0000e+00
5.5075e-05
1.9073e-06
0.0000e+00
5.5075e-05
1.9073e-06
0.0000e+00
5.4121e-05
1.9073e-06
0.0000e+00
5.4121e-05
2.1458e-06
0.0000e+00
5.4121e-05
3.0994e-06
8.7309e-04
9.5367e-07
2.1458e-06
0.0000e+00
5.7936e-05
1.9073e-06
0.0000e+00
6.1035e-05
9.5367e-07
0.0000e+00
5.4121e-05
2.1458e-06
0.0000e+00
5.2929e-05
9.5367e-07
0.0000e+00
5.3167e-05
1.9073e-06
0.0000e+00
5.3167e-05
1.4019e-04
5.0068e-06
9.5367e-07
5.2929e-05
0.0000e+00
7.4148e-05
3.0994e-06
5.3215e-04
9.5367e-07
9.5367e-07
0.0000e+00
5.9128e-05
9.5367e-07
0.0000e+00
5.2929e-05
9.5367e-07
0.0000e+00
5.4836e-05
9.5367e-07
0.0000e+00
5.3883e-05
9.5367e-07
0.0000e+00
5.4121e-05
9.5367e-07
0.0000e+00
5.3883e-05
9.5367e-07
0.0000e+00
7.0810e-05
3.0994e-06
5.0068e-06
9.5367e-07
9.5367e-07
0.0000e+00
5.7936e-05
1.9073e-06
4.0531e-06
9.5367e-07
9.5367e-07
0.0000e+00
5.7936e-05
2.8610e-06
0.0000e+00
5.3883e-05
3.0994e-06
0.0000e+00
5.6028e-05
2.1458e-06
0.0000e+00
5.4121e-05
2.1458e-06
6.4707e-04
0.0000e+00
9.5367e-07
0.0000e+00
5.6028e-05
2.1458e-06
0.0000e+00
5.6982e-05
9.5367e-07
0.0000e+00
6.1989e-05
1.1921e-06
0.0000e+00
5.3883e-05
9.5367e-07
0.0000e+00
5.2929e-05
9.5367e-07
1.6928e-05
0.0000e+00
9.5367e-07
0.0000e+00
5.6982e-05
9.5367e-07
0.0000e+00
5.2929e-05
9.5367e-07
0.0000e+00
5.4121e-05
1.9073e-06
0.0000e+00
5.8174e-05
1.9073e-06
0.0000e+00
5.2929e-05
9.5367e-07
5.0068e-06
9.5367e-07
9.5367e-07
0.0000e+00
5.5790e-05
9.5367e-07
0.0000e+00
5.4121e-05
1.9073e-06
0.0000e+00
5.4121e-05
1.9073e-06
4.0531e-06
0.0000e+00
3.0994e-06
0.0000e+00
5.5075e-05
8.1062e-06
0.0000e+00
8.3923e-05
3.0994e-06
0.0000e+00
5.6028e-05
7.2384e-04
1.8692e-04
9.5367e-07
1.1921e-06
0.0000e+00
5.5075e-05
1.1921e-06
0.0000e+00
5.2929e-05
4.1795e-04
0.0000e+00
5.3883e-05
1.9073e-06
1.4067e-05
9.5367e-07
1.1206e-05
0.0000e+00
5.6028e-05
1.9073e-06
0.0000e+00
5.5075e-05
3.0994e-06
0.0000e+00
5.6028e-05
1.9073e-06
0.0000e+00
6.1989e-05
2.1458e-06
0.0000e+00
5.5075e-05
3.2711e-04
1.8120e-05
0.0000e+00
3.7909e-05
0.0000e+00
5.6028e-05
1.9073e-06
0.0000e+00
5.4836e-05
9.5367e-07
0.0000e+00
5.2929e-05
9.5367e-07
0.0000e+00
5.3167e-05
2.1935e-05
0.0000e+00
7.4863e-05
3.0994e-06
1.0705e-04
9.5367e-07
9.5367e-07
0.0000e+00
5.8889e-05
1.9073e-06
0.0000e+00
5.3883e-05
1.9073e-06
0.0000e+00
5.3883e-05
4.6968e-05
0.0000e+00
5.4836e-05
4.0531e-06
0.0000e+00
5.4836e-05
2.0909e-04
0.0000e+00
5.4121e-05
2.4080e-05
0.0000e+00
7.4148e-05
3.0994e-06
0.0000e+00
5.4121e-05
2.1458e-06
0.0000e+00
6.1035e-05
9.3937e-05
0.0000e+00
5.6028e-05
1.9073e-06
0.0000e+00
5.2929e-05
1.9073e-06
0.0000e+00
5.3883e-05
1.9073e-06
0.0000e+00
5.3883e-05
1.9073e-06
0.0000e+00
5.3167e-05
8.1062e-06
0.0000e+00
5.6982e-05
2.8610e-06
0.0000e+00
5.3883e-05
2.8610e-06
0.0000e+00
5.2929e-05
1.9073e-06
0.0000e+00
5.4121e-05
1.9073e-06
0.0000e+00
5.4121e-05
1.9073e-06
0.0000e+00
5.5075e-05
2.1100e-04
0.0000e+00
5.6028e-05
3.0994e-06
0.0000e+00
7.3195e-05
3.0994e-06
0.0000e+00
5.5075e-05
1.9073e-06
0.0000e+00
5.5075e-05
2.1458e-06
0.0000e+00
5.5075e-05
2.6107e-04
0.0000e+00
5.3883e-05
2.8610e-06
0.0000e+00
5.2929e-05
1.9073e-06
0.0000e+00
5.3883e-05
1.9073e-06
0.0000e+00
5.9128e-05
2.8610e-06
0.0000e+00
5.6982e-05
2.1458e-06
0.0000e+00
5.4121e-05
2.1458e-06
1.8811e-04
9.5367e-07
9.5367e-07
0.0000e+00
5.5075e-05
1.2302e-04
0.0000e+00
5.5075e-05
1.9073e-06
0.0000e+00
5.4121e-05
2.1458e-06
0.0000e+00
5.3883e-05
5.0068e-06
0.0000e+00
5.4121e-05
2.8610e-06
0.0000e+00
7.9870e-05
2.8610e-06
0.0000e+00
5.5075e-05
2.1458e-06
5.6791e-04
1.1921e-06
2.1458e-06
0.0000e+00
5.6028e-05
9.5367e-07
0.0000e+00
5.3883e-05
2.1458e-06
0.0000e+00
5.3883e-05
9.5367e-07
0.0000e+00
5.3883e-05
9.5367e-07
0.0000e+00
6.0081e-05
1.9073e-06
0.0000e+00
7.7963e-05
1.7905e-04
0.0000e+00
5.6028e-05
1.9073e-06
5.0068e-06
9.5367e-07
2.8610e-06
3.0994e-06
0.0000e+00
3.0994e-06
0.0000e+00
5.6028e-05
7.1049e-05
0.0000e+00
5.4836e-05
2.5988e-05
0.0000e+00
5.5075e-05
5.9605e-06
3.6502e-04
1.1921e-06
9.5367e-07
1.0896e-04
9.5367e-07
9.5367e-07
4.0531e-06
9.5367e-07
9.5367e-07
0.0000e+00
7.7009e-05
2.1458e-06
0.0000e+00
5.5075e-05
2.1458e-06
0.0000e+00
5.4121e-05
9.5367e-07
0.0000e+00
5.3883e-05
1.9073e-06
4.0531e-06
9.5367e-07
9.5367e-07
0.0000e+00
5.5075e-05
1.9073e-06
0.0000e+00
5.4121e-05
1.9073e-06
0.0000e+00
5.5075e-05
1.9073e-06
0.0000e+00
6.9857e-05
3.0994e-06
0.0000e+00
5.8889e-05
2.1458e-06
3.7718e-04
9.5367e-07
9.5367e-07
3.0994e-06
0.0000e+00
9.5367e-07
5.0068e-06
1.1921e-06
7.1526e-06
6.2490e-04
9.5367e-07
9.5367e-07
0.0000e+00
5.6982e-05
1.9073e-06
0.0000e+00
5.4121e-05
9.5367e-07
0.0000e+00
5.5075e-05
9.5367e-07
4.0531e-06
0.0000e+00
9.5367e-07
0.0000e+00
5.5075e-05
2.1458e-06
0.0000e+00
5.6982e-05
9.5367e-07
0.0000e+00
5.4121e-05
1.1921e-06
0.0000e+00
5.4836e-05
2.1458e-06
0.0000e+00
5.3883e-05
2.1458e-06
0.0000e+00
5.2929e-05
2.1458e-06
0.0000e+00
5.3883e-05
3.0994e-06
0.0000e+00
5.4836e-05
2.7514e-04
0.0000e+00
7.5102e-05
3.0994e-06
0.0000e+00
5.5075e-05
1.9073e-06
0.0000e+00
5.6028e-05
2.2006e-04
0.0000e+00
5.4121e-05
2.0981e-05
0.0000e+00
5.4836e-05
2.1458e-06
0.0000e+00
5.2929e-05
1.9073e-06
0.0000e+00
5.3883e-05
1.9073e-06
0.0000e+00
6.1989e-05
1.6189e-04
0.0000e+00
5.7936e-05
2.1458e-06
0.0000e+00
5.4121e-05
2.1458e-06
0.0000e+00
5.4121e-05
2.1458e-06
0.0000e+00
5.3883e-05
1.9073e-06
2.9802e-05
9.5367e-07
9.5367e-07
0.0000e+00
5.5075e-05
1.9073e-06
4.0531e-06
9.5367e-07
3.0994e-06
0.0000e+00
5.4836e-05
5.9605e-06
5.9891e-04
0.0000e+00
2.1458e-06
0.0000e+00
5.7936e-05
9.5367e-07
0.0000e+00
5.2929e-05
9.5367e-07
0.0000e+00
5.4121e-05
2.1458e-06
0.0000e+00
5.2929e-05
9.5367e-07
0.0000e+00
5.2929e-05
9.5367e-07
5.0068e-06
9.5367e-07
9.5367e-07
4.1699e-04
9.5367e-07
9.5367e-07
0.0000e+00
5.6982e-05
9.5367e-07
0.0000e+00
5.2929e-05
9.5367e-07
0.0000e+00
5.6028e-05
1.1921e-06
0.0000e+00
5.2929e-05
2.8610e-06
5.0068e-06
9.5367e-07
9.5367e-07
0.0000e+00
5.5075e-05
1.9073e-06
4.0531e-06
1.1921e-06
9.5367e-07
0.0000e+00
5.5075e-05
2.1458e-06
0.0000e+00
5.4121e-05
3.0994e-06
0.0000e+00
5.2929e-05
1.9073e-06
0.0000e+00
6.9857e-05
3.0994e-06
0.0000e+00
5.5075e-05
5.9104e-04
0.0000e+00
5.6028e-05
4.0531e-06
0.0000e+00
5.6028e-05
9.5367e-07
0.0000e+00
5.5075e-05
1.7881e-05
0.0000e+00
5.4121e-05
7.1526e-06
5.0068e-06
9.5367e-07
5.4121e-05
0.0000e+00
6.1035e-05
3.6383e-04
0.0000e+00
7.2956e-05
2.8610e-06
0.0000e+00
5.5075e-05
1.9073e-06
0.0000e+00
5.4121e-05
1.9073e-06
0.0000e+00
5.4121e-05
9.5367e-07
4.2915e-05
1.1921e-06
2.1458e-06
0.0000e+00
5.5075e-05
2.1458e-06
0.0000e+00
5.4121e-05
3.0994e-06
0.0000e+00
6.0081e-05
2.1458e-06
4.0531e-06
9.5367e-07
4.0531e-06
0.0000e+00
7.6056e-05
4.5395e-04
0.0000e+00
5.5075e-05
7.1526e-06
0.0000e+00
5.2929e-05
4.0531e-06
4.0531e-06
9.5367e-07
5.1975e-05
0.0000e+00
7.8917e-05
4.0531e-06
5.0068e-06
1.1921e-06
1.7166e-05
0.0000e+00
6.3896e-05
1.9073e-05
0.0000e+00
5.6028e-05
1.9073e-06
0.0000e+00
5.5075e-05
1.9073e-06
0.0000e+00
5.7936e-05
2.1458e-06
4.0531e-06
0.0000e+00
2.4080e-05
0.0000e+00
5.3883e-05
2.1458e-06
0.0000e+00
5.3883e-05
9.5367e-07
0.0000e+00
5.4836e-05
1.5974e-05
0.0000e+00
5.5075e-05
5.0068e-06
0.0000e+00
5.3883e-05
1.9073e-06
0.0000e+00
5.2929e-05
2.8610e-06
2.8896e-04
0.0000e+00
1.9073e-06
5.6028e-05
9.5367e-07
9.5367e-07
0.0000e+00
5.8889e-05
1.9073e-06
0.0000e+00
5.5075e-05
9.5367e-07
0.0000e+00
5.4121e-05
1.9073e-06
0.0000e+00
5.5075e-05
6.7306e-04
0.0000e+00
5.6982e-05
2.1458e-06
0.0000e+00
5.4121e-05
2.1458e-06
0.0000e+00
7.7009e-05
2.0981e-05
0.0000e+00
5.6028e-05
1.9073e-06
0.0000e+00
5.4121e-05
1.9073e-06
0.0000e+00
5.4121e-05
2.1458e-06
3.9506e-04
9.5367e-07
1.9073e-06
0.0000e+00
5.6982e-05
9.5367e-07
0.0000e+00
5.3883e-05
9.5367e-07
2.3317e-04
0.0000e+00
9.5367e-07
0.0000e+00
5.5075e-05
1.9073e-06
0.0000e+00
7.6056e-05
2.8610e-06
0.0000e+00
5.2929e-05
1.9073e-06
0.0000e+00
5.3167e-05
2.1458e-06
0.0000e+00
5.3883e-05
1.4067e-05
1.9073e-05
0.0000e+00
3.6955e-05
0.0000e+00
5.4121e-05
6.9141e-06
0.0000e+00
6.1035e-05
2.8610e-06
0.0000e+00
5.3883e-05
1.9073e-06
1.5998e-04
0.0000e+00
2.1458e-06
0.0000e+00
5.6982e-05
9.5367e-07
0.0000e+00
5.3167e-05
2.1458e-06
4.6897e-04
1.1921e-06
1.1921e-06
0.0000e+00
6.2943e-05
1.9073e-06
5.0068e-06
9.5367e-07
1.1921e-06
0.0000e+00
5.6028e-05
1.1921e-06
0.0000e+00
5.2929e-05
1.1492e-04
0.0000e+00
5.5075e-05
5.0068e-06
0.0000e+00
7.4148e-05
3.0994e-06
0.0000e+00
5.6028e-05
1.9073e-06
0.0000e+00
5.3883e-05
1.9073e-06
0.0000e+00
5.6028e-05
1.9073e-06
3.8147e-06
9.5367e-07
2.1935e-05
3.7909e-05
9.5367e-07
1.5020e-05
0.0000e+00
5.6028e-05
1.7881e-05
4.0531e-06
0.0000e+00
5.7936e-05
0.0000e+00
6.1989e-05
1.9073e-06
0.0000e+00
7.4148e-05
3.0994e-06
0.0000e+00
5.6028e-05
1.9073e-06
0.0000e+00
5.5075e-05
2.1458e-06
0.0000e+00
5.5075e-05
2.1458e-06
0.0000e+00
5.3883e-05
2.8801e-04
0.0000e+00
5.5075e-05
2.1935e-05
1.0991e-04
9.5367e-07
9.5367e-07
4.9400e-04
0.0000e+00
9.5367e-07
0.0000e+00
5.5790e-05
1.9073e-06
0.0000e+00
5.8174e-05
9.5367e-07
0.0000e+00
5.5075e-05
2.1458e-06
0.0000e+00
5.4121e-05
2.1458e-06
0.0000e+00
5.4121e-05
2.1458e-06
0.0000e+00
5.5075e-05
2.6917e-04
0.0000e+00
5.5075e-05
4.0531e-06
4.0531e-06
9.5367e-07
5.3883e-05
3.8147e-06
9.5367e-07
5.0783e-05
2.1935e-05
9.5367e-07
3.3855e-05
2.1935e-05
9.5367e-07
1.8835e-05
0.0000e+00
5.7936e-05
1.9073e-06
0.0000e+00
5.3167e-05
2.1458e-06
4.0531e-06
9.5367e-07
1.6928e-05
0.0000e+00
5.5790e-05
3.0994e-06
0.0000e+00
5.4121e-05
3.0994e-06
0.0000e+00
5.5075e-05
8.1062e-06
0.0000e+00
6.1035e-05
2.8610e-06
4.6015e-05
0.0000e+00
2.8610e-06
0.0000e+00
7.6056e-05
2.8610e-06
0.0000e+00
5.4836e-05
1.9073e-06
0.0000e+00
5.3883e-05
1.9073e-06
0.0000e+00
5.3883e-05
1.9073e-06
0.0000e+00
5.3883e-05
2.2697e-04
0.0000e+00
5.4121e-05
5.7483e-04
0.0000e+00
5.6028e-05
3.0994e-06
5.0068e-06
9.5367e-07
4.9114e-05
0.0000e+00
7.7963e-05
2.8610e-06
0.0000e+00
5.5790e-05
2.1458e-06
0.0000e+00
5.3883e-05
2.1458e-06
0.0000e+00
5.5075e-05
1.1921e-06
0.0000e+00
5.3883e-05
1.9073e-06
0.0000e+00
5.3883e-05
1.9073e-06
0.0000e+00
6.0797e-05
2.1458e-06
0.0000e+00
5.4836e-05
1.3828e-05
0.0000e+00
5.6982e-05
2.1458e-06
0.0000e+00
5.4121e-05
2.1458e-06
3.4213e-04
9.5367e-07
1.9073e-06
0.0000e+00
5.6028e-05
9.5367e-07
0.0000e+00
5.4121e-05
1.9479e-04
0.0000e+00
5.5075e-05
8.1062e-06
0.0000e+00
5.3167e-05
2.1458e-06
2.3890e-04
0.0000e+00
2.1458e-06
0.0000e+00
7.6056e-05
2.1458e-06
0.0000e+00
5.5075e-05
3.0994e-06
0.0000e+00
5.4121e-05
9.5367e-07
4.0531e-06
9.5367e-07
9.5367e-07
0.0000e+00
5.5075e-05
1.9073e-06
0.0000e+00
5.5075e-05
1.0967e-05
0.0000e+00
5.5075e-05
2.1458e-06
0.0000e+00
5.2929e-05
9.5367e-07
0.0000e+00
7.7963e-05
3.0994e-06
6.7115e-04
0.0000e+00
9.5367e-07
0.0000e+00
5.6982e-05
2.1458e-06
3.8147e-06
0.0000e+00
9.5367e-07
0.0000e+00
5.5075e-05
9.5367e-07
0.0000e+00
5.2929e-05
9.5367e-07
0.0000e+00
5.9843e-05
1.4091e-04
0.0000e+00
5.4836e-05
5.9605e-06
0.0000e+00
5.6028e-05
5.1022e-05
0.0000e+00
7.4148e-05
3.0994e-06
0.0000e+00
5.6982e-05
9.5367e-07
0.0000e+00
5.3883e-05
1.9073e-06
0.0000e+00
5.4121e-05
1.9073e-06
0.0000e+00
5.5075e-05
1.9073e-06
0.0000e+00
5.4121e-05
2.4605e-04
0.0000e+00
5.6028e-05
5.0068e-06
0.0000e+00
5.4121e-05
3.0994e-06
0.0000e+00
5.7936e-05
1.9073e-06
0.0000e+00
5.3883e-05
1.9073e-06
0.0000e+00
5.3883e-05
9.5367e-07
0.0000e+00
5.3167e-05
2.4104e-04
0.0000e+00
5.4836e-05
1.9073e-06
0.0000e+00
5.4836e-05
1.1802e-04
0.0000e+00
5.6028e-05
1.9073e-05
0.0000e+00
7.3910e-05
3.0994e-06
4.0531e-06
0.0000e+00
3.3855e-05
0.0000e+00
5.6028e-05
2.1458e-06
0.0000e+00
5.5075e-05
2.1458e-06
0.0000e+00
5.3883e-05
1.9073e-06
2.8610e-06
0.0000e+00
2.1458e-06
0.0000e+00
5.5075e-05
2.1458e-06
0.0000e+00
5.4121e-05
2.1458e-06
4.8089e-04
9.5367e-07
9.5367e-07
0.0000e+00
7.7009e-05
1.9073e-06
0.0000e+00
5.2929e-05
9.5367e-07
0.0000e+00
5.5075e-05
2.8610e-06
0.0000e+00
5.3883e-05
1.9073e-06
0.0000e+00
5.3883e-05
1.9073e-06
0.0000e+00
5.3883e-05
1.4305e-04
0.0000e+00
5.4121e-05
2.1458e-06
0.0000e+00
5.3883e-05
3.8147e-06
0.0000e+00
6.3896e-05
1.9073e-06
6.3920e-04
0.0000e+00
1.9073e-06
0.0000e+00
5.6028e-05
9.5367e-07
0.0000e+00
5.5075e-05
9.5367e-07
0.0000e+00
5.4121e-05
1.1921e-06
0.0000e+00
5.2929e-05
9.5367e-07
0.0000e+00
6.0081e-05
1.9073e-06
0.0000e+00
5.4121e-05
1.9073e-06
0.0000e+00
5.6982e-05
1.9073e-06
4.7684e-06
9.5367e-07
1.9073e-06
0.0000e+00
5.5075e-05
1.9073e-06
0.0000e+00
5.3167e-05
2.1458e-06
0.0000e+00
5.5075e-05
2.1458e-06
0.0000e+00
5.5075e-05
2.1458e-06
4.0531e-06
9.5367e-07
9.5367e-07
0.0000e+00
5.5075e-05
1.9073e-06
0.0000e+00
6.9857e-05
4.0531e-06
0.0000e+00
5.6028e-05
5.0521e-04
4.7922e-05
0.0000e+00
7.1526e-06
2.9087e-05
9.5367e-07
2.3842e-05
0.0000e+00
5.6982e-05
1.9073e-06
0.0000e+00
5.4121e-05
2.1458e-06
0.0000e+00
5.4121e-05
2.1458e-06
0.0000e+00
5.3883e-05
2.1458e-06
0.0000e+00
5.4836e-05
1.9073e-06
0.0000e+00
7.2956e-05
2.8610e-06
4.0531e-06
0.0000e+00
1.2159e-05
0.0000e+00
5.3883e-05
9.0599e-06
0.0000e+00
6.0081e-05
1.9073e-06
0.0000e+00
5.4121e-05
1.9073e-06
1.0619e-03
9.5367e-07
9.5367e-07
0.0000e+00
5.5075e-05
1.9073e-06
0.0000e+00
5.3167e-05
1.1921e-06
0.0000e+00
5.1975e-05
2.1458e-06
0.0000e+00
5.6028e-05
9.5367e-07
5.9605e-06
1.1921e-06
9.5367e-07
0.0000e+00
5.3883e-05
1.9073e-06
0.0000e+00
5.4121e-05
9.5367e-07
0.0000e+00
5.2929e-05
9.5367e-07
5.0068e-06
9.5367e-07
1.0014e-05
0.0000e+00
5.5075e-05
1.8835e-05
0.0000e+00
5.3883e-05
1.0014e-05
0.0000e+00
8.1062e-05
2.8610e-06
0.0000e+00
5.4121e-05
9.5367e-07
0.0000e+00
5.3167e-05
2.1458e-06
0.0000e+00
5.2929e-05
1.9073e-06
0.0000e+00
5.4121e-05
1.3189e-01
