6.1750e-03
2.5988e-05
0.0000e+00
1.1992e-04
3.8147e-06
0.0000e+00
6.0081e-05
2.8610e-06
0.0000e+00
8.5831e-05
4.0531e-06
0.0000e+00
8.2016e-05
3.0994e-06
0.0000e+00
5.6028e-05
2.1458e-06
0.0000e+00
5.6028e-05
2.1458e-06
0.0000e+00
6.1035e-05
2.1458e-06
0.0000e+00
9.7990e-05
2.8610e-06
0.0000e+00
5.8174e-05
3.0994e-06
0.0000e+00
5.6028e-05
1.9073e-06
0.0000e+00
5.4836e-05
2.1458e-06
4.6871e-03
1.9073e-06
6.9141e-06
0.0000e+00
1.1396e-04
3.0994e-06
0.0000e+00
9.5844e-05
2.8610e-06
0.0000e+00
9.2030e-05
3.8147e-06
2.0027e-05
1.9073e-06
3.8147e-06
7.8678e-06
9.5367e-07
5.0068e-06
0.0000e+00
9.7990e-05
3.0994e-06
0.0000e+00
9.5129e-05
2.8610e-06
1.2875e-05
9.5367e-07
2.8610e-06
2.8300e-04
9.5367e-07
1.9073e-06
0.0000e+00
9.7036e-05
2.8610e-06
0.0000e+00
9.4891e-05
2.8610e-06
5.0068e-06
2.1458e-06
1.9073e-06
0.0000e+00
9.1076e-05
3.0994e-06
0.0000e+00
1.3018e-04
2.8610e-06
5.9605e-06
2.1458e-06
3.0994e-06
1.2493e-04
9.5367e-07
2.1458e-06
0.0000e+00
9.6798e-05
2.8610e-06
0.0000e+00
9.5129e-05
2.1458e-06
0.0000e+00
9.5129e-05
3.0994e-06
0.0000e+00
9.4891e-05
3.0994e-06
1.5020e-05
9.5367e-07
4.0531e-06
9.1791e-05
9.5367e-07
1.0967e-05
5.9605e-06
9.5367e-07
4.0531e-06
3.5048e-05
1.1921e-06
4.0531e-06
0.0000e+00
1.2517e-04
4.0531e-06
0.0000e+00
9.5129e-05
2.8610e-06
0.0000e+00
9.2983e-05
3.0994e-06
0.0000e+00
9.2030e-05
2.1458e-06
0.0000e+00
9.1076e-05
3.0994e-06
0.0000e+00
9.0837e-05
4.0531e-06
0.0000e+00
9.9897e-05
3.8147e-06
0.0000e+00
9.2983e-05
4.0531e-06
0.0000e+00
9.1791e-05
2.8610e-06
0.0000e+00
9.0122e-05
2.8610e-06
0.0000e+00
9.1076e-05
2.8610e-06
0.0000e+00
9.1076e-05
4.0531e-06
2.0981e-05
1.1921e-06
4.0531e-06
0.0000e+00
9.3937e-05
2.8610e-06
0.0000e+00
7.0095e-05
2.8610e-06
0.0000e+00
6.3181e-05
2.8610e-06
1.4067e-05
1.1921e-06
2.1458e-06
0.0000e+00
5.6982e-05
3.0994e-06
0.0000e+00
5.6028e-05
2.1458e-06
0.0000e+00
5.4121e-05
1.9073e-06
0.0000e+00
5.4121e-05
2.1458e-06
7.2002e-05
1.1921e-06
2.1458e-06
2.2120e-03
0.0000e+00
1.9073e-06
0.0000e+00
5.5790e-05
2.1458e-06
0.0000e+00
5.5075e-05
2.1458e-06
1.9193e-04
9.5367e-07
3.0994e-06
1.0967e-05
9.5367e-07
1.9073e-06
0.0000e+00
5.7936e-05
1.9073e-06
0.0000e+00
5.5075e-05
1.9073e-06
0.0000e+00
5.4121e-05
1.9073e-06
0.0000e+00
5.4121e-05
2.1458e-06
0.0000e+00
5.3883e-05
2.1458e-06
0.0000e+00
5.5075e-05
2.1458e-06
0.0000e+00
5.2929e-05
2.8610e-06
0.0000e+00
5.6982e-05
3.0994e-06
0.0000e+00
5.5075e-05
2.1458e-06
0.0000e+00
5.5075e-05
1.2159e-05
4.4203e-04
0.0000e+00
2.1458e-06
0.0000e+00
5.6982e-05
1.9073e-06
0.0000e+00
5.5075e-05
1.9073e-06
0.0000e+00
5.2214e-05
2.1458e-06
0.0000e+00
5.4121e-05
1.9073e-06
0.0000e+00
5.5075e-05
1.9073e-06
3.9101e-05
9.5367e-07
1.9073e-06
0.0000e+00
5.4836e-05
2.1458e-06
0.0000e+00
5.2929e-05
1.9073e-06
0.0000e+00
5.2929e-05
1.9073e-06
0.0000e+00
6.0797e-05
3.0994e-06
0.0000e+00
5.5075e-05
2.1458e-06
0.0000e+00
5.5075e-05
1.9073e-06
0.0000e+00
5.6982e-05
2.1458e-06
8.4090e-04
9.5367e-07
1.9073e-06
0.0000e+00
5.9128e-05
1.9073e-06
0.0000e+00
5.3167e-05
1.9073e-06
0.0000e+00
5.4121e-05
2.1458e-06
0.0000e+00
5.3167e-05
2.1458e-06
6.9594e-04
1.1921e-06
2.1458e-06
0.0000e+00
5.6028e-05
1.9073e-06
0.0000e+00
6.9857e-05
3.0994e-06
0.0000e+00
5.6982e-05
1.9073e-06
0.0000e+00
5.6028e-05
9.5367e-07
1.5712e-04
9.5367e-07
2.1458e-06
0.0000e+00
5.6982e-05
1.9073e-06
2.9016e-04
9.5367e-07
3.0994e-06
5.0068e-06
9.5367e-07
1.9073e-06
1.0800e-04
2.1458e-06
3.0994e-06
0.0000e+00
9.2983e-05
2.8610e-06
0.0000e+00
9.2983e-05
2.8610e-06
0.0000e+00
1.1992e-04
2.8610e-06
6.9141e-06
9.5367e-07
1.9073e-06
9.3937e-05
1.1921e-06
2.8610e-06
0.0000e+00
9.2030e-05
2.8610e-06
7.5817e-05
9.5367e-07
2.1458e-06
0.0000e+00
9.1791e-05
3.0994e-06
0.0000e+00
9.5844e-05
3.0994e-06
0.0000e+00
9.2983e-05
2.8610e-06
1.6093e-04
9.5367e-07
3.0994e-06
0.0000e+00
9.6083e-05
4.0531e-06
0.0000e+00
9.6083e-05
2.8610e-06
0.0000e+00
1.0109e-04
1.9073e-06
0.0000e+00
9.3937e-05
2.8610e-06
0.0000e+00
9.3937e-05
2.8610e-06
0.0000e+00
9.2983e-05
1.9073e-06
0.0000e+00
9.2030e-05
1.9073e-06
0.0000e+00
9.0122e-05
2.8610e-06
2.0981e-05
2.1458e-06
3.0994e-06
0.0000e+00
9.5844e-05
3.0994e-06
1.9073e-05
1.1921e-06
3.0994e-06
3.6001e-05
9.5367e-07
3.0994e-06
0.0000e+00
9.7990e-05
3.0994e-06
0.0000e+00
9.2030e-05
4.0531e-06
0.0000e+00
9.4175e-05
2.8610e-06
0.0000e+00
9.3937e-05
3.0994e-06
0.0000e+00
9.5129e-05
2.8610e-06
0.0000e+00
1.1802e-04
4.0531e-06
0.0000e+00
9.5844e-05
3.0994e-06
0.0000e+00
1.0300e-04
4.0531e-06
1.1921e-05
9.5367e-07
3.0994e-06
1.7905e-04
9.5367e-07
3.0994e-06
0.0000e+00
9.7036e-05
3.0994e-06
0.0000e+00
9.3937e-05
1.9073e-06
0.0000e+00
8.9884e-05
2.1458e-06
6.9141e-06
1.9073e-06
3.0994e-06
0.0000e+00
9.2983e-05
2.8610e-06
0.0000e+00
6.0797e-05
1.9073e-06
0.0000e+00
5.6028e-05
2.1458e-06
0.0000e+00
5.4836e-05
2.1458e-06
0.0000e+00
5.2929e-05
9.5367e-07
2.3699e-04
9.5367e-07
1.9073e-06
2.0027e-05
1.1921e-06
1.1921e-06
0.0000e+00
5.5075e-05
2.1458e-06
0.0000e+00
5.3883e-05
1.9073e-06
0.0000e+00
7.2956e-05
1.9073e-06
0.0000e+00
5.3883e-05
1.9073e-06
0.0000e+00
5.4121e-05
9.5367e-07
0.0000e+00
5.4121e-05
1.9073e-06
0.0000e+00
6.1035e-05
1.9073e-06
4.0388e-04
1.1921e-06
2.1458e-06
0.0000e+00
5.5075e-05
2.1458e-06
2.5988e-05
1.1921e-06
9.5367e-07
2.9802e-05
0.0000e+00
1.9073e-06
0.0000e+00
7.2002e-05
1.9073e-06
0.0000e+00
5.7220e-05
2.1458e-06
0.0000e+00
5.3883e-05
9.5367e-07
0.0000e+00
5.2929e-05
1.9073e-06
0.0000e+00
6.1035e-05
2.8610e-06
6.8498e-04
9.5367e-07
1.9073e-06
5.3167e-05
9.5367e-07
9.5367e-07
7.5102e-05
0.0000e+00
2.1458e-06
0.0000e+00
5.6982e-05
1.9073e-06
0.0000e+00
6.0081e-05
3.0994e-06
0.0000e+00
5.6982e-05
1.9073e-06
3.0112e-04
9.5367e-07
1.9073e-06
0.0000e+00
5.3883e-05
1.9073e-06
0.0000e+00
5.2929e-05
1.9073e-06
0.0000e+00
5.4121e-05
2.1458e-06
0.0000e+00
5.2929e-05
1.9073e-06
0.0000e+00
5.3883e-05
1.9073e-06
0.0000e+00
5.3167e-05
4.0531e-06
4.8709e-04
1.9073e-06
4.0531e-06
0.0000e+00
9.4891e-05
3.0994e-06
0.0000e+00
9.2030e-05
3.0994e-06
5.9605e-06
1.9073e-06
3.0994e-06
0.0000e+00
9.5129e-05
2.8610e-06
0.0000e+00
8.4877e-05
3.0994e-06
0.0000e+00
6.2943e-05
1.9073e-06
0.0000e+00
5.2929e-05
1.9073e-06
0.0000e+00
7.9155e-05
2.1458e-06
0.0000e+00
5.6028e-05
1.9073e-06
5.4407e-04
9.5367e-07
2.1458e-06
0.0000e+00
5.5075e-05
1.9073e-06
0.0000e+00
5.6028e-05
1.9073e-06
1.4520e-04
9.5367e-07
1.9073e-06
0.0000e+00
5.7220e-05
2.1458e-06
0.0000e+00
5.2929e-05
1.9073e-06
6.1989e-06
9.5367e-07
1.9073e-06
0.0000e+00
7.4148e-05
1.9073e-06
0.0000e+00
5.6982e-05
2.1458e-06
0.0000e+00
5.4836e-05
2.1458e-06
0.0000e+00
5.2929e-05
1.9073e-06
0.0000e+00
5.3883e-05
1.9073e-06
0.0000e+00
5.3883e-05
1.9073e-06
0.0000e+00
5.2929e-05
1.9073e-06
0.0000e+00
6.1035e-05
2.8610e-06
0.0000e+00
1.0896e-04
2.8610e-06
7.1502e-04
9.5367e-07
3.0994e-06
0.0000e+00
9.8944e-05
2.8610e-06
0.0000e+00
9.9897e-05
3.8147e-06
0.0000e+00
9.4891e-05
4.0531e-06
0.0000e+00
9.2983e-05
3.0994e-06
0.0000e+00
9.4175e-05
2.8610e-06
0.0000e+00
9.6083e-05
2.8610e-06
0.0000e+00
1.2088e-04
3.8147e-06
0.0000e+00
9.2030e-05
4.0531e-06
1.7166e-05
9.5367e-07
2.1458e-06
0.0000e+00
6.6996e-05
1.9073e-06
0.0000e+00
5.4836e-05
1.9073e-06
2.7084e-04
1.1921e-06
2.1458e-06
2.0027e-05
0.0000e+00
1.9073e-06
0.0000e+00
5.6982e-05
2.1458e-06
0.0000e+00
5.5075e-05
2.1458e-06
0.0000e+00
7.7963e-05
2.8610e-06
5.0068e-06
9.5367e-07
1.9073e-06
0.0000e+00
5.4121e-05
9.5367e-07
5.1022e-05
9.5367e-07
2.1458e-06
0.0000e+00
5.5075e-05
1.9073e-06
3.3498e-04
9.5367e-07
1.9073e-06
2.2411e-04
9.5367e-07
1.9073e-06
0.0000e+00
5.6982e-05
2.1458e-06
0.0000e+00
5.2929e-05
1.9073e-06
0.0000e+00
5.2929e-05
1.9073e-06
0.0000e+00
5.6028e-05
2.1458e-06
0.0000e+00
5.4121e-05
2.1458e-06
0.0000e+00
5.3167e-05
2.1458e-06
0.0000e+00
6.1989e-05
1.9073e-06
0.0000e+00
5.3167e-05
2.1458e-06
0.0000e+00
8.2970e-05
3.0994e-06
0.0000e+00
5.6028e-05
1.9073e-06
0.0000e+00
7.2956e-05
2.1458e-06
0.0000e+00
5.6982e-05
1.9073e-06
0.0000e+00
5.2929e-05
1.9073e-06
0.0000e+00
5.5075e-05
1.9073e-06
0.0000e+00
5.1975e-05
2.1458e-06
0.0000e+00
5.2929e-05
1.9073e-06
0.0000e+00
5.2929e-05
1.9073e-06
0.0000e+00
5.3167e-05
2.1458e-06
0.0000e+00
7.5102e-05
3.0994e-06
0.0000e+00
6.1989e-05
1.9073e-06
0.0000e+00
5.6028e-05
1.9073e-06
0.0000e+00
5.3883e-05
5.0068e-06
0.0000e+00
5.5075e-05
1.9073e-06
0.0000e+00
5.4121e-05
1.9073e-06
0.0000e+00
5.6028e-05
2.1458e-06
2.2030e-03
1.1921e-06
1.9073e-06
0.0000e+00
7.5102e-05
1.9073e-06
0.0000e+00
5.4121e-05
1.9073e-06
0.0000e+00
5.3167e-05
2.1458e-06
0.0000e+00
5.3167e-05
2.1458e-06
0.0000e+00
6.1989e-05
1.9073e-06
0.0000e+00
5.4121e-05
9.5367e-07
3.0613e-04
0.0000e+00
9.5367e-07
0.0000e+00
5.4836e-05
1.9073e-06
3.1900e-04
0.0000e+00
1.9073e-06
0.0000e+00
5.6982e-05
1.9073e-06
0.0000e+00
6.1035e-05
1.9073e-06
0.0000e+00
5.3883e-05
1.9073e-06
0.0000e+00
5.4121e-05
1.9073e-06
0.0000e+00
5.2929e-05
2.1458e-06
0.0000e+00
5.6028e-05
9.5367e-07
0.0000e+00
5.4121e-05
1.1921e-06
0.0000e+00
7.0095e-05
2.1458e-06
0.0000e+00
5.4121e-05
2.1458e-06
2.6703e-04
9.5367e-07
1.9073e-06
6.1989e-06
9.5367e-07
1.9073e-06
0.0000e+00
5.5075e-05
1.9073e-06
0.0000e+00
5.3883e-05
3.0994e-06
0.0000e+00
5.3883e-05
1.9073e-06
0.0000e+00
5.1975e-05
1.9073e-06
0.0000e+00
5.3167e-05
2.1458e-06
0.0000e+00
7.5102e-05
3.0994e-06
0.0000e+00
5.5075e-05
2.1458e-06
0.0000e+00
5.4121e-05
2.1458e-06
0.0000e+00
5.2929e-05
1.9073e-06
0.0000e+00
5.2929e-05
9.5367e-07
6.1512e-04
9.5367e-07
1.9073e-06
0.0000e+00
5.6982e-05
2.1458e-06
0.0000e+00
5.4121e-05
2.1458e-06
0.0000e+00
7.2956e-05
1.9073e-06
0.0000e+00
5.3883e-05
9.5367e-07
0.0000e+00
5.2929e-05
1.9073e-06
3.3140e-05
9.5367e-07
9.5367e-07
4.9186e-04
9.5367e-07
4.0531e-06
5.0068e-06
9.5367e-07
1.9073e-06
7.9870e-05
1.1921e-06
2.8610e-06
0.0000e+00
1.0085e-04
3.0994e-06
0.0000e+00
9.5129e-05
1.9073e-06
0.0000e+00
9.5129e-05
3.0994e-06
0.0000e+00
9.0122e-05
1.9073e-06
0.0000e+00
6.6996e-05
1.9073e-06
0.0000e+00
6.2943e-05
1.9073e-06
0.0000e+00
5.3167e-05
2.1458e-06
0.0000e+00
5.3167e-05
2.1458e-06
0.0000e+00
5.1975e-05
9.5367e-07
0.0000e+00
5.3167e-05
2.1458e-06
0.0000e+00
7.5102e-05
2.8610e-06
0.0000e+00
5.5790e-05
1.9073e-06
0.0000e+00
5.3883e-05
1.9073e-06
0.0000e+00
5.4121e-05
1.9073e-06
0.0000e+00
5.4121e-05
2.1458e-06
0.0000e+00
5.2929e-05
1.9073e-06
1.8883e-04
9.5367e-07
3.0994e-06
0.0000e+00
5.6982e-05
1.9073e-06
1.7309e-04
9.5367e-07
1.9073e-06
0.0000e+00
7.5817e-05
2.1458e-06
5.9605e-06
0.0000e+00
1.9073e-06
0.0000e+00
5.5075e-05
2.1458e-06
0.0000e+00
5.4121e-05
9.5367e-07
0.0000e+00
5.3883e-05
1.9073e-06
0.0000e+00
5.3883e-05
1.9073e-06
0.0000e+00
5.4121e-05
1.9073e-06
0.0000e+00
5.3167e-05
2.1458e-06
9.6393e-04
9.5367e-07
2.8610e-06
0.0000e+00
5.8889e-05
1.9073e-06
0.0000e+00
5.4121e-05
1.9073e-06
0.0000e+00
6.1035e-05
1.9073e-06
0.0000e+00
5.2929e-05
1.9073e-06
0.0000e+00
5.4121e-05
1.1921e-06
3.2401e-04
9.5367e-07
1.9073e-06
0.0000e+00
5.4836e-05
1.9073e-06
0.0000e+00
5.4836e-05
3.0994e-06
0.0000e+00
5.6982e-05
1.9073e-06
0.0000e+00
5.4121e-05
9.5367e-07
1.5688e-04
9.5367e-07
1.9073e-06
4.4012e-04
9.5367e-07
1.9073e-06
0.0000e+00
5.6028e-05
2.1458e-06
7.6056e-05
9.5367e-07
9.5367e-07
0.0000e+00
5.2929e-05
1.9073e-06
0.0000e+00
5.4121e-05
1.9073e-06
0.0000e+00
5.3167e-05
1.9073e-06
0.0000e+00
5.6982e-05
2.1458e-06
0.0000e+00
6.1989e-05
1.9073e-06
9.0599e-06
0.0000e+00
2.1458e-06
5.0068e-05
0.0000e+00
1.9073e-06
0.0000e+00
5.6028e-05
2.1458e-06
0.0000e+00
5.3883e-05
1.9073e-06
0.0000e+00
5.1975e-05
1.9073e-06
0.0000e+00
5.2929e-05
9.5367e-07
0.0000e+00
6.8903e-05
1.9073e-06
0.0000e+00
5.5075e-05
2.1458e-06
0.0000e+00
5.2929e-05
1.9073e-06
6.7401e-04
1.1921e-06
4.0531e-06
0.0000e+00
9.5844e-05
3.0994e-06
0.0000e+00
9.4891e-05
3.0994e-06
0.0000e+00
9.4175e-05
2.8610e-06
0.0000e+00
9.4891e-05
2.8610e-06
0.0000e+00
6.7949e-05
3.0994e-06
0.0000e+00
5.7936e-05
2.1458e-06
0.0000e+00
5.3883e-05
2.1458e-06
0.0000e+00
5.3883e-05
1.9073e-06
8.6069e-05
9.5367e-07
1.9073e-06
0.0000e+00
5.6982e-05
1.9073e-06
1.4782e-04
9.5367e-07
1.9073e-06
0.0000e+00
5.4121e-05
2.1458e-06
0.0000e+00
5.2929e-05
2.1458e-06
0.0000e+00
7.1049e-05
1.9073e-06
0.0000e+00
5.5075e-05
1.9073e-06
0.0000e+00
5.4121e-05
1.9073e-06
0.0000e+00
6.1989e-05
1.9073e-06
0.0000e+00
5.4836e-05
2.1458e-06
0.0000e+00
5.1975e-05
1.9073e-06
5.4097e-04
9.5367e-07
1.9073e-06
0.0000e+00
5.5075e-05
1.9073e-06
0.0000e+00
8.0109e-05
1.9073e-06
0.0000e+00
5.6028e-05
1.9073e-06
0.0000e+00
6.1035e-05
9.5367e-07
0.0000e+00
5.4121e-05
1.9073e-06
0.0000e+00
5.6982e-05
3.0994e-06
0.0000e+00
5.4121e-05
2.1458e-06
0.0000e+00
5.2929e-05
9.5367e-07
0.0000e+00
5.3883e-05
1.9073e-06
0.0000e+00
5.5075e-05
1.9073e-06
0.0000e+00
5.5075e-05
1.9073e-06
0.0000e+00
5.4836e-05
9.5367e-07
0.0000e+00
5.2929e-05
9.5367e-07
2.5797e-04
9.5367e-07
2.1458e-06
0.0000e+00
5.3883e-05
2.1458e-06
0.0000e+00
5.5075e-05
2.1458e-06
0.0000e+00
5.6028e-05
1.9073e-06
2.0099e-04
1.5974e-05
1.9073e-06
0.0000e+00
5.6982e-05
2.1458e-06
0.0000e+00
5.2929e-05
1.9073e-06
0.0000e+00
5.2929e-05
1.9073e-06
0.0000e+00
5.2929e-05
2.1458e-06
4.7708e-04
9.5367e-07
1.9073e-06
0.0000e+00
5.6028e-05
3.0994e-06
0.0000e+00
5.2929e-05
1.9073e-06
0.0000e+00
5.2929e-05
3.0994e-06
5.7793e-04
9.5367e-07
3.0994e-06
0.0000e+00
9.7036e-05
1.9073e-06
1.7881e-05
9.5367e-07
2.8610e-06
2.3842e-05
9.5367e-07
3.0994e-06
0.0000e+00
9.5129e-05
4.0531e-06
0.0000e+00
9.4891e-05
3.0994e-06
0.0000e+00
9.1076e-05
2.1458e-06
0.0000e+00
9.1791e-05
3.0994e-06
0.0000e+00
8.0109e-05
3.0994e-06
0.0000e+00
6.6042e-05
1.9073e-06
0.0000e+00
5.4121e-05
2.1458e-06
0.0000e+00
5.4121e-05
1.1921e-06
0.0000e+00
5.2929e-05
1.9073e-06
0.0000e+00
5.3883e-05
9.5367e-07
2.3842e-05
1.1921e-06
1.9073e-06
0.0000e+00
5.6028e-05
1.9073e-06
2.8014e-04
9.5367e-07
9.5367e-07
0.0000e+00
7.4148e-05
1.9073e-06
0.0000e+00
5.3883e-05
1.9073e-06
0.0000e+00
5.2929e-05
1.9073e-06
0.0000e+00
6.1989e-05
1.9073e-06
0.0000e+00
5.2929e-05
9.5367e-07
0.0000e+00
5.3167e-05
2.1458e-06
2.3508e-04
9.5367e-07
1.9073e-06
0.0000e+00
5.4836e-05
1.9073e-06
1.1683e-04
9.5367e-07
2.1458e-06
0.0000e+00
7.2956e-05
3.0994e-06
0.0000e+00
5.4836e-05
2.1458e-06
0.0000e+00
5.3883e-05
1.9073e-06
0.0000e+00
5.2214e-05
2.1458e-06
0.0000e+00
6.1035e-05
2.1458e-06
0.0000e+00
5.2929e-05
1.9073e-06
0.0000e+00
5.2929e-05
1.9073e-06
0.0000e+00
5.3167e-05
1.9073e-06
1.9073e-05
9.5367e-07
1.1921e-06
0.0000e+00
5.6982e-05
1.9073e-06
0.0000e+00
5.2929e-05
1.9073e-06
0.0000e+00
5.3167e-05
2.1458e-06
0.0000e+00
5.2929e-05
2.1458e-06
0.0000e+00
5.3883e-05
1.9073e-06
0.0000e+00
5.3167e-05
1.9073e-06
0.0000e+00
5.2929e-05
2.1458e-06
0.0000e+00
5.6028e-05
9.5367e-07
0.0000e+00
5.4121e-05
1.9073e-06
0.0000e+00
6.1989e-05
3.0994e-06
1.0750e-03
0.0000e+00
1.9073e-06
0.0000e+00
5.6028e-05
2.1458e-06
0.0000e+00
5.2929e-05
1.9073e-06
1.5020e-05
9.5367e-07
9.5367e-07
0.0000e+00
5.5075e-05
1.9073e-06
0.0000e+00
7.2956e-05
1.9073e-06
0.0000e+00
5.3883e-05
1.9073e-06
0.0000e+00
5.3883e-05
1.9073e-06
0.0000e+00
5.2929e-05
9.5367e-07
0.0000e+00
5.4121e-05
1.9073e-06
0.0000e+00
5.4121e-05
2.1458e-06
0.0000e+00
5.4121e-05
2.8610e-06
0.0000e+00
1.0204e-04
4.0531e-06
0.0000e+00
9.3937e-05
3.0994e-06
0.0000e+00
9.1076e-05
3.0994e-06
0.0000e+00
9.0122e-05
2.8610e-06
0.0000e+00
9.3937e-05
2.8610e-06
0.0000e+00
9.3937e-05
3.0994e-06
0.0000e+00
9.4175e-05
3.0994e-06
0.0000e+00
8.0824e-05
3.0994e-06
7.2408e-04
1.1921e-06
2.1458e-06
0.0000e+00
8.3923e-05
3.0994e-06
0.0000e+00
5.3883e-05
1.9073e-06
1.4067e-05
9.5367e-07
2.1458e-06
0.0000e+00
5.6028e-05
1.9073e-06
1.4067e-05
9.5367e-07
3.0994e-06
0.0000e+00
5.6982e-05
1.9073e-06
0.0000e+00
5.3883e-05
2.1458e-06
0.0000e+00
5.3883e-05
1.9073e-06
0.0000e+00
5.2929e-05
2.1458e-06
3.7098e-04
1.1921e-06
2.1458e-06
0.0000e+00
5.8889e-05
1.9073e-06
0.0000e+00
5.3883e-05
1.9073e-06
0.0000e+00
5.4121e-05
1.9073e-06
0.0000e+00
5.3167e-05
1.9073e-06
2.5034e-05
9.5367e-07
2.1458e-06
5.9128e-05
9.5367e-07
1.9073e-06
3.1948e-05
9.5367e-07
1.9073e-06
0.0000e+00
5.6982e-05
2.1458e-06
0.0000e+00
7.2002e-05
1.9073e-06
0.0000e+00
5.6028e-05
2.1458e-06
0.0000e+00
5.3883e-05
2.1458e-06
0.0000e+00
5.3883e-05
2.1458e-06
0.0000e+00
5.2929e-05
9.5367e-07
0.0000e+00
5.2929e-05
1.9073e-06
0.0000e+00
5.2929e-05
1.9073e-06
0.0000e+00
5.4121e-05
2.1458e-06
8.0395e-04
1.1921e-06
1.9073e-06
0.0000e+00
5.8174e-05
1.9073e-06
1.8120e-05
9.5367e-07
1.9073e-06
0.0000e+00
5.4121e-05
1.9073e-06
0.0000e+00
5.4121e-05
1.9073e-06
0.0000e+00
6.0081e-05
1.9073e-06
0.0000e+00
5.5075e-05
1.9073e-06
0.0000e+00
5.4121e-05
2.1458e-06
0.0000e+00
7.0095e-05
1.9073e-06
0.0000e+00
5.6982e-05
2.1458e-06
0.0000e+00
5.3883e-05
1.9073e-06
0.0000e+00
5.6982e-05
2.8610e-06
2.9206e-04
9.5367e-07
2.1458e-06
0.0000e+00
5.5075e-05
2.1458e-06
5.9605e-06
1.1921e-06
2.1458e-06
0.0000e+00
5.5075e-05
9.5367e-07
0.0000e+00
6.1989e-05
3.0994e-06
0.0000e+00
7.3910e-05
1.9073e-06
0.0000e+00
5.2929e-05
1.9073e-06
0.0000e+00
5.4121e-05
9.5367e-07
5.4121e-05
0.0000e+00
1.9073e-06
0.0000e+00
5.3167e-05
2.1458e-06
0.0000e+00
5.6028e-05
9.5367e-07
0.0000e+00
5.1975e-05
1.9073e-06
0.0000e+00
5.3883e-05
1.9073e-06
0.0000e+00
6.7949e-05
1.9073e-06
5.3692e-04
9.5367e-07
2.1458e-06
0.0000e+00
5.7936e-05
1.9073e-06
0.0000e+00
5.4121e-05
1.9073e-06
0.0000e+00
5.3167e-05
9.5367e-07
0.0000e+00
5.2929e-05
9.5367e-07
0.0000e+00
5.2929e-05
1.9073e-06
2.0142e-03
1.1921e-06
2.1458e-06
0.0000e+00
5.7936e-05
2.1458e-06
5.0902e-04
1.6928e-05
2.8610e-06
0.0000e+00
5.9128e-05
1.9073e-06
0.0000e+00
5.5075e-05
1.9073e-06
0.0000e+00
5.4121e-05
2.1458e-06
6.9141e-06
9.5367e-07
1.9073e-06
0.0000e+00
5.2929e-05
2.1458e-06
7.6056e-05
9.5367e-07
1.9073e-06
0.0000e+00
5.6028e-05
9.5367e-07
0.0000e+00
5.3883e-05
1.9073e-06
0.0000e+00
7.1049e-05
1.9073e-06
3.1400e-04
9.5367e-07
2.1458e-06
0.0000e+00
5.6028e-05
2.1458e-06
0.0000e+00
5.5075e-05
2.1458e-06
1.8907e-04
0.0000e+00
1.9073e-06
0.0000e+00
5.5075e-05
1.9073e-06
0.0000e+00
5.4121e-05
1.9073e-06
0.0000e+00
5.2929e-05
2.1458e-06
0.0000e+00
5.2929e-05
2.1458e-06
0.0000e+00
6.3896e-05
3.0994e-06
0.0000e+00
5.5075e-05
2.1458e-06
0.0000e+00
5.2929e-05
1.9073e-06
0.0000e+00
5.3883e-05
9.5367e-07
0.0000e+00
5.3167e-05
2.1458e-06
3.4904e-04
9.5367e-07
1.9073e-06
0.0000e+00
5.4836e-05
9.5367e-07
5.9605e-06
0.0000e+00
1.9073e-06
0.0000e+00
7.2956e-05
1.9073e-06
0.0000e+00
5.3167e-05
2.1458e-06
0.0000e+00
5.9128e-05
2.1458e-06
0.0000e+00
5.2929e-05
2.1458e-06
0.0000e+00
5.1975e-05
1.9073e-06
3.2210e-04
9.5367e-07
2.1458e-06
3.5048e-05
9.5367e-07
1.9073e-06
0.0000e+00
5.6028e-05
1.9073e-06
5.8317e-04
9.5367e-07
2.1458e-06
0.0000e+00
7.3910e-05
1.9073e-06
0.0000e+00
5.5075e-05
2.1458e-06
0.0000e+00
5.4121e-05
2.1458e-06
0.0000e+00
5.5075e-05
1.1921e-06
0.0000e+00
5.4121e-05
2.1458e-06
0.0000e+00
5.4121e-05
2.1458e-06
2.9898e-04
9.5367e-07
2.1458e-06
0.0000e+00
5.6028e-05
9.5367e-07
0.0000e+00
7.1049e-05
1.9073e-06
0.0000e+00
5.6028e-05
1.1921e-06
0.0000e+00
5.4121e-05
9.5367e-07
0.0000e+00
5.3883e-05
1.9073e-06
0.0000e+00
5.3883e-05
1.9073e-06
5.8174e-05
9.5367e-07
1.9073e-06
0.0000e+00
5.5790e-05
2.1458e-06
1.8835e-05
9.5367e-07
1.9073e-06
0.0000e+00
5.4121e-05
2.1458e-06
0.0000e+00
7.2956e-05
1.9073e-06
0.0000e+00
5.3883e-05
1.9073e-06
0.0000e+00
5.2929e-05
1.9073e-06
0.0000e+00
6.1989e-05
2.1458e-06
0.0000e+00
5.2929e-05
9.5367e-07
0.0000e+00
5.4836e-05
1.9073e-06
3.6597e-04
0.0000e+00
1.9073e-06
0.0000e+00
5.6028e-05
1.9073e-06
0.0000e+00
7.2956e-05
3.0994e-06
0.0000e+00
5.5075e-05
1.9073e-06
0.0000e+00
5.3167e-05
2.1458e-06
0.0000e+00
5.3883e-05
1.9073e-06
1.3828e-05
9.5367e-07
2.1458e-06
0.0000e+00
6.1989e-05
1.9073e-06
1.0319e-03
0.0000e+00
1.9073e-06
0.0000e+00
5.5075e-05
9.5367e-07
5.9605e-06
0.0000e+00
2.1458e-06
0.0000e+00
7.2002e-05
2.8610e-06
0.0000e+00
5.4836e-05
1.9073e-06
0.0000e+00
5.4836e-05
1.9073e-06
0.0000e+00
5.2929e-05
9.5367e-07
0.0000e+00
5.3167e-05
2.1458e-06
0.0000e+00
5.4121e-05
9.5367e-07
0.0000e+00
5.3883e-05
9.5367e-07
0.0000e+00
5.2929e-05
1.9073e-06
0.0000e+00
5.6982e-05
2.1458e-06
0.0000e+00
8.1062e-05
3.0994e-06
0.0000e+00
9.2030e-05
3.0994e-06
0.0000e+00
9.5129e-05
2.8610e-06
0.0000e+00
9.0837e-05
2.8610e-06
2.8682e-04
9.5367e-07
3.0994e-06
5.9605e-06
9.5367e-07
3.0994e-06
0.0000e+00
9.2030e-05
2.8610e-06
0.0000e+00
9.9897e-05
3.0994e-06
0.0000e+00
6.6042e-05
1.9073e-06
0.0000e+00
5.4121e-05
2.1458e-06
0.0000e+00
5.3883e-05
2.1458e-06
0.0000e+00
5.2929e-05
1.9073e-06
6.0081e-05
1.1921e-06
2.1458e-06
0.0000e+00
5.5075e-05
2.1458e-06
0.0000e+00
5.3167e-05
2.1458e-06
0.0000e+00
5.4121e-05
3.0994e-06
0.0000e+00
5.6982e-05
1.9073e-06
0.0000e+00
5.2929e-05
1.9073e-06
0.0000e+00
5.3883e-05
1.9073e-06
0.0000e+00
5.4121e-05
1.9073e-06
0.0000e+00
5.4121e-05
1.9073e-06
0.0000e+00
6.1989e-05
1.9073e-06
0.0000e+00
5.3883e-05
1.9073e-06
0.0000e+00
6.9857e-05
2.1458e-06
0.0000e+00
5.3883e-05
2.1458e-06
0.0000e+00
5.3883e-05
2.1458e-06
0.0000e+00
5.1975e-05
1.9073e-06
3.1948e-05
9.5367e-07
1.9073e-06
4.9114e-05
1.1921e-06
2.1458e-06
0.0000e+00
5.6982e-05
1.9073e-06
3.1948e-05
0.0000e+00
2.1458e-06
0.0000e+00
5.5075e-05
1.9073e-06
0.0000e+00
7.1049e-05
1.9073e-06
0.0000e+00
5.3883e-05
1.9073e-06
0.0000e+00
5.3883e-05
1.9073e-06
0.0000e+00
6.1989e-05
2.1458e-06
0.0000e+00
5.1975e-05
1.9073e-06
0.0000e+00
5.3883e-05
1.9073e-06
6.9141e-05
9.5367e-07
1.9073e-06
3.4809e-05
9.5367e-07
1.9073e-06
0.0000e+00
5.5075e-05
1.9073e-06
0.0000e+00
7.2002e-05
3.0994e-06
0.0000e+00
5.5075e-05
1.1921e-06
0.0000e+00
5.3883e-05
2.1458e-06
0.0000e+00
5.2929e-05
1.9073e-06
0.0000e+00
5.3883e-05
1.9073e-06
0.0000e+00
5.4121e-05
9.5367e-07
0.0000e+00
5.4121e-05
1.9073e-06
0.0000e+00
6.0081e-05
3.0994e-06
1.1921e-05
9.5367e-07
2.1458e-06
0.0000e+00
5.7936e-05
9.5367e-07
0.0000e+00
5.3883e-05
1.9073e-06
0.0000e+00
7.3195e-05
3.0994e-06
1.0014e-05
1.1921e-06
2.1458e-06
0.0000e+00
5.5075e-05
1.9073e-06
0.0000e+00
5.5075e-05
1.9073e-06
5.3167e-05
9.5367e-07
1.9073e-06
0.0000e+00
5.3883e-05
2.8610e-06
8.1062e-05
0.0000e+00
2.1458e-06
0.0000e+00
5.6982e-05
1.9073e-06
0.0000e+00
5.5075e-05
1.9073e-06
0.0000e+00
5.3167e-05
2.1458e-06
0.0000e+00
6.1989e-05
1.9073e-06
0.0000e+00
5.5075e-05
1.9073e-06
1.5020e-05
9.5367e-07
1.9073e-06
0.0000e+00
5.6028e-05
1.9073e-06
0.0000e+00
6.9857e-05
1.9073e-06
0.0000e+00
5.6028e-05
2.1458e-06
6.0081e-05
9.5367e-07
1.9073e-06
0.0000e+00
5.5075e-05
1.9073e-06
0.0000e+00
5.5075e-05
1.9073e-06
0.0000e+00
5.4121e-05
1.9073e-06
4.6015e-05
1.1921e-06
1.9073e-06
0.0000e+00
5.6028e-05
1.9073e-06
5.3167e-05
9.5367e-07
1.9073e-06
3.6001e-05
9.5367e-07
9.5367e-07
0.0000e+00
8.1062e-05
1.9073e-06
3.3855e-05
0.0000e+00
2.1458e-06
0.0000e+00
5.4121e-05
2.1458e-06
0.0000e+00
5.4121e-05
9.5367e-07
0.0000e+00
5.2929e-05
1.9073e-06
0.0000e+00
5.4121e-05
9.5367e-07
0.0000e+00
5.4121e-05
2.1458e-06
0.0000e+00
5.3167e-05
9.5367e-07
0.0000e+00
7.4863e-05
2.1458e-06
0.0000e+00
5.5075e-05
2.1458e-06
0.0000e+00
5.3883e-05
1.9073e-06
0.0000e+00
5.2929e-05
1.9073e-06
0.0000e+00
5.1975e-05
1.9073e-06
1.1921e-05
0.0000e+00
1.9073e-06
0.0000e+00
6.3181e-05
2.1458e-06
0.0000e+00
5.6028e-05
2.1458e-06
0.0000e+00
7.2956e-05
2.1458e-06
0.0000e+00
5.5075e-05
1.1921e-06
0.0000e+00
5.3883e-05
2.1458e-06
0.0000e+00
5.2929e-05
1.9073e-06
3.6955e-05
9.5367e-07
1.9073e-06
0.0000e+00
5.4121e-05
2.1458e-06
0.0000e+00
5.3883e-05
1.9073e-06
7.9870e-05
1.1921e-06
2.1458e-06
0.0000e+00
5.4836e-05
1.9073e-06
0.0000e+00
5.6028e-05
1.9073e-06
0.0000e+00
5.3883e-05
1.9073e-06
0.0000e+00
5.3167e-05
1.9073e-06
0.0000e+00
5.3883e-05
1.9073e-06
0.0000e+00
5.3167e-05
2.1458e-06
0.0000e+00
5.5075e-05
2.1458e-06
0.0000e+00
5.4121e-05
1.9073e-06
0.0000e+00
6.6042e-05
2.8610e-06
2.0981e-05
9.5367e-07
1.9073e-06
0.0000e+00
5.6028e-05
1.9073e-06
3.4094e-05
9.5367e-07
9.5367e-07
0.0000e+00
5.6028e-05
1.1921e-06
0.0000e+00
5.3883e-05
2.1458e-06
0.0000e+00
5.3883e-05
1.9073e-06
4.9829e-05
9.5367e-07
1.9073e-06
0.0000e+00
5.6028e-05
1.9073e-06
0.0000e+00
5.2929e-05
1.9073e-06
0.0000e+00
6.2943e-05
1.9073e-06
3.6955e-05
9.5367e-07
1.9073e-06
0.0000e+00
5.5075e-05
9.5367e-07
0.0000e+00
5.3167e-05
2.1458e-06
0.0000e+00
5.5075e-05
1.1921e-06
0.0000e+00
5.2929e-05
1.9073e-06
0.0000e+00
5.2929e-05
1.9073e-06
0.0000e+00
5.3167e-05
2.1458e-06
1.0967e-05
9.5367e-07
2.1458e-06
0.0000e+00
5.7936e-05
1.9073e-06
6.6996e-05
9.5367e-07
1.9073e-06
0.0000e+00
5.6028e-05
1.9073e-06
0.0000e+00
5.4121e-05
1.9073e-06
0.0000e+00
5.3167e-05
2.1458e-06
0.0000e+00
6.1989e-05
1.9073e-06
0.0000e+00
5.5075e-05
1.9073e-06
0.0000e+00
7.2002e-05
3.0994e-06
1.0967e-05
0.0000e+00
2.1458e-06
9.4891e-05
9.5367e-07
9.5367e-07
0.0000e+00
5.6982e-05
1.9073e-06
0.0000e+00
5.3883e-05
1.9073e-06
0.0000e+00
5.2929e-05
1.9073e-06
0.0000e+00
5.3167e-05
2.1458e-06
1.0014e-05
9.5367e-07
1.9073e-06
0.0000e+00
5.2929e-05
1.9073e-06
0.0000e+00
7.2002e-05
2.1458e-06
0.0000e+00
5.5075e-05
2.1458e-06
0.0000e+00
5.2929e-05
9.5367e-07
0.0000e+00
6.1035e-05
1.9073e-06
0.0000e+00
5.7936e-05
1.9073e-06
0.0000e+00
5.4121e-05
1.9073e-06
1.0967e-05
9.5367e-07
1.9073e-06
0.0000e+00
5.4121e-05
2.1458e-06
0.0000e+00
5.1975e-05
1.9073e-06
0.0000e+00
5.6982e-05
1.9073e-06
0.0000e+00
5.2929e-05
1.9073e-06
0.0000e+00
5.3167e-05
2.1458e-06
0.0000e+00
5.2929e-05
1.9073e-06
0.0000e+00
5.3883e-05
9.5367e-07
0.0000e+00
5.6982e-05
2.8610e-06
1.1897e-04
0.0000e+00
2.8610e-06
5.0068e-06
0.0000e+00
1.9073e-06
0.0000e+00
8.2970e-05
1.9073e-06
0.0000e+00
5.4121e-05
2.1458e-06
0.0000e+00
5.3883e-05
2.1458e-06
0.0000e+00
5.3883e-05
1.9073e-06
0.0000e+00
5.5790e-05
2.1458e-06
0.0000e+00
5.3883e-05
1.9073e-06
0.0000e+00
5.2929e-05
9.5367e-07
9.0599e-06
9.5367e-07
1.9073e-06
0.0000e+00
6.9857e-05
2.8610e-06
0.0000e+00
5.3883e-05
1.9073e-06
0.0000e+00
5.4121e-05
2.1458e-06
0.0000e+00
5.3167e-05
1.9073e-06
0.0000e+00
5.1975e-05
1.9073e-06
0.0000e+00
6.1035e-05
1.9073e-06
0.0000e+00
5.1975e-05
2.1458e-06
0.0000e+00
5.3883e-05
2.1458e-06
2.4080e-05
9.5367e-07
1.9073e-06
0.0000e+00
5.7220e-05
2.1458e-06
0.0000e+00
5.2929e-05
1.9073e-06
0.0000e+00
5.3883e-05
1.9073e-06
0.0000e+00
5.3167e-05
9.5367e-07
0.0000e+00
5.3883e-05
1.9073e-06
0.0000e+00
5.2929e-05
2.1458e-06
0.0000e+00
5.3167e-05
2.1458e-06
1.1921e-05
1.1921e-06
2.1458e-06
7.1049e-05
0.0000e+00
1.9073e-06
0.0000e+00
5.6982e-05
2.1458e-06
5.5075e-05
0.0000e+00
1.9073e-06
6.1035e-05
1.1921e-06
2.1458e-06
6.7949e-05
1.1921e-06
2.1458e-06
0.0000e+00
5.6028e-05
2.1458e-06
0.0000e+00
5.4121e-05
2.1458e-06
0.0000e+00
5.5075e-05
2.1458e-06
0.0000e+00
5.4121e-05
2.1458e-06
0.0000e+00
7.7009e-05
3.0994e-06
0.0000e+00
5.6028e-05
1.9073e-06
1.2159e-05
9.5367e-07
1.9073e-06
4.6015e-05
0.0000e+00
2.1458e-06
1.4067e-05
9.5367e-07
9.5367e-07
0.0000e+00
5.5075e-05
1.9073e-06
0.0000e+00
5.4121e-05
1.9073e-06
6.5088e-05
0.0000e+00
2.1458e-06
0.0000e+00
5.6028e-05
1.9073e-06
0.0000e+00
5.4121e-05
2.8610e-06
8.1062e-06
9.5367e-07
9.5367e-07
1.1182e-04
9.5367e-07
1.9073e-06
0.0000e+00
5.8174e-05
1.9073e-06
0.0000e+00
5.4121e-05
1.9073e-06
0.0000e+00
5.4121e-05
2.1458e-06
0.0000e+00
5.3883e-05
2.1458e-06
0.0000e+00
5.2929e-05
1.9073e-06
0.0000e+00
5.4121e-05
1.9073e-06
0.0000e+00
7.1049e-05
2.8610e-06
0.0000e+00
5.6982e-05
2.1458e-06
0.0000e+00
5.3883e-05
2.1458e-06
0.0000e+00
5.5075e-05
1.9073e-06
0.0000e+00
5.4121e-05
2.1458e-06
0.0000e+00
5.2929e-05
1.9073e-06
9.7752e-06
9.5367e-07
1.9073e-06
0.0000e+00
5.4121e-05
1.9073e-06
0.0000e+00
5.3167e-05
2.1458e-06
0.0000e+00
5.6028e-05
1.9073e-06
0.0000e+00
5.4121e-05
2.1458e-06
0.0000e+00
5.3167e-05
2.1458e-06
0.0000e+00
5.1975e-05
9.5367e-07
5.7936e-05
1.1921e-06
9.5367e-07
0.0000e+00
5.5075e-05
1.9073e-06
0.0000e+00
5.4121e-05
2.1458e-06
0.0000e+00
5.1975e-05
2.8610e-06
0.0000e+00
6.3896e-05
1.9073e-06
0.0000e+00
5.4836e-05
9.5367e-07
2.6941e-05
9.5367e-07
1.9073e-06
0.0000e+00
5.4836e-05
1.9073e-06
9.8944e-05
9.5367e-07
9.5367e-07
0.0000e+00
5.4836e-05
1.9073e-06
0.0000e+00
5.2929e-05
1.9073e-06
5.0068e-06
1.1921e-06
2.1458e-06
0.0000e+00
5.5075e-05
3.0994e-06
0.0000e+00
5.6028e-05
1.9073e-06
6.1989e-05
0.0000e+00
9.5367e-07
0.0000e+00
5.6028e-05
1.9073e-06
0.0000e+00
5.3167e-05
1.9073e-06
0.0000e+00
5.3167e-05
2.1458e-06
0.0000e+00
5.3167e-05
2.1458e-06
0.0000e+00
5.2929e-05
1.9073e-06
0.0000e+00
5.2929e-05
1.9073e-06
0.0000e+00
5.6028e-05
1.1921e-06
5.0068e-06
9.5367e-07
1.9073e-06
0.0000e+00
5.4836e-05
9.5367e-07
0.0000e+00
5.1975e-05
2.1458e-06
0.0000e+00
5.3883e-05
2.1458e-06
0.0000e+00
5.3883e-05
2.1458e-06
0.0000e+00
5.2929e-05
1.9073e-06
4.9114e-05
9.5367e-07
2.1458e-06
0.0000e+00
7.0095e-05
2.1458e-06
0.0000e+00
5.6028e-05
1.9073e-06
0.0000e+00
5.5075e-05
1.9073e-06
5.6982e-05
0.0000e+00
2.1458e-06
0.0000e+00
5.6982e-05
1.9073e-06
0.0000e+00
5.4121e-05
1.9073e-06
0.0000e+00
5.2929e-05
2.1458e-06
0.0000e+00
5.3883e-05
1.9073e-06
0.0000e+00
5.3883e-05
2.8610e-06
0.0000e+00
5.6982e-05
2.1458e-06
0.0000e+00
5.4121e-05
2.1458e-06
0.0000e+00
5.2929e-05
9.5367e-07
8.8215e-06
9.5367e-07
2.1458e-06
0.0000e+00
5.6028e-05
2.1458e-06
0.0000e+00
5.3167e-05
9.5367e-07
0.0000e+00
5.2929e-05
1.9073e-06
0.0000e+00
5.5075e-05
1.9073e-06
0.0000e+00
5.6982e-05
2.1458e-06
6.3896e-05
1.1921e-06
2.1458e-06
0.0000e+00
5.6028e-05
1.9073e-06
0.0000e+00
5.3167e-05
2.1458e-06
0.0000e+00
5.4121e-05
2.1458e-06
0.0000e+00
5.2929e-05
1.9073e-06
0.0000e+00
5.3883e-05
1.9073e-06
5.4121e-05
9.5367e-07
1.9073e-06
0.0000e+00
7.1049e-05
1.9073e-06
0.0000e+00
5.5075e-05
9.5367e-07
0.0000e+00
5.3167e-05
1.1921e-06
0.0000e+00
5.2929e-05
1.9073e-06
0.0000e+00
5.1975e-05
1.9073e-06
0.0000e+00
5.3883e-05
1.9073e-06
5.0068e-06
0.0000e+00
9.5367e-07
0.0000e+00
5.5075e-05
1.9073e-06
0.0000e+00
7.2956e-05
2.1458e-06
0.0000e+00
5.3883e-05
2.1458e-06
0.0000e+00
5.2929e-05
1.9073e-06
0.0000e+00
5.2929e-05
1.9073e-06
0.0000e+00
5.4121e-05
2.1458e-06
0.0000e+00
5.1975e-05
1.9073e-06
0.0000e+00
5.2929e-05
1.9073e-06
0.0000e+00
5.3167e-05
2.8610e-06
0.0000e+00
5.6982e-05
9.5367e-07
0.0000e+00
5.4121e-05
2.1458e-06
0.0000e+00
5.3167e-05
2.1458e-06
2.3842e-05
9.5367e-07
1.9073e-06
7.7963e-05
9.5367e-07
1.9073e-06
0.0000e+00
5.6028e-05
1.9073e-06
0.0000e+00
5.3883e-05
1.9073e-06
4.9114e-05
0.0000e+00
9.5367e-07
1.8120e-05
9.5367e-07
1.9073e-06
4.8876e-05
1.1921e-06
2.1458e-06
0.0000e+00
5.7936e-05
1.9073e-06
0.0000e+00
5.4121e-05
1.9073e-06
0.0000e+00
5.4121e-05
1.9073e-06
0.0000e+00
5.5075e-05
1.9073e-06
0.0000e+00
5.4121e-05
2.1458e-06
0.0000e+00
5.3167e-05
2.1458e-06
0.0000e+00
5.2929e-05
1.9073e-06
0.0000e+00
7.7009e-05
1.9073e-06
0.0000e+00
5.6028e-05
1.9073e-06
0.0000e+00
5.3883e-05
1.9073e-06
0.0000e+00
5.3883e-05
1.9073e-06
0.0000e+00
5.4121e-05
1.9073e-06
0.0000e+00
5.3167e-05
2.1458e-06
0.0000e+00
5.3883e-05
9.5367e-07
0.0000e+00
5.2929e-05
3.0994e-06
1.0967e-05
9.5367e-07
2.1458e-06
4.0531e-06
0.0000e+00
1.9073e-06
9.2983e-05
9.5367e-07
1.1921e-06
0.0000e+00
5.6982e-05
1.9073e-06
0.0000e+00
5.4121e-05
1.9073e-06
0.0000e+00
5.3167e-05
2.1458e-06
0.0000e+00
6.1035e-05
2.1458e-06
0.0000e+00
5.4121e-05
2.1458e-06
0.0000e+00
5.1975e-05
1.9073e-06
0.0000e+00
7.4148e-05
2.1458e-06
0.0000e+00
5.4121e-05
2.1458e-06
0.0000e+00
5.2929e-05
1.9073e-06
0.0000e+00
5.5075e-05
2.1458e-06
0.0000e+00
5.3883e-05
1.9073e-06
0.0000e+00
5.2929e-05
9.5367e-07
0.0000e+00
5.3167e-05
2.1458e-06
8.1062e-05
9.5367e-07
1.9073e-06
0.0000e+00
7.2956e-05
2.8610e-06
1.3518e-04
9.5367e-07
2.8610e-06
0.0000e+00
5.7220e-05
1.9073e-06
0.0000e+00
5.1975e-05
9.5367e-07
0.0000e+00
5.1975e-05
1.9073e-06
0.0000e+00
5.3167e-05
1.1921e-06
3.7909e-05
1.1921e-06
9.5367e-07
0.0000e+00
5.4121e-05
2.1458e-06
0.0000e+00
5.4121e-05
2.1458e-06
0.0000e+00
5.6028e-05
9.5367e-07
0.0000e+00
5.3167e-05
2.1458e-06
0.0000e+00
5.2929e-05
2.1458e-06
5.0068e-06
0.0000e+00
1.9073e-06
5.6028e-05
9.5367e-07
2.1458e-06
0.0000e+00
5.6028e-05
1.9073e-06
0.0000e+00
5.2929e-05
2.1458e-06
0.0000e+00
5.4121e-05
1.9073e-06
0.0000e+00
7.1049e-05
1.9073e-06
0.0000e+00
5.4836e-05
1.9073e-06
0.0000e+00
5.3883e-05
1.9073e-06
0.0000e+00
5.1975e-05
1.1921e-06
0.0000e+00
5.2929e-05
1.9073e-06
0.0000e+00
5.2929e-05
1.9073e-06
0.0000e+00
5.4121e-05
1.9073e-06
0.0000e+00
5.2214e-05
1.9073e-06
1.2875e-05
9.5367e-07
2.1458e-06
4.6968e-05
9.5367e-07
9.5367e-07
0.0000e+00
5.7936e-05
1.9073e-06
6.4135e-05
9.5367e-07
1.9073e-06
0.0000e+00
5.5075e-05
2.1458e-06
1.1086e-04
9.5367e-07
1.9073e-06
0.0000e+00
5.6028e-05
1.9073e-06
0.0000e+00
5.4121e-05
1.9073e-06
0.0000e+00
5.3167e-05
1.9073e-06
0.0000e+00
5.4121e-05
2.8610e-06
0.0000e+00
5.7936e-05
1.9073e-06
0.0000e+00
5.4121e-05
2.1458e-06
0.0000e+00
5.5075e-05
2.1458e-06
0.0000e+00
5.2929e-05
1.9073e-06
0.0000e+00
5.2929e-05
1.9073e-06
0.0000e+00
5.3167e-05
2.1458e-06
3.7909e-05
9.5367e-07
1.9073e-06
0.0000e+00
5.5075e-05
2.8610e-06
0.0000e+00
5.6982e-05
1.9073e-06
0.0000e+00
5.4121e-05
2.1458e-06
1.5974e-05
9.5367e-07
2.1458e-06
0.0000e+00
5.3883e-05
9.5367e-07
0.0000e+00
5.4836e-05
2.1458e-06
5.6982e-05
9.5367e-07
1.9073e-06
0.0000e+00
5.4836e-05
2.1458e-06
0.0000e+00
5.4836e-05
1.9073e-06
7.2002e-05
9.5367e-07
2.8610e-06
0.0000e+00
5.6982e-05
1.9073e-06
0.0000e+00
5.2929e-05
1.9073e-06
0.0000e+00
5.3167e-05
2.1458e-06
0.0000e+00
5.4121e-05
1.9073e-06
0.0000e+00
6.0081e-05
2.1458e-06
0.0000e+00
5.4121e-05
1.9073e-06
0.0000e+00
5.7220e-05
2.1458e-06
0.0000e+00
7.0095e-05
2.1458e-06
3.0041e-05
0.0000e+00
1.9073e-06
3.5048e-05
0.0000e+00
1.9073e-06
0.0000e+00
5.6982e-05
2.1458e-06
0.0000e+00
5.4836e-05
2.1458e-06
0.0000e+00
5.3883e-05
2.1458e-06
5.9605e-06
9.5367e-07
1.1630e-01
