2.5311e-03
3.0041e-05
0.0000e+00
5.8174e-05
1.7292e-02
0.0000e+00
2.5988e-05
1.6928e-05
0.0000e+00
2.4080e-05
6.5100e-03
0.0000e+00
2.3127e-05
3.0994e-06
1.0967e-05
9.5367e-07
1.1921e-05
2.7950e-03
0.0000e+00
3.0994e-06
0.0000e+00
2.5988e-05
1.1921e-06
0.0000e+00
2.2888e-05
0.0000e+00
0.0000e+00
3.7193e-05
1.0490e-04
0.0000e+00
2.2173e-05
9.0599e-06
1.0967e-05
9.5367e-07
1.6928e-05
0.0000e+00
2.2888e-05
9.5367e-07
0.0000e+00
2.2173e-05
1.9073e-06
0.0000e+00
2.1935e-05
2.1458e-06
1.3530e-03
0.0000e+00
9.5367e-07
0.0000e+00
2.3127e-05
9.5367e-07
0.0000e+00
2.2173e-05
2.4295e-04
0.0000e+00
3.1948e-05
1.1921e-06
0.0000e+00
2.1935e-05
2.1458e-06
0.0000e+00
2.1935e-05
9.5367e-07
3.3998e-04
0.0000e+00
9.5367e-07
0.0000e+00
2.2888e-05
9.5367e-07
2.8610e-06
0.0000e+00
8.8215e-06
0.0000e+00
2.2888e-05
3.0994e-06
0.0000e+00
2.1935e-05
9.5367e-07
0.0000e+00
2.1935e-05
9.5367e-07
0.0000e+00
2.4080e-05
9.5367e-07
0.0000e+00
2.1935e-05
9.5367e-07
0.0000e+00
2.1935e-05
1.1921e-06
0.0000e+00
2.2888e-05
0.0000e+00
8.9908e-04
1.1921e-06
1.1921e-06
0.0000e+00
2.2888e-05
9.5367e-07
0.0000e+00
2.0981e-05
9.5367e-07
0.0000e+00
2.1935e-05
9.5367e-07
0.0000e+00
2.2888e-05
1.0300e-04
0.0000e+00
2.1935e-05
3.0994e-06
1.5092e-04
0.0000e+00
9.5367e-07
5.0068e-06
0.0000e+00
9.5367e-07
0.0000e+00
2.1935e-05
0.0000e+00
0.0000e+00
2.1935e-05
4.4394e-04
6.7091e-04
9.5367e-07
1.1921e-06
1.2240e-03
0.0000e+00
9.5367e-07
9.8944e-05
0.0000e+00
0.0000e+00
0.0000e+00
2.5034e-05
1.1921e-06
2.3103e-04
9.5367e-07
9.5367e-07
0.0000e+00
2.2888e-05
9.5367e-07
0.0000e+00
2.2888e-05
9.5367e-07
0.0000e+00
2.2173e-05
0.0000e+00
2.7108e-04
0.0000e+00
0.0000e+00
1.3494e-04
1.1921e-06
9.5367e-07
0.0000e+00
2.5988e-05
9.5367e-07
3.3140e-05
0.0000e+00
9.5367e-07
0.0000e+00
2.1935e-05
1.1921e-06
0.0000e+00
2.9802e-05
3.1090e-04
0.0000e+00
2.3127e-05
9.5367e-07
0.0000e+00
2.2173e-05
9.5367e-07
1.7500e-04
0.0000e+00
9.5367e-07
0.0000e+00
2.3127e-05
9.5367e-07
1.9813e-04
0.0000e+00
0.0000e+00
7.2002e-05
0.0000e+00
0.0000e+00
0.0000e+00
2.5034e-05
9.5367e-07
0.0000e+00
2.0981e-05
9.5367e-07
0.0000e+00
2.2173e-05
2.1410e-04
0.0000e+00
2.3127e-05
9.5367e-07
0.0000e+00
2.1935e-05
1.1921e-06
0.0000e+00
2.1935e-05
2.2888e-04
0.0000e+00
2.1935e-05
9.5367e-07
0.0000e+00
2.3127e-05
9.5367e-07
1.5974e-05
0.0000e+00
1.5020e-05
1.1921e-06
0.0000e+00
2.1935e-05
4.4894e-04
0.0000e+00
9.5367e-07
0.0000e+00
2.2888e-05
9.5367e-07
0.0000e+00
2.3127e-05
9.5367e-07
0.0000e+00
2.1935e-05
0.0000e+00
0.0000e+00
2.1935e-05
9.5367e-07
0.0000e+00
2.1935e-05
0.0000e+00
1.9073e-06
0.0000e+00
1.3113e-05
4.6897e-04
9.5367e-07
0.0000e+00
0.0000e+00
2.2173e-05
0.0000e+00
0.0000e+00
2.1935e-05
4.2415e-04
1.9073e-06
9.5367e-07
2.1219e-05
0.0000e+00
3.1948e-05
9.5367e-07
6.9141e-06
1.1921e-06
1.9073e-06
2.8896e-04
0.0000e+00
9.5367e-07
1.9073e-06
9.5367e-07
9.5367e-07
0.0000e+00
2.3127e-05
9.5367e-07
0.0000e+00
2.2173e-05
9.5367e-07
0.0000e+00
2.1935e-05
1.1921e-06
3.8147e-06
0.0000e+00
9.5367e-07
0.0000e+00
2.2888e-05
6.1989e-06
0.0000e+00
2.1935e-05
9.5367e-07
0.0000e+00
2.2888e-05
1.1921e-06
0.0000e+00
2.1935e-05
9.5367e-07
0.0000e+00
2.2173e-05
9.5367e-07
9.2602e-04
9.5367e-07
9.5367e-07
0.0000e+00
2.2888e-05
9.5367e-07
0.0000e+00
2.1935e-05
9.5367e-07
0.0000e+00
2.4080e-05
9.5367e-07
6.6304e-04
0.0000e+00
0.0000e+00
0.0000e+00
3.1948e-05
9.5367e-07
2.1458e-06
9.5367e-07
9.5367e-07
0.0000e+00
2.2888e-05
1.1921e-06
0.0000e+00
2.1935e-05
0.0000e+00
0.0000e+00
2.0981e-05
1.1921e-06
0.0000e+00
2.1935e-05
0.0000e+00
0.0000e+00
2.0981e-05
1.1921e-06
0.0000e+00
2.0981e-05
9.5367e-07
0.0000e+00
2.8133e-05
9.5367e-07
7.5006e-04
0.0000e+00
1.1921e-06
0.0000e+00
2.2888e-05
9.5367e-07
0.0000e+00
2.2173e-05
0.0000e+00
0.0000e+00
2.1935e-05
9.5367e-07
3.0518e-04
0.0000e+00
0.0000e+00
0.0000e+00
2.3127e-05
9.5367e-07
0.0000e+00
2.1935e-05
1.1921e-06
0.0000e+00
2.1935e-05
0.0000e+00
3.7694e-04
0.0000e+00
9.5367e-07
0.0000e+00
2.2888e-05
9.5367e-07
0.0000e+00
2.2173e-05
9.5367e-07
0.0000e+00
2.1935e-05
3.5596e-04
0.0000e+00
2.1935e-05
9.5367e-07
1.1921e-06
0.0000e+00
1.9073e-05
1.2589e-04
0.0000e+00
9.5367e-07
0.0000e+00
2.0981e-05
9.5367e-07
2.9588e-04
9.5367e-07
0.0000e+00
4.0531e-06
0.0000e+00
0.0000e+00
0.0000e+00
3.0994e-05
9.5367e-07
0.0000e+00
2.2173e-05
1.9073e-06
2.1458e-06
0.0000e+00
9.5367e-07
0.0000e+00
2.2173e-05
9.5367e-07
0.0000e+00
2.1935e-05
1.1921e-06
4.4703e-04
0.0000e+00
9.5367e-07
3.7599e-04
0.0000e+00
0.0000e+00
0.0000e+00
2.2888e-05
9.5367e-07
0.0000e+00
2.1935e-05
9.5367e-07
2.4199e-04
0.0000e+00
0.0000e+00
0.0000e+00
3.0041e-05
1.1921e-06
0.0000e+00
2.1935e-05
9.5367e-07
0.0000e+00
2.0981e-05
2.9421e-04
0.0000e+00
2.2888e-05
1.1921e-06
0.0000e+00
2.0981e-05
9.5367e-07
2.1458e-06
9.5367e-07
1.9073e-06
0.0000e+00
2.2173e-05
9.5367e-07
0.0000e+00
2.1935e-05
9.5367e-07
5.6815e-04
9.5367e-07
9.5367e-07
1.9073e-06
0.0000e+00
0.0000e+00
0.0000e+00
2.1935e-05
0.0000e+00
0.0000e+00
2.5034e-05
9.5367e-07
9.5367e-07
0.0000e+00
1.0967e-05
0.0000e+00
2.2173e-05
9.5367e-07
0.0000e+00
2.1935e-05
6.3992e-04
0.0000e+00
2.1935e-05
1.1921e-06
0.0000e+00
2.1935e-05
0.0000e+00
9.5367e-07
0.0000e+00
1.1921e-06
0.0000e+00
2.2888e-05
2.1458e-06
0.0000e+00
2.0981e-05
9.5367e-07
0.0000e+00
2.0981e-05
1.1921e-06
0.0000e+00
2.0981e-05
0.0000e+00
0.0000e+00
2.0981e-05
1.1921e-06
0.0000e+00
2.1935e-05
7.0095e-04
2.1458e-06
0.0000e+00
2.0027e-05
0.0000e+00
2.2888e-05
9.5367e-07
4.3917e-04
0.0000e+00
9.5367e-07
0.0000e+00
2.4080e-05
0.0000e+00
0.0000e+00
2.1935e-05
1.1921e-06
0.0000e+00
2.0981e-05
9.5367e-07
0.0000e+00
2.1935e-05
1.1921e-06
0.0000e+00
2.1935e-05
9.5367e-07
3.7813e-04
0.0000e+00
9.5367e-07
0.0000e+00
2.1935e-05
1.1921e-06
0.0000e+00
3.0041e-05
9.5367e-07
0.0000e+00
2.1935e-05
0.0000e+00
0.0000e+00
2.1935e-05
9.5367e-07
0.0000e+00
2.1935e-05
0.0000e+00
9.5367e-07
0.0000e+00
0.0000e+00
0.0000e+00
2.2173e-05
5.5504e-04
0.0000e+00
2.2888e-05
4.6015e-05
0.0000e+00
2.2173e-05
1.9073e-06
0.0000e+00
3.0041e-05
9.5367e-07
0.0000e+00
2.3127e-05
9.5367e-07
0.0000e+00
2.2173e-05
3.0494e-04
4.0054e-05
9.5367e-07
0.0000e+00
0.0000e+00
2.1935e-05
2.0981e-05
0.0000e+00
2.1935e-05
1.9073e-06
0.0000e+00
2.2173e-05
9.5367e-07
0.0000e+00
2.1935e-05
4.0531e-06
0.0000e+00
2.2173e-05
1.1921e-06
0.0000e+00
2.1935e-05
9.5367e-07
2.9016e-04
9.5367e-07
9.5367e-07
0.0000e+00
2.1935e-05
1.1921e-06
0.0000e+00
2.1935e-05
3.0994e-06
0.0000e+00
2.1935e-05
9.5367e-07
0.0000e+00
2.1935e-05
1.9073e-06
0.0000e+00
2.2173e-05
9.1600e-04
1.9073e-06
0.0000e+00
9.5367e-07
0.0000e+00
3.6001e-05
9.5367e-07
3.5691e-04
0.0000e+00
0.0000e+00
1.9073e-06
1.1921e-06
9.5367e-07
0.0000e+00
2.2888e-05
0.0000e+00
0.0000e+00
2.1935e-05
9.5367e-07
0.0000e+00
2.0981e-05
1.5616e-04
0.0000e+00
2.1935e-05
1.9073e-06
0.0000e+00
2.1935e-05
9.5367e-07
0.0000e+00
2.2173e-05
9.5367e-07
2.1005e-04
0.0000e+00
1.1921e-06
0.0000e+00
2.1935e-05
0.0000e+00
1.6212e-05
9.5367e-07
9.5367e-07
0.0000e+00
2.1935e-05
1.1921e-06
3.8147e-06
0.0000e+00
9.5367e-07
0.0000e+00
2.1935e-05
1.0014e-05
8.6021e-04
0.0000e+00
0.0000e+00
0.0000e+00
2.1935e-05
9.5367e-07
1.9073e-06
0.0000e+00
5.9605e-06
6.1989e-06
0.0000e+00
1.5974e-05
0.0000e+00
2.2173e-05
1.9073e-06
0.0000e+00
2.3127e-05
9.5367e-07
0.0000e+00
2.2173e-05
9.5367e-07
0.0000e+00
2.1935e-05
9.5367e-07
0.0000e+00
2.1935e-05
9.5367e-07
0.0000e+00
2.0981e-05
7.6509e-04
0.0000e+00
2.2173e-05
9.5367e-07
0.0000e+00
2.1935e-05
1.9598e-04
0.0000e+00
3.0994e-05
9.5367e-07
5.0068e-06
0.0000e+00
9.5367e-07
0.0000e+00
2.3127e-05
9.5367e-07
0.0000e+00
2.0981e-05
1.1921e-06
0.0000e+00
2.1935e-05
8.1062e-06
0.0000e+00
2.3127e-05
9.5367e-07
0.0000e+00
2.1935e-05
2.7299e-04
0.0000e+00
2.2173e-05
2.8610e-06
0.0000e+00
3.0994e-05
9.5367e-07
0.0000e+00
2.1935e-05
0.0000e+00
0.0000e+00
2.1935e-05
9.5367e-07
7.4506e-04
0.0000e+00
9.5367e-07
0.0000e+00
2.2173e-05
9.5367e-07
0.0000e+00
2.1935e-05
0.0000e+00
1.3185e-04
1.1921e-06
9.5367e-07
0.0000e+00
2.1935e-05
9.5367e-07
0.0000e+00
2.2173e-05
0.0000e+00
9.7036e-05
0.0000e+00
9.5367e-07
0.0000e+00
2.1935e-05
3.9697e-04
1.9073e-06
0.0000e+00
2.0981e-05
0.0000e+00
2.1935e-05
9.5367e-07
0.0000e+00
2.0981e-05
9.5367e-07
0.0000e+00
2.1935e-05
9.5367e-07
0.0000e+00
2.1935e-05
2.1911e-04
2.8849e-05
0.0000e+00
1.1921e-06
1.0967e-05
0.0000e+00
4.0531e-06
0.0000e+00
2.2888e-05
1.9073e-06
1.1110e-04
0.0000e+00
9.5367e-07
0.0000e+00
2.3127e-05
0.0000e+00
0.0000e+00
2.0981e-05
0.0000e+00
2.1458e-06
9.5367e-07
4.0531e-06
8.3089e-04
9.5367e-07
1.1921e-06
0.0000e+00
2.1935e-05
9.5367e-07
3.0303e-04
1.1921e-06
9.5367e-07
4.3869e-05
0.0000e+00
1.1921e-06
0.0000e+00
2.2888e-05
0.0000e+00
0.0000e+00
2.2173e-05
1.1921e-06
1.9073e-06
0.0000e+00
0.0000e+00
0.0000e+00
2.2888e-05
9.5367e-07
0.0000e+00
2.1935e-05
1.1921e-06
0.0000e+00
2.1935e-05
9.5367e-07
0.0000e+00
2.0981e-05
7.9107e-04
0.0000e+00
2.1935e-05
1.1921e-06
0.0000e+00
2.1935e-05
9.5367e-07
0.0000e+00
2.2173e-05
2.1458e-06
0.0000e+00
2.2888e-05
3.0494e-04
9.5367e-07
0.0000e+00
9.5367e-07
0.0000e+00
2.2888e-05
2.0027e-05
1.1921e-06
0.0000e+00
9.5367e-07
0.0000e+00
2.3127e-05
1.6928e-05
0.0000e+00
2.2173e-05
1.9073e-06
0.0000e+00
2.2173e-05
9.5367e-07
0.0000e+00
2.1935e-05
4.2701e-04
0.0000e+00
3.0041e-05
4.2415e-04
1.0967e-05
0.0000e+00
1.2159e-05
0.0000e+00
2.2888e-05
0.0000e+00
0.0000e+00
2.1935e-05
1.3399e-04
5.9605e-06
0.0000e+00
1.5974e-05
0.0000e+00
2.2888e-05
1.0014e-05
2.1458e-06
0.0000e+00
9.5367e-07
0.0000e+00
2.3127e-05
3.5691e-04
0.0000e+00
2.2173e-05
1.9073e-06
2.1458e-06
9.5367e-07
2.5034e-05
1.9073e-06
0.0000e+00
1.0014e-05
0.0000e+00
2.2888e-05
9.5367e-07
0.0000e+00
2.0981e-05
5.1212e-04
0.0000e+00
2.1935e-05
1.1921e-05
0.0000e+00
2.1935e-05
9.5367e-07
0.0000e+00
2.2173e-05
0.0000e+00
9.5367e-07
0.0000e+00
1.1206e-05
1.3828e-05
0.0000e+00
7.8678e-06
0.0000e+00
2.2173e-05
9.5367e-07
0.0000e+00
2.9087e-05
5.8484e-04
6.1035e-05
1.1921e-06
9.5367e-07
0.0000e+00
2.2888e-05
0.0000e+00
0.0000e+00
2.1935e-05
9.5367e-07
0.0000e+00
2.0981e-05
4.0531e-06
0.0000e+00
2.3127e-05
9.5367e-07
3.0684e-04
9.5367e-07
9.5367e-07
1.9073e-06
0.0000e+00
9.5367e-07
0.0000e+00
2.2888e-05
1.1921e-06
0.0000e+00
2.9802e-05
9.5367e-07
0.0000e+00
2.2888e-05
1.1921e-06
0.0000e+00
2.0981e-05
9.5367e-07
0.0000e+00
2.1219e-05
9.5367e-07
0.0000e+00
2.1935e-05
9.6798e-04
3.0994e-06
9.5367e-07
2.0981e-05
0.0000e+00
2.3127e-05
1.0896e-04
0.0000e+00
2.2173e-05
9.5367e-07
9.5367e-07
0.0000e+00
2.1458e-06
0.0000e+00
3.0994e-05
1.9073e-06
0.0000e+00
2.3127e-05
1.1921e-06
0.0000e+00
2.1935e-05
4.2295e-04
0.0000e+00
2.2173e-05
9.5367e-07
0.0000e+00
2.1935e-05
1.2159e-05
2.6703e-04
0.0000e+00
9.5367e-07
0.0000e+00
2.1935e-05
0.0000e+00
0.0000e+00
2.0981e-05
9.5367e-07
0.0000e+00
3.0041e-05
9.5367e-07
0.0000e+00
2.0981e-05
9.5367e-07
0.0000e+00
2.1935e-05
9.5367e-07
0.0000e+00
2.0981e-05
6.0201e-04
1.1897e-04
0.0000e+00
0.0000e+00
0.0000e+00
2.2888e-05
9.5367e-07
0.0000e+00
2.0981e-05
9.5367e-07
0.0000e+00
2.0981e-05
2.4295e-04
2.1458e-06
0.0000e+00
9.0599e-06
0.0000e+00
2.3127e-05
9.5367e-07
0.0000e+00
2.1935e-05
9.5367e-07
3.1090e-04
9.5367e-07
1.1921e-06
3.8147e-06
0.0000e+00
9.5367e-07
0.0000e+00
2.1935e-05
9.5367e-07
0.0000e+00
2.2173e-05
0.0000e+00
0.0000e+00
2.5034e-05
9.5367e-07
0.0000e+00
2.0981e-05
0.0000e+00
0.0000e+00
2.9802e-05
3.5000e-04
1.9073e-06
0.0000e+00
9.5367e-07
1.9789e-05
0.0000e+00
2.8610e-06
0.0000e+00
2.2173e-05
9.5367e-07
0.0000e+00
2.1935e-05
9.0599e-06
2.7800e-04
0.0000e+00
0.0000e+00
0.0000e+00
2.2173e-05
9.5367e-07
2.8610e-06
0.0000e+00
5.0068e-06
0.0000e+00
2.1935e-05
2.1458e-06
0.0000e+00
2.1935e-05
9.5367e-07
2.7204e-04
0.0000e+00
9.5367e-07
0.0000e+00
2.3127e-05
9.5367e-07
0.0000e+00
2.0981e-05
0.0000e+00
1.4997e-04
0.0000e+00
0.0000e+00
0.0000e+00
2.2173e-05
9.5367e-07
0.0000e+00
2.2888e-05
2.1458e-06
0.0000e+00
2.1935e-05
1.6212e-04
1.9073e-06
9.5367e-07
1.9073e-06
2.3127e-05
0.0000e+00
0.0000e+00
0.0000e+00
2.1935e-05
1.1706e-04
1.9073e-06
1.1921e-06
2.0981e-05
0.0000e+00
2.2888e-05
8.7023e-05
6.0081e-05
9.5367e-07
9.5367e-07
0.0000e+00
2.2173e-05
6.6996e-05
0.0000e+00
2.0981e-05
2.1458e-06
8.6069e-05
9.5367e-07
9.5367e-07
0.0000e+00
2.1935e-05
0.0000e+00
0.0000e+00
2.0981e-05
0.0000e+00
0.0000e+00
2.0981e-05
9.5367e-07
1.2708e-04
0.0000e+00
0.0000e+00
6.4135e-05
0.0000e+00
9.5367e-07
0.0000e+00
2.4080e-05
9.5367e-07
0.0000e+00
2.2173e-05
1.6594e-04
0.0000e+00
2.1935e-05
1.1921e-06
0.0000e+00
2.0981e-05
9.5367e-07
0.0000e+00
2.1935e-05
9.5367e-07
0.0000e+00
2.1935e-05
9.5367e-07
0.0000e+00
3.0041e-05
4.0531e-06
0.0000e+00
2.3127e-05
9.5367e-07
0.0000e+00
2.0981e-05
9.5367e-07
3.7885e-04
0.0000e+00
9.5367e-07
0.0000e+00
2.1935e-05
1.1921e-06
0.0000e+00
2.0981e-05
9.5367e-07
0.0000e+00
2.1935e-05
1.1921e-06
0.0000e+00
2.0981e-05
4.1008e-05
1.6499e-04
9.5367e-07
9.5367e-07
0.0000e+00
2.2888e-05
9.5367e-07
1.9073e-06
9.5367e-07
1.1921e-06
0.0000e+00
2.2888e-05
9.5367e-07
1.7500e-04
9.5367e-07
9.5367e-07
0.0000e+00
2.2888e-05
1.1921e-06
1.9073e-06
0.0000e+00
0.0000e+00
2.1458e-06
0.0000e+00
9.5367e-07
1.8597e-04
0.0000e+00
0.0000e+00
1.2589e-04
0.0000e+00
0.0000e+00
1.5020e-05
0.0000e+00
0.0000e+00
1.7190e-04
0.0000e+00
1.1921e-06
0.0000e+00
2.2888e-05
9.5367e-07
0.0000e+00
2.3127e-05
9.5367e-07
0.0000e+00
2.1935e-05
0.0000e+00
0.0000e+00
2.1935e-05
9.5367e-07
0.0000e+00
2.0981e-05
1.2398e-04
1.9073e-06
0.0000e+00
2.1219e-05
0.0000e+00
2.2888e-05
9.5367e-07
0.0000e+00
2.2173e-05
9.5367e-07
0.0000e+00
2.0981e-05
2.1458e-06
0.0000e+00
2.2888e-05
9.5367e-07
0.0000e+00
2.2173e-05
9.5367e-07
2.7108e-04
0.0000e+00
9.5367e-07
1.3804e-04
0.0000e+00
9.5367e-07
0.0000e+00
2.2173e-05
9.5367e-07
0.0000e+00
2.1935e-05
0.0000e+00
0.0000e+00
2.1935e-05
9.5367e-07
0.0000e+00
2.1935e-05
0.0000e+00
0.0000e+00
3.0041e-05
9.5367e-07
0.0000e+00
2.0981e-05
1.1921e-06
0.0000e+00
2.1935e-05
9.5367e-07
4.2605e-04
0.0000e+00
0.0000e+00
0.0000e+00
2.2888e-05
9.5367e-07
0.0000e+00
2.0981e-05
9.5367e-07
1.6594e-04
9.5367e-07
9.5367e-07
0.0000e+00
2.2173e-05
0.0000e+00
0.0000e+00
2.1935e-05
9.5367e-07
0.0000e+00
2.3127e-05
9.5367e-07
0.0000e+00
2.1935e-05
2.1458e-06
1.2875e-05
0.0000e+00
0.0000e+00
0.0000e+00
2.2888e-05
9.5367e-07
0.0000e+00
2.2173e-05
0.0000e+00
0.0000e+00
2.0981e-05
1.1921e-06
4.4179e-04
1.1921e-06
9.5367e-07
0.0000e+00
2.1935e-05
0.0000e+00
0.0000e+00
2.1935e-05
9.5367e-07
0.0000e+00
2.2888e-05
0.0000e+00
0.0000e+00
2.1935e-05
1.5807e-04
0.0000e+00
2.1935e-05
9.5367e-07
0.0000e+00
2.1935e-05
5.7936e-05
2.1458e-06
0.0000e+00
2.0981e-05
0.0000e+00
2.1935e-05
1.1110e-04
4.3869e-05
0.0000e+00
0.0000e+00
0.0000e+00
2.1935e-05
1.3113e-05
0.0000e+00
3.0041e-05
1.9073e-06
0.0000e+00
2.2173e-05
9.5367e-07
0.0000e+00
2.0981e-05
1.1921e-06
0.0000e+00
2.1935e-05
0.0000e+00
2.9302e-04
0.0000e+00
9.5367e-07
1.9073e-06
0.0000e+00
7.1526e-06
1.0705e-04
0.0000e+00
0.0000e+00
5.7936e-05
1.1921e-06
1.1921e-06
0.0000e+00
2.2888e-05
0.0000e+00
0.0000e+00
2.1935e-05
9.5367e-07
0.0000e+00
2.3127e-05
1.1706e-04
0.0000e+00
2.1935e-05
1.1921e-06
0.0000e+00
2.0981e-05
9.5367e-07
0.0000e+00
2.0981e-05
9.5367e-07
0.0000e+00
2.1935e-05
1.1921e-06
1.8787e-04
0.0000e+00
0.0000e+00
0.0000e+00
2.2888e-05
9.5367e-07
1.3614e-04
9.5367e-07
9.5367e-07
1.9073e-06
0.0000e+00
9.5367e-07
0.0000e+00
2.4080e-05
0.0000e+00
0.0000e+00
2.1935e-05
1.4710e-04
0.0000e+00
2.1935e-05
1.1921e-06
0.0000e+00
2.1935e-05
9.5367e-07
0.0000e+00
2.2173e-05
9.5367e-07
1.9693e-04
9.5367e-07
1.1921e-06
0.0000e+00
2.1935e-05
9.5367e-07
5.1975e-05
0.0000e+00
0.0000e+00
9.5367e-07
0.0000e+00
3.0994e-06
0.0000e+00
3.1948e-05
1.1921e-06
0.0000e+00
2.1935e-05
0.0000e+00
0.0000e+00
2.2173e-05
9.5367e-07
0.0000e+00
2.0981e-05
1.0896e-04
0.0000e+00
2.2173e-05
1.3208e-04
1.9073e-06
0.0000e+00
2.7180e-05
0.0000e+00
2.2888e-05
9.5367e-07
0.0000e+00
2.1935e-05
1.3185e-04
0.0000e+00
3.0994e-05
9.5367e-07
0.0000e+00
2.2173e-05
1.1921e-06
0.0000e+00
2.1935e-05
4.6968e-05
0.0000e+00
2.2173e-05
1.4186e-04
0.0000e+00
2.2173e-05
9.5367e-07
4.8876e-05
0.0000e+00
9.5367e-07
0.0000e+00
2.1935e-05
9.5367e-07
0.0000e+00
2.0981e-05
9.5367e-07
0.0000e+00
2.9087e-05
9.5367e-07
0.0000e+00
2.0981e-05
1.8311e-04
1.9073e-06
0.0000e+00
9.5367e-07
0.0000e+00
2.5034e-05
6.8903e-05
2.1458e-06
0.0000e+00
2.0981e-05
0.0000e+00
2.1935e-05
9.5367e-07
0.0000e+00
2.0981e-05
9.5367e-07
0.0000e+00
2.2173e-05
9.5367e-07
1.9073e-06
0.0000e+00
3.8147e-06
0.0000e+00
3.1233e-05
2.1458e-06
0.0000e+00
2.1935e-05
1.1921e-06
0.0000e+00
2.1935e-05
9.5367e-07
0.0000e+00
2.0981e-05
1.1921e-06
0.0000e+00
2.1935e-05
9.5367e-07
0.0000e+00
2.0981e-05
1.1921e-06
6.0701e-04
9.5367e-07
1.1921e-06
9.5367e-07
0.0000e+00
3.0994e-06
0.0000e+00
2.3127e-05
9.5367e-07
0.0000e+00
3.0994e-05
9.5367e-07
2.4295e-04
0.0000e+00
0.0000e+00
3.0994e-06
0.0000e+00
9.5367e-07
1.9073e-06
1.1921e-06
4.7684e-06
0.0000e+00
2.1935e-05
9.5367e-07
0.0000e+00
2.2173e-05
9.5367e-07
1.5593e-04
9.5367e-07
1.1921e-06
0.0000e+00
2.1935e-05
0.0000e+00
0.0000e+00
2.0981e-05
9.5367e-07
2.2793e-04
9.5367e-07
1.1921e-06
0.0000e+00
3.0041e-05
9.5367e-07
0.0000e+00
2.1935e-05
3.0994e-05
0.0000e+00
2.3842e-05
2.1219e-05
0.0000e+00
2.1935e-05
4.6015e-05
0.0000e+00
2.1935e-05
1.2803e-04
0.0000e+00
2.3127e-05
9.5367e-07
0.0000e+00
2.1935e-05
9.5367e-07
0.0000e+00
2.0981e-05
2.1458e-06
2.0981e-05
9.5367e-07
9.5367e-07
0.0000e+00
2.2173e-05
1.8501e-04
5.9605e-06
0.0000e+00
1.8120e-05
0.0000e+00
2.2888e-05
9.5367e-07
0.0000e+00
2.1935e-05
9.5367e-07
1.7309e-04
0.0000e+00
0.0000e+00
0.0000e+00
2.2173e-05
9.5367e-07
0.0000e+00
2.1935e-05
0.0000e+00
0.0000e+00
2.0981e-05
9.5367e-07
0.0000e+00
2.1935e-05
0.0000e+00
0.0000e+00
2.5034e-05
1.9073e-06
2.2602e-04
0.0000e+00
0.0000e+00
1.9073e-06
0.0000e+00
0.0000e+00
0.0000e+00
2.1935e-05
9.5367e-07
0.0000e+00
2.2173e-05
1.9073e-06
0.0000e+00
2.1935e-05
1.1921e-06
0.0000e+00
2.0981e-05
9.5367e-07
0.0000e+00
2.0981e-05
9.5367e-07
2.1458e-06
0.0000e+00
1.0967e-05
0.0000e+00
2.3127e-05
3.8481e-04
0.0000e+00
2.1935e-05
9.5367e-07
0.0000e+00
2.1935e-05
1.1921e-06
0.0000e+00
2.0981e-05
9.5367e-07
0.0000e+00
2.2173e-05
1.8787e-04
0.0000e+00
2.3127e-05
9.5367e-07
0.0000e+00
2.2173e-05
6.3896e-05
0.0000e+00
2.2888e-05
9.5367e-07
0.0000e+00
2.2173e-05
9.5367e-07
0.0000e+00
2.1935e-05
9.5367e-07
0.0000e+00
2.0981e-05
3.0994e-06
0.0000e+00
2.1935e-05
1.8406e-04
0.0000e+00
2.2173e-05
7.2956e-05
4.0054e-05
0.0000e+00
0.0000e+00
0.0000e+00
2.1935e-05
9.5367e-07
0.0000e+00
2.3127e-05
8.5831e-05
1.5020e-05
0.0000e+00
6.9141e-06
0.0000e+00
2.1935e-05
9.5367e-07
0.0000e+00
2.5034e-05
9.5367e-07
0.0000e+00
2.2888e-05
1.1921e-06
0.0000e+00
2.0981e-05
9.5367e-07
0.0000e+00
2.1935e-05
1.8382e-04
0.0000e+00
2.1935e-05
2.8610e-06
0.0000e+00
3.0994e-05
2.1458e-06
0.0000e+00
2.1935e-05
9.5367e-07
0.0000e+00
2.0981e-05
9.5367e-07
0.0000e+00
2.1935e-05
9.5367e-07
0.0000e+00
2.0981e-05
9.5367e-07
3.1614e-04
0.0000e+00
9.5367e-07
2.1458e-06
0.0000e+00
9.5367e-07
2.7895e-05
0.0000e+00
0.0000e+00
1.7595e-04
0.0000e+00
0.0000e+00
0.0000e+00
2.3127e-05
0.0000e+00
1.9073e-06
0.0000e+00
5.0068e-06
7.9155e-05
9.5367e-07
9.5367e-07
1.7405e-04
0.0000e+00
0.0000e+00
0.0000e+00
2.3127e-05
9.5367e-07
0.0000e+00
2.3127e-05
9.5367e-07
0.0000e+00
2.1935e-05
1.3185e-04
0.0000e+00
2.2173e-05
6.1035e-05
9.5367e-07
0.0000e+00
2.2173e-05
0.0000e+00
2.2888e-05
9.5367e-07
1.2803e-04
0.0000e+00
0.0000e+00
5.9605e-06
0.0000e+00
9.5367e-07
1.5020e-05
9.5367e-07
9.5367e-07
0.0000e+00
2.3127e-05
0.0000e+00
0.0000e+00
2.1935e-05
1.7500e-04
0.0000e+00
2.2173e-05
5.0068e-06
0.0000e+00
2.1935e-05
9.5367e-07
0.0000e+00
2.0981e-05
9.7036e-05
0.0000e+00
2.0981e-05
9.5367e-07
0.0000e+00
3.0994e-05
1.5187e-04
0.0000e+00
2.3127e-05
9.5367e-07
0.0000e+00
2.1935e-05
9.5367e-07
0.0000e+00
2.1935e-05
9.5367e-07
0.0000e+00
2.0981e-05
0.0000e+00
1.4997e-04
9.5367e-07
9.5367e-07
3.0041e-05
9.5367e-07
9.5367e-07
0.0000e+00
2.1935e-05
1.4210e-04
0.0000e+00
2.1935e-05
9.5367e-07
7.1526e-06
0.0000e+00
4.0531e-06
0.0000e+00
2.2888e-05
1.5306e-04
0.0000e+00
2.1935e-05
2.8610e-06
0.0000e+00
2.1935e-05
9.5367e-07
1.9073e-06
0.0000e+00
2.7895e-05
9.5367e-07
0.0000e+00
2.1935e-05
0.0000e+00
2.1935e-05
9.5367e-07
1.6904e-04
0.0000e+00
0.0000e+00
1.9073e-06
9.5367e-07
1.1921e-06
1.1301e-04
9.5367e-07
9.5367e-07
0.0000e+00
2.1935e-05
1.1396e-04
0.0000e+00
2.2888e-05
1.1921e-06
0.0000e+00
2.0981e-05
6.9141e-06
0.0000e+00
2.0981e-05
1.9073e-06
0.0000e+00
2.1935e-05
9.5367e-07
2.2292e-04
0.0000e+00
9.5367e-07
0.0000e+00
2.2888e-05
9.5367e-07
0.0000e+00
2.1935e-05
9.5367e-07
1.1206e-04
0.0000e+00
0.0000e+00
9.9182e-05
0.0000e+00
0.0000e+00
0.0000e+00
3.0994e-05
9.5367e-07
0.0000e+00
2.2173e-05
0.0000e+00
0.0000e+00
2.1935e-05
9.5367e-07
0.0000e+00
2.0981e-05
9.5367e-07
0.0000e+00
2.3127e-05
1.3113e-04
0.0000e+00
2.1935e-05
1.9073e-06
0.0000e+00
2.0981e-05
2.2888e-05
1.9073e-06
0.0000e+00
2.0981e-05
0.0000e+00
2.9087e-05
9.5367e-07
0.0000e+00
2.1935e-05
1.1921e-06
0.0000e+00
2.0981e-05
2.9707e-04
0.0000e+00
2.1935e-05
2.1458e-06
4.8876e-05
0.0000e+00
1.1921e-06
0.0000e+00
2.1935e-05
9.5367e-07
0.0000e+00
2.2173e-05
0.0000e+00
0.0000e+00
2.1935e-05
9.5367e-07
0.0000e+00
3.0041e-05
1.1921e-06
0.0000e+00
2.1935e-05
9.5367e-07
0.0000e+00
2.2173e-05
2.3198e-04
0.0000e+00
2.1935e-05
8.1062e-06
6.6042e-05
9.5367e-07
9.5367e-07
0.0000e+00
2.1935e-05
0.0000e+00
1.9073e-06
9.5367e-07
9.5367e-07
1.9622e-04
0.0000e+00
9.5367e-07
0.0000e+00
2.1935e-05
0.0000e+00
1.9073e-06
9.5367e-07
9.5367e-07
0.0000e+00
2.3127e-05
0.0000e+00
0.0000e+00
2.1935e-05
4.0531e-06
0.0000e+00
2.2173e-05
2.1458e-06
0.0000e+00
2.1935e-05
2.5201e-04
0.0000e+00
2.1219e-05
9.5367e-07
0.0000e+00
2.1935e-05
1.1921e-06
8.8215e-06
0.0000e+00
1.1921e-05
1.5903e-04
0.0000e+00
0.0000e+00
0.0000e+00
2.8849e-05
9.5367e-07
0.0000e+00
2.2888e-05
1.1921e-06
0.0000e+00
2.1935e-05
0.0000e+00
0.0000e+00
2.0981e-05
1.4687e-04
0.0000e+00
2.2173e-05
1.9073e-06
0.0000e+00
2.1935e-05
5.8889e-05
0.0000e+00
2.1935e-05
9.5367e-07
0.0000e+00
2.1935e-05
0.0000e+00
0.0000e+00
3.0041e-05
1.1921e-06
0.0000e+00
2.1935e-05
1.5712e-04
0.0000e+00
2.1935e-05
9.5367e-07
2.1458e-06
0.0000e+00
9.5367e-07
2.4915e-04
9.5367e-07
9.5367e-07
2.1458e-06
0.0000e+00
1.0967e-05
0.0000e+00
2.2888e-05
1.1921e-06
0.0000e+00
2.1935e-05
9.5367e-07
8.4162e-05
0.0000e+00
9.5367e-07
0.0000e+00
2.3127e-05
9.5367e-07
0.0000e+00
2.5034e-05
1.0419e-04
0.0000e+00
2.2888e-05
9.5367e-07
1.1921e-06
0.0000e+00
2.2888e-05
0.0000e+00
2.3127e-05
9.0599e-06
0.0000e+00
2.1935e-05
1.9073e-06
0.0000e+00
2.2173e-05
9.5367e-07
0.0000e+00
2.1935e-05
9.5367e-07
0.0000e+00
2.1935e-05
3.1996e-04
0.0000e+00
3.0994e-05
9.5367e-07
0.0000e+00
2.1935e-05
9.7990e-05
1.1921e-06
0.0000e+00
1.9073e-06
0.0000e+00
2.1935e-05
1.0800e-04
0.0000e+00
2.0981e-05
9.5367e-07
0.0000e+00
2.4080e-05
5.0068e-06
0.0000e+00
2.2173e-05
1.9073e-06
0.0000e+00
2.0981e-05
1.4210e-04
1.9073e-06
0.0000e+00
1.3113e-05
9.5367e-07
0.0000e+00
1.1921e-06
0.0000e+00
2.2888e-05
1.5497e-04
0.0000e+00
2.1935e-05
9.8944e-05
0.0000e+00
2.1935e-05
9.5367e-07
7.8678e-06
1.1921e-06
1.2875e-05
0.0000e+00
2.1935e-05
1.1921e-06
2.8610e-06
0.0000e+00
2.5988e-05
0.0000e+00
2.1935e-05
2.1458e-06
0.0000e+00
2.0981e-05
1.9073e-06
0.0000e+00
2.2888e-05
9.5367e-07
0.0000e+00
2.0981e-05
2.5201e-04
0.0000e+00
2.3127e-05
9.5367e-07
1.2016e-04
9.5367e-07
9.5367e-07
1.9073e-06
0.0000e+00
4.0531e-06
0.0000e+00
2.1219e-05
1.9073e-06
0.0000e+00
2.1935e-05
1.0967e-05
0.0000e+00
2.1935e-05
9.5367e-07
0.0000e+00
3.0994e-05
9.5367e-07
0.0000e+00
2.1935e-05
1.1921e-06
0.0000e+00
2.1935e-05
9.5367e-07
0.0000e+00
2.0981e-05
0.0000e+00
0.0000e+00
2.1935e-05
9.5367e-07
4.5896e-04
1.1921e-06
9.5367e-07
1.0967e-05
9.5367e-07
9.5367e-07
0.0000e+00
2.6226e-05
1.1921e-06
0.0000e+00
2.1935e-05
9.5367e-07
2.5797e-04
0.0000e+00
9.5367e-07
0.0000e+00
2.3127e-05
9.5367e-07
0.0000e+00
2.1935e-05
0.0000e+00
0.0000e+00
2.1935e-05
9.5367e-07
4.0531e-06
0.0000e+00
9.0599e-06
2.1100e-04
0.0000e+00
1.1921e-06
0.0000e+00
2.2888e-05
8.7023e-05
5.9605e-06
1.1921e-06
1.7881e-05
5.6028e-05
0.0000e+00
9.5367e-07
0.0000e+00
2.1935e-05
9.5367e-07
8.0109e-05
9.5367e-07
1.1921e-06
0.0000e+00
2.5034e-05
9.5367e-07
0.0000e+00
2.1935e-05
9.3222e-05
9.5367e-07
0.0000e+00
3.3140e-05
0.0000e+00
2.0981e-05
1.9073e-06
9.8944e-05
0.0000e+00
9.5367e-07
0.0000e+00
2.2173e-05
5.3883e-05
0.0000e+00
2.1935e-05
9.5367e-07
0.0000e+00
2.2173e-05
1.1921e-06
0.0000e+00
3.0994e-05
1.9073e-06
0.0000e+00
2.3127e-05
1.9073e-06
0.0000e+00
2.1935e-05
2.4199e-04
0.0000e+00
2.3127e-05
7.8678e-06
2.1458e-06
9.5367e-07
2.1935e-05
0.0000e+00
2.1935e-05
1.4806e-04
0.0000e+00
2.3127e-05
9.5367e-07
0.0000e+00
2.1935e-05
1.1921e-06
0.0000e+00
2.0981e-05
9.5367e-07
0.0000e+00
2.2888e-05
1.1921e-06
0.0000e+00
2.0981e-05
9.5367e-07
0.0000e+00
2.2173e-05
9.5367e-07
0.0000e+00
2.1935e-05
3.0994e-06
0.0000e+00
2.0981e-05
1.7905e-04
0.0000e+00
2.2888e-05
2.1458e-06
0.0000e+00
2.1935e-05
0.0000e+00
0.0000e+00
2.9087e-05
9.5367e-07
0.0000e+00
2.2173e-05
0.0000e+00
0.0000e+00
2.1935e-05
9.5367e-07
1.6999e-04
0.0000e+00
0.0000e+00
0.0000e+00
2.1935e-05
0.0000e+00
0.0000e+00
2.1935e-05
3.0589e-04
0.0000e+00
2.2888e-05
9.5367e-07
0.0000e+00
2.2173e-05
9.5367e-07
0.0000e+00
3.0994e-05
1.6594e-04
0.0000e+00
2.1935e-05
9.5367e-07
0.0000e+00
2.2173e-05
9.5367e-07
0.0000e+00
2.1935e-05
7.6056e-05
6.5088e-05
9.5367e-07
9.5367e-07
1.9073e-06
1.1921e-06
1.1921e-06
0.0000e+00
2.2888e-05
9.5367e-07
0.0000e+00
2.0981e-05
9.5367e-07
0.0000e+00
2.1935e-05
1.9073e-06
0.0000e+00
2.2888e-05
0.0000e+00
0.0000e+00
2.1935e-05
9.5367e-07
0.0000e+00
2.0981e-05
3.0184e-04
0.0000e+00
2.2888e-05
3.4094e-05
7.2956e-05
9.5367e-07
9.5367e-07
0.0000e+00
2.3127e-05
9.5367e-07
5.8889e-05
0.0000e+00
9.5367e-07
0.0000e+00
2.2888e-05
1.1921e-06
0.0000e+00
2.8849e-05
1.1921e-06
0.0000e+00
2.2888e-05
2.1458e-06
0.0000e+00
2.1935e-05
2.4009e-04
0.0000e+00
2.0981e-05
9.5367e-07
4.8876e-05
9.5367e-07
9.5367e-07
0.0000e+00
2.3127e-05
9.5367e-07
0.0000e+00
2.0981e-05
9.2030e-05
0.0000e+00
2.5034e-05
9.5367e-07
0.0000e+00
2.0981e-05
9.5367e-07
0.0000e+00
2.3127e-05
1.1492e-04
0.0000e+00
2.2173e-05
9.5367e-07
0.0000e+00
2.0981e-05
1.1921e-06
0.0000e+00
2.0981e-05
1.9073e-06
0.0000e+00
2.0981e-05
9.5367e-07
0.0000e+00
2.0981e-05
9.5367e-07
0.0000e+00
2.0981e-05
0.0000e+00
0.0000e+00
3.0041e-05
1.4806e-04
0.0000e+00
2.2888e-05
9.5367e-07
0.0000e+00
2.2173e-05
9.5367e-07
0.0000e+00
2.1935e-05
9.5367e-07
0.0000e+00
2.1935e-05
9.5367e-07
9.7990e-05
9.5367e-07
9.5367e-07
0.0000e+00
2.3127e-05
9.5367e-07
1.6499e-04
0.0000e+00
1.1921e-06
0.0000e+00
2.4796e-05
9.5367e-07
0.0000e+00
2.2173e-05
0.0000e+00
0.0000e+00
2.0981e-05
0.0000e+00
0.0000e+00
2.0981e-05
9.5367e-07
4.1294e-04
0.0000e+00
0.0000e+00
0.0000e+00
2.2173e-05
9.5367e-07
0.0000e+00
2.3127e-05
1.1921e-06
0.0000e+00
2.1935e-05
0.0000e+00
2.1458e-06
0.0000e+00
1.2875e-05
0.0000e+00
3.0041e-05
1.1921e-06
1.9193e-04
9.5367e-07
0.0000e+00
0.0000e+00
2.2173e-05
0.0000e+00
0.0000e+00
2.1935e-05
1.1921e-06
2.5988e-04
0.0000e+00
9.5367e-07
0.0000e+00
2.1935e-05
0.0000e+00
0.0000e+00
2.3127e-05
9.5367e-07
0.0000e+00
2.1935e-05
9.5367e-07
0.0000e+00
2.0981e-05
0.0000e+00
0.0000e+00
3.1948e-05
2.2602e-04
9.5367e-07
0.0000e+00
2.0981e-05
0.0000e+00
2.1935e-05
9.5367e-07
0.0000e+00
2.1935e-05
1.9073e-06
1.3995e-04
0.0000e+00
9.5367e-07
0.0000e+00
2.3127e-05
9.5367e-07
1.3304e-04
0.0000e+00
9.5367e-07
0.0000e+00
2.5034e-05
9.5367e-07
0.0000e+00
2.2173e-05
9.5367e-07
1.4400e-04
0.0000e+00
0.0000e+00
0.0000e+00
2.2888e-05
4.1962e-05
0.0000e+00
2.2173e-05
2.8610e-06
0.0000e+00
2.2173e-05
9.5367e-07
2.9087e-05
9.5367e-07
9.5367e-07
0.0000e+00
2.1935e-05
1.0014e-04
0.0000e+00
2.0981e-05
4.0531e-06
0.0000e+00
2.1935e-05
1.9073e-06
0.0000e+00
2.2173e-05
1.4067e-05
0.0000e+00
2.1935e-05
9.5367e-07
0.0000e+00
2.1219e-05
1.1921e-06
0.0000e+00
2.1935e-05
9.5367e-07
0.0000e+00
2.1219e-05
3.2592e-04
9.5367e-07
0.0000e+00
9.5367e-07
0.0000e+00
2.2888e-05
1.3113e-04
0.0000e+00
2.0981e-05
1.0014e-05
0.0000e+00
2.0981e-05
9.5367e-07
2.1458e-06
0.0000e+00
1.3113e-05
0.0000e+00
2.2888e-05
9.5367e-07
0.0000e+00
2.1935e-05
9.5367e-07
0.0000e+00
2.2173e-05
1.1921e-06
0.0000e+00
2.1935e-05
2.1601e-04
0.0000e+00
2.2173e-05
9.5367e-07
0.0000e+00
2.1935e-05
1.8001e-04
0.0000e+00
2.2173e-05
3.0994e-06
0.0000e+00
2.2888e-05
0.0000e+00
9.4175e-05
0.0000e+00
0.0000e+00
0.0000e+00
2.1935e-05
9.5367e-07
0.0000e+00
2.1935e-05
0.0000e+00
0.0000e+00
2.2173e-05
9.5367e-07
0.0000e+00
2.1935e-05
2.1458e-06
0.0000e+00
2.1935e-05
9.5367e-07
0.0000e+00
2.0981e-05
9.5367e-07
0.0000e+00
3.0041e-05
8.1062e-05
3.0899e-04
9.5367e-07
9.5367e-07
8.1062e-06
9.5367e-07
9.5367e-07
0.0000e+00
2.3127e-05
5.0068e-05
0.0000e+00
2.1935e-05
1.1921e-06
0.0000e+00
2.1935e-05
9.5367e-07
0.0000e+00
2.3127e-05
9.5367e-07
1.6093e-04
0.0000e+00
0.0000e+00
0.0000e+00
2.2173e-05
9.5367e-07
1.5807e-04
0.0000e+00
9.5367e-07
0.0000e+00
2.4080e-05
9.5367e-07
1.9073e-06
0.0000e+00
0.0000e+00
0.0000e+00
2.1935e-05
9.5367e-07
0.0000e+00
2.1935e-05
9.5367e-07
0.0000e+00
2.1935e-05
9.5367e-07
0.0000e+00
2.1935e-05
1.1921e-06
0.0000e+00
2.1935e-05
9.5367e-07
0.0000e+00
2.2173e-05
1.9073e-06
3.8004e-04
0.0000e+00
1.1921e-06
7.8917e-05
9.5367e-07
9.5367e-07
0.0000e+00
2.4080e-05
0.0000e+00
0.0000e+00
2.2173e-05
0.0000e+00
0.0000e+00
2.0981e-05
0.0000e+00
0.0000e+00
2.5034e-05
9.5367e-07
1.4997e-04
0.0000e+00
0.0000e+00
3.0994e-06
0.0000e+00
9.5367e-07
0.0000e+00
2.3127e-05
1.2183e-04
1.9073e-06
9.5367e-07
1.2875e-05
0.0000e+00
2.3127e-05
9.5367e-07
0.0000e+00
2.2173e-05
1.3089e-04
1.0014e-05
0.0000e+00
1.3113e-05
0.0000e+00
2.1935e-05
9.5367e-07
0.0000e+00
2.2888e-05
9.0599e-06
0.0000e+00
2.2888e-05
3.0994e-06
0.0000e+00
2.2173e-05
1.1921e-06
0.0000e+00
2.0981e-05
9.5367e-07
2.5702e-04
0.0000e+00
0.0000e+00
0.0000e+00
2.3127e-05
0.0000e+00
0.0000e+00
2.1935e-05
9.5367e-07
0.0000e+00
2.2173e-05
1.6904e-04
0.0000e+00
2.2888e-05
1.0014e-05
0.0000e+00
2.1935e-05
7.7963e-05
0.0000e+00
2.1935e-05
9.5367e-07
0.0000e+00
2.2173e-05
9.5367e-07
0.0000e+00
3.0041e-05
9.5367e-07
4.0531e-06
9.5367e-07
9.5367e-07
2.1219e-05
0.0000e+00
0.0000e+00
0.0000e+00
2.1935e-05
9.5367e-07
0.0000e+00
2.1935e-05
3.3712e-04
1.9073e-06
9.5367e-07
2.0027e-05
0.0000e+00
2.4796e-05
9.5367e-07
0.0000e+00
2.1935e-05
5.0068e-06
0.0000e+00
2.1935e-05
1.2398e-04
0.0000e+00
3.1948e-05
1.9073e-06
0.0000e+00
2.2173e-05
9.5367e-07
1.9073e-06
1.1921e-06
1.9073e-06
0.0000e+00
2.1935e-05
2.1458e-06
0.0000e+00
2.1935e-05
9.5367e-07
0.0000e+00
2.2173e-05
9.5367e-07
0.0000e+00
2.1935e-05
8.1062e-06
3.0088e-04
1.1921e-06
9.5367e-07
0.0000e+00
2.1935e-05
9.5367e-07
0.0000e+00
2.1935e-05
1.1921e-06
0.0000e+00
2.1935e-05
0.0000e+00
0.0000e+00
2.1935e-05
1.1921e-06
0.0000e+00
2.1935e-05
8.2016e-05
9.5367e-07
0.0000e+00
2.1935e-05
0.0000e+00
2.1935e-05
6.9141e-06
0.0000e+00
2.2173e-05
1.9073e-06
0.0000e+00
2.2173e-05
9.5367e-07
2.8610e-06
9.0599e-06
1.1921e-06
1.5974e-05
0.0000e+00
9.5367e-07
4.7016e-04
0.0000e+00
0.0000e+00
0.0000e+00
2.3127e-05
9.5367e-07
0.0000e+00
2.1935e-05
9.5367e-07
0.0000e+00
2.1935e-05
9.5367e-07
0.0000e+00
2.0981e-05
0.0000e+00
0.0000e+00
2.0981e-05
9.5367e-07
3.3498e-04
0.0000e+00
0.0000e+00
0.0000e+00
2.2888e-05
3.7909e-05
6.6042e-05
9.5367e-07
1.1921e-06
0.0000e+00
2.2888e-05
9.5367e-07
7.5102e-05
0.0000e+00
0.0000e+00
0.0000e+00
2.2173e-05
9.5367e-07
0.0000e+00
2.1935e-05
9.5367e-07
0.0000e+00
2.1935e-05
9.5367e-07
1.9097e-04
0.0000e+00
9.5367e-07
0.0000e+00
2.1935e-05
9.5367e-07
0.0000e+00
2.0981e-05
9.5367e-07
0.0000e+00
2.3127e-05
9.5367e-07
0.0000e+00
2.0981e-05
0.0000e+00
0.0000e+00
2.0981e-05
2.2888e-04
6.5088e-05
9.5367e-07
9.5367e-07
0.0000e+00
2.2173e-05
9.5367e-07
0.0000e+00
2.0981e-05
9.5367e-07
0.0000e+00
2.1935e-05
9.5367e-07
1.6809e-04
9.5367e-07
9.5367e-07
4.4107e-05
0.0000e+00
9.5367e-07
0.0000e+00
3.4094e-05
4.1008e-05
9.5367e-07
0.0000e+00
2.0027e-05
0.0000e+00
2.1935e-05
9.0599e-06
1.9073e-06
0.0000e+00
1.9073e-06
0.0000e+00
2.2888e-05
3.0994e-06
1.8120e-05
9.5367e-07
3.8147e-06
0.0000e+00
2.1935e-05
9.5367e-07
2.4509e-04
0.0000e+00
0.0000e+00
0.0000e+00
2.1219e-05
0.0000e+00
0.0000e+00
2.1935e-05
9.5367e-07
0.0000e+00
2.2888e-05
9.5367e-07
0.0000e+00
2.5034e-05
1.1921e-06
0.0000e+00
2.1935e-05
9.5367e-07
0.0000e+00
2.0981e-05
1.9598e-04
1.9073e-06
9.5367e-07
2.2173e-05
0.0000e+00
2.1935e-05
9.5367e-07
0.0000e+00
2.2173e-05
1.7190e-04
1.0014e-04
0.0000e+00
0.0000e+00
0.0000e+00
3.0041e-05
1.1921e-06
0.0000e+00
2.1935e-05
0.0000e+00
0.0000e+00
2.1935e-05
1.1921e-06
0.0000e+00
2.1935e-05
3.0994e-06
0.0000e+00
2.1935e-05
2.1505e-04
2.1458e-06
9.5367e-07
9.5367e-07
0.0000e+00
2.1935e-05
1.9073e-06
1.1110e-04
9.5367e-07
9.5367e-07
0.0000e+00
2.2888e-05
1.3113e-04
0.0000e+00
3.0041e-05
1.1921e-05
0.0000e+00
2.2888e-05
9.5367e-07
0.0000e+00
2.2173e-05
5.1975e-05
0.0000e+00
2.1935e-05
1.0967e-05
0.0000e+00
2.2173e-05
0.0000e+00
0.0000e+00
2.1935e-05
9.5367e-07
0.0000e+00
2.1935e-05
9.5367e-07
1.8191e-04
0.0000e+00
9.5367e-07
0.0000e+00
3.0994e-05
9.5367e-07
0.0000e+00
2.1935e-05
9.1076e-05
0.0000e+00
2.2173e-05
9.5367e-07
1.4210e-04
9.5367e-07
9.5367e-07
0.0000e+00
2.2888e-05
1.1921e-06
0.0000e+00
2.1935e-05
1.0610e-04
0.0000e+00
2.1935e-05
4.0531e-06
0.0000e+00
2.0981e-05
3.0994e-06
0.0000e+00
3.0041e-05
9.5367e-07
0.0000e+00
2.2173e-05
9.5367e-07
1.4305e-04
0.0000e+00
9.5367e-07
0.0000e+00
2.2173e-05
9.5367e-07
0.0000e+00
2.1935e-05
1.1921e-06
0.0000e+00
2.1935e-05
1.7190e-04
0.0000e+00
2.1935e-05
8.1062e-06
0.0000e+00
2.0981e-05
1.9073e-06
0.0000e+00
3.0041e-05
1.1921e-06
0.0000e+00
2.1935e-05
9.5367e-07
0.0000e+00
2.4796e-05
1.7691e-04
9.5367e-07
0.0000e+00
2.0981e-05
9.5367e-07
0.0000e+00
2.0027e-05
0.0000e+00
2.1935e-05
1.5092e-04
0.0000e+00
2.2173e-05
9.5367e-07
0.0000e+00
2.1935e-05
1.0014e-05
0.0000e+00
2.0981e-05
4.1008e-05
0.0000e+00
2.9087e-05
9.5367e-07
0.0000e+00
2.1935e-05
1.5616e-04
6.3896e-05
0.0000e+00
1.1921e-06
0.0000e+00
2.1935e-05
4.5061e-05
0.0000e+00
2.1935e-05
9.5367e-07
0.0000e+00
2.2173e-05
9.5367e-07
4.0531e-06
0.0000e+00
1.3828e-05
2.4295e-04
0.0000e+00
9.5367e-07
0.0000e+00
2.3127e-05
0.0000e+00
0.0000e+00
3.0994e-05
9.5367e-07
2.1458e-06
0.0000e+00
9.5367e-07
2.5988e-05
9.5367e-07
9.5367e-07
2.1458e-06
9.5367e-07
4.0531e-06
0.0000e+00
2.2888e-05
1.1921e-06
0.0000e+00
2.1935e-05
9.5367e-07
2.0981e-05
0.0000e+00
8.8215e-06
0.0000e+00
2.3127e-05
9.5367e-07
0.0000e+00
2.1935e-05
1.1921e-06
0.0000e+00
2.0981e-05
1.1921e-06
0.0000e+00
2.1935e-05
9.5367e-07
0.0000e+00
2.2173e-05
9.5367e-07
6.5303e-04
0.0000e+00
9.5367e-07
2.1458e-06
0.0000e+00
4.0531e-06
0.0000e+00
2.1935e-05
5.5075e-05
0.0000e+00
2.2173e-05
1.9073e-06
0.0000e+00
2.1935e-05
1.2159e-05
1.6189e-04
0.0000e+00
0.0000e+00
0.0000e+00
2.1935e-05
9.5367e-07
0.0000e+00
3.2187e-05
1.9073e-06
0.0000e+00
2.1935e-05
1.1921e-06
0.0000e+00
2.1935e-05
1.9073e-06
1.7810e-04
9.5367e-07
9.5367e-07
0.0000e+00
2.1935e-05
0.0000e+00
0.0000e+00
2.4080e-05
9.5367e-07
5.1975e-05
1.1921e-06
1.1921e-06
0.0000e+00
2.1935e-05
9.5367e-07
0.0000e+00
2.2173e-05
9.5367e-07
0.0000e+00
2.3127e-05
0.0000e+00
0.0000e+00
2.2173e-05
0.0000e+00
0.0000e+00
2.1935e-05
9.5367e-07
0.0000e+00
2.2173e-05
0.0000e+00
3.4904e-04
0.0000e+00
0.0000e+00
0.0000e+00
2.2173e-05
0.0000e+00
0.0000e+00
2.0981e-05
0.0000e+00
0.0000e+00
2.1219e-05
9.5367e-07
1.9312e-04
0.0000e+00
9.5367e-07
3.0994e-06
0.0000e+00
0.0000e+00
0.0000e+00
2.3127e-05
9.5367e-07
0.0000e+00
2.1935e-05
9.5367e-07
0.0000e+00
2.1935e-05
9.5367e-07
0.0000e+00
2.5034e-05
1.0514e-04
0.0000e+00
2.1935e-05
1.7190e-04
0.0000e+00
2.1935e-05
1.9073e-06
9.5129e-05
0.0000e+00
9.5367e-07
0.0000e+00
2.3127e-05
1.9073e-06
1.1897e-04
0.0000e+00
1.1921e-06
0.0000e+00
2.2888e-05
9.5367e-07
0.0000e+00
2.0981e-05
1.1921e-06
0.0000e+00
2.1935e-05
9.5367e-07
0.0000e+00
2.1935e-05
1.2875e-05
0.0000e+00
2.1935e-05
1.8811e-04
0.0000e+00
2.0981e-05
9.5367e-07
0.0000e+00
3.0041e-05
2.1458e-06
0.0000e+00
2.1935e-05
9.5367e-07
0.0000e+00
2.2173e-05
0.0000e+00
0.0000e+00
2.1935e-05
2.1458e-06
0.0000e+00
2.1935e-05
9.5367e-07
0.0000e+00
2.1935e-05
1.3018e-04
0.0000e+00
2.1935e-05
3.0994e-06
0.0000e+00
2.8849e-05
2.1458e-06
2.8396e-04
0.0000e+00
0.0000e+00
0.0000e+00
2.2888e-05
9.5367e-07
0.0000e+00
2.2173e-05
9.5367e-07
0.0000e+00
2.0981e-05
0.0000e+00
0.0000e+00
2.0981e-05
1.2398e-04
0.0000e+00
2.1935e-05
9.0599e-06
0.0000e+00
2.2173e-05
1.1921e-06
0.0000e+00
2.5034e-05
5.8174e-05
1.4496e-04
0.0000e+00
0.0000e+00
0.0000e+00
2.3127e-05
9.5367e-07
2.1458e-06
0.0000e+00
0.0000e+00
0.0000e+00
2.1935e-05
0.0000e+00
0.0000e+00
2.1935e-05
1.9598e-04
0.0000e+00
2.2888e-05
1.1921e-06
1.1206e-04
9.5367e-07
0.0000e+00
0.0000e+00
2.1935e-05
0.0000e+00
0.0000e+00
2.0981e-05
9.5367e-07
0.0000e+00
2.2888e-05
9.5367e-07
1.9288e-04
0.0000e+00
9.5367e-07
1.9073e-06
0.0000e+00
0.0000e+00
2.6202e-04
0.0000e+00
0.0000e+00
9.5367e-07
0.0000e+00
0.0000e+00
0.0000e+00
2.2888e-05
9.5367e-07
0.0000e+00
2.2173e-05
0.0000e+00
0.0000e+00
2.1935e-05
1.1921e-06
0.0000e+00
2.1935e-05
0.0000e+00
0.0000e+00
2.1935e-05
3.2496e-04
0.0000e+00
2.3127e-05
1.9073e-06
0.0000e+00
2.2173e-05
9.5367e-07
1.9073e-06
1.1921e-06
9.5367e-07
2.0027e-05
0.0000e+00
1.0014e-05
0.0000e+00
2.2173e-05
1.9073e-06
0.0000e+00
2.0981e-05
1.8811e-04
1.9073e-06
0.0000e+00
2.8610e-06
0.0000e+00
2.3127e-05
1.9073e-06
0.0000e+00
2.1935e-05
9.5367e-07
0.0000e+00
2.2888e-05
9.5367e-07
2.4891e-04
9.5367e-07
1.1921e-06
6.1989e-05
0.0000e+00
0.0000e+00
0.0000e+00
2.1935e-05
0.0000e+00
8.2970e-05
0.0000e+00
0.0000e+00
0.0000e+00
2.2173e-05
5.8889e-05
0.0000e+00
2.0981e-05
4.6015e-05
1.9073e-06
0.0000e+00
9.5367e-07
0.0000e+00
2.2173e-05
9.5367e-07
2.8992e-04
0.0000e+00
0.0000e+00
0.0000e+00
3.0994e-05
9.5367e-07
0.0000e+00
2.1935e-05
9.5367e-07
0.0000e+00
2.0981e-05
1.1921e-06
2.0981e-05
0.0000e+00
9.5367e-07
0.0000e+00
2.3127e-05
9.5367e-07
0.0000e+00
2.1935e-05
1.1921e-06
0.0000e+00
2.0981e-05
9.5367e-07
2.8515e-04
9.5367e-07
9.5367e-07
0.0000e+00
2.1935e-05
9.5367e-07
0.0000e+00
2.1935e-05
9.5367e-07
1.1206e-04
9.5367e-07
9.5367e-07
0.0000e+00
2.2888e-05
1.1921e-06
0.0000e+00
2.0981e-05
1.0991e-04
0.0000e+00
2.3127e-05
1.0014e-05
0.0000e+00
2.1935e-05
1.9073e-06
0.0000e+00
2.2173e-05
9.5367e-07
0.0000e+00
2.1935e-05
9.5367e-07
0.0000e+00
2.3127e-05
9.5367e-07
0.0000e+00
2.1935e-05
9.5367e-07
2.8086e-04
9.5367e-07
1.1921e-06
0.0000e+00
2.1935e-05
0.0000e+00
0.0000e+00
2.2173e-05
9.5367e-07
0.0000e+00
2.1935e-05
0.0000e+00
0.0000e+00
2.1935e-05
9.5367e-07
0.0000e+00
2.0981e-05
9.5367e-07
0.0000e+00
3.0994e-05
1.9073e-06
2.1458e-06
0.0000e+00
9.5367e-07
0.0000e+00
2.2173e-05
9.5367e-07
0.0000e+00
2.1935e-05
9.5367e-07
0.0000e+00
2.0981e-05
7.8678e-06
0.0000e+00
2.0981e-05
4.3297e-04
0.0000e+00
2.1935e-05
1.1921e-06
0.0000e+00
2.1935e-05
9.5367e-07
0.0000e+00
3.0994e-05
1.1921e-06
0.0000e+00
2.1935e-05
9.5367e-07
0.0000e+00
2.1219e-05
9.5367e-07
0.0000e+00
2.1935e-05
1.9407e-04
6.5088e-05
0.0000e+00
0.0000e+00
0.0000e+00
2.3127e-05
9.5367e-07
0.0000e+00
2.1935e-05
3.0994e-06
0.0000e+00
2.1935e-05
0.0000e+00
0.0000e+00
2.9802e-05
1.3208e-04
0.0000e+00
2.3127e-05
9.5367e-07
9.5367e-07
0.0000e+00
9.5367e-07
2.4581e-04
1.1921e-06
9.5367e-07
0.0000e+00
2.1935e-05
9.5367e-07
0.0000e+00
2.1935e-05
9.5367e-07
3.7193e-05
0.0000e+00
9.5367e-07
1.3900e-04
0.0000e+00
0.0000e+00
7.2002e-05
1.1921e-06
9.5367e-07
0.0000e+00
2.1935e-05
0.0000e+00
0.0000e+00
3.0994e-05
0.0000e+00
0.0000e+00
2.2888e-05
1.1921e-06
0.0000e+00
2.2888e-05
5.6982e-05
1.2207e-04
0.0000e+00
0.0000e+00
6.8188e-05
0.0000e+00
9.5367e-07
0.0000e+00
2.1935e-05
0.0000e+00
1.1492e-04
9.5367e-07
0.0000e+00
0.0000e+00
2.1935e-05
9.5367e-07
0.0000e+00
2.2173e-05
9.5367e-07
4.9829e-05
0.0000e+00
9.5367e-07
0.0000e+00
3.1948e-05
1.6689e-04
0.0000e+00
2.1935e-05
9.5367e-07
0.0000e+00
2.1935e-05
8.4877e-05
0.0000e+00
2.1219e-05
1.0967e-05
1.1921e-05
0.0000e+00
1.0967e-05
0.0000e+00
2.1935e-05
9.5367e-07
0.0000e+00
2.0981e-05
9.5367e-07
0.0000e+00
2.0981e-05
9.5367e-07
2.0003e-04
0.0000e+00
9.5367e-07
0.0000e+00
2.3127e-05
9.5367e-07
1.9073e-06
0.0000e+00
0.0000e+00
2.6798e-04
9.5367e-07
9.5367e-07
0.0000e+00
2.1935e-05
9.5367e-07
5.7936e-05
9.5367e-07
9.5367e-07
0.0000e+00
2.1935e-05
5.5075e-05
1.9073e-06
0.0000e+00
2.0981e-05
0.0000e+00
2.1935e-05
9.5367e-07
0.0000e+00
2.2173e-05
9.5367e-07
0.0000e+00
2.9087e-05
6.6042e-05
1.3208e-04
0.0000e+00
0.0000e+00
0.0000e+00
2.1935e-05
0.0000e+00
0.0000e+00
2.1935e-05
9.5367e-07
2.1458e-06
0.0000e+00
3.8147e-06
1.9073e-06
0.0000e+00
2.0981e-05
0.0000e+00
2.2888e-05
9.5367e-07
1.1921e-06
0.0000e+00
1.9073e-06
4.2796e-04
0.0000e+00
0.0000e+00
0.0000e+00
2.2888e-05
9.5367e-07
0.0000e+00
2.1935e-05
3.6001e-05
0.0000e+00
2.2888e-05
9.0599e-06
0.0000e+00
2.1935e-05
9.5367e-07
0.0000e+00
2.1935e-05
9.5367e-07
0.0000e+00
2.3127e-05
9.5367e-07
0.0000e+00
2.2173e-05
9.5367e-07
0.0000e+00
2.1935e-05
1.1921e-06
0.0000e+00
2.1935e-05
9.5367e-07
0.0000e+00
2.9087e-05
9.5367e-07
0.0000e+00
2.2173e-05
1.4400e-04
0.0000e+00
2.1935e-05
8.1062e-06
0.0000e+00
2.1935e-05
2.1458e-06
9.5367e-07
0.0000e+00
1.1921e-06
0.0000e+00
2.1935e-05
1.9073e-06
4.9114e-04
0.0000e+00
9.5367e-07
0.0000e+00
2.2173e-05
0.0000e+00
0.0000e+00
2.1935e-05
9.5367e-07
0.0000e+00
2.2173e-05
0.0000e+00
1.1897e-04
9.5367e-07
9.5367e-07
0.0000e+00
2.3127e-05
9.5367e-07
1.2708e-04
0.0000e+00
9.5367e-07
0.0000e+00
2.1935e-05
0.0000e+00
0.0000e+00
2.1935e-05
0.0000e+00
0.0000e+00
2.2888e-05
9.5367e-07
0.0000e+00
2.1935e-05
9.5367e-07
0.0000e+00
3.0994e-05
2.1458e-06
0.0000e+00
2.1935e-05
9.5367e-07
0.0000e+00
2.3127e-05
1.4496e-04
0.0000e+00
2.2173e-05
1.7285e-04
0.0000e+00
2.0981e-05
2.8610e-06
0.0000e+00
2.2173e-05
9.5367e-07
0.0000e+00
2.0981e-05
1.3531e-01
