2.4860e-03
1.6928e-05
0.0000e+00
4.6968e-05
5.6159e-03
0.0000e+00
2.6226e-05
4.4100e-03
0.0000e+00
2.3842e-05
3.7909e-05
0.0000e+00
2.3127e-05
5.9605e-06
0.0000e+00
2.1935e-05
2.8610e-06
0.0000e+00
2.5034e-05
9.5367e-07
0.0000e+00
2.1935e-05
0.0000e+00
1.5006e-02
9.5367e-07
2.8610e-06
0.0000e+00
2.5034e-05
0.0000e+00
0.0000e+00
2.1935e-05
9.5367e-07
0.0000e+00
2.2173e-05
9.5367e-07
0.0000e+00
2.1935e-05
1.3113e-05
0.0000e+00
2.3127e-05
9.5367e-07
1.1301e-04
0.0000e+00
9.5367e-07
0.0000e+00
2.1935e-05
1.5402e-04
0.0000e+00
2.1935e-05
9.7530e-03
0.0000e+00
2.4080e-05
9.5367e-07
0.0000e+00
2.1935e-05
1.9073e-06
0.0000e+00
2.2173e-05
8.4877e-05
0.0000e+00
2.2173e-05
9.5170e-03
0.0000e+00
2.1935e-05
3.0994e-06
0.0000e+00
2.1935e-05
1.1921e-06
0.0000e+00
2.1935e-05
0.0000e+00
0.0000e+00
2.9802e-05
9.5367e-07
2.8610e-06
0.0000e+00
1.2875e-05
3.0994e-06
0.0000e+00
3.2902e-05
1.1683e-04
0.0000e+00
1.1921e-06
0.0000e+00
2.2888e-05
9.5367e-07
0.0000e+00
2.2173e-05
2.0885e-04
0.0000e+00
2.3127e-05
3.0994e-06
0.0000e+00
2.1935e-05
1.9073e-06
2.3508e-04
0.0000e+00
0.0000e+00
1.9073e-06
0.0000e+00
0.0000e+00
0.0000e+00
2.3127e-05
3.3855e-05
0.0000e+00
2.3127e-05
3.2091e-04
0.0000e+00
2.1935e-05
2.8610e-06
0.0000e+00
2.2173e-05
8.9180e-03
0.0000e+00
2.2888e-05
0.0000e+00
1.1921e-06
0.0000e+00
4.0531e-06
0.0000e+00
2.1935e-05
9.5367e-07
0.0000e+00
2.1935e-05
0.0000e+00
0.0000e+00
2.1935e-05
9.5367e-07
0.0000e+00
2.3127e-05
9.5367e-07
2.1458e-06
9.5367e-07
2.0027e-05
0.0000e+00
2.2888e-05
0.0000e+00
0.0000e+00
2.2173e-05
9.5367e-07
8.3923e-05
0.0000e+00
1.1921e-06
0.0000e+00
2.1935e-05
0.0000e+00
0.0000e+00
2.0981e-05
1.1921e-06
0.0000e+00
2.1935e-05
1.3494e-04
0.0000e+00
3.0041e-05
1.1921e-06
0.0000e+00
2.1935e-05
5.1498e-04
0.0000e+00
2.0981e-05
6.4301e-04
0.0000e+00
2.1935e-05
7.8297e-04
0.0000e+00
2.4080e-05
9.5367e-07
2.1458e-06
0.0000e+00
1.7881e-05
0.0000e+00
2.1935e-05
9.5367e-07
0.0000e+00
2.2173e-05
9.5367e-07
0.0000e+00
2.9087e-05
3.7140e-02
1.9073e-06
0.0000e+00
8.8215e-06
0.0000e+00
2.2888e-05
2.1458e-06
0.0000e+00
2.1935e-05
1.0118e-02
0.0000e+00
2.2173e-05
1.9073e-06
0.0000e+00
2.1935e-05
1.1921e-06
0.0000e+00
2.1935e-05
9.4769e-03
0.0000e+00
2.1935e-05
9.5367e-07
0.0000e+00
2.2173e-05
9.5367e-07
0.0000e+00
2.1935e-05
5.0068e-06
0.0000e+00
2.2173e-05
0.0000e+00
0.0000e+00
2.0981e-05
2.1458e-06
0.0000e+00
2.1935e-05
9.5367e-07
0.0000e+00
2.2173e-05
0.0000e+00
0.0000e+00
2.1935e-05
9.5367e-07
0.0000e+00
2.0981e-05
0.0000e+00
0.0000e+00
2.9087e-05
5.9009e-04
0.0000e+00
2.1935e-05
9.5367e-07
0.0000e+00
2.2173e-05
9.5367e-07
0.0000e+00
2.4080e-05
9.5367e-07
0.0000e+00
2.0981e-05
1.1921e-06
0.0000e+00
2.0981e-05
9.5367e-07
1.9073e-06
0.0000e+00
6.9141e-06
9.6111e-03
0.0000e+00
0.0000e+00
0.0000e+00
2.3127e-05
9.5367e-07
0.0000e+00
2.1935e-05
2.1887e-04
1.9073e-06
0.0000e+00
1.9073e-05
0.0000e+00
2.1935e-05
7.8678e-06
0.0000e+00
2.0981e-05
2.0099e-04
1.9073e-06
0.0000e+00
2.2173e-05
1.9073e-06
0.0000e+00
2.0027e-05
1.9073e-06
1.1921e-06
9.5367e-07
0.0000e+00
2.1935e-05
0.0000e+00
0.0000e+00
2.0981e-05
1.9073e-06
0.0000e+00
2.0981e-05
5.1999e-04
0.0000e+00
2.5034e-05
4.2915e-05
0.0000e+00
2.1935e-05
1.0014e-05
1.0490e-04
1.1921e-06
0.0000e+00
0.0000e+00
2.1935e-05
1.1516e-04
0.0000e+00
2.0981e-05
3.7789e-04
0.0000e+00
2.1935e-05
1.9073e-06
0.0000e+00
2.2173e-05
1.1921e-06
5.0068e-06
9.5367e-07
9.5367e-07
1.7595e-04
9.5367e-07
9.5367e-07
1.9073e-06
0.0000e+00
9.5367e-07
0.0000e+00
2.3127e-05
8.1062e-06
6.8688e-04
1.1921e-06
9.5367e-07
0.0000e+00
2.4080e-05
0.0000e+00
0.0000e+00
2.1935e-05
9.5367e-07
2.6136e-02
0.0000e+00
0.0000e+00
1.0014e-05
0.0000e+00
1.1921e-06
9.9659e-03
0.0000e+00
9.5367e-07
0.0000e+00
2.2888e-05
9.5367e-07
3.0994e-06
0.0000e+00
7.8678e-06
0.0000e+00
3.2902e-05
1.9073e-06
0.0000e+00
2.3127e-05
0.0000e+00
3.0994e-06
0.0000e+00
9.5367e-07
0.0000e+00
2.2173e-05
9.5367e-07
0.0000e+00
2.1935e-05
9.5367e-07
0.0000e+00
2.0981e-05
9.5367e-07
0.0000e+00
2.1935e-05
1.1921e-06
9.8944e-05
0.0000e+00
0.0000e+00
0.0000e+00
2.1935e-05
0.0000e+00
9.7029e-03
0.0000e+00
1.1921e-06
4.0531e-06
0.0000e+00
0.0000e+00
5.0068e-06
0.0000e+00
0.0000e+00
0.0000e+00
2.4080e-05
0.0000e+00
0.0000e+00
2.1935e-05
9.5367e-07
0.0000e+00
2.2173e-05
5.4383e-04
0.0000e+00
2.1935e-05
9.5367e-07
3.0994e-06
0.0000e+00
5.0068e-06
0.0000e+00
2.1935e-05
4.3154e-05
0.0000e+00
2.1935e-05
1.9073e-06
0.0000e+00
2.3127e-05
9.5367e-07
0.0000e+00
2.0981e-05
9.3262e-03
0.0000e+00
2.2888e-05
9.5367e-07
0.0000e+00
2.1935e-05
3.2902e-05
0.0000e+00
2.2173e-05
9.5367e-07
0.0000e+00
2.1935e-05
3.0994e-06
0.0000e+00
2.1935e-05
2.1458e-06
0.0000e+00
3.1948e-05
9.6679e-03
0.0000e+00
2.2888e-05
1.9073e-06
0.0000e+00
2.1935e-05
4.0531e-06
0.0000e+00
2.1935e-05
9.5367e-07
0.0000e+00
2.3127e-05
9.5367e-07
0.0000e+00
2.0981e-05
9.7861e-03
0.0000e+00
2.1935e-05
3.0994e-06
0.0000e+00
2.1935e-05
9.5367e-07
0.0000e+00
2.2888e-05
3.4809e-05
0.0000e+00
2.2173e-05
1.9073e-06
0.0000e+00
2.2173e-05
2.8610e-06
9.7952e-03
0.0000e+00
9.5367e-07
0.0000e+00
2.2173e-05
1.9073e-05
0.0000e+00
2.1935e-05
1.0014e-05
9.8271e-03
0.0000e+00
0.0000e+00
0.0000e+00
2.4080e-05
9.5367e-07
1.9073e-06
0.0000e+00
9.5367e-07
6.9141e-06
8.1062e-06
1.6928e-05
4.0531e-06
0.0000e+00
1.8120e-05
0.0000e+00
2.3127e-05
0.0000e+00
0.0000e+00
2.1935e-05
5.4121e-05
0.0000e+00
2.1935e-05
9.8040e-03
1.3113e-05
9.5367e-07
1.0967e-05
0.0000e+00
2.2173e-05
1.9073e-06
0.0000e+00
2.1935e-05
2.1458e-06
0.0000e+00
2.1935e-05
2.9588e-04
0.0000e+00
2.9802e-05
9.5367e-07
0.0000e+00
2.1935e-05
9.5367e-07
0.0000e+00
2.0981e-05
9.5367e-07
0.0000e+00
2.0981e-05
9.5367e-07
0.0000e+00
2.1219e-05
9.5367e-07
0.0000e+00
2.0981e-05
9.6221e-03
2.8610e-06
0.0000e+00
2.1935e-05
4.6015e-05
0.0000e+00
0.0000e+00
6.9857e-05
0.0000e+00
9.5367e-07
0.0000e+00
3.0994e-05
2.0194e-04
0.0000e+00
2.1935e-05
3.0994e-06
2.3699e-04
0.0000e+00
0.0000e+00
0.0000e+00
2.1935e-05
1.1396e-04
2.1458e-06
9.5367e-07
2.0981e-05
0.0000e+00
2.2173e-05
9.5367e-07
4.0531e-06
9.5367e-07
2.5034e-05
0.0000e+00
2.1935e-05
5.0068e-06
2.1458e-06
0.0000e+00
2.0027e-05
0.0000e+00
2.1935e-05
5.5599e-04
0.0000e+00
2.1935e-05
1.9073e-06
0.0000e+00
2.1935e-05
2.8076e-02
0.0000e+00
2.1935e-05
1.1921e-06
0.0000e+00
2.3842e-05
9.5367e-07
0.0000e+00
2.0981e-05
0.0000e+00
4.0531e-06
0.0000e+00
8.1062e-06
9.9120e-03
0.0000e+00
9.5367e-07
0.0000e+00
2.4080e-05
0.0000e+00
0.0000e+00
3.0041e-05
9.5367e-07
0.0000e+00
2.0981e-05
9.5367e-07
0.0000e+00
2.0981e-05
2.2173e-05
0.0000e+00
2.1935e-05
5.3167e-05
0.0000e+00
2.0981e-05
3.0994e-06
0.0000e+00
2.1935e-05
1.0014e-05
0.0000e+00
2.1935e-05
2.3890e-04
0.0000e+00
2.0981e-05
9.5367e-07
0.0000e+00
2.2888e-05
0.0000e+00
0.0000e+00
2.1935e-05
9.5367e-07
0.0000e+00
2.2173e-05
2.4009e-04
0.0000e+00
2.0981e-05
1.0014e-05
0.0000e+00
2.1935e-05
2.8982e-02
0.0000e+00
2.1935e-05
4.0531e-06
1.0610e-04
9.5367e-07
9.5367e-07
0.0000e+00
2.1935e-05
9.5367e-07
0.0000e+00
2.1935e-05
0.0000e+00
0.0000e+00
2.0981e-05
4.1008e-05
7.2002e-05
9.5367e-07
9.5367e-07
7.5679e-03
0.0000e+00
9.5367e-07
0.0000e+00
2.4080e-05
9.5367e-07
0.0000e+00
2.1935e-05
1.8716e-04
0.0000e+00
2.1935e-05
9.5367e-07
0.0000e+00
2.1935e-05
5.0068e-06
0.0000e+00
3.0041e-05
6.8903e-05
7.2002e-05
0.0000e+00
9.5367e-07
0.0000e+00
2.2888e-05
9.5367e-07
0.0000e+00
2.2173e-05
9.5367e-07
0.0000e+00
2.1935e-05
5.0068e-06
0.0000e+00
2.0981e-05
4.4107e-04
0.0000e+00
2.0981e-05
9.0599e-06
4.0531e-06
0.0000e+00
1.7166e-05
0.0000e+00
2.1935e-05
2.9206e-04
0.0000e+00
3.0041e-05
1.9073e-06
0.0000e+00
2.1935e-05
1.1921e-06
0.0000e+00
2.0981e-05
0.0000e+00
0.0000e+00
2.2173e-05
7.8678e-06
0.0000e+00
2.1935e-05
2.1458e-06
0.0000e+00
2.0981e-05
1.7500e-04
5.7936e-05
0.0000e+00
0.0000e+00
0.0000e+00
2.1935e-05
0.0000e+00
0.0000e+00
2.9802e-05
2.1458e-06
0.0000e+00
2.1935e-05
3.0994e-06
0.0000e+00
2.0981e-05
2.0409e-04
0.0000e+00
2.1935e-05
1.1921e-06
6.1989e-05
0.0000e+00
0.0000e+00
0.0000e+00
2.1935e-05
9.5367e-07
1.0395e-04
0.0000e+00
0.0000e+00
0.0000e+00
2.1935e-05
9.5367e-07
1.1110e-04
0.0000e+00
0.0000e+00
0.0000e+00
3.0041e-05
9.5367e-07
0.0000e+00
2.2173e-05
2.6894e-04
7.1049e-05
0.0000e+00
0.0000e+00
0.0000e+00
2.1935e-05
5.9128e-05
5.3883e-05
0.0000e+00
9.5367e-07
0.0000e+00
2.1935e-05
1.1921e-06
0.0000e+00
2.1935e-05
4.6015e-05
0.0000e+00
2.2173e-05
9.8944e-05
0.0000e+00
2.1935e-05
4.0531e-06
5.6982e-05
1.0967e-05
9.5367e-07
0.0000e+00
2.2173e-05
5.8889e-05
0.0000e+00
2.2173e-05
9.5367e-07
0.0000e+00
2.0981e-05
9.5367e-07
0.0000e+00
2.1935e-05
6.9141e-06
2.6584e-04
9.5367e-07
1.1921e-06
0.0000e+00
2.2888e-05
0.0000e+00
2.1100e-04
0.0000e+00
9.5367e-07
0.0000e+00
2.1935e-05
1.1921e-06
0.0000e+00
2.9802e-05
1.1921e-06
0.0000e+00
2.0981e-05
0.0000e+00
0.0000e+00
2.0981e-05
1.6117e-04
3.0994e-06
0.0000e+00
2.7895e-05
0.0000e+00
2.1935e-05
2.0981e-05
0.0000e+00
2.1935e-05
5.0068e-05
0.0000e+00
2.0981e-05
1.9073e-06
0.0000e+00
2.0981e-05
1.1802e-04
0.0000e+00
2.8849e-05
8.2016e-04
0.0000e+00
2.1935e-05
9.5367e-07
0.0000e+00
2.2173e-05
9.5367e-07
0.0000e+00
2.0981e-05
0.0000e+00
0.0000e+00
2.0981e-05
6.9141e-06
0.0000e+00
2.1935e-05
4.7922e-05
0.0000e+00
2.0981e-05
1.1921e-06
0.0000e+00
2.1935e-05
1.1921e-06
0.0000e+00
2.2888e-05
1.5402e-04
2.5034e-05
0.0000e+00
0.0000e+00
0.0000e+00
2.1935e-05
5.9605e-06
0.0000e+00
2.0981e-05
1.0204e-04
0.0000e+00
2.1935e-05
1.0014e-05
3.0494e-04
0.0000e+00
1.1921e-06
0.0000e+00
2.1935e-05
9.5367e-07
0.0000e+00
2.2173e-05
9.5367e-07
0.0000e+00
2.9087e-05
9.5367e-07
8.2970e-05
9.5367e-07
0.0000e+00
0.0000e+00
2.2888e-05
9.5367e-07
0.0000e+00
2.1219e-05
9.8944e-05
0.0000e+00
2.1935e-05
2.1458e-06
0.0000e+00
2.1935e-05
5.1975e-05
0.0000e+00
2.3127e-05
1.9073e-06
0.0000e+00
2.1935e-05
1.1921e-06
0.0000e+00
2.0981e-05
1.1921e-06
0.0000e+00
2.1935e-05
0.0000e+00
0.0000e+00
2.0981e-05
9.5367e-07
0.0000e+00
2.1935e-05
0.0000e+00
3.2806e-04
0.0000e+00
0.0000e+00
0.0000e+00
2.1935e-05
9.5367e-07
0.0000e+00
2.0981e-05
0.0000e+00
0.0000e+00
2.0981e-05
0.0000e+00
0.0000e+00
2.0981e-05
1.5688e-04
0.0000e+00
2.3127e-05
9.5367e-07
0.0000e+00
2.0981e-05
1.1921e-06
0.0000e+00
2.1935e-05
1.2803e-04
0.0000e+00
2.2888e-05
1.0014e-05
0.0000e+00
2.0981e-05
4.7922e-05
0.0000e+00
2.1935e-05
3.0994e-06
1.9073e-06
0.0000e+00
2.2888e-05
0.0000e+00
2.2173e-05
9.5367e-07
0.0000e+00
2.3127e-05
2.6393e-04
0.0000e+00
2.2173e-05
4.3869e-05
0.0000e+00
2.1935e-05
2.1458e-06
0.0000e+00
2.0981e-05
8.8930e-05
6.8188e-05
9.5367e-07
9.5367e-07
0.0000e+00
2.1935e-05
0.0000e+00
0.0000e+00
2.0981e-05
4.0531e-06
0.0000e+00
2.0981e-05
5.6028e-05
0.0000e+00
2.5988e-05
4.4823e-05
0.0000e+00
2.2173e-05
7.8917e-05
0.0000e+00
2.0981e-05
3.8147e-06
2.2888e-05
0.0000e+00
0.0000e+00
0.0000e+00
2.1935e-05
0.0000e+00
0.0000e+00
2.1935e-05
9.0599e-06
2.1696e-04
0.0000e+00
1.1921e-06
0.0000e+00
2.1935e-05
9.5367e-07
0.0000e+00
2.8849e-05
0.0000e+00
0.0000e+00
2.1935e-05
1.2088e-04
4.5061e-05
0.0000e+00
0.0000e+00
0.0000e+00
2.1935e-05
0.0000e+00
0.0000e+00
2.0981e-05
1.1802e-04
0.0000e+00
2.2173e-05
1.0014e-05
0.0000e+00
2.5988e-05
9.5367e-07
0.0000e+00
2.0981e-05
8.9884e-05
0.0000e+00
2.9087e-05
2.8133e-05
0.0000e+00
2.1935e-05
9.5367e-07
0.0000e+00
2.2173e-05
1.1301e-04
0.0000e+00
2.1935e-05
2.1458e-06
5.8889e-05
0.0000e+00
0.0000e+00
0.0000e+00
2.1935e-05
9.5367e-07
0.0000e+00
2.1935e-05
9.5367e-07
1.7381e-04
1.1921e-06
9.5367e-07
7.7009e-05
0.0000e+00
0.0000e+00
0.0000e+00
2.2173e-05
0.0000e+00
0.0000e+00
2.1935e-05
0.0000e+00
0.0000e+00
2.0981e-05
0.0000e+00
0.0000e+00
2.0981e-05
0.0000e+00
0.0000e+00
2.0981e-05
0.0000e+00
1.9073e-06
9.5367e-07
5.0068e-06
0.0000e+00
2.1935e-05
1.2159e-05
2.7204e-04
0.0000e+00
0.0000e+00
0.0000e+00
2.2173e-05
0.0000e+00
0.0000e+00
3.0994e-05
9.5367e-07
0.0000e+00
2.0981e-05
9.5367e-07
1.3494e-04
0.0000e+00
1.1921e-06
0.0000e+00
2.1935e-05
0.0000e+00
0.0000e+00
2.0981e-05
0.0000e+00
1.9073e-06
0.0000e+00
4.0531e-06
0.0000e+00
2.2888e-05
9.5367e-07
0.0000e+00
2.0981e-05
0.0000e+00
0.0000e+00
2.0981e-05
1.9073e-06
0.0000e+00
2.2888e-05
1.1921e-06
3.5000e-04
0.0000e+00
9.5367e-07
0.0000e+00
2.3127e-05
0.0000e+00
0.0000e+00
2.0981e-05
1.8120e-05
6.3896e-05
0.0000e+00
0.0000e+00
0.0000e+00
2.2173e-05
0.0000e+00
0.0000e+00
2.0981e-05
1.1921e-06
0.0000e+00
2.1935e-05
1.9073e-06
0.0000e+00
2.8849e-05
1.1921e-06
0.0000e+00
2.2888e-05
4.0531e-06
0.0000e+00
2.1935e-05
9.5367e-07
0.0000e+00
2.2173e-05
5.9795e-04
0.0000e+00
2.1935e-05
9.7752e-06
0.0000e+00
2.3127e-05
9.5367e-07
0.0000e+00
2.1935e-05
2.1458e-06
0.0000e+00
2.0981e-05
2.4009e-04
0.0000e+00
2.9087e-05
9.5367e-07
0.0000e+00
2.1935e-05
2.3127e-05
0.0000e+00
2.0981e-05
9.5367e-07
0.0000e+00
2.1219e-05
8.8215e-06
0.0000e+00
2.1935e-05
2.6608e-04
6.8903e-05
9.5367e-07
0.0000e+00
0.0000e+00
2.4080e-05
5.2929e-05
0.0000e+00
2.3127e-05
2.8610e-06
0.0000e+00
3.0041e-05
1.1921e-06
0.0000e+00
2.0981e-05
9.5367e-07
0.0000e+00
2.2173e-05
9.5367e-07
0.0000e+00
2.1935e-05
9.5367e-07
0.0000e+00
2.0981e-05
1.9979e-04
1.3494e-04
0.0000e+00
9.5367e-07
2.1458e-06
9.5367e-07
9.5367e-07
0.0000e+00
2.1935e-05
0.0000e+00
9.1076e-05
0.0000e+00
9.5367e-07
0.0000e+00
2.9087e-05
9.5367e-07
0.0000e+00
2.1935e-05
1.2612e-04
0.0000e+00
2.0981e-05
8.1062e-06
8.3923e-05
0.0000e+00
9.5367e-07
0.0000e+00
2.5034e-05
9.5367e-07
0.0000e+00
2.0981e-05
9.5367e-07
0.0000e+00
2.2173e-05
1.3781e-04
6.4850e-05
0.0000e+00
1.1921e-06
0.0000e+00
2.1935e-05
9.5367e-07
0.0000e+00
2.1935e-05
8.1062e-05
0.0000e+00
2.2173e-05
9.5367e-07
1.9073e-06
1.1921e-06
1.3828e-05
0.0000e+00
2.2173e-05
5.0068e-06
0.0000e+00
2.0981e-05
1.0014e-05
0.0000e+00
2.1935e-05
2.1458e-06
1.9073e-06
0.0000e+00
2.0027e-05
0.0000e+00
2.2173e-05
9.5367e-07
0.0000e+00
2.9087e-05
3.2997e-04
0.0000e+00
2.1935e-05
1.1921e-06
0.0000e+00
2.1935e-05
1.9073e-06
0.0000e+00
2.2173e-05
1.0586e-04
0.0000e+00
2.1935e-05
1.0014e-05
8.2970e-05
0.0000e+00
0.0000e+00
8.2016e-05
0.0000e+00
0.0000e+00
0.0000e+00
2.1935e-05
0.0000e+00
0.0000e+00
2.0981e-05
4.9114e-05
0.0000e+00
3.0041e-05
9.1076e-05
0.0000e+00
2.1935e-05
5.0068e-05
0.0000e+00
2.1935e-05
1.1921e-06
0.0000e+00
2.0981e-05
1.0014e-05
0.0000e+00
2.1935e-05
2.1458e-06
0.0000e+00
2.0981e-05
9.5367e-07
0.0000e+00
2.1219e-05
9.5367e-07
0.0000e+00
2.9087e-05
9.5367e-07
0.0000e+00
2.2888e-05
2.1219e-04
0.0000e+00
2.1935e-05
3.0994e-06
0.0000e+00
2.1935e-05
9.5367e-07
0.0000e+00
2.0981e-05
0.0000e+00
0.0000e+00
2.1935e-05
1.0014e-05
0.0000e+00
2.0981e-05
1.5903e-04
5.0068e-05
0.0000e+00
0.0000e+00
0.0000e+00
2.2173e-05
9.5367e-07
0.0000e+00
2.2888e-05
3.0994e-06
0.0000e+00
2.1935e-05
1.1492e-04
0.0000e+00
2.2173e-05
2.8610e-06
1.7214e-04
9.5367e-07
9.5367e-07
0.0000e+00
2.1935e-05
5.4836e-05
9.5367e-07
0.0000e+00
0.0000e+00
0.0000e+00
2.2173e-05
9.5367e-07
0.0000e+00
2.0981e-05
9.5367e-07
0.0000e+00
3.0041e-05
1.1921e-06
9.5367e-07
0.0000e+00
1.9073e-06
0.0000e+00
2.3127e-05
9.5367e-07
0.0000e+00
2.1935e-05
3.9911e-04
6.9141e-06
9.5367e-07
1.6212e-05
0.0000e+00
2.1935e-05
9.5367e-07
0.0000e+00
2.2173e-05
1.2875e-05
0.0000e+00
2.0981e-05
2.1458e-06
0.0000e+00
2.0027e-05
1.1921e-06
0.0000e+00
2.1935e-05
0.0000e+00
2.0909e-04
0.0000e+00
0.0000e+00
0.0000e+00
2.1935e-05
9.5367e-07
1.1301e-04
0.0000e+00
0.0000e+00
0.0000e+00
2.1935e-05
4.6968e-05
1.1110e-04
0.0000e+00
9.5367e-07
0.0000e+00
2.1935e-05
1.2922e-04
0.0000e+00
2.0981e-05
3.0994e-06
0.0000e+00
2.1935e-05
3.5048e-05
0.0000e+00
3.0041e-05
9.5367e-07
0.0000e+00
2.1935e-05
9.5367e-07
0.0000e+00
2.0981e-05
9.5367e-07
0.0000e+00
2.1935e-05
3.0994e-06
0.0000e+00
2.1935e-05
2.1458e-06
0.0000e+00
2.0981e-05
3.0994e-06
0.0000e+00
2.1935e-05
2.9993e-04
0.0000e+00
2.2173e-05
9.5367e-07
0.0000e+00
2.3127e-05
9.5367e-07
0.0000e+00
2.0981e-05
0.0000e+00
0.0000e+00
2.0981e-05
9.5367e-07
0.0000e+00
2.0981e-05
7.9155e-05
0.0000e+00
2.0981e-05
2.8610e-06
0.0000e+00
2.0981e-05
1.1921e-05
0.0000e+00
2.0981e-05
3.0994e-06
0.0000e+00
2.8849e-05
1.1921e-06
0.0000e+00
2.0981e-05
2.0599e-04
1.3113e-05
0.0000e+00
9.0599e-06
0.0000e+00
2.3127e-05
4.8876e-05
0.0000e+00
2.0981e-05
2.8849e-05
0.0000e+00
2.1935e-05
8.8215e-06
1.2589e-04
0.0000e+00
0.0000e+00
0.0000e+00
2.2888e-05
9.5367e-07
0.0000e+00
2.1935e-05
1.1921e-06
1.9073e-06
0.0000e+00
0.0000e+00
0.0000e+00
2.1935e-05
9.5367e-07
0.0000e+00
2.0981e-05
4.0531e-06
0.0000e+00
2.1935e-05
3.2997e-04
0.0000e+00
2.0981e-05
2.1458e-06
0.0000e+00
2.0981e-05
8.1062e-06
1.0109e-04
0.0000e+00
0.0000e+00
0.0000e+00
2.0981e-05
0.0000e+00
0.0000e+00
2.9802e-05
1.1921e-06
0.0000e+00
2.1935e-05
9.7990e-05
0.0000e+00
2.2173e-05
8.7023e-05
0.0000e+00
2.1935e-05
2.1458e-06
0.0000e+00
2.1935e-05
6.1989e-06
1.3399e-04
9.5367e-07
9.5367e-07
0.0000e+00
2.1935e-05
1.1921e-06
0.0000e+00
2.1935e-05
1.1611e-04
0.0000e+00
2.0981e-05
3.0994e-06
0.0000e+00
2.3127e-05
9.5367e-07
0.0000e+00
2.0981e-05
1.1611e-04
0.0000e+00
2.1935e-05
3.0994e-06
0.0000e+00
2.1935e-05
7.5102e-05
0.0000e+00
2.1935e-05
1.9073e-06
0.0000e+00
2.2173e-05
1.1301e-04
1.1921e-05
0.0000e+00
1.0967e-05
0.0000e+00
2.1935e-05
1.9073e-06
0.0000e+00
2.3127e-05
0.0000e+00
0.0000e+00
2.1935e-05
1.1921e-06
0.0000e+00
2.0981e-05
1.3709e-04
0.0000e+00
2.1935e-05
1.0967e-05
9.2983e-05
0.0000e+00
0.0000e+00
0.0000e+00
2.1935e-05
9.5367e-07
0.0000e+00
2.0981e-05
5.4836e-05
0.0000e+00
2.0981e-05
1.9073e-06
0.0000e+00
2.3127e-05
5.0068e-06
0.0000e+00
2.1935e-05
2.1458e-06
0.0000e+00
2.0981e-05
9.5367e-07
0.0000e+00
2.1935e-05
6.9141e-06
2.9016e-04
9.5367e-07
9.5367e-07
0.0000e+00
2.1935e-05
1.1921e-06
0.0000e+00
2.1935e-05
9.5367e-07
0.0000e+00
2.5034e-05
1.5187e-04
0.0000e+00
2.2173e-05
6.9141e-06
0.0000e+00
2.2173e-05
7.8917e-05
0.0000e+00
2.1935e-05
1.1921e-06
1.2994e-04
9.5367e-07
9.5367e-07
6.1989e-05
0.0000e+00
0.0000e+00
0.0000e+00
2.1935e-05
0.0000e+00
0.0000e+00
2.0981e-05
0.0000e+00
0.0000e+00
2.1935e-05
9.5367e-07
0.0000e+00
3.0041e-05
1.6999e-04
0.0000e+00
2.3127e-05
9.5367e-07
0.0000e+00
2.2173e-05
6.9141e-06
0.0000e+00
2.1935e-05
5.0068e-05
0.0000e+00
2.2173e-05
9.5367e-07
0.0000e+00
2.0981e-05
1.4305e-04
0.0000e+00
2.1935e-05
1.1921e-06
0.0000e+00
2.0981e-05
9.5367e-07
1.5306e-04
9.5367e-07
1.1921e-06
0.0000e+00
2.1935e-05
0.0000e+00
6.1035e-05
0.0000e+00
0.0000e+00
0.0000e+00
2.1935e-05
0.0000e+00
0.0000e+00
2.0981e-05
9.5367e-07
0.0000e+00
2.0981e-05
9.5367e-07
0.0000e+00
2.0981e-05
1.1921e-06
0.0000e+00
2.1935e-05
9.5367e-07
2.1505e-04
0.0000e+00
0.0000e+00
0.0000e+00
3.0041e-05
8.3923e-05
0.0000e+00
2.3127e-05
9.5367e-07
0.0000e+00
2.0981e-05
9.5367e-07
0.0000e+00
2.0981e-05
1.9884e-04
0.0000e+00
2.0981e-05
5.2929e-05
1.9073e-06
0.0000e+00
0.0000e+00
0.0000e+00
2.1935e-05
1.1897e-04
0.0000e+00
2.1935e-05
1.9073e-06
0.0000e+00
3.0994e-05
9.5367e-07
0.0000e+00
2.1935e-05
0.0000e+00
0.0000e+00
2.0981e-05
0.0000e+00
1.2207e-04
9.5367e-07
9.5367e-07
1.9073e-06
1.1921e-06
4.0531e-06
1.4114e-04
9.5367e-07
9.5367e-07
0.0000e+00
2.1935e-05
9.0122e-05
0.0000e+00
2.1935e-05
8.7023e-05
0.0000e+00
2.1219e-05
0.0000e+00
0.0000e+00
2.9087e-05
9.5367e-07
0.0000e+00
2.1935e-05
9.5367e-07
0.0000e+00
2.0981e-05
5.9128e-05
0.0000e+00
2.1935e-05
5.0068e-05
0.0000e+00
2.0981e-05
2.1458e-06
0.0000e+00
2.1935e-05
9.1076e-05
0.0000e+00
2.1935e-05
1.5593e-04
7.1526e-06
0.0000e+00
2.4080e-05
2.8610e-06
0.0000e+00
1.4067e-05
0.0000e+00
2.2888e-05
0.0000e+00
0.0000e+00
2.1935e-05
0.0000e+00
0.0000e+00
2.0981e-05
1.8311e-04
0.0000e+00
2.1935e-05
1.1921e-06
0.0000e+00
2.1935e-05
7.8917e-05
0.0000e+00
2.0981e-05
1.9073e-06
0.0000e+00
2.2173e-05
1.3113e-05
0.0000e+00
2.0981e-05
6.6042e-05
0.0000e+00
2.2888e-05
1.9073e-06
0.0000e+00
2.1935e-05
1.0109e-04
0.0000e+00
2.1935e-05
9.5367e-07
0.0000e+00
2.0981e-05
1.0681e-04
0.0000e+00
2.2173e-05
9.5367e-07
0.0000e+00
2.0981e-05
8.3208e-05
2.2888e-05
0.0000e+00
0.0000e+00
0.0000e+00
2.1935e-05
1.1921e-06
0.0000e+00
2.1935e-05
1.3900e-04
1.5974e-05
1.1921e-06
6.9141e-06
0.0000e+00
2.1935e-05
8.7976e-05
8.5831e-05
1.1921e-06
9.5367e-07
0.0000e+00
2.2888e-05
9.5367e-07
0.0000e+00
2.0981e-05
8.8930e-05
0.0000e+00
2.1935e-05
3.0994e-06
0.0000e+00
2.0981e-05
3.5048e-05
0.0000e+00
3.0041e-05
3.1948e-05
0.0000e+00
2.1935e-05
1.9073e-06
1.2708e-04
0.0000e+00
0.0000e+00
1.3208e-04
0.0000e+00
0.0000e+00
0.0000e+00
2.3127e-05
9.5367e-07
1.1301e-04
0.0000e+00
0.0000e+00
0.0000e+00
2.2888e-05
9.5367e-07
0.0000e+00
2.1935e-05
0.0000e+00
0.0000e+00
2.1935e-05
0.0000e+00
0.0000e+00
2.9087e-05
1.2708e-04
0.0000e+00
2.2888e-05
1.1921e-06
0.0000e+00
2.1935e-05
0.0000e+00
0.0000e+00
2.0981e-05
1.4615e-04
1.9073e-06
9.5367e-07
2.0027e-05
0.0000e+00
2.2173e-05
9.5844e-05
0.0000e+00
2.0981e-05
1.1921e-05
0.0000e+00
2.2173e-05
2.8610e-06
0.0000e+00
2.1935e-05
9.5367e-07
0.0000e+00
2.3127e-05
9.2030e-05
0.0000e+00
2.0981e-05
3.6955e-05
0.0000e+00
2.2888e-05
1.1921e-06
0.0000e+00
2.0981e-05
0.0000e+00
0.0000e+00
2.0981e-05
9.7990e-05
0.0000e+00
2.0981e-05
1.9073e-06
1.9073e-06
9.5367e-07
2.8133e-05
0.0000e+00
2.1935e-05
1.1921e-06
1.7786e-04
0.0000e+00
9.5367e-07
8.2970e-05
0.0000e+00
0.0000e+00
6.7949e-05
0.0000e+00
0.0000e+00
0.0000e+00
2.3127e-05
9.5367e-07
0.0000e+00
2.0981e-05
9.2030e-05
0.0000e+00
2.0981e-05
1.9073e-06
0.0000e+00
2.1935e-05
8.2970e-05
8.1062e-05
0.0000e+00
9.5367e-07
4.0531e-06
0.0000e+00
9.5367e-07
1.2207e-04
0.0000e+00
0.0000e+00
2.1458e-06
0.0000e+00
1.1921e-06
0.0000e+00
2.3842e-05
1.2612e-04
0.0000e+00
2.1935e-05
0.0000e+00
0.0000e+00
2.2173e-05
9.5367e-07
0.0000e+00
2.0981e-05
8.4162e-05
1.1492e-04
0.0000e+00
0.0000e+00
0.0000e+00
2.1935e-05
6.0081e-05
6.6042e-05
0.0000e+00
0.0000e+00
0.0000e+00
2.2173e-05
0.0000e+00
0.0000e+00
2.1935e-05
3.8147e-06
0.0000e+00
2.3127e-05
8.7023e-05
0.0000e+00
2.1935e-05
9.5367e-07
0.0000e+00
2.0981e-05
9.5367e-07
0.0000e+00
2.1935e-05
1.1921e-06
0.0000e+00
2.0981e-05
9.5367e-07
0.0000e+00
2.1935e-05
1.9717e-04
0.0000e+00
2.1935e-05
8.5115e-05
4.0531e-06
0.0000e+00
1.1921e-05
0.0000e+00
2.2888e-05
0.0000e+00
0.0000e+00
2.0981e-05
0.0000e+00
0.0000e+00
2.0981e-05
0.0000e+00
0.0000e+00
2.0981e-05
3.8862e-05
0.0000e+00
2.0981e-05
9.5367e-07
0.0000e+00
2.1935e-05
1.9407e-04
0.0000e+00
2.0981e-05
9.0599e-06
0.0000e+00
2.9087e-05
9.5367e-07
0.0000e+00
2.2173e-05
0.0000e+00
0.0000e+00
2.1935e-05
9.5367e-07
0.0000e+00
2.0981e-05
1.6117e-04
0.0000e+00
2.1935e-05
1.2088e-04
0.0000e+00
2.1219e-05
9.5367e-07
0.0000e+00
2.1935e-05
1.2159e-05
0.0000e+00
2.0981e-05
4.4823e-05
0.0000e+00
2.2173e-05
9.0599e-06
0.0000e+00
2.0981e-05
2.1935e-05
0.0000e+00
2.0981e-05
6.2943e-05
0.0000e+00
2.1935e-05
3.0994e-06
0.0000e+00
2.1935e-05
1.9073e-06
9.5367e-07
0.0000e+00
2.0027e-05
0.0000e+00
2.2173e-05
1.3399e-04
0.0000e+00
2.0981e-05
4.8161e-05
0.0000e+00
3.0041e-05
2.8610e-06
0.0000e+00
2.0981e-05
8.8215e-06
0.0000e+00
2.1935e-05
9.5367e-07
0.0000e+00
2.1935e-05
1.3208e-04
0.0000e+00
2.2173e-05
4.1962e-05
0.0000e+00
2.1935e-05
1.9073e-06
0.0000e+00
2.0981e-05
2.8610e-06
0.0000e+00
2.2173e-05
9.5367e-07
0.0000e+00
2.3127e-05
9.5367e-07
0.0000e+00
2.1935e-05
9.0599e-06
0.0000e+00
2.1935e-05
2.1458e-06
0.0000e+00
2.0981e-05
9.5367e-07
0.0000e+00
2.2173e-05
5.4502e-04
1.9073e-06
0.0000e+00
2.0027e-05
5.0068e-05
9.5367e-07
9.5367e-07
0.0000e+00
2.3127e-05
9.5367e-07
1.1611e-04
9.5367e-07
9.5367e-07
0.0000e+00
2.1935e-05
0.0000e+00
5.5075e-05
0.0000e+00
0.0000e+00
0.0000e+00
2.2173e-05
1.1587e-04
0.0000e+00
2.2173e-05
0.0000e+00
0.0000e+00
2.1935e-05
3.9101e-05
0.0000e+00
2.1935e-05
2.1458e-06
0.0000e+00
2.0981e-05
7.8917e-05
0.0000e+00
2.1935e-05
1.3113e-05
1.9073e-06
0.0000e+00
1.8835e-05
0.0000e+00
2.1935e-05
1.2398e-04
0.0000e+00
2.2173e-05
9.5367e-07
0.0000e+00
2.1935e-05
9.5367e-07
0.0000e+00
2.0981e-05
0.0000e+00
0.0000e+00
2.1935e-05
4.0531e-06
0.0000e+00
2.0981e-05
1.5593e-04
0.0000e+00
2.1935e-05
9.5367e-07
0.0000e+00
2.3127e-05
9.6083e-05
0.0000e+00
2.1935e-05
9.5367e-07
0.0000e+00
2.0981e-05
9.0599e-06
0.0000e+00
2.0981e-05
2.1458e-06
0.0000e+00
2.0981e-05
2.1458e-06
0.0000e+00
2.0981e-05
1.2803e-04
0.0000e+00
2.1935e-05
9.5367e-07
1.0920e-04
9.5367e-07
9.5367e-07
0.0000e+00
3.2902e-05
1.1921e-06
0.0000e+00
2.1935e-05
4.9114e-05
0.0000e+00
2.1935e-05
1.3113e-04
0.0000e+00
2.1935e-05
1.0014e-05
0.0000e+00
2.0981e-05
1.1921e-06
0.0000e+00
2.0981e-05
0.0000e+00
0.0000e+00
2.0981e-05
9.4175e-05
0.0000e+00
2.7895e-05
1.1921e-06
0.0000e+00
2.2888e-05
3.3140e-05
8.9884e-05
0.0000e+00
1.1921e-06
0.0000e+00
2.2888e-05
9.5367e-07
0.0000e+00
2.1935e-05
1.1921e-06
0.0000e+00
2.1935e-05
1.9073e-06
1.7381e-04
1.1921e-06
9.5367e-07
0.0000e+00
2.1935e-05
5.0068e-05
0.0000e+00
2.1935e-05
2.5034e-05
0.0000e+00
2.9802e-05
1.1921e-06
0.0000e+00
2.1935e-05
3.0994e-06
0.0000e+00
2.0981e-05
4.5061e-05
3.5048e-05
0.0000e+00
0.0000e+00
0.0000e+00
2.2173e-05
1.0204e-04
9.7752e-06
0.0000e+00
1.1921e-05
0.0000e+00
2.1935e-05
3.3855e-05
0.0000e+00
2.2173e-05
9.5367e-07
0.0000e+00
2.0981e-05
7.9155e-05
0.0000e+00
2.2888e-05
9.5367e-07
2.1458e-06
0.0000e+00
2.0981e-05
0.0000e+00
2.2888e-05
1.9693e-04
0.0000e+00
2.2173e-05
2.7895e-05
0.0000e+00
2.0981e-05
0.0000e+00
0.0000e+00
2.2173e-05
0.0000e+00
0.0000e+00
2.0981e-05
0.0000e+00
0.0000e+00
2.2173e-05
7.5102e-05
0.0000e+00
2.1935e-05
2.1458e-06
0.0000e+00
2.1935e-05
9.0122e-05
0.0000e+00
2.0981e-05
1.0967e-05
0.0000e+00
2.1935e-05
9.5367e-07
0.0000e+00
2.0981e-05
9.5367e-07
0.0000e+00
2.1935e-05
9.5367e-07
0.0000e+00
2.0981e-05
9.5367e-07
0.0000e+00
2.7895e-05
3.1495e-04
0.0000e+00
2.1935e-05
0.0000e+00
0.0000e+00
2.0981e-05
0.0000e+00
0.0000e+00
2.1935e-05
9.5367e-07
0.0000e+00
2.2173e-05
4.0531e-06
2.8610e-06
0.0000e+00
0.0000e+00
0.0000e+00
2.1935e-05
9.0599e-06
0.0000e+00
2.5034e-05
2.5702e-04
0.0000e+00
3.0041e-05
2.5010e-04
0.0000e+00
2.2888e-05
9.5367e-07
0.0000e+00
2.1935e-05
1.9073e-06
0.0000e+00
2.1935e-05
4.0531e-06
0.0000e+00
2.1935e-05
1.1992e-04
0.0000e+00
2.1935e-05
7.7009e-05
9.7752e-06
0.0000e+00
2.0027e-05
9.2983e-05
0.0000e+00
0.0000e+00
0.0000e+00
2.3127e-05
9.5367e-07
0.0000e+00
3.0041e-05
9.5367e-07
0.0000e+00
2.1935e-05
1.2803e-04
0.0000e+00
2.0981e-05
2.1458e-06
0.0000e+00
2.1935e-05
4.6015e-05
0.0000e+00
2.0981e-05
1.9073e-06
0.0000e+00
2.2173e-05
7.2002e-05
0.0000e+00
2.0981e-05
1.1110e-04
0.0000e+00
2.1935e-05
9.5367e-07
6.9857e-05
9.5367e-07
1.1921e-06
0.0000e+00
2.2888e-05
0.0000e+00
3.0041e-05
9.5367e-07
9.5367e-07
0.0000e+00
2.3127e-05
9.5367e-07
1.2207e-04
0.0000e+00
0.0000e+00
0.0000e+00
2.6941e-05
0.0000e+00
0.0000e+00
2.1935e-05
1.1706e-04
1.1897e-04
9.5367e-07
1.1921e-06
0.0000e+00
2.1935e-05
9.5367e-07
0.0000e+00
2.9087e-05
2.4080e-05
0.0000e+00
2.2888e-05
2.1458e-06
0.0000e+00
2.1935e-05
9.5367e-07
9.5367e-07
0.0000e+00
2.0027e-05
0.0000e+00
2.2173e-05
1.4186e-04
0.0000e+00
2.2173e-05
0.0000e+00
0.0000e+00
2.1935e-05
9.5367e-07
0.0000e+00
2.0981e-05
6.9141e-06
1.0896e-04
1.1921e-06
9.5367e-07
0.0000e+00
2.9087e-05
9.5367e-07
0.0000e+00
2.1935e-05
0.0000e+00
0.0000e+00
2.0981e-05
9.5367e-07
2.4295e-04
0.0000e+00
9.5367e-07
0.0000e+00
2.2888e-05
1.0109e-04
0.0000e+00
2.1935e-05
3.9101e-05
0.0000e+00
2.1935e-05
4.5061e-05
0.0000e+00
2.1935e-05
2.1458e-06
9.5367e-07
0.0000e+00
1.2875e-05
0.0000e+00
2.2888e-05
8.9884e-05
1.9073e-06
9.5367e-07
2.0981e-05
0.0000e+00
2.2173e-05
9.5367e-07
0.0000e+00
2.1935e-05
9.5367e-07
0.0000e+00
2.1935e-05
9.5367e-07
0.0000e+00
2.0981e-05
1.4615e-04
0.0000e+00
2.1935e-05
2.1458e-06
0.0000e+00
2.1935e-05
3.3140e-05
1.8120e-05
0.0000e+00
4.0531e-06
1.9073e-06
0.0000e+00
2.0981e-05
0.0000e+00
2.3127e-05
0.0000e+00
0.0000e+00
2.2173e-05
0.0000e+00
0.0000e+00
2.1935e-05
3.3808e-04
0.0000e+00
2.1935e-05
9.5367e-07
0.0000e+00
2.1935e-05
0.0000e+00
0.0000e+00
2.0981e-05
1.3995e-04
0.0000e+00
2.9087e-05
9.5367e-07
1.0896e-04
0.0000e+00
0.0000e+00
0.0000e+00
2.2888e-05
6.0081e-05
0.0000e+00
2.1935e-05
0.0000e+00
1.9073e-06
1.1921e-06
1.7881e-05
1.0896e-04
0.0000e+00
0.0000e+00
0.0000e+00
2.1935e-05
7.2002e-05
8.8930e-05
1.1921e-06
0.0000e+00
6.4850e-05
1.1921e-06
1.1921e-06
0.0000e+00
2.1935e-05
5.0068e-05
0.0000e+00
2.1935e-05
9.5367e-07
0.0000e+00
2.2173e-05
0.0000e+00
0.0000e+00
2.1935e-05
4.0054e-05
0.0000e+00
2.0981e-05
5.0068e-06
1.6117e-04
9.5367e-07
9.5367e-07
0.0000e+00
2.1935e-05
5.6028e-05
0.0000e+00
2.2173e-05
8.8215e-06
0.0000e+00
2.1935e-05
9.5367e-07
0.0000e+00
2.4080e-05
1.1921e-06
1.6499e-04
0.0000e+00
0.0000e+00
0.0000e+00
2.3127e-05
0.0000e+00
0.0000e+00
2.2173e-05
9.5367e-07
0.0000e+00
2.0981e-05
0.0000e+00
0.0000e+00
2.0981e-05
7.2956e-05
5.6028e-05
0.0000e+00
0.0000e+00
9.5367e-07
0.0000e+00
4.0531e-06
1.3113e-04
0.0000e+00
0.0000e+00
0.0000e+00
2.1935e-05
0.0000e+00
1.9073e-06
0.0000e+00
2.1458e-06
0.0000e+00
2.9087e-05
2.1791e-04
0.0000e+00
2.2173e-05
9.5367e-07
0.0000e+00
2.1935e-05
4.8161e-05
6.2943e-05
0.0000e+00
0.0000e+00
0.0000e+00
2.2888e-05
9.5367e-07
0.0000e+00
2.0981e-05
2.8610e-06
0.0000e+00
2.1935e-05
9.5367e-07
0.0000e+00
2.0981e-05
1.6522e-04
0.0000e+00
3.0041e-05
9.5367e-07
0.0000e+00
2.1935e-05
1.1921e-06
0.0000e+00
2.1935e-05
5.0068e-06
0.0000e+00
2.1935e-05
2.1458e-06
0.0000e+00
2.1935e-05
9.5367e-07
0.0000e+00
2.2888e-05
2.3413e-04
0.0000e+00
2.1935e-05
1.9073e-06
7.4863e-05
9.5367e-07
1.1921e-06
0.0000e+00
3.0994e-05
4.1008e-05
1.9073e-06
0.0000e+00
1.9789e-05
0.0000e+00
2.5988e-05
9.5367e-07
0.0000e+00
2.1935e-05
5.9605e-06
2.1458e-06
0.0000e+00
2.0027e-05
0.0000e+00
2.1935e-05
1.1921e-06
0.0000e+00
2.1935e-05
9.5367e-07
0.0000e+00
2.1935e-05
2.3198e-04
0.0000e+00
2.2173e-05
3.2902e-05
0.0000e+00
2.2888e-05
1.6212e-04
0.0000e+00
2.1935e-05
2.8610e-06
5.1022e-05
0.0000e+00
0.0000e+00
0.0000e+00
2.1935e-05
9.5129e-05
0.0000e+00
2.1935e-05
1.9073e-06
0.0000e+00
2.2173e-05
9.5367e-07
0.0000e+00
2.0981e-05
9.5367e-07
0.0000e+00
2.0981e-05
8.0109e-05
0.0000e+00
2.3127e-05
4.2915e-05
0.0000e+00
2.1935e-05
1.1921e-06
0.0000e+00
2.0981e-05
4.0531e-06
0.0000e+00
2.1935e-05
1.1921e-05
0.0000e+00
2.1935e-05
1.9073e-06
0.0000e+00
2.2173e-05
3.8147e-06
3.5000e-04
9.5367e-07
9.5367e-07
0.0000e+00
2.0981e-05
0.0000e+00
0.0000e+00
2.8849e-05
9.5367e-07
0.0000e+00
2.1935e-05
7.2956e-05
0.0000e+00
2.1935e-05
7.1526e-06
0.0000e+00
2.1935e-05
2.1458e-06
0.0000e+00
2.0981e-05
1.0204e-04
0.0000e+00
2.1935e-05
9.7990e-05
0.0000e+00
2.2173e-05
2.8610e-06
0.0000e+00
2.0981e-05
9.5367e-07
0.0000e+00
2.1935e-05
3.0994e-04
0.0000e+00
2.0981e-05
9.5367e-07
0.0000e+00
2.1935e-05
4.0531e-06
0.0000e+00
2.1935e-05
4.5061e-05
0.0000e+00
2.1935e-05
1.0967e-05
0.0000e+00
2.1935e-05
1.9073e-06
0.0000e+00
2.2173e-05
5.5099e-04
0.0000e+00
3.0041e-05
9.8944e-05
0.0000e+00
2.0981e-05
1.0896e-04
0.0000e+00
2.0981e-05
2.1458e-06
0.0000e+00
2.1935e-05
9.5367e-07
4.4107e-04
0.0000e+00
0.0000e+00
0.0000e+00
2.3127e-05
1.0991e-04
0.0000e+00
2.2173e-05
1.1301e-04
0.0000e+00
2.1935e-05
1.0014e-05
0.0000e+00
3.0041e-05
9.5367e-07
0.0000e+00
2.1219e-05
9.5367e-07
1.9073e-06
1.1921e-06
1.3113e-05
0.0000e+00
2.1935e-05
0.0000e+00
0.0000e+00
2.1935e-05
0.0000e+00
0.0000e+00
2.2173e-05
9.5367e-07
0.0000e+00
2.1935e-05
2.3103e-04
2.2411e-04
9.5367e-07
9.5367e-07
0.0000e+00
2.3127e-05
1.1921e-06
9.8944e-05
9.5367e-07
9.5367e-07
0.0000e+00
2.2173e-05
0.0000e+00
0.0000e+00
2.1935e-05
0.0000e+00
0.0000e+00
2.0981e-05
0.0000e+00
0.0000e+00
2.1935e-05
0.0000e+00
0.0000e+00
2.1935e-05
1.5998e-04
0.0000e+00
2.1935e-05
1.1492e-04
0.0000e+00
2.1935e-05
9.5367e-07
0.0000e+00
2.2888e-05
1.1921e-06
0.0000e+00
2.0981e-05
9.5367e-07
0.0000e+00
2.1935e-05
9.5367e-07
1.7190e-04
0.0000e+00
0.0000e+00
0.0000e+00
2.3842e-05
9.5367e-07
0.0000e+00
2.0981e-05
1.0705e-04
0.0000e+00
2.1935e-05
1.3113e-05
0.0000e+00
2.1935e-05
9.5367e-07
0.0000e+00
2.8849e-05
9.5367e-07
0.0000e+00
2.1935e-05
9.5367e-07
0.0000e+00
2.1935e-05
1.1921e-06
1.6689e-04
0.0000e+00
0.0000e+00
0.0000e+00
2.1935e-05
9.5367e-07
0.0000e+00
2.0981e-05
0.0000e+00
2.1458e-06
9.5367e-07
4.0531e-06
0.0000e+00
2.2888e-05
2.7490e-04
0.0000e+00
2.0981e-05
9.5367e-07
0.0000e+00
2.1935e-05
3.6001e-05
0.0000e+00
2.0981e-05
5.7220e-05
0.0000e+00
2.2888e-05
9.5367e-07
0.0000e+00
2.0981e-05
9.2030e-05
6.6042e-05
0.0000e+00
0.0000e+00
0.0000e+00
2.2173e-05
9.5367e-07
0.0000e+00
2.0981e-05
9.2030e-05
0.0000e+00
2.1935e-05
3.8147e-06
0.0000e+00
2.1935e-05
1.9073e-06
0.0000e+00
2.2173e-05
9.5367e-07
0.0000e+00
2.0981e-05
2.1458e-06
2.5487e-04
9.5367e-07
1.1921e-06
0.0000e+00
2.1935e-05
0.0000e+00
0.0000e+00
2.0981e-05
2.8610e-06
9.5367e-07
0.0000e+00
2.0027e-05
0.0000e+00
2.1935e-05
9.5367e-07
1.5211e-04
0.0000e+00
9.5367e-07
0.0000e+00
2.2888e-05
0.0000e+00
0.0000e+00
2.0981e-05
0.0000e+00
2.7108e-04
0.0000e+00
0.0000e+00
0.0000e+00
2.2173e-05
0.0000e+00
0.0000e+00
2.0981e-05
0.0000e+00
0.0000e+00
2.0981e-05
2.8610e-06
0.0000e+00
2.1935e-05
9.5367e-07
3.0994e-06
0.0000e+00
9.5367e-07
0.0000e+00
2.8133e-05
1.8406e-04
8.7976e-05
0.0000e+00
9.5367e-07
0.0000e+00
2.4080e-05
0.0000e+00
0.0000e+00
2.0981e-05
5.4121e-05
0.0000e+00
2.4796e-05
1.1921e-06
1.0896e-04
0.0000e+00
9.5367e-07
0.0000e+00
2.3127e-05
9.5367e-07
0.0000e+00
2.0981e-05
0.0000e+00
0.0000e+00
2.0981e-05
9.5367e-07
0.0000e+00
3.6001e-05
3.0994e-06
0.0000e+00
2.1935e-05
1.3304e-04
0.0000e+00
2.2173e-05
2.1458e-06
1.1206e-04
9.5367e-07
9.5367e-07
0.0000e+00
2.1935e-05
6.9141e-05
1.9073e-06
0.0000e+00
1.0014e-05
0.0000e+00
2.2888e-05
5.1975e-05
0.0000e+00
2.1935e-05
2.1458e-06
0.0000e+00
2.1935e-05
9.5367e-07
0.0000e+00
2.2888e-05
1.1921e-06
0.0000e+00
2.0981e-05
1.9789e-04
0.0000e+00
2.1935e-05
5.9843e-05
0.0000e+00
2.0981e-05
3.8502e-01
