2.5651e-03
3.3140e-05
0.0000e+00
5.4121e-05
1.7293e-02
0.0000e+00
2.5988e-05
1.7881e-05
0.0000e+00
2.5988e-05
6.5069e-03
0.0000e+00
2.4080e-05
9.5367e-07
1.0014e-05
9.5367e-07
1.4067e-05
0.0000e+00
2.3127e-05
2.7759e-03
3.4094e-05
0.0000e+00
1.9073e-06
0.0000e+00
2.2888e-05
1.1921e-06
0.0000e+00
3.6001e-05
9.4891e-05
0.0000e+00
2.3127e-05
8.1062e-06
0.0000e+00
2.1935e-05
7.1526e-06
0.0000e+00
2.1935e-05
1.9073e-06
0.0000e+00
2.2173e-05
9.5367e-07
1.2450e-03
0.0000e+00
9.5367e-07
0.0000e+00
2.3127e-05
1.0896e-04
0.0000e+00
2.3127e-05
9.5367e-07
0.0000e+00
2.2173e-05
2.3413e-04
5.9605e-06
0.0000e+00
2.6226e-05
0.0000e+00
2.3842e-05
1.1921e-06
0.0000e+00
2.1935e-05
9.5367e-07
0.0000e+00
2.1935e-05
3.1996e-04
0.0000e+00
2.1935e-05
9.5367e-07
0.0000e+00
2.0981e-05
9.5367e-07
0.0000e+00
2.2173e-05
0.0000e+00
6.4802e-04
9.5367e-07
9.5367e-07
0.0000e+00
3.5048e-05
9.5367e-07
0.0000e+00
2.1935e-05
1.1921e-06
0.0000e+00
2.2888e-05
9.5367e-07
0.0000e+00
2.1935e-05
0.0000e+00
2.8610e-06
0.0000e+00
0.0000e+00
0.0000e+00
2.1935e-05
2.6608e-04
0.0000e+00
2.1935e-05
1.1921e-06
2.7490e-04
0.0000e+00
9.5367e-07
0.0000e+00
2.1935e-05
1.1921e-06
0.0000e+00
2.2888e-05
1.1921e-06
0.0000e+00
2.1935e-05
9.5367e-07
1.9073e-06
0.0000e+00
0.0000e+00
0.0000e+00
2.1935e-05
0.0000e+00
0.0000e+00
2.1935e-05
0.0000e+00
0.0000e+00
2.0981e-05
4.2701e-04
0.0000e+00
2.2888e-05
6.5207e-04
0.0000e+00
2.1935e-05
1.1959e-03
0.0000e+00
2.3127e-05
7.7009e-05
0.0000e+00
2.3127e-05
1.0014e-05
0.0000e+00
2.1935e-05
2.1005e-04
1.9073e-06
1.1921e-06
2.0981e-05
0.0000e+00
2.1935e-05
0.0000e+00
3.8147e-06
0.0000e+00
1.6928e-05
0.0000e+00
2.1935e-05
2.5105e-04
0.0000e+00
2.1935e-05
1.1396e-04
0.0000e+00
3.1948e-05
2.1458e-06
0.0000e+00
2.2888e-05
3.0994e-06
0.0000e+00
2.1935e-05
1.1921e-06
0.0000e+00
2.0981e-05
3.1900e-04
0.0000e+00
2.1935e-05
1.9073e-06
0.0000e+00
2.0981e-05
2.1458e-06
0.0000e+00
2.1935e-05
1.5402e-04
2.1458e-06
0.0000e+00
1.9073e-05
0.0000e+00
2.1935e-05
1.6999e-04
0.0000e+00
2.3127e-05
5.1022e-05
0.0000e+00
2.1935e-05
2.1458e-06
7.7963e-05
9.5367e-07
1.1921e-06
0.0000e+00
2.1935e-05
1.6403e-04
0.0000e+00
2.1935e-05
1.9073e-06
0.0000e+00
2.1935e-05
2.1458e-06
0.0000e+00
2.0981e-05
2.3103e-04
9.5367e-07
0.0000e+00
2.0981e-05
0.0000e+00
3.0041e-05
1.1921e-06
5.9605e-06
0.0000e+00
1.4067e-05
1.1921e-06
0.0000e+00
2.1935e-05
0.0000e+00
2.1935e-05
4.2796e-04
0.0000e+00
2.1935e-05
1.0014e-05
0.0000e+00
2.0981e-05
1.9073e-06
0.0000e+00
2.2888e-05
1.1921e-06
0.0000e+00
2.0981e-05
0.0000e+00
4.7112e-04
9.5367e-07
0.0000e+00
0.0000e+00
3.0041e-05
9.5367e-07
2.1458e-06
0.0000e+00
0.0000e+00
0.0000e+00
2.3127e-05
9.5367e-07
0.0000e+00
2.2173e-05
4.2200e-04
1.9073e-06
9.5367e-07
2.1219e-05
0.0000e+00
2.1935e-05
1.0014e-05
0.0000e+00
2.2173e-05
0.0000e+00
0.0000e+00
2.1935e-05
2.5415e-04
0.0000e+00
2.1935e-05
0.0000e+00
0.0000e+00
2.9802e-05
9.5367e-07
1.9073e-06
9.5367e-07
9.5367e-07
0.0000e+00
2.3127e-05
9.5367e-07
0.0000e+00
2.0981e-05
0.0000e+00
9.5367e-07
0.0000e+00
1.1921e-06
0.0000e+00
2.1935e-05
9.0599e-06
2.5702e-04
9.5367e-07
0.0000e+00
0.0000e+00
2.2173e-05
0.0000e+00
7.0906e-04
0.0000e+00
9.5367e-07
2.1458e-06
0.0000e+00
2.8610e-06
1.9073e-06
9.5367e-07
1.4067e-05
0.0000e+00
2.3842e-05
1.1921e-06
1.9073e-06
9.5367e-07
2.0981e-05
0.0000e+00
2.5034e-05
6.4015e-04
0.0000e+00
2.1935e-05
1.0967e-05
2.1458e-06
0.0000e+00
9.5367e-07
0.0000e+00
2.1935e-05
1.1921e-06
0.0000e+00
2.0981e-05
9.5367e-07
0.0000e+00
2.1935e-05
1.1921e-06
0.0000e+00
2.8849e-05
9.5367e-07
2.8610e-06
0.0000e+00
1.0967e-05
0.0000e+00
2.2888e-05
9.5367e-07
0.0000e+00
2.1935e-05
5.9605e-06
0.0000e+00
2.2173e-05
7.3099e-04
0.0000e+00
2.1935e-05
9.5367e-07
2.1458e-06
0.0000e+00
2.0981e-05
0.0000e+00
2.2888e-05
1.1921e-06
0.0000e+00
2.0981e-05
2.8491e-04
0.0000e+00
3.0041e-05
2.1458e-06
0.0000e+00
2.2888e-05
9.5367e-07
0.0000e+00
2.2173e-05
9.5367e-07
0.0000e+00
2.0981e-05
3.5596e-04
0.0000e+00
2.1935e-05
1.9073e-06
0.0000e+00
2.0981e-05
9.5367e-07
0.0000e+00
2.1935e-05
3.5715e-04
0.0000e+00
2.1935e-05
9.5367e-07
0.0000e+00
2.1935e-05
9.5367e-07
0.0000e+00
2.1935e-05
9.5129e-05
0.0000e+00
2.1935e-05
2.1458e-06
0.0000e+00
2.2888e-05
2.7394e-04
0.0000e+00
2.1935e-05
9.5367e-07
2.1458e-06
0.0000e+00
1.2875e-05
0.0000e+00
2.2173e-05
2.8610e-06
0.0000e+00
2.2173e-05
9.5367e-07
0.0000e+00
2.3127e-05
0.0000e+00
3.6907e-04
0.0000e+00
0.0000e+00
0.0000e+00
2.2173e-05
5.2929e-05
0.0000e+00
2.0981e-05
3.5596e-04
0.0000e+00
2.1935e-05
1.9073e-06
0.0000e+00
2.1935e-05
9.5367e-07
0.0000e+00
2.0981e-05
2.2101e-04
1.8716e-04
9.5367e-07
9.5367e-07
0.0000e+00
3.0994e-05
1.1921e-06
0.0000e+00
2.2888e-05
1.2708e-04
0.0000e+00
2.0981e-05
2.1458e-06
9.5367e-07
0.0000e+00
2.0027e-05
0.0000e+00
2.1219e-05
9.5367e-07
1.5903e-04
0.0000e+00
0.0000e+00
0.0000e+00
2.2173e-05
9.5367e-07
0.0000e+00
2.1935e-05
4.0007e-04
0.0000e+00
2.1935e-05
0.0000e+00
0.0000e+00
3.0994e-05
9.5367e-07
0.0000e+00
2.4080e-05
9.5367e-07
0.0000e+00
2.1935e-05
5.0068e-06
3.0017e-04
0.0000e+00
9.5367e-07
0.0000e+00
2.2173e-05
3.2091e-04
0.0000e+00
2.1935e-05
1.1921e-06
0.0000e+00
2.1935e-05
2.1458e-06
0.0000e+00
2.1935e-05
9.5367e-07
0.0000e+00
3.0041e-05
9.5367e-07
0.0000e+00
2.0981e-05
9.5367e-07
0.0000e+00
2.0981e-05
9.5367e-07
0.0000e+00
2.2173e-05
9.5367e-07
0.0000e+00
2.0981e-05
9.5367e-07
0.0000e+00
2.1219e-05
6.8188e-04
2.1458e-06
9.5367e-07
2.0027e-05
9.5367e-07
0.0000e+00
3.0994e-05
0.0000e+00
2.3127e-05
4.1008e-04
5.0068e-06
0.0000e+00
1.7881e-05
0.0000e+00
2.3127e-05
9.5367e-07
0.0000e+00
2.1935e-05
1.1921e-06
0.0000e+00
2.1935e-05
0.0000e+00
2.1458e-06
0.0000e+00
1.6928e-05
0.0000e+00
2.2173e-05
3.5596e-04
0.0000e+00
2.1935e-05
0.0000e+00
0.0000e+00
2.1935e-05
1.0014e-05
0.0000e+00
3.0041e-05
1.9073e-06
3.3307e-04
0.0000e+00
0.0000e+00
0.0000e+00
2.1935e-05
0.0000e+00
0.0000e+00
2.0981e-05
0.0000e+00
0.0000e+00
2.0981e-05
2.1505e-04
0.0000e+00
2.1935e-05
4.6968e-05
0.0000e+00
2.2173e-05
1.9073e-06
1.4901e-04
9.5367e-07
1.1921e-06
0.0000e+00
2.1935e-05
0.0000e+00
0.0000e+00
2.1935e-05
1.7715e-04
0.0000e+00
2.1935e-05
2.0027e-05
0.0000e+00
2.2173e-05
2.0027e-05
1.2088e-04
0.0000e+00
0.0000e+00
3.6001e-05
9.5367e-07
9.5367e-07
0.0000e+00
2.1935e-05
0.0000e+00
0.0000e+00
2.0981e-05
0.0000e+00
0.0000e+00
2.0981e-05
0.0000e+00
0.0000e+00
2.1935e-05
1.5998e-04
0.0000e+00
2.3127e-05
0.0000e+00
0.0000e+00
2.1935e-05
2.1458e-06
0.0000e+00
2.1935e-05
2.1458e-06
0.0000e+00
2.1935e-05
2.8610e-06
0.0000e+00
2.2173e-05
9.1696e-04
0.0000e+00
2.1935e-05
9.5367e-07
0.0000e+00
2.0981e-05
9.5367e-07
0.0000e+00
3.0041e-05
3.2496e-04
1.9073e-06
0.0000e+00
9.5367e-07
0.0000e+00
2.3127e-05
9.5367e-07
0.0000e+00
2.1935e-05
0.0000e+00
0.0000e+00
2.1935e-05
1.5116e-04
6.9141e-06
0.0000e+00
1.7166e-05
0.0000e+00
2.1935e-05
9.5367e-07
2.2197e-04
0.0000e+00
0.0000e+00
0.0000e+00
2.0981e-05
0.0000e+00
0.0000e+00
3.0041e-05
1.1921e-06
5.0068e-06
0.0000e+00
9.5367e-07
1.9073e-06
0.0000e+00
2.1219e-05
0.0000e+00
2.1935e-05
9.5367e-07
2.1315e-04
0.0000e+00
9.5367e-07
0.0000e+00
2.1935e-05
6.4087e-04
3.0994e-06
9.5367e-07
1.8120e-05
0.0000e+00
2.1935e-05
9.5367e-07
0.0000e+00
2.1935e-05
9.5367e-07
0.0000e+00
2.0981e-05
0.0000e+00
3.8147e-06
0.0000e+00
2.8610e-06
0.0000e+00
2.3127e-05
9.5367e-07
0.0000e+00
2.1935e-05
9.5367e-07
2.8610e-06
0.0000e+00
1.6928e-05
0.0000e+00
2.1935e-05
7.6389e-04
0.0000e+00
2.2173e-05
9.5367e-07
0.0000e+00
2.1935e-05
1.9598e-04
0.0000e+00
2.1219e-05
1.0014e-05
0.0000e+00
2.1935e-05
9.5367e-07
3.1948e-05
9.5367e-07
1.1921e-06
2.6178e-04
9.5367e-07
9.5367e-07
1.9693e-04
0.0000e+00
0.0000e+00
0.0000e+00
2.2888e-05
0.0000e+00
0.0000e+00
2.0981e-05
0.0000e+00
5.0068e-06
0.0000e+00
9.5367e-07
0.0000e+00
2.3127e-05
9.5367e-07
3.6502e-04
9.5367e-07
9.5367e-07
4.1008e-05
0.0000e+00
1.1921e-06
0.0000e+00
2.2888e-05
2.2292e-04
0.0000e+00
3.2902e-05
9.5367e-07
0.0000e+00
2.1935e-05
9.5367e-07
0.0000e+00
2.0981e-05
9.8944e-05
0.0000e+00
2.1935e-05
9.5367e-07
0.0000e+00
2.0981e-05
1.0967e-05
0.0000e+00
2.1935e-05
7.6056e-05
0.0000e+00
2.1935e-05
3.9911e-04
0.0000e+00
2.5034e-05
2.1458e-06
1.9073e-06
0.0000e+00
1.0967e-05
0.0000e+00
2.2888e-05
9.5367e-07
2.5320e-04
0.0000e+00
0.0000e+00
9.5367e-07
0.0000e+00
5.0068e-06
0.0000e+00
2.1935e-05
7.1526e-06
0.0000e+00
2.1935e-05
1.1921e-06
5.7387e-04
0.0000e+00
9.5367e-07
0.0000e+00
2.3127e-05
0.0000e+00
0.0000e+00
2.1935e-05
1.1921e-06
0.0000e+00
2.8849e-05
1.1921e-06
0.0000e+00
2.1935e-05
0.0000e+00
0.0000e+00
2.1219e-05
3.2496e-04
0.0000e+00
2.2888e-05
9.5367e-07
0.0000e+00
2.0981e-05
2.8205e-04
0.0000e+00
2.1935e-05
2.2173e-05
0.0000e+00
2.0981e-05
1.9073e-06
0.0000e+00
2.2173e-05
1.0014e-05
0.0000e+00
2.7895e-05
2.1458e-06
4.8089e-04
9.5367e-07
0.0000e+00
6.4850e-05
0.0000e+00
0.0000e+00
0.0000e+00
2.2888e-05
9.5367e-07
0.0000e+00
2.0981e-05
2.6393e-04
0.0000e+00
2.1935e-05
9.5367e-07
0.0000e+00
2.1935e-05
1.9073e-06
1.1921e-06
0.0000e+00
2.9087e-05
0.0000e+00
2.1935e-05
3.0804e-04
0.0000e+00
3.0994e-05
2.1458e-06
1.9073e-06
0.0000e+00
1.0967e-05
0.0000e+00
2.3127e-05
9.5367e-07
0.0000e+00
2.0981e-05
0.0000e+00
0.0000e+00
2.1935e-05
9.5367e-07
4.6301e-04
9.5367e-07
1.1921e-06
1.9073e-06
0.0000e+00
5.0068e-06
0.0000e+00
2.3127e-05
4.3297e-04
0.0000e+00
2.1935e-05
9.5367e-07
4.7922e-05
0.0000e+00
1.1921e-06
0.0000e+00
2.2888e-05
9.7036e-05
0.0000e+00
2.1935e-05
2.1458e-06
0.0000e+00
2.1935e-05
1.0967e-05
0.0000e+00
2.2173e-05
9.5367e-07
0.0000e+00
2.1935e-05
3.3998e-04
0.0000e+00
2.2173e-05
2.8610e-06
2.1458e-06
9.5367e-07
2.5034e-05
0.0000e+00
2.1935e-05
2.1458e-06
3.2401e-04
0.0000e+00
0.0000e+00
0.0000e+00
2.2888e-05
2.0313e-04
0.0000e+00
2.2888e-05
1.0014e-05
9.5367e-07
0.0000e+00
2.0981e-05
9.5367e-07
0.0000e+00
2.0981e-05
0.0000e+00
2.2888e-05
1.1921e-06
4.7684e-06
1.1921e-06
7.8678e-06
6.4015e-04
0.0000e+00
0.0000e+00
0.0000e+00
2.2173e-05
9.5367e-07
0.0000e+00
2.1935e-05
1.2159e-05
0.0000e+00
3.0994e-05
1.9073e-06
0.0000e+00
2.2173e-05
9.5367e-07
3.1710e-04
0.0000e+00
0.0000e+00
0.0000e+00
2.5034e-05
0.0000e+00
2.1458e-06
0.0000e+00
9.5367e-07
9.5367e-07
1.1921e-06
9.5367e-07
1.9073e-06
0.0000e+00
2.0981e-05
5.6696e-04
0.0000e+00
9.5367e-07
6.5088e-05
0.0000e+00
0.0000e+00
0.0000e+00
2.1935e-05
9.5367e-07
0.0000e+00
2.1935e-05
9.5367e-07
0.0000e+00
3.0041e-05
3.8004e-04
2.1458e-06
9.5367e-07
2.1935e-05
0.0000e+00
2.3127e-05
1.0991e-04
1.1516e-04
0.0000e+00
0.0000e+00
0.0000e+00
2.1935e-05
0.0000e+00
0.0000e+00
2.0981e-05
9.5367e-07
2.3198e-04
1.1921e-06
1.1921e-06
0.0000e+00
2.1935e-05
1.0896e-04
0.0000e+00
2.2173e-05
1.9073e-06
1.6212e-04
0.0000e+00
9.5367e-07
0.0000e+00
2.3842e-05
1.0705e-04
0.0000e+00
2.3127e-05
0.0000e+00
0.0000e+00
2.1935e-05
9.5367e-07
2.8610e-06
0.0000e+00
2.4796e-05
0.0000e+00
2.1935e-05
0.0000e+00
0.0000e+00
2.2173e-05
0.0000e+00
0.0000e+00
2.1935e-05
6.0105e-04
0.0000e+00
2.3127e-05
9.2030e-05
0.0000e+00
2.2888e-05
1.1921e-06
0.0000e+00
2.0981e-05
9.5367e-07
0.0000e+00
2.2173e-05
2.4080e-04
9.5367e-07
0.0000e+00
2.0981e-05
0.0000e+00
2.2173e-05
1.9073e-06
2.9111e-04
0.0000e+00
9.5367e-07
0.0000e+00
2.1935e-05
2.1219e-05
0.0000e+00
2.0981e-05
9.5367e-07
2.0313e-04
9.5367e-07
1.1921e-06
0.0000e+00
2.3842e-05
9.5367e-07
1.9002e-04
0.0000e+00
0.0000e+00
3.8147e-06
0.0000e+00
9.5367e-07
0.0000e+00
2.2888e-05
2.1458e-06
0.0000e+00
2.1935e-05
0.0000e+00
0.0000e+00
2.0981e-05
1.1921e-06
2.0599e-04
9.5367e-07
9.5367e-07
0.0000e+00
2.1935e-05
0.0000e+00
0.0000e+00
2.0981e-05
6.4850e-05
0.0000e+00
3.0041e-05
9.5367e-07
0.0000e+00
2.1935e-05
9.5367e-07
0.0000e+00
2.0981e-05
9.5367e-07
1.4806e-04
0.0000e+00
1.1921e-06
0.0000e+00
2.2888e-05
1.1492e-04
2.1458e-06
0.0000e+00
2.1935e-05
0.0000e+00
2.2173e-05
9.5367e-07
0.0000e+00
2.1935e-05
1.2994e-04
0.0000e+00
2.2173e-05
9.5367e-07
5.0068e-06
9.5367e-07
9.0599e-06
0.0000e+00
2.2888e-05
1.6022e-04
0.0000e+00
2.1935e-05
9.5367e-07
3.0994e-06
0.0000e+00
0.0000e+00
0.0000e+00
2.1935e-05
1.2398e-04
0.0000e+00
2.2173e-05
1.1921e-06
0.0000e+00
2.0981e-05
8.8930e-05
0.0000e+00
2.1935e-05
3.8862e-05
0.0000e+00
3.0994e-05
5.7936e-05
0.0000e+00
2.1935e-05
9.5367e-07
0.0000e+00
2.1935e-05
6.5088e-05
1.4067e-05
0.0000e+00
6.9141e-06
0.0000e+00
2.1935e-05
9.5367e-07
0.0000e+00
2.1219e-05
6.9141e-06
0.0000e+00
2.2173e-05
1.0777e-04
0.0000e+00
2.2173e-05
4.2915e-05
0.0000e+00
3.0041e-05
1.1921e-06
0.0000e+00
2.2888e-05
1.5807e-04
0.0000e+00
2.2888e-05
1.1921e-06
0.0000e+00
2.0981e-05
9.5367e-07
0.0000e+00
2.2888e-05
3.0994e-06
0.0000e+00
2.2173e-05
0.0000e+00
0.0000e+00
2.1935e-05
1.1921e-05
0.0000e+00
2.6226e-05
1.9073e-06
0.0000e+00
2.3127e-05
9.5367e-07
0.0000e+00
2.1935e-05
3.4809e-04
0.0000e+00
2.1935e-05
1.1921e-06
9.5367e-07
0.0000e+00
2.0027e-05
7.7963e-05
1.1921e-06
9.5367e-07
1.9073e-06
0.0000e+00
4.0531e-06
0.0000e+00
2.2173e-05
1.4997e-04
0.0000e+00
2.1935e-05
3.0994e-06
0.0000e+00
2.1935e-05
1.1921e-06
0.0000e+00
2.2888e-05
9.5367e-07
0.0000e+00
2.0981e-05
1.2898e-04
0.0000e+00
2.1935e-05
0.0000e+00
9.5367e-07
0.0000e+00
0.0000e+00
9.5367e-07
0.0000e+00
9.5367e-07
0.0000e+00
2.3127e-05
1.6403e-04
0.0000e+00
2.1935e-05
1.0395e-04
0.0000e+00
2.2173e-05
0.0000e+00
0.0000e+00
3.0041e-05
1.3709e-04
1.9073e-06
0.0000e+00
2.9087e-05
4.0531e-06
0.0000e+00
1.9073e-05
0.0000e+00
2.4080e-05
9.5367e-07
0.0000e+00
2.1935e-05
9.5367e-07
0.0000e+00
2.0981e-05
1.2398e-04
1.9073e-06
0.0000e+00
2.1219e-05
1.9073e-06
9.5367e-07
2.0981e-05
1.1802e-04
0.0000e+00
0.0000e+00
6.3896e-05
0.0000e+00
1.1921e-06
0.0000e+00
2.2888e-05
0.0000e+00
1.1921e-06
0.0000e+00
0.0000e+00
0.0000e+00
2.2888e-05
1.3304e-04
0.0000e+00
2.2173e-05
1.1587e-04
0.0000e+00
2.2173e-05
1.9073e-06
0.0000e+00
2.2173e-05
9.5367e-07
0.0000e+00
2.0981e-05
9.5367e-07
0.0000e+00
2.2173e-05
9.5367e-07
0.0000e+00
2.0981e-05
9.0599e-06
2.1458e-06
9.5367e-07
1.4067e-05
0.0000e+00
2.2888e-05
1.1921e-06
0.0000e+00
2.1935e-05
4.0507e-04
0.0000e+00
2.1935e-05
1.1921e-06
1.0180e-04
0.0000e+00
9.5367e-07
0.0000e+00
2.2888e-05
6.1989e-05
0.0000e+00
2.0981e-05
9.5367e-07
0.0000e+00
2.1935e-05
7.8678e-06
0.0000e+00
2.2173e-05
9.5367e-07
0.0000e+00
2.3127e-05
9.5367e-07
4.0531e-06
0.0000e+00
1.1921e-06
0.0000e+00
2.1935e-05
9.5367e-07
0.0000e+00
2.2173e-05
9.5367e-07
3.0994e-06
9.5367e-07
1.9073e-05
0.0000e+00
2.0981e-05
4.2200e-04
0.0000e+00
2.0981e-05
1.1921e-06
7.0810e-05
0.0000e+00
0.0000e+00
0.0000e+00
2.1935e-05
9.5367e-07
0.0000e+00
2.3127e-05
1.0705e-04
0.0000e+00
2.1935e-05
2.1458e-06
0.0000e+00
2.1935e-05
5.8889e-05
2.1458e-06
0.0000e+00
2.0981e-05
0.0000e+00
2.1935e-05
1.1110e-04
0.0000e+00
2.1935e-05
2.4080e-05
0.0000e+00
2.1935e-05
1.4067e-05
0.0000e+00
2.1935e-05
8.8215e-06
2.1458e-06
6.9141e-06
1.4067e-05
0.0000e+00
2.3127e-05
9.5367e-07
2.3603e-04
0.0000e+00
0.0000e+00
0.0000e+00
2.3127e-05
5.6028e-05
0.0000e+00
2.1935e-05
9.5367e-07
0.0000e+00
2.0981e-05
7.2956e-05
0.0000e+00
2.1935e-05
3.7193e-05
0.0000e+00
2.1935e-05
2.1458e-06
0.0000e+00
2.9802e-05
1.1921e-06
0.0000e+00
2.1935e-05
1.1802e-04
0.0000e+00
2.1935e-05
1.1921e-06
0.0000e+00
2.1935e-05
9.5367e-07
0.0000e+00
2.0981e-05
9.5367e-07
0.0000e+00
2.0981e-05
1.1921e-06
0.0000e+00
2.0981e-05
1.6809e-04
6.2943e-05
0.0000e+00
9.5367e-07
0.0000e+00
3.0041e-05
6.7949e-05
0.0000e+00
2.2173e-05
9.5367e-07
2.1458e-06
9.5367e-07
1.2875e-05
0.0000e+00
2.1935e-05
1.4591e-04
0.0000e+00
2.0981e-05
2.1458e-06
0.0000e+00
2.1935e-05
1.9073e-06
0.0000e+00
2.1219e-05
9.5367e-07
0.0000e+00
2.0981e-05
1.7619e-04
0.0000e+00
2.1935e-05
9.5367e-07
0.0000e+00
2.2173e-05
2.0981e-05
0.0000e+00
2.1935e-05
9.5367e-07
0.0000e+00
2.2173e-05
0.0000e+00
1.0395e-04
0.0000e+00
9.5367e-07
1.3423e-04
0.0000e+00
9.5367e-07
0.0000e+00
2.1935e-05
1.1921e-06
0.0000e+00
2.1935e-05
3.9101e-05
9.5367e-07
0.0000e+00
2.8133e-05
6.2943e-05
9.5367e-07
9.5367e-07
0.0000e+00
3.6001e-05
7.7963e-05
1.1396e-04
0.0000e+00
0.0000e+00
3.0994e-06
0.0000e+00
0.0000e+00
9.5367e-07
0.0000e+00
5.0068e-06
0.0000e+00
2.3127e-05
1.3995e-04
0.0000e+00
2.2173e-05
9.5367e-07
0.0000e+00
2.1935e-05
2.6941e-05
0.0000e+00
2.1935e-05
9.5367e-07
9.5367e-07
0.0000e+00
2.0027e-05
0.0000e+00
2.2173e-05
6.9141e-06
0.0000e+00
2.9087e-05
1.7500e-04
0.0000e+00
2.0981e-05
1.1921e-06
0.0000e+00
2.5034e-05
5.0783e-05
2.1458e-06
9.5367e-07
2.0981e-05
0.0000e+00
2.3127e-05
9.5367e-07
1.9073e-06
0.0000e+00
2.0027e-05
0.0000e+00
2.1935e-05
0.0000e+00
9.5367e-07
0.0000e+00
3.8147e-06
0.0000e+00
2.2173e-05
1.0014e-05
3.6788e-04
0.0000e+00
9.5367e-07
0.0000e+00
2.3127e-05
0.0000e+00
0.0000e+00
2.0981e-05
0.0000e+00
0.0000e+00
2.1935e-05
9.5367e-07
0.0000e+00
2.1935e-05
0.0000e+00
0.0000e+00
2.2888e-05
2.3317e-04
0.0000e+00
2.5034e-05
9.5367e-07
0.0000e+00
2.1935e-05
9.5367e-07
0.0000e+00
2.8849e-05
1.1921e-06
0.0000e+00
2.1935e-05
2.0599e-04
0.0000e+00
2.1935e-05
9.5367e-07
0.0000e+00
2.0981e-05
2.8610e-06
0.0000e+00
2.1935e-05
9.5367e-07
0.0000e+00
2.2173e-05
1.9073e-06
0.0000e+00
2.1935e-05
9.9182e-05
0.0000e+00
2.1935e-05
2.1458e-06
1.9073e-06
0.0000e+00
1.0967e-05
0.0000e+00
2.2888e-05
2.0599e-04
0.0000e+00
2.1935e-05
1.0014e-05
0.0000e+00
2.0981e-05
3.0994e-05
0.0000e+00
2.1935e-05
2.5034e-05
0.0000e+00
2.1935e-05
4.5061e-05
0.0000e+00
2.0981e-05
1.2803e-04
0.0000e+00
2.2173e-05
1.9073e-06
0.0000e+00
3.0994e-05
1.9073e-06
2.1458e-06
9.5367e-07
1.9073e-05
0.0000e+00
2.2888e-05
9.5367e-07
0.0000e+00
2.2173e-05
1.8597e-04
0.0000e+00
2.1935e-05
3.0994e-06
6.6996e-05
0.0000e+00
0.0000e+00
0.0000e+00
2.2173e-05
9.5367e-07
0.0000e+00
2.1935e-05
1.0991e-04
0.0000e+00
2.0981e-05
9.5367e-07
0.0000e+00
2.2173e-05
9.5367e-07
1.1110e-04
0.0000e+00
0.0000e+00
0.0000e+00
2.1935e-05
1.1921e-06
0.0000e+00
2.1935e-05
9.5367e-07
0.0000e+00
2.1935e-05
1.1897e-04
0.0000e+00
2.1935e-05
9.5367e-07
0.0000e+00
2.1935e-05
9.5367e-07
1.9073e-06
1.1921e-06
1.9073e-06
0.0000e+00
3.0041e-05
9.5367e-07
0.0000e+00
2.3127e-05
9.5367e-07
0.0000e+00
2.0981e-05
0.0000e+00
0.0000e+00
2.0981e-05
9.5367e-07
0.0000e+00
2.1935e-05
3.7599e-04
0.0000e+00
2.1935e-05
9.5367e-07
0.0000e+00
2.1935e-05
1.1921e-06
1.2302e-04
0.0000e+00
0.0000e+00
0.0000e+00
3.0041e-05
7.7009e-05
0.0000e+00
2.3127e-05
0.0000e+00
0.0000e+00
2.2173e-05
7.3195e-05
0.0000e+00
2.1935e-05
1.9073e-06
0.0000e+00
2.0981e-05
9.5367e-07
1.4901e-04
0.0000e+00
0.0000e+00
0.0000e+00
2.2173e-05
9.5367e-07
0.0000e+00
2.0981e-05
6.2943e-05
0.0000e+00
2.2173e-05
6.5088e-05
0.0000e+00
2.1935e-05
1.8120e-05
0.0000e+00
2.2888e-05
8.1062e-06
0.0000e+00
2.0981e-05
8.7976e-05
0.0000e+00
2.2173e-05
1.9073e-06
1.9073e-06
1.1921e-06
2.0981e-05
0.0000e+00
2.1935e-05
3.0994e-06
0.0000e+00
2.4080e-05
9.5367e-07
0.0000e+00
2.1935e-05
9.5367e-07
0.0000e+00
2.3127e-05
1.7381e-04
0.0000e+00
2.1935e-05
1.9073e-06
0.0000e+00
2.0981e-05
1.0014e-05
2.2101e-04
0.0000e+00
0.0000e+00
0.0000e+00
2.1935e-05
9.5367e-07
0.0000e+00
2.1935e-05
9.5367e-07
0.0000e+00
2.0981e-05
0.0000e+00
0.0000e+00
2.0981e-05
9.0837e-05
0.0000e+00
2.4080e-05
0.0000e+00
5.0068e-06
1.1921e-06
1.1921e-06
0.0000e+00
2.1935e-05
1.5593e-04
0.0000e+00
2.5034e-05
6.1989e-06
0.0000e+00
2.1935e-05
9.5367e-07
0.0000e+00
2.1219e-05
4.4107e-05
0.0000e+00
2.0981e-05
1.5402e-04
0.0000e+00
2.2173e-05
9.5367e-07
2.1458e-06
9.5367e-07
1.0967e-05
0.0000e+00
2.3127e-05
1.3185e-04
0.0000e+00
2.2173e-05
6.1989e-05
0.0000e+00
2.1935e-05
3.0994e-06
1.0300e-04
0.0000e+00
0.0000e+00
0.0000e+00
2.2173e-05
3.5048e-05
0.0000e+00
2.1219e-05
9.5367e-07
0.0000e+00
2.0981e-05
9.5367e-07
0.0000e+00
2.2173e-05
9.5367e-07
0.0000e+00
2.3127e-05
1.4687e-04
1.2612e-04
9.5367e-07
9.5367e-07
4.0531e-06
9.5367e-07
0.0000e+00
0.0000e+00
2.2173e-05
1.5020e-05
0.0000e+00
2.0981e-05
9.5367e-07
0.0000e+00
2.1935e-05
1.6093e-04
0.0000e+00
2.2173e-05
3.0994e-06
0.0000e+00
2.0981e-05
9.5367e-07
0.0000e+00
3.0994e-05
9.5367e-07
1.4591e-04
0.0000e+00
0.0000e+00
0.0000e+00
2.1935e-05
0.0000e+00
0.0000e+00
2.2173e-05
3.8147e-06
0.0000e+00
2.1935e-05
1.4210e-04
0.0000e+00
2.5034e-05
9.5367e-07
0.0000e+00
2.1935e-05
9.5367e-07
0.0000e+00
2.0981e-05
1.5092e-04
0.0000e+00
3.0041e-05
9.5367e-07
0.0000e+00
2.1935e-05
9.5367e-07
0.0000e+00
2.0981e-05
5.0068e-06
0.0000e+00
2.1935e-05
2.1458e-06
0.0000e+00
2.1935e-05
1.9073e-06
0.0000e+00
2.0981e-05
1.4901e-04
1.9073e-06
9.5367e-07
1.1921e-06
0.0000e+00
2.1935e-05
9.2030e-05
0.0000e+00
2.9087e-05
1.1301e-04
0.0000e+00
2.1935e-05
1.1921e-06
0.0000e+00
2.0981e-05
6.9141e-06
0.0000e+00
2.1935e-05
1.9073e-06
9.5367e-07
0.0000e+00
2.0027e-05
0.0000e+00
2.1935e-05
2.0194e-04
0.0000e+00
2.3127e-05
1.1921e-06
9.5367e-07
0.0000e+00
2.0027e-05
0.0000e+00
2.2173e-05
8.2970e-05
0.0000e+00
2.2888e-05
7.7009e-05
2.2888e-05
1.1921e-06
8.8215e-06
5.1975e-05
9.5367e-07
9.5367e-07
0.0000e+00
2.3127e-05
9.5367e-07
0.0000e+00
2.0981e-05
3.0994e-06
0.0000e+00
2.4080e-05
9.6083e-05
6.0797e-05
0.0000e+00
9.5367e-07
1.9073e-06
0.0000e+00
4.0531e-06
0.0000e+00
2.3127e-05
9.5367e-07
0.0000e+00
2.9087e-05
9.5367e-07
1.8096e-04
0.0000e+00
0.0000e+00
0.0000e+00
2.2888e-05
1.3614e-04
0.0000e+00
2.1935e-05
2.1458e-06
0.0000e+00
2.1935e-05
2.8133e-05
0.0000e+00
2.1935e-05
9.5367e-07
1.1015e-04
0.0000e+00
0.0000e+00
0.0000e+00
2.1935e-05
9.5367e-07
1.2708e-04
0.0000e+00
9.5367e-07
0.0000e+00
3.0994e-05
1.1921e-06
0.0000e+00
2.1935e-05
3.8147e-05
3.1948e-05
0.0000e+00
0.0000e+00
0.0000e+00
2.1935e-05
4.1008e-05
0.0000e+00
2.2173e-05
1.1921e-06
1.9073e-06
9.5367e-07
9.5367e-07
0.0000e+00
2.0981e-05
1.7595e-04
4.7922e-05
1.1921e-06
9.5367e-07
0.0000e+00
2.1935e-05
0.0000e+00
1.5616e-04
0.0000e+00
9.5367e-07
0.0000e+00
3.1948e-05
9.5367e-07
1.0109e-04
0.0000e+00
9.5367e-07
0.0000e+00
2.3127e-05
0.0000e+00
0.0000e+00
2.0981e-05
9.5367e-07
0.0000e+00
2.1935e-05
9.5367e-07
0.0000e+00
2.1935e-05
1.1921e-06
0.0000e+00
2.0981e-05
1.3900e-04
0.0000e+00
2.1935e-05
8.1062e-06
0.0000e+00
2.9087e-05
9.5367e-07
0.0000e+00
2.1935e-05
9.5367e-07
0.0000e+00
2.2173e-05
1.4091e-04
9.9182e-05
0.0000e+00
9.5367e-07
1.9073e-06
9.5367e-07
4.0531e-06
9.5367e-07
0.0000e+00
2.1935e-05
2.8610e-06
0.0000e+00
1.9789e-05
0.0000e+00
2.3127e-05
9.0599e-06
0.0000e+00
2.1935e-05
1.5712e-04
1.4591e-04
0.0000e+00
0.0000e+00
0.0000e+00
2.9802e-05
9.5367e-07
0.0000e+00
2.2888e-05
7.7009e-05
0.0000e+00
2.2173e-05
9.5367e-07
0.0000e+00
2.0981e-05
9.5367e-07
9.2983e-05
0.0000e+00
0.0000e+00
9.5367e-07
0.0000e+00
2.8610e-06
0.0000e+00
2.2173e-05
7.8678e-06
0.0000e+00
2.0981e-05
1.0800e-04
0.0000e+00
2.1935e-05
0.0000e+00
1.1921e-06
0.0000e+00
1.5974e-05
0.0000e+00
2.2888e-05
8.1062e-06
0.0000e+00
2.0981e-05
1.9073e-06
0.0000e+00
2.0981e-05
9.5367e-07
0.0000e+00
2.2173e-05
9.5367e-07
0.0000e+00
2.0981e-05
3.1996e-04
2.1458e-06
9.5367e-07
3.0041e-05
0.0000e+00
2.1935e-05
9.8944e-05
0.0000e+00
2.2173e-05
9.5367e-07
0.0000e+00
2.1935e-05
8.0109e-05
6.8903e-05
0.0000e+00
0.0000e+00
7.3910e-05
9.5367e-07
9.5367e-07
0.0000e+00
2.3127e-05
9.5367e-07
0.0000e+00
2.0981e-05
5.0068e-05
9.5367e-07
0.0000e+00
2.0981e-05
0.0000e+00
2.1935e-05
9.5367e-07
0.0000e+00
2.0981e-05
1.3685e-04
0.0000e+00
2.1935e-05
9.8944e-05
0.0000e+00
3.0994e-05
1.1921e-06
0.0000e+00
2.2888e-05
9.5367e-07
0.0000e+00
2.2173e-05
9.5367e-07
0.0000e+00
2.1935e-05
1.1921e-06
0.0000e+00
2.0981e-05
0.0000e+00
0.0000e+00
2.0981e-05
9.0599e-06
2.8992e-04
0.0000e+00
9.5367e-07
1.9073e-06
0.0000e+00
3.8147e-06
0.0000e+00
2.3127e-05
1.1921e-06
0.0000e+00
2.2888e-05
9.1076e-05
0.0000e+00
2.1935e-05
0.0000e+00
1.8191e-04
0.0000e+00
0.0000e+00
1.0920e-04
0.0000e+00
0.0000e+00
0.0000e+00
2.1935e-05
1.1921e-06
0.0000e+00
2.0981e-05
9.5367e-07
1.5974e-05
0.0000e+00
0.0000e+00
0.0000e+00
2.1935e-05
0.0000e+00
4.3869e-05
0.0000e+00
0.0000e+00
1.2779e-04
0.0000e+00
0.0000e+00
0.0000e+00
2.2888e-05
6.0081e-05
0.0000e+00
2.1935e-05
1.1921e-06
0.0000e+00
2.1935e-05
1.1921e-06
0.0000e+00
2.0981e-05
9.5367e-07
0.0000e+00
2.0981e-05
2.3890e-04
0.0000e+00
2.1935e-05
3.0994e-06
0.0000e+00
2.1935e-05
2.1458e-06
9.2983e-05
9.5367e-07
1.1921e-06
0.0000e+00
2.2888e-05
0.0000e+00
0.0000e+00
2.1219e-05
1.0300e-04
0.0000e+00
2.1935e-05
8.7976e-05
0.0000e+00
2.0981e-05
2.8610e-06
0.0000e+00
2.2173e-05
3.4809e-05
0.0000e+00
2.1935e-05
1.9073e-06
0.0000e+00
2.2173e-05
6.6996e-05
1.9073e-06
0.0000e+00
1.4067e-05
0.0000e+00
2.5988e-05
8.9169e-05
0.0000e+00
2.1935e-05
1.4067e-05
0.0000e+00
2.2888e-05
2.1458e-06
0.0000e+00
2.1935e-05
7.7963e-05
0.0000e+00
2.2173e-05
5.5075e-05
1.9073e-06
0.0000e+00
2.0981e-05
6.7949e-05
0.0000e+00
9.5367e-07
0.0000e+00
2.1935e-05
9.5367e-07
0.0000e+00
3.0041e-05
1.1921e-06
0.0000e+00
2.1935e-05
2.0003e-04
7.0095e-05
0.0000e+00
0.0000e+00
0.0000e+00
2.2173e-05
9.5367e-07
0.0000e+00
2.0981e-05
1.0991e-04
2.1458e-06
0.0000e+00
2.0027e-05
0.0000e+00
2.3127e-05
9.5367e-07
3.1948e-05
0.0000e+00
0.0000e+00
0.0000e+00
2.1935e-05
9.5367e-07
1.8907e-04
0.0000e+00
0.0000e+00
0.0000e+00
2.8849e-05
0.0000e+00
3.9816e-05
0.0000e+00
0.0000e+00
1.9073e-06
0.0000e+00
3.0994e-06
0.0000e+00
2.3842e-05
1.1921e-06
0.0000e+00
2.0981e-05
9.5367e-07
0.0000e+00
2.1935e-05
1.0014e-05
2.0719e-04
0.0000e+00
0.0000e+00
9.5367e-07
0.0000e+00
0.0000e+00
1.9073e-06
0.0000e+00
4.0531e-06
1.4591e-04
0.0000e+00
9.5367e-07
0.0000e+00
2.1935e-05
1.7619e-04
5.9605e-06
9.5367e-07
1.5974e-05
1.1921e-06
0.0000e+00
2.0981e-05
0.0000e+00
2.1935e-05
1.7381e-04
0.0000e+00
2.0981e-05
1.9073e-06
5.3167e-05
0.0000e+00
0.0000e+00
0.0000e+00
2.1935e-05
4.2915e-05
0.0000e+00
2.0981e-05
4.4107e-05
0.0000e+00
2.0981e-05
1.1921e-06
0.0000e+00
2.1935e-05
1.1921e-06
0.0000e+00
2.1935e-05
9.5367e-07
1.9097e-04
1.1921e-06
9.5367e-07
8.1062e-05
0.0000e+00
9.5367e-07
0.0000e+00
2.1935e-05
0.0000e+00
0.0000e+00
2.0981e-05
5.6028e-05
0.0000e+00
2.1935e-05
3.6001e-05
0.0000e+00
2.1935e-05
5.1975e-05
7.5817e-05
0.0000e+00
0.0000e+00
1.9073e-06
9.5367e-07
4.0531e-06
0.0000e+00
2.1935e-05
2.1458e-06
0.0000e+00
2.2888e-05
0.0000e+00
0.0000e+00
2.0981e-05
9.5367e-07
0.0000e+00
2.1935e-05
2.3913e-04
0.0000e+00
2.1935e-05
2.1458e-06
0.0000e+00
2.1935e-05
2.7895e-05
8.9884e-05
0.0000e+00
9.5367e-07
0.0000e+00
2.1935e-05
2.1935e-05
1.1921e-06
0.0000e+00
2.2888e-05
0.0000e+00
2.9087e-05
9.5367e-07
0.0000e+00
2.2173e-05
1.1182e-04
0.0000e+00
2.0981e-05
1.9073e-06
0.0000e+00
2.0981e-05
1.1921e-06
0.0000e+00
2.0981e-05
1.9073e-06
9.5367e-07
0.0000e+00
1.9073e-05
8.1062e-06
0.0000e+00
1.1921e-05
1.7881e-04
0.0000e+00
0.0000e+00
0.0000e+00
2.1935e-05
0.0000e+00
0.0000e+00
2.9087e-05
9.5367e-07
0.0000e+00
2.3127e-05
9.5367e-07
1.0514e-04
0.0000e+00
9.5367e-07
0.0000e+00
2.1935e-05
0.0000e+00
1.9073e-06
9.5367e-07
1.9073e-06
0.0000e+00
2.1935e-05
9.5367e-07
0.0000e+00
2.0981e-05
1.4400e-04
0.0000e+00
2.1935e-05
1.0967e-05
0.0000e+00
2.4080e-05
9.5367e-07
0.0000e+00
2.8849e-05
9.5367e-07
1.9073e-06
0.0000e+00
9.0599e-06
0.0000e+00
2.1935e-05
3.9101e-04
6.1989e-05
0.0000e+00
9.5367e-07
6.4850e-05
0.0000e+00
0.0000e+00
0.0000e+00
2.1935e-05
9.5367e-07
0.0000e+00
2.1219e-05
0.0000e+00
0.0000e+00
2.0981e-05
9.5367e-07
0.0000e+00
2.2173e-05
8.9884e-05
0.0000e+00
3.0994e-05
9.5367e-07
0.0000e+00
2.1935e-05
9.5367e-07
0.0000e+00
2.2173e-05
2.2984e-04
0.0000e+00
2.1935e-05
9.5367e-07
0.0000e+00
2.0981e-05
2.1458e-06
0.0000e+00
2.1935e-05
1.1921e-06
0.0000e+00
2.0981e-05
9.5367e-07
0.0000e+00
2.0981e-05
2.2888e-04
0.0000e+00
2.3127e-05
9.5367e-07
0.0000e+00
2.1935e-05
9.5367e-07
0.0000e+00
2.0981e-05
2.1458e-06
0.0000e+00
2.1935e-05
1.1897e-04
0.0000e+00
2.0981e-05
9.5367e-07
0.0000e+00
2.0981e-05
1.1206e-04
3.4094e-05
0.0000e+00
0.0000e+00
0.0000e+00
2.4080e-05
1.1921e-06
0.0000e+00
2.1935e-05
1.1015e-04
0.0000e+00
2.1935e-05
4.2915e-05
5.0068e-06
0.0000e+00
1.8835e-05
0.0000e+00
2.2173e-05
0.0000e+00
0.0000e+00
2.0981e-05
8.1062e-06
0.0000e+00
2.1935e-05
1.0014e-04
0.0000e+00
2.0981e-05
3.0994e-06
0.0000e+00
2.1935e-05
9.5367e-07
0.0000e+00
2.2888e-05
1.1206e-05
0.0000e+00
2.1935e-05
9.5367e-07
2.4915e-04
0.0000e+00
9.5367e-07
0.0000e+00
2.1935e-05
9.5367e-07
0.0000e+00
2.0981e-05
9.7036e-05
0.0000e+00
2.3127e-05
9.5367e-07
0.0000e+00
2.1935e-05
1.1206e-04
0.0000e+00
2.1935e-05
2.8610e-06
0.0000e+00
2.3127e-05
7.8678e-06
0.0000e+00
2.2173e-05
9.5367e-07
0.0000e+00
2.0981e-05
1.1921e-06
0.0000e+00
2.1935e-05
9.5367e-07
0.0000e+00
2.1935e-05
1.1921e-06
0.0000e+00
2.0981e-05
2.1195e-04
0.0000e+00
2.3127e-05
9.5367e-07
0.0000e+00
2.9087e-05
1.7190e-04
5.6982e-05
0.0000e+00
0.0000e+00
3.0994e-05
0.0000e+00
0.0000e+00
0.0000e+00
2.4080e-05
3.7909e-05
1.1611e-04
9.5367e-07
9.5367e-07
0.0000e+00
2.2173e-05
0.0000e+00
0.0000e+00
2.0981e-05
0.0000e+00
0.0000e+00
2.0981e-05
0.0000e+00
0.0000e+00
2.0981e-05
9.5367e-07
0.0000e+00
3.0041e-05
3.0994e-06
2.1458e-06
0.0000e+00
5.0068e-06
0.0000e+00
2.4080e-05
2.8682e-04
0.0000e+00
2.1935e-05
9.5367e-07
0.0000e+00
2.2173e-05
3.6955e-05
3.7909e-05
0.0000e+00
9.5367e-07
0.0000e+00
2.0981e-05
9.5367e-07
0.0000e+00
2.0981e-05
9.5367e-07
0.0000e+00
2.1935e-05
1.2994e-04
0.0000e+00
3.4094e-05
1.9073e-06
0.0000e+00
2.0981e-05
1.3399e-04
0.0000e+00
2.1935e-05
2.1458e-06
1.9073e-06
0.0000e+00
9.5367e-07
0.0000e+00
2.1935e-05
9.5367e-07
3.0994e-06
0.0000e+00
2.0027e-05
0.0000e+00
2.3842e-05
9.5367e-07
0.0000e+00
2.1935e-05
9.5367e-07
2.9993e-04
9.5367e-07
1.1921e-06
0.0000e+00
2.9802e-05
0.0000e+00
0.0000e+00
2.1935e-05
7.9155e-05
0.0000e+00
2.1935e-05
5.7936e-05
1.9789e-05
0.0000e+00
2.8610e-06
0.0000e+00
2.3127e-05
9.5367e-07
0.0000e+00
2.1935e-05
0.0000e+00
0.0000e+00
2.3842e-05
9.5367e-07
0.0000e+00
2.1935e-05
1.2898e-04
2.1458e-06
0.0000e+00
9.5367e-07
0.0000e+00
2.2888e-05
1.1611e-04
0.0000e+00
2.0981e-05
2.8610e-06
0.0000e+00
2.2173e-05
2.8610e-06
0.0000e+00
2.2173e-05
1.3185e-04
0.0000e+00
2.2173e-05
2.8610e-06
0.0000e+00
2.1935e-05
2.1458e-06
0.0000e+00
2.1935e-05
9.0599e-06
1.9312e-04
0.0000e+00
9.5367e-07
3.2902e-05
0.0000e+00
0.0000e+00
9.6083e-05
0.0000e+00
0.0000e+00
0.0000e+00
2.5988e-05
9.5367e-07
0.0000e+00
2.1935e-05
0.0000e+00
0.0000e+00
2.2173e-05
9.5367e-07
0.0000e+00
2.0981e-05
1.4520e-04
0.0000e+00
2.0981e-05
1.0967e-05
0.0000e+00
2.1935e-05
7.6771e-05
0.0000e+00
2.8849e-05
1.1921e-06
0.0000e+00
2.1935e-05
1.1921e-06
1.9073e-06
9.5367e-07
2.0981e-05
0.0000e+00
2.2173e-05
9.5367e-07
3.0994e-06
0.0000e+00
0.0000e+00
0.0000e+00
2.1935e-05
9.5367e-07
0.0000e+00
2.0981e-05
3.3712e-04
0.0000e+00
2.1935e-05
9.5367e-07
0.0000e+00
2.0981e-05
5.0068e-06
0.0000e+00
3.1948e-05
1.9073e-06
0.0000e+00
2.2173e-05
1.1706e-04
0.0000e+00
2.1935e-05
1.1921e-05
0.0000e+00
2.0981e-05
9.5367e-07
0.0000e+00
2.0981e-05
0.0000e+00
0.0000e+00
2.1935e-05
9.5367e-07
0.0000e+00
2.1935e-05
0.0000e+00
2.9898e-04
0.0000e+00
9.5367e-07
0.0000e+00
3.2187e-05
9.5367e-07
1.9073e-06
1.1921e-06
9.5367e-07
0.0000e+00
2.1935e-05
7.1526e-06
0.0000e+00
2.1935e-05
2.1458e-06
1.3399e-04
0.0000e+00
0.0000e+00
2.1458e-06
9.5367e-07
9.5367e-07
0.0000e+00
2.1935e-05
1.1921e-06
0.0000e+00
2.1935e-05
9.5367e-07
0.0000e+00
2.1935e-05
1.1921e-06
0.0000e+00
3.2902e-05
1.9073e-06
2.9516e-04
0.0000e+00
9.5367e-07
0.0000e+00
2.3127e-05
9.5367e-07
0.0000e+00
2.1935e-05
9.5367e-07
0.0000e+00
2.2173e-05
1.5187e-04
0.0000e+00
2.1935e-05
9.5367e-07
0.0000e+00
2.0981e-05
9.5367e-07
0.0000e+00
2.0981e-05
9.5367e-07
0.0000e+00
3.0041e-05
1.9073e-06
0.0000e+00
2.3127e-05
9.5367e-07
0.0000e+00
2.1935e-05
3.0494e-04
0.0000e+00
2.1935e-05
4.6968e-05
0.0000e+00
2.2173e-05
4.6015e-05
0.0000e+00
2.1935e-05
1.9073e-06
0.0000e+00
2.0981e-05
5.4836e-05
0.0000e+00
2.2173e-05
9.5367e-07
0.0000e+00
2.2888e-05
9.5367e-07
0.0000e+00
2.2173e-05
0.0000e+00
0.0000e+00
2.0981e-05
1.6212e-04
0.0000e+00
2.1935e-05
9.5367e-07
0.0000e+00
2.1935e-05
6.9141e-06
0.0000e+00
2.1219e-05
9.5367e-07
0.0000e+00
2.1935e-05
1.1921e-06
0.0000e+00
2.7895e-05
2.2101e-04
0.0000e+00
2.5034e-05
4.1008e-05
0.0000e+00
2.2173e-05
9.5367e-07
0.0000e+00
2.2173e-05
1.9073e-06
0.0000e+00
2.1935e-05
1.1921e-06
0.0000e+00
2.1935e-05
1.4687e-04
0.0000e+00
2.0981e-05
2.2888e-05
0.0000e+00
2.2173e-05
4.6015e-05
0.0000e+00
2.3127e-05
0.0000e+00
1.6212e-04
0.0000e+00
0.0000e+00
0.0000e+00
2.1935e-05
1.1921e-06
0.0000e+00
2.0981e-05
0.0000e+00
0.0000e+00
2.1935e-05
1.1921e-06
0.0000e+00
2.1935e-05
0.0000e+00
0.0000e+00
2.0981e-05
7.7009e-05
0.0000e+00
2.3127e-05
1.1921e-06
0.0000e+00
2.2888e-05
2.1458e-06
2.3293e-04
0.0000e+00
0.0000e+00
0.0000e+00
2.2173e-05
0.0000e+00
0.0000e+00
2.0981e-05
0.0000e+00
5.0068e-06
0.0000e+00
4.0531e-06
1.9073e-06
9.5367e-07
2.2173e-05
0.0000e+00
2.1935e-05
1.9073e-06
0.0000e+00
2.2173e-05
1.7285e-04
0.0000e+00
2.2173e-05
8.0824e-05
0.0000e+00
3.5048e-05
2.1458e-06
0.0000e+00
2.1935e-05
9.5367e-07
6.6996e-05
9.5367e-07
1.1921e-06
0.0000e+00
2.1935e-05
0.0000e+00
0.0000e+00
2.0981e-05
1.6904e-04
0.0000e+00
2.5034e-05
9.5367e-07
0.0000e+00
2.2173e-05
0.0000e+00
0.0000e+00
2.1935e-05
7.0095e-05
0.0000e+00
3.0994e-05
1.2207e-04
0.0000e+00
2.3127e-05
2.1219e-05
1.9073e-06
9.5367e-07
2.0981e-05
0.0000e+00
2.2173e-05
5.1022e-05
0.0000e+00
2.1935e-05
1.0014e-05
0.0000e+00
2.0981e-05
9.5367e-07
0.0000e+00
2.1935e-05
1.1921e-06
1.9693e-04
9.5367e-07
9.5367e-07
0.0000e+00
2.2173e-05
9.5367e-07
9.1076e-05
0.0000e+00
0.0000e+00
0.0000e+00
2.2173e-05
5.9605e-06
0.0000e+00
2.2173e-05
9.5367e-07
0.0000e+00
2.1935e-05
1.2207e-04
0.0000e+00
2.3842e-05
2.1458e-06
0.0000e+00
2.1935e-05
1.0610e-04
0.0000e+00
2.0981e-05
4.0531e-06
0.0000e+00
2.1935e-05
3.0994e-06
0.0000e+00
2.9087e-05
1.9073e-06
9.9182e-05
9.5367e-07
9.5367e-07
0.0000e+00
2.2888e-05
4.4823e-05
0.0000e+00
2.2173e-05
9.5367e-07
0.0000e+00
2.1935e-05
0.0000e+00
0.0000e+00
2.1935e-05
1.7309e-04
0.0000e+00
2.1935e-05
8.1062e-06
0.0000e+00
2.1935e-05
1.9073e-06
1.0514e-04
9.5367e-07
9.5367e-07
5.2929e-05
9.5367e-07
9.5367e-07
0.0000e+00
2.4080e-05
6.7949e-05
0.0000e+00
2.2173e-05
1.9073e-06
0.0000e+00
2.1935e-05
0.0000e+00
0.0000e+00
2.0981e-05
1.5092e-04
0.0000e+00
2.1219e-05
9.5367e-07
0.0000e+00
2.0981e-05
1.0014e-05
0.0000e+00
2.1935e-05
3.3140e-05
1.4687e-04
0.0000e+00
0.0000e+00
0.0000e+00
2.2888e-05
3.7193e-05
0.0000e+00
2.1935e-05
4.3154e-05
0.0000e+00
2.0981e-05
4.5061e-05
7.1049e-05
0.0000e+00
0.0000e+00
1.5974e-05
0.0000e+00
0.0000e+00
0.0000e+00
2.1935e-05
9.5367e-07
0.0000e+00
2.0981e-05
1.7786e-04
0.0000e+00
2.0981e-05
1.9073e-06
0.0000e+00
3.2902e-05
1.1921e-06
0.0000e+00
2.1935e-05
0.0000e+00
4.0531e-06
0.0000e+00
0.0000e+00
0.0000e+00
2.2888e-05
9.5367e-07
0.0000e+00
2.1935e-05
9.5367e-07
0.0000e+00
2.0981e-05
0.0000e+00
3.8147e-06
1.1921e-06
8.8215e-06
0.0000e+00
2.2173e-05
9.5367e-07
1.9073e-06
0.0000e+00
2.0027e-05
0.0000e+00
3.0041e-05
9.5367e-07
5.6291e-04
1.1921e-06
1.1921e-06
5.0068e-06
9.5367e-07
0.0000e+00
0.0000e+00
2.2888e-05
1.0586e-04
0.0000e+00
2.2173e-05
0.0000e+00
0.0000e+00
2.1935e-05
4.0054e-05
0.0000e+00
2.2173e-05
1.9073e-06
1.4997e-04
0.0000e+00
9.5367e-07
0.0000e+00
2.1935e-05
2.4080e-05
0.0000e+00
3.0041e-05
1.9073e-06
0.0000e+00
2.2888e-05
1.9073e-06
0.0000e+00
2.1935e-05
1.1921e-06
0.0000e+00
2.0981e-05
1.9073e-06
0.0000e+00
2.1935e-05
1.5688e-04
7.5817e-05
0.0000e+00
9.5367e-07
1.0395e-04
9.5367e-07
9.5367e-07
0.0000e+00
2.3127e-05
9.5367e-07
8.0109e-05
9.5367e-07
9.5367e-07
4.0531e-06
9.5367e-07
9.5367e-07
0.0000e+00
3.0041e-05
9.5367e-07
0.0000e+00
2.2173e-05
9.5367e-07
0.0000e+00
2.1935e-05
9.5367e-07
1.5998e-04
0.0000e+00
1.1921e-06
0.0000e+00
2.2888e-05
4.7922e-05
6.1035e-05
9.5367e-07
1.1921e-06
0.0000e+00
2.2888e-05
0.0000e+00
0.0000e+00
2.1219e-05
0.0000e+00
0.0000e+00
2.1935e-05
1.3208e-04
2.1458e-06
0.0000e+00
9.5367e-07
9.7990e-05
9.5367e-07
9.5367e-07
0.0000e+00
2.6226e-05
0.0000e+00
1.1492e-04
0.0000e+00
0.0000e+00
0.0000e+00
2.1935e-05
0.0000e+00
0.0000e+00
2.2173e-05
1.0681e-04
0.0000e+00
2.1935e-05
9.5367e-07
0.0000e+00
2.2173e-05
8.2970e-05
9.5367e-07
0.0000e+00
2.1935e-05
0.0000e+00
2.9087e-05
9.0122e-05
0.0000e+00
2.1935e-05
0.0000e+00
0.0000e+00
2.2173e-05
9.5367e-07
1.0395e-04
9.5367e-07
1.1921e-06
0.0000e+00
2.2888e-05
0.0000e+00
0.0000e+00
2.1219e-05
1.1587e-04
1.0395e-04
9.5367e-07
9.5367e-07
0.0000e+00
2.2888e-05
1.1921e-06
0.0000e+00
2.0981e-05
9.5367e-07
9.0122e-05
9.5367e-07
0.0000e+00
0.0000e+00
2.3127e-05
9.5367e-07
0.0000e+00
2.0981e-05
0.0000e+00
1.9073e-06
0.0000e+00
2.1458e-06
0.0000e+00
2.1935e-05
3.0994e-06
0.0000e+00
2.0981e-05
9.0599e-06
0.0000e+00
2.0981e-05
2.6512e-04
0.0000e+00
2.1935e-05
1.9073e-06
0.0000e+00
2.0981e-05
9.5367e-07
0.0000e+00
2.2888e-05
9.5367e-07
0.0000e+00
2.1935e-05
1.1396e-04
6.0081e-05
0.0000e+00
0.0000e+00
0.0000e+00
2.2173e-05
9.5367e-07
0.0000e+00
2.5034e-05
3.6001e-05
0.0000e+00
2.1935e-05
1.2493e-04
7.2002e-05
0.0000e+00
9.5367e-07
0.0000e+00
2.1935e-05
9.5367e-07
1.2016e-04
0.0000e+00
1.1921e-06
0.0000e+00
2.2888e-05
1.8120e-05
0.0000e+00
2.1935e-05
2.1458e-06
0.0000e+00
2.1935e-05
9.1076e-05
0.0000e+00
2.1935e-05
9.5367e-07
9.7990e-05
9.5367e-07
9.5367e-07
0.0000e+00
2.2173e-05
0.0000e+00
0.0000e+00
2.0981e-05
1.0610e-04
9.5367e-07
0.0000e+00
1.1921e-06
0.0000e+00
2.7895e-05
2.3508e-04
0.0000e+00
2.3127e-05
9.5367e-07
0.0000e+00
2.0981e-05
0.0000e+00
4.7684e-06
0.0000e+00
9.5367e-07
3.5048e-05
0.0000e+00
0.0000e+00
0.0000e+00
2.1935e-05
0.0000e+00
0.0000e+00
2.1935e-05
3.1495e-04
0.0000e+00
2.2173e-05
3.8147e-06
0.0000e+00
2.0981e-05
9.5367e-07
0.0000e+00
3.0041e-05
9.5367e-07
0.0000e+00
2.1935e-05
9.5367e-07
0.0000e+00
2.0981e-05
0.0000e+00
0.0000e+00
2.0981e-05
1.6999e-04
0.0000e+00
2.1935e-05
9.5367e-07
2.1458e-06
0.0000e+00
6.9141e-06
0.0000e+00
2.3127e-05
1.0967e-05
1.9073e-06
0.0000e+00
2.0981e-05
0.0000e+00
2.2888e-05
2.2006e-04
0.0000e+00
2.1935e-05
4.0054e-05
3.6001e-05
0.0000e+00
9.5367e-07
0.0000e+00
2.2173e-05
4.7922e-05
0.0000e+00
2.2173e-05
5.8889e-05
0.0000e+00
2.2173e-05
4.6015e-05
0.0000e+00
2.0981e-05
9.5367e-07
0.0000e+00
2.1935e-05
1.1921e-06
0.0000e+00
2.0981e-05
2.4509e-04
2.1458e-06
9.5367e-07
2.8849e-05
0.0000e+00
2.2888e-05
0.0000e+00
0.0000e+00
2.2173e-05
0.0000e+00
0.0000e+00
2.0981e-05
9.5367e-07
0.0000e+00
2.2173e-05
9.5367e-07
9.5367e-07
0.0000e+00
2.0027e-05
0.0000e+00
2.1935e-05
0.0000e+00
0.0000e+00
2.2173e-05
2.6393e-04
3.6001e-05
0.0000e+00
9.5367e-07
2.1458e-06
7.8678e-06
5.9605e-06
0.0000e+00
2.2888e-05
9.0122e-05
0.0000e+00
2.1935e-05
1.1921e-06
0.0000e+00
2.1935e-05
1.0991e-04
0.0000e+00
2.4080e-05
8.1062e-06
1.0085e-04
0.0000e+00
0.0000e+00
0.0000e+00
2.0981e-05
0.0000e+00
0.0000e+00
2.0981e-05
0.0000e+00
0.0000e+00
2.0981e-05
1.1921e-06
0.0000e+00
2.1935e-05
3.0994e-06
0.0000e+00
2.1935e-05
1.8120e-04
0.0000e+00
2.1935e-05
1.9073e-06
0.0000e+00
2.2173e-05
9.5367e-07
1.0610e-04
0.0000e+00
0.0000e+00
0.0000e+00
2.1935e-05
0.0000e+00
1.0800e-04
0.0000e+00
9.5367e-07
2.5034e-05
0.0000e+00
0.0000e+00
0.0000e+00
2.0981e-05
9.5367e-07
0.0000e+00
2.1935e-05
0.0000e+00
0.0000e+00
2.0981e-05
9.5367e-07
8.5115e-05
0.0000e+00
9.5367e-07
0.0000e+00
2.1935e-05
1.8406e-04
0.0000e+00
2.3842e-05
1.1921e-06
0.0000e+00
2.1935e-05
9.5367e-07
0.0000e+00
2.1935e-05
5.0068e-06
0.0000e+00
2.1935e-05
9.5367e-07
0.0000e+00
2.3127e-05
0.0000e+00
0.0000e+00
2.1935e-05
1.8311e-04
0.0000e+00
2.1935e-05
4.5061e-05
8.0109e-05
0.0000e+00
9.5367e-07
0.0000e+00
2.3127e-05
9.5367e-07
0.0000e+00
2.1935e-05
9.5367e-07
0.0000e+00
2.0981e-05
8.3923e-05
8.2970e-05
1.1921e-06
0.0000e+00
0.0000e+00
3.0041e-05
9.5367e-07
0.0000e+00
2.2173e-05
1.3399e-04
1.9073e-06
1.1921e-06
2.0027e-05
0.0000e+00
2.1935e-05
9.5367e-07
0.0000e+00
2.2173e-05
1.7881e-05
0.0000e+00
2.0981e-05
1.1778e-04
0.0000e+00
2.1935e-05
5.0068e-05
2.1935e-05
0.0000e+00
0.0000e+00
0.0000e+00
2.1935e-05
1.0014e-05
8.7023e-05
9.5367e-07
9.5367e-07
1.9073e-06
0.0000e+00
4.0531e-06
0.0000e+00
2.4080e-05
9.9897e-05
0.0000e+00
2.2173e-05
4.6968e-05
0.0000e+00
2.1935e-05
2.1458e-06
0.0000e+00
2.0981e-05
9.6083e-05
0.0000e+00
2.1935e-05
9.5367e-07
6.6996e-05
0.0000e+00
0.0000e+00
9.5367e-07
0.0000e+00
3.0994e-06
0.0000e+00
2.1935e-05
1.7595e-04
0.0000e+00
3.0041e-05
9.5367e-07
0.0000e+00
2.1935e-05
7.7009e-05
0.0000e+00
2.2173e-05
1.0967e-05
0.0000e+00
2.1935e-05
9.5367e-07
1.3590e-04
0.0000e+00
9.5367e-07
0.0000e+00
2.2173e-05
9.5367e-07
0.0000e+00
2.0981e-05
9.5367e-07
0.0000e+00
2.0981e-05
7.6056e-05
5.9128e-05
0.0000e+00
9.5367e-07
0.0000e+00
2.4796e-05
9.5367e-07
0.0000e+00
2.1935e-05
1.8001e-04
0.0000e+00
2.1935e-05
9.5367e-07
0.0000e+00
2.0981e-05
3.6955e-05
0.0000e+00
2.1935e-05
5.5075e-05
9.5367e-07
0.0000e+00
2.2173e-05
4.7922e-05
0.0000e+00
0.0000e+00
0.0000e+00
2.0981e-05
9.5367e-07
0.0000e+00
3.0994e-05
3.9101e-05
0.0000e+00
2.1935e-05
1.1206e-04
0.0000e+00
2.1935e-05
9.5367e-07
0.0000e+00
2.1935e-05
9.5367e-07
0.0000e+00
2.0981e-05
0.0000e+00
0.0000e+00
2.0981e-05
0.0000e+00
0.0000e+00
2.0981e-05
0.0000e+00
0.0000e+00
2.0981e-05
3.0994e-06
0.0000e+00
2.3127e-05
3.6597e-04
0.0000e+00
2.0981e-05
9.5367e-07
0.0000e+00
2.1935e-05
5.0068e-05
0.0000e+00
2.1935e-05
1.0967e-05
0.0000e+00
2.1935e-05
2.1458e-06
2.8610e-06
1.1921e-06
1.9789e-05
9.5367e-07
0.0000e+00
2.0981e-05
1.9908e-04
0.0000e+00
0.0000e+00
0.0000e+00
2.2173e-05
0.0000e+00
0.0000e+00
3.5048e-05
9.5367e-07
0.0000e+00
2.2173e-05
9.5367e-07
0.0000e+00
2.1935e-05
9.5367e-07
0.0000e+00
2.2173e-05
5.0068e-06
0.0000e+00
2.1935e-05
9.5367e-07
0.0000e+00
2.0981e-05
1.9073e-06
0.0000e+00
2.0981e-05
9.5367e-07
0.0000e+00
2.2173e-05
4.0793e-04
8.6069e-05
9.5367e-07
0.0000e+00
4.0531e-06
0.0000e+00
1.1921e-06
6.5804e-05
0.0000e+00
0.0000e+00
0.0000e+00
2.2888e-05
1.4782e-05
0.0000e+00
2.1935e-05
9.5367e-07
0.0000e+00
2.2173e-05
1.0586e-04
1.5020e-05
0.0000e+00
7.1526e-06
1.9073e-06
9.5367e-07
2.0027e-05
0.0000e+00
2.2888e-05
1.1921e-06
0.0000e+00
2.0981e-05
1.1921e-06
2.0385e-04
9.5367e-07
9.5367e-07
9.5367e-07
0.0000e+00
9.5367e-07
0.0000e+00
2.3842e-05
0.0000e+00
0.0000e+00
2.1935e-05
1.5497e-04
1.1921e-06
0.0000e+00
2.1935e-05
0.0000e+00
2.2173e-05
9.5367e-07
0.0000e+00
2.0981e-05
1.3534e-01
