2.5392e-03
2.8133e-05
0.0000e+00
5.9128e-05
1.7292e-02
0.0000e+00
2.5988e-05
1.7881e-05
0.0000e+00
2.4080e-05
6.5100e-03
0.0000e+00
2.2888e-05
2.1458e-06
0.0000e+00
2.1935e-05
4.0531e-06
0.0000e+00
2.1935e-05
2.1458e-06
0.0000e+00
2.2888e-05
9.5367e-07
0.0000e+00
4.8161e-05
2.0504e-04
0.0000e+00
2.2888e-05
2.6720e-03
0.0000e+00
2.2173e-05
1.0014e-05
1.0967e-05
0.0000e+00
1.7166e-05
0.0000e+00
2.3842e-05
9.5367e-07
0.0000e+00
2.0981e-05
9.5367e-07
0.0000e+00
2.0981e-05
9.5367e-07
0.0000e+00
2.1935e-05
1.1921e-06
1.2178e-03
1.1921e-06
1.9073e-06
0.0000e+00
2.5034e-05
3.6311e-04
0.0000e+00
2.1935e-05
2.1458e-06
0.0000e+00
2.1935e-05
1.1206e-05
1.9073e-06
0.0000e+00
2.1458e-06
0.0000e+00
2.2888e-05
9.5367e-07
0.0000e+00
2.1935e-05
0.0000e+00
0.0000e+00
2.2173e-05
3.2783e-04
0.0000e+00
2.5988e-05
9.5367e-07
0.0000e+00
3.1948e-05
1.1921e-06
0.0000e+00
2.2888e-05
1.1921e-06
0.0000e+00
2.1935e-05
9.5367e-07
0.0000e+00
2.2173e-05
9.5367e-07
0.0000e+00
2.1935e-05
0.0000e+00
6.3586e-04
9.5367e-07
9.5367e-07
0.0000e+00
2.3127e-05
9.5367e-07
3.7503e-04
0.0000e+00
0.0000e+00
0.0000e+00
2.3127e-05
1.1921e-06
0.0000e+00
2.3842e-05
9.5367e-07
0.0000e+00
2.2173e-05
1.0967e-05
3.0398e-04
0.0000e+00
0.0000e+00
0.0000e+00
2.1935e-05
0.0000e+00
0.0000e+00
2.1219e-05
9.5367e-07
2.6798e-04
0.0000e+00
0.0000e+00
0.0000e+00
2.3127e-05
2.7895e-05
0.0000e+00
2.2173e-05
9.5367e-07
0.0000e+00
3.0994e-05
2.1458e-06
0.0000e+00
2.1935e-05
9.5367e-07
2.0180e-03
9.5367e-07
1.9073e-06
0.0000e+00
2.5034e-05
0.0000e+00
1.4496e-04
1.1921e-06
9.5367e-07
0.0000e+00
2.2888e-05
9.5367e-07
0.0000e+00
2.2173e-05
0.0000e+00
0.0000e+00
2.1935e-05
1.1921e-06
0.0000e+00
2.1935e-05
9.5367e-07
0.0000e+00
2.1935e-05
9.5367e-07
0.0000e+00
2.1935e-05
0.0000e+00
4.4012e-04
9.5367e-07
9.5367e-07
0.0000e+00
2.3127e-05
2.8896e-04
0.0000e+00
2.0981e-05
2.1458e-06
0.0000e+00
2.1935e-05
9.5367e-07
0.0000e+00
2.1935e-05
1.9073e-06
0.0000e+00
2.1935e-05
1.3995e-04
0.0000e+00
3.0994e-05
1.1921e-06
0.0000e+00
2.1935e-05
0.0000e+00
3.3402e-04
0.0000e+00
9.5367e-07
1.9073e-06
0.0000e+00
1.1921e-06
0.0000e+00
2.3842e-05
1.6308e-04
9.5367e-07
0.0000e+00
9.5367e-07
0.0000e+00
2.1935e-05
2.1458e-06
0.0000e+00
2.0981e-05
2.4986e-04
1.9073e-06
0.0000e+00
2.0981e-05
0.0000e+00
2.3127e-05
9.5367e-07
0.0000e+00
2.2888e-05
0.0000e+00
0.0000e+00
2.1935e-05
9.5367e-07
0.0000e+00
2.0981e-05
0.0000e+00
9.5367e-07
0.0000e+00
9.5367e-07
0.0000e+00
2.1935e-05
9.5367e-07
0.0000e+00
2.0981e-05
1.1921e-06
0.0000e+00
2.1935e-05
1.9073e-06
0.0000e+00
2.0027e-05
9.5367e-07
0.0000e+00
2.2173e-05
4.4417e-04
0.0000e+00
2.1935e-05
2.1458e-06
0.0000e+00
2.1935e-05
3.0994e-06
0.0000e+00
2.1935e-05
8.6808e-04
0.0000e+00
2.1935e-05
1.1921e-06
0.0000e+00
2.1935e-05
1.9073e-06
0.0000e+00
2.0981e-05
0.0000e+00
0.0000e+00
3.1948e-05
9.5367e-07
2.5606e-04
9.5367e-07
9.5367e-07
2.1458e-06
9.5367e-07
1.3113e-05
3.7909e-05
9.5367e-07
9.5367e-07
0.0000e+00
2.3127e-05
9.5367e-07
0.0000e+00
2.0981e-05
9.5367e-07
0.0000e+00
2.1935e-05
0.0000e+00
2.4581e-04
9.5367e-07
9.5367e-07
0.0000e+00
2.2888e-05
0.0000e+00
6.7091e-04
9.5367e-07
0.0000e+00
0.0000e+00
2.9802e-05
0.0000e+00
0.0000e+00
2.2888e-05
1.1921e-06
0.0000e+00
2.0981e-05
9.5367e-07
5.3716e-04
9.5367e-07
9.5367e-07
0.0000e+00
2.1935e-05
0.0000e+00
0.0000e+00
2.0981e-05
9.5367e-07
1.7095e-04
9.5367e-07
1.1921e-06
0.0000e+00
2.2888e-05
9.5367e-07
0.0000e+00
2.1935e-05
0.0000e+00
1.9598e-04
0.0000e+00
9.5367e-07
1.4091e-04
9.5367e-07
0.0000e+00
1.4281e-04
0.0000e+00
0.0000e+00
0.0000e+00
2.2888e-05
1.1921e-06
0.0000e+00
2.1935e-05
9.5367e-07
0.0000e+00
2.1935e-05
0.0000e+00
0.0000e+00
2.2173e-05
9.5367e-07
0.0000e+00
2.1935e-05
0.0000e+00
3.0518e-04
0.0000e+00
9.5367e-07
0.0000e+00
2.3127e-05
9.5367e-07
0.0000e+00
2.3127e-05
9.5367e-07
0.0000e+00
2.0981e-05
0.0000e+00
0.0000e+00
2.0981e-05
0.0000e+00
6.8688e-04
0.0000e+00
9.5367e-07
1.9073e-06
0.0000e+00
0.0000e+00
0.0000e+00
2.2888e-05
0.0000e+00
2.7680e-04
0.0000e+00
0.0000e+00
0.0000e+00
2.1935e-05
1.0800e-04
0.0000e+00
2.1935e-05
9.5367e-07
1.1921e-06
0.0000e+00
1.0967e-05
0.0000e+00
2.4080e-05
9.5367e-07
0.0000e+00
2.1935e-05
5.0068e-06
0.0000e+00
2.2888e-05
9.5367e-07
0.0000e+00
2.1935e-05
9.5367e-07
0.0000e+00
2.0981e-05
3.5906e-04
0.0000e+00
2.0981e-05
1.0967e-05
0.0000e+00
2.2173e-05
9.5367e-07
3.8886e-04
0.0000e+00
9.5367e-07
2.1458e-06
0.0000e+00
0.0000e+00
0.0000e+00
2.3127e-05
0.0000e+00
0.0000e+00
2.0981e-05
1.1921e-06
0.0000e+00
2.1935e-05
1.1587e-04
0.0000e+00
2.0981e-05
9.5367e-07
0.0000e+00
2.1935e-05
1.1921e-06
0.0000e+00
2.1935e-05
9.5367e-07
6.6710e-04
0.0000e+00
9.5367e-07
0.0000e+00
3.2187e-05
1.5998e-04
1.9073e-06
9.5367e-07
1.1921e-06
0.0000e+00
2.1935e-05
2.1458e-06
2.0981e-05
9.5367e-07
1.9073e-06
0.0000e+00
2.2173e-05
9.5367e-07
4.7398e-04
9.5367e-07
9.5367e-07
0.0000e+00
2.3127e-05
9.5367e-07
1.0896e-04
1.1921e-06
9.5367e-07
0.0000e+00
2.2888e-05
0.0000e+00
2.1458e-06
0.0000e+00
4.0531e-06
1.3113e-05
0.0000e+00
1.0014e-05
0.0000e+00
3.0994e-05
9.5367e-07
0.0000e+00
2.2173e-05
6.3300e-04
0.0000e+00
2.1935e-05
1.1921e-06
0.0000e+00
2.0981e-05
1.9073e-06
0.0000e+00
2.0981e-05
0.0000e+00
0.0000e+00
2.0981e-05
9.5367e-07
4.0531e-06
0.0000e+00
9.5367e-07
0.0000e+00
2.2888e-05
1.1921e-06
0.0000e+00
3.0994e-05
1.9073e-06
0.0000e+00
2.5034e-05
9.5367e-07
0.0000e+00
2.1935e-05
6.9189e-04
0.0000e+00
2.1935e-05
1.1921e-06
1.9073e-06
0.0000e+00
2.0027e-05
0.0000e+00
2.1935e-05
9.5367e-07
0.0000e+00
2.1935e-05
8.1062e-06
1.9073e-06
9.5367e-07
1.1921e-06
0.0000e+00
2.1935e-05
9.5367e-07
0.0000e+00
2.1935e-05
1.1921e-06
4.4084e-04
0.0000e+00
0.0000e+00
0.0000e+00
2.1935e-05
9.5367e-07
0.0000e+00
2.0981e-05
0.0000e+00
1.4901e-04
9.5367e-07
9.5367e-07
0.0000e+00
2.1935e-05
0.0000e+00
0.0000e+00
2.0981e-05
0.0000e+00
0.0000e+00
2.0981e-05
0.0000e+00
2.5415e-04
0.0000e+00
9.5367e-07
0.0000e+00
2.2888e-05
5.4598e-04
0.0000e+00
2.2888e-05
4.6015e-05
1.1206e-04
0.0000e+00
0.0000e+00
0.0000e+00
2.1935e-05
9.5367e-07
0.0000e+00
2.1935e-05
9.5367e-07
0.0000e+00
2.2173e-05
2.2602e-04
0.0000e+00
2.1935e-05
2.1458e-06
0.0000e+00
2.2888e-05
3.9101e-05
0.0000e+00
3.0041e-05
9.5367e-07
0.0000e+00
2.1935e-05
1.1921e-06
0.0000e+00
2.1935e-05
9.5367e-07
0.0000e+00
2.2173e-05
9.5367e-07
2.7490e-04
0.0000e+00
9.5367e-07
0.0000e+00
2.1935e-05
0.0000e+00
0.0000e+00
2.2173e-05
9.5367e-07
5.0068e-06
9.5367e-07
9.5367e-07
1.1921e-06
9.5367e-07
1.9073e-06
0.0000e+00
3.0994e-05
9.5367e-07
0.0000e+00
2.3127e-05
9.6703e-04
0.0000e+00
2.1935e-05
9.5367e-07
5.0068e-06
0.0000e+00
9.5367e-07
0.0000e+00
2.1935e-05
0.0000e+00
0.0000e+00
2.1935e-05
9.5367e-07
0.0000e+00
2.0981e-05
1.1921e-06
0.0000e+00
2.0981e-05
9.0599e-06
0.0000e+00
3.0041e-05
4.6611e-04
0.0000e+00
2.1935e-05
9.5367e-07
0.0000e+00
2.1935e-05
9.5367e-07
0.0000e+00
2.2173e-05
9.5367e-07
0.0000e+00
2.1935e-05
2.1458e-06
1.9073e-06
9.5367e-07
0.0000e+00
0.0000e+00
2.2173e-05
2.8610e-06
0.0000e+00
2.2173e-05
1.9479e-04
0.0000e+00
2.9802e-05
9.5367e-07
0.0000e+00
2.1935e-05
9.5367e-07
0.0000e+00
2.0981e-05
0.0000e+00
0.0000e+00
2.0981e-05
0.0000e+00
0.0000e+00
2.0981e-05
8.2684e-04
0.0000e+00
2.1935e-05
9.5367e-07
5.0068e-06
0.0000e+00
1.7166e-05
0.0000e+00
2.1935e-05
9.5367e-07
0.0000e+00
3.3855e-05
9.5367e-07
0.0000e+00
2.1935e-05
0.0000e+00
9.5367e-07
0.0000e+00
1.5974e-05
0.0000e+00
2.1935e-05
7.6509e-04
0.0000e+00
2.2173e-05
9.5367e-07
0.0000e+00
2.1935e-05
1.9503e-04
6.7949e-05
0.0000e+00
0.0000e+00
0.0000e+00
2.1935e-05
9.5367e-07
7.1526e-06
0.0000e+00
0.0000e+00
0.0000e+00
3.0994e-05
3.8147e-06
0.0000e+00
2.2888e-05
9.5367e-07
4.4918e-04
9.5367e-07
9.5367e-07
0.0000e+00
2.2888e-05
1.1921e-06
0.0000e+00
2.1935e-05
0.0000e+00
0.0000e+00
2.0981e-05
0.0000e+00
0.0000e+00
2.1935e-05
0.0000e+00
0.0000e+00
2.0981e-05
1.1921e-06
0.0000e+00
2.9802e-05
9.5367e-07
0.0000e+00
2.1935e-05
9.5367e-07
6.5184e-04
9.5367e-07
1.1921e-06
0.0000e+00
2.2888e-05
9.5367e-07
0.0000e+00
2.2173e-05
0.0000e+00
2.3890e-04
1.1921e-06
1.1921e-06
0.0000e+00
2.1935e-05
0.0000e+00
0.0000e+00
2.0981e-05
2.7895e-04
1.9073e-06
1.1921e-06
2.0981e-05
0.0000e+00
2.1935e-05
9.5367e-07
2.6703e-04
0.0000e+00
0.0000e+00
1.1921e-06
0.0000e+00
0.0000e+00
0.0000e+00
2.3127e-05
9.5367e-07
0.0000e+00
2.0981e-05
9.5367e-07
2.1458e-06
0.0000e+00
4.0531e-06
0.0000e+00
2.2888e-05
9.5367e-07
0.0000e+00
2.0981e-05
9.5367e-07
7.7009e-04
0.0000e+00
0.0000e+00
0.0000e+00
2.3127e-05
9.5367e-07
0.0000e+00
3.1948e-05
9.5367e-07
0.0000e+00
2.2173e-05
9.5367e-07
0.0000e+00
2.1935e-05
0.0000e+00
0.0000e+00
2.2173e-05
9.5367e-07
0.0000e+00
2.0981e-05
0.0000e+00
0.0000e+00
2.0981e-05
1.1921e-06
0.0000e+00
2.1935e-05
9.5367e-07
4.5800e-04
0.0000e+00
0.0000e+00
0.0000e+00
2.9802e-05
9.5367e-07
0.0000e+00
2.1935e-05
9.5367e-07
5.9819e-04
0.0000e+00
9.5367e-07
0.0000e+00
2.3127e-05
2.0194e-04
0.0000e+00
2.1935e-05
1.1921e-06
0.0000e+00
2.0981e-05
9.5367e-07
2.1458e-06
0.0000e+00
1.4067e-05
0.0000e+00
2.1935e-05
3.2210e-04
0.0000e+00
2.1935e-05
1.1921e-06
0.0000e+00
3.5048e-05
1.9073e-06
0.0000e+00
2.1935e-05
3.0994e-06
3.0994e-06
0.0000e+00
9.5367e-07
4.2605e-04
0.0000e+00
0.0000e+00
0.0000e+00
2.1935e-05
9.5367e-07
0.0000e+00
2.1935e-05
2.5988e-05
0.0000e+00
2.5034e-05
4.2915e-04
0.0000e+00
2.1935e-05
2.1458e-06
0.0000e+00
2.1935e-05
9.5367e-07
0.0000e+00
2.2888e-05
1.2612e-04
0.0000e+00
2.1935e-05
2.1458e-06
0.0000e+00
2.1935e-05
1.0967e-05
0.0000e+00
2.0981e-05
9.5367e-07
0.0000e+00
2.1935e-05
3.4094e-04
0.0000e+00
2.2173e-05
1.9073e-06
0.0000e+00
2.2173e-05
5.9605e-06
1.9073e-06
0.0000e+00
1.2159e-05
0.0000e+00
2.2888e-05
1.1921e-06
0.0000e+00
2.0981e-05
5.1308e-04
0.0000e+00
2.0981e-05
1.1921e-05
0.0000e+00
2.0981e-05
9.5367e-07
1.9073e-06
0.0000e+00
1.1921e-05
1.0014e-05
0.0000e+00
1.1206e-05
0.0000e+00
2.1935e-05
9.5367e-07
0.0000e+00
2.2173e-05
9.5367e-07
0.0000e+00
3.0994e-05
5.8293e-04
0.0000e+00
2.3127e-05
9.5367e-07
0.0000e+00
2.2173e-05
9.5367e-07
0.0000e+00
2.1935e-05
0.0000e+00
0.0000e+00
2.2173e-05
8.8215e-06
2.9206e-04
0.0000e+00
0.0000e+00
0.0000e+00
2.1935e-05
9.5367e-07
0.0000e+00
2.2173e-05
9.5367e-07
0.0000e+00
2.0981e-05
8.8215e-06
0.0000e+00
2.2888e-05
0.0000e+00
0.0000e+00
2.2173e-05
9.5367e-07
0.0000e+00
2.1935e-05
4.0531e-06
7.9608e-04
9.5367e-07
9.5367e-07
0.0000e+00
2.1935e-05
2.1386e-04
0.0000e+00
2.2173e-05
1.9073e-06
0.0000e+00
2.2173e-05
1.1086e-04
0.0000e+00
2.1935e-05
9.5367e-07
0.0000e+00
2.3127e-05
9.5367e-07
2.2006e-04
9.5367e-07
9.5367e-07
0.0000e+00
2.1935e-05
1.1921e-06
0.0000e+00
2.0981e-05
2.0790e-04
5.9605e-06
0.0000e+00
1.5974e-05
0.0000e+00
2.3127e-05
1.0014e-05
0.0000e+00
2.1935e-05
9.5367e-07
0.0000e+00
2.2173e-05
0.0000e+00
2.9111e-04
0.0000e+00
9.5367e-07
0.0000e+00
2.2888e-05
0.0000e+00
3.7003e-04
0.0000e+00
9.5367e-07
3.8147e-06
0.0000e+00
9.5367e-07
0.0000e+00
2.1935e-05
2.4509e-04
0.0000e+00
2.1935e-05
8.8215e-06
0.0000e+00
2.1219e-05
2.8610e-06
3.0613e-04
0.0000e+00
0.0000e+00
0.0000e+00
2.1935e-05
4.6968e-05
0.0000e+00
2.2173e-05
9.5367e-07
1.8787e-04
0.0000e+00
0.0000e+00
0.0000e+00
2.1935e-05
0.0000e+00
0.0000e+00
2.0981e-05
0.0000e+00
0.0000e+00
2.0027e-05
0.0000e+00
0.0000e+00
2.0981e-05
0.0000e+00
0.0000e+00
2.0981e-05
9.5367e-07
0.0000e+00
2.1935e-05
9.5367e-07
0.0000e+00
2.2173e-05
6.9141e-06
0.0000e+00
2.2888e-05
4.4894e-04
0.0000e+00
2.1935e-05
9.5367e-07
1.9073e-06
0.0000e+00
1.9073e-06
0.0000e+00
2.2173e-05
9.5367e-07
1.9813e-04
0.0000e+00
9.5367e-07
0.0000e+00
2.1935e-05
9.5367e-07
0.0000e+00
2.0981e-05
9.5367e-07
0.0000e+00
2.0981e-05
7.3195e-05
1.6999e-04
0.0000e+00
0.0000e+00
0.0000e+00
3.2187e-05
0.0000e+00
0.0000e+00
2.1935e-05
9.5367e-07
1.0920e-04
0.0000e+00
0.0000e+00
7.7009e-05
9.5367e-07
9.5367e-07
0.0000e+00
2.3127e-05
9.5367e-07
0.0000e+00
2.1935e-05
9.0122e-05
0.0000e+00
2.1935e-05
3.0994e-06
0.0000e+00
2.1935e-05
1.6212e-04
0.0000e+00
2.0981e-05
1.1921e-06
0.0000e+00
2.2888e-05
9.5367e-07
0.0000e+00
2.2173e-05
9.8944e-05
1.9073e-06
1.1921e-06
2.0981e-05
0.0000e+00
2.1935e-05
8.7023e-05
0.0000e+00
2.1935e-05
1.2875e-05
0.0000e+00
2.1935e-05
9.3937e-05
4.1008e-05
9.5367e-07
9.5367e-07
0.0000e+00
2.2173e-05
9.5367e-07
0.0000e+00
3.0041e-05
9.5367e-07
0.0000e+00
2.2173e-05
9.5367e-07
0.0000e+00
2.1935e-05
3.0994e-06
0.0000e+00
2.1935e-05
0.0000e+00
0.0000e+00
2.1935e-05
9.5367e-07
0.0000e+00
2.0981e-05
0.0000e+00
0.0000e+00
2.1935e-05
3.5906e-04
0.0000e+00
2.1935e-05
9.5367e-07
0.0000e+00
2.2888e-05
9.5367e-07
1.2112e-04
0.0000e+00
9.5367e-07
0.0000e+00
2.3127e-05
0.0000e+00
1.3089e-04
9.5367e-07
1.1921e-06
6.4850e-05
0.0000e+00
0.0000e+00
0.0000e+00
2.2173e-05
0.0000e+00
0.0000e+00
2.1935e-05
9.5367e-07
0.0000e+00
2.0981e-05
1.1182e-04
8.1062e-06
0.0000e+00
1.5020e-05
0.0000e+00
3.0994e-05
1.1921e-06
0.0000e+00
2.2888e-05
3.5048e-05
0.0000e+00
2.2173e-05
1.1921e-06
0.0000e+00
2.0981e-05
9.5367e-07
1.5402e-04
9.5367e-07
1.1921e-06
0.0000e+00
2.1935e-05
0.0000e+00
0.0000e+00
2.0981e-05
0.0000e+00
1.9073e-06
0.0000e+00
3.0994e-06
0.0000e+00
2.1935e-05
9.5367e-07
0.0000e+00
3.0041e-05
2.1458e-06
0.0000e+00
2.1935e-05
9.5367e-07
0.0000e+00
2.2173e-05
9.5367e-07
0.0000e+00
2.0981e-05
0.0000e+00
0.0000e+00
2.2173e-05
9.5367e-07
0.0000e+00
2.1935e-05
5.1999e-04
0.0000e+00
2.1935e-05
1.9073e-06
2.9087e-05
0.0000e+00
0.0000e+00
0.0000e+00
3.0041e-05
9.5367e-07
0.0000e+00
2.1935e-05
1.3208e-04
0.0000e+00
2.1935e-05
2.1458e-06
0.0000e+00
2.1935e-05
9.5367e-07
0.0000e+00
2.4080e-05
9.5367e-07
0.0000e+00
2.1935e-05
1.1921e-06
0.0000e+00
2.0981e-05
0.0000e+00
1.4114e-04
0.0000e+00
0.0000e+00
0.0000e+00
3.0994e-05
9.5367e-07
0.0000e+00
2.1935e-05
9.5367e-07
0.0000e+00
2.1935e-05
9.5367e-07
0.0000e+00
2.2173e-05
9.5367e-07
4.4489e-04
0.0000e+00
0.0000e+00
6.6996e-05
0.0000e+00
0.0000e+00
0.0000e+00
2.3127e-05
9.5367e-07
0.0000e+00
2.1935e-05
9.5367e-07
1.7214e-04
9.5367e-07
9.5367e-07
0.0000e+00
3.0994e-05
9.5367e-07
1.0300e-04
0.0000e+00
9.5367e-07
0.0000e+00
2.3127e-05
9.5367e-07
0.0000e+00
2.1935e-05
9.5367e-07
2.1458e-06
9.5367e-07
2.8610e-06
2.7084e-04
0.0000e+00
0.0000e+00
2.1935e-05
0.0000e+00
0.0000e+00
8.2016e-05
0.0000e+00
1.1921e-06
0.0000e+00
2.2888e-05
0.0000e+00
9.1791e-05
0.0000e+00
0.0000e+00
0.0000e+00
2.1935e-05
9.5367e-07
0.0000e+00
2.9802e-05
1.1921e-06
0.0000e+00
2.0981e-05
0.0000e+00
0.0000e+00
2.0981e-05
0.0000e+00
0.0000e+00
2.5034e-05
9.5367e-07
0.0000e+00
2.1935e-05
0.0000e+00
0.0000e+00
2.2173e-05
3.1304e-04
1.0204e-04
9.5367e-07
9.5367e-07
0.0000e+00
2.2888e-05
1.1921e-06
0.0000e+00
3.0994e-05
9.5367e-07
0.0000e+00
2.2173e-05
7.8917e-05
0.0000e+00
2.1935e-05
1.0014e-05
0.0000e+00
2.0981e-05
2.6941e-05
0.0000e+00
2.1935e-05
1.1921e-06
0.0000e+00
2.0981e-05
9.5367e-07
0.0000e+00
2.2173e-05
9.5367e-07
0.0000e+00
2.0981e-05
1.1921e-06
0.0000e+00
2.2888e-05
0.0000e+00
0.0000e+00
2.1935e-05
2.6298e-04
0.0000e+00
2.1935e-05
1.1921e-06
0.0000e+00
2.1935e-05
9.5367e-07
1.8501e-04
0.0000e+00
0.0000e+00
0.0000e+00
2.1935e-05
0.0000e+00
0.0000e+00
2.0981e-05
8.5115e-05
0.0000e+00
2.1935e-05
9.5367e-07
0.0000e+00
2.3127e-05
9.5367e-07
0.0000e+00
2.1935e-05
1.1921e-06
1.3280e-04
0.0000e+00
0.0000e+00
0.0000e+00
2.1935e-05
9.5367e-07
0.0000e+00
2.0981e-05
9.5367e-07
0.0000e+00
2.0981e-05
9.5367e-07
0.0000e+00
2.0981e-05
1.4901e-04
2.0027e-05
9.5367e-07
1.9073e-06
0.0000e+00
3.0994e-05
1.4710e-04
0.0000e+00
2.1935e-05
0.0000e+00
0.0000e+00
2.1935e-05
0.0000e+00
0.0000e+00
2.1219e-05
9.5367e-07
0.0000e+00
2.1935e-05
1.0014e-05
0.0000e+00
2.2173e-05
2.8610e-06
0.0000e+00
2.0981e-05
2.8610e-06
0.0000e+00
2.0981e-05
1.7810e-04
1.4710e-04
9.5367e-07
9.5367e-07
0.0000e+00
2.3127e-05
9.5367e-07
0.0000e+00
2.1935e-05
1.1921e-06
1.9073e-06
0.0000e+00
9.5367e-07
0.0000e+00
2.2173e-05
1.3208e-04
0.0000e+00
2.1935e-05
8.1062e-06
0.0000e+00
2.1935e-05
9.5367e-07
0.0000e+00
2.0981e-05
1.3185e-04
0.0000e+00
2.1935e-05
1.1921e-06
8.9884e-05
9.5367e-07
0.0000e+00
0.0000e+00
2.2888e-05
9.5367e-07
0.0000e+00
2.1935e-05
1.2088e-04
2.1458e-06
0.0000e+00
9.5367e-07
0.0000e+00
2.1935e-05
2.1458e-06
1.1802e-04
0.0000e+00
9.5367e-07
0.0000e+00
2.1935e-05
9.5367e-07
0.0000e+00
2.1935e-05
9.5367e-07
0.0000e+00
2.0981e-05
1.3399e-04
0.0000e+00
2.3127e-05
9.5367e-07
0.0000e+00
2.1935e-05
5.1022e-05
0.0000e+00
2.2173e-05
9.5367e-07
1.9073e-06
0.0000e+00
9.5367e-07
2.5034e-05
0.0000e+00
0.0000e+00
0.0000e+00
2.1935e-05
1.1921e-06
0.0000e+00
2.0981e-05
9.5367e-07
1.1921e-06
9.5367e-07
1.9073e-06
0.0000e+00
2.2173e-05
1.0014e-05
0.0000e+00
3.0041e-05
9.5367e-07
5.0998e-04
0.0000e+00
1.1921e-06
0.0000e+00
2.2888e-05
9.5367e-07
7.4148e-05
0.0000e+00
0.0000e+00
0.0000e+00
2.3127e-05
1.1921e-06
0.0000e+00
2.1935e-05
3.5048e-05
1.3399e-04
0.0000e+00
9.5367e-07
1.1516e-04
0.0000e+00
9.5367e-07
0.0000e+00
2.1935e-05
9.5367e-07
0.0000e+00
2.1935e-05
9.5367e-07
0.0000e+00
2.1935e-05
1.1921e-06
1.6189e-04
0.0000e+00
0.0000e+00
0.0000e+00
2.2173e-05
0.0000e+00
1.9073e-06
0.0000e+00
1.1921e-06
0.0000e+00
2.1935e-05
9.5367e-07
0.0000e+00
2.0981e-05
9.5367e-07
0.0000e+00
2.1935e-05
3.0994e-06
0.0000e+00
2.1935e-05
1.9073e-06
0.0000e+00
3.0041e-05
2.3699e-04
0.0000e+00
2.2888e-05
2.3127e-05
0.0000e+00
2.1935e-05
4.6015e-05
0.0000e+00
2.1935e-05
1.2803e-04
0.0000e+00
2.1935e-05
2.1458e-06
4.7922e-05
0.0000e+00
0.0000e+00
0.0000e+00
2.1935e-05
9.5367e-07
2.1458e-06
9.5367e-07
9.5367e-07
0.0000e+00
2.1935e-05
1.8597e-04
0.0000e+00
3.0994e-05
9.5367e-07
0.0000e+00
2.1219e-05
9.5367e-07
1.0300e-04
0.0000e+00
0.0000e+00
0.0000e+00
2.2173e-05
9.5367e-07
1.5593e-04
9.5367e-07
1.1921e-06
5.0068e-06
0.0000e+00
0.0000e+00
0.0000e+00
2.2888e-05
1.1921e-06
0.0000e+00
2.1935e-05
0.0000e+00
0.0000e+00
2.0981e-05
0.0000e+00
0.0000e+00
2.9802e-05
9.5367e-07
1.5903e-04
0.0000e+00
0.0000e+00
2.1458e-06
0.0000e+00
5.0068e-06
0.0000e+00
2.2888e-05
1.3113e-05
0.0000e+00
2.1935e-05
1.1921e-06
2.0599e-04
0.0000e+00
0.0000e+00
9.2983e-05
1.1921e-06
9.5367e-07
0.0000e+00
2.1935e-05
0.0000e+00
0.0000e+00
2.2173e-05
1.2684e-04
0.0000e+00
2.3127e-05
9.5367e-07
6.5088e-05
0.0000e+00
9.5367e-07
0.0000e+00
2.4080e-05
9.5367e-07
0.0000e+00
2.0981e-05
1.3304e-04
0.0000e+00
2.2173e-05
0.0000e+00
0.0000e+00
2.1935e-05
7.2002e-05
9.5367e-07
0.0000e+00
9.5367e-07
0.0000e+00
2.1935e-05
9.5367e-07
0.0000e+00
2.2173e-05
1.0014e-05
2.1458e-06
9.5367e-07
1.9073e-06
0.0000e+00
3.0994e-05
2.0981e-04
0.0000e+00
2.2173e-05
7.1049e-05
0.0000e+00
2.1935e-05
2.1458e-06
0.0000e+00
2.1935e-05
1.9073e-06
0.0000e+00
2.2173e-05
1.1182e-04
0.0000e+00
2.2173e-05
1.9073e-06
0.0000e+00
2.4080e-05
9.5367e-07
1.0204e-04
0.0000e+00
9.5367e-07
1.4806e-04
0.0000e+00
9.5367e-07
0.0000e+00
2.2888e-05
0.0000e+00
0.0000e+00
2.0981e-05
9.5367e-07
0.0000e+00
2.2173e-05
1.1921e-06
1.9073e-06
0.0000e+00
2.1458e-06
0.0000e+00
2.1935e-05
0.0000e+00
2.9206e-04
9.5367e-07
1.1921e-06
0.0000e+00
2.1935e-05
0.0000e+00
0.0000e+00
2.0981e-05
9.5367e-07
0.0000e+00
3.0994e-05
9.5367e-07
2.0027e-05
9.5367e-07
9.5367e-07
0.0000e+00
2.3127e-05
9.5367e-07
0.0000e+00
2.1935e-05
9.5367e-07
2.5201e-04
9.5367e-07
1.1921e-06
0.0000e+00
2.2888e-05
0.0000e+00
2.1458e-06
0.0000e+00
9.5367e-07
0.0000e+00
2.1935e-05
9.5367e-07
9.5367e-07
0.0000e+00
9.5367e-07
0.0000e+00
2.1935e-05
1.6093e-04
0.0000e+00
2.4080e-05
1.3089e-04
0.0000e+00
2.2173e-05
6.1035e-05
9.5367e-07
0.0000e+00
2.2173e-05
0.0000e+00
2.1935e-05
9.5367e-07
0.0000e+00
2.2173e-05
0.0000e+00
0.0000e+00
2.1935e-05
0.0000e+00
0.0000e+00
2.0981e-05
9.5367e-07
0.0000e+00
2.1935e-05
1.1921e-06
0.0000e+00
2.9802e-05
2.5988e-04
0.0000e+00
2.3127e-05
5.0068e-06
0.0000e+00
2.0981e-05
9.5367e-07
0.0000e+00
2.2173e-05
9.7036e-05
0.0000e+00
2.1935e-05
9.5367e-07
0.0000e+00
2.2173e-05
1.6093e-04
0.0000e+00
2.1935e-05
1.1921e-06
0.0000e+00
2.1935e-05
1.1921e-06
6.6042e-05
0.0000e+00
9.5367e-07
0.0000e+00
2.3127e-05
0.0000e+00
0.0000e+00
2.0981e-05
0.0000e+00
0.0000e+00
2.1935e-05
2.8610e-06
0.0000e+00
2.1935e-05
2.2507e-04
0.0000e+00
2.1935e-05
0.0000e+00
0.0000e+00
2.0981e-05
9.5367e-07
0.0000e+00
2.1935e-05
1.4687e-04
0.0000e+00
2.2173e-05
9.5367e-07
5.0068e-06
0.0000e+00
1.8120e-05
9.5367e-07
0.0000e+00
2.7895e-05
9.5367e-07
0.0000e+00
2.1935e-05
0.0000e+00
2.2888e-05
9.5367e-07
0.0000e+00
2.2173e-05
9.5367e-07
0.0000e+00
2.0981e-05
1.1921e-06
0.0000e+00
2.1935e-05
9.5367e-07
0.0000e+00
2.1935e-05
3.3498e-04
6.9141e-06
0.0000e+00
1.3828e-05
0.0000e+00
2.3127e-05
6.9141e-06
0.0000e+00
2.1935e-05
1.9073e-06
0.0000e+00
2.3842e-05
9.5367e-07
0.0000e+00
2.0981e-05
9.5367e-07
0.0000e+00
2.0981e-05
2.0099e-04
0.0000e+00
2.1219e-05
9.5367e-07
0.0000e+00
2.1935e-05
9.5367e-07
0.0000e+00
2.1935e-05
9.5367e-07
0.0000e+00
2.1935e-05
9.5367e-07
0.0000e+00
2.0981e-05
9.5367e-07
0.0000e+00
2.1935e-05
9.5367e-07
3.3903e-04
0.0000e+00
0.0000e+00
1.9073e-06
0.0000e+00
2.8610e-06
0.0000e+00
2.2888e-05
9.5367e-07
0.0000e+00
2.2173e-05
2.0981e-05
1.9073e-06
1.1921e-06
2.0981e-05
0.0000e+00
2.9087e-05
9.5367e-07
0.0000e+00
2.1935e-05
9.5367e-07
0.0000e+00
2.1935e-05
2.9397e-04
0.0000e+00
2.0981e-05
4.0531e-06
0.0000e+00
2.1935e-05
3.0994e-06
0.0000e+00
2.0981e-05
9.5367e-07
0.0000e+00
2.0981e-05
1.1921e-06
0.0000e+00
2.0981e-05
9.5367e-07
0.0000e+00
2.2888e-05
0.0000e+00
0.0000e+00
2.0981e-05
9.5367e-07
0.0000e+00
2.0981e-05
2.5916e-04
0.0000e+00
2.1935e-05
8.1062e-06
0.0000e+00
2.1935e-05
1.9073e-06
0.0000e+00
2.0981e-05
9.5367e-07
0.0000e+00
2.0981e-05
3.0994e-06
0.0000e+00
2.9087e-05
9.5367e-07
0.0000e+00
2.5034e-05
9.5367e-07
0.0000e+00
2.2173e-05
1.7190e-04
0.0000e+00
2.1219e-05
1.9073e-06
2.3794e-04
0.0000e+00
0.0000e+00
0.0000e+00
2.1935e-05
9.5367e-07
0.0000e+00
2.1935e-05
4.4823e-05
0.0000e+00
2.2173e-05
9.5367e-07
0.0000e+00
2.9087e-05
9.5367e-07
9.5367e-07
0.0000e+00
1.1921e-05
0.0000e+00
2.2173e-05
9.5367e-07
0.0000e+00
2.0981e-05
0.0000e+00
0.0000e+00
2.0981e-05
6.9141e-06
2.1458e-06
9.5367e-07
9.5367e-07
0.0000e+00
2.0981e-05
3.0589e-04
0.0000e+00
2.2173e-05
1.9073e-06
0.0000e+00
2.0981e-05
6.0081e-05
0.0000e+00
3.0994e-05
9.5367e-07
0.0000e+00
2.1935e-05
9.5367e-07
0.0000e+00
2.0981e-05
1.1921e-06
0.0000e+00
2.1935e-05
1.5807e-04
0.0000e+00
2.0981e-05
9.5367e-07
0.0000e+00
2.2173e-05
9.5367e-07
0.0000e+00
2.0981e-05
0.0000e+00
0.0000e+00
2.7895e-05
1.9503e-04
6.7949e-05
0.0000e+00
0.0000e+00
0.0000e+00
2.2888e-05
0.0000e+00
0.0000e+00
2.1935e-05
9.5367e-07
0.0000e+00
2.0981e-05
4.7684e-06
0.0000e+00
2.1935e-05
1.2493e-04
0.0000e+00
2.1935e-05
1.9073e-06
0.0000e+00
2.2173e-05
3.8147e-06
2.7514e-04
9.5367e-07
9.5367e-07
4.0531e-06
9.5367e-07
9.5367e-07
9.2030e-05
0.0000e+00
0.0000e+00
0.0000e+00
2.3127e-05
9.5367e-07
0.0000e+00
2.0981e-05
1.5020e-05
0.0000e+00
2.2173e-05
9.5367e-07
0.0000e+00
2.1935e-05
1.0705e-04
0.0000e+00
2.2173e-05
9.5367e-07
0.0000e+00
2.0981e-05
9.0122e-05
0.0000e+00
2.0981e-05
9.5367e-07
0.0000e+00
2.3127e-05
9.5367e-07
1.6689e-04
0.0000e+00
0.0000e+00
0.0000e+00
2.1935e-05
9.5367e-07
0.0000e+00
2.1935e-05
9.5367e-07
0.0000e+00
2.0981e-05
1.1921e-06
0.0000e+00
2.0981e-05
1.3089e-04
0.0000e+00
2.2173e-05
9.9897e-05
0.0000e+00
2.0981e-05
9.5367e-07
1.9073e-06
1.1921e-06
1.2875e-05
0.0000e+00
2.3127e-05
9.5367e-07
1.9073e-06
0.0000e+00
2.5988e-05
0.0000e+00
2.1935e-05
3.0994e-06
0.0000e+00
2.0981e-05
1.9073e-06
0.0000e+00
2.1219e-05
1.9073e-06
0.0000e+00
2.1935e-05
2.6202e-04
0.0000e+00
2.3127e-05
9.5367e-07
0.0000e+00
3.0041e-05
9.5367e-07
0.0000e+00
2.3127e-05
7.3910e-05
0.0000e+00
2.2173e-05
1.9073e-06
0.0000e+00
2.1935e-05
1.0967e-05
0.0000e+00
2.1935e-05
9.5367e-07
0.0000e+00
2.0981e-05
9.5367e-07
0.0000e+00
2.0981e-05
9.5367e-07
3.1400e-04
0.0000e+00
0.0000e+00
9.5367e-07
0.0000e+00
0.0000e+00
0.0000e+00
3.0041e-05
9.5367e-07
0.0000e+00
2.1935e-05
9.5367e-07
0.0000e+00
2.2173e-05
9.5367e-07
2.2006e-04
9.5367e-07
9.5367e-07
0.0000e+00
2.3127e-05
0.0000e+00
0.0000e+00
2.0981e-05
0.0000e+00
0.0000e+00
2.2173e-05
9.5367e-07
0.0000e+00
2.0981e-05
0.0000e+00
0.0000e+00
3.6001e-05
1.1921e-06
0.0000e+00
2.1935e-05
1.9097e-04
0.0000e+00
2.1935e-05
1.9073e-06
0.0000e+00
2.1935e-05
2.7490e-04
0.0000e+00
2.1935e-05
3.0994e-06
0.0000e+00
2.0981e-05
1.1921e-06
0.0000e+00
2.0981e-05
9.5367e-07
0.0000e+00
2.0981e-05
1.1921e-06
0.0000e+00
2.2888e-05
7.6056e-05
0.0000e+00
2.1935e-05
1.1301e-04
9.5367e-07
0.0000e+00
3.3140e-05
0.0000e+00
2.1935e-05
9.5367e-07
0.0000e+00
2.0981e-05
9.5367e-07
0.0000e+00
2.1935e-05
1.3399e-04
0.0000e+00
2.1935e-05
9.5367e-07
0.0000e+00
2.0981e-05
1.9073e-06
1.8215e-04
0.0000e+00
9.5367e-07
0.0000e+00
2.3127e-05
0.0000e+00
0.0000e+00
2.1935e-05
8.7976e-05
0.0000e+00
2.1935e-05
9.0599e-06
2.1458e-06
9.5367e-07
2.1935e-05
0.0000e+00
2.1935e-05
1.4806e-04
2.1458e-06
9.5367e-07
2.0027e-05
5.0068e-05
0.0000e+00
9.5367e-07
1.9073e-06
0.0000e+00
9.5367e-07
0.0000e+00
2.2888e-05
9.5367e-07
0.0000e+00
3.0994e-05
9.5367e-07
2.2793e-04
0.0000e+00
1.1921e-06
1.9073e-06
0.0000e+00
9.5367e-07
0.0000e+00
2.3127e-05
9.5367e-07
1.4496e-04
0.0000e+00
9.5367e-07
0.0000e+00
2.2888e-05
1.1921e-06
0.0000e+00
2.1935e-05
9.5367e-07
0.0000e+00
2.0981e-05
0.0000e+00
5.8174e-05
0.0000e+00
0.0000e+00
0.0000e+00
2.2173e-05
0.0000e+00
0.0000e+00
2.3127e-05
9.5367e-07
0.0000e+00
2.1935e-05
2.7800e-04
0.0000e+00
2.2888e-05
9.5367e-07
2.1458e-06
0.0000e+00
2.0027e-05
0.0000e+00
2.1935e-05
1.7691e-04
0.0000e+00
2.2173e-05
0.0000e+00
0.0000e+00
2.0981e-05
0.0000e+00
0.0000e+00
2.0981e-05
7.0095e-05
0.0000e+00
2.3127e-05
9.5367e-07
4.5061e-05
0.0000e+00
9.5367e-07
1.4496e-04
0.0000e+00
0.0000e+00
0.0000e+00
2.2888e-05
9.5367e-07
0.0000e+00
2.0981e-05
9.5367e-07
0.0000e+00
2.1935e-05
0.0000e+00
0.0000e+00
2.0981e-05
0.0000e+00
0.0000e+00
2.4080e-05
1.8287e-04
0.0000e+00
3.0994e-05
2.5988e-05
0.0000e+00
2.2888e-05
0.0000e+00
0.0000e+00
2.1935e-05
1.0014e-05
0.0000e+00
2.1935e-05
2.1458e-06
0.0000e+00
2.1935e-05
9.5367e-07
0.0000e+00
2.1219e-05
9.5367e-07
3.5405e-04
9.5367e-07
9.5367e-07
0.0000e+00
2.2888e-05
1.1921e-06
0.0000e+00
2.8849e-05
1.1921e-06
0.0000e+00
2.2888e-05
9.5367e-07
0.0000e+00
2.2173e-05
9.5367e-07
0.0000e+00
2.0981e-05
1.0705e-04
1.1921e-06
0.0000e+00
2.0981e-05
0.0000e+00
2.2888e-05
0.0000e+00
0.0000e+00
2.1935e-05
1.2398e-04
0.0000e+00
2.2173e-05
9.5367e-07
0.0000e+00
2.0981e-05
9.5367e-07
0.0000e+00
2.2173e-05
0.0000e+00
0.0000e+00
2.0981e-05
9.5367e-07
1.1921e-06
0.0000e+00
3.0994e-06
0.0000e+00
2.2888e-05
9.5367e-07
0.0000e+00
2.2173e-05
1.6189e-04
0.0000e+00
2.0981e-05
9.5367e-07
9.5367e-07
0.0000e+00
9.5367e-07
0.0000e+00
2.1935e-05
2.1458e-06
0.0000e+00
3.0994e-05
9.5367e-07
0.0000e+00
2.1935e-05
1.1921e-06
0.0000e+00
2.1935e-05
0.0000e+00
0.0000e+00
2.1935e-05
1.1921e-06
0.0000e+00
2.1935e-05
9.5367e-07
0.0000e+00
2.1935e-05
0.0000e+00
9.5367e-07
0.0000e+00
9.5367e-07
0.0000e+00
2.2173e-05
2.5702e-04
0.0000e+00
3.0041e-05
9.5367e-07
0.0000e+00
2.2173e-05
9.5367e-07
0.0000e+00
2.1935e-05
0.0000e+00
0.0000e+00
2.0981e-05
9.5367e-07
0.0000e+00
2.1935e-05
3.7885e-04
0.0000e+00
2.0981e-05
2.8610e-06
0.0000e+00
2.2173e-05
9.5367e-07
2.3985e-04
0.0000e+00
0.0000e+00
0.0000e+00
2.5034e-05
1.1921e-06
0.0000e+00
2.2888e-05
0.0000e+00
2.5606e-04
0.0000e+00
0.0000e+00
0.0000e+00
2.1935e-05
9.5367e-07
4.3154e-05
0.0000e+00
0.0000e+00
1.5974e-05
9.5367e-07
0.0000e+00
0.0000e+00
2.2173e-05
1.7095e-04
1.9073e-06
0.0000e+00
2.0981e-05
0.0000e+00
2.1935e-05
1.1921e-06
9.5844e-05
1.1921e-06
0.0000e+00
0.0000e+00
2.0981e-05
1.1921e-06
0.0000e+00
2.1935e-05
9.5367e-07
0.0000e+00
2.0981e-05
1.1921e-06
0.0000e+00
2.0981e-05
1.9073e-06
0.0000e+00
2.2173e-05
0.0000e+00
0.0000e+00
2.1935e-05
9.5367e-07
0.0000e+00
2.2173e-05
3.2783e-04
0.0000e+00
2.2173e-05
2.8610e-06
4.8161e-05
0.0000e+00
9.5367e-07
2.1458e-06
7.8678e-06
0.0000e+00
0.0000e+00
2.2888e-05
9.0122e-05
0.0000e+00
2.0981e-05
3.0994e-06
5.6028e-05
0.0000e+00
9.5367e-07
2.1458e-06
0.0000e+00
4.0531e-06
0.0000e+00
2.1935e-05
9.5367e-07
0.0000e+00
2.2173e-05
1.1921e-06
2.9802e-04
0.0000e+00
9.5367e-07
0.0000e+00
2.1935e-05
4.6015e-05
0.0000e+00
2.0981e-05
9.5367e-07
0.0000e+00
2.1935e-05
1.0395e-04
0.0000e+00
2.1935e-05
9.0599e-06
0.0000e+00
2.2173e-05
1.9073e-06
1.0967e-05
0.0000e+00
1.0014e-05
0.0000e+00
2.2888e-05
9.5367e-07
1.9908e-04
9.5367e-07
9.5367e-07
0.0000e+00
2.1935e-05
9.5367e-07
0.0000e+00
2.0981e-05
3.8862e-05
6.4135e-05
0.0000e+00
9.5367e-07
0.0000e+00
2.3127e-05
1.2493e-04
0.0000e+00
2.2173e-05
1.0014e-05
0.0000e+00
2.1935e-05
1.9073e-06
0.0000e+00
2.4080e-05
9.5367e-07
0.0000e+00
2.0981e-05
9.5367e-07
1.9073e-06
9.5367e-07
2.1458e-06
2.4986e-04
0.0000e+00
0.0000e+00
0.0000e+00
2.2888e-05
9.5367e-07
0.0000e+00
2.8849e-05
1.1921e-06
0.0000e+00
2.2888e-05
9.5367e-07
0.0000e+00
2.0981e-05
1.1921e-06
0.0000e+00
2.0981e-05
9.5367e-07
0.0000e+00
2.1219e-05
1.1921e-06
0.0000e+00
2.0981e-05
2.7204e-04
0.0000e+00
2.0981e-05
1.9073e-06
7.8201e-05
0.0000e+00
9.5367e-07
1.2302e-04
0.0000e+00
0.0000e+00
1.1921e-06
6.9141e-06
9.5367e-07
2.1458e-06
9.5367e-07
1.0014e-05
0.0000e+00
2.3127e-05
1.9073e-06
1.3614e-04
0.0000e+00
0.0000e+00
0.0000e+00
2.1935e-05
9.5367e-07
0.0000e+00
2.2173e-05
9.5367e-07
0.0000e+00
2.2173e-05
1.1921e-05
0.0000e+00
2.0981e-05
4.0531e-06
2.4414e-04
0.0000e+00
9.5367e-07
0.0000e+00
2.1935e-05
0.0000e+00
0.0000e+00
2.1935e-05
0.0000e+00
0.0000e+00
2.0981e-05
9.5367e-07
0.0000e+00
2.1935e-05
0.0000e+00
0.0000e+00
2.1219e-05
9.5367e-07
2.6703e-04
0.0000e+00
9.5367e-07
0.0000e+00
2.3127e-05
0.0000e+00
0.0000e+00
2.0981e-05
0.0000e+00
0.0000e+00
2.1219e-05
0.0000e+00
0.0000e+00
2.3127e-05
9.5367e-07
0.0000e+00
2.0981e-05
1.9217e-04
1.9073e-06
9.5367e-07
2.0981e-05
1.0610e-04
0.0000e+00
9.5367e-07
0.0000e+00
2.3127e-05
4.7922e-05
0.0000e+00
2.2173e-05
1.9073e-06
1.1611e-04
0.0000e+00
0.0000e+00
0.0000e+00
2.1935e-05
0.0000e+00
0.0000e+00
2.0981e-05
0.0000e+00
0.0000e+00
3.0041e-05
1.9073e-06
0.0000e+00
2.2173e-05
9.5367e-07
0.0000e+00
2.0981e-05
2.1458e-06
2.3007e-04
0.0000e+00
9.5367e-07
0.0000e+00
2.1935e-05
0.0000e+00
0.0000e+00
2.1935e-05
1.1110e-04
0.0000e+00
2.1935e-05
1.0967e-05
0.0000e+00
2.1935e-05
7.7963e-05
0.0000e+00
3.0041e-05
9.5367e-07
0.0000e+00
2.2888e-05
0.0000e+00
0.0000e+00
2.1935e-05
9.5367e-07
0.0000e+00
2.0981e-05
9.5367e-07
0.0000e+00
2.1935e-05
0.0000e+00
0.0000e+00
2.1219e-05
9.5367e-07
0.0000e+00
2.1935e-05
3.2210e-04
3.8147e-06
0.0000e+00
1.7881e-05
1.0490e-04
0.0000e+00
9.5367e-07
0.0000e+00
2.4080e-05
0.0000e+00
0.0000e+00
2.0981e-05
3.9101e-05
0.0000e+00
2.0981e-05
0.0000e+00
0.0000e+00
2.0981e-05
9.5367e-07
1.3828e-05
1.1921e-06
2.8610e-06
2.3007e-04
0.0000e+00
9.5367e-07
6.5088e-05
9.5367e-07
9.5367e-07
0.0000e+00
2.3127e-05
9.5367e-07
0.0000e+00
2.1935e-05
9.5367e-07
0.0000e+00
2.3127e-05
9.5367e-07
0.0000e+00
2.1935e-05
0.0000e+00
0.0000e+00
2.0981e-05
0.0000e+00
0.0000e+00
2.1935e-05
9.5367e-07
1.5306e-04
0.0000e+00
0.0000e+00
2.1458e-06
0.0000e+00
5.9605e-06
1.9073e-06
0.0000e+00
2.0981e-05
0.0000e+00
2.3127e-05
9.0599e-06
0.0000e+00
2.2173e-05
9.5367e-07
0.0000e+00
2.3127e-05
9.5367e-07
0.0000e+00
2.0981e-05
9.5367e-07
2.1458e-06
0.0000e+00
9.5367e-07
0.0000e+00
2.0981e-05
0.0000e+00
5.9605e-04
0.0000e+00
9.5367e-07
0.0000e+00
2.1935e-05
1.1921e-06
4.9829e-05
0.0000e+00
0.0000e+00
2.5988e-05
0.0000e+00
0.0000e+00
0.0000e+00
2.1935e-05
1.1921e-06
0.0000e+00
2.0981e-05
1.1921e-06
0.0000e+00
2.2888e-05
1.9288e-04
0.0000e+00
2.2173e-05
1.9073e-06
1.1110e-04
9.5367e-07
9.5367e-07
0.0000e+00
2.1219e-05
0.0000e+00
9.5367e-07
0.0000e+00
3.0994e-06
0.0000e+00
2.1935e-05
9.7752e-06
2.1505e-04
0.0000e+00
0.0000e+00
0.0000e+00
2.1935e-05
0.0000e+00
0.0000e+00
2.0981e-05
9.5367e-07
0.0000e+00
2.1935e-05
0.0000e+00
0.0000e+00
2.0981e-05
0.0000e+00
0.0000e+00
2.1935e-05
9.5367e-07
0.0000e+00
2.1935e-05
2.2006e-04
0.0000e+00
2.2173e-05
7.8678e-06
1.1516e-04
0.0000e+00
0.0000e+00
0.0000e+00
2.1935e-05
1.1921e-06
1.0180e-04
0.0000e+00
0.0000e+00
0.0000e+00
3.0994e-05
0.0000e+00
0.0000e+00
2.3127e-05
9.5367e-07
0.0000e+00
2.0981e-05
7.5102e-05
9.5367e-07
0.0000e+00
2.0027e-05
0.0000e+00
2.1935e-05
9.0599e-06
0.0000e+00
2.1935e-05
1.1921e-06
0.0000e+00
2.1935e-05
9.5367e-07
2.1458e-06
9.5367e-07
3.8147e-06
2.6703e-04
0.0000e+00
0.0000e+00
9.5367e-07
0.0000e+00
0.0000e+00
0.0000e+00
3.0041e-05
9.5367e-07
0.0000e+00
2.3127e-05
9.5367e-07
0.0000e+00
2.4080e-05
0.0000e+00
0.0000e+00
2.0981e-05
0.0000e+00
0.0000e+00
2.1935e-05
0.0000e+00
0.0000e+00
2.0981e-05
2.0218e-04
0.0000e+00
2.0981e-05
2.1458e-06
2.0003e-04
9.5367e-07
9.5367e-07
0.0000e+00
3.5048e-05
9.5367e-07
0.0000e+00
2.2173e-05
9.5367e-07
0.0000e+00
2.0981e-05
1.1921e-06
1.5593e-04
0.0000e+00
0.0000e+00
1.1921e-06
0.0000e+00
9.5367e-07
1.2493e-04
0.0000e+00
0.0000e+00
0.0000e+00
2.1935e-05
6.7949e-05
0.0000e+00
2.2173e-05
9.5367e-07
4.0531e-06
0.0000e+00
9.5367e-07
0.0000e+00
2.1935e-05
1.1921e-06
0.0000e+00
3.0041e-05
2.1195e-04
0.0000e+00
2.1935e-05
2.0981e-05
0.0000e+00
2.1935e-05
9.5367e-07
0.0000e+00
2.1935e-05
5.4121e-05
0.0000e+00
2.0981e-05
1.0014e-05
2.1458e-06
9.5367e-07
9.5367e-07
0.0000e+00
2.2173e-05
9.5367e-07
0.0000e+00
2.1935e-05
0.0000e+00
0.0000e+00
2.9802e-05
9.5367e-07
0.0000e+00
2.0981e-05
9.5367e-07
0.0000e+00
2.2173e-05
2.7084e-04
2.2173e-05
0.0000e+00
0.0000e+00
0.0000e+00
2.2173e-05
9.5367e-07
4.0531e-06
0.0000e+00
2.8610e-06
0.0000e+00
2.2888e-05
2.3913e-04
0.0000e+00
2.1935e-05
4.0531e-06
1.1396e-04
0.0000e+00
0.0000e+00
0.0000e+00
3.0994e-05
9.5367e-07
0.0000e+00
2.1935e-05
1.1921e-06
0.0000e+00
2.0981e-05
9.5367e-07
0.0000e+00
2.0981e-05
1.1921e-06
2.8610e-06
1.1921e-06
1.9073e-06
0.0000e+00
2.1935e-05
2.2197e-04
1.7881e-05
9.5367e-07
1.2159e-05
0.0000e+00
2.1935e-05
1.9073e-06
0.0000e+00
2.2173e-05
9.5367e-07
0.0000e+00
2.5034e-05
1.1921e-06
0.0000e+00
2.0981e-05
1.8001e-04
9.5367e-07
0.0000e+00
2.0981e-05
9.5367e-07
9.5367e-07
2.0027e-05
0.0000e+00
2.1935e-05
1.5092e-04
4.3154e-05
0.0000e+00
0.0000e+00
6.6042e-05
0.0000e+00
0.0000e+00
1.1921e-06
0.0000e+00
4.0531e-06
0.0000e+00
2.2888e-05
1.1921e-06
0.0000e+00
2.0981e-05
1.6308e-04
0.0000e+00
3.0994e-05
9.5367e-07
0.0000e+00
2.2173e-05
7.7963e-05
0.0000e+00
2.1935e-05
9.5367e-07
0.0000e+00
2.1935e-05
9.5367e-07
9.5367e-07
0.0000e+00
1.5974e-05
0.0000e+00
2.1935e-05
6.9141e-06
1.4400e-04
0.0000e+00
0.0000e+00
0.0000e+00
2.1935e-05
0.0000e+00
1.0705e-04
0.0000e+00
0.0000e+00
0.0000e+00
3.1948e-05
9.5367e-07
0.0000e+00
2.2173e-05
9.5367e-07
0.0000e+00
2.1935e-05
9.5367e-07
0.0000e+00
2.2173e-05
0.0000e+00
0.0000e+00
2.0981e-05
9.5367e-07
4.0531e-06
9.5367e-07
1.1921e-06
0.0000e+00
2.1935e-05
9.5367e-07
0.0000e+00
2.2173e-05
9.5367e-07
0.0000e+00
2.8849e-05
9.5367e-07
0.0000e+00
2.0981e-05
0.0000e+00
0.0000e+00
2.2173e-05
0.0000e+00
0.0000e+00
2.0981e-05
6.2013e-04
0.0000e+00
2.1935e-05
5.5075e-05
6.9141e-06
1.1921e-06
1.6928e-05
0.0000e+00
2.2888e-05
1.2159e-05
0.0000e+00
2.1935e-05
2.1458e-06
2.0599e-04
0.0000e+00
9.5367e-07
0.0000e+00
3.1948e-05
9.5367e-07
1.0300e-04
0.0000e+00
0.0000e+00
0.0000e+00
2.3127e-05
9.5367e-07
0.0000e+00
2.0981e-05
0.0000e+00
0.0000e+00
2.1935e-05
1.1921e-06
0.0000e+00
2.3842e-05
1.1921e-06
0.0000e+00
2.1935e-05
9.5367e-07
0.0000e+00
2.2173e-05
1.9073e-06
0.0000e+00
2.9087e-05
4.0531e-06
0.0000e+00
2.1935e-05
3.0994e-06
0.0000e+00
2.1935e-05
1.9073e-06
3.1686e-04
9.5367e-07
1.1921e-06
0.0000e+00
2.0981e-05
9.5367e-07
0.0000e+00
2.0981e-05
0.0000e+00
0.0000e+00
2.0981e-05
9.5367e-07
0.0000e+00
2.1935e-05
1.1921e-06
0.0000e+00
3.1948e-05
9.5367e-07
0.0000e+00
2.2173e-05
0.0000e+00
0.0000e+00
2.1935e-05
9.5367e-07
0.0000e+00
2.0981e-05
0.0000e+00
3.8409e-04
0.0000e+00
9.5367e-07
0.0000e+00
2.3127e-05
0.0000e+00
1.9073e-06
0.0000e+00
5.0068e-06
0.0000e+00
2.1935e-05
1.7190e-04
3.6001e-05
0.0000e+00
0.0000e+00
0.0000e+00
3.0994e-05
1.9073e-06
0.0000e+00
2.3127e-05
4.2915e-05
0.0000e+00
2.1935e-05
0.0000e+00
1.6689e-04
0.0000e+00
0.0000e+00
0.0000e+00
2.1935e-05
9.5367e-07
0.0000e+00
2.2173e-05
0.0000e+00
1.9073e-06
0.0000e+00
2.1458e-06
0.0000e+00
2.1935e-05
1.8907e-04
0.0000e+00
2.1935e-05
9.5367e-07
0.0000e+00
2.3127e-05
0.0000e+00
1.4400e-04
0.0000e+00
0.0000e+00
0.0000e+00
2.0981e-05
0.0000e+00
0.0000e+00
2.0981e-05
0.0000e+00
0.0000e+00
2.1935e-05
0.0000e+00
0.0000e+00
2.0981e-05
1.2159e-05
0.0000e+00
2.1935e-05
3.0994e-06
1.7786e-04
0.0000e+00
1.1921e-06
0.0000e+00
2.9802e-05
9.5367e-07
1.6785e-04
0.0000e+00
0.0000e+00
1.9073e-05
0.0000e+00
0.0000e+00
0.0000e+00
2.1935e-05
0.0000e+00
0.0000e+00
2.0981e-05
8.7023e-05
0.0000e+00
2.1935e-05
8.1062e-06
1.0705e-04
0.0000e+00
9.5367e-07
2.1458e-06
9.5367e-07
3.0994e-06
0.0000e+00
2.2888e-05
9.5367e-07
0.0000e+00
2.1935e-05
9.5367e-07
1.2612e-04
0.0000e+00
0.0000e+00
0.0000e+00
2.2888e-05
0.0000e+00
0.0000e+00
2.0981e-05
1.8597e-04
0.0000e+00
2.1935e-05
1.1921e-06
0.0000e+00
2.0981e-05
1.0967e-05
1.2016e-04
9.5367e-07
9.5367e-07
0.0000e+00
2.1935e-05
1.1921e-06
0.0000e+00
2.1935e-05
9.5367e-07
0.0000e+00
2.0981e-05
1.1921e-06
0.0000e+00
2.1935e-05
9.5367e-07
0.0000e+00
2.1935e-05
2.8610e-06
3.8195e-04
0.0000e+00
0.0000e+00
0.0000e+00
2.2173e-05
9.5367e-07
0.0000e+00
2.1935e-05
0.0000e+00
0.0000e+00
2.1935e-05
9.5367e-07
0.0000e+00
2.0981e-05
0.0000e+00
0.0000e+00
2.0981e-05
3.2306e-04
0.0000e+00
2.3127e-05
1.9073e-06
0.0000e+00
2.3127e-05
9.5367e-07
0.0000e+00
2.0981e-05
9.5367e-07
9.5367e-07
0.0000e+00
1.0014e-05
1.4710e-04
0.0000e+00
0.0000e+00
0.0000e+00
2.2173e-05
6.1035e-05
0.0000e+00
2.0981e-05
9.5367e-07
2.1458e-06
0.0000e+00
5.9605e-06
3.1114e-04
0.0000e+00
9.5367e-07
0.0000e+00
2.2888e-05
9.5367e-07
0.0000e+00
2.1935e-05
0.0000e+00
3.0994e-06
0.0000e+00
9.5367e-07
0.0000e+00
2.3127e-05
9.5367e-07
0.0000e+00
2.1935e-05
9.5367e-07
0.0000e+00
2.1935e-05
1.2207e-04
0.0000e+00
2.2173e-05
4.6015e-05
0.0000e+00
2.1935e-05
0.0000e+00
2.1458e-06
0.0000e+00
9.5367e-07
0.0000e+00
3.0041e-05
9.5367e-07
0.0000e+00
2.2173e-05
2.4390e-04
8.0109e-05
9.5367e-07
9.5367e-07
8.1062e-06
0.0000e+00
0.0000e+00
2.1458e-06
0.0000e+00
0.0000e+00
0.0000e+00
2.2888e-05
1.1921e-06
3.8147e-06
0.0000e+00
1.9073e-06
0.0000e+00
2.2173e-05
9.5367e-07
0.0000e+00
2.0981e-05
9.5367e-07
0.0000e+00
2.2173e-05
9.5367e-07
0.0000e+00
2.2888e-05
2.6584e-04
0.0000e+00
2.1219e-05
9.5367e-07
9.5367e-07
0.0000e+00
9.5367e-07
0.0000e+00
2.1935e-05
2.3103e-04
0.0000e+00
2.2173e-05
1.0014e-05
0.0000e+00
2.0981e-05
9.5367e-07
0.0000e+00
2.2173e-05
9.5367e-07
0.0000e+00
2.0981e-05
9.5367e-07
0.0000e+00
2.9802e-05
1.1921e-06
2.1887e-04
1.1921e-06
9.5367e-07
0.0000e+00
2.2888e-05
0.0000e+00
0.0000e+00
2.0981e-05
9.5367e-07
0.0000e+00
2.1935e-05
4.8161e-05
0.0000e+00
2.1935e-05
3.0994e-06
6.0797e-05
1.1921e-06
9.5367e-07
0.0000e+00
2.1935e-05
0.0000e+00
0.0000e+00
2.1219e-05
9.5367e-07
0.0000e+00
2.3127e-05
9.5367e-07
0.0000e+00
2.0981e-05
0.0000e+00
3.1996e-04
0.0000e+00
9.5367e-07
0.0000e+00
2.2173e-05
1.1921e-06
0.0000e+00
2.0981e-05
1.0204e-04
0.0000e+00
2.0981e-05
1.1921e-06
0.0000e+00
2.1935e-05
9.5367e-07
0.0000e+00
2.0981e-05
9.5367e-07
1.3208e-04
9.5367e-07
9.5367e-07
0.0000e+00
2.4080e-05
9.5367e-07
0.0000e+00
2.1935e-05
8.5115e-05
0.0000e+00
2.1935e-05
0.0000e+00
0.0000e+00
2.0981e-05
1.0967e-05
0.0000e+00
2.1935e-05
1.1921e-06
2.0599e-04
0.0000e+00
9.5367e-07
0.0000e+00
2.1935e-05
1.1921e-06
0.0000e+00
3.1948e-05
9.5367e-07
0.0000e+00
2.2173e-05
9.5367e-07
0.0000e+00
2.0981e-05
9.5367e-07
0.0000e+00
2.1935e-05
1.6904e-04
7.5102e-05
9.5367e-07
9.5367e-07
1.9073e-06
1.1921e-06
1.1921e-06
0.0000e+00
2.1935e-05
0.0000e+00
0.0000e+00
2.0981e-05
0.0000e+00
0.0000e+00
2.1935e-05
9.5367e-07
2.5511e-04
0.0000e+00
9.5367e-07
0.0000e+00
2.4080e-05
1.1921e-06
0.0000e+00
2.0981e-05
9.5367e-07
0.0000e+00
2.2173e-05
9.5367e-07
0.0000e+00
2.0981e-05
3.0994e-06
0.0000e+00
2.1935e-05
9.5367e-07
0.0000e+00
2.0981e-05
9.5367e-07
0.0000e+00
2.0981e-05
9.5367e-07
0.0000e+00
3.0041e-05
1.1921e-06
0.0000e+00
2.5034e-05
9.5367e-07
0.0000e+00
2.1935e-05
4.2796e-04
0.0000e+00
2.0981e-05
1.9073e-06
0.0000e+00
2.1935e-05
8.4877e-05
4.1962e-05
0.0000e+00
0.0000e+00
9.5367e-07
0.0000e+00
9.7752e-06
0.0000e+00
2.1935e-05
9.5367e-07
0.0000e+00
2.2173e-05
9.5367e-07
1.4687e-04
0.0000e+00
0.0000e+00
0.0000e+00
2.2888e-05
0.0000e+00
0.0000e+00
2.2173e-05
9.5367e-07
5.2929e-05
0.0000e+00
0.0000e+00
0.0000e+00
2.1935e-05
0.0000e+00
0.0000e+00
2.2173e-05
9.5367e-07
0.0000e+00
2.1935e-05
9.5367e-07
0.0000e+00
2.1219e-05
3.4094e-04
0.0000e+00
3.0041e-05
9.5367e-07
0.0000e+00
2.2173e-05
9.5367e-07
0.0000e+00
2.0981e-05
9.5367e-07
0.0000e+00
2.2173e-05
6.6042e-05
0.0000e+00
2.1935e-05
9.0599e-06
0.0000e+00
2.1935e-05
2.1458e-06
0.0000e+00
2.0981e-05
9.5367e-07
0.0000e+00
2.1935e-05
7.8917e-05
1.9073e-06
0.0000e+00
2.0981e-05
2.9492e-04
9.5367e-07
9.5367e-07
0.0000e+00
2.4080e-05
9.5367e-07
0.0000e+00
2.1935e-05
0.0000e+00
1.9073e-06
0.0000e+00
4.0531e-06
0.0000e+00
2.2173e-05
1.7881e-04
8.9884e-05
9.5367e-07
9.5367e-07
0.0000e+00
2.2173e-05
0.0000e+00
0.0000e+00
2.0981e-05
9.5367e-07
0.0000e+00
2.2173e-05
9.5367e-07
0.0000e+00
2.3127e-05
9.5367e-07
1.2493e-04
0.0000e+00
0.0000e+00
0.0000e+00
2.1935e-05
0.0000e+00
0.0000e+00
2.0981e-05
9.5367e-07
1.9073e-06
0.0000e+00
1.1921e-06
0.0000e+00
2.1935e-05
8.1062e-06
0.0000e+00
2.1935e-05
2.1458e-06
0.0000e+00
2.0981e-05
3.0994e-06
4.6086e-04
1.1921e-06
9.5367e-07
0.0000e+00
2.2888e-05
0.0000e+00
0.0000e+00
2.0981e-05
0.0000e+00
0.0000e+00
2.0981e-05
0.0000e+00
0.0000e+00
2.0981e-05
0.0000e+00
0.0000e+00
2.0981e-05
9.5367e-07
2.1100e-04
0.0000e+00
0.0000e+00
0.0000e+00
2.1935e-05
9.5367e-07
0.0000e+00
2.2173e-05
0.0000e+00
2.3127e-05
0.0000e+00
9.5367e-07
0.0000e+00
2.4080e-05
0.0000e+00
2.1458e-06
0.0000e+00
3.0994e-06
0.0000e+00
2.5034e-05
0.0000e+00
2.2292e-04
0.0000e+00
0.0000e+00
1.9073e-06
0.0000e+00
3.0994e-06
0.0000e+00
2.2173e-05
1.7190e-04
1.1921e-06
0.0000e+00
2.1935e-05
0.0000e+00
2.3127e-05
9.5367e-07
0.0000e+00
2.1935e-05
1.3533e-01
