2.4891e-03
1.2875e-05
5.6791e-03
3.0994e-06
2.8610e-06
0.0000e+00
3.9101e-05
1.9073e-06
4.4591e-03
9.5367e-07
9.5367e-07
0.0000e+00
2.6941e-05
1.9073e-06
0.0000e+00
2.1935e-05
9.5367e-07
0.0000e+00
2.2888e-05
2.1458e-06
0.0000e+00
2.0981e-05
9.5367e-07
0.0000e+00
2.0981e-05
9.5367e-07
7.7796e-04
1.1921e-06
1.9073e-06
1.9073e-06
9.5367e-07
9.5367e-07
0.0000e+00
2.5988e-05
1.9073e-06
1.4282e-02
0.0000e+00
1.9073e-06
0.0000e+00
2.3127e-05
9.5367e-07
0.0000e+00
2.1935e-05
9.5367e-07
2.6393e-04
0.0000e+00
1.9073e-06
9.7809e-03
1.1921e-06
9.5367e-07
0.0000e+00
2.1935e-05
1.9073e-06
0.0000e+00
2.1935e-05
2.1458e-06
0.0000e+00
3.0994e-05
1.9073e-06
0.0000e+00
2.2173e-05
1.9073e-06
1.8907e-04
0.0000e+00
9.5367e-07
0.0000e+00
2.1935e-05
1.9073e-06
3.7003e-04
9.5367e-07
1.9073e-06
0.0000e+00
2.2888e-05
9.5367e-07
9.0859e-03
0.0000e+00
9.5367e-07
0.0000e+00
2.2173e-05
1.9073e-06
0.0000e+00
2.0981e-05
1.1921e-06
0.0000e+00
2.1935e-05
1.9073e-06
3.3307e-04
9.5367e-07
1.9073e-06
0.0000e+00
2.2888e-05
2.1458e-06
0.0000e+00
2.0981e-05
2.1458e-06
0.0000e+00
2.0981e-05
9.5367e-07
0.0000e+00
2.2173e-05
1.9073e-06
0.0000e+00
2.0981e-05
2.1458e-06
5.7602e-04
0.0000e+00
2.1458e-06
0.0000e+00
2.2888e-05
1.9073e-06
0.0000e+00
3.0041e-05
3.0994e-06
0.0000e+00
2.1935e-05
1.9073e-06
0.0000e+00
2.0981e-05
3.0994e-06
0.0000e+00
2.0981e-05
2.1458e-06
2.5201e-04
0.0000e+00
1.9073e-06
7.6056e-05
0.0000e+00
2.1458e-06
0.0000e+00
2.5034e-05
9.5367e-07
8.6110e-03
0.0000e+00
9.5367e-07
0.0000e+00
2.3127e-05
9.5367e-07
0.0000e+00
3.0041e-05
9.5367e-07
0.0000e+00
2.1935e-05
9.5367e-07
0.0000e+00
2.0981e-05
9.5367e-07
0.0000e+00
2.1935e-05
2.1458e-06
2.1601e-04
9.5367e-07
9.5367e-07
0.0000e+00
2.2173e-05
1.9073e-06
0.0000e+00
2.0981e-05
1.1921e-06
0.0000e+00
2.0981e-05
1.9073e-06
0.0000e+00
2.9087e-05
2.1458e-06
0.0000e+00
2.2888e-05
1.9073e-06
0.0000e+00
2.1219e-05
9.5367e-07
0.0000e+00
2.1935e-05
2.1458e-06
0.0000e+00
2.0027e-05
1.9073e-06
0.0000e+00
2.0981e-05
9.5367e-07
0.0000e+00
2.0981e-05
9.5367e-07
0.0000e+00
2.0981e-05
9.5367e-07
0.0000e+00
2.3127e-05
1.9073e-06
0.0000e+00
2.0981e-05
9.5367e-07
0.0000e+00
2.0981e-05
9.5367e-07
0.0000e+00
2.1935e-05
1.9073e-06
4.9967e-02
0.0000e+00
2.1458e-06
0.0000e+00
2.1935e-05
1.1921e-06
0.0000e+00
2.1935e-05
1.9073e-06
0.0000e+00
2.0981e-05
1.9073e-06
8.6918e-03
0.0000e+00
1.9073e-06
6.5088e-05
0.0000e+00
9.5367e-07
0.0000e+00
2.2888e-05
9.5367e-07
0.0000e+00
2.0981e-05
9.5367e-07
0.0000e+00
2.0981e-05
1.1921e-06
0.0000e+00
2.0981e-05
2.1458e-06
0.0000e+00
2.1935e-05
1.9073e-06
0.0000e+00
2.0981e-05
1.1921e-06
0.0000e+00
2.0981e-05
1.9073e-06
0.0000e+00
2.2888e-05
9.5367e-07
0.0000e+00
2.0981e-05
9.5367e-07
5.9390e-04
0.0000e+00
2.1458e-06
0.0000e+00
2.2888e-05
2.1458e-06
0.0000e+00
2.0981e-05
1.9073e-06
9.8350e-03
1.1921e-06
9.5367e-07
0.0000e+00
2.3127e-05
1.9073e-06
0.0000e+00
2.0981e-05
2.1458e-06
0.0000e+00
2.8849e-05
1.9073e-06
0.0000e+00
2.0981e-05
1.1921e-06
0.0000e+00
2.0981e-05
9.5367e-07
0.0000e+00
2.1219e-05
9.5367e-07
0.0000e+00
2.1935e-05
2.1458e-06
0.0000e+00
2.1935e-05
1.9073e-06
0.0000e+00
2.0981e-05
9.5367e-07
7.7105e-04
0.0000e+00
2.1458e-06
0.0000e+00
3.0994e-05
1.9073e-06
0.0000e+00
2.2888e-05
2.1458e-06
2.1696e-04
0.0000e+00
1.1921e-06
0.0000e+00
2.1935e-05
9.5367e-07
0.0000e+00
2.0981e-05
9.5367e-07
0.0000e+00
2.0981e-05
1.1921e-06
0.0000e+00
2.0981e-05
9.5367e-07
0.0000e+00
2.1219e-05
9.5367e-07
0.0000e+00
2.8133e-05
1.9073e-06
0.0000e+00
2.3127e-05
1.9073e-06
0.0000e+00
2.1935e-05
1.1921e-06
0.0000e+00
2.0981e-05
1.9073e-06
0.0000e+00
2.2173e-05
1.9073e-06
0.0000e+00
2.0981e-05
2.1458e-06
0.0000e+00
2.0981e-05
1.9073e-06
0.0000e+00
2.1219e-05
1.9073e-06
0.0000e+00
2.8133e-05
9.5367e-07
0.0000e+00
2.3127e-05
1.9073e-06
0.0000e+00
2.0981e-05
1.1921e-06
0.0000e+00
2.0981e-05
9.5367e-07
0.0000e+00
2.0981e-05
2.1458e-06
0.0000e+00
2.3842e-05
1.9073e-06
0.0000e+00
2.0981e-05
9.5367e-07
3.7194e-02
0.0000e+00
1.9073e-06
0.0000e+00
3.1948e-05
9.5367e-07
0.0000e+00
2.3127e-05
1.9073e-06
0.0000e+00
2.1935e-05
9.5367e-07
0.0000e+00
2.0981e-05
9.5367e-07
0.0000e+00
2.0981e-05
9.5367e-07
0.0000e+00
2.0981e-05
1.9073e-06
0.0000e+00
2.2173e-05
9.5367e-07
0.0000e+00
2.0981e-05
1.9073e-06
0.0000e+00
2.2173e-05
9.5367e-07
0.0000e+00
2.2173e-05
9.5367e-07
1.0273e-02
0.0000e+00
9.5367e-07
0.0000e+00
2.2888e-05
9.5367e-07
0.0000e+00
2.0981e-05
9.5367e-07
0.0000e+00
2.0981e-05
9.5367e-07
9.3961e-03
0.0000e+00
1.1921e-06
5.0068e-06
9.5367e-07
1.9073e-06
0.0000e+00
2.1935e-05
9.5367e-07
0.0000e+00
2.1935e-05
9.5367e-07
0.0000e+00
2.2173e-05
1.9073e-06
0.0000e+00
2.0981e-05
9.5367e-07
0.0000e+00
2.1935e-05
9.5367e-07
0.0000e+00
2.0981e-05
9.5367e-07
0.0000e+00
2.0981e-05
1.1921e-06
0.0000e+00
2.0981e-05
1.9073e-06
0.0000e+00
2.6941e-05
9.5367e-07
1.9521e-02
0.0000e+00
2.1458e-06
0.0000e+00
2.2888e-05
2.1458e-06
2.2888e-05
0.0000e+00
9.5367e-07
0.0000e+00
2.2173e-05
9.5367e-07
0.0000e+00
2.0981e-05
1.1921e-06
0.0000e+00
2.0981e-05
1.9073e-06
0.0000e+00
2.1935e-05
9.5367e-07
9.8569e-03
0.0000e+00
2.1458e-06
0.0000e+00
2.2888e-05
1.9073e-06
0.0000e+00
2.3127e-05
9.5367e-07
0.0000e+00
2.0981e-05
1.1921e-06
0.0000e+00
2.0981e-05
9.5367e-07
0.0000e+00
2.1219e-05
9.5367e-07
0.0000e+00
2.0981e-05
2.1458e-06
0.0000e+00
2.1935e-05
9.5367e-07
0.0000e+00
2.0981e-05
9.5367e-07
1.9666e-02
9.5367e-07
1.9073e-06
0.0000e+00
2.3127e-05
9.5367e-07
0.0000e+00
2.2173e-05
1.9073e-06
0.0000e+00
2.1935e-05
2.1458e-06
0.0000e+00
2.0981e-05
1.9073e-06
0.0000e+00
2.0981e-05
2.1458e-06
3.0088e-04
1.1921e-06
1.9073e-06
0.0000e+00
2.1935e-05
9.5367e-07
0.0000e+00
2.0981e-05
1.9073e-06
0.0000e+00
2.2888e-05
2.1458e-06
9.6509e-03
0.0000e+00
2.1458e-06
0.0000e+00
2.1935e-05
2.1458e-06
0.0000e+00
2.0981e-05
9.5367e-07
0.0000e+00
2.2173e-05
1.9073e-06
3.0708e-04
9.5367e-07
1.9073e-06
0.0000e+00
2.2173e-05
1.9073e-06
0.0000e+00
2.0981e-05
9.5367e-07
0.0000e+00
3.0041e-05
9.5367e-07
0.0000e+00
2.1935e-05
2.1458e-06
0.0000e+00
2.1935e-05
9.5367e-07
0.0000e+00
2.0981e-05
1.9073e-06
0.0000e+00
2.1935e-05
2.1458e-06
3.3784e-04
0.0000e+00
1.9073e-06
5.9795e-04
0.0000e+00
9.5367e-07
0.0000e+00
2.3127e-05
9.5367e-07
0.0000e+00
2.1935e-05
2.1458e-06
0.0000e+00
2.1935e-05
9.5367e-07
0.0000e+00
2.1935e-05
2.1458e-06
2.8065e-02
0.0000e+00
2.1458e-06
0.0000e+00
2.1935e-05
1.9073e-06
0.0000e+00
2.2173e-05
9.5367e-07
1.5402e-04
0.0000e+00
1.9073e-06
0.0000e+00
2.1935e-05
1.9073e-06
0.0000e+00
2.1219e-05
2.8610e-06
9.8150e-03
0.0000e+00
1.9073e-06
6.6042e-05
6.9141e-06
1.1921e-06
0.0000e+00
2.2888e-05
9.5367e-07
0.0000e+00
2.0981e-05
1.9073e-06
0.0000e+00
2.0981e-05
1.9073e-06
0.0000e+00
2.0981e-05
2.1458e-06
0.0000e+00
2.0981e-05
9.5367e-07
0.0000e+00
2.0981e-05
1.1921e-06
5.1498e-04
9.5367e-07
1.1921e-06
0.0000e+00
2.1935e-05
2.1458e-06
2.9000e-02
0.0000e+00
2.1458e-06
0.0000e+00
2.2888e-05
2.1458e-06
0.0000e+00
2.1935e-05
9.5367e-07
0.0000e+00
2.0981e-05
9.5367e-07
0.0000e+00
2.0981e-05
2.1458e-06
1.5402e-04
0.0000e+00
9.5367e-07
0.0000e+00
2.1935e-05
1.9073e-06
0.0000e+00
2.2173e-05
1.9073e-06
0.0000e+00
3.0041e-05
1.9073e-06
7.7951e-03
0.0000e+00
1.1921e-06
0.0000e+00
2.2888e-05
2.1458e-06
0.0000e+00
2.0981e-05
9.5367e-07
0.0000e+00
2.2173e-05
9.5367e-07
0.0000e+00
2.0981e-05
9.5367e-07
0.0000e+00
2.1935e-05
2.1458e-06
0.0000e+00
2.1935e-05
1.9073e-06
0.0000e+00
3.0041e-05
9.5367e-07
0.0000e+00
2.2888e-05
2.1458e-06
0.0000e+00
2.1935e-05
2.1458e-06
0.0000e+00
2.1935e-05
9.5367e-07
8.7905e-04
0.0000e+00
1.9073e-06
0.0000e+00
2.1935e-05
2.1458e-06
0.0000e+00
2.0981e-05
2.1458e-06
0.0000e+00
2.1935e-05
1.9073e-06
0.0000e+00
2.0981e-05
1.9073e-06
0.0000e+00
2.1935e-05
1.9073e-06
1.9407e-04
9.5367e-07
9.5367e-07
0.0000e+00
2.3127e-05
1.9073e-06
0.0000e+00
2.0981e-05
2.1458e-06
0.0000e+00
2.1935e-05
9.5367e-07
0.0000e+00
2.1935e-05
9.5367e-07
2.6703e-04
9.5367e-07
2.1458e-06
0.0000e+00
2.1935e-05
1.1921e-06
0.0000e+00
3.0041e-05
9.5367e-07
0.0000e+00
2.1935e-05
9.5367e-07
0.0000e+00
2.0981e-05
9.5367e-07
0.0000e+00
2.0981e-05
9.5367e-07
0.0000e+00
2.0981e-05
2.1458e-06
0.0000e+00
2.0027e-05
9.5367e-07
0.0000e+00
2.0981e-05
9.5367e-07
0.0000e+00
2.0981e-05
9.5367e-07
5.9795e-04
7.8678e-06
2.1458e-06
0.0000e+00
2.3127e-05
9.5367e-07
0.0000e+00
2.0981e-05
1.1921e-06
9.6798e-05
1.1921e-06
1.9073e-06
1.1921e-04
9.5367e-07
1.9073e-06
0.0000e+00
2.3127e-05
9.5367e-07
0.0000e+00
2.0981e-05
9.5367e-07
0.0000e+00
2.0981e-05
1.9073e-06
0.0000e+00
2.0981e-05
1.9073e-06
0.0000e+00
2.9087e-05
1.9073e-06
0.0000e+00
2.2173e-05
9.5367e-07
0.0000e+00
2.1935e-05
9.5367e-07
0.0000e+00
2.0981e-05
1.9073e-06
0.0000e+00
2.0981e-05
9.5367e-07
0.0000e+00
2.0981e-05
2.1458e-06
0.0000e+00
2.1935e-05
1.9073e-06
0.0000e+00
2.2173e-05
1.9073e-06
7.1907e-04
0.0000e+00
9.5367e-07
0.0000e+00
2.4080e-05
9.5367e-07
0.0000e+00
2.0981e-05
1.1921e-06
9.7036e-05
0.0000e+00
9.5367e-07
0.0000e+00
2.2173e-05
1.9073e-06
0.0000e+00
2.0981e-05
1.1921e-06
0.0000e+00
2.1935e-05
9.5367e-07
9.4509e-04
9.5367e-07
9.5367e-07
0.0000e+00
2.1935e-05
1.9073e-06
0.0000e+00
2.2888e-05
9.5367e-07
0.0000e+00
2.1935e-05
1.1921e-06
0.0000e+00
2.0981e-05
1.9073e-06
0.0000e+00
2.1935e-05
9.5367e-07
0.0000e+00
2.0981e-05
1.9073e-06
2.3413e-04
0.0000e+00
9.5367e-07
0.0000e+00
2.2173e-05
9.5367e-07
0.0000e+00
2.1935e-05
2.1458e-06
1.1992e-04
0.0000e+00
2.1458e-06
0.0000e+00
2.2888e-05
9.5367e-07
0.0000e+00
2.1935e-05
9.5367e-07
3.0518e-04
9.5367e-07
1.9073e-06
0.0000e+00
2.1935e-05
1.9073e-06
0.0000e+00
2.0981e-05
9.5367e-07
0.0000e+00
2.0981e-05
9.5367e-07
9.5367e-07
0.0000e+00
9.5367e-07
0.0000e+00
2.2173e-05
9.5367e-07
0.0000e+00
2.9087e-05
1.9073e-06
0.0000e+00
2.2173e-05
9.5367e-07
0.0000e+00
2.0981e-05
2.1458e-06
0.0000e+00
2.1935e-05
9.5367e-07
0.0000e+00
2.1935e-05
9.5367e-07
0.0000e+00
2.4080e-05
2.1458e-06
2.3198e-04
9.5367e-07
1.9073e-06
0.0000e+00
2.2173e-05
9.5367e-07
0.0000e+00
3.0041e-05
2.1458e-06
0.0000e+00
2.1935e-05
9.5367e-07
0.0000e+00
2.0981e-05
2.1458e-06
0.0000e+00
2.1935e-05
1.9073e-06
5.0020e-04
9.5367e-07
1.9073e-06
0.0000e+00
2.0981e-05
9.5367e-07
0.0000e+00
2.1935e-05
2.1458e-06
1.4591e-04
0.0000e+00
2.1458e-06
0.0000e+00
2.1935e-05
9.5367e-07
6.6996e-05
0.0000e+00
9.5367e-07
0.0000e+00
2.3127e-05
9.5367e-07
9.5367e-07
0.0000e+00
9.5367e-07
0.0000e+00
2.1935e-05
9.5367e-07
0.0000e+00
2.0981e-05
9.5367e-07
3.5501e-04
9.5367e-07
1.9073e-06
0.0000e+00
2.0981e-05
2.1458e-06
1.0800e-04
0.0000e+00
1.9073e-06
0.0000e+00
2.1935e-05
9.5367e-07
0.0000e+00
2.8133e-05
9.5367e-07
0.0000e+00
2.1219e-05
9.5367e-07
0.0000e+00
2.0981e-05
1.1921e-06
1.6999e-04
0.0000e+00
1.9073e-06
0.0000e+00
2.3127e-05
9.5367e-07
5.5790e-05
0.0000e+00
9.5367e-07
0.0000e+00
2.0981e-05
1.1921e-06
0.0000e+00
2.0981e-05
9.5367e-07
0.0000e+00
2.0981e-05
9.5367e-07
0.0000e+00
3.0041e-05
1.9073e-06
0.0000e+00
2.2173e-05
9.5367e-07
0.0000e+00
2.0981e-05
1.1921e-06
3.8600e-04
0.0000e+00
9.5367e-07
0.0000e+00
2.2173e-05
9.5367e-07
1.9073e-06
1.1921e-06
1.9073e-06
1.7905e-04
0.0000e+00
1.9073e-06
0.0000e+00
2.1935e-05
9.5367e-07
0.0000e+00
2.0981e-05
9.5367e-07
0.0000e+00
3.0994e-05
3.0994e-06
0.0000e+00
2.1935e-05
1.9073e-06
0.0000e+00
2.2173e-05
2.1458e-06
2.5892e-04
0.0000e+00
9.5367e-07
0.0000e+00
2.1935e-05
2.1458e-06
0.0000e+00
2.0981e-05
1.9073e-06
0.0000e+00
2.0981e-05
1.1921e-06
0.0000e+00
2.1935e-05
9.5367e-07
0.0000e+00
3.0041e-05
9.5367e-07
0.0000e+00
2.1935e-05
9.5367e-07
0.0000e+00
2.0981e-05
9.5367e-07
0.0000e+00
2.0981e-05
1.9073e-06
0.0000e+00
2.1935e-05
2.1458e-06
0.0000e+00
2.0981e-05
9.5367e-07
0.0000e+00
2.0981e-05
1.1921e-06
2.4486e-04
1.1921e-06
9.5367e-07
0.0000e+00
3.0994e-05
3.0994e-06
0.0000e+00
2.1935e-05
9.5367e-07
0.0000e+00
2.0981e-05
9.5367e-07
0.0000e+00
2.0981e-05
9.5367e-07
0.0000e+00
2.1935e-05
2.1458e-06
0.0000e+00
2.0981e-05
1.9073e-06
0.0000e+00
2.2173e-05
9.5367e-07
0.0000e+00
2.0981e-05
1.9073e-06
0.0000e+00
3.0041e-05
2.1458e-06
0.0000e+00
2.1935e-05
1.9073e-06
0.0000e+00
2.2173e-05
9.5367e-07
0.0000e+00
2.1935e-05
1.1921e-06
0.0000e+00
2.0981e-05
9.5367e-07
0.0000e+00
2.0981e-05
9.5367e-07
0.0000e+00
2.0981e-05
9.5367e-07
0.0000e+00
2.0981e-05
1.9073e-06
0.0000e+00
2.3127e-05
9.5367e-07
0.0000e+00
2.2173e-05
1.9073e-06
0.0000e+00
2.0981e-05
1.1921e-06
0.0000e+00
2.0981e-05
9.5367e-07
0.0000e+00
2.0981e-05
9.5367e-07
0.0000e+00
2.0981e-05
9.5367e-07
6.9380e-04
0.0000e+00
1.9073e-06
6.8498e-04
0.0000e+00
9.5367e-07
0.0000e+00
3.0994e-05
2.1458e-06
0.0000e+00
2.1935e-05
9.5367e-07
0.0000e+00
2.1935e-05
1.1921e-06
2.5892e-04
0.0000e+00
9.5367e-07
3.0994e-06
9.5367e-07
1.9073e-06
0.0000e+00
2.0981e-05
1.9073e-06
0.0000e+00
2.0981e-05
2.1458e-06
0.0000e+00
2.1935e-05
1.9073e-06
0.0000e+00
2.0981e-05
1.9073e-06
0.0000e+00
2.1935e-05
1.9073e-06
4.3201e-04
0.0000e+00
1.9073e-06
0.0000e+00
2.3127e-05
9.5367e-07
0.0000e+00
2.1219e-05
9.5367e-07
0.0000e+00
2.0981e-05
1.1921e-06
9.5367e-07
0.0000e+00
1.1921e-06
0.0000e+00
2.1935e-05
9.5367e-07
2.4509e-04
0.0000e+00
9.5367e-07
0.0000e+00
2.1935e-05
2.1458e-06
0.0000e+00
3.1948e-05
1.9073e-06
0.0000e+00
2.2173e-05
1.9073e-06
0.0000e+00
2.0981e-05
2.1458e-06
0.0000e+00
2.0981e-05
9.5367e-07
0.0000e+00
2.0981e-05
1.1921e-06
0.0000e+00
2.0981e-05
9.5367e-07
0.0000e+00
2.1219e-05
9.5367e-07
0.0000e+00
2.0981e-05
2.1458e-06
0.0000e+00
2.1935e-05
1.1921e-06
0.0000e+00
2.0981e-05
9.5367e-07
0.0000e+00
2.0981e-05
9.5367e-07
0.0000e+00
2.0981e-05
9.5367e-07
0.0000e+00
2.0981e-05
1.9073e-06
0.0000e+00
2.1935e-05
2.1458e-06
6.2490e-04
1.1921e-06
1.9073e-06
0.0000e+00
2.3127e-05
2.1458e-06
0.0000e+00
2.2888e-05
2.1458e-06
0.0000e+00
2.1935e-05
9.5367e-07
9.7752e-06
1.1921e-06
1.9073e-06
0.0000e+00
2.1935e-05
1.1921e-06
3.7193e-04
9.5367e-07
2.1458e-06
0.0000e+00
2.1935e-05
2.1458e-06
0.0000e+00
2.0981e-05
1.9073e-06
1.2517e-04
9.5367e-07
1.9073e-06
0.0000e+00
2.2173e-05
2.1458e-06
0.0000e+00
2.1935e-05
9.5367e-07
0.0000e+00
2.0981e-05
9.5367e-07
0.0000e+00
2.0981e-05
2.1458e-06
1.8883e-04
1.1921e-06
1.9073e-06
0.0000e+00
2.1935e-05
2.1458e-06
1.6594e-04
0.0000e+00
1.9073e-06
0.0000e+00
2.1935e-05
1.1921e-06
0.0000e+00
2.1935e-05
1.9073e-06
0.0000e+00
2.6941e-05
1.9073e-06
0.0000e+00
2.1935e-05
9.5367e-07
2.1458e-06
0.0000e+00
1.9073e-06
0.0000e+00
2.2173e-05
1.1921e-06
0.0000e+00
2.1935e-05
2.1458e-06
0.0000e+00
2.0981e-05
9.5367e-07
0.0000e+00
2.1219e-05
9.5367e-07
0.0000e+00
2.1935e-05
2.1458e-06
0.0000e+00
2.7895e-05
9.5367e-07
0.0000e+00
2.1935e-05
1.1921e-06
0.0000e+00
2.0981e-05
1.9073e-06
0.0000e+00
2.1935e-05
2.1458e-06
0.0000e+00
2.1935e-05
9.5367e-07
5.6219e-04
0.0000e+00
1.9073e-06
0.0000e+00
2.1935e-05
1.9073e-06
0.0000e+00
2.1219e-05
1.9073e-06
0.0000e+00
2.1935e-05
9.5367e-07
0.0000e+00
2.3127e-05
1.9073e-06
1.8096e-04
0.0000e+00
1.9073e-06
0.0000e+00
2.3127e-05
9.5367e-07
0.0000e+00
2.0981e-05
1.1921e-06
2.1935e-05
0.0000e+00
9.5367e-07
2.1458e-06
0.0000e+00
9.5367e-07
4.3702e-04
1.1921e-06
1.9073e-06
0.0000e+00
2.1935e-05
2.1458e-06
0.0000e+00
2.0981e-05
9.5367e-07
0.0000e+00
3.0994e-05
1.9073e-06
0.0000e+00
2.1935e-05
9.5367e-07
1.9073e-06
0.0000e+00
9.5367e-07
0.0000e+00
2.1935e-05
2.1458e-06
0.0000e+00
2.0981e-05
1.9073e-06
0.0000e+00
2.2173e-05
1.9073e-06
0.0000e+00
2.0981e-05
9.5367e-07
3.7098e-04
9.5367e-07
1.9073e-06
0.0000e+00
2.2173e-05
2.1458e-06
2.2697e-04
0.0000e+00
1.1921e-06
0.0000e+00
2.2888e-05
1.1921e-06
5.2929e-05
9.5367e-07
1.1921e-06
0.0000e+00
2.2888e-05
2.1458e-06
0.0000e+00
2.0981e-05
9.5367e-07
0.0000e+00
2.1219e-05
1.9073e-06
0.0000e+00
2.0981e-05
1.1921e-06
0.0000e+00
2.0981e-05
1.9073e-06
0.0000e+00
2.2173e-05
2.1458e-06
0.0000e+00
2.2888e-05
2.1458e-06
0.0000e+00
2.1935e-05
9.5367e-07
0.0000e+00
2.0981e-05
1.9073e-06
0.0000e+00
2.5034e-05
9.5367e-07
0.0000e+00
2.2173e-05
9.5367e-07
3.9506e-04
9.5367e-07
2.1458e-06
0.0000e+00
2.1935e-05
3.0994e-06
0.0000e+00
2.0981e-05
9.5367e-07
0.0000e+00
2.1935e-05
9.5367e-07
0.0000e+00
2.0981e-05
1.9073e-06
2.3317e-04
0.0000e+00
1.9073e-06
0.0000e+00
2.2173e-05
1.9073e-06
0.0000e+00
2.0981e-05
9.5367e-07
0.0000e+00
2.1935e-05
1.9073e-06
9.2983e-05
0.0000e+00
1.9073e-06
0.0000e+00
2.3127e-05
1.9073e-06
1.5020e-05
9.5367e-07
1.9073e-06
0.0000e+00
2.3127e-05
1.9073e-06
1.2302e-04
0.0000e+00
2.1458e-06
0.0000e+00
2.1935e-05
9.5367e-07
0.0000e+00
2.1935e-05
1.9073e-06
0.0000e+00
2.1935e-05
2.1458e-06
0.0000e+00
2.0981e-05
9.5367e-07
0.0000e+00
2.1219e-05
9.5367e-07
0.0000e+00
2.0981e-05
2.1458e-06
0.0000e+00
2.1935e-05
2.1458e-06
0.0000e+00
2.0981e-05
9.5367e-07
5.3716e-04
0.0000e+00
1.9073e-06
1.0610e-04
0.0000e+00
1.1921e-06
0.0000e+00
2.2888e-05
2.1458e-06
0.0000e+00
2.1935e-05
1.9073e-06
0.0000e+00
2.1935e-05
2.1458e-06
0.0000e+00
2.1935e-05
1.9073e-06
2.5606e-04
0.0000e+00
2.1458e-06
0.0000e+00
3.0041e-05
1.9073e-06
2.1458e-06
9.5367e-07
1.9073e-06
1.5497e-04
9.5367e-07
2.1458e-06
0.0000e+00
2.2888e-05
2.1458e-06
9.3937e-05
9.5367e-07
2.1458e-06
0.0000e+00
2.0981e-05
9.5367e-07
1.3208e-04
0.0000e+00
1.1921e-06
0.0000e+00
2.1935e-05
9.5367e-07
0.0000e+00
2.1935e-05
1.9073e-06
0.0000e+00
2.0981e-05
1.9073e-06
0.0000e+00
2.2173e-05
1.9073e-06
0.0000e+00
2.1935e-05
2.1458e-06
0.0000e+00
2.1935e-05
2.1458e-06
0.0000e+00
2.1935e-05
1.9073e-06
0.0000e+00
2.0981e-05
2.1458e-06
2.9302e-04
0.0000e+00
2.1458e-06
0.0000e+00
2.1935e-05
9.5367e-07
0.0000e+00
2.0981e-05
1.9073e-06
0.0000e+00
2.2888e-05
1.1921e-06
0.0000e+00
2.0981e-05
1.9073e-06
0.0000e+00
2.0981e-05
1.1921e-06
0.0000e+00
2.0981e-05
1.9073e-06
0.0000e+00
2.1219e-05
1.9073e-06
0.0000e+00
2.0981e-05
2.1458e-06
4.5490e-04
0.0000e+00
1.9073e-06
0.0000e+00
2.1935e-05
1.9073e-06
0.0000e+00
2.2173e-05
9.5367e-07
0.0000e+00
2.2173e-05
1.9073e-06
0.0000e+00
2.1935e-05
1.1921e-06
0.0000e+00
2.0981e-05
9.5367e-07
0.0000e+00
2.0981e-05
9.5367e-07
0.0000e+00
2.0981e-05
9.5367e-07
0.0000e+00
2.0981e-05
9.5367e-07
0.0000e+00
2.0981e-05
1.9073e-06
4.1103e-04
0.0000e+00
9.5367e-07
0.0000e+00
2.7180e-05
2.8610e-06
6.6042e-05
0.0000e+00
9.5367e-07
0.0000e+00
2.1935e-05
9.5367e-07
0.0000e+00
2.1935e-05
1.9073e-06
0.0000e+00
2.1935e-05
9.5367e-07
0.0000e+00
2.0981e-05
9.5367e-07
0.0000e+00
1.9789e-05
1.9073e-06
0.0000e+00
3.0041e-05
9.5367e-07
0.0000e+00
2.1935e-05
1.9073e-06
0.0000e+00
2.1219e-05
9.5367e-07
0.0000e+00
2.0981e-05
1.1921e-06
0.0000e+00
2.0981e-05
9.5367e-07
0.0000e+00
2.2173e-05
9.5367e-07
0.0000e+00
2.0981e-05
2.1458e-06
0.0000e+00
2.1935e-05
2.1458e-06
0.0000e+00
2.2888e-05
2.1458e-06
0.0000e+00
2.0981e-05
2.8610e-06
0.0000e+00
2.0981e-05
9.5367e-07
7.9417e-04
9.5367e-07
2.1458e-06
0.0000e+00
2.2888e-05
2.1458e-06
0.0000e+00
2.0981e-05
9.5367e-07
0.0000e+00
2.2173e-05
9.5367e-07
0.0000e+00
2.0981e-05
9.5367e-07
1.4186e-04
0.0000e+00
2.1458e-06
0.0000e+00
2.2888e-05
2.1458e-06
0.0000e+00
2.1935e-05
9.5367e-07
0.0000e+00
2.0981e-05
2.1458e-06
1.2803e-04
9.5367e-07
1.9073e-06
0.0000e+00
2.2173e-05
9.5367e-07
0.0000e+00
2.0981e-05
1.9073e-06
0.0000e+00
2.1935e-05
2.1458e-06
0.0000e+00
2.3842e-05
9.5367e-07
0.0000e+00
2.1935e-05
9.5367e-07
0.0000e+00
2.2173e-05
1.9073e-06
0.0000e+00
2.1935e-05
2.1458e-06
0.0000e+00
2.1935e-05
9.5367e-07
0.0000e+00
2.0981e-05
1.1921e-06
0.0000e+00
2.0981e-05
9.5367e-07
6.6113e-04
0.0000e+00
9.5367e-07
0.0000e+00
2.1935e-05
2.1458e-06
0.0000e+00
2.1935e-05
1.1921e-06
0.0000e+00
2.0981e-05
9.5367e-07
0.0000e+00
2.0981e-05
9.5367e-07
0.0000e+00
2.5034e-05
1.9073e-06
0.0000e+00
2.0981e-05
2.1458e-06
2.7800e-04
0.0000e+00
9.5367e-07
0.0000e+00
2.1935e-05
1.9073e-06
3.1948e-05
0.0000e+00
9.5367e-07
8.4162e-05
9.5367e-07
2.1458e-06
0.0000e+00
2.3842e-05
2.1458e-06
0.0000e+00
2.1935e-05
9.5367e-07
0.0000e+00
2.1219e-05
9.5367e-07
2.2507e-04
9.5367e-07
1.9073e-06
0.0000e+00
2.0981e-05
9.5367e-07
0.0000e+00
2.0981e-05
2.1458e-06
0.0000e+00
2.0981e-05
9.5367e-07
0.0000e+00
2.1219e-05
1.9073e-06
2.4223e-04
0.0000e+00
9.5367e-07
0.0000e+00
2.3127e-05
2.8610e-06
1.0610e-04
9.5367e-07
2.1458e-06
0.0000e+00
2.0981e-05
9.5367e-07
5.2214e-05
0.0000e+00
9.5367e-07
1.4019e-04
0.0000e+00
9.5367e-07
0.0000e+00
2.2173e-05
1.9073e-06
0.0000e+00
2.0981e-05
1.1921e-06
0.0000e+00
2.0981e-05
1.9073e-06
0.0000e+00
2.9087e-05
9.5367e-07
0.0000e+00
2.1935e-05
9.5367e-07
0.0000e+00
2.0981e-05
9.5367e-07
2.3699e-04
0.0000e+00
2.1458e-06
0.0000e+00
2.1935e-05
2.1458e-06
0.0000e+00
2.1935e-05
1.9073e-06
0.0000e+00
2.2173e-05
1.9073e-06
0.0000e+00
2.1935e-05
2.1458e-06
0.0000e+00
2.7895e-05
2.1458e-06
0.0000e+00
2.1935e-05
1.1921e-06
0.0000e+00
2.1935e-05
9.5367e-07
4.4203e-04
9.5367e-07
2.1458e-06
1.9073e-06
0.0000e+00
1.1921e-06
1.3399e-04
0.0000e+00
9.5367e-07
0.0000e+00
2.1935e-05
9.5367e-07
0.0000e+00
2.0981e-05
9.5367e-07
0.0000e+00
2.0981e-05
2.1458e-06
0.0000e+00
2.0981e-05
1.1921e-06
0.0000e+00
2.1935e-05
9.5367e-07
0.0000e+00
2.2888e-05
9.5367e-07
0.0000e+00
2.1935e-05
1.9073e-06
2.5105e-04
9.5367e-07
1.1921e-06
0.0000e+00
2.1935e-05
2.1458e-06
1.9073e-06
0.0000e+00
9.5367e-07
0.0000e+00
2.0981e-05
9.5367e-07
0.0000e+00
2.0981e-05
1.1921e-06
0.0000e+00
2.8849e-05
1.9073e-06
0.0000e+00
2.1935e-05
9.5367e-07
0.0000e+00
2.0981e-05
9.5367e-07
4.0412e-04
0.0000e+00
2.1458e-06
0.0000e+00
2.1935e-05
9.5367e-07
0.0000e+00
2.0981e-05
2.1458e-06
0.0000e+00
2.4080e-05
9.5367e-07
0.0000e+00
2.0981e-05
1.1921e-06
0.0000e+00
2.7895e-05
2.1458e-06
2.1791e-04
9.5367e-07
9.5367e-07
0.0000e+00
2.2888e-05
2.1458e-06
0.0000e+00
2.1935e-05
9.5367e-07
0.0000e+00
2.0981e-05
9.5367e-07
0.0000e+00
2.0981e-05
2.1458e-06
0.0000e+00
2.1935e-05
1.9073e-06
3.8481e-04
0.0000e+00
1.9073e-06
0.0000e+00
2.0981e-05
3.0994e-06
0.0000e+00
3.0041e-05
1.9073e-06
0.0000e+00
2.1935e-05
9.5367e-07
0.0000e+00
2.1935e-05
2.1458e-06
0.0000e+00
2.4796e-05
1.9073e-06
0.0000e+00
2.1935e-05
2.1458e-06
0.0000e+00
2.0981e-05
9.5367e-07
0.0000e+00
2.1219e-05
9.5367e-07
0.0000e+00
2.0981e-05
9.5367e-07
0.0000e+00
2.2173e-05
1.9073e-06
0.0000e+00
2.1935e-05
9.5367e-07
0.0000e+00
2.1935e-05
2.1458e-06
0.0000e+00
2.1935e-05
1.9073e-06
0.0000e+00
2.1935e-05
9.5367e-07
0.0000e+00
2.1935e-05
2.1458e-06
0.0000e+00
2.0981e-05
1.9073e-06
6.3300e-04
0.0000e+00
1.9073e-06
0.0000e+00
2.4080e-05
1.9073e-06
0.0000e+00
2.0981e-05
9.5367e-07
0.0000e+00
2.0981e-05
2.1458e-06
0.0000e+00
2.0981e-05
1.9073e-06
0.0000e+00
2.2173e-05
9.5367e-07
0.0000e+00
2.0981e-05
9.5367e-07
0.0000e+00
2.1935e-05
2.1458e-06
3.1400e-04
0.0000e+00
9.5367e-07
0.0000e+00
2.2888e-05
1.9073e-06
0.0000e+00
2.0981e-05
9.5367e-07
0.0000e+00
2.0981e-05
9.5367e-07
1.5998e-04
0.0000e+00
1.9073e-06
0.0000e+00
2.3127e-05
2.1458e-06
0.0000e+00
2.0981e-05
9.5367e-07
9.5367e-07
0.0000e+00
9.5367e-07
0.0000e+00
2.0981e-05
9.5367e-07
2.2006e-04
0.0000e+00
1.1921e-06
0.0000e+00
3.0994e-05
1.9073e-06
0.0000e+00
2.0981e-05
1.9073e-06
0.0000e+00
2.0981e-05
2.1458e-06
0.0000e+00
2.0981e-05
1.9073e-06
2.0003e-04
0.0000e+00
2.1458e-06
0.0000e+00
2.1935e-05
9.5367e-07
0.0000e+00
2.0981e-05
9.5367e-07
0.0000e+00
2.0981e-05
2.1458e-06
0.0000e+00
2.8849e-05
9.5367e-07
0.0000e+00
2.1935e-05
9.5367e-07
0.0000e+00
2.0981e-05
9.5367e-07
0.0000e+00
2.0981e-05
1.1921e-06
5.7197e-04
9.5367e-07
2.1458e-06
9.5367e-07
0.0000e+00
9.5367e-07
0.0000e+00
2.2888e-05
2.1458e-06
0.0000e+00
2.1935e-05
9.5367e-07
0.0000e+00
2.0981e-05
1.9073e-06
0.0000e+00
2.1935e-05
1.9073e-06
0.0000e+00
2.2173e-05
1.9073e-06
0.0000e+00
2.1935e-05
9.5367e-07
0.0000e+00
2.0981e-05
9.5367e-07
3.4285e-04
0.0000e+00
1.9073e-06
0.0000e+00
2.1935e-05
3.0994e-06
0.0000e+00
2.1935e-05
2.1458e-06
0.0000e+00
2.0981e-05
2.1458e-06
9.2983e-05
0.0000e+00
2.1458e-06
0.0000e+00
2.1935e-05
2.1458e-06
0.0000e+00
2.2888e-05
2.1458e-06
0.0000e+00
2.1935e-05
1.9073e-06
0.0000e+00
2.1935e-05
9.5367e-07
0.0000e+00
2.0981e-05
2.1458e-06
3.1185e-04
0.0000e+00
1.9073e-06
0.0000e+00
2.1935e-05
1.1921e-06
0.0000e+00
3.0041e-05
1.9073e-06
0.0000e+00
2.0981e-05
1.9073e-06
0.0000e+00
2.0981e-05
9.5367e-07
0.0000e+00
2.1935e-05
1.9073e-06
0.0000e+00
2.0981e-05
9.5367e-07
0.0000e+00
2.0981e-05
9.5367e-07
0.0000e+00
2.0981e-05
9.5367e-07
0.0000e+00
2.2173e-05
1.9073e-06
0.0000e+00
2.2173e-05
1.9073e-06
3.8505e-04
0.0000e+00
1.1921e-06
0.0000e+00
2.2888e-05
2.1458e-06
0.0000e+00
2.1935e-05
9.5367e-07
0.0000e+00
2.0027e-05
1.9073e-06
0.0000e+00
2.0981e-05
9.5367e-07
2.4986e-04
0.0000e+00
1.9073e-06
0.0000e+00
2.1935e-05
1.1921e-06
5.8889e-05
0.0000e+00
9.5367e-07
0.0000e+00
3.0994e-05
3.0994e-06
0.0000e+00
2.1935e-05
9.5367e-07
0.0000e+00
2.0981e-05
1.9073e-06
0.0000e+00
2.0981e-05
1.1921e-06
0.0000e+00
2.0981e-05
9.5367e-07
0.0000e+00
2.1219e-05
1.9073e-06
3.0208e-04
9.5367e-07
2.1458e-06
0.0000e+00
2.1935e-05
3.0994e-06
0.0000e+00
2.9802e-05
9.5367e-07
6.3896e-05
0.0000e+00
1.9073e-06
0.0000e+00
2.1935e-05
9.5367e-07
1.3399e-04
0.0000e+00
2.1458e-06
0.0000e+00
2.1935e-05
1.9073e-06
0.0000e+00
2.1935e-05
2.1458e-06
0.0000e+00
2.0981e-05
1.9073e-06
0.0000e+00
2.0981e-05
9.5367e-07
0.0000e+00
2.1935e-05
1.9073e-06
1.1897e-04
0.0000e+00
1.9073e-06
0.0000e+00
2.3127e-05
9.5367e-07
2.6011e-04
0.0000e+00
9.5367e-07
1.5020e-05
0.0000e+00
2.1458e-06
0.0000e+00
2.1935e-05
1.1921e-06
0.0000e+00
2.0981e-05
9.5367e-07
0.0000e+00
2.0981e-05
9.5367e-07
0.0000e+00
2.0981e-05
2.1458e-06
1.9693e-04
9.5367e-07
2.1458e-06
0.0000e+00
3.0041e-05
1.9073e-06
0.0000e+00
2.1935e-05
9.5367e-07
0.0000e+00
2.0981e-05
9.5367e-07
0.0000e+00
2.0981e-05
1.9073e-06
0.0000e+00
2.0981e-05
9.5367e-07
0.0000e+00
2.1935e-05
9.5367e-07
0.0000e+00
2.0981e-05
9.5367e-07
3.2401e-04
0.0000e+00
1.9073e-06
9.5367e-07
0.0000e+00
1.9073e-06
2.1458e-06
9.5367e-07
2.1458e-06
0.0000e+00
2.2888e-05
1.1921e-06
0.0000e+00
2.0981e-05
9.5367e-07
3.0804e-04
0.0000e+00
1.9073e-06
2.7800e-04
0.0000e+00
2.1458e-06
0.0000e+00
2.1935e-05
2.1458e-06
0.0000e+00
2.1935e-05
4.0531e-06
0.0000e+00
2.0981e-05
1.9073e-06
0.0000e+00
2.0981e-05
9.5367e-07
2.0504e-04
0.0000e+00
2.1458e-06
0.0000e+00
2.3842e-05
2.1458e-06
0.0000e+00
2.0981e-05
9.5367e-07
0.0000e+00
2.0981e-05
9.5367e-07
0.0000e+00
2.0981e-05
9.5367e-07
0.0000e+00
2.0981e-05
1.9073e-06
0.0000e+00
2.2173e-05
1.9073e-06
0.0000e+00
2.1935e-05
2.1458e-06
0.0000e+00
3.0041e-05
9.5367e-07
3.3903e-04
0.0000e+00
1.1921e-06
0.0000e+00
2.1935e-05
9.5367e-07
5.7936e-05
9.5367e-07
1.9073e-06
0.0000e+00
2.1935e-05
1.9073e-06
7.2956e-05
0.0000e+00
9.5367e-07
0.0000e+00
2.1935e-05
1.9073e-06
0.0000e+00
2.0981e-05
9.5367e-07
0.0000e+00
2.0981e-05
1.9073e-06
0.0000e+00
2.9087e-05
1.9073e-06
0.0000e+00
2.0981e-05
9.5367e-07
0.0000e+00
2.0981e-05
5.0068e-06
4.0317e-04
0.0000e+00
1.9073e-06
5.6982e-05
0.0000e+00
1.9073e-06
0.0000e+00
2.2888e-05
2.1458e-06
0.0000e+00
2.0981e-05
9.5367e-07
9.5367e-07
0.0000e+00
9.5367e-07
0.0000e+00
2.0981e-05
9.5367e-07
0.0000e+00
2.9087e-05
9.5367e-07
0.0000e+00
2.1219e-05
9.5367e-07
0.0000e+00
2.0981e-05
1.1921e-06
0.0000e+00
2.0981e-05
9.5367e-07
0.0000e+00
2.0981e-05
2.1458e-06
0.0000e+00
2.0981e-05
9.5367e-07
0.0000e+00
2.0981e-05
9.5367e-07
0.0000e+00
2.0981e-05
1.9073e-06
5.8603e-04
0.0000e+00
2.1458e-06
0.0000e+00
2.3127e-05
2.1458e-06
1.0085e-04
0.0000e+00
1.9073e-06
0.0000e+00
2.1935e-05
1.1921e-06
0.0000e+00
2.0981e-05
9.5367e-07
0.0000e+00
2.0981e-05
1.9073e-06
9.4891e-05
1.1921e-06
1.9073e-06
0.0000e+00
2.1935e-05
2.1458e-06
0.0000e+00
2.0981e-05
1.9073e-06
0.0000e+00
3.0041e-05
1.1921e-06
1.7095e-04
0.0000e+00
2.1458e-06
0.0000e+00
2.1935e-05
1.1921e-06
5.8889e-05
0.0000e+00
9.5367e-07
0.0000e+00
2.1935e-05
1.1921e-06
0.0000e+00
2.0981e-05
1.9073e-06
0.0000e+00
2.1219e-05
9.5367e-07
0.0000e+00
2.0981e-05
1.1921e-06
0.0000e+00
2.0981e-05
1.1921e-06
3.3498e-04
9.5367e-07
1.9073e-06
0.0000e+00
2.1935e-05
9.5367e-07
0.0000e+00
2.2173e-05
1.9073e-06
0.0000e+00
2.0981e-05
2.1458e-06
0.0000e+00
2.1935e-05
9.5367e-07
0.0000e+00
2.0981e-05
1.9073e-06
0.0000e+00
2.0981e-05
2.1458e-06
3.1304e-04
9.5367e-07
2.1458e-06
0.0000e+00
3.0041e-05
1.9073e-06
1.8191e-04
1.1921e-06
1.9073e-06
0.0000e+00
2.0981e-05
2.1458e-06
0.0000e+00
2.1935e-05
2.1458e-06
0.0000e+00
2.0981e-05
1.9073e-06
0.0000e+00
2.0981e-05
2.1458e-06
0.0000e+00
2.1935e-05
9.5367e-07
0.0000e+00
2.2173e-05
1.9073e-06
2.2197e-04
0.0000e+00
9.5367e-07
0.0000e+00
2.3127e-05
9.5367e-07
2.1195e-04
9.5367e-07
1.9073e-06
1.4067e-05
0.0000e+00
2.1458e-06
0.0000e+00
2.1935e-05
2.1458e-06
0.0000e+00
2.0981e-05
1.9073e-06
0.0000e+00
2.1935e-05
2.1458e-06
0.0000e+00
2.0981e-05
9.5367e-07
0.0000e+00
2.1219e-05
1.9073e-06
0.0000e+00
2.0981e-05
1.9073e-06
0.0000e+00
2.0981e-05
1.1921e-06
0.0000e+00
2.0981e-05
1.9073e-06
2.7013e-04
0.0000e+00
9.5367e-07
0.0000e+00
2.2173e-05
2.8610e-06
0.0000e+00
2.2173e-05
1.9073e-06
1.0896e-04
0.0000e+00
9.5367e-07
0.0000e+00
2.1935e-05
2.1458e-06
0.0000e+00
2.1935e-05
1.9073e-06
2.8419e-04
0.0000e+00
1.9073e-06
0.0000e+00
2.2888e-05
1.9073e-06
0.0000e+00
2.0981e-05
2.1458e-06
0.0000e+00
2.1935e-05
9.5367e-07
0.0000e+00
2.0981e-05
9.5367e-07
2.2602e-04
0.0000e+00
2.1458e-06
0.0000e+00
2.2888e-05
2.1458e-06
0.0000e+00
2.0981e-05
9.5367e-07
0.0000e+00
2.0981e-05
1.9073e-06
0.0000e+00
2.2173e-05
1.9073e-06
0.0000e+00
2.1935e-05
2.1458e-06
2.5105e-04
0.0000e+00
2.1458e-06
0.0000e+00
2.2888e-05
2.1458e-06
0.0000e+00
2.1935e-05
9.5367e-07
0.0000e+00
2.1935e-05
1.9073e-06
1.0514e-04
0.0000e+00
9.5367e-07
0.0000e+00
2.2173e-05
1.9073e-06
0.0000e+00
2.9087e-05
1.9073e-06
2.0027e-05
0.0000e+00
1.1921e-06
0.0000e+00
2.2888e-05
2.1458e-06
0.0000e+00
2.0981e-05
1.9073e-06
0.0000e+00
2.2173e-05
9.5367e-07
0.0000e+00
2.0981e-05
1.9073e-06
4.6611e-04
0.0000e+00
1.1921e-06
0.0000e+00
2.1935e-05
1.9073e-06
0.0000e+00
2.0981e-05
9.5367e-07
0.0000e+00
2.9087e-05
9.5367e-07
0.0000e+00
2.2173e-05
9.5367e-07
0.0000e+00
2.0981e-05
9.5367e-07
0.0000e+00
2.0981e-05
2.1458e-06
2.1982e-04
0.0000e+00
2.1458e-06
0.0000e+00
2.1935e-05
2.1458e-06
0.0000e+00
2.1935e-05
1.1921e-06
0.0000e+00
2.0981e-05
9.5367e-07
0.0000e+00
3.2187e-05
1.9073e-06
0.0000e+00
2.1935e-05
9.5367e-07
0.0000e+00
2.0981e-05
2.1458e-06
0.0000e+00
2.0981e-05
1.9073e-06
0.0000e+00
2.1935e-05
2.1458e-06
0.0000e+00
2.0981e-05
2.1458e-06
4.7183e-04
0.0000e+00
9.5367e-07
5.9605e-06
0.0000e+00
1.9073e-06
2.4080e-05
9.5367e-07
1.9073e-06
1.3018e-04
0.0000e+00
2.1458e-06
1.1706e-04
0.0000e+00
9.5367e-07
0.0000e+00
2.3127e-05
9.5367e-07
0.0000e+00
2.0981e-05
9.5367e-07
0.0000e+00
2.0981e-05
1.1921e-06
0.0000e+00
2.0981e-05
9.5367e-07
0.0000e+00
2.0981e-05
1.1921e-06
0.0000e+00
2.0981e-05
9.5367e-07
0.0000e+00
2.0981e-05
9.5367e-07
0.0000e+00
2.8133e-05
1.9073e-06
9.3699e-04
0.0000e+00
9.5367e-07
0.0000e+00
2.2888e-05
2.1458e-06
0.0000e+00
2.0981e-05
9.5367e-07
0.0000e+00
2.0981e-05
1.9073e-06
2.1505e-04
0.0000e+00
9.5367e-07
0.0000e+00
2.1935e-05
1.9073e-06
5.6720e-04
0.0000e+00
9.5367e-07
1.3208e-04
9.5367e-07
2.1458e-06
0.0000e+00
2.2888e-05
1.9073e-06
0.0000e+00
2.3127e-05
9.5367e-07
0.0000e+00
2.0981e-05
1.1921e-06
8.8215e-06
0.0000e+00
2.1458e-06
0.0000e+00
2.1935e-05
2.1458e-06
0.0000e+00
2.0981e-05
9.5367e-07
0.0000e+00
2.0981e-05
1.9073e-06
0.0000e+00
2.0981e-05
1.1921e-06
0.0000e+00
2.0981e-05
1.9073e-06
0.0000e+00
2.1935e-05
1.9073e-06
0.0000e+00
2.2173e-05
1.9073e-06
0.0000e+00
2.0981e-05
2.1458e-06
0.0000e+00
2.1935e-05
1.9073e-06
0.0000e+00
2.2173e-05
9.5367e-07
0.0000e+00
2.0981e-05
2.1458e-06
6.9785e-04
0.0000e+00
1.9073e-06
0.0000e+00
2.1935e-05
9.5367e-07
0.0000e+00
2.1935e-05
1.1921e-06
0.0000e+00
2.0981e-05
9.5367e-07
0.0000e+00
2.0981e-05
2.1458e-06
0.0000e+00
2.0981e-05
9.5367e-07
0.0000e+00
2.1219e-05
1.9073e-06
0.0000e+00
2.1935e-05
2.1458e-06
3.9101e-04
9.5367e-07
1.9073e-06
0.0000e+00
2.2173e-05
1.9073e-06
0.0000e+00
2.3127e-05
9.5367e-07
0.0000e+00
2.1219e-05
1.9073e-06
0.0000e+00
2.0981e-05
1.1921e-06
0.0000e+00
2.0981e-05
1.9073e-06
0.0000e+00
2.2173e-05
9.5367e-07
0.0000e+00
2.0981e-05
1.1921e-06
0.0000e+00
2.0981e-05
9.5367e-07
1.5497e-04
1.1921e-06
1.9073e-06
2.8801e-04
0.0000e+00
1.9073e-06
0.0000e+00
2.5988e-05
2.1458e-06
5.7936e-05
0.0000e+00
1.1921e-06
0.0000e+00
2.1935e-05
9.5367e-07
0.0000e+00
2.0981e-05
1.9073e-06
0.0000e+00
2.0981e-05
1.9073e-06
0.0000e+00
2.0981e-05
9.5367e-07
0.0000e+00
2.1935e-05
9.5367e-07
3.0398e-04
0.0000e+00
1.9073e-06
0.0000e+00
3.0994e-05
2.1458e-06
0.0000e+00
2.1935e-05
1.9073e-06
0.0000e+00
2.0981e-05
9.5367e-07
0.0000e+00
2.0981e-05
2.1458e-06
0.0000e+00
2.0981e-05
1.9073e-06
2.4819e-04
0.0000e+00
9.5367e-07
0.0000e+00
2.2173e-05
2.8610e-06
5.9605e-06
0.0000e+00
9.5367e-07
0.0000e+00
2.4080e-05
2.1458e-06
0.0000e+00
2.2888e-05
1.1921e-06
0.0000e+00
2.0981e-05
1.9073e-06
0.0000e+00
2.2173e-05
9.5367e-07
0.0000e+00
2.0981e-05
2.1458e-06
0.0000e+00
2.0981e-05
9.5367e-07
0.0000e+00
2.0981e-05
2.1458e-06
0.0000e+00
2.0981e-05
9.5367e-07
0.0000e+00
2.8133e-05
1.9073e-06
0.0000e+00
2.2173e-05
2.1458e-06
0.0000e+00
2.1935e-05
2.1458e-06
0.0000e+00
2.1935e-05
1.9073e-06
0.0000e+00
2.0981e-05
1.1921e-06
0.0000e+00
2.0981e-05
9.5367e-07
0.0000e+00
2.0981e-05
9.5367e-07
0.0000e+00
2.0981e-05
1.1921e-06
0.0000e+00
2.2888e-05
2.1458e-06
0.0000e+00
2.0981e-05
9.5367e-07
0.0000e+00
2.2173e-05
1.9073e-06
0.0000e+00
2.1935e-05
2.1458e-06
0.0000e+00
2.1935e-05
1.9073e-06
0.0000e+00
2.0027e-05
1.1921e-06
0.0000e+00
2.0981e-05
9.5367e-07
1.0900e-03
0.0000e+00
1.9073e-06
1.9073e-06
5.0068e-06
9.5367e-07
0.0000e+00
2.3842e-05
2.1458e-06
0.0000e+00
2.1935e-05
1.9073e-06
0.0000e+00
2.0981e-05
9.5367e-07
0.0000e+00
2.0981e-05
1.9073e-06
2.8014e-04
0.0000e+00
9.5367e-07
7.8917e-05
0.0000e+00
9.5367e-07
0.0000e+00
2.1935e-05
3.8504e-01
