8.3311e-03
5.0068e-05
0.0000e+00
1.5092e-04
2.1935e-05
5.8889e-05
1.9073e-06
8.1062e-06
8.1062e-06
9.5367e-07
2.8610e-06
0.0000e+00
1.0490e-04
5.0068e-06
8.1062e-06
1.1921e-06
1.1921e-05
0.0000e+00
1.0610e-04
1.1921e-05
0.0000e+00
9.5844e-05
1.1921e-05
0.0000e+00
9.4891e-05
1.0967e-05
0.0000e+00
9.2983e-05
1.6403e-04
0.0000e+00
1.0705e-04
5.9605e-06
0.0000e+00
9.7036e-05
1.5020e-05
0.0000e+00
1.0204e-04
1.3918e-02
0.0000e+00
9.7990e-05
5.0068e-06
8.1062e-06
2.1458e-06
1.0967e-05
0.0000e+00
9.2030e-05
2.6941e-05
0.0000e+00
9.3937e-05
9.6660e-03
0.0000e+00
9.7036e-05
5.0068e-06
0.0000e+00
9.2983e-05
1.4067e-05
0.0000e+00
9.3222e-05
1.3828e-05
0.0000e+00
9.3937e-05
1.0967e-05
0.0000e+00
9.1791e-05
5.0068e-06
2.5034e-05
1.1921e-06
4.0531e-06
0.0000e+00
1.0300e-04
5.0068e-06
0.0000e+00
9.3937e-05
1.4067e-05
0.0000e+00
9.4175e-05
8.7039e-03
0.0000e+00
1.2898e-04
4.0531e-06
0.0000e+00
9.1076e-05
1.1921e-05
0.0000e+00
8.9884e-05
1.1206e-05
0.0000e+00
9.2030e-05
4.0531e-06
1.4067e-05
9.5367e-07
2.8610e-06
0.0000e+00
9.2983e-05
8.1062e-06
0.0000e+00
9.2030e-05
1.0014e-05
0.0000e+00
9.2030e-05
5.0068e-06
0.0000e+00
1.1683e-04
1.3828e-05
1.1921e-05
9.5367e-07
4.0531e-06
0.0000e+00
9.3937e-05
4.0531e-06
0.0000e+00
9.0837e-05
1.4782e-05
0.0000e+00
9.2030e-05
1.0967e-05
0.0000e+00
9.2983e-05
8.1062e-06
4.6015e-05
1.9073e-06
2.8610e-06
0.0000e+00
9.5844e-05
4.0531e-06
0.0000e+00
1.0395e-04
3.8147e-06
0.0000e+00
9.1076e-05
4.0531e-06
0.0000e+00
9.5129e-05
7.9920e-03
0.0000e+00
9.6083e-05
5.0068e-06
0.0000e+00
9.2983e-05
5.0068e-06
0.0000e+00
9.1076e-05
1.0967e-05
0.0000e+00
9.3222e-05
5.0068e-06
0.0000e+00
9.1076e-05
1.0967e-05
0.0000e+00
1.1802e-04
1.5974e-05
0.0000e+00
9.5129e-05
1.0014e-05
9.0599e-06
9.5367e-07
3.0994e-06
0.0000e+00
8.9169e-05
4.0531e-06
0.0000e+00
8.6069e-05
5.0068e-06
0.0000e+00
8.7023e-05
5.9605e-06
0.0000e+00
8.7023e-05
8.1062e-06
0.0000e+00
8.9169e-05
5.0068e-06
4.8260e-02
1.9073e-06
5.0068e-06
0.0000e+00
1.3399e-04
2.8610e-06
0.0000e+00
9.2983e-05
3.0994e-06
0.0000e+00
9.4891e-05
3.0994e-06
0.0000e+00
9.1076e-05
2.8610e-06
0.0000e+00
8.8930e-05
3.0994e-06
0.0000e+00
9.3222e-05
2.8610e-06
0.0000e+00
9.2983e-05
2.8610e-06
7.8678e-06
9.5367e-07
3.0994e-06
0.0000e+00
1.2016e-04
5.0068e-06
0.0000e+00
9.2983e-05
1.1921e-05
0.0000e+00
9.3937e-05
4.0531e-06
0.0000e+00
9.2983e-05
8.2381e-03
0.0000e+00
1.0180e-04
6.1989e-06
2.5034e-05
2.1458e-06
4.0531e-06
0.0000e+00
9.3937e-05
3.0994e-06
0.0000e+00
8.8930e-05
5.0068e-06
0.0000e+00
1.1516e-04
5.0068e-06
9.3670e-03
9.5367e-07
4.0531e-06
0.0000e+00
1.0395e-04
2.1458e-06
0.0000e+00
9.2983e-05
1.9073e-06
0.0000e+00
9.2983e-05
1.9073e-06
6.9141e-06
9.5367e-07
1.9073e-06
0.0000e+00
9.2983e-05
2.8610e-06
0.0000e+00
9.2983e-05
3.0994e-06
6.9141e-06
9.5367e-07
2.8610e-06
0.0000e+00
1.1897e-04
5.0068e-06
0.0000e+00
9.5129e-05
2.8610e-06
0.0000e+00
1.0085e-04
5.0068e-06
6.9141e-06
1.9073e-06
4.0531e-06
0.0000e+00
9.2983e-05
4.0531e-06
0.0000e+00
8.9884e-05
4.0531e-06
0.0000e+00
9.0122e-05
4.0531e-06
0.0000e+00
9.1076e-05
4.0531e-06
5.9605e-06
9.5367e-07
5.0068e-06
0.0000e+00
9.3937e-05
9.0599e-06
0.0000e+00
9.3937e-05
5.0068e-06
1.6928e-05
1.9073e-06
3.0994e-06
0.0000e+00
9.8944e-05
4.0531e-06
0.0000e+00
9.5129e-05
4.0531e-06
0.0000e+00
9.4175e-05
5.0068e-06
0.0000e+00
9.2030e-05
4.0531e-06
0.0000e+00
9.4175e-05
9.0599e-06
0.0000e+00
9.1076e-05
2.8610e-06
0.0000e+00
9.0122e-05
4.0531e-06
0.0000e+00
9.8944e-05
5.0068e-06
5.9605e-06
1.1921e-06
2.8610e-06
0.0000e+00
9.2030e-05
8.8215e-06
0.0000e+00
9.2030e-05
6.9141e-06
0.0000e+00
9.2983e-05
3.8147e-06
0.0000e+00
9.1076e-05
2.8610e-06
0.0000e+00
1.1587e-04
4.0531e-06
0.0000e+00
9.3937e-05
4.0531e-06
0.0000e+00
9.1076e-05
5.0068e-06
0.0000e+00
9.3937e-05
4.0531e-06
0.0000e+00
9.1791e-05
6.9141e-06
0.0000e+00
9.2030e-05
3.8147e-06
0.0000e+00
9.3937e-05
3.0994e-06
0.0000e+00
9.1076e-05
3.8147e-06
2.6012e-02
1.9073e-06
4.0531e-06
0.0000e+00
9.9897e-05
9.1159e-03
0.0000e+00
9.7990e-05
5.9605e-06
0.0000e+00
9.2983e-05
4.0531e-06
0.0000e+00
9.4175e-05
2.8610e-06
0.0000e+00
9.2030e-05
4.0531e-06
0.0000e+00
9.1076e-05
3.0994e-06
9.2831e-03
2.1458e-06
3.8147e-06
6.4850e-05
9.5367e-07
3.8147e-06
0.0000e+00
9.8944e-05
5.0068e-06
0.0000e+00
9.0837e-05
4.0531e-06
0.0000e+00
9.0837e-05
2.8610e-06
0.0000e+00
9.2983e-05
5.0068e-06
0.0000e+00
9.0837e-05
5.0068e-06
9.2559e-03
1.9073e-06
2.8610e-06
5.0068e-06
9.5367e-07
3.0994e-06
0.0000e+00
9.4891e-05
3.0994e-06
0.0000e+00
1.1706e-04
5.9605e-06
0.0000e+00
9.3937e-05
5.0068e-06
0.0000e+00
9.2030e-05
4.0531e-06
0.0000e+00
9.2983e-05
4.0531e-06
0.0000e+00
9.2983e-05
1.0014e-05
0.0000e+00
9.3937e-05
3.0994e-06
9.0010e-03
1.9073e-06
5.0068e-06
0.0000e+00
9.7990e-05
3.0994e-06
0.0000e+00
1.3113e-04
5.0068e-06
9.5241e-03
2.1458e-06
3.0994e-06
5.9605e-06
9.5367e-07
4.0531e-06
0.0000e+00
1.0800e-04
4.0531e-06
0.0000e+00
9.2030e-05
4.0531e-06
0.0000e+00
9.3937e-05
4.0531e-06
0.0000e+00
9.1076e-05
4.0531e-06
0.0000e+00
9.1076e-05
4.0531e-06
0.0000e+00
9.2030e-05
3.0994e-06
0.0000e+00
1.2302e-04
9.1081e-03
0.0000e+00
9.9897e-05
5.0068e-06
0.0000e+00
9.3937e-05
1.0014e-05
0.0000e+00
9.2983e-05
4.0531e-06
0.0000e+00
8.9884e-05
8.1062e-06
9.4030e-03
1.9073e-06
4.0531e-06
0.0000e+00
1.0204e-04
2.8610e-06
1.4067e-05
1.9073e-06
2.1458e-06
0.0000e+00
9.3937e-05
2.8610e-06
0.0000e+00
9.4891e-05
9.5022e-03
0.0000e+00
9.4175e-05
5.0068e-06
0.0000e+00
9.9182e-05
5.0068e-06
0.0000e+00
9.1076e-05
5.0068e-06
1.5974e-05
1.9073e-06
2.8610e-06
0.0000e+00
9.2983e-05
4.0531e-06
0.0000e+00
9.3222e-05
5.9605e-06
0.0000e+00
9.2983e-05
4.0531e-06
0.0000e+00
9.5129e-05
5.9605e-06
1.8835e-05
9.5367e-07
5.0068e-06
0.0000e+00
9.6083e-05
9.0559e-03
0.0000e+00
1.0014e-04
5.0068e-06
0.0000e+00
9.5129e-05
5.0068e-06
0.0000e+00
9.2030e-05
4.0531e-06
0.0000e+00
9.2030e-05
2.8610e-06
0.0000e+00
9.2983e-05
5.0068e-06
0.0000e+00
9.7990e-05
5.0068e-06
0.0000e+00
9.2030e-05
5.0068e-06
0.0000e+00
9.3937e-05
2.8610e-06
0.0000e+00
9.2030e-05
5.0068e-06
0.0000e+00
9.0122e-05
3.8147e-06
0.0000e+00
8.8930e-05
4.0531e-06
0.0000e+00
8.9884e-05
4.0531e-06
0.0000e+00
9.0837e-05
4.0531e-06
0.0000e+00
9.0122e-05
4.7684e-06
0.0000e+00
1.0395e-04
5.9605e-06
0.0000e+00
9.1076e-05
4.0531e-06
0.0000e+00
8.8930e-05
4.0531e-06
0.0000e+00
8.9884e-05
2.7444e-02
0.0000e+00
9.3937e-05
5.0068e-06
0.0000e+00
9.7990e-05
4.0531e-06
0.0000e+00
1.1802e-04
4.0531e-06
0.0000e+00
9.1076e-05
4.0531e-06
0.0000e+00
9.0122e-05
7.1526e-06
0.0000e+00
9.3937e-05
9.3229e-03
0.0000e+00
1.0014e-04
5.0068e-06
1.8835e-05
9.5367e-07
3.0994e-06
0.0000e+00
9.6083e-05
4.0531e-06
0.0000e+00
9.2030e-05
4.0531e-06
0.0000e+00
1.2016e-04
5.0068e-06
0.0000e+00
9.2030e-05
5.0068e-06
1.0014e-05
9.5367e-07
3.0994e-06
5.0068e-06
1.1921e-06
2.8610e-06
0.0000e+00
9.2983e-05
5.0068e-06
0.0000e+00
9.3937e-05
2.8772e-02
0.0000e+00
6.7949e-05
3.8147e-06
0.0000e+00
5.5075e-05
3.0994e-06
1.4067e-05
9.5367e-07
1.9073e-06
4.2915e-05
0.0000e+00
3.0994e-06
0.0000e+00
8.2970e-05
4.0531e-06
0.0000e+00
5.6028e-05
2.8610e-06
0.0000e+00
5.5075e-05
1.9073e-06
3.8147e-06
9.5367e-07
9.5367e-07
0.0000e+00
5.5075e-05
7.5729e-03
0.0000e+00
5.9843e-05
3.0994e-06
5.0068e-06
9.5367e-07
1.9073e-06
0.0000e+00
5.4836e-05
1.9073e-06
0.0000e+00
5.3883e-05
4.0531e-06
6.1989e-05
9.5367e-07
2.1458e-06
0.0000e+00
5.7936e-05
2.1458e-06
0.0000e+00
5.6028e-05
1.1921e-06
0.0000e+00
5.3883e-05
9.5367e-07
0.0000e+00
5.3883e-05
9.5367e-07
2.1291e-04
1.1921e-06
9.5367e-07
0.0000e+00
5.6028e-05
2.5105e-04
0.0000e+00
5.6028e-05
2.1458e-06
0.0000e+00
7.7009e-05
4.0531e-06
0.0000e+00
5.6028e-05
1.9073e-06
5.0068e-06
1.1921e-06
9.5367e-07
0.0000e+00
5.6028e-05
3.0994e-06
0.0000e+00
5.4121e-05
2.1458e-06
0.0000e+00
5.2929e-05
3.0994e-06
6.8903e-05
1.1921e-06
2.1458e-06
0.0000e+00
5.6028e-05
1.9073e-06
4.0531e-06
0.0000e+00
9.5367e-07
0.0000e+00
6.8903e-05
2.8610e-06
0.0000e+00
5.6028e-05
2.1458e-06
0.0000e+00
5.5075e-05
3.0994e-06
0.0000e+00
5.5075e-05
1.9073e-06
0.0000e+00
5.4121e-05
2.8610e-06
2.3818e-04
9.5367e-07
9.5367e-07
0.0000e+00
5.5075e-05
1.9073e-06
0.0000e+00
5.3167e-05
2.1458e-06
0.0000e+00
5.3883e-05
1.9073e-06
0.0000e+00
5.6982e-05
1.1921e-06
0.0000e+00
5.4121e-05
3.0994e-06
0.0000e+00
5.4121e-05
3.0994e-06
0.0000e+00
5.3883e-05
2.1458e-06
0.0000e+00
6.1035e-05
2.8610e-06
5.0068e-06
9.5367e-07
1.9073e-06
0.0000e+00
5.6028e-05
1.9073e-06
3.8147e-06
9.5367e-07
2.8610e-06
0.0000e+00
7.1049e-05
2.8610e-06
0.0000e+00
5.5075e-05
3.0994e-06
2.9802e-04
9.5367e-07
1.9073e-06
0.0000e+00
5.3883e-05
1.9073e-06
0.0000e+00
5.1975e-05
2.1458e-06
0.0000e+00
5.2929e-05
1.9073e-06
5.0068e-06
0.0000e+00
2.1458e-06
0.0000e+00
5.6028e-05
1.9073e-06
0.0000e+00
5.3883e-05
2.1458e-06
0.0000e+00
5.6028e-05
2.1458e-06
0.0000e+00
5.2929e-05
3.0994e-06
0.0000e+00
5.6028e-05
1.9073e-06
0.0000e+00
5.4121e-05
1.9073e-06
0.0000e+00
5.3167e-05
2.1458e-06
0.0000e+00
5.4121e-05
2.1458e-06
5.0068e-06
9.5367e-07
3.0994e-06
0.0000e+00
5.3883e-05
2.8610e-06
0.0000e+00
5.6028e-05
6.9714e-04
0.0000e+00
5.5075e-05
1.9073e-06
0.0000e+00
5.5075e-05
2.8610e-06
0.0000e+00
5.2929e-05
1.9073e-06
0.0000e+00
5.3167e-05
3.0994e-06
0.0000e+00
5.4121e-05
3.0994e-06
5.0068e-06
9.5367e-07
1.9073e-06
0.0000e+00
5.3883e-05
1.9073e-06
4.0531e-06
1.1921e-06
1.9073e-06
9.7036e-05
9.5367e-07
1.9073e-06
5.0068e-06
9.5367e-07
2.1458e-06
7.7963e-05
9.5367e-07
9.5367e-07
0.0000e+00
5.6982e-05
2.1458e-06
0.0000e+00
5.5075e-05
1.2803e-04
0.0000e+00
5.5075e-05
2.1458e-06
0.0000e+00
5.4121e-05
2.1458e-06
0.0000e+00
5.4121e-05
2.1458e-06
0.0000e+00
5.4121e-05
2.8610e-06
0.0000e+00
5.6028e-05
2.1458e-06
0.0000e+00
5.5075e-05
1.9073e-06
0.0000e+00
5.4121e-05
1.9073e-06
0.0000e+00
6.0081e-05
2.8610e-06
5.0068e-06
9.5367e-07
9.5367e-07
0.0000e+00
5.5075e-05
5.9605e-06
0.0000e+00
5.4121e-05
2.1458e-06
0.0000e+00
5.2929e-05
3.0994e-06
0.0000e+00
5.6982e-05
1.9073e-06
0.0000e+00
5.2929e-05
1.9073e-06
0.0000e+00
5.4121e-05
1.9073e-06
0.0000e+00
5.4121e-05
1.9073e-06
0.0000e+00
5.4121e-05
1.9073e-06
0.0000e+00
5.4121e-05
1.9073e-06
2.8133e-05
9.5367e-07
1.9073e-06
0.0000e+00
5.5075e-05
1.9073e-06
4.0531e-06
1.5974e-05
3.0994e-06
5.2929e-05
9.5367e-07
9.5367e-07
5.0068e-06
9.5367e-07
1.9073e-06
1.3995e-04
9.5367e-07
1.9073e-06
0.0000e+00
5.8889e-05
1.9073e-06
0.0000e+00
5.6982e-05
1.9073e-06
0.0000e+00
5.3883e-05
1.9073e-06
0.0000e+00
5.4121e-05
7.8678e-06
6.9141e-05
0.0000e+00
9.5367e-07
0.0000e+00
5.6028e-05
2.1458e-06
0.0000e+00
6.9141e-05
3.0994e-06
0.0000e+00
5.5075e-05
2.8610e-06
0.0000e+00
5.3883e-05
2.8610e-06
0.0000e+00
5.4836e-05
1.9073e-06
0.0000e+00
5.3883e-05
3.0994e-06
5.0068e-06
9.5367e-07
1.9073e-06
0.0000e+00
6.3181e-05
3.0994e-06
0.0000e+00
5.4121e-05
1.9073e-06
0.0000e+00
7.2002e-05
4.0531e-06
0.0000e+00
5.4121e-05
3.8147e-06
0.0000e+00
5.3883e-05
1.9073e-06
0.0000e+00
5.3883e-05
3.0994e-06
0.0000e+00
5.3883e-05
1.9073e-06
0.0000e+00
5.3883e-05
1.9073e-06
0.0000e+00
5.4836e-05
1.9073e-06
0.0000e+00
5.3883e-05
2.8610e-06
0.0000e+00
5.5075e-05
3.0994e-06
0.0000e+00
5.5075e-05
2.1458e-06
0.0000e+00
5.4121e-05
2.1458e-06
0.0000e+00
6.1035e-05
2.8610e-06
0.0000e+00
5.3883e-05
1.9073e-06
0.0000e+00
5.2929e-05
1.9073e-06
0.0000e+00
5.3883e-05
1.9073e-06
5.0068e-06
1.1921e-06
2.8610e-06
0.0000e+00
5.6982e-05
2.8610e-06
0.0000e+00
5.4121e-05
1.9073e-06
0.0000e+00
5.3167e-05
2.1458e-06
0.0000e+00
5.4121e-05
2.1458e-06
5.0068e-06
9.5367e-07
1.9073e-06
0.0000e+00
5.3883e-05
2.8610e-06
0.0000e+00
5.3883e-05
2.8610e-06
0.0000e+00
5.6028e-05
1.9073e-06
1.4067e-05
1.5974e-05
1.9073e-06
0.0000e+00
5.6982e-05
1.9073e-06
0.0000e+00
6.3896e-05
1.9073e-06
0.0000e+00
5.5075e-05
1.9073e-06
0.0000e+00
5.4121e-05
3.0994e-06
5.0068e-06
9.5367e-07
9.5367e-07
0.0000e+00
5.4836e-05
2.1458e-06
0.0000e+00
5.3883e-05
3.0994e-06
0.0000e+00
5.5075e-05
3.0994e-06
5.4121e-05
9.5367e-07
1.9073e-06
4.0531e-06
9.5367e-07
9.5367e-07
0.0000e+00
6.0081e-05
1.9073e-06
0.0000e+00
5.4121e-05
1.9073e-06
0.0000e+00
5.4121e-05
1.1921e-06
1.7881e-05
0.0000e+00
9.5367e-07
0.0000e+00
5.3883e-05
9.5367e-07
0.0000e+00
5.1975e-05
1.1921e-06
0.0000e+00
5.4121e-05
2.8610e-06
0.0000e+00
5.7220e-05
9.5367e-07
0.0000e+00
5.3883e-05
1.9073e-06
0.0000e+00
5.3883e-05
1.9073e-06
0.0000e+00
5.4121e-05
9.5367e-07
2.1791e-04
0.0000e+00
1.9073e-06
5.0068e-06
9.5367e-07
9.5367e-07
0.0000e+00
5.6982e-05
9.5367e-07
0.0000e+00
5.4121e-05
2.1458e-06
0.0000e+00
7.1049e-05
3.5048e-05
0.0000e+00
5.6028e-05
4.0531e-06
1.3113e-05
0.0000e+00
3.0994e-06
0.0000e+00
6.6996e-05
1.9073e-06
0.0000e+00
5.6028e-05
7.3910e-05
0.0000e+00
5.6028e-05
2.8610e-06
0.0000e+00
5.4836e-05
1.9073e-06
0.0000e+00
5.4836e-05
1.9073e-06
0.0000e+00
1.8287e-04
4.0531e-06
0.0000e+00
5.8889e-05
2.8610e-06
0.0000e+00
5.3883e-05
2.8610e-06
0.0000e+00
5.2929e-05
1.9073e-06
2.5034e-05
9.5367e-07
1.1921e-06
0.0000e+00
5.5075e-05
2.1458e-06
9.0599e-06
9.5367e-07
9.5367e-07
0.0000e+00
5.6982e-05
2.1458e-06
0.0000e+00
5.4121e-05
2.1458e-06
0.0000e+00
7.7963e-05
4.0531e-06
0.0000e+00
5.5075e-05
3.0994e-06
0.0000e+00
5.4121e-05
3.0994e-06
0.0000e+00
5.3883e-05
3.0994e-06
0.0000e+00
5.4121e-05
2.1458e-06
0.0000e+00
5.4121e-05
3.0994e-06
0.0000e+00
5.5075e-05
2.1458e-06
8.0109e-05
0.0000e+00
1.9073e-06
0.0000e+00
7.4148e-05
3.0994e-06
1.6928e-05
9.5367e-07
3.0994e-06
0.0000e+00
7.2002e-05
3.0994e-06
0.0000e+00
5.6028e-05
1.9073e-06
0.0000e+00
5.5075e-05
9.5367e-07
0.0000e+00
5.4121e-05
9.5367e-07
0.0000e+00
5.3167e-05
9.5367e-07
0.0000e+00
5.3883e-05
1.9073e-06
0.0000e+00
7.3195e-05
4.0531e-06
5.9605e-06
9.5367e-07
3.0994e-06
5.5075e-05
9.5367e-07
9.5367e-07
0.0000e+00
5.5790e-05
1.9073e-06
0.0000e+00
5.4836e-05
9.5367e-07
4.0054e-05
9.5367e-07
1.1921e-06
0.0000e+00
5.6028e-05
3.0994e-06
2.8133e-05
9.5367e-07
1.9073e-06
0.0000e+00
5.5075e-05
1.9073e-06
0.0000e+00
6.2943e-05
4.0531e-06
0.0000e+00
5.6028e-05
2.8610e-06
0.0000e+00
5.4836e-05
2.1458e-06
0.0000e+00
5.3883e-05
2.1458e-06
2.7895e-05
9.5367e-07
9.5367e-07
5.0068e-06
9.5367e-07
2.1458e-06
0.0000e+00
5.5075e-05
2.1458e-06
0.0000e+00
5.4121e-05
5.5075e-05
0.0000e+00
5.4121e-05
1.9073e-06
7.6056e-05
0.0000e+00
1.9073e-06
3.6955e-05
1.1921e-06
1.1921e-06
5.1975e-05
9.5367e-07
9.5367e-07
0.0000e+00
5.8889e-05
9.5367e-07
1.5020e-05
1.1921e-06
1.1921e-06
0.0000e+00
6.2943e-05
1.9073e-06
1.2875e-05
9.5367e-07
2.1458e-06
0.0000e+00
5.6028e-05
2.1458e-06
0.0000e+00
5.2929e-05
9.5367e-07
1.9789e-05
9.5367e-07
2.1458e-06
0.0000e+00
5.6028e-05
9.5367e-07
0.0000e+00
7.0095e-05
3.0994e-06
0.0000e+00
5.3883e-05
1.9073e-06
3.1948e-05
0.0000e+00
1.9073e-06
3.8147e-06
0.0000e+00
2.1458e-06
0.0000e+00
5.5075e-05
1.9073e-06
0.0000e+00
5.5075e-05
2.8610e-06
0.0000e+00
5.3883e-05
1.9073e-06
0.0000e+00
5.3883e-05
1.9073e-06
0.0000e+00
5.2929e-05
2.8610e-06
5.8174e-05
9.5367e-07
1.9073e-06
0.0000e+00
5.7936e-05
9.5367e-07
0.0000e+00
5.2929e-05
2.1458e-06
0.0000e+00
5.3883e-05
9.5367e-07
0.0000e+00
5.4836e-05
1.0896e-04
5.0068e-06
1.1921e-06
8.1062e-06
0.0000e+00
5.5075e-05
3.0994e-06
0.0000e+00
5.3167e-05
3.0994e-06
0.0000e+00
7.2002e-05
2.8610e-06
0.0000e+00
5.6028e-05
3.0994e-06
0.0000e+00
5.2929e-05
3.0994e-06
0.0000e+00
5.3883e-05
3.0994e-06
0.0000e+00
5.5075e-05
2.1458e-06
0.0000e+00
6.1989e-05
1.9073e-06
0.0000e+00
5.3883e-05
1.9073e-06
0.0000e+00
5.2929e-05
1.9073e-06
0.0000e+00
7.1049e-05
4.6015e-05
0.0000e+00
5.5075e-05
2.8610e-06
0.0000e+00
5.4121e-05
1.9073e-06
0.0000e+00
5.3167e-05
2.1458e-06
0.0000e+00
5.4121e-05
3.0994e-06
0.0000e+00
5.3883e-05
1.9073e-06
0.0000e+00
5.2929e-05
1.9073e-06
0.0000e+00
5.2929e-05
3.0994e-06
0.0000e+00
5.6028e-05
1.9073e-06
5.0068e-06
9.5367e-07
1.9073e-06
5.0068e-06
0.0000e+00
2.1458e-06
0.0000e+00
6.1989e-05
2.8610e-06
0.0000e+00
5.2929e-05
1.9073e-06
5.0068e-06
9.5367e-07
2.1458e-06
0.0000e+00
5.5075e-05
2.1458e-06
0.0000e+00
5.4121e-05
3.0994e-06
0.0000e+00
5.2929e-05
2.8610e-06
0.0000e+00
5.4836e-05
2.8610e-06
5.0068e-06
9.5367e-07
9.5367e-07
0.0000e+00
5.4121e-05
2.1458e-06
0.0000e+00
5.4121e-05
2.1458e-06
0.0000e+00
5.3167e-05
2.1458e-06
4.0531e-06
9.5367e-07
9.5367e-07
4.0531e-06
9.5367e-07
1.9073e-06
0.0000e+00
5.4836e-05
2.1458e-06
0.0000e+00
5.2929e-05
2.8610e-06
0.0000e+00
6.8903e-05
3.8147e-06
0.0000e+00
6.1989e-05
3.0994e-06
0.0000e+00
5.4121e-05
2.1458e-06
2.1791e-04
0.0000e+00
9.5367e-07
5.9605e-06
1.1921e-06
9.5367e-07
2.2888e-05
1.1921e-06
9.5367e-07
0.0000e+00
5.6028e-05
1.9073e-06
0.0000e+00
5.4836e-05
1.9073e-06
0.0000e+00
5.3167e-05
2.1458e-06
0.0000e+00
7.1049e-05
2.1458e-06
0.0000e+00
5.2929e-05
2.8610e-06
0.0000e+00
5.3883e-05
1.9073e-06
0.0000e+00
5.3883e-05
1.9073e-06
1.1086e-04
9.5367e-07
2.1458e-06
0.0000e+00
5.7936e-05
9.5367e-07
0.0000e+00
5.5075e-05
9.5367e-07
0.0000e+00
5.5075e-05
1.9073e-06
0.0000e+00
7.2002e-05
3.0994e-06
0.0000e+00
5.6028e-05
2.8610e-06
0.0000e+00
5.3883e-05
1.9073e-06
3.8147e-06
0.0000e+00
2.1458e-06
0.0000e+00
5.6982e-05
1.9073e-06
4.0054e-05
9.5367e-07
2.1458e-06
0.0000e+00
5.5075e-05
1.9073e-06
4.0531e-06
9.5367e-07
3.0994e-06
0.0000e+00
5.4121e-05
2.1458e-06
0.0000e+00
7.0095e-05
4.0531e-06
1.2398e-04
9.5367e-07
9.5367e-07
0.0000e+00
5.8174e-05
9.5367e-07
0.0000e+00
5.3883e-05
9.5367e-07
0.0000e+00
5.2929e-05
9.5367e-07
0.0000e+00
5.3167e-05
9.5367e-07
0.0000e+00
5.2929e-05
1.9073e-06
4.0531e-06
1.1921e-06
1.9073e-06
0.0000e+00
5.4121e-05
3.0994e-06
4.0531e-06
0.0000e+00
1.9073e-06
0.0000e+00
5.8174e-05
1.9073e-06
0.0000e+00
5.4121e-05
1.9073e-06
0.0000e+00
5.4121e-05
3.0994e-06
5.6028e-05
9.5367e-07
9.5367e-07
4.7922e-05
0.0000e+00
2.1458e-06
0.0000e+00
6.2943e-05
3.0994e-06
0.0000e+00
5.5075e-05
2.1458e-06
0.0000e+00
5.4121e-05
3.0994e-06
0.0000e+00
7.5102e-05
3.0994e-06
0.0000e+00
5.6028e-05
3.8147e-06
0.0000e+00
5.3883e-05
1.9073e-06
5.0068e-06
9.5367e-07
9.5367e-07
0.0000e+00
5.5075e-05
2.8610e-06
9.3222e-05
0.0000e+00
9.5367e-07
0.0000e+00
5.5075e-05
9.5367e-07
5.0068e-06
1.1921e-06
3.0994e-06
0.0000e+00
5.5075e-05
1.9073e-06
0.0000e+00
7.4148e-05
3.0994e-06
0.0000e+00
5.6028e-05
2.8610e-06
0.0000e+00
6.1035e-05
1.9073e-06
0.0000e+00
5.5075e-05
1.9073e-06
0.0000e+00
5.3883e-05
2.8610e-06
0.0000e+00
5.4836e-05
3.0994e-06
0.0000e+00
5.3883e-05
3.0994e-06
0.0000e+00
5.5075e-05
2.8610e-06
0.0000e+00
5.6982e-05
3.0994e-06
0.0000e+00
5.4121e-05
3.0994e-06
0.0000e+00
5.5075e-05
1.9073e-06
0.0000e+00
5.4121e-05
2.8610e-06
0.0000e+00
5.2929e-05
2.8610e-06
0.0000e+00
5.3167e-05
3.0994e-06
0.0000e+00
5.4121e-05
2.1458e-06
0.0000e+00
6.9141e-05
4.0531e-06
0.0000e+00
5.7220e-05
3.0994e-06
0.0000e+00
5.5075e-05
3.0994e-06
0.0000e+00
5.4121e-05
3.0994e-06
0.0000e+00
5.5075e-05
1.9073e-06
0.0000e+00
5.4121e-05
1.9073e-06
1.4067e-05
9.5367e-07
2.1458e-06
0.0000e+00
5.6028e-05
2.1458e-06
0.0000e+00
5.5075e-05
4.0531e-06
0.0000e+00
5.6028e-05
3.0994e-06
0.0000e+00
5.4121e-05
2.1458e-06
0.0000e+00
5.4121e-05
2.1458e-06
0.0000e+00
5.3883e-05
1.9073e-06
5.0068e-06
9.5367e-07
1.1921e-06
0.0000e+00
5.5075e-05
2.1458e-06
0.0000e+00
6.1989e-05
1.9073e-06
0.0000e+00
5.3883e-05
3.0994e-06
0.0000e+00
5.6982e-05
1.9073e-06
0.0000e+00
5.3883e-05
2.8610e-06
0.0000e+00
5.5075e-05
1.9073e-06
0.0000e+00
5.2929e-05
1.9073e-06
0.0000e+00
5.5075e-05
1.9073e-06
0.0000e+00
5.3883e-05
2.4080e-05
0.0000e+00
5.5075e-05
2.1458e-06
0.0000e+00
7.0095e-05
4.0531e-06
0.0000e+00
5.4836e-05
1.9073e-06
0.0000e+00
5.3883e-05
1.9073e-06
0.0000e+00
5.3883e-05
1.9073e-06
0.0000e+00
6.1035e-05
2.1458e-06
5.0068e-06
0.0000e+00
1.9073e-06
0.0000e+00
5.4836e-05
1.9073e-06
0.0000e+00
5.2929e-05
2.8610e-06
0.0000e+00
6.9857e-05
2.8610e-06
0.0000e+00
5.5075e-05
2.1458e-06
0.0000e+00
5.3883e-05
2.1458e-06
0.0000e+00
5.3883e-05
2.1458e-06
0.0000e+00
5.3883e-05
2.1458e-06
3.0994e-05
9.5367e-07
9.5367e-07
0.0000e+00
5.5075e-05
1.9073e-06
4.0531e-06
0.0000e+00
2.1458e-06
0.0000e+00
5.4121e-05
3.0994e-06
0.0000e+00
5.6028e-05
3.2902e-05
0.0000e+00
5.3883e-05
3.0994e-06
0.0000e+00
5.5075e-05
2.1458e-06
0.0000e+00
5.2929e-05
1.9073e-06
5.0068e-06
0.0000e+00
1.9073e-06
0.0000e+00
5.4121e-05
7.1049e-05
0.0000e+00
5.3883e-05
1.9073e-06
4.0531e-06
1.1921e-06
2.1458e-06
0.0000e+00
5.5075e-05
3.0994e-06
1.0896e-04
9.5367e-07
2.1458e-06
0.0000e+00
5.6028e-05
9.5367e-07
0.0000e+00
5.5075e-05
9.5367e-07
0.0000e+00
5.4121e-05
3.0994e-06
0.0000e+00
5.5075e-05
4.0531e-06
0.0000e+00
5.3883e-05
1.9073e-06
7.9870e-05
9.5367e-07
2.1458e-06
5.0068e-05
9.5367e-07
9.5367e-07
0.0000e+00
5.6028e-05
1.9073e-06
5.0068e-05
9.5367e-07
9.5367e-07
0.0000e+00
5.6982e-05
9.5367e-07
0.0000e+00
5.4121e-05
3.0994e-06
0.0000e+00
5.5075e-05
3.0994e-06
0.0000e+00
5.4121e-05
2.1458e-06
3.0994e-06
0.0000e+00
2.8610e-06
0.0000e+00
5.3883e-05
1.9073e-06
0.0000e+00
5.2929e-05
2.8610e-06
4.0531e-06
1.1921e-06
3.0994e-06
0.0000e+00
5.7936e-05
1.9073e-06
1.0014e-05
9.5367e-07
1.9073e-06
1.2207e-04
1.1921e-06
2.1458e-06
0.0000e+00
5.8889e-05
1.9073e-06
0.0000e+00
5.5790e-05
2.1458e-06
0.0000e+00
5.3883e-05
3.0994e-06
0.0000e+00
5.5075e-05
2.1458e-06
0.0000e+00
5.4121e-05
2.1458e-06
0.0000e+00
6.7949e-05
3.0994e-06
0.0000e+00
5.6028e-05
1.9073e-06
3.8147e-06
9.5367e-07
1.1921e-06
0.0000e+00
5.4121e-05
2.1458e-06
0.0000e+00
5.4121e-05
2.1458e-06
4.0531e-06
9.5367e-07
1.9073e-06
0.0000e+00
5.4836e-05
3.0994e-06
2.6941e-05
0.0000e+00
9.5367e-07
0.0000e+00
5.4836e-05
1.9073e-06
0.0000e+00
6.0797e-05
4.0531e-06
0.0000e+00
5.6982e-05
2.8610e-06
4.5061e-05
9.5367e-07
2.1458e-06
0.0000e+00
5.6982e-05
1.9073e-06
0.0000e+00
5.5075e-05
9.5367e-07
0.0000e+00
5.6028e-05
1.9073e-06
0.0000e+00
5.2929e-05
6.2943e-05
0.0000e+00
5.4121e-05
1.9073e-06
0.0000e+00
5.3167e-05
2.8610e-06
1.8835e-05
9.5367e-07
9.5367e-07
0.0000e+00
5.6982e-05
2.1458e-06
0.0000e+00
5.3883e-05
2.1458e-06
0.0000e+00
5.4836e-05
9.0599e-06
0.0000e+00
5.6028e-05
1.9073e-06
0.0000e+00
5.3883e-05
3.0994e-06
5.0068e-06
9.5367e-07
9.5367e-07
0.0000e+00
5.5075e-05
1.9073e-06
4.8161e-05
9.5367e-07
1.9073e-06
5.0068e-06
9.5367e-07
1.9073e-06
5.0068e-06
1.1921e-06
1.1921e-06
0.0000e+00
5.7936e-05
1.9073e-06
0.0000e+00
5.4121e-05
2.1458e-06
0.0000e+00
5.2929e-05
9.5367e-07
0.0000e+00
5.3883e-05
5.9843e-05
0.0000e+00
5.3883e-05
1.9073e-06
0.0000e+00
5.3883e-05
1.9073e-06
0.0000e+00
5.2929e-05
3.0994e-06
5.2929e-05
9.5367e-07
1.9073e-06
4.0531e-06
9.5367e-07
9.5367e-07
0.0000e+00
5.8889e-05
9.5367e-07
0.0000e+00
5.3167e-05
2.1458e-06
0.0000e+00
5.5075e-05
2.1458e-06
0.0000e+00
5.4121e-05
2.1458e-06
0.0000e+00
5.3167e-05
2.1458e-06
5.0068e-06
9.5367e-07
9.5367e-07
0.0000e+00
5.4121e-05
3.0994e-06
0.0000e+00
5.6982e-05
1.9073e-06
0.0000e+00
5.2929e-05
2.8610e-06
0.0000e+00
5.2929e-05
1.9073e-06
0.0000e+00
5.2929e-05
1.9073e-06
0.0000e+00
5.3167e-05
2.1458e-06
0.0000e+00
5.2929e-05
3.0994e-06
1.1921e-05
1.1921e-06
2.1458e-06
0.0000e+00
6.8903e-05
3.0994e-06
0.0000e+00
5.6028e-05
1.9073e-06
4.0531e-06
1.1921e-06
2.1458e-06
0.0000e+00
5.6028e-05
1.9073e-06
0.0000e+00
5.5075e-05
1.9073e-06
0.0000e+00
5.3883e-05
1.9073e-06
0.0000e+00
5.4836e-05
2.8610e-06
0.0000e+00
5.2929e-05
1.9073e-06
3.8147e-06
1.1921e-06
2.1458e-06
0.0000e+00
7.0095e-05
3.0994e-06
0.0000e+00
5.5075e-05
2.3699e-04
0.0000e+00
6.1989e-05
1.9073e-06
0.0000e+00
5.4836e-05
3.0994e-06
4.0531e-06
9.5367e-07
1.9073e-06
0.0000e+00
5.3883e-05
1.9073e-06
0.0000e+00
5.2929e-05
3.8147e-06
0.0000e+00
5.4836e-05
1.9073e-06
0.0000e+00
6.9857e-05
3.0994e-06
0.0000e+00
5.6028e-05
1.9073e-06
0.0000e+00
5.4121e-05
2.8610e-06
0.0000e+00
5.4121e-05
1.9073e-06
4.0531e-06
1.1921e-06
9.5367e-07
0.0000e+00
5.6028e-05
3.0994e-06
0.0000e+00
5.5075e-05
1.9073e-06
0.0000e+00
5.4121e-05
1.9073e-06
0.0000e+00
6.8188e-05
2.8610e-06
0.0000e+00
5.6028e-05
2.1458e-06
0.0000e+00
5.3883e-05
2.1458e-06
0.0000e+00
5.3883e-05
2.1458e-06
0.0000e+00
5.2929e-05
1.9073e-06
0.0000e+00
5.2929e-05
1.9073e-06
0.0000e+00
5.3883e-05
1.9073e-06
0.0000e+00
5.3883e-05
3.0994e-06
5.0068e-06
9.5367e-07
2.1458e-06
0.0000e+00
5.6982e-05
1.9073e-06
4.0531e-06
9.5367e-07
9.5367e-07
0.0000e+00
5.3883e-05
1.9073e-06
0.0000e+00
5.3167e-05
2.1458e-06
0.0000e+00
5.1975e-05
1.9073e-06
0.0000e+00
5.2929e-05
1.9073e-06
0.0000e+00
5.5075e-05
3.0994e-06
0.0000e+00
5.3883e-05
2.8610e-06
0.0000e+00
5.6028e-05
3.0994e-06
0.0000e+00
5.4121e-05
2.1458e-06
0.0000e+00
5.3167e-05
2.1458e-06
0.0000e+00
5.2929e-05
1.9073e-06
5.0068e-06
1.1921e-06
2.1458e-06
0.0000e+00
5.5075e-05
2.1458e-06
0.0000e+00
5.5075e-05
2.1458e-06
4.0531e-06
0.0000e+00
1.9073e-06
0.0000e+00
6.9857e-05
3.0994e-06
0.0000e+00
5.3883e-05
2.1458e-06
0.0000e+00
5.5075e-05
3.0994e-06
0.0000e+00
5.5075e-05
2.1458e-06
5.0068e-06
9.5367e-07
1.9073e-06
0.0000e+00
5.3883e-05
1.9073e-06
3.1948e-05
9.5367e-07
1.1921e-06
0.0000e+00
5.6028e-05
2.8610e-06
0.0000e+00
5.5075e-05
4.0531e-06
5.0068e-06
9.5367e-07
1.9073e-06
0.0000e+00
5.7936e-05
1.9073e-06
0.0000e+00
5.4121e-05
3.0994e-06
0.0000e+00
5.5075e-05
1.9073e-06
0.0000e+00
5.4121e-05
1.9073e-06
1.0514e-04
9.5367e-07
1.9073e-06
0.0000e+00
5.6982e-05
1.9073e-06
0.0000e+00
5.4121e-05
2.1458e-06
0.0000e+00
6.7949e-05
3.0994e-06
0.0000e+00
5.6028e-05
1.9073e-06
0.0000e+00
6.1989e-05
3.0994e-06
0.0000e+00
5.4121e-05
1.9073e-06
0.0000e+00
5.3167e-05
3.0994e-06
0.0000e+00
5.4121e-05
2.1458e-06
0.0000e+00
5.2929e-05
2.1458e-06
0.0000e+00
5.2929e-05
3.0994e-06
0.0000e+00
5.5075e-05
2.8610e-06
1.0610e-04
9.5367e-07
9.5367e-07
4.0531e-06
9.5367e-07
9.5367e-07
0.0000e+00
5.6028e-05
9.5367e-07
0.0000e+00
5.4121e-05
1.9073e-06
0.0000e+00
5.4121e-05
1.1921e-06
0.0000e+00
5.2929e-05
1.9073e-06
0.0000e+00
5.3883e-05
1.9073e-06
0.0000e+00
6.2943e-05
4.0531e-06
0.0000e+00
5.6982e-05
1.9073e-06
0.0000e+00
5.5075e-05
2.8610e-06
0.0000e+00
5.3883e-05
1.9073e-06
0.0000e+00
5.3883e-05
1.0014e-05
0.0000e+00
5.5075e-05
1.9073e-06
0.0000e+00
5.3167e-05
3.0994e-06
0.0000e+00
5.5075e-05
2.1458e-06
0.0000e+00
6.6996e-05
2.8610e-06
0.0000e+00
5.4836e-05
1.9073e-06
0.0000e+00
5.3883e-05
1.9073e-06
0.0000e+00
5.3883e-05
1.9073e-06
0.0000e+00
5.2929e-05
2.1458e-06
4.0054e-05
9.5367e-07
2.1458e-06
0.0000e+00
5.6028e-05
1.9073e-06
4.8161e-05
9.5367e-07
9.5367e-07
0.0000e+00
5.4836e-05
1.9073e-06
0.0000e+00
5.7220e-05
1.9073e-06
0.0000e+00
5.3883e-05
3.0994e-06
0.0000e+00
5.4121e-05
3.0994e-06
0.0000e+00
5.4121e-05
2.1458e-06
0.0000e+00
5.6028e-05
1.9073e-06
0.0000e+00
5.4121e-05
2.8610e-06
0.0000e+00
5.4121e-05
1.9073e-06
0.0000e+00
7.0095e-05
2.8610e-06
0.0000e+00
5.2929e-05
1.9073e-06
0.0000e+00
5.4121e-05
1.9073e-06
0.0000e+00
5.4836e-05
4.0531e-06
5.0068e-06
1.1921e-06
1.1921e-06
4.0531e-06
9.5367e-07
1.9073e-06
0.0000e+00
5.3883e-05
1.9073e-06
0.0000e+00
5.3883e-05
2.8610e-06
0.0000e+00
5.4121e-05
1.9073e-06
0.0000e+00
6.9141e-05
4.0531e-06
0.0000e+00
5.4121e-05
1.9073e-06
1.0514e-04
9.5367e-07
9.5367e-07
3.0994e-06
0.0000e+00
9.5367e-07
0.0000e+00
5.5790e-05
2.1458e-06
0.0000e+00
5.3883e-05
1.9073e-06
0.0000e+00
5.4836e-05
1.9073e-06
0.0000e+00
5.3883e-05
9.5367e-07
0.0000e+00
6.0081e-05
2.8610e-06
0.0000e+00
5.5790e-05
2.1458e-06
0.0000e+00
5.3883e-05
3.0994e-06
0.0000e+00
5.4121e-05
3.0994e-06
0.0000e+00
5.4121e-05
1.9073e-06
0.0000e+00
5.4121e-05
3.0994e-06
0.0000e+00
5.5075e-05
1.9073e-06
0.0000e+00
5.4121e-05
1.9073e-06
0.0000e+00
7.0095e-05
2.8610e-06
5.0068e-06
9.5367e-07
1.1921e-06
0.0000e+00
5.5075e-05
3.0994e-06
0.0000e+00
5.5075e-05
1.9073e-06
0.0000e+00
5.3167e-05
2.1458e-06
0.0000e+00
5.4121e-05
2.1458e-06
0.0000e+00
6.0081e-05
2.1458e-06
0.0000e+00
5.4121e-05
2.1458e-06
0.0000e+00
7.2956e-05
4.0531e-06
0.0000e+00
5.6982e-05
3.0994e-06
0.0000e+00
5.3167e-05
2.1458e-06
0.0000e+00
5.4121e-05
2.1458e-06
0.0000e+00
5.5075e-05
3.0994e-06
4.0531e-06
0.0000e+00
1.9073e-06
0.0000e+00
5.4836e-05
3.0994e-06
0.0000e+00
5.3883e-05
2.1458e-06
0.0000e+00
6.9857e-05
3.0994e-06
0.0000e+00
5.5075e-05
1.9073e-06
0.0000e+00
5.5075e-05
1.9073e-06
0.0000e+00
5.4121e-05
1.9073e-06
4.0531e-06
1.1921e-06
2.1458e-06
0.0000e+00
6.1035e-05
1.2875e-05
0.0000e+00
5.3883e-05
1.9073e-06
0.0000e+00
5.3883e-05
3.0994e-06
0.0000e+00
7.2956e-05
2.8610e-06
0.0000e+00
5.3883e-05
3.0994e-06
0.0000e+00
5.5075e-05
2.1458e-06
0.0000e+00
5.4121e-05
2.1458e-06
0.0000e+00
5.5075e-05
2.1458e-06
0.0000e+00
5.4121e-05
2.1458e-06
0.0000e+00
5.4121e-05
2.1458e-06
0.0000e+00
5.5075e-05
2.1458e-06
0.0000e+00
5.6982e-05
2.8610e-06
0.0000e+00
5.5075e-05
1.9073e-06
0.0000e+00
5.9843e-05
2.8610e-06
3.8147e-06
9.5367e-07
1.9073e-06
0.0000e+00
5.5075e-05
1.9073e-06
0.0000e+00
5.4121e-05
1.9073e-06
0.0000e+00
5.4121e-05
2.8610e-06
0.0000e+00
5.3883e-05
1.9073e-06
0.0000e+00
6.8903e-05
3.8147e-06
0.0000e+00
5.3883e-05
1.9073e-06
5.0068e-06
9.5367e-07
1.9073e-06
0.0000e+00
5.5075e-05
1.9073e-06
0.0000e+00
5.4121e-05
1.9073e-06
0.0000e+00
5.4121e-05
1.9073e-06
0.0000e+00
5.4121e-05
1.9073e-06
0.0000e+00
5.3167e-05
3.0994e-06
0.0000e+00
7.1049e-05
1.0014e-05
0.0000e+00
5.6028e-05
1.9073e-06
0.0000e+00
5.4121e-05
1.9073e-06
5.0068e-06
1.1921e-06
2.1458e-06
0.0000e+00
5.5075e-05
2.1458e-06
0.0000e+00
5.5075e-05
3.0994e-06
3.6955e-05
9.5367e-07
2.1458e-06
0.0000e+00
5.4836e-05
1.9073e-06
0.0000e+00
5.6028e-05
1.9073e-06
0.0000e+00
5.6982e-05
2.8610e-06
0.0000e+00
5.3883e-05
1.9073e-06
0.0000e+00
5.3883e-05
1.9073e-06
0.0000e+00
5.6028e-05
3.0994e-06
0.0000e+00
5.3167e-05
2.1458e-06
0.0000e+00
5.3167e-05
2.1458e-06
0.0000e+00
6.1035e-05
3.8147e-06
0.0000e+00
7.7963e-05
3.8147e-06
0.0000e+00
5.4836e-05
1.9073e-06
0.0000e+00
5.3883e-05
1.9073e-06
0.0000e+00
5.3883e-05
1.9073e-06
0.0000e+00
5.3883e-05
1.9073e-06
0.0000e+00
5.2929e-05
1.9073e-06
0.0000e+00
5.5075e-05
1.9073e-06
0.0000e+00
5.4121e-05
3.0994e-06
0.0000e+00
5.7220e-05
2.1458e-06
0.0000e+00
5.4121e-05
2.1458e-06
0.0000e+00
5.2929e-05
3.0994e-06
0.0000e+00
5.5075e-05
3.0994e-06
0.0000e+00
6.1035e-05
3.0994e-06
0.0000e+00
5.4121e-05
2.1458e-06
2.7895e-05
9.5367e-07
1.9073e-06
0.0000e+00
5.5075e-05
2.1458e-06
0.0000e+00
7.2956e-05
1.9073e-06
0.0000e+00
5.4836e-05
1.1921e-06
0.0000e+00
5.3883e-05
2.1458e-06
5.0068e-06
9.5367e-07
9.5367e-07
0.0000e+00
5.4121e-05
2.1458e-06
0.0000e+00
5.2929e-05
1.9073e-06
5.0068e-06
9.5367e-07
1.9073e-06
0.0000e+00
5.6028e-05
1.9073e-06
0.0000e+00
5.3883e-05
2.8610e-06
0.0000e+00
5.6982e-05
1.9073e-06
0.0000e+00
5.6028e-05
3.8147e-06
0.0000e+00
6.1989e-05
3.0994e-06
0.0000e+00
5.4121e-05
1.9073e-06
0.0000e+00
5.5075e-05
1.9073e-06
0.0000e+00
5.3883e-05
1.9073e-06
0.0000e+00
5.3883e-05
1.9073e-06
0.0000e+00
7.2002e-05
4.0531e-06
0.0000e+00
5.5075e-05
2.1458e-06
0.0000e+00
5.5075e-05
2.1458e-06
0.0000e+00
5.5075e-05
5.1188e-04
0.0000e+00
5.4836e-05
2.8610e-06
0.0000e+00
5.3883e-05
1.9073e-06
0.0000e+00
5.2929e-05
1.9073e-06
0.0000e+00
5.3167e-05
1.1206e-05
0.0000e+00
5.6982e-05
1.9073e-06
0.0000e+00
5.3883e-05
4.6206e-04
0.0000e+00
5.3883e-05
7.0095e-05
0.0000e+00
5.4121e-05
2.1458e-06
1.0967e-05
1.1921e-06
2.1458e-06
6.9141e-06
9.5367e-07
9.5367e-07
0.0000e+00
5.6028e-05
1.9073e-06
0.0000e+00
5.3883e-05
2.8610e-06
0.0000e+00
7.2956e-05
2.8610e-06
2.2721e-04
9.5367e-07
1.9073e-06
0.0000e+00
5.6028e-05
1.9073e-06
0.0000e+00
5.4121e-05
2.1458e-06
0.0000e+00
6.1035e-05
2.1458e-06
0.0000e+00
5.2929e-05
1.9073e-06
0.0000e+00
5.2929e-05
9.5367e-07
0.0000e+00
5.2929e-05
9.5367e-07
1.1206e-05
9.5367e-07
2.1458e-06
0.0000e+00
5.6982e-05
9.5367e-07
0.0000e+00
5.4121e-05
3.0994e-06
0.0000e+00
5.5075e-05
1.9073e-06
0.0000e+00
5.5075e-05
2.8610e-06
5.0068e-06
9.5367e-07
9.5367e-07
0.0000e+00
5.4121e-05
2.1458e-06
0.0000e+00
5.4121e-05
2.1458e-06
0.0000e+00
5.5075e-05
3.0994e-06
0.0000e+00
5.5075e-05
1.9073e-06
0.0000e+00
5.3883e-05
1.9073e-06
0.0000e+00
5.3883e-05
2.8610e-06
0.0000e+00
5.4836e-05
2.8610e-06
0.0000e+00
5.4121e-05
1.9073e-06
0.0000e+00
5.4121e-05
1.9073e-06
0.0000e+00
5.4121e-05
2.1458e-06
0.0000e+00
6.9141e-05
3.0994e-06
0.0000e+00
5.6028e-05
1.9073e-06
0.0000e+00
5.3883e-05
1.9073e-06
0.0000e+00
5.3883e-05
2.8610e-06
0.0000e+00
5.3883e-05
1.9073e-06
0.0000e+00
5.5075e-05
1.9073e-06
0.0000e+00
5.3883e-05
1.9073e-06
0.0000e+00
5.4121e-05
2.8610e-06
0.0000e+00
6.1989e-05
2.1458e-06
0.0000e+00
5.4121e-05
2.1458e-06
0.0000e+00
5.2929e-05
2.1458e-06
0.0000e+00
5.3883e-05
2.1458e-06
0.0000e+00
5.2929e-05
1.9073e-06
0.0000e+00
5.3883e-05
1.9073e-06
0.0000e+00
5.2929e-05
1.9073e-06
0.0000e+00
7.1764e-05
3.0994e-06
0.0000e+00
5.4121e-05
2.1458e-06
0.0000e+00
5.5075e-05
1.9073e-06
0.0000e+00
5.3883e-05
1.9073e-06
0.0000e+00
5.3883e-05
2.8610e-06
0.0000e+00
5.3883e-05
1.9073e-06
0.0000e+00
5.2929e-05
2.8610e-06
0.0000e+00
5.3883e-05
2.8610e-06
0.0000e+00
5.6982e-05
1.9073e-06
0.0000e+00
5.4121e-05
1.9073e-06
5.0068e-06
1.1921e-06
2.1458e-06
0.0000e+00
5.4836e-05
2.1458e-06
0.0000e+00
5.4836e-05
3.0994e-06
0.0000e+00
5.4836e-05
1.9073e-06
0.0000e+00
5.3883e-05
1.9073e-06
0.0000e+00
5.2929e-05
2.8610e-06
0.0000e+00
5.6028e-05
1.9073e-06
0.0000e+00
5.5075e-05
3.0994e-06
0.0000e+00
5.3883e-05
1.9073e-06
0.0000e+00
5.4836e-05
1.9073e-06
0.0000e+00
5.3883e-05
1.9073e-06
0.0000e+00
5.3883e-05
3.0994e-06
0.0000e+00
5.4836e-05
3.0994e-06
0.0000e+00
5.4836e-05
3.0994e-06
1.5974e-05
9.5367e-07
2.1458e-06
4.0531e-06
9.5367e-07
9.5367e-07
0.0000e+00
5.7936e-05
2.1458e-06
9.0599e-06
9.5367e-07
9.5367e-07
0.0000e+00
5.6028e-05
1.9073e-06
6.1989e-06
9.5367e-07
1.9073e-06
0.0000e+00
5.9128e-05
4.0531e-06
0.0000e+00
5.4121e-05
2.8610e-06
1.8406e-04
1.1921e-06
9.5367e-07
4.0531e-06
0.0000e+00
9.5367e-07
0.0000e+00
7.4148e-05
1.9073e-06
0.0000e+00
5.4836e-05
3.0994e-06
0.0000e+00
5.3883e-05
3.0994e-06
0.0000e+00
5.3883e-05
3.8124e-01
