1.7516e-02
5.6028e-05
0.0000e+00
1.5998e-04
1.2820e-03
6.5188e-03
1.9073e-06
1.5020e-05
5.9605e-06
9.5367e-07
4.0531e-06
0.0000e+00
8.2970e-05
3.8147e-06
0.0000e+00
6.1035e-05
9.0599e-06
0.0000e+00
5.6982e-05
1.0967e-05
0.0000e+00
5.7936e-05
4.0531e-06
8.1062e-06
0.0000e+00
3.0994e-06
0.0000e+00
5.8174e-05
2.5780e-03
0.0000e+00
7.0095e-05
3.0994e-06
0.0000e+00
5.6982e-05
1.0014e-05
1.0259e-03
9.5367e-07
2.8610e-06
5.9605e-06
0.0000e+00
9.5367e-07
0.0000e+00
6.1989e-05
1.9073e-06
0.0000e+00
5.6028e-05
1.9073e-06
4.7684e-06
9.5367e-07
1.9073e-06
0.0000e+00
5.8174e-05
3.2091e-04
5.0068e-06
0.0000e+00
8.1062e-06
0.0000e+00
7.7963e-05
4.0531e-06
0.0000e+00
5.7936e-05
5.9605e-06
0.0000e+00
5.5790e-05
5.9605e-06
2.8300e-04
0.0000e+00
2.8610e-06
0.0000e+00
5.6982e-05
1.1921e-06
0.0000e+00
5.6028e-05
1.9073e-06
0.0000e+00
5.4121e-05
2.1458e-06
1.0991e-04
9.5367e-07
1.9073e-06
3.3307e-04
0.0000e+00
1.9073e-06
0.0000e+00
5.7936e-05
3.0994e-06
0.0000e+00
5.8174e-05
2.1458e-06
0.0000e+00
5.6028e-05
9.5367e-07
0.0000e+00
5.5075e-05
2.8610e-06
0.0000e+00
5.4121e-05
3.0994e-06
0.0000e+00
5.4121e-05
2.1458e-06
0.0000e+00
5.4121e-05
2.1458e-06
5.9605e-06
9.5367e-07
2.1458e-06
0.0000e+00
5.6982e-05
3.0994e-06
0.0000e+00
5.6982e-05
7.8678e-06
2.3842e-05
9.5367e-07
1.9073e-06
0.0000e+00
5.6982e-05
2.8610e-06
0.0000e+00
5.4836e-05
3.3712e-04
0.0000e+00
5.7936e-05
2.8610e-06
0.0000e+00
5.6028e-05
6.9141e-06
0.0000e+00
5.6028e-05
2.1458e-06
0.0000e+00
5.5075e-05
6.9141e-06
0.0000e+00
5.6982e-05
5.9605e-06
0.0000e+00
5.5075e-05
5.9605e-06
0.0000e+00
5.4836e-05
5.9605e-06
1.8160e-03
9.5367e-07
1.9073e-06
0.0000e+00
5.7936e-05
2.8610e-06
0.0000e+00
5.4121e-05
3.8147e-06
2.8706e-04
0.0000e+00
9.5367e-07
0.0000e+00
5.5790e-05
2.1458e-06
4.0531e-06
9.5367e-07
9.5367e-07
0.0000e+00
7.6056e-05
2.1791e-04
6.3181e-05
0.0000e+00
9.5367e-07
0.0000e+00
5.6982e-05
2.1458e-06
0.0000e+00
5.5075e-05
1.9073e-06
0.0000e+00
5.6028e-05
1.9073e-06
0.0000e+00
5.4836e-05
1.0014e-05
0.0000e+00
5.6982e-05
2.1458e-06
0.0000e+00
5.5075e-05
6.1989e-06
0.0000e+00
8.6069e-05
9.0599e-06
0.0000e+00
5.6982e-05
1.4806e-04
0.0000e+00
5.5075e-05
4.0531e-06
1.7691e-04
0.0000e+00
9.5367e-07
0.0000e+00
5.6982e-05
1.9073e-06
0.0000e+00
5.4836e-05
8.1062e-06
6.6042e-05
9.5367e-07
2.1458e-06
0.0000e+00
5.5075e-05
1.9073e-06
0.0000e+00
5.4121e-05
1.9073e-06
0.0000e+00
6.4850e-05
3.0994e-06
0.0000e+00
5.5075e-05
2.8610e-06
0.0000e+00
5.3883e-05
2.8610e-06
4.1199e-04
9.5367e-07
1.9073e-06
2.1935e-05
9.5367e-07
1.9073e-06
0.0000e+00
5.7936e-05
1.9073e-06
0.0000e+00
5.4121e-05
1.9073e-06
0.0000e+00
5.4121e-05
1.9073e-06
0.0000e+00
7.3195e-05
2.8610e-06
0.0000e+00
5.5790e-05
2.6107e-04
0.0000e+00
5.6028e-05
1.9073e-06
0.0000e+00
5.3883e-05
9.0599e-06
0.0000e+00
5.6028e-05
1.9073e-06
0.0000e+00
5.5075e-05
5.0068e-06
0.0000e+00
5.4121e-05
5.0068e-06
0.0000e+00
5.5075e-05
3.0994e-06
0.0000e+00
5.5790e-05
9.0599e-06
0.0000e+00
5.6028e-05
2.8610e-06
0.0000e+00
6.1035e-05
5.9605e-06
0.0000e+00
5.5075e-05
5.0068e-06
5.0068e-06
0.0000e+00
5.0068e-06
8.1062e-06
9.5367e-07
1.9073e-06
0.0000e+00
5.6982e-05
5.9605e-06
0.0000e+00
5.5075e-05
1.9073e-06
0.0000e+00
5.3883e-05
4.0531e-06
0.0000e+00
5.6028e-05
4.4680e-04
0.0000e+00
6.1989e-05
2.8610e-06
0.0000e+00
5.4836e-05
2.8610e-06
0.0000e+00
5.4836e-05
3.0994e-06
0.0000e+00
5.3883e-05
1.9073e-06
0.0000e+00
5.3883e-05
1.9073e-06
6.4087e-04
0.0000e+00
2.1458e-06
5.0068e-06
9.5367e-07
1.9073e-06
0.0000e+00
7.6056e-05
3.0994e-06
0.0000e+00
5.5075e-05
1.1921e-06
0.0000e+00
5.5075e-05
2.1458e-06
0.0000e+00
5.5075e-05
2.1458e-06
3.5596e-04
9.5367e-07
2.1458e-06
5.0068e-06
0.0000e+00
2.1458e-06
2.0289e-04
1.1921e-06
2.1458e-06
0.0000e+00
6.2943e-05
2.8610e-06
0.0000e+00
5.4836e-05
9.5367e-07
3.8147e-06
9.5367e-07
2.1458e-06
2.5892e-04
9.5367e-07
1.9073e-06
0.0000e+00
5.9128e-05
2.1458e-06
0.0000e+00
5.5075e-05
9.5367e-07
0.0000e+00
5.3883e-05
9.5367e-07
0.0000e+00
5.3883e-05
1.9073e-06
0.0000e+00
5.4121e-05
2.1458e-06
0.0000e+00
5.4121e-05
1.8620e-04
6.1035e-05
0.0000e+00
9.5367e-07
0.0000e+00
5.8889e-05
2.8610e-06
5.0068e-06
9.5367e-07
1.9073e-06
0.0000e+00
5.8174e-05
4.0531e-06
0.0000e+00
5.6982e-05
2.8610e-06
1.7095e-04
0.0000e+00
2.1458e-06
0.0000e+00
5.4836e-05
2.1458e-06
2.8896e-04
0.0000e+00
2.1458e-06
0.0000e+00
6.1989e-05
1.9073e-06
5.0068e-06
0.0000e+00
2.1458e-06
0.0000e+00
5.6028e-05
1.9073e-06
4.0531e-06
0.0000e+00
1.9073e-06
0.0000e+00
5.6982e-05
1.9073e-06
5.9605e-06
9.5367e-07
1.9073e-06
4.0531e-06
1.1921e-06
2.1458e-06
0.0000e+00
5.6028e-05
3.0994e-06
0.0000e+00
5.5075e-05
3.0994e-06
0.0000e+00
5.4121e-05
2.1458e-06
0.0000e+00
5.4121e-05
6.4707e-04
0.0000e+00
5.6028e-05
1.9073e-06
0.0000e+00
7.3910e-05
4.0531e-06
0.0000e+00
5.7220e-05
3.0994e-06
5.9605e-06
9.5367e-07
1.9073e-06
0.0000e+00
5.4836e-05
1.9073e-06
0.0000e+00
5.2929e-05
1.9073e-06
0.0000e+00
5.3883e-05
2.8610e-06
4.6992e-04
1.1921e-06
2.1458e-06
0.0000e+00
5.6028e-05
1.9073e-06
0.0000e+00
5.5075e-05
2.1458e-06
5.0068e-06
9.5367e-07
9.5367e-07
0.0000e+00
5.7936e-05
2.6488e-04
1.1206e-04
0.0000e+00
2.1458e-06
0.0000e+00
5.6982e-05
1.9073e-06
0.0000e+00
6.2227e-05
2.1458e-06
1.4305e-04
0.0000e+00
9.5367e-07
0.0000e+00
5.8174e-05
2.1458e-06
2.2197e-04
9.5367e-07
2.1458e-06
0.0000e+00
5.6028e-05
1.9073e-06
0.0000e+00
5.5075e-05
2.1458e-06
0.0000e+00
5.6982e-05
2.8610e-06
0.0000e+00
5.4836e-05
5.9605e-06
0.0000e+00
5.3883e-05
5.9605e-06
0.0000e+00
5.5075e-05
2.8610e-06
0.0000e+00
6.0797e-05
5.9605e-06
0.0000e+00
5.6028e-05
5.0068e-06
0.0000e+00
5.4836e-05
5.9605e-06
0.0000e+00
7.2956e-05
5.9605e-06
0.0000e+00
5.6982e-05
5.9605e-06
0.0000e+00
5.7220e-05
5.0068e-06
0.0000e+00
5.4836e-05
3.0994e-06
5.0068e-06
9.5367e-07
1.9073e-06
4.8304e-04
9.5367e-07
1.9073e-06
0.0000e+00
5.6028e-05
1.9073e-06
0.0000e+00
5.4836e-05
1.9073e-06
0.0000e+00
5.4836e-05
3.0994e-06
0.0000e+00
5.7936e-05
1.0705e-04
0.0000e+00
5.4121e-05
5.0068e-06
0.0000e+00
9.7990e-05
3.0994e-06
0.0000e+00
5.5075e-05
2.8610e-06
0.0000e+00
5.2929e-05
2.8610e-06
0.0000e+00
5.3883e-05
9.7990e-05
0.0000e+00
6.2943e-05
2.1458e-06
5.0068e-06
9.5367e-07
3.0994e-06
0.0000e+00
5.9128e-05
2.1458e-06
0.0000e+00
5.4121e-05
2.1458e-06
3.6955e-05
9.5367e-07
2.1458e-06
0.0000e+00
5.6028e-05
1.9073e-06
0.0000e+00
5.5075e-05
1.9073e-06
0.0000e+00
5.5075e-05
9.5367e-07
4.0531e-06
9.5367e-07
2.1458e-06
0.0000e+00
5.6028e-05
3.0994e-06
0.0000e+00
5.5075e-05
4.0531e-06
0.0000e+00
5.6982e-05
2.8610e-06
0.0000e+00
5.3883e-05
7.3600e-04
0.0000e+00
5.6028e-05
3.0994e-06
0.0000e+00
5.6028e-05
2.8610e-06
0.0000e+00
5.6028e-05
1.9073e-06
0.0000e+00
5.3883e-05
6.9141e-06
0.0000e+00
5.5075e-05
2.8610e-06
0.0000e+00
7.8917e-05
4.0531e-06
0.0000e+00
5.6982e-05
1.2302e-04
1.5020e-05
0.0000e+00
3.0994e-06
1.6904e-04
9.5367e-07
1.9073e-06
0.0000e+00
5.7220e-05
2.1458e-06
4.0531e-06
0.0000e+00
1.9073e-06
0.0000e+00
5.6028e-05
1.9073e-06
0.0000e+00
5.3883e-05
9.5367e-07
0.0000e+00
5.4836e-05
1.9073e-06
0.0000e+00
7.4863e-05
3.0994e-06
4.0531e-06
9.5367e-07
1.9073e-06
0.0000e+00
5.6028e-05
3.0994e-06
0.0000e+00
5.6982e-05
3.0994e-06
0.0000e+00
5.5075e-05
4.7612e-04
4.0531e-06
9.5367e-07
7.8678e-06
4.0531e-06
1.1921e-06
9.0599e-06
2.3127e-05
9.5367e-07
2.8610e-06
4.0531e-06
1.1921e-06
2.1458e-06
0.0000e+00
5.6028e-05
2.8610e-06
0.0000e+00
7.1764e-05
4.0531e-06
0.0000e+00
5.7936e-05
6.1297e-04
0.0000e+00
5.6982e-05
3.0994e-06
0.0000e+00
5.5075e-05
1.0586e-04
0.0000e+00
5.4836e-05
1.9073e-06
0.0000e+00
5.3883e-05
3.0994e-06
0.0000e+00
5.5075e-05
2.1458e-06
0.0000e+00
5.5075e-05
2.8610e-06
0.0000e+00
7.2956e-05
2.8610e-06
0.0000e+00
5.4836e-05
3.0994e-06
4.0531e-06
0.0000e+00
1.9073e-06
1.6904e-04
1.1921e-06
2.1458e-06
0.0000e+00
5.6028e-05
1.9073e-06
0.0000e+00
5.3883e-05
1.9073e-06
0.0000e+00
5.4121e-05
1.9073e-06
0.0000e+00
5.5075e-05
1.9073e-06
5.1403e-04
1.1921e-06
9.5367e-07
4.0531e-06
9.5367e-07
1.9073e-06
5.0068e-06
9.5367e-07
9.5367e-07
0.0000e+00
5.8174e-05
9.5367e-07
0.0000e+00
5.5075e-05
2.1458e-06
4.0531e-06
9.5367e-07
9.5367e-07
0.0000e+00
5.5075e-05
3.4690e-04
0.0000e+00
5.5790e-05
2.1458e-06
0.0000e+00
5.5075e-05
3.0994e-06
0.0000e+00
5.5075e-05
1.9073e-06
0.0000e+00
7.3910e-05
3.0994e-06
0.0000e+00
5.6028e-05
2.8610e-06
4.0531e-06
0.0000e+00
2.1458e-06
0.0000e+00
5.5075e-05
2.8610e-06
0.0000e+00
5.5790e-05
3.0994e-06
4.0531e-06
0.0000e+00
1.9073e-06
0.0000e+00
5.5790e-05
2.1458e-06
7.1406e-04
0.0000e+00
1.9073e-06
0.0000e+00
5.8889e-05
1.9073e-06
5.0068e-06
1.1921e-06
2.1458e-06
1.6594e-04
1.6928e-05
1.9073e-06
0.0000e+00
5.7936e-05
2.1458e-06
0.0000e+00
5.5075e-05
1.9073e-06
0.0000e+00
5.4121e-05
9.5367e-07
2.8515e-04
9.5367e-07
1.9073e-06
0.0000e+00
5.6028e-05
2.1458e-06
0.0000e+00
5.3883e-05
2.1458e-06
0.0000e+00
5.2929e-05
1.9073e-06
0.0000e+00
5.4836e-05
3.0994e-06
0.0000e+00
5.7936e-05
2.5797e-04
0.0000e+00
5.3883e-05
2.8610e-06
9.7990e-05
9.5367e-07
1.9073e-06
0.0000e+00
5.6982e-05
9.5367e-07
0.0000e+00
5.4121e-05
9.6083e-05
0.0000e+00
5.5790e-05
3.0994e-06
0.0000e+00
5.5075e-05
3.0994e-06
0.0000e+00
5.5075e-05
3.0994e-06
0.0000e+00
5.7936e-05
5.9605e-06
0.0000e+00
5.3883e-05
2.8610e-06
0.0000e+00
5.4836e-05
2.8610e-06
0.0000e+00
5.5075e-05
9.4175e-05
0.0000e+00
6.1989e-05
3.8290e-04
0.0000e+00
5.5075e-05
1.9073e-06
3.8147e-06
1.1921e-06
2.1458e-06
0.0000e+00
5.5075e-05
3.6955e-05
4.0531e-06
1.1921e-06
7.1526e-06
2.1195e-04
9.5367e-07
2.1458e-06
0.0000e+00
5.7936e-05
2.1458e-06
0.0000e+00
6.2943e-05
4.9829e-05
2.4700e-04
9.5367e-07
9.5367e-07
0.0000e+00
5.5075e-05
1.9073e-06
0.0000e+00
5.3883e-05
1.9073e-06
8.1062e-06
9.5367e-07
9.5367e-07
0.0000e+00
5.6028e-05
1.5712e-04
0.0000e+00
7.4148e-05
3.0994e-06
0.0000e+00
5.5075e-05
2.8610e-06
0.0000e+00
5.4836e-05
3.0994e-06
0.0000e+00
5.4121e-05
2.1458e-06
0.0000e+00
5.3883e-05
2.1458e-06
0.0000e+00
5.3883e-05
3.0994e-06
0.0000e+00
5.4121e-05
2.6298e-04
0.0000e+00
5.3883e-05
3.0994e-06
1.9813e-04
0.0000e+00
1.9073e-06
6.1989e-06
9.5367e-07
9.5367e-07
0.0000e+00
5.7936e-05
9.5367e-07
4.0531e-06
9.5367e-07
9.5367e-07
0.0000e+00
6.1989e-05
1.9073e-06
0.0000e+00
5.2929e-05
1.9073e-06
0.0000e+00
5.3167e-05
3.0994e-06
0.0000e+00
5.5075e-05
3.0994e-06
0.0000e+00
5.4121e-05
2.8610e-06
5.6601e-04
1.6928e-05
3.0994e-06
3.8147e-06
9.5367e-07
9.5367e-07
0.0000e+00
6.6042e-05
1.5688e-04
0.0000e+00
5.6028e-05
3.0994e-06
0.0000e+00
5.5075e-05
2.3842e-05
0.0000e+00
5.4836e-05
1.9073e-06
0.0000e+00
5.5075e-05
3.0994e-06
0.0000e+00
5.5075e-05
3.0994e-06
0.0000e+00
5.4121e-05
3.0994e-06
0.0000e+00
5.6982e-05
1.6689e-04
3.8147e-06
9.5367e-07
7.8678e-06
0.0000e+00
6.3896e-05
1.9073e-06
0.0000e+00
5.5075e-05
2.8610e-06
1.9097e-04
9.5367e-07
1.9073e-06
0.0000e+00
5.6982e-05
2.1458e-06
0.0000e+00
5.4121e-05
3.0994e-06
0.0000e+00
5.4836e-05
3.0994e-06
2.3794e-04
1.1921e-06
1.9073e-06
0.0000e+00
5.6982e-05
1.6403e-04
0.0000e+00
5.6028e-05
3.0994e-06
1.7405e-04
9.5367e-07
2.1458e-06
0.0000e+00
5.6028e-05
2.1458e-06
0.0000e+00
5.5075e-05
4.3154e-05
0.0000e+00
5.5075e-05
2.1458e-06
0.0000e+00
5.4121e-05
3.0994e-06
0.0000e+00
5.4121e-05
2.8610e-06
0.0000e+00
5.7936e-05
3.0994e-06
1.0514e-04
9.5367e-07
1.9073e-06
0.0000e+00
6.3181e-05
2.1458e-06
1.8311e-04
9.5367e-07
9.5367e-07
0.0000e+00
5.7936e-05
2.1458e-06
0.0000e+00
5.6028e-05
2.1458e-06
0.0000e+00
5.3883e-05
3.0994e-06
0.0000e+00
5.3883e-05
4.0531e-06
0.0000e+00
7.6056e-05
2.8610e-06
0.0000e+00
5.4836e-05
3.0994e-06
0.0000e+00
5.4836e-05
3.0994e-06
0.0000e+00
5.4121e-05
2.1458e-06
4.8876e-05
9.5367e-07
9.5367e-07
0.0000e+00
5.5075e-05
1.9073e-06
0.0000e+00
6.1989e-05
2.1458e-06
0.0000e+00
5.5075e-05
2.8610e-06
0.0000e+00
7.4863e-05
3.0994e-06
0.0000e+00
5.6028e-05
1.9073e-06
0.0000e+00
5.5075e-05
1.9073e-06
0.0000e+00
5.4121e-05
1.9073e-06
4.0531e-06
1.1921e-06
2.1458e-06
4.0531e-06
9.5367e-07
9.5367e-07
0.0000e+00
5.6028e-05
1.1802e-04
0.0000e+00
5.4121e-05
2.1458e-06
0.0000e+00
5.5075e-05
3.0994e-06
0.0000e+00
5.6982e-05
2.8610e-06
0.0000e+00
5.3883e-05
3.0994e-06
0.0000e+00
5.6028e-05
1.9073e-06
0.0000e+00
5.4836e-05
2.1458e-06
0.0000e+00
5.5075e-05
2.1458e-06
5.0068e-06
9.5367e-07
1.9073e-06
0.0000e+00
5.4836e-05
2.1458e-06
0.0000e+00
5.3883e-05
3.0994e-06
0.0000e+00
7.3910e-05
3.0994e-06
2.0981e-05
9.5367e-07
2.1458e-06
0.0000e+00
5.6982e-05
1.9073e-06
1.0014e-05
9.5367e-07
9.5367e-07
1.2493e-04
9.5367e-07
9.5367e-07
0.0000e+00
5.6982e-05
2.1458e-06
0.0000e+00
5.5075e-05
1.9073e-06
0.0000e+00
5.6028e-05
9.7752e-06
0.0000e+00
5.7936e-05
2.8610e-06
0.0000e+00
7.1049e-05
4.0531e-06
0.0000e+00
5.4121e-05
2.1458e-06
4.0531e-06
0.0000e+00
1.9073e-06
0.0000e+00
5.5075e-05
2.1458e-06
0.0000e+00
5.5075e-05
2.1458e-06
0.0000e+00
5.5075e-05
1.9073e-06
0.0000e+00
5.5075e-05
2.8610e-06
3.8147e-06
9.5367e-07
1.1921e-06
0.0000e+00
5.5075e-05
3.0994e-06
0.0000e+00
5.6982e-05
2.8610e-06
0.0000e+00
5.2929e-05
2.8610e-06
0.0000e+00
5.5075e-05
2.8610e-06
9.2030e-05
9.5367e-07
1.9073e-06
4.0531e-06
0.0000e+00
9.5367e-07
0.0000e+00
5.6982e-05
1.9073e-06
0.0000e+00
5.3883e-05
9.5367e-07
0.0000e+00
5.3883e-05
1.9073e-06
4.0531e-06
1.1921e-06
1.9073e-06
0.0000e+00
5.7936e-05
9.5367e-07
0.0000e+00
5.5075e-05
2.8610e-06
0.0000e+00
5.4836e-05
3.0994e-06
0.0000e+00
5.5075e-05
2.5988e-05
3.3855e-05
1.1921e-06
1.9073e-06
4.0531e-06
9.5367e-07
1.9073e-06
0.0000e+00
5.6982e-05
2.1458e-06
0.0000e+00
5.5075e-05
4.4107e-05
0.0000e+00
7.1049e-05
2.8610e-06
0.0000e+00
6.2943e-05
2.8610e-06
0.0000e+00
5.4836e-05
2.8610e-06
3.8147e-06
1.1921e-06
2.1458e-06
8.3923e-05
1.1921e-06
2.1458e-06
0.0000e+00
5.5075e-05
1.9073e-06
0.0000e+00
5.5075e-05
1.9073e-06
0.0000e+00
5.3167e-05
1.1921e-06
0.0000e+00
5.3883e-05
2.1458e-06
1.6093e-04
1.8120e-05
1.9073e-06
0.0000e+00
5.8174e-05
9.5367e-07
0.0000e+00
5.4121e-05
2.1458e-06
0.0000e+00
5.4121e-05
2.1458e-06
0.0000e+00
6.3896e-05
2.1458e-06
0.0000e+00
5.5075e-05
9.5367e-07
0.0000e+00
5.6028e-05
2.8610e-06
0.0000e+00
5.4836e-05
3.0994e-06
0.0000e+00
7.2956e-05
3.0994e-06
0.0000e+00
5.6028e-05
2.8610e-06
0.0000e+00
5.5075e-05
1.9073e-06
0.0000e+00
5.4836e-05
1.9073e-06
0.0000e+00
5.5075e-05
3.0994e-06
0.0000e+00
5.5075e-05
2.1458e-06
0.0000e+00
5.4121e-05
3.0994e-06
0.0000e+00
5.5075e-05
4.0531e-06
0.0000e+00
5.6982e-05
3.0994e-06
0.0000e+00
6.2943e-05
2.8610e-06
5.0068e-06
9.5367e-07
1.9073e-06
6.5088e-05
9.5367e-07
1.9073e-06
0.0000e+00
5.4836e-05
1.9073e-06
0.0000e+00
5.3883e-05
9.5367e-07
0.0000e+00
5.3883e-05
1.9073e-06
0.0000e+00
5.3883e-05
3.0994e-06
4.0531e-06
0.0000e+00
3.0994e-06
0.0000e+00
5.8889e-05
2.1458e-06
0.0000e+00
5.3883e-05
1.9073e-06
0.0000e+00
5.3883e-05
2.8610e-06
5.0068e-06
9.5367e-07
1.9073e-06
4.0531e-06
1.1921e-06
1.9073e-06
0.0000e+00
5.5790e-05
2.1458e-06
1.6189e-04
9.5367e-07
1.9073e-06
0.0000e+00
5.5790e-05
2.1458e-06
0.0000e+00
5.5075e-05
1.9073e-06
0.0000e+00
5.6982e-05
3.0994e-06
0.0000e+00
5.6028e-05
2.8610e-06
3.8147e-06
9.5367e-07
2.1458e-06
0.0000e+00
5.5075e-05
2.1458e-06
0.0000e+00
5.5075e-05
3.0994e-06
0.0000e+00
5.5075e-05
2.1458e-06
2.5034e-05
9.5367e-07
9.5367e-07
0.0000e+00
5.6028e-05
3.0994e-06
0.0000e+00
6.8903e-05
4.0531e-06
0.0000e+00
5.7936e-05
3.0994e-06
0.0000e+00
5.4836e-05
3.0994e-06
0.0000e+00
5.4836e-05
9.0599e-06
0.0000e+00
5.6028e-05
2.8610e-06
0.0000e+00
5.3883e-05
1.9073e-06
0.0000e+00
5.3883e-05
2.8610e-06
0.0000e+00
5.5075e-05
2.1458e-06
0.0000e+00
7.6056e-05
3.8147e-06
5.0068e-06
9.5367e-07
1.9073e-06
5.4121e-05
0.0000e+00
1.9073e-06
0.0000e+00
5.6982e-05
2.1458e-06
5.1022e-05
9.5367e-07
1.9073e-06
4.0531e-06
9.5367e-07
9.5367e-07
0.0000e+00
5.6028e-05
2.1458e-06
0.0000e+00
5.4121e-05
3.0994e-06
4.0531e-06
0.0000e+00
1.9073e-06
0.0000e+00
5.5075e-05
3.0994e-06
0.0000e+00
7.1049e-05
4.0531e-06
0.0000e+00
6.2943e-05
3.0994e-06
0.0000e+00
5.4121e-05
3.0994e-06
0.0000e+00
5.3883e-05
1.9073e-06
0.0000e+00
5.3883e-05
2.8610e-06
0.0000e+00
5.4836e-05
1.9073e-06
0.0000e+00
5.2929e-05
3.0994e-06
0.0000e+00
5.4121e-05
2.8610e-06
0.0000e+00
5.7936e-05
3.8147e-06
0.0000e+00
5.3883e-05
1.9073e-06
0.0000e+00
5.3883e-05
2.8610e-06
0.0000e+00
5.3883e-05
1.9073e-06
0.0000e+00
5.3883e-05
1.9073e-06
2.1935e-05
0.0000e+00
1.9073e-06
0.0000e+00
5.4836e-05
2.1458e-06
0.0000e+00
6.1035e-05
2.8610e-06
0.0000e+00
7.2002e-05
3.0994e-06
0.0000e+00
5.6028e-05
2.8610e-06
0.0000e+00
5.3883e-05
1.9073e-06
0.0000e+00
5.3883e-05
1.9073e-06
4.1008e-05
9.5367e-07
1.9073e-06
0.0000e+00
5.6028e-05
1.9073e-06
0.0000e+00
5.2929e-05
1.9073e-06
0.0000e+00
5.4121e-05
2.1458e-06
4.0531e-06
9.5367e-07
2.1458e-06
0.0000e+00
5.7936e-05
1.9073e-06
1.1992e-04
0.0000e+00
9.5367e-07
0.0000e+00
5.6028e-05
1.1921e-06
0.0000e+00
5.6982e-05
3.0994e-06
0.0000e+00
5.5075e-05
3.0994e-06
4.0531e-06
9.5367e-07
2.1458e-06
0.0000e+00
5.6028e-05
2.8610e-06
0.0000e+00
5.6028e-05
2.8610e-06
2.7895e-05
9.5367e-07
1.9073e-06
0.0000e+00
7.5817e-05
3.0994e-06
0.0000e+00
5.5075e-05
2.8610e-06
0.0000e+00
5.6028e-05
1.9073e-06
0.0000e+00
5.3883e-05
1.9073e-06
3.2187e-05
9.5367e-07
9.5367e-07
0.0000e+00
5.6028e-05
9.5367e-07
0.0000e+00
5.4836e-05
1.9073e-06
2.2173e-05
9.5367e-07
9.5367e-07
0.0000e+00
5.5075e-05
4.0531e-06
0.0000e+00
5.6028e-05
2.8610e-06
5.0068e-06
9.5367e-07
2.1458e-06
0.0000e+00
5.5075e-05
7.5817e-05
0.0000e+00
5.3883e-05
1.9073e-06
4.0531e-06
9.5367e-07
2.1458e-06
0.0000e+00
5.5075e-05
3.0994e-06
0.0000e+00
5.5075e-05
1.9073e-06
0.0000e+00
5.4121e-05
2.8133e-05
0.0000e+00
7.2002e-05
4.0531e-06
0.0000e+00
5.5075e-05
3.0994e-06
4.0531e-06
9.5367e-07
1.9073e-06
0.0000e+00
5.4836e-05
2.1458e-06
0.0000e+00
5.3883e-05
3.0994e-06
4.5061e-05
9.5367e-07
2.1458e-06
0.0000e+00
5.6982e-05
9.5367e-07
7.5102e-05
9.5367e-07
1.9073e-06
0.0000e+00
5.4836e-05
1.9073e-06
3.8147e-06
0.0000e+00
9.5367e-07
0.0000e+00
7.5102e-05
2.8610e-06
0.0000e+00
5.6028e-05
3.0994e-06
0.0000e+00
5.3883e-05
3.0994e-06
2.5988e-05
9.5367e-07
9.5367e-07
3.8147e-06
9.5367e-07
9.5367e-07
0.0000e+00
5.6028e-05
9.5367e-07
0.0000e+00
5.5075e-05
1.9073e-06
0.0000e+00
5.4121e-05
6.1035e-05
0.0000e+00
5.6028e-05
3.0994e-06
0.0000e+00
6.2943e-05
3.0994e-06
0.0000e+00
5.5075e-05
3.0994e-06
0.0000e+00
5.4121e-05
1.9073e-06
1.0967e-05
0.0000e+00
1.9073e-06
0.0000e+00
5.5075e-05
1.5020e-05
0.0000e+00
5.4121e-05
2.1458e-06
6.3896e-05
1.1921e-06
2.1458e-06
0.0000e+00
5.6028e-05
1.9073e-06
0.0000e+00
7.2956e-05
1.9073e-06
0.0000e+00
5.6982e-05
2.8610e-06
0.0000e+00
5.3883e-05
1.9073e-06
0.0000e+00
5.4836e-05
4.0531e-06
5.0068e-06
9.5367e-07
9.5367e-07
0.0000e+00
5.6028e-05
2.8610e-06
0.0000e+00
5.3883e-05
2.1458e-06
0.0000e+00
5.3883e-05
3.0994e-06
4.0531e-06
0.0000e+00
1.9073e-06
0.0000e+00
7.4148e-05
2.8610e-06
0.0000e+00
5.5790e-05
2.1458e-06
4.0531e-06
0.0000e+00
1.9073e-06
8.4162e-05
0.0000e+00
1.9073e-06
0.0000e+00
5.6028e-05
1.9073e-06
0.0000e+00
5.4836e-05
2.8610e-06
0.0000e+00
5.2929e-05
2.8610e-06
0.0000e+00
5.4836e-05
1.9073e-06
0.0000e+00
5.4836e-05
4.0531e-06
0.0000e+00
5.7936e-05
2.8610e-06
0.0000e+00
5.3883e-05
1.9073e-06
0.0000e+00
5.3883e-05
3.0994e-06
0.0000e+00
5.5075e-05
3.0994e-06
0.0000e+00
5.4121e-05
3.0994e-06
0.0000e+00
5.5075e-05
4.0531e-06
0.0000e+00
5.4121e-05
3.8147e-06
0.0000e+00
7.7009e-05
3.8147e-06
0.0000e+00
5.6028e-05
3.0994e-06
0.0000e+00
5.4121e-05
2.1458e-06
0.0000e+00
5.5075e-05
1.9073e-06
0.0000e+00
5.5075e-05
1.9073e-06
0.0000e+00
5.3883e-05
1.9073e-06
0.0000e+00
5.3883e-05
2.8610e-06
4.0531e-06
1.1921e-06
2.1458e-06
2.8610e-06
9.5367e-07
2.1458e-06
4.0531e-06
9.5367e-07
1.9073e-06
0.0000e+00
5.6982e-05
8.8215e-06
0.0000e+00
5.6028e-05
5.1975e-05
0.0000e+00
5.4836e-05
2.1458e-06
0.0000e+00
5.3883e-05
3.0994e-06
0.0000e+00
5.3883e-05
3.0994e-06
3.4094e-05
9.5367e-07
2.1458e-06
0.0000e+00
5.5075e-05
6.4850e-05
0.0000e+00
5.3883e-05
3.0994e-06
1.5974e-05
9.5367e-07
1.9073e-06
4.0531e-06
9.5367e-07
1.9073e-06
0.0000e+00
5.7936e-05
9.5367e-07
0.0000e+00
5.5075e-05
1.9073e-06
4.0531e-06
1.1921e-06
2.1458e-06
0.0000e+00
5.5075e-05
9.1076e-05
5.9605e-06
0.0000e+00
3.0994e-06
4.0531e-06
9.5367e-07
5.0068e-06
0.0000e+00
5.9128e-05
1.0705e-04
3.8147e-06
9.5367e-07
9.0599e-06
4.0531e-06
1.1921e-06
9.0599e-06
0.0000e+00
7.9155e-05
3.0994e-06
0.0000e+00
5.5075e-05
2.8610e-06
0.0000e+00
5.4836e-05
3.0994e-06
0.0000e+00
5.3883e-05
3.0994e-06
0.0000e+00
5.3883e-05
3.0994e-06
4.0531e-06
9.5367e-07
9.5367e-07
0.0000e+00
5.5075e-05
6.7949e-05
0.0000e+00
5.5075e-05
1.9073e-06
0.0000e+00
7.7009e-05
4.0531e-06
4.0531e-06
9.5367e-07
1.9073e-06
0.0000e+00
5.6982e-05
2.8610e-06
0.0000e+00
5.3883e-05
2.8610e-06
0.0000e+00
5.3883e-05
2.8610e-06
0.0000e+00
5.5075e-05
1.9073e-06
0.0000e+00
5.4836e-05
1.9073e-06
0.0000e+00
5.3883e-05
1.9073e-06
0.0000e+00
7.2956e-05
2.8610e-06
0.0000e+00
5.6028e-05
2.1458e-06
5.0068e-06
9.5367e-07
1.9073e-06
0.0000e+00
5.6982e-05
2.1458e-06
0.0000e+00
5.6028e-05
2.8610e-06
5.0068e-06
9.5367e-07
1.9073e-06
0.0000e+00
5.6028e-05
1.9073e-06
0.0000e+00
6.0081e-05
3.0994e-06
0.0000e+00
5.5075e-05
3.8147e-06
3.8147e-06
0.0000e+00
2.1458e-06
0.0000e+00
5.6028e-05
8.2970e-05
0.0000e+00
5.5075e-05
2.8610e-06
0.0000e+00
5.5075e-05
1.9073e-06
0.0000e+00
5.4121e-05
3.0994e-06
0.0000e+00
5.4121e-05
1.9073e-06
2.5034e-05
1.1921e-06
2.1458e-06
0.0000e+00
5.3883e-05
1.9073e-06
5.9605e-06
0.0000e+00
1.9073e-06
0.0000e+00
7.6056e-05
3.0994e-06
0.0000e+00
5.3883e-05
2.1458e-06
0.0000e+00
5.3883e-05
3.0994e-06
0.0000e+00
6.1035e-05
3.0994e-06
0.0000e+00
5.5075e-05
2.8610e-06
0.0000e+00
5.3883e-05
1.9073e-06
5.0068e-06
9.5367e-07
3.0994e-06
0.0000e+00
5.6028e-05
5.0068e-06
0.0000e+00
7.3910e-05
3.0994e-06
0.0000e+00
5.5075e-05
2.1458e-06
0.0000e+00
5.5075e-05
3.0994e-06
0.0000e+00
5.4121e-05
1.9073e-06
3.2902e-05
9.5367e-07
1.9073e-06
0.0000e+00
5.6028e-05
1.9073e-06
0.0000e+00
5.4836e-05
1.9073e-06
0.0000e+00
5.3883e-05
3.0994e-06
4.0531e-06
9.5367e-07
1.9073e-06
0.0000e+00
5.7936e-05
2.1458e-06
0.0000e+00
6.1989e-05
3.0994e-06
0.0000e+00
5.4121e-05
1.9073e-06
0.0000e+00
5.3883e-05
2.8610e-06
0.0000e+00
5.4836e-05
2.1458e-06
0.0000e+00
5.5075e-05
2.8610e-06
0.0000e+00
5.5075e-05
1.9073e-06
7.1526e-06
9.5367e-07
2.1458e-06
0.0000e+00
5.6982e-05
2.8610e-06
0.0000e+00
5.4836e-05
3.0994e-06
0.0000e+00
5.3883e-05
3.0994e-06
0.0000e+00
5.5075e-05
1.9073e-06
0.0000e+00
5.5075e-05
3.0994e-06
0.0000e+00
5.5075e-05
3.0994e-06
0.0000e+00
5.4121e-05
2.1458e-06
0.0000e+00
7.4863e-05
4.0531e-06
1.0967e-05
9.5367e-07
1.9073e-06
0.0000e+00
5.7936e-05
1.9073e-06
5.0068e-05
9.5367e-07
1.9073e-06
0.0000e+00
5.5075e-05
1.9073e-06
0.0000e+00
5.6028e-05
1.9073e-06
8.1062e-05
1.1921e-06
9.5367e-07
0.0000e+00
5.6982e-05
1.9073e-06
0.0000e+00
5.5075e-05
1.9073e-06
0.0000e+00
5.4121e-05
4.0531e-06
0.0000e+00
5.6982e-05
2.8610e-06
0.0000e+00
5.4836e-05
1.9073e-06
0.0000e+00
5.3883e-05
1.9073e-06
0.0000e+00
6.1989e-05
1.9073e-06
4.0531e-06
1.1921e-06
2.1458e-06
0.0000e+00
5.6028e-05
3.0994e-06
0.0000e+00
5.4121e-05
3.0994e-06
0.0000e+00
5.3167e-05
3.0994e-06
0.0000e+00
5.6982e-05
3.0994e-06
0.0000e+00
5.5075e-05
3.0994e-06
5.0068e-06
9.5367e-07
1.9073e-06
0.0000e+00
5.4836e-05
4.7922e-05
0.0000e+00
5.5075e-05
2.8610e-06
0.0000e+00
5.4121e-05
2.8610e-06
6.1989e-05
9.5367e-07
9.5367e-07
0.0000e+00
5.6028e-05
2.1458e-06
0.0000e+00
7.2002e-05
2.1458e-06
0.0000e+00
6.2943e-05
2.1458e-06
0.0000e+00
5.5075e-05
3.0994e-06
0.0000e+00
5.5075e-05
2.8610e-06
7.8678e-06
9.5367e-07
1.1921e-06
4.0531e-06
9.5367e-07
1.9073e-06
0.0000e+00
5.5075e-05
2.8610e-06
0.0000e+00
5.5075e-05
2.8610e-06
0.0000e+00
5.3883e-05
3.0994e-06
5.9128e-05
9.5367e-07
1.9073e-06
0.0000e+00
5.8889e-05
1.9073e-06
0.0000e+00
5.4836e-05
9.5367e-07
5.0068e-06
9.5367e-07
9.5367e-07
0.0000e+00
5.5075e-05
9.5367e-07
0.0000e+00
5.4121e-05
2.1458e-06
0.0000e+00
5.5075e-05
2.1458e-06
0.0000e+00
6.1989e-05
3.0994e-06
0.0000e+00
6.9141e-05
2.8610e-06
1.6093e-04
0.0000e+00
1.9073e-06
4.0531e-06
0.0000e+00
1.1921e-06
5.6028e-05
9.5367e-07
9.5367e-07
0.0000e+00
5.8174e-05
1.1921e-06
5.9605e-06
9.5367e-07
1.9073e-06
0.0000e+00
5.6028e-05
1.9073e-06
0.0000e+00
5.5790e-05
2.1458e-06
0.0000e+00
5.5075e-05
5.6028e-05
3.8147e-06
9.5367e-07
9.0599e-06
0.0000e+00
5.6028e-05
3.0994e-06
0.0000e+00
5.6982e-05
3.0994e-06
5.0068e-06
9.5367e-07
1.9073e-06
0.0000e+00
6.2943e-05
3.0994e-06
0.0000e+00
5.5075e-05
1.9073e-06
0.0000e+00
5.5075e-05
1.9073e-06
7.0810e-05
9.5367e-07
9.5367e-07
4.0531e-06
9.5367e-07
1.9073e-06
0.0000e+00
5.6982e-05
3.0994e-06
0.0000e+00
5.4121e-05
2.8610e-06
3.8147e-06
9.5367e-07
1.9073e-06
0.0000e+00
5.8174e-05
2.1458e-06
0.0000e+00
5.6028e-05
2.8610e-06
0.0000e+00
5.5075e-05
6.4850e-05
0.0000e+00
5.4836e-05
2.1458e-06
0.0000e+00
5.3883e-05
3.0994e-06
0.0000e+00
6.1035e-05
2.0027e-05
0.0000e+00
5.4836e-05
3.0994e-06
0.0000e+00
7.3910e-05
2.8610e-06
0.0000e+00
5.6028e-05
3.0994e-06
5.0068e-06
1.1921e-06
2.1458e-06
0.0000e+00
5.6982e-05
1.9073e-06
0.0000e+00
5.5075e-05
1.9073e-06
0.0000e+00
5.4836e-05
2.8610e-06
0.0000e+00
5.3883e-05
2.8610e-06
0.0000e+00
5.6982e-05
3.0994e-06
2.1219e-05
0.0000e+00
3.0994e-06
4.0531e-06
9.5367e-07
9.5367e-07
7.1526e-06
9.5367e-07
9.5367e-07
0.0000e+00
5.8174e-05
2.1458e-06
0.0000e+00
5.4121e-05
2.1458e-06
1.4067e-05
0.0000e+00
1.9073e-06
0.0000e+00
6.3181e-05
1.1516e-04
0.0000e+00
5.5075e-05
3.0994e-06
0.0000e+00
5.6028e-05
1.9073e-06
0.0000e+00
5.4836e-05
2.8133e-05
0.0000e+00
5.6982e-05
2.8610e-06
0.0000e+00
5.3883e-05
1.9073e-06
0.0000e+00
5.3883e-05
2.8610e-06
0.0000e+00
5.5075e-05
1.9073e-06
0.0000e+00
5.3883e-05
2.8610e-06
0.0000e+00
5.5075e-05
2.8610e-06
0.0000e+00
5.4121e-05
1.9073e-06
0.0000e+00
7.6056e-05
3.8147e-06
5.0068e-06
9.5367e-07
1.9073e-06
0.0000e+00
5.6028e-05
1.9073e-06
0.0000e+00
5.5075e-05
2.1458e-06
0.0000e+00
5.5075e-05
2.1458e-06
0.0000e+00
5.4121e-05
3.0994e-06
0.0000e+00
5.4121e-05
2.1458e-06
0.0000e+00
5.4121e-05
3.0994e-06
0.0000e+00
7.1049e-05
2.8610e-06
3.8147e-06
9.5367e-07
1.9073e-06
0.0000e+00
5.6982e-05
3.0994e-06
0.0000e+00
5.3883e-05
1.0014e-05
0.0000e+00
5.4121e-05
3.0994e-06
4.0531e-06
9.5367e-07
2.1458e-06
0.0000e+00
5.5075e-05
2.1458e-06
0.0000e+00
5.4121e-05
2.1458e-06
0.0000e+00
5.5075e-05
1.9073e-06
7.4148e-05
9.5367e-07
1.9073e-06
0.0000e+00
5.6028e-05
2.1458e-06
0.0000e+00
5.2929e-05
3.0994e-06
4.0531e-06
0.0000e+00
1.9073e-06
4.0531e-06
1.1921e-06
9.5367e-07
0.0000e+00
5.6028e-05
2.1458e-06
0.0000e+00
5.3883e-05
2.8610e-06
3.8147e-06
0.0000e+00
2.1458e-06
5.0068e-06
0.0000e+00
9.5367e-07
0.0000e+00
5.5075e-05
1.9073e-06
0.0000e+00
7.0095e-05
4.0531e-06
4.0531e-06
9.5367e-07
2.1458e-06
0.0000e+00
5.4121e-05
2.1458e-06
0.0000e+00
5.4121e-05
2.1458e-06
0.0000e+00
5.5075e-05
1.9073e-06
3.0994e-06
9.5367e-07
1.9073e-06
2.5797e-04
9.5367e-07
1.9073e-06
0.0000e+00
5.6982e-05
1.9073e-06
0.0000e+00
5.4121e-05
2.1458e-06
0.0000e+00
7.5102e-05
1.9073e-06
0.0000e+00
5.5075e-05
9.5367e-07
0.0000e+00
5.5075e-05
1.9073e-06
0.0000e+00
5.2929e-05
1.9073e-06
4.0531e-06
0.0000e+00
2.1458e-06
0.0000e+00
5.6028e-05
2.1458e-06
1.4067e-05
0.0000e+00
1.9073e-06
0.0000e+00
5.5790e-05
2.1458e-06
3.8147e-06
0.0000e+00
1.9073e-06
1.7905e-04
1.1921e-06
2.1458e-06
0.0000e+00
7.4863e-05
3.0994e-06
0.0000e+00
5.6028e-05
2.1458e-06
6.9141e-06
1.1921e-06
2.1458e-06
4.0531e-06
0.0000e+00
1.9073e-06
3.0994e-06
0.0000e+00
9.5367e-07
0.0000e+00
5.5790e-05
1.1992e-04
0.0000e+00
5.4836e-05
1.9073e-06
0.0000e+00
5.4836e-05
3.0994e-06
0.0000e+00
5.3883e-05
2.1458e-06
0.0000e+00
7.7963e-05
4.0531e-06
1.5974e-05
1.1921e-06
1.9073e-06
0.0000e+00
5.6982e-05
1.9073e-06
1.2875e-05
0.0000e+00
2.1458e-06
0.0000e+00
5.7936e-05
1.9073e-06
0.0000e+00
5.3883e-05
1.9073e-06
0.0000e+00
5.6028e-05
1.1921e-05
4.0531e-06
0.0000e+00
1.0967e-05
0.0000e+00
5.5075e-05
3.0994e-06
0.0000e+00
7.5102e-05
4.0531e-06
0.0000e+00
5.6028e-05
1.9073e-06
8.8215e-06
9.5367e-07
1.9073e-06
0.0000e+00
5.6982e-05
1.9073e-06
0.0000e+00
5.3883e-05
3.0994e-06
1.3590e-04
1.1921e-06
2.1458e-06
0.0000e+00
5.6028e-05
2.1458e-06
0.0000e+00
6.1035e-05
1.9073e-06
0.0000e+00
5.3883e-05
2.8610e-06
0.0000e+00
5.6982e-05
2.8610e-06
0.0000e+00
5.3883e-05
2.8610e-06
0.0000e+00
5.3883e-05
2.1458e-06
5.0068e-06
9.5367e-07
1.9073e-06
0.0000e+00
5.5075e-05
1.9073e-06
7.2956e-05
0.0000e+00
1.9073e-06
0.0000e+00
5.6982e-05
1.9073e-06
4.0531e-06
9.5367e-07
2.1458e-06
0.0000e+00
5.6028e-05
3.0994e-06
4.0531e-06
9.5367e-07
2.8610e-06
0.0000e+00
5.8174e-05
6.1035e-05
0.0000e+00
5.4836e-05
2.1458e-06
0.0000e+00
6.1035e-05
3.0994e-06
0.0000e+00
5.5075e-05
1.9073e-06
0.0000e+00
5.4836e-05
3.0994e-06
0.0000e+00
5.4121e-05
3.0994e-06
0.0000e+00
5.5075e-05
1.9073e-06
3.0041e-05
1.1921e-06
2.8610e-06
1.6212e-05
0.0000e+00
1.9073e-06
4.6015e-05
1.1921e-06
9.5367e-07
0.0000e+00
5.7936e-05
1.9073e-06
0.0000e+00
5.4121e-05
1.9073e-06
0.0000e+00
5.4121e-05
2.1458e-06
0.0000e+00
5.2929e-05
1.9073e-06
0.0000e+00
5.3883e-05
2.8610e-06
4.0531e-06
9.5367e-07
9.5367e-07
0.0000e+00
5.5075e-05
3.0994e-06
0.0000e+00
6.4850e-05
2.8610e-06
0.0000e+00
5.2929e-05
1.9073e-06
0.0000e+00
5.4836e-05
2.8610e-06
3.8147e-06
0.0000e+00
1.9073e-06
0.0000e+00
5.5075e-05
1.9073e-06
0.0000e+00
5.5075e-05
2.8610e-06
0.0000e+00
5.6982e-05
3.0994e-06
1.0896e-04
1.1921e-06
2.1458e-06
0.0000e+00
5.5075e-05
3.0994e-06
0.0000e+00
5.6028e-05
1.9073e-06
5.0068e-06
1.1921e-06
2.1458e-06
0.0000e+00
5.3883e-05
2.1458e-06
0.0000e+00
5.6982e-05
2.1458e-06
0.0000e+00
5.2929e-05
1.9073e-06
0.0000e+00
6.1035e-05
2.1458e-06
2.0981e-05
9.5367e-07
1.9073e-06
0.0000e+00
5.6028e-05
2.1458e-06
0.0000e+00
7.3910e-05
2.1458e-06
0.0000e+00
5.6028e-05
1.9073e-06
0.0000e+00
5.6028e-05
2.8610e-06
0.0000e+00
5.4836e-05
2.8610e-06
0.0000e+00
5.4836e-05
1.9073e-06
5.9605e-06
0.0000e+00
1.9073e-06
3.8147e-06
9.5367e-07
4.0531e-06
0.0000e+00
5.3883e-05
1.9073e-06
1.2016e-04
9.5367e-07
1.9073e-06
0.0000e+00
7.2002e-05
1.9073e-06
1.4067e-05
9.5367e-07
1.9073e-06
0.0000e+00
6.3181e-05
2.1458e-06
5.0068e-06
9.5367e-07
9.5367e-07
0.0000e+00
5.7220e-05
2.1458e-06
1.2994e-04
0.0000e+00
9.5367e-07
0.0000e+00
5.6028e-05
2.8610e-06
5.0068e-06
9.5367e-07
1.9073e-06
0.0000e+00
5.6982e-05
1.9073e-06
0.0000e+00
5.3883e-05
1.9073e-06
5.0068e-06
9.5367e-07
2.1458e-06
0.0000e+00
5.7936e-05
1.9073e-06
0.0000e+00
5.3883e-05
3.0994e-06
0.0000e+00
5.3883e-05
3.0994e-06
1.4997e-04
0.0000e+00
9.5367e-07
5.0068e-06
9.5367e-07
1.9073e-06
0.0000e+00
6.3181e-05
3.0994e-06
0.0000e+00
5.6028e-05
1.9073e-06
5.0783e-05
0.0000e+00
1.9073e-06
5.0068e-06
1.1921e-06
1.9073e-06
3.8147e-06
9.5367e-07
2.1458e-06
0.0000e+00
5.8889e-05
3.0994e-06
0.0000e+00
5.6028e-05
1.9073e-06
0.0000e+00
5.4121e-05
2.8610e-06
0.0000e+00
5.5075e-05
2.8610e-06
0.0000e+00
5.5075e-05
2.8610e-06
0.0000e+00
5.3883e-05
3.0994e-06
0.0000e+00
5.4121e-05
2.1458e-06
0.0000e+00
7.2956e-05
3.0994e-06
2.4080e-05
9.5367e-07
9.5367e-07
5.9605e-06
9.5367e-07
9.5367e-07
0.0000e+00
5.6028e-05
1.9073e-06
0.0000e+00
5.6028e-05
3.0994e-06
0.0000e+00
5.5075e-05
3.0994e-06
1.4400e-04
0.0000e+00
2.1458e-06
5.0068e-06
9.5367e-07
9.5367e-07
0.0000e+00
5.5790e-05
2.1458e-06
0.0000e+00
5.3883e-05
1.9073e-06
0.0000e+00
5.7220e-05
2.1458e-06
5.0068e-06
9.5367e-07
9.5367e-07
0.0000e+00
5.5075e-05
1.9073e-06
8.4162e-05
9.5367e-07
1.9073e-06
0.0000e+00
5.7220e-05
9.5367e-07
0.0000e+00
5.3883e-05
1.9073e-06
1.1683e-04
9.5367e-07
1.9073e-06
0.0000e+00
5.6028e-05
1.9073e-06
5.0068e-06
9.5367e-07
1.9073e-06
0.0000e+00
7.0810e-05
3.0994e-06
0.0000e+00
5.7936e-05
3.0994e-06
0.0000e+00
5.4836e-05
2.1458e-06
0.0000e+00
5.5075e-05
2.1458e-06
0.0000e+00
5.3883e-05
2.1458e-06
0.0000e+00
5.3883e-05
2.1458e-06
3.8147e-06
0.0000e+00
1.9073e-06
9.0122e-05
9.5367e-07
1.9073e-06
0.0000e+00
5.4836e-05
1.9073e-06
0.0000e+00
7.2002e-05
3.0994e-06
0.0000e+00
5.6028e-05
1.9073e-06
0.0000e+00
6.2943e-05
3.0994e-06
0.0000e+00
5.4121e-05
3.0994e-06
0.0000e+00
5.5075e-05
2.1458e-06
8.1062e-06
0.0000e+00
9.5367e-07
0.0000e+00
5.4121e-05
1.9073e-06
0.0000e+00
5.5075e-05
2.1458e-06
1.0967e-05
1.1921e-06
1.9073e-06
0.0000e+00
5.8889e-05
2.1458e-06
0.0000e+00
5.5075e-05
3.0994e-06
0.0000e+00
5.4121e-05
3.0994e-06
0.0000e+00
5.4121e-05
3.0994e-06
0.0000e+00
5.4121e-05
2.8610e-06
0.0000e+00
5.5075e-05
1.9073e-06
5.0068e-06
9.5367e-07
2.1458e-06
0.0000e+00
5.4121e-05
2.1458e-06
7.1049e-05
1.5020e-05
1.9073e-06
4.0531e-06
9.5367e-07
9.5367e-07
0.0000e+00
5.9128e-05
2.1458e-06
0.0000e+00
5.2929e-05
1.9073e-06
4.3869e-05
1.1921e-06
1.1921e-06
0.0000e+00
5.6028e-05
1.1921e-06
0.0000e+00
5.4121e-05
2.1458e-06
0.0000e+00
5.4121e-05
3.0994e-06
0.0000e+00
5.4121e-05
3.0994e-06
0.0000e+00
7.3910e-05
3.0994e-06
0.0000e+00
5.5075e-05
2.1458e-06
0.0000e+00
5.5075e-05
1.9073e-06
0.0000e+00
5.5075e-05
1.9073e-06
5.0068e-06
1.1921e-06
2.1458e-06
0.0000e+00
5.3883e-05
1.0014e-05
0.0000e+00
5.4836e-05
1.9073e-06
0.0000e+00
5.3883e-05
3.0994e-06
4.0531e-06
9.5367e-07
3.0994e-06
0.0000e+00
5.7936e-05
5.6982e-05
0.0000e+00
5.4121e-05
2.8610e-06
0.0000e+00
5.4121e-05
2.8610e-06
4.0531e-06
1.1921e-06
2.1458e-06
5.5075e-05
9.5367e-07
1.9073e-06
0.0000e+00
5.6982e-05
9.5367e-07
0.0000e+00
5.3883e-05
1.9073e-06
0.0000e+00
5.4836e-05
2.8610e-06
3.8147e-06
9.5367e-07
3.0994e-06
0.0000e+00
5.6982e-05
2.1458e-06
0.0000e+00
5.3883e-05
2.1458e-06
5.0068e-06
0.0000e+00
2.1458e-06
0.0000e+00
5.6028e-05
3.0994e-06
0.0000e+00
5.6982e-05
4.0531e-06
0.0000e+00
5.5075e-05
6.7949e-05
0.0000e+00
5.5075e-05
2.1458e-06
0.0000e+00
5.4121e-05
3.0994e-06
7.1526e-06
9.5367e-07
1.9073e-06
0.0000e+00
5.7936e-05
1.9073e-06
5.0068e-06
0.0000e+00
2.1458e-06
9.7036e-05
9.5367e-07
9.5367e-07
0.0000e+00
5.5790e-05
9.5367e-07
0.0000e+00
5.2929e-05
2.8610e-06
0.0000e+00
5.4836e-05
1.9073e-06
0.0000e+00
5.3883e-05
3.0994e-06
0.0000e+00
5.5075e-05
3.0994e-06
0.0000e+00
7.3910e-05
3.0994e-06
0.0000e+00
5.5075e-05
1.9073e-06
0.0000e+00
5.4121e-05
2.8610e-06
0.0000e+00
5.5075e-05
1.9073e-06
0.0000e+00
5.5075e-05
1.9073e-06
0.0000e+00
5.4836e-05
3.0994e-06
0.0000e+00
5.4121e-05
3.0994e-06
0.0000e+00
5.3883e-05
3.8147e-06
0.0000e+00
5.7936e-05
3.0994e-06
0.0000e+00
5.4121e-05
1.9073e-06
0.0000e+00
5.5075e-05
2.8610e-06
0.0000e+00
5.4121e-05
1.9073e-06
5.0068e-06
0.0000e+00
1.9073e-06
2.8610e-06
9.5367e-07
2.1458e-06
0.0000e+00
5.6028e-05
2.8610e-06
0.0000e+00
5.5075e-05
2.8610e-06
5.0068e-06
9.5367e-07
1.9073e-06
1.7905e-04
1.8120e-05
1.9073e-06
0.0000e+00
5.6982e-05
2.1458e-06
0.0000e+00
5.4836e-05
2.1458e-06
0.0000e+00
5.3883e-05
9.5367e-07
3.6955e-05
9.5367e-07
1.9073e-06
2.8610e-06
1.1921e-06
9.5367e-07
0.0000e+00
5.6028e-05
2.1458e-06
0.0000e+00
5.3167e-05
1.9073e-06
0.0000e+00
5.3883e-05
1.9073e-06
0.0000e+00
8.2016e-05
3.0994e-06
0.0000e+00
5.5075e-05
2.1458e-06
4.2915e-05
0.0000e+00
1.9073e-06
0.0000e+00
5.6028e-05
1.9073e-06
0.0000e+00
5.2929e-05
2.8610e-06
0.0000e+00
5.4836e-05
1.9073e-06
3.8147e-06
9.5367e-07
6.9141e-06
0.0000e+00
5.4121e-05
1.9073e-06
0.0000e+00
5.4121e-05
3.8147e-06
0.0000e+00
5.6028e-05
2.1458e-06
5.0068e-06
9.5367e-07
1.9073e-06
0.0000e+00
5.6028e-05
3.0994e-06
0.0000e+00
5.4121e-05
3.0994e-06
0.0000e+00
5.4121e-05
2.1458e-06
0.0000e+00
5.3883e-05
2.1458e-06
0.0000e+00
6.1035e-05
2.8610e-06
5.0068e-06
9.5367e-07
2.1458e-06
0.0000e+00
7.2002e-05
3.8147e-06
9.3937e-05
9.5367e-07
9.5367e-07
6.6996e-05
0.0000e+00
1.9073e-06
0.0000e+00
5.7936e-05
9.5367e-07
0.0000e+00
5.5075e-05
1.9073e-06
0.0000e+00
5.5075e-05
1.9073e-06
0.0000e+00
5.5075e-05
1.9073e-06
7.1526e-06
9.5367e-07
1.9073e-06
5.5075e-05
9.5367e-07
1.9073e-06
0.0000e+00
5.6028e-05
1.9073e-06
0.0000e+00
7.0810e-05
2.1458e-06
0.0000e+00
5.3883e-05
1.9073e-06
0.0000e+00
5.6028e-05
1.9073e-06
0.0000e+00
5.3883e-05
1.9073e-06
0.0000e+00
5.5075e-05
1.9073e-06
0.0000e+00
5.5075e-05
2.8610e-06
0.0000e+00
5.2929e-05
2.8610e-06
0.0000e+00
5.4121e-05
3.0994e-06
0.0000e+00
5.7936e-05
3.0994e-06
0.0000e+00
5.4836e-05
2.1458e-06
0.0000e+00
5.3883e-05
2.1458e-06
0.0000e+00
5.3883e-05
3.0994e-06
2.5988e-05
0.0000e+00
1.9073e-06
4.0531e-06
1.1921e-06
2.1458e-06
0.0000e+00
5.5075e-05
1.9073e-06
0.0000e+00
5.4121e-05
2.0027e-05
0.0000e+00
8.5831e-05
3.0994e-06
0.0000e+00
5.5075e-05
3.0994e-06
0.0000e+00
5.4121e-05
3.0994e-06
0.0000e+00
5.4121e-05
2.1458e-06
1.1921e-05
9.5367e-07
2.1458e-06
0.0000e+00
5.6028e-05
1.9073e-06
0.0000e+00
5.5075e-05
2.8610e-06
2.5988e-05
9.5367e-07
1.9073e-06
0.0000e+00
5.5075e-05
2.8610e-06
0.0000e+00
5.6982e-05
2.1458e-06
0.0000e+00
5.5075e-05
1.1921e-06
0.0000e+00
5.5075e-05
2.1458e-06
0.0000e+00
5.3883e-05
2.1458e-06
0.0000e+00
5.4836e-05
2.1458e-06
0.0000e+00
6.1989e-05
3.8147e-06
0.0000e+00
5.3883e-05
1.9073e-06
0.0000e+00
5.4836e-05
4.0531e-06
0.0000e+00
5.6982e-05
3.0994e-06
0.0000e+00
5.5075e-05
2.1458e-06
0.0000e+00
5.5075e-05
3.0994e-06
0.0000e+00
5.4121e-05
3.0994e-06
0.0000e+00
5.4121e-05
2.1458e-06
3.0994e-05
9.5367e-07
2.1458e-06
0.0000e+00
5.6028e-05
1.9073e-06
0.0000e+00
5.5075e-05
3.0994e-06
0.0000e+00
5.8174e-05
3.0994e-06
2.4080e-05
0.0000e+00
1.9073e-06
0.0000e+00
5.6028e-05
1.9073e-06
0.0000e+00
6.1035e-05
2.1458e-06
0.0000e+00
5.3883e-05
2.1458e-06
0.0000e+00
5.3883e-05
2.1458e-06
0.0000e+00
5.4836e-05
1.9073e-06
3.6001e-05
9.5367e-07
1.9073e-06
0.0000e+00
7.6056e-05
3.0994e-06
0.0000e+00
5.5075e-05
1.9073e-06
0.0000e+00
5.4121e-05
1.6904e-04
7.8678e-06
1.1921e-06
5.9605e-06
0.0000e+00
5.6028e-05
3.0994e-06
0.0000e+00
5.5075e-05
3.0994e-06
0.0000e+00
5.5075e-05
3.0994e-06
1.0014e-05
1.1921e-06
3.0994e-06
0.0000e+00
5.6028e-05
2.8610e-06
0.0000e+00
5.6982e-05
2.8610e-06
0.0000e+00
5.8174e-05
3.0994e-06
0.0000e+00
5.5075e-05
1.9073e-06
0.0000e+00
5.6028e-05
1.9073e-06
0.0000e+00
5.4836e-05
2.1458e-06
0.0000e+00
5.3883e-05
3.0994e-06
0.0000e+00
5.5075e-05
1.9073e-06
0.0000e+00
7.0095e-05
2.8610e-06
0.0000e+00
5.6028e-05
2.1458e-06
0.0000e+00
5.5075e-05
2.8610e-06
0.0000e+00
5.5075e-05
1.9073e-06
0.0000e+00
6.0797e-05
3.0994e-06
0.0000e+00
5.5075e-05
1.9073e-06
0.0000e+00
5.3167e-05
2.1458e-06
0.0000e+00
5.2929e-05
1.9073e-06
0.0000e+00
7.2956e-05
4.0531e-06
0.0000e+00
5.6028e-05
1.9073e-06
1.3113e-05
9.5367e-07
9.5367e-07
0.0000e+00
5.4836e-05
1.9073e-06
7.8917e-05
9.5367e-07
1.9073e-06
0.0000e+00
5.4836e-05
2.1458e-06
0.0000e+00
5.5075e-05
1.1921e-06
0.0000e+00
5.3883e-05
3.0994e-06
2.8610e-06
9.5367e-07
2.1458e-06
0.0000e+00
7.5102e-05
3.8147e-06
0.0000e+00
6.3181e-05
3.0994e-06
4.1008e-05
1.1921e-06
2.1458e-06
0.0000e+00
5.6982e-05
2.8610e-06
0.0000e+00
5.4121e-05
2.8610e-06
0.0000e+00
5.3883e-05
2.8610e-06
4.0531e-06
1.1921e-06
2.1458e-06
0.0000e+00
5.5075e-05
3.0994e-06
0.0000e+00
5.4121e-05
3.0994e-06
4.0531e-06
1.6928e-05
2.1458e-06
5.9605e-06
9.5367e-07
2.1458e-06
0.0000e+00
5.7936e-05
2.8610e-06
3.8147e-06
9.5367e-07
1.9073e-06
0.0000e+00
5.5075e-05
2.8610e-06
0.0000e+00
5.4836e-05
3.0994e-06
0.0000e+00
5.4836e-05
3.0994e-06
0.0000e+00
5.2929e-05
2.8610e-06
0.0000e+00
5.3883e-05
3.0994e-06
5.9605e-06
1.1921e-06
2.1458e-06
0.0000e+00
5.8889e-05
1.1301e-04
0.0000e+00
5.4836e-05
1.9073e-06
0.0000e+00
5.3883e-05
3.0994e-06
0.0000e+00
5.4836e-05
1.9073e-06
0.0000e+00
5.2929e-05
1.9073e-06
0.0000e+00
5.4121e-05
1.9073e-06
0.0000e+00
5.4121e-05
2.1458e-06
0.0000e+00
7.2002e-05
3.0994e-06
0.0000e+00
5.3883e-05
2.1458e-06
5.0068e-06
9.5367e-07
1.9073e-06
0.0000e+00
5.6028e-05
2.8610e-06
3.8147e-06
9.5367e-07
2.1458e-06
0.0000e+00
6.1989e-05
1.9073e-06
0.0000e+00
5.4836e-05
2.8610e-06
0.0000e+00
5.3883e-05
3.0994e-06
0.0000e+00
5.3883e-05
2.1458e-06
0.0000e+00
7.2002e-05
2.8610e-06
0.0000e+00
5.6028e-05
3.0994e-06
0.0000e+00
5.4121e-05
2.1458e-06
0.0000e+00
5.4121e-05
3.0994e-06
0.0000e+00
5.4121e-05
2.1458e-06
0.0000e+00
5.4121e-05
2.1458e-06
0.0000e+00
5.4121e-05
2.1458e-06
0.0000e+00
5.2929e-05
2.8610e-06
0.0000e+00
5.6982e-05
2.8610e-06
0.0000e+00
6.1035e-05
3.0994e-06
0.0000e+00
5.5075e-05
3.0994e-06
4.0531e-06
0.0000e+00
1.9073e-06
6.2943e-05
9.5367e-07
1.9073e-06
6.9141e-06
9.5367e-07
9.5367e-07
0.0000e+00
5.4836e-05
1.9073e-06
0.0000e+00
5.3883e-05
6.1989e-05
6.1989e-05
9.5367e-07
1.9073e-06
0.0000e+00
7.5817e-05
4.0531e-06
0.0000e+00
5.6982e-05
2.8610e-06
0.0000e+00
5.3883e-05
1.9073e-06
0.0000e+00
5.5075e-05
3.0994e-06
4.0531e-06
9.5367e-07
1.9073e-06
0.0000e+00
5.5075e-05
2.8610e-06
4.0531e-06
1.1921e-06
2.1458e-06
0.0000e+00
6.1035e-05
3.0994e-06
0.0000e+00
5.6028e-05
2.8610e-06
0.0000e+00
5.6982e-05
3.0994e-06
0.0000e+00
5.4121e-05
1.9073e-06
0.0000e+00
5.4121e-05
2.1458e-06
0.0000e+00
5.5075e-05
3.4094e-05
0.0000e+00
5.5075e-05
2.8610e-06
4.0531e-06
0.0000e+00
2.1458e-06
5.7936e-05
1.1921e-06
1.1921e-06
4.0531e-06
9.5367e-07
1.9073e-06
0.0000e+00
5.6982e-05
3.0994e-06
1.6689e-04
9.5367e-07
1.9073e-06
0.0000e+00
5.7936e-05
1.9073e-06
0.0000e+00
6.1989e-05
1.9073e-06
0.0000e+00
5.4121e-05
2.1458e-06
0.0000e+00
5.4121e-05
1.9073e-06
0.0000e+00
5.4121e-05
3.8147e-06
0.0000e+00
5.4836e-05
3.0994e-06
0.0000e+00
5.3883e-05
2.8610e-06
0.0000e+00
7.2956e-05
2.8610e-06
0.0000e+00
5.4836e-05
1.9073e-06
1.0014e-05
9.5367e-07
1.9073e-06
0.0000e+00
5.4836e-05
1.9073e-06
0.0000e+00
5.3883e-05
1.9073e-06
4.0531e-06
1.1921e-06
9.5367e-07
2.8610e-06
0.0000e+00
1.9073e-06
0.0000e+00
5.6028e-05
2.8610e-06
0.0000e+00
5.2929e-05
2.8610e-06
0.0000e+00
7.7963e-05
3.8147e-06
0.0000e+00
5.4836e-05
3.0994e-06
1.0395e-04
0.0000e+00
2.1458e-06
0.0000e+00
5.6028e-05
1.9073e-06
0.0000e+00
5.4121e-05
2.1458e-06
0.0000e+00
5.4121e-05
2.1458e-06
0.0000e+00
5.5075e-05
2.1458e-06
3.0041e-05
9.5367e-07
9.5367e-07
0.0000e+00
5.4836e-05
2.1458e-06
1.0014e-05
1.1921e-06
1.1921e-06
0.0000e+00
5.7936e-05
1.9073e-06
0.0000e+00
5.4836e-05
1.9073e-06
0.0000e+00
5.3883e-05
1.9073e-06
0.0000e+00
5.3883e-05
1.9073e-06
0.0000e+00
5.8174e-05
2.1458e-06
0.0000e+00
5.4121e-05
4.0531e-06
0.0000e+00
5.4121e-05
4.0531e-06
0.0000e+00
5.6028e-05
3.0994e-06
0.0000e+00
5.3883e-05
2.1458e-06
0.0000e+00
5.3883e-05
2.1458e-06
0.0000e+00
5.5075e-05
3.0994e-06
5.0068e-06
9.5367e-07
9.5367e-07
7.3910e-05
1.1921e-06
1.3462e-01
