2.4269e-03
2.5201e-04
0.0000e+00
5.1022e-05
5.9605e-06
0.0000e+00
2.5988e-05
2.1458e-06
0.0000e+00
2.3842e-05
9.5367e-07
0.0000e+00
2.5988e-05
5.7161e-03
0.0000e+00
2.4080e-05
1.9073e-06
0.0000e+00
2.3127e-05
9.5367e-07
1.0014e-05
9.5367e-07
5.0068e-06
5.1022e-05
0.0000e+00
2.1458e-06
0.0000e+00
3.6955e-05
2.1458e-06
0.0000e+00
2.2888e-05
1.1921e-06
0.0000e+00
2.4796e-05
1.9073e-06
0.0000e+00
2.6941e-05
4.1103e-04
0.0000e+00
2.2173e-05
1.9073e-06
0.0000e+00
2.2173e-05
3.6955e-05
0.0000e+00
2.1935e-05
9.5367e-07
0.0000e+00
2.1935e-05
9.5367e-07
0.0000e+00
2.3127e-05
9.5367e-07
0.0000e+00
2.3127e-05
1.9073e-06
1.5306e-04
9.5367e-07
0.0000e+00
0.0000e+00
2.3127e-05
9.5367e-07
0.0000e+00
2.3127e-05
9.5367e-07
2.1458e-06
9.5367e-07
1.4067e-05
3.8147e-06
1.1921e-06
1.8835e-05
2.1458e-06
0.0000e+00
9.0599e-06
0.0000e+00
2.1935e-05
1.4710e-04
0.0000e+00
3.0994e-05
2.1458e-06
0.0000e+00
2.2888e-05
9.5367e-07
0.0000e+00
2.1935e-05
7.6056e-05
0.0000e+00
2.1935e-05
1.1921e-06
0.0000e+00
2.1935e-05
0.0000e+00
2.1458e-06
0.0000e+00
1.7881e-05
0.0000e+00
2.2173e-05
9.5367e-07
2.1458e-06
9.5367e-07
4.0531e-06
0.0000e+00
2.1935e-05
1.1921e-06
0.0000e+00
2.8849e-05
6.7806e-04
1.1921e-06
0.0000e+00
1.0014e-05
0.0000e+00
2.1935e-05
2.8610e-06
0.0000e+00
2.2173e-05
1.9073e-06
0.0000e+00
2.1935e-05
1.1921e-06
0.0000e+00
2.0981e-05
3.0994e-06
1.9073e-06
0.0000e+00
0.0000e+00
0.0000e+00
2.1935e-05
9.5367e-07
0.0000e+00
2.2173e-05
2.9707e-04
1.9073e-06
0.0000e+00
2.6941e-05
0.0000e+00
2.4080e-05
9.5367e-07
0.0000e+00
2.1935e-05
9.5367e-07
0.0000e+00
2.1935e-05
5.9605e-06
9.5367e-07
0.0000e+00
2.0027e-05
9.5367e-07
0.0000e+00
5.9605e-06
0.0000e+00
2.2888e-05
2.1458e-06
1.3158e-03
0.0000e+00
9.5367e-07
0.0000e+00
2.1935e-05
1.1921e-06
0.0000e+00
3.0041e-05
9.5367e-07
0.0000e+00
2.2888e-05
1.1921e-06
0.0000e+00
2.1935e-05
2.1100e-04
0.0000e+00
2.2173e-05
9.5367e-07
0.0000e+00
2.2173e-05
9.5367e-07
0.0000e+00
2.0981e-05
2.8133e-05
0.0000e+00
2.1935e-05
1.1921e-06
9.5367e-07
0.0000e+00
1.1921e-06
0.0000e+00
2.6941e-05
2.1458e-06
1.7500e-04
9.5367e-07
0.0000e+00
0.0000e+00
2.4080e-05
9.5367e-07
0.0000e+00
2.2173e-05
0.0000e+00
1.9073e-06
1.1921e-06
8.8215e-06
3.0994e-06
9.5367e-07
1.8120e-05
0.0000e+00
2.2888e-05
1.1921e-06
0.0000e+00
2.1935e-05
9.5367e-07
0.0000e+00
2.2173e-05
5.9605e-06
0.0000e+00
2.1935e-05
2.2388e-04
0.0000e+00
2.3127e-05
9.5367e-07
0.0000e+00
2.2173e-05
9.5367e-07
0.0000e+00
2.1935e-05
6.1989e-06
0.0000e+00
2.1935e-05
1.6403e-04
9.5367e-07
0.0000e+00
2.0027e-05
0.0000e+00
2.1935e-05
9.5367e-07
0.0000e+00
2.1935e-05
2.0981e-05
0.0000e+00
2.1935e-05
1.1921e-06
0.0000e+00
2.1935e-05
9.5367e-07
0.0000e+00
2.1935e-05
9.5367e-07
0.0000e+00
2.0981e-05
9.5367e-07
0.0000e+00
2.0981e-05
1.1921e-06
0.0000e+00
2.1935e-05
9.5367e-07
0.0000e+00
2.2173e-05
9.5367e-07
2.1458e-06
0.0000e+00
1.7881e-05
0.0000e+00
2.3127e-05
9.5367e-07
2.1458e-06
6.9141e-06
1.0967e-05
0.0000e+00
2.2888e-05
9.5367e-07
3.0994e-06
0.0000e+00
1.1921e-06
0.0000e+00
2.1935e-05
9.5367e-07
0.0000e+00
2.2173e-05
5.9605e-06
0.0000e+00
2.0981e-05
1.1921e-06
0.0000e+00
2.0981e-05
9.5367e-07
0.0000e+00
2.1219e-05
8.5688e-04
0.0000e+00
3.0041e-05
1.1921e-06
1.9073e-06
0.0000e+00
2.1458e-06
1.3804e-04
0.0000e+00
0.0000e+00
0.0000e+00
2.3127e-05
0.0000e+00
0.0000e+00
2.1935e-05
4.0054e-05
0.0000e+00
2.0981e-05
8.8215e-06
0.0000e+00
2.2888e-05
9.5367e-07
0.0000e+00
2.2173e-05
9.5844e-05
0.0000e+00
2.1935e-05
9.5367e-07
0.0000e+00
3.0041e-05
1.9073e-06
0.0000e+00
2.1935e-05
9.5367e-07
0.0000e+00
2.2173e-05
9.5367e-07
0.0000e+00
2.0981e-05
1.0014e-05
0.0000e+00
2.3127e-05
7.8678e-06
0.0000e+00
2.2173e-05
9.5367e-07
0.0000e+00
2.0981e-05
9.5367e-07
0.0000e+00
2.1935e-05
1.9073e-06
0.0000e+00
2.1935e-05
4.6968e-05
0.0000e+00
2.4080e-05
1.8191e-04
0.0000e+00
2.0981e-05
9.5367e-07
0.0000e+00
2.0981e-05
9.5367e-07
0.0000e+00
2.0981e-05
1.0967e-05
0.0000e+00
2.0981e-05
2.1458e-06
0.0000e+00
2.1935e-05
2.1458e-06
0.0000e+00
3.3855e-05
9.5367e-07
0.0000e+00
2.1935e-05
4.0531e-06
0.0000e+00
2.1935e-05
1.1921e-06
0.0000e+00
2.1935e-05
2.1458e-06
0.0000e+00
2.1935e-05
9.5367e-07
0.0000e+00
2.1935e-05
9.5367e-07
4.4608e-04
2.8610e-06
9.5367e-07
0.0000e+00
2.3127e-05
9.5367e-07
1.2589e-04
1.1921e-06
9.5367e-07
0.0000e+00
2.3127e-05
0.0000e+00
1.9073e-06
1.1921e-06
5.9605e-06
9.5367e-07
0.0000e+00
2.1935e-05
0.0000e+00
2.1935e-05
1.1921e-06
0.0000e+00
2.0981e-05
6.9141e-06
0.0000e+00
2.2173e-05
1.9073e-06
0.0000e+00
2.3127e-05
9.5367e-07
0.0000e+00
2.1935e-05
1.1921e-06
0.0000e+00
2.8849e-05
2.1458e-06
7.1692e-04
9.5367e-07
9.5367e-07
0.0000e+00
2.2888e-05
5.1975e-05
0.0000e+00
2.1935e-05
9.5367e-07
0.0000e+00
2.3127e-05
9.5367e-07
1.9073e-06
9.5367e-07
9.0599e-06
0.0000e+00
2.2173e-05
0.0000e+00
0.0000e+00
2.1935e-05
1.1921e-06
0.0000e+00
2.0981e-05
9.5367e-07
0.0000e+00
3.0041e-05
1.1921e-06
0.0000e+00
2.1935e-05
9.5367e-07
0.0000e+00
2.1219e-05
9.5367e-07
0.0000e+00
2.1935e-05
1.1921e-06
0.0000e+00
2.0981e-05
9.5367e-07
0.0000e+00
2.2173e-05
9.5367e-07
0.0000e+00
2.1935e-05
9.5367e-07
8.6093e-04
9.5367e-07
9.5367e-07
0.0000e+00
3.0041e-05
1.1921e-06
0.0000e+00
2.1935e-05
0.0000e+00
2.1458e-06
9.5367e-07
1.9073e-06
0.0000e+00
2.3127e-05
9.5367e-07
0.0000e+00
2.0981e-05
8.8215e-06
0.0000e+00
2.2173e-05
1.7190e-04
0.0000e+00
2.1935e-05
4.0531e-06
1.9073e-06
0.0000e+00
2.0027e-05
0.0000e+00
2.3127e-05
1.9073e-06
0.0000e+00
2.1935e-05
9.5367e-07
0.0000e+00
2.0981e-05
9.5367e-07
4.0531e-06
9.5367e-07
9.0599e-06
0.0000e+00
2.1935e-05
9.4175e-05
0.0000e+00
2.1935e-05
9.5367e-07
0.0000e+00
2.2173e-05
1.9073e-06
9.5367e-07
0.0000e+00
2.0027e-05
0.0000e+00
2.2888e-05
9.5367e-07
0.0000e+00
2.7895e-05
9.5367e-07
0.0000e+00
2.2888e-05
9.5367e-07
0.0000e+00
2.2173e-05
9.5367e-07
8.5092e-04
0.0000e+00
9.5367e-07
0.0000e+00
2.4080e-05
0.0000e+00
0.0000e+00
2.2173e-05
0.0000e+00
0.0000e+00
2.1935e-05
0.0000e+00
0.0000e+00
2.1935e-05
9.5367e-07
9.5367e-07
0.0000e+00
1.9073e-06
0.0000e+00
3.1948e-05
9.5367e-07
9.5367e-07
0.0000e+00
1.0014e-05
0.0000e+00
2.2888e-05
8.1062e-06
0.0000e+00
2.1935e-05
1.9073e-06
9.5367e-07
0.0000e+00
2.0981e-05
0.0000e+00
2.2173e-05
9.5367e-07
4.6802e-04
0.0000e+00
9.5367e-07
1.6928e-05
0.0000e+00
0.0000e+00
0.0000e+00
2.2888e-05
9.5367e-07
2.1458e-06
9.5367e-07
9.5367e-07
2.1458e-06
0.0000e+00
9.5367e-07
1.9073e-06
0.0000e+00
5.0068e-06
0.0000e+00
2.2888e-05
2.7418e-04
0.0000e+00
2.0981e-05
9.5367e-07
0.0000e+00
2.2173e-05
3.6955e-05
0.0000e+00
2.0981e-05
9.5367e-07
1.1921e-06
0.0000e+00
5.0068e-06
0.0000e+00
2.1935e-05
9.5367e-07
0.0000e+00
2.0981e-05
9.5367e-07
0.0000e+00
2.7895e-05
9.5367e-07
0.0000e+00
2.1935e-05
9.5367e-07
0.0000e+00
2.1935e-05
1.1921e-06
0.0000e+00
2.0981e-05
9.5367e-07
0.0000e+00
2.2173e-05
3.2902e-04
0.0000e+00
2.1935e-05
9.5367e-07
2.1458e-06
0.0000e+00
2.0981e-05
9.5367e-07
0.0000e+00
2.0027e-05
0.0000e+00
2.2888e-05
9.5367e-07
2.1458e-06
0.0000e+00
5.0068e-06
1.4305e-04
0.0000e+00
9.5367e-07
9.5367e-07
0.0000e+00
9.5367e-07
0.0000e+00
2.2888e-05
1.1921e-06
0.0000e+00
2.1935e-05
6.9141e-06
0.0000e+00
2.2173e-05
9.5367e-07
1.9073e-06
1.1921e-06
2.0981e-05
0.0000e+00
2.1935e-05
9.5367e-07
4.0817e-04
0.0000e+00
0.0000e+00
0.0000e+00
2.1935e-05
0.0000e+00
0.0000e+00
3.2902e-05
1.9073e-06
0.0000e+00
2.2173e-05
9.5367e-07
0.0000e+00
2.0981e-05
9.5367e-07
0.0000e+00
2.1935e-05
1.0395e-04
9.5367e-07
0.0000e+00
2.0027e-05
0.0000e+00
2.3127e-05
9.5367e-07
0.0000e+00
2.1935e-05
1.1921e-06
0.0000e+00
2.1935e-05
6.9141e-06
0.0000e+00
2.7895e-05
9.5367e-07
1.8692e-04
0.0000e+00
9.5367e-07
0.0000e+00
2.2173e-05
9.5367e-07
0.0000e+00
2.0981e-05
9.5367e-07
3.0994e-06
0.0000e+00
9.5367e-07
0.0000e+00
2.1935e-05
9.5367e-07
0.0000e+00
2.2173e-05
1.1921e-06
0.0000e+00
2.0981e-05
1.9073e-06
0.0000e+00
2.2173e-05
4.0531e-06
0.0000e+00
2.3127e-05
1.9073e-06
0.0000e+00
2.0981e-05
1.9073e-06
0.0000e+00
2.1935e-05
2.1458e-06
3.0994e-06
9.5367e-07
9.5367e-07
0.0000e+00
2.1935e-05
9.5367e-07
0.0000e+00
2.1935e-05
1.9813e-04
0.0000e+00
2.1935e-05
9.0599e-06
0.0000e+00
2.1935e-05
1.9073e-06
0.0000e+00
2.2173e-05
2.8491e-04
0.0000e+00
2.2173e-05
1.0014e-05
0.0000e+00
2.0981e-05
1.9073e-06
0.0000e+00
2.0981e-05
9.5367e-07
0.0000e+00
2.1935e-05
6.6042e-05
0.0000e+00
2.2173e-05
9.5367e-07
0.0000e+00
2.1935e-05
9.5367e-07
0.0000e+00
2.8133e-05
9.5367e-07
2.1458e-06
9.5367e-07
1.0014e-05
0.0000e+00
2.2888e-05
1.1921e-06
0.0000e+00
2.1935e-05
9.5367e-07
0.0000e+00
2.2173e-05
3.9101e-04
0.0000e+00
2.1935e-05
9.5367e-07
0.0000e+00
2.0981e-05
9.5367e-07
0.0000e+00
2.0981e-05
1.1921e-06
1.0896e-04
0.0000e+00
9.5367e-07
0.0000e+00
3.0994e-05
2.1458e-06
0.0000e+00
2.1935e-05
9.5367e-07
9.5367e-07
0.0000e+00
5.9605e-06
0.0000e+00
2.2173e-05
0.0000e+00
0.0000e+00
2.1935e-05
1.1921e-06
9.5367e-07
9.5367e-07
2.0981e-05
0.0000e+00
2.2173e-05
9.5367e-07
4.0531e-06
9.5367e-07
1.5020e-05
9.5367e-07
9.5367e-07
2.0027e-05
0.0000e+00
2.3127e-05
3.0994e-06
0.0000e+00
2.2888e-05
9.5367e-07
0.0000e+00
2.1935e-05
9.5367e-07
2.1458e-06
0.0000e+00
1.5020e-05
0.0000e+00
2.1935e-05
9.5367e-07
0.0000e+00
2.1219e-05
9.5367e-07
0.0000e+00
2.0981e-05
3.0994e-06
0.0000e+00
2.0981e-05
1.1921e-06
0.0000e+00
2.5034e-05
7.8678e-06
0.0000e+00
3.0041e-05
6.4206e-04
1.9073e-05
0.0000e+00
1.0014e-05
0.0000e+00
2.1935e-05
9.5367e-07
0.0000e+00
2.0981e-05
0.0000e+00
0.0000e+00
2.2173e-05
1.2684e-04
0.0000e+00
2.1219e-05
1.9073e-06
0.0000e+00
2.5034e-05
9.5367e-07
0.0000e+00
2.2173e-05
5.0068e-06
0.0000e+00
3.0041e-05
9.5367e-07
0.0000e+00
2.1935e-05
1.6809e-04
0.0000e+00
2.1935e-05
9.5367e-07
0.0000e+00
2.0981e-05
9.5367e-07
0.0000e+00
2.0981e-05
9.5367e-07
1.9073e-06
1.1921e-06
8.8215e-06
1.1206e-05
0.0000e+00
1.1921e-05
0.0000e+00
2.2173e-05
9.5367e-07
0.0000e+00
2.0981e-05
1.1921e-06
0.0000e+00
2.2888e-05
1.1921e-06
9.5367e-07
0.0000e+00
1.9073e-05
1.0014e-05
0.0000e+00
1.1921e-05
0.0000e+00
2.1935e-05
3.9101e-05
0.0000e+00
2.1935e-05
9.5367e-07
0.0000e+00
2.1219e-05
9.5367e-07
9.5367e-07
0.0000e+00
2.0027e-05
0.0000e+00
2.1935e-05
4.3082e-04
0.0000e+00
2.1935e-05
2.1458e-06
0.0000e+00
2.1935e-05
9.5367e-07
0.0000e+00
2.1935e-05
9.5367e-07
0.0000e+00
2.0981e-05
9.5367e-07
1.9073e-06
1.1921e-06
1.5974e-05
0.0000e+00
2.1935e-05
9.5367e-07
0.0000e+00
2.1935e-05
9.5367e-07
3.4213e-04
9.5367e-07
9.5367e-07
9.5367e-07
0.0000e+00
9.5367e-07
0.0000e+00
2.1935e-05
5.8889e-05
0.0000e+00
2.3127e-05
1.9073e-06
0.0000e+00
2.2173e-05
9.5367e-07
0.0000e+00
2.1935e-05
8.1062e-06
0.0000e+00
2.1935e-05
9.5367e-07
0.0000e+00
2.1935e-05
4.0531e-06
0.0000e+00
2.1935e-05
9.5367e-07
2.1458e-06
9.5367e-07
2.2888e-05
0.0000e+00
2.1935e-05
1.9073e-06
1.0014e-05
7.1526e-06
5.0068e-06
0.0000e+00
2.2888e-05
9.5367e-07
0.0000e+00
2.1935e-05
9.5367e-07
0.0000e+00
2.2173e-05
1.2493e-04
0.0000e+00
2.2173e-05
9.5367e-07
9.5367e-07
0.0000e+00
1.8835e-05
0.0000e+00
2.2173e-05
6.9141e-06
0.0000e+00
2.2173e-05
2.8610e-06
0.0000e+00
2.2173e-05
1.9073e-06
0.0000e+00
2.3127e-05
9.5367e-07
2.1458e-06
9.5367e-07
1.1921e-05
0.0000e+00
2.1935e-05
3.6287e-04
0.0000e+00
2.0981e-05
3.8147e-06
0.0000e+00
2.1935e-05
9.5367e-07
0.0000e+00
2.4080e-05
1.9073e-06
2.1458e-06
0.0000e+00
8.8215e-06
0.0000e+00
2.1935e-05
1.2493e-04
0.0000e+00
2.8849e-05
1.1921e-06
9.5367e-07
0.0000e+00
1.2159e-05
1.9073e-06
0.0000e+00
2.0027e-05
9.0599e-06
0.0000e+00
1.3113e-05
0.0000e+00
2.1935e-05
1.1921e-06
0.0000e+00
2.1935e-05
3.6597e-04
0.0000e+00
2.2173e-05
9.5367e-07
0.0000e+00
2.1935e-05
1.1921e-06
9.5367e-07
0.0000e+00
1.4067e-05
0.0000e+00
2.3127e-05
9.5367e-07
0.0000e+00
2.3127e-05
9.5367e-07
4.0531e-06
0.0000e+00
1.1921e-06
0.0000e+00
2.2888e-05
2.8801e-04
0.0000e+00
2.1935e-05
9.5367e-07
0.0000e+00
2.0981e-05
7.1526e-06
0.0000e+00
2.1935e-05
8.1062e-06
0.0000e+00
2.1935e-05
8.1062e-05
1.9073e-06
1.1921e-06
2.0981e-05
0.0000e+00
3.0041e-05
9.5367e-07
0.0000e+00
2.3127e-05
9.5367e-07
0.0000e+00
2.1935e-05
6.5088e-05
0.0000e+00
2.2888e-05
1.1921e-06
9.5367e-07
0.0000e+00
2.0027e-05
0.0000e+00
2.1935e-05
6.9141e-06
0.0000e+00
2.0981e-05
1.1921e-06
0.0000e+00
2.0981e-05
9.5367e-07
0.0000e+00
2.0981e-05
9.5367e-07
1.7500e-04
0.0000e+00
1.1921e-06
0.0000e+00
2.5034e-05
1.9073e-06
0.0000e+00
2.1935e-05
9.5367e-07
2.1458e-06
0.0000e+00
4.0531e-06
0.0000e+00
2.3127e-05
0.0000e+00
0.0000e+00
2.1935e-05
6.1989e-06
1.9073e-06
9.5367e-07
2.9087e-05
0.0000e+00
2.1935e-05
1.1921e-06
0.0000e+00
2.1935e-05
9.5367e-07
0.0000e+00
2.1935e-05
1.1921e-06
0.0000e+00
2.1935e-05
2.1458e-06
0.0000e+00
2.1935e-05
9.5367e-07
0.0000e+00
2.2173e-05
4.4584e-04
2.1458e-06
0.0000e+00
2.0027e-05
1.9073e-06
0.0000e+00
2.0027e-05
2.1458e-06
0.0000e+00
6.9141e-06
0.0000e+00
2.2173e-05
9.5367e-07
0.0000e+00
2.1935e-05
2.3890e-04
0.0000e+00
2.2888e-05
9.5367e-07
4.0531e-06
0.0000e+00
1.1921e-06
0.0000e+00
2.1935e-05
2.3127e-05
1.9073e-06
0.0000e+00
2.0981e-05
0.0000e+00
2.2173e-05
9.5367e-07
0.0000e+00
2.1935e-05
1.1921e-06
0.0000e+00
2.1935e-05
9.5367e-07
0.0000e+00
2.2173e-05
9.5367e-07
9.5367e-07
0.0000e+00
5.0068e-06
0.0000e+00
2.2888e-05
1.1921e-06
0.0000e+00
2.1935e-05
9.5367e-07
0.0000e+00
2.2173e-05
1.9073e-06
4.0531e-06
9.5367e-07
1.2159e-05
1.9073e-06
0.0000e+00
2.0981e-05
0.0000e+00
2.3127e-05
9.5367e-07
0.0000e+00
2.1935e-05
6.1989e-06
0.0000e+00
2.1935e-05
9.5367e-07
0.0000e+00
2.8133e-05
1.9073e-06
7.2217e-04
0.0000e+00
0.0000e+00
0.0000e+00
2.3127e-05
0.0000e+00
0.0000e+00
2.1935e-05
9.5367e-07
0.0000e+00
2.1935e-05
9.5367e-07
0.0000e+00
2.1935e-05
3.8147e-06
0.0000e+00
2.1935e-05
1.9073e-06
0.0000e+00
2.1935e-05
9.5367e-07
0.0000e+00
2.2173e-05
3.0994e-06
0.0000e+00
2.2888e-05
3.0994e-06
4.2915e-05
0.0000e+00
9.5367e-07
0.0000e+00
2.2888e-05
3.1114e-04
0.0000e+00
2.1935e-05
1.1921e-06
2.8610e-06
9.5367e-07
1.8120e-05
1.9073e-06
0.0000e+00
2.7895e-05
1.9073e-06
1.1921e-06
2.0981e-05
0.0000e+00
2.2888e-05
1.1921e-06
9.5367e-07
0.0000e+00
2.0027e-05
1.8001e-04
0.0000e+00
1.1921e-06
9.5367e-07
0.0000e+00
1.1921e-06
0.0000e+00
2.1935e-05
1.5092e-04
0.0000e+00
2.1935e-05
9.5367e-07
1.9073e-06
1.1921e-06
2.7895e-05
1.9073e-06
1.1921e-06
1.9789e-05
0.0000e+00
2.1935e-05
9.5367e-07
0.0000e+00
2.0981e-05
9.5367e-07
1.9073e-06
1.1921e-06
1.7881e-05
0.0000e+00
2.1935e-05
9.5367e-07
0.0000e+00
2.1935e-05
9.5367e-07
3.0994e-06
0.0000e+00
1.9073e-06
0.0000e+00
2.3127e-05
7.8678e-06
4.8018e-04
0.0000e+00
9.5367e-07
1.3113e-05
0.0000e+00
9.5367e-07
1.1921e-06
0.0000e+00
9.5367e-07
0.0000e+00
2.1935e-05
9.5367e-07
1.9073e-06
9.5367e-07
1.1921e-06
1.9073e-06
9.5367e-07
9.5367e-07
0.0000e+00
2.1935e-05
9.5367e-07
0.0000e+00
2.0981e-05
2.2006e-04
0.0000e+00
2.1935e-05
9.5367e-07
0.0000e+00
2.1935e-05
9.5367e-07
0.0000e+00
2.2173e-05
9.5367e-07
1.9073e-06
0.0000e+00
4.0531e-06
6.9141e-06
0.0000e+00
1.4067e-05
0.0000e+00
2.3127e-05
9.5367e-07
0.0000e+00
2.1935e-05
9.5367e-07
0.0000e+00
2.1935e-05
8.6069e-05
0.0000e+00
2.1935e-05
2.3508e-04
0.0000e+00
3.0041e-05
9.5367e-07
0.0000e+00
2.2173e-05
9.5367e-07
0.0000e+00
2.1935e-05
1.1921e-06
1.9073e-06
0.0000e+00
9.5367e-07
0.0000e+00
2.1935e-05
9.5367e-07
0.0000e+00
2.2173e-05
2.3293e-04
0.0000e+00
2.1935e-05
1.1921e-06
0.0000e+00
2.0981e-05
9.5367e-07
0.0000e+00
2.7180e-05
9.5367e-07
0.0000e+00
2.3127e-05
9.5367e-07
0.0000e+00
2.1935e-05
1.3494e-04
0.0000e+00
2.1935e-05
9.5367e-07
1.9073e-06
0.0000e+00
1.0014e-05
0.0000e+00
2.3127e-05
9.5367e-07
9.5367e-07
0.0000e+00
2.1458e-06
0.0000e+00
2.0981e-05
9.5367e-07
0.0000e+00
2.0981e-05
6.9141e-06
3.0518e-04
0.0000e+00
9.5367e-07
0.0000e+00
2.2888e-05
0.0000e+00
1.9073e-06
9.5367e-07
1.1921e-06
1.9073e-06
9.5367e-07
9.5367e-07
2.1458e-06
0.0000e+00
0.0000e+00
0.0000e+00
2.1935e-05
0.0000e+00
0.0000e+00
2.1935e-05
2.5034e-05
0.0000e+00
2.1935e-05
9.5367e-07
0.0000e+00
2.1935e-05
9.5367e-07
0.0000e+00
2.2173e-05
4.0531e-06
9.5367e-07
0.0000e+00
9.5367e-07
9.5367e-07
0.0000e+00
9.5367e-07
0.0000e+00
2.2888e-05
9.5367e-07
0.0000e+00
2.3127e-05
9.5367e-07
0.0000e+00
2.1935e-05
1.1921e-06
0.0000e+00
2.1935e-05
9.5367e-07
0.0000e+00
2.2173e-05
9.5367e-07
0.0000e+00
2.1935e-05
1.1921e-06
0.0000e+00
2.8849e-05
2.1458e-06
0.0000e+00
2.5988e-05
9.5367e-07
3.0994e-06
0.0000e+00
9.5367e-07
1.1921e-06
0.0000e+00
2.0027e-05
0.0000e+00
2.1935e-05
9.5367e-07
0.0000e+00
2.1935e-05
9.5367e-07
0.0000e+00
2.2173e-05
9.5367e-07
9.5367e-07
0.0000e+00
1.3828e-05
0.0000e+00
2.3127e-05
1.0009e-03
0.0000e+00
2.2173e-05
6.7949e-05
9.5367e-07
0.0000e+00
6.6042e-05
0.0000e+00
2.3127e-05
4.1962e-05
0.0000e+00
2.1935e-05
4.4107e-05
0.0000e+00
2.1935e-05
4.4823e-05
0.0000e+00
2.2173e-05
8.2970e-05
1.9073e-06
1.1921e-06
6.7949e-05
0.0000e+00
2.1935e-05
7.0095e-05
0.0000e+00
2.2173e-05
4.4823e-05
0.0000e+00
2.9087e-05
3.4809e-05
0.0000e+00
2.1935e-05
4.2915e-05
0.0000e+00
2.2173e-05
4.2915e-05
0.0000e+00
2.2173e-05
4.6015e-05
0.0000e+00
2.1935e-05
2.3127e-05
0.0000e+00
2.1935e-05
4.6968e-05
0.0000e+00
2.2173e-05
4.3869e-05
0.0000e+00
2.0981e-05
2.8610e-06
0.0000e+00
2.2173e-05
9.5367e-07
0.0000e+00
2.0981e-05
4.5061e-05
0.0000e+00
2.2173e-05
4.4823e-05
2.1458e-06
9.5367e-07
6.4850e-05
0.0000e+00
2.0981e-05
4.2915e-05
1.1921e-06
9.5367e-07
9.1076e-05
0.0000e+00
2.1935e-05
4.6015e-05
0.0000e+00
2.4080e-05
4.1962e-05
0.0000e+00
3.0041e-05
3.6001e-05
0.0000e+00
2.3127e-05
4.2915e-05
0.0000e+00
2.2173e-05
4.3154e-05
0.0000e+00
2.0981e-05
4.4107e-05
0.0000e+00
2.1935e-05
6.0081e-05
0.0000e+00
2.1935e-05
4.6015e-05
0.0000e+00
2.0981e-05
4.3869e-05
0.0000e+00
2.2173e-05
1.9073e-06
0.0000e+00
2.3127e-05
9.5367e-07
0.0000e+00
2.1935e-05
3.6001e-05
0.0000e+00
2.0981e-05
4.3869e-05
0.0000e+00
2.0981e-05
5.1022e-05
0.0000e+00
2.0981e-05
4.5061e-05
0.0000e+00
2.1935e-05
1.8120e-05
1.9073e-06
0.0000e+00
6.5804e-05
9.5367e-07
0.0000e+00
6.1989e-05
0.0000e+00
3.0994e-05
3.6001e-05
0.0000e+00
2.0981e-05
9.5367e-07
0.0000e+00
2.0981e-05
5.1022e-05
0.0000e+00
2.0981e-05
3.5048e-05
0.0000e+00
2.1935e-05
4.4107e-05
0.0000e+00
2.2888e-05
1.3113e-05
0.0000e+00
2.1935e-05
1.0967e-05
0.0000e+00
2.0981e-05
4.2915e-05
0.0000e+00
2.3127e-05
4.3869e-05
0.0000e+00
2.3127e-05
8.2016e-05
0.0000e+00
2.1935e-05
5.9605e-06
0.0000e+00
2.0981e-05
9.5367e-07
9.0599e-06
0.0000e+00
2.0027e-05
0.0000e+00
2.1935e-05
4.6015e-05
2.1458e-06
0.0000e+00
6.1989e-05
0.0000e+00
2.2173e-05
4.2915e-05
9.5367e-07
0.0000e+00
8.4877e-05
0.0000e+00
3.0041e-05
3.6955e-05
9.5367e-07
9.5367e-07
6.6042e-05
9.5367e-07
0.0000e+00
6.4135e-05
0.0000e+00
2.0981e-05
4.6015e-05
0.0000e+00
2.2173e-05
7.5817e-05
0.0000e+00
2.1219e-05
4.4823e-05
2.1458e-06
9.5367e-07
6.5088e-05
1.9073e-06
0.0000e+00
8.2016e-05
5.9605e-06
0.0000e+00
2.4080e-05
0.0000e+00
2.1935e-05
4.4823e-05
0.0000e+00
2.8849e-05
3.6001e-05
0.0000e+00
2.1935e-05
4.0054e-05
0.0000e+00
2.1935e-05
4.2915e-05
1.9073e-06
1.1921e-06
6.1989e-05
0.0000e+00
2.1935e-05
4.4107e-05
9.5367e-07
9.5367e-07
8.4162e-05
0.0000e+00
2.1935e-05
4.4107e-05
0.0000e+00
2.0981e-05
4.2200e-05
0.0000e+00
2.1935e-05
4.6968e-05
0.0000e+00
3.0041e-05
3.5048e-05
5.9605e-06
0.0000e+00
1.5974e-05
0.0000e+00
2.0981e-05
4.1962e-05
0.0000e+00
2.1935e-05
1.0014e-05
0.0000e+00
2.0981e-05
9.5367e-07
2.1458e-06
9.5367e-07
8.6069e-05
0.0000e+00
2.1935e-05
1.1396e-04
0.0000e+00
2.1935e-05
9.5367e-07
0.0000e+00
2.2173e-05
9.0599e-06
0.0000e+00
2.3127e-05
4.1962e-05
2.1458e-06
0.0000e+00
6.1989e-05
0.0000e+00
2.1935e-05
4.3154e-05
5.9605e-06
0.0000e+00
1.5974e-05
0.0000e+00
2.1935e-05
1.1611e-04
0.0000e+00
2.1935e-05
1.0014e-05
0.0000e+00
2.2173e-05
2.1935e-05
0.0000e+00
2.0981e-05
4.3154e-05
5.9605e-06
9.5367e-07
1.3113e-05
0.0000e+00
2.1935e-05
9.5367e-07
2.1458e-06
0.0000e+00
5.9128e-05
0.0000e+00
2.1935e-05
1.0109e-04
0.0000e+00
2.0981e-05
9.5367e-07
0.0000e+00
2.4080e-05
5.9605e-06
0.0000e+00
2.1935e-05
5.4836e-05
0.0000e+00
2.0981e-05
4.6015e-05
0.0000e+00
2.1935e-05
3.6955e-05
0.0000e+00
2.1935e-05
4.1962e-05
0.0000e+00
2.0981e-05
4.2915e-05
0.0000e+00
2.1935e-05
4.5061e-05
4.0531e-06
0.0000e+00
1.8120e-05
1.9073e-06
0.0000e+00
5.7936e-05
0.0000e+00
2.1935e-05
6.3896e-05
0.0000e+00
2.1935e-05
4.6968e-05
0.0000e+00
2.1935e-05
4.4107e-05
5.9605e-06
0.0000e+00
1.2875e-05
0.0000e+00
2.2173e-05
5.1022e-05
0.0000e+00
2.1935e-05
4.4107e-05
0.0000e+00
2.4080e-05
9.5367e-07
5.0068e-06
0.0000e+00
5.5075e-05
0.0000e+00
2.1935e-05
1.2183e-04
0.0000e+00
2.1219e-05
9.5367e-07
9.5367e-07
0.0000e+00
6.5804e-05
0.0000e+00
2.1935e-05
9.5367e-07
1.1921e-06
0.0000e+00
5.8889e-05
0.0000e+00
2.9087e-05
3.6001e-05
0.0000e+00
2.0981e-05
9.5367e-07
4.0531e-06
0.0000e+00
5.3883e-05
1.9073e-06
0.0000e+00
6.2943e-05
0.0000e+00
2.0981e-05
4.5061e-05
5.0068e-06
0.0000e+00
8.0824e-05
0.0000e+00
2.3127e-05
5.1975e-05
0.0000e+00
2.1935e-05
4.2915e-05
0.0000e+00
2.5034e-05
4.0054e-05
0.0000e+00
3.0041e-05
9.5367e-07
1.1921e-06
9.5367e-07
7.5102e-05
0.0000e+00
2.2888e-05
4.2200e-05
0.0000e+00
2.1935e-05
4.4107e-05
1.9073e-06
0.0000e+00
8.4877e-05
9.5367e-07
1.1921e-06
6.3896e-05
3.0994e-06
0.0000e+00
6.1989e-05
0.0000e+00
2.2888e-05
4.4107e-05
0.0000e+00
2.0981e-05
4.4107e-05
0.0000e+00
2.0981e-05
9.5367e-07
0.0000e+00
2.3127e-05
3.8862e-05
0.0000e+00
2.1935e-05
5.1022e-05
1.9073e-06
9.5367e-07
8.5115e-05
0.0000e+00
2.2888e-05
1.1921e-06
2.8610e-06
1.1921e-06
2.4796e-05
0.0000e+00
2.1935e-05
7.2956e-05
0.0000e+00
2.2173e-05
7.2002e-05
1.9073e-06
0.0000e+00
6.4135e-05
0.0000e+00
2.0981e-05
2.1458e-06
3.8147e-06
7.1526e-06
1.1921e-05
0.0000e+00
2.1935e-05
4.5061e-05
0.0000e+00
2.1935e-05
4.4107e-05
1.9073e-06
0.0000e+00
8.5115e-05
0.0000e+00
2.1935e-05
4.6015e-05
0.0000e+00
2.1935e-05
4.2915e-05
0.0000e+00
2.2173e-05
9.5367e-07
0.0000e+00
2.1935e-05
5.0068e-05
0.0000e+00
2.2173e-05
3.6955e-05
0.0000e+00
2.3127e-05
4.2915e-05
1.1921e-06
0.0000e+00
6.1989e-05
0.0000e+00
2.1935e-05
6.2943e-05
0.0000e+00
2.1935e-05
4.8161e-05
1.9073e-06
9.5367e-07
6.4135e-05
0.0000e+00
2.1935e-05
4.4107e-05
1.9073e-06
0.0000e+00
6.4135e-05
0.0000e+00
2.1935e-05
4.5061e-05
0.0000e+00
2.2173e-05
3.6955e-05
0.0000e+00
2.3127e-05
9.5367e-07
0.0000e+00
2.0981e-05
5.6028e-05
0.0000e+00
2.1935e-05
4.6015e-05
0.0000e+00
2.1935e-05
7.1526e-06
0.0000e+00
2.1935e-05
2.1458e-06
5.9605e-06
0.0000e+00
5.5075e-05
0.0000e+00
2.1935e-05
2.1458e-06
0.0000e+00
2.4080e-05
3.9816e-05
0.0000e+00
3.0041e-05
2.1458e-06
3.8147e-06
1.1921e-06
1.1921e-05
0.0000e+00
2.1935e-05
7.8678e-06
0.0000e+00
2.2173e-05
9.5367e-07
0.0000e+00
2.1935e-05
1.1921e-06
9.5367e-07
0.0000e+00
8.0109e-05
0.0000e+00
2.1935e-05
1.1921e-06
0.0000e+00
2.1935e-05
5.9605e-06
0.0000e+00
2.1935e-05
9.5367e-07
0.0000e+00
2.1935e-05
3.0994e-05
0.0000e+00
2.1935e-05
4.5061e-05
0.0000e+00
2.1935e-05
4.6015e-05
0.0000e+00
2.2888e-05
4.3154e-05
0.0000e+00
2.1935e-05
4.4107e-05
0.0000e+00
2.0981e-05
5.8889e-05
0.0000e+00
2.1935e-05
5.2929e-05
0.0000e+00
2.9087e-05
3.6001e-05
0.0000e+00
2.5034e-05
6.0081e-05
0.0000e+00
2.0981e-05
2.5034e-05
0.0000e+00
2.2173e-05
4.2915e-05
0.0000e+00
2.1935e-05
4.3154e-05
0.0000e+00
2.1935e-05
4.4107e-05
7.8678e-06
0.0000e+00
7.7009e-05
0.0000e+00
2.1935e-05
2.0695e-04
0.0000e+00
3.0041e-05
3.6001e-05
0.0000e+00
2.2173e-05
1.9073e-06
5.0068e-06
0.0000e+00
1.8120e-05
0.0000e+00
2.0981e-05
9.3937e-05
0.0000e+00
2.1935e-05
4.6015e-05
0.0000e+00
2.1935e-05
4.2915e-05
0.0000e+00
2.1935e-05
4.4107e-05
0.0000e+00
2.1935e-05
6.3181e-05
1.9073e-06
9.5367e-07
6.6042e-05
5.0068e-06
7.1526e-06
5.3883e-05
0.0000e+00
2.2888e-05
4.4107e-05
5.0068e-06
0.0000e+00
6.1989e-05
0.0000e+00
2.1935e-05
4.2915e-05
0.0000e+00
2.1935e-05
4.4107e-05
0.0000e+00
2.1935e-05
4.5061e-05
0.0000e+00
2.2173e-05
5.8889e-05
0.0000e+00
2.1935e-05
5.0068e-05
0.0000e+00
2.2173e-05
3.6955e-05
0.0000e+00
2.4796e-05
3.8862e-05
0.0000e+00
2.2173e-05
4.1962e-05
0.0000e+00
2.1935e-05
4.4107e-05
0.0000e+00
2.0981e-05
4.1962e-05
0.0000e+00
2.0981e-05
6.1035e-05
0.0000e+00
2.1935e-05
4.6968e-05
0.0000e+00
2.2173e-05
4.3869e-05
5.0068e-06
0.0000e+00
4.9829e-05
0.0000e+00
2.4080e-05
4.1962e-05
9.0599e-06
9.5367e-07
5.8174e-05
0.0000e+00
2.2888e-05
4.2915e-05
0.0000e+00
2.2173e-05
4.8876e-05
0.0000e+00
2.1935e-05
6.1989e-05
0.0000e+00
2.2173e-05
6.1989e-06
0.0000e+00
2.1935e-05
4.4107e-05
0.0000e+00
2.1935e-05
3.6001e-05
0.0000e+00
2.1935e-05
4.2200e-05
5.0068e-06
0.0000e+00
5.8889e-05
0.0000e+00
2.1935e-05
7.8678e-06
0.0000e+00
2.1935e-05
3.1948e-05
0.0000e+00
2.2173e-05
6.0797e-05
0.0000e+00
2.0981e-05
9.5367e-07
0.0000e+00
2.0981e-05
4.7207e-05
0.0000e+00
2.0981e-05
3.6001e-05
0.0000e+00
2.2888e-05
4.2915e-05
0.0000e+00
2.0981e-05
4.6968e-05
0.0000e+00
2.0981e-05
5.1975e-05
0.0000e+00
2.0981e-05
4.6015e-05
0.0000e+00
2.1219e-05
2.8610e-06
0.0000e+00
2.5034e-05
1.4067e-05
0.0000e+00
2.1935e-05
4.7922e-05
6.1989e-06
9.5367e-07
1.7881e-05
1.1921e-06
6.9141e-06
5.6982e-05
0.0000e+00
2.3127e-05
4.1962e-05
9.5367e-07
0.0000e+00
6.1989e-05
1.9073e-06
0.0000e+00
6.1989e-05
0.0000e+00
2.1935e-05
7.1526e-06
9.5367e-07
0.0000e+00
5.2929e-05
0.0000e+00
2.3127e-05
6.6042e-05
0.0000e+00
2.1935e-05
4.6015e-05
9.5367e-07
0.0000e+00
6.2943e-05
0.0000e+00
2.1935e-05
1.1921e-06
7.8678e-06
0.0000e+00
5.4836e-05
0.0000e+00
2.3127e-05
4.5061e-05
0.0000e+00
2.0981e-05
4.8161e-05
0.0000e+00
2.1935e-05
9.5367e-07
1.1301e-04
1.1921e-06
9.5367e-07
2.8610e-06
0.0000e+00
3.0994e-05
0.0000e+00
2.1935e-05
4.7207e-05
6.9141e-06
0.0000e+00
5.8174e-05
0.0000e+00
2.0981e-05
4.4107e-05
0.0000e+00
2.1935e-05
3.6001e-05
5.0068e-06
0.0000e+00
1.8120e-05
1.9073e-06
9.5367e-07
6.4135e-05
0.0000e+00
2.2888e-05
4.3154e-05
0.0000e+00
2.1935e-05
9.5367e-07
0.0000e+00
2.1935e-05
5.5075e-05
0.0000e+00
2.1935e-05
5.2929e-05
0.0000e+00
2.2173e-05
4.2915e-05
9.3222e-05
9.5367e-07
9.5367e-07
0.0000e+00
2.1935e-05
7.8678e-06
0.0000e+00
2.1935e-05
4.1008e-05
2.1458e-06
0.0000e+00
6.1989e-05
1.9073e-06
0.0000e+00
7.9870e-05
0.0000e+00
2.3127e-05
4.6015e-05
6.9141e-06
0.0000e+00
6.0081e-05
5.0068e-06
0.0000e+00
5.9128e-05
0.0000e+00
2.1935e-05
4.2915e-05
9.5367e-07
0.0000e+00
6.1989e-05
4.0531e-06
9.5367e-07
6.1989e-05
0.0000e+00
2.3127e-05
4.2915e-05
0.0000e+00
2.2173e-05
6.0081e-05
0.0000e+00
2.2888e-05
4.1962e-05
9.5367e-07
0.0000e+00
6.0081e-05
5.0068e-06
9.5367e-07
6.0081e-05
0.0000e+00
2.3842e-05
4.1008e-05
0.0000e+00
2.2173e-05
4.5061e-05
0.0000e+00
2.1935e-05
4.1008e-05
0.0000e+00
2.2173e-05
5.0068e-06
9.5367e-07
9.5367e-07
8.4162e-05
0.0000e+00
2.1935e-05
3.7909e-05
0.0000e+00
2.1935e-05
9.5367e-07
0.0000e+00
2.0981e-05
4.0054e-05
0.0000e+00
2.1935e-05
4.3154e-05
0.0000e+00
2.1935e-05
4.4107e-05
0.0000e+00
2.2888e-05
9.5367e-07
0.0000e+00
2.1935e-05
9.5367e-07
3.0994e-06
9.5367e-07
6.2943e-05
0.0000e+00
2.1219e-05
5.5075e-05
0.0000e+00
2.2888e-05
4.3869e-05
9.5367e-07
0.0000e+00
6.2943e-05
0.0000e+00
2.2173e-05
4.2915e-05
0.0000e+00
2.2173e-05
4.1962e-05
0.0000e+00
2.1935e-05
9.5367e-07
0.0000e+00
2.1935e-05
4.5061e-05
0.0000e+00
2.2173e-05
4.3869e-05
2.1458e-06
0.0000e+00
7.7963e-05
0.0000e+00
2.1935e-05
3.8147e-05
0.0000e+00
2.1935e-05
4.4107e-05
0.0000e+00
2.1935e-05
4.5061e-05
9.5367e-07
0.0000e+00
7.1049e-05
0.0000e+00
2.2173e-05
4.0531e-06
0.0000e+00
2.1935e-05
4.6968e-05
0.0000e+00
2.2173e-05
2.1458e-06
4.0531e-06
0.0000e+00
5.5075e-05
0.0000e+00
2.1935e-05
6.1035e-05
0.0000e+00
2.9087e-05
3.6001e-05
0.0000e+00
2.0981e-05
4.2915e-05
1.2708e-04
9.5367e-07
9.5367e-07
0.0000e+00
2.1935e-05
9.5367e-07
1.9073e-06
0.0000e+00
4.1008e-05
0.0000e+00
2.1935e-05
4.1962e-05
0.0000e+00
2.2173e-05
5.7936e-05
3.0994e-06
9.5367e-07
6.4850e-05
0.0000e+00
2.3127e-05
4.1962e-05
2.1458e-06
0.0000e+00
6.5088e-05
0.0000e+00
2.2888e-05
4.1008e-05
0.0000e+00
2.1935e-05
4.0531e-06
9.5367e-07
0.0000e+00
6.3896e-05
0.0000e+00
2.2173e-05
4.3869e-05
0.0000e+00
2.1935e-05
6.2943e-05
6.3896e-05
0.0000e+00
3.8147e-06
0.0000e+00
2.1935e-05
4.2915e-05
0.0000e+00
2.1935e-05
4.1962e-05
0.0000e+00
3.0994e-05
3.7193e-05
0.0000e+00
2.1935e-05
4.2915e-05
0.0000e+00
2.0981e-05
4.6015e-05
4.0531e-06
9.5367e-07
6.1035e-05
0.0000e+00
2.1935e-05
9.0599e-06
0.0000e+00
2.2173e-05
5.1975e-05
0.0000e+00
2.1935e-05
4.3154e-05
0.0000e+00
2.1935e-05
4.1962e-05
0.0000e+00
3.0041e-05
2.1458e-06
9.5367e-07
0.0000e+00
5.6028e-05
0.0000e+00
2.2173e-05
9.5367e-07
0.0000e+00
2.1935e-05
4.1008e-05
0.0000e+00
2.0981e-05
4.2915e-05
0.0000e+00
2.2173e-05
6.2943e-05
0.0000e+00
2.1935e-05
4.6968e-05
0.0000e+00
2.2173e-05
4.3869e-05
0.0000e+00
2.9087e-05
3.6001e-05
0.0000e+00
2.2173e-05
4.1962e-05
0.0000e+00
2.1935e-05
4.4107e-05
0.0000e+00
2.1935e-05
3.0994e-06
0.0000e+00
2.1935e-05
4.5061e-05
2.1458e-06
9.5367e-07
8.9884e-05
0.0000e+00
2.2173e-05
4.5061e-05
0.0000e+00
2.1935e-05
4.2915e-05
0.0000e+00
2.1935e-05
3.5048e-05
0.0000e+00
2.3127e-05
4.4107e-05
9.7752e-06
0.0000e+00
1.5974e-05
0.0000e+00
2.1935e-05
4.6015e-05
0.0000e+00
2.2173e-05
4.3869e-05
0.0000e+00
2.2888e-05
5.7936e-05
0.0000e+00
2.2173e-05
4.6968e-05
0.0000e+00
2.1935e-05
4.4107e-05
9.5367e-07
0.0000e+00
6.4850e-05
4.0531e-06
0.0000e+00
5.4836e-05
0.0000e+00
2.1935e-05
5.1975e-05
5.0068e-06
0.0000e+00
6.0797e-05
0.0000e+00
2.3127e-05
4.0531e-06
0.0000e+00
2.1935e-05
6.1989e-05
0.0000e+00
2.3127e-05
4.9114e-05
9.5367e-07
0.0000e+00
6.1989e-05
0.0000e+00
2.1935e-05
4.2915e-05
0.0000e+00
2.1935e-05
2.1458e-06
0.0000e+00
2.9087e-05
1.9073e-06
4.0531e-06
9.5367e-07
1.1921e-05
0.0000e+00
2.3127e-05
9.5367e-07
0.0000e+00
2.1935e-05
3.8147e-05
0.0000e+00
2.0981e-05
4.4107e-05
2.8610e-06
0.0000e+00
7.9155e-05
0.0000e+00
2.1935e-05
9.0599e-06
1.1921e-06
0.0000e+00
6.0081e-05
0.0000e+00
2.1935e-05
4.3154e-05
1.9073e-06
9.5367e-07
7.1049e-05
0.0000e+00
3.0994e-05
2.1601e-04
2.1458e-06
0.0000e+00
2.0027e-05
0.0000e+00
2.2888e-05
9.5367e-07
0.0000e+00
2.1935e-05
9.5367e-07
0.0000e+00
2.0981e-05
8.1062e-06
0.0000e+00
2.1935e-05
3.0994e-06
0.0000e+00
2.0981e-05
1.1921e-06
0.0000e+00
2.1935e-05
9.5367e-07
0.0000e+00
2.8849e-05
3.6001e-05
0.0000e+00
2.1935e-05
2.6298e-04
0.0000e+00
2.1935e-05
9.5367e-07
0.0000e+00
2.2173e-05
9.5367e-07
5.6028e-05
9.5367e-07
1.0967e-05
0.0000e+00
2.1935e-05
4.1962e-05
0.0000e+00
2.2173e-05
6.1989e-05
5.0068e-06
0.0000e+00
6.1989e-05
2.1458e-06
9.5367e-07
6.1989e-05
0.0000e+00
3.0041e-05
3.5048e-05
0.0000e+00
2.1935e-05
4.3154e-05
0.0000e+00
2.1935e-05
4.6015e-05
0.0000e+00
2.1935e-05
4.2915e-05
0.0000e+00
2.1935e-05
4.2915e-05
0.0000e+00
2.1935e-05
5.7936e-05
0.0000e+00
2.1935e-05
4.5061e-05
1.9073e-06
9.5367e-07
6.1989e-05
2.4796e-05
0.0000e+00
3.2902e-05
2.1458e-06
9.5367e-07
6.8903e-05
0.0000e+00
2.1935e-05
4.3154e-05
0.0000e+00
2.1935e-05
3.8862e-05
8.1062e-06
9.5367e-07
1.4067e-05
9.5367e-07
0.0000e+00
8.2970e-05
9.5367e-07
0.0000e+00
6.3896e-05
0.0000e+00
2.1935e-05
3.7909e-05
2.8610e-06
0.0000e+00
1.7881e-05
0.0000e+00
2.2173e-05
3.6955e-05
0.0000e+00
2.1935e-05
4.6015e-05
2.1458e-06
9.5367e-07
5.6028e-05
4.0531e-06
0.0000e+00
1.7166e-05
9.5367e-07
9.5367e-07
5.9128e-05
0.0000e+00
2.2888e-05
5.8174e-05
0.0000e+00
2.0981e-05
4.6968e-05
4.0531e-06
0.0000e+00
6.6996e-05
0.0000e+00
2.1935e-05
4.1962e-05
0.0000e+00
2.1935e-05
4.2915e-05
0.0000e+00
2.1935e-05
4.1962e-05
4.0531e-06
0.0000e+00
6.0081e-05
5.0068e-06
0.0000e+00
5.3167e-05
8.1062e-06
0.0000e+00
8.4877e-05
0.0000e+00
2.2888e-05
4.3154e-05
0.0000e+00
2.1935e-05
4.2915e-05
0.0000e+00
2.0981e-05
4.2915e-05
8.1062e-06
9.5367e-07
5.6028e-05
0.0000e+00
2.4080e-05
4.1008e-05
0.0000e+00
2.1935e-05
3.0994e-06
0.0000e+00
2.0981e-05
9.5367e-07
0.0000e+00
2.8133e-05
4.8876e-05
5.0068e-06
0.0000e+00
2.0027e-05
2.8610e-06
0.0000e+00
6.5088e-05
0.0000e+00
2.2173e-05
9.5367e-07
0.0000e+00
2.1935e-05
3.5048e-05
0.0000e+00
2.2888e-05
4.3154e-05
0.0000e+00
2.1935e-05
7.1049e-05
1.9073e-05
0.0000e+00
1.7166e-05
6.9141e-06
0.0000e+00
5.6982e-05
0.0000e+00
2.1935e-05
9.5367e-07
3.0994e-06
0.0000e+00
6.8903e-05
0.0000e+00
2.3127e-05
4.3869e-05
0.0000e+00
2.2173e-05
4.2915e-05
2.1458e-06
0.0000e+00
6.2943e-05
0.0000e+00
2.2173e-05
4.2915e-05
5.0068e-06
0.0000e+00
1.5974e-05
0.0000e+00
2.1935e-05
4.0054e-05
0.0000e+00
2.1935e-05
5.0068e-05
0.0000e+00
2.2173e-05
6.4135e-05
0.0000e+00
2.9802e-05
2.0599e-04
0.0000e+00
2.1935e-05
9.5367e-07
0.0000e+00
2.2173e-05
4.6015e-05
0.0000e+00
2.1935e-05
9.5367e-07
0.0000e+00
2.1935e-05
5.9605e-06
0.0000e+00
2.1935e-05
9.5367e-07
0.0000e+00
2.0981e-05
9.5367e-07
0.0000e+00
2.2173e-05
4.9114e-05
0.0000e+00
2.2888e-05
4.3154e-05
0.0000e+00
2.1935e-05
1.5211e-04
0.0000e+00
2.1935e-05
1.1921e-06
0.0000e+00
2.1935e-05
9.5367e-07
2.1458e-06
0.0000e+00
4.6015e-05
1.9073e-06
0.0000e+00
6.1989e-05
0.0000e+00
2.5034e-05
5.6028e-05
5.9605e-06
0.0000e+00
1.9073e-05
9.5367e-07
1.1921e-06
6.4850e-05
0.0000e+00
3.4094e-05
3.1948e-05
0.0000e+00
2.1935e-05
4.1962e-05
2.1458e-06
0.0000e+00
6.1989e-05
0.0000e+00
2.1935e-05
4.8161e-05
0.0000e+00
2.2888e-05
4.2200e-05
6.9141e-06
0.0000e+00
2.1219e-05
9.5367e-07
0.0000e+00
7.0095e-05
9.5367e-07
0.0000e+00
6.4850e-05
0.0000e+00
2.2173e-05
2.0289e-04
0.0000e+00
2.1935e-05
4.4823e-05
0.0000e+00
3.0041e-05
3.4094e-05
0.0000e+00
2.2173e-05
9.5367e-07
0.0000e+00
2.1935e-05
3.8147e-05
5.5075e-05
0.0000e+00
1.0967e-05
3.0994e-06
0.0000e+00
6.1989e-05
0.0000e+00
2.1935e-05
6.3896e-05
9.5367e-07
0.0000e+00
6.4850e-05
0.0000e+00
2.0981e-05
4.3869e-05
7.1526e-06
9.5367e-07
5.7936e-05
0.0000e+00
2.2888e-05
3.9101e-05
0.0000e+00
2.2888e-05
1.1206e-05
3.8147e-06
0.0000e+00
1.9789e-05
0.0000e+00
2.2173e-05
4.5061e-05
0.0000e+00
2.1935e-05
6.2943e-05
9.5367e-07
0.0000e+00
6.3896e-05
6.6996e-05
0.0000e+00
1.1921e-06
0.0000e+00
2.1935e-05
9.5367e-07
9.5367e-07
0.0000e+00
6.4135e-05
0.0000e+00
2.1935e-05
4.6015e-05
0.0000e+00
2.9087e-05
3.6955e-05
0.0000e+00
2.1935e-05
9.5367e-07
0.0000e+00
2.2173e-05
3.6955e-05
0.0000e+00
2.1935e-05
7.2002e-05
0.0000e+00
2.2173e-05
4.6968e-05
0.0000e+00
2.1935e-05
4.3154e-05
0.0000e+00
2.1935e-05
3.0994e-06
0.0000e+00
2.1935e-05
5.1022e-05
0.0000e+00
2.8849e-05
4.0054e-05
9.5367e-07
0.0000e+00
6.2943e-05
0.0000e+00
2.5034e-05
7.0095e-05
0.0000e+00
2.1935e-05
1.7166e-05
0.0000e+00
2.1935e-05
6.2943e-05
0.0000e+00
2.2173e-05
4.6015e-05
9.5367e-07
0.0000e+00
6.3181e-05
0.0000e+00
2.1935e-05
4.4107e-05
0.0000e+00
2.1935e-05
9.5367e-07
4.0054e-05
9.5367e-07
1.9073e-05
9.3937e-05
0.0000e+00
0.0000e+00
0.0000e+00
2.2888e-05
1.0014e-05
0.0000e+00
2.3127e-05
5.7936e-05
2.3127e-05
0.0000e+00
5.1975e-05
0.0000e+00
2.1935e-05
4.5061e-05
0.0000e+00
2.1935e-05
4.1962e-05
0.0000e+00
2.1935e-05
1.1921e-06
0.0000e+00
2.0981e-05
3.7909e-05
0.0000e+00
2.1935e-05
9.5367e-07
0.0000e+00
2.1935e-05
4.0054e-05
0.0000e+00
2.1935e-05
4.5061e-05
1.1921e-06
0.0000e+00
8.3923e-05
0.0000e+00
2.2173e-05
4.6015e-05
0.0000e+00
2.2888e-05
4.3154e-05
9.5367e-07
0.0000e+00
6.4135e-05
0.0000e+00
2.1935e-05
8.2970e-05
0.0000e+00
2.8849e-05
1.1921e-06
0.0000e+00
2.1935e-05
3.6955e-05
0.0000e+00
2.1935e-05
6.7949e-05
0.0000e+00
2.1935e-05
3.8147e-06
0.0000e+00
2.2173e-05
1.9073e-06
0.0000e+00
2.2173e-05
1.0586e-04
0.0000e+00
2.2888e-05
4.6968e-05
0.0000e+00
2.1935e-05
3.6955e-05
0.0000e+00
2.3127e-05
4.1962e-05
0.0000e+00
2.2173e-05
9.5367e-07
0.0000e+00
2.1935e-05
3.9101e-05
4.0531e-06
0.0000e+00
2.5034e-05
0.0000e+00
2.1935e-05
1.9073e-06
9.5367e-07
1.1921e-06
7.2002e-05
0.0000e+00
2.2888e-05
1.2994e-04
0.0000e+00
2.1935e-05
4.6968e-05
0.0000e+00
2.0981e-05
4.4107e-05
0.0000e+00
2.2888e-05
1.1921e-06
0.0000e+00
2.1935e-05
3.9101e-05
0.0000e+00
2.5034e-05
4.1962e-05
0.0000e+00
2.1935e-05
9.5367e-07
0.0000e+00
2.0981e-05
9.5367e-07
0.0000e+00
2.0981e-05
3.8862e-05
0.0000e+00
2.2173e-05
6.6042e-05
0.0000e+00
3.2902e-05
3.6001e-05
0.0000e+00
2.3127e-05
9.5367e-07
0.0000e+00
2.1935e-05
1.0800e-04
0.0000e+00
2.0981e-05
2.1458e-06
0.0000e+00
2.1935e-05
3.6001e-05
0.0000e+00
2.0981e-05
9.0599e-06
0.0000e+00
2.1935e-05
1.5020e-05
0.0000e+00
2.0981e-05
1.3828e-05
0.0000e+00
2.3127e-05
8.1062e-06
0.0000e+00
2.1935e-05
1.1206e-04
0.0000e+00
2.1935e-05
4.0531e-06
0.0000e+00
2.2173e-05
3.6001e-05
0.0000e+00
2.2888e-05
4.6015e-05
1.9073e-06
1.1921e-06
6.1989e-05
0.0000e+00
2.1935e-05
4.4107e-05
0.0000e+00
2.1935e-05
4.2200e-05
9.5367e-07
8.1062e-06
5.3883e-05
0.0000e+00
2.2888e-05
4.1962e-05
0.0000e+00
2.2173e-05
1.2875e-05
1.9073e-06
0.0000e+00
6.5088e-05
0.0000e+00
2.1935e-05
4.4107e-05
0.0000e+00
2.1935e-05
4.4107e-05
0.0000e+00
2.1935e-05
4.4107e-05
0.0000e+00
2.1935e-05
4.2200e-05
1.9073e-06
0.0000e+00
6.9141e-05
0.0000e+00
2.8849e-05
3.4809e-05
0.0000e+00
2.5034e-05
5.9843e-05
0.0000e+00
2.2173e-05
4.0531e-06
0.0000e+00
2.1935e-05
8.7023e-05
0.0000e+00
2.2173e-05
4.6015e-05
0.0000e+00
2.1935e-05
1.9073e-06
0.0000e+00
2.1935e-05
3.6955e-05
0.0000e+00
2.1935e-05
3.6955e-05
9.5367e-07
0.0000e+00
6.1989e-05
0.0000e+00
2.3842e-05
4.2200e-05
0.0000e+00
2.2888e-05
1.6928e-05
0.0000e+00
2.1935e-05
4.6968e-05
0.0000e+00
2.2173e-05
3.7909e-05
0.0000e+00
2.2173e-05
5.0783e-05
0.0000e+00
2.0981e-05
4.5061e-05
0.0000e+00
2.1935e-05
3.6001e-05
0.0000e+00
2.2888e-05
4.2200e-05
0.0000e+00
2.1935e-05
4.1008e-05
0.0000e+00
2.2173e-05
5.9843e-05
0.0000e+00
2.1935e-05
9.5367e-07
3.8147e-06
0.0000e+00
5.6982e-05
4.7922e-05
9.5367e-07
1.7166e-05
0.0000e+00
2.2888e-05
4.3154e-05
0.0000e+00
2.1935e-05
4.1962e-05
0.0000e+00
2.8849e-05
3.6001e-05
0.0000e+00
2.2888e-05
4.3154e-05
0.0000e+00
2.1935e-05
5.8174e-05
0.0000e+00
2.1935e-05
5.4121e-05
0.0000e+00
2.1935e-05
4.4107e-05
1.9073e-06
9.5367e-07
6.2943e-05
0.0000e+00
2.2888e-05
2.1458e-06
4.7922e-05
0.0000e+00
2.6941e-05
0.0000e+00
2.3842e-05
4.5061e-05
0.0000e+00
3.0041e-05
3.4094e-05
0.0000e+00
2.1935e-05
1.1921e-06
0.0000e+00
2.1935e-05
1.1921e-05
0.0000e+00
2.1935e-05
4.5061e-05
0.0000e+00
2.0981e-05
1.0514e-04
0.0000e+00
2.1935e-05
5.8889e-05
0.0000e+00
2.1935e-05
4.5061e-05
0.0000e+00
2.1935e-05
2.1458e-06
0.0000e+00
2.1935e-05
3.2187e-05
9.5367e-07
0.0000e+00
7.0095e-05
5.9605e-06
0.0000e+00
5.9843e-05
0.0000e+00
2.5034e-05
1.8120e-05
0.0000e+00
2.1935e-05
6.1989e-05
0.0000e+00
2.1935e-05
4.6968e-05
0.0000e+00
2.1935e-05
4.4107e-05
0.0000e+00
2.0981e-05
4.3154e-05
0.0000e+00
3.0041e-05
3.5048e-05
0.0000e+00
2.2888e-05
4.3154e-05
0.0000e+00
2.1935e-05
4.5061e-05
1.9073e-06
0.0000e+00
6.1989e-05
0.0000e+00
2.1935e-05
1.5974e-05
0.0000e+00
2.1935e-05
4.6968e-05
0.0000e+00
2.1935e-05
4.4107e-05
0.0000e+00
2.1935e-05
4.8876e-05
0.0000e+00
3.0994e-05
3.4094e-05
0.0000e+00
2.1935e-05
4.1008e-05
7.1526e-06
0.0000e+00
5.6982e-05
0.0000e+00
2.1935e-05
9.5367e-07
0.0000e+00
2.0981e-05
9.5367e-07
2.8610e-06
9.5367e-07
3.1948e-05
1.9073e-06
0.0000e+00
6.6996e-05
5.9605e-06
0.0000e+00
2.5034e-05
9.5367e-07
0.0000e+00
5.3883e-05
0.0000e+00
2.2173e-05
5.1022e-05
9.5367e-07
0.0000e+00
5.2929e-05
9.5367e-07
0.0000e+00
5.6982e-05
0.0000e+00
2.2888e-05
4.3154e-05
0.0000e+00
2.0981e-05
6.2943e-05
0.0000e+00
2.1935e-05
1.9407e-04
0.0000e+00
2.5034e-05
4.6015e-05
0.0000e+00
2.1935e-05
8.1062e-06
0.0000e+00
2.0981e-05
3.0994e-05
0.0000e+00
2.0981e-05
1.9073e-06
2.1458e-06
0.0000e+00
5.0068e-05
0.0000e+00
2.3127e-05
4.1962e-05
0.0000e+00
2.1935e-05
4.4107e-05
9.5367e-07
0.0000e+00
7.9870e-05
0.0000e+00
2.1935e-05
9.5367e-07
9.0599e-06
9.5367e-07
5.7936e-05
0.0000e+00
2.2888e-05
4.2915e-05
0.0000e+00
2.0981e-05
8.0824e-05
9.5367e-07
9.5367e-07
7.2002e-05
0.0000e+00
2.1935e-05
3.6955e-05
1.0967e-05
1.1921e-06
5.3883e-05
7.2956e-05
0.0000e+00
0.0000e+00
0.0000e+00
2.2888e-05
4.9829e-05
0.0000e+00
2.1935e-05
9.5367e-07
0.0000e+00
2.1935e-05
1.1921e-06
0.0000e+00
2.1935e-05
4.1962e-05
0.0000e+00
2.0981e-05
4.3869e-05
0.0000e+00
2.1935e-05
4.2915e-05
0.0000e+00
3.0041e-05
3.6001e-05
1.9073e-06
0.0000e+00
6.1989e-05
9.5367e-07
0.0000e+00
6.2943e-05
5.0068e-06
9.5367e-07
4.1962e-05
1.9073e-06
0.0000e+00
6.9141e-05
0.0000e+00
2.1935e-05
5.1022e-05
0.0000e+00
2.2173e-05
4.3869e-05
0.0000e+00
2.3127e-05
4.2915e-05
4.0054e-05
0.0000e+00
2.4080e-05
0.0000e+00
2.1935e-05
4.5061e-05
0.0000e+00
2.9087e-05
2.5034e-05
0.0000e+00
2.2888e-05
6.1989e-05
0.0000e+00
2.1935e-05
4.4107e-05
0.0000e+00
2.1935e-05
9.5367e-07
0.0000e+00
2.2173e-05
8.8215e-06
0.0000e+00
2.1935e-05
3.0994e-05
6.0081e-05
0.0000e+00
5.9605e-06
9.5367e-07
0.0000e+00
6.6042e-05
0.0000e+00
2.1935e-05
4.1008e-05
8.0109e-05
0.0000e+00
9.5367e-07
0.0000e+00
2.2888e-05
4.4107e-05
1.5020e-05
0.0000e+00
5.0068e-05
0.0000e+00
2.1935e-05
4.3154e-05
0.0000e+00
2.1935e-05
9.5367e-07
0.0000e+00
2.0981e-05
4.1008e-05
0.0000e+00
2.1935e-05
4.4107e-05
0.0000e+00
2.0981e-05
4.6968e-05
1.7166e-05
0.0000e+00
4.7922e-05
0.0000e+00
3.0041e-05
5.4121e-05
0.0000e+00
2.1935e-05
4.7922e-05
6.9141e-06
9.5367e-07
5.7936e-05
0.0000e+00
2.1935e-05
4.3869e-05
0.0000e+00
2.2173e-05
4.2915e-05
0.0000e+00
2.2173e-05
4.2915e-05
2.1458e-06
0.0000e+00
6.8903e-05
0.0000e+00
2.2173e-05
5.0068e-06
0.0000e+00
2.1935e-05
5.6982e-05
2.1935e-05
0.0000e+00
4.3154e-05
0.0000e+00
2.1935e-05
8.1062e-06
4.0531e-06
0.0000e+00
1.9073e-05
0.0000e+00
2.2888e-05
4.3154e-05
0.0000e+00
2.2888e-05
4.1962e-05
0.0000e+00
2.1935e-05
4.2915e-05
0.0000e+00
2.1935e-05
4.3869e-05
0.0000e+00
2.1935e-05
4.5061e-05
1.9073e-06
0.0000e+00
6.9141e-05
0.0000e+00
2.3127e-05
4.2915e-05
9.5367e-07
0.0000e+00
6.2943e-05
1.3089e-04
1.1921e-06
9.5367e-07
0.0000e+00
2.1935e-05
9.5367e-07
9.5367e-07
0.0000e+00
4.5061e-05
0.0000e+00
2.3127e-05
9.5367e-07
0.0000e+00
2.4080e-05
1.0085e-04
0.0000e+00
2.1935e-05
9.5367e-07
0.0000e+00
2.1219e-05
1.3828e-05
0.0000e+00
3.0041e-05
4.0054e-05
1.1921e-06
0.0000e+00
6.2943e-05
0.0000e+00
2.3127e-05
9.5367e-07
9.5367e-07
0.0000e+00
6.6042e-05
0.0000e+00
2.1935e-05
9.5367e-07
1.9073e-06
0.0000e+00
5.8174e-05
1.8787e-04
9.5367e-07
0.0000e+00
2.1458e-06
9.5367e-07
9.5367e-07
0.0000e+00
2.2173e-05
7.8678e-06
0.0000e+00
2.0981e-05
2.8610e-06
0.0000e+00
2.9087e-05
4.9114e-05
0.0000e+00
2.0981e-05
4.4107e-05
0.0000e+00
2.1935e-05
1.7905e-04
0.0000e+00
2.1935e-05
2.1458e-06
0.0000e+00
2.1935e-05
9.5367e-07
0.0000e+00
2.1219e-05
9.4100e-02
