5.9290e-03
2.1696e-04
0.0000e+00
1.1897e-04
3.4449e-03
3.0041e-05
1.9073e-06
4.7922e-05
0.0000e+00
1.0705e-04
4.0531e-06
0.0000e+00
1.0395e-04
2.0814e-04
0.0000e+00
1.0395e-04
5.9605e-06
9.0599e-06
2.1458e-06
2.8610e-06
0.0000e+00
1.0300e-04
4.0531e-06
0.0000e+00
9.6083e-05
4.0531e-06
0.0000e+00
1.3208e-04
1.5020e-05
0.0000e+00
9.3937e-05
2.8610e-06
2.1439e-03
1.9073e-06
8.1062e-06
0.0000e+00
1.0514e-04
4.0531e-06
0.0000e+00
9.6083e-05
2.8610e-06
9.0599e-06
9.5367e-07
4.0531e-06
0.0000e+00
9.7036e-05
4.0531e-06
0.0000e+00
9.3937e-05
1.4067e-05
5.9605e-06
9.5367e-07
3.0994e-06
0.0000e+00
1.2493e-04
1.2875e-05
0.0000e+00
9.4891e-05
2.8610e-06
0.0000e+00
9.3937e-05
1.0967e-05
0.0000e+00
1.0300e-04
1.5974e-05
0.0000e+00
9.4891e-05
4.0531e-06
7.1526e-06
2.1458e-06
1.0014e-05
0.0000e+00
9.4175e-05
1.0014e-05
1.0014e-05
9.5367e-07
3.0994e-06
0.0000e+00
9.3222e-05
5.0068e-06
0.0000e+00
9.5844e-05
1.2159e-05
1.3208e-04
1.1921e-06
3.0994e-06
0.0000e+00
1.0514e-04
2.8610e-06
0.0000e+00
9.2030e-05
2.1458e-06
0.0000e+00
9.2983e-05
3.8147e-06
0.0000e+00
9.3937e-05
1.0967e-05
1.0014e-05
1.9073e-06
2.8610e-06
0.0000e+00
9.2983e-05
3.0994e-06
0.0000e+00
9.2983e-05
6.1989e-06
0.0000e+00
9.6083e-05
1.2159e-05
0.0000e+00
9.3937e-05
4.0531e-06
0.0000e+00
9.3937e-05
9.7752e-06
0.0000e+00
9.4175e-05
9.0599e-06
0.0000e+00
9.3937e-05
1.0014e-05
0.0000e+00
9.5844e-05
4.0531e-06
0.0000e+00
9.3937e-05
1.0014e-05
0.0000e+00
1.1706e-04
1.0014e-05
0.0000e+00
9.2983e-05
1.0014e-05
7.7915e-04
1.9073e-06
3.0994e-06
0.0000e+00
9.7990e-05
2.8610e-06
1.1921e-05
9.5367e-07
2.1458e-06
0.0000e+00
1.0610e-04
3.0994e-06
0.0000e+00
9.6083e-05
3.0994e-06
0.0000e+00
9.3937e-05
3.8147e-06
0.0000e+00
9.3937e-05
1.1206e-05
0.0000e+00
9.4175e-05
3.0994e-06
0.0000e+00
8.9884e-05
7.1526e-06
0.0000e+00
9.4175e-05
5.0068e-06
0.0000e+00
1.0586e-04
4.0531e-06
0.0000e+00
9.0837e-05
8.2970e-05
5.9605e-06
9.5367e-07
3.4094e-05
0.0000e+00
9.3937e-05
4.0531e-06
0.0000e+00
9.2030e-05
3.8147e-06
0.0000e+00
9.2983e-05
3.0994e-06
0.0000e+00
9.3937e-05
3.0994e-06
0.0000e+00
9.2030e-05
2.8610e-06
1.5974e-05
1.1921e-06
2.8610e-06
0.0000e+00
9.2983e-05
1.1206e-05
0.0000e+00
9.5129e-05
4.0531e-06
0.0000e+00
9.4175e-05
6.9141e-06
0.0000e+00
9.3937e-05
5.0068e-06
1.5402e-04
9.5367e-07
2.8610e-06
0.0000e+00
9.4891e-05
1.9073e-06
0.0000e+00
1.0204e-04
3.0994e-06
0.0000e+00
9.5129e-05
5.9605e-06
0.0000e+00
9.2030e-05
4.0531e-06
0.0000e+00
9.0122e-05
4.0531e-06
1.4067e-05
9.5367e-07
2.8610e-06
0.0000e+00
9.4891e-05
3.0994e-06
0.0000e+00
1.1706e-04
5.0068e-06
0.0000e+00
9.0122e-05
4.0531e-06
0.0000e+00
9.1076e-05
4.0531e-06
0.0000e+00
9.5129e-05
5.9605e-06
0.0000e+00
9.2983e-05
4.0531e-06
0.0000e+00
9.1076e-05
4.0531e-06
0.0000e+00
9.2983e-05
8.1062e-06
0.0000e+00
9.2030e-05
4.0531e-06
0.0000e+00
1.1897e-04
3.8147e-06
3.4094e-05
9.5367e-07
2.8610e-06
0.0000e+00
9.4891e-05
3.0994e-06
0.0000e+00
9.7036e-05
3.0994e-06
1.2100e-03
1.9073e-06
3.0994e-06
0.0000e+00
1.0109e-04
4.0531e-06
0.0000e+00
9.1076e-05
3.0994e-06
8.1062e-06
1.1921e-06
1.9073e-06
0.0000e+00
9.4891e-05
1.9073e-06
0.0000e+00
1.2088e-04
2.8610e-06
0.0000e+00
1.0300e-04
3.0994e-06
0.0000e+00
9.2983e-05
2.1458e-06
0.0000e+00
9.3222e-05
5.9605e-06
0.0000e+00
9.6083e-05
2.8610e-06
0.0000e+00
9.2983e-05
3.0994e-06
0.0000e+00
9.1076e-05
4.0531e-06
6.9141e-06
9.5367e-07
3.0994e-06
0.0000e+00
1.2112e-04
4.0531e-06
0.0000e+00
9.9897e-05
3.8147e-06
0.0000e+00
9.2030e-05
3.8147e-06
0.0000e+00
9.2983e-05
3.0994e-06
2.5034e-05
9.5367e-07
2.1458e-06
0.0000e+00
9.2030e-05
2.8610e-06
0.0000e+00
9.0837e-05
3.8147e-06
0.0000e+00
9.3937e-05
2.8610e-06
0.0000e+00
1.1706e-04
5.0068e-06
2.2173e-05
9.5367e-07
3.0994e-06
0.0000e+00
1.0300e-04
2.8610e-06
0.0000e+00
9.2030e-05
2.8610e-06
0.0000e+00
9.1076e-05
2.8610e-06
0.0000e+00
9.1076e-05
5.0068e-06
0.0000e+00
9.0122e-05
5.0068e-06
0.0000e+00
9.2983e-05
4.0531e-06
0.0000e+00
1.2016e-04
5.0068e-06
0.0000e+00
9.2983e-05
1.4067e-05
0.0000e+00
9.1791e-05
3.8147e-06
5.9605e-06
1.1921e-06
3.8147e-06
0.0000e+00
9.7036e-05
5.0068e-06
0.0000e+00
9.3937e-05
4.0531e-06
0.0000e+00
9.0122e-05
4.0531e-06
0.0000e+00
9.3222e-05
1.4615e-04
7.1526e-06
9.5367e-07
3.0994e-06
0.0000e+00
1.2898e-04
5.0068e-06
0.0000e+00
9.2983e-05
5.0068e-06
6.9141e-06
9.5367e-07
3.0994e-06
5.0068e-06
1.1921e-06
2.8610e-06
0.0000e+00
9.1076e-05
2.8610e-06
0.0000e+00
8.8930e-05
5.0068e-06
0.0000e+00
9.3937e-05
4.0531e-06
6.9141e-06
1.9073e-06
3.0994e-06
4.7922e-05
9.5367e-07
2.1458e-06
0.0000e+00
9.3937e-05
4.0531e-06
0.0000e+00
1.0204e-04
4.0531e-06
0.0000e+00
8.9884e-05
3.8147e-06
6.9141e-06
9.5367e-07
2.8610e-06
0.0000e+00
9.3937e-05
3.8147e-06
5.9605e-06
1.9073e-06
2.8610e-06
5.0068e-06
9.5367e-07
3.0994e-06
0.0000e+00
9.3222e-05
5.0068e-06
0.0000e+00
9.3937e-05
1.6022e-04
0.0000e+00
9.2030e-05
4.7684e-06
0.0000e+00
1.0610e-04
4.0531e-06
0.0000e+00
9.5129e-05
4.0531e-06
0.0000e+00
9.4175e-05
2.8610e-06
0.0000e+00
9.2983e-05
5.0068e-06
0.0000e+00
9.2983e-05
2.8610e-06
0.0000e+00
9.1076e-05
3.8147e-06
0.0000e+00
9.2030e-05
4.0531e-06
0.0000e+00
1.1611e-04
9.7752e-06
0.0000e+00
9.2983e-05
4.0531e-06
0.0000e+00
9.1076e-05
8.1062e-06
0.0000e+00
9.1076e-05
9.0599e-06
0.0000e+00
9.7990e-05
4.0531e-06
0.0000e+00
9.2983e-05
3.0994e-06
0.0000e+00
9.2030e-05
8.1062e-06
0.0000e+00
9.5129e-05
4.0531e-06
5.9605e-06
9.5367e-07
3.0994e-06
0.0000e+00
9.4891e-05
4.0531e-06
0.0000e+00
9.1791e-05
8.8215e-06
0.0000e+00
9.1076e-05
4.0531e-06
0.0000e+00
9.2030e-05
4.0531e-06
0.0000e+00
9.0122e-05
4.0531e-06
0.0000e+00
9.5844e-05
5.0068e-06
0.0000e+00
9.0837e-05
3.8147e-06
0.0000e+00
1.2803e-04
1.0014e-05
2.4915e-04
9.5367e-07
2.8610e-06
0.0000e+00
9.2030e-05
1.9073e-06
0.0000e+00
8.9884e-05
1.9073e-06
0.0000e+00
8.9884e-05
3.0994e-06
0.0000e+00
9.6083e-05
1.9073e-06
0.0000e+00
9.1076e-05
1.9073e-06
0.0000e+00
9.9897e-05
4.0531e-06
5.9605e-06
1.1921e-06
5.0068e-06
5.9605e-06
9.5367e-07
3.0994e-06
0.0000e+00
9.5844e-05
4.0531e-06
1.7500e-04
9.5367e-07
1.9073e-06
0.0000e+00
9.2983e-05
4.0531e-06
0.0000e+00
9.3222e-05
5.0068e-06
0.0000e+00
9.5129e-05
3.8147e-06
0.0000e+00
9.9897e-05
3.8147e-06
0.0000e+00
9.5129e-05
3.8147e-06
0.0000e+00
1.2302e-04
5.0068e-06
0.0000e+00
9.2030e-05
5.9605e-06
0.0000e+00
9.1076e-05
3.8147e-06
0.0000e+00
9.2030e-05
3.0994e-06
0.0000e+00
9.3937e-05
5.0068e-06
9.0599e-06
1.9073e-06
2.1458e-06
1.1110e-04
9.5367e-07
2.1458e-06
0.0000e+00
9.2983e-05
3.0994e-06
0.0000e+00
9.2983e-05
3.0994e-06
0.0000e+00
9.8944e-05
3.0994e-06
6.1989e-06
9.5367e-07
4.0531e-06
0.0000e+00
9.4175e-05
2.8610e-06
0.0000e+00
9.2983e-05
2.8610e-06
0.0000e+00
9.2983e-05
4.0531e-06
8.1062e-06
9.5367e-07
2.1458e-06
8.1062e-06
9.5367e-07
3.0994e-06
0.0000e+00
1.0085e-04
4.0531e-06
9.8944e-05
2.1458e-06
2.8610e-06
0.0000e+00
9.4891e-05
3.0994e-06
7.1526e-06
9.5367e-07
3.0994e-06
0.0000e+00
9.3937e-05
2.8610e-06
0.0000e+00
9.0122e-05
4.0531e-06
0.0000e+00
9.2983e-05
2.8610e-06
0.0000e+00
9.3937e-05
5.0068e-06
0.0000e+00
1.0514e-04
2.8610e-06
0.0000e+00
9.2030e-05
4.0531e-06
0.0000e+00
9.7990e-05
4.0531e-06
0.0000e+00
9.3222e-05
5.0068e-06
0.0000e+00
9.3937e-05
4.0531e-06
0.0000e+00
9.2030e-05
4.0531e-06
3.1018e-04
1.1921e-06
2.8610e-06
0.0000e+00
9.7990e-05
3.0994e-06
0.0000e+00
9.2983e-05
2.8610e-06
0.0000e+00
9.2983e-05
2.8610e-06
0.0000e+00
9.2030e-05
3.0994e-06
0.0000e+00
9.1076e-05
3.0994e-06
0.0000e+00
9.4891e-05
3.8147e-06
0.0000e+00
9.6083e-05
3.8147e-06
7.8678e-06
9.5367e-07
2.8610e-06
0.0000e+00
9.2983e-05
3.0994e-06
0.0000e+00
9.2983e-05
5.0068e-06
0.0000e+00
9.4175e-05
4.0531e-06
5.0068e-06
2.1458e-06
2.8610e-06
5.0068e-06
1.9073e-06
1.9073e-06
0.0000e+00
1.2302e-04
5.0068e-06
0.0000e+00
9.4891e-05
5.0068e-06
0.0000e+00
9.5844e-05
4.0531e-06
7.2956e-05
9.5367e-07
2.8610e-06
5.9605e-06
1.1921e-06
2.8610e-06
0.0000e+00
9.2983e-05
3.8147e-06
0.0000e+00
9.2030e-05
3.0994e-06
0.0000e+00
9.2983e-05
4.0531e-06
0.0000e+00
9.0122e-05
5.9605e-06
0.0000e+00
9.5844e-05
2.8610e-06
9.3937e-05
1.1921e-06
2.8610e-06
0.0000e+00
9.5129e-05
2.8610e-06
0.0000e+00
9.9897e-05
4.0531e-06
0.0000e+00
9.2030e-05
5.0068e-06
0.0000e+00
9.1076e-05
4.0531e-06
0.0000e+00
8.9884e-05
4.0531e-06
3.4094e-05
9.5367e-07
3.0994e-06
0.0000e+00
1.1516e-04
2.8610e-06
0.0000e+00
9.3937e-05
6.1989e-06
0.0000e+00
9.6083e-05
4.0531e-06
0.0000e+00
1.0681e-04
5.9605e-06
0.0000e+00
9.2030e-05
8.3923e-05
0.0000e+00
9.7990e-05
4.0531e-06
0.0000e+00
9.2983e-05
2.8610e-06
0.0000e+00
9.2983e-05
6.1989e-06
0.0000e+00
9.5129e-05
2.8610e-06
0.0000e+00
9.3937e-05
4.0531e-06
0.0000e+00
9.7990e-05
2.8610e-06
0.0000e+00
9.2030e-05
5.0068e-06
0.0000e+00
9.3222e-05
2.8610e-06
0.0000e+00
9.0837e-05
4.0531e-06
0.0000e+00
9.1076e-05
4.0531e-06
0.0000e+00
1.0991e-04
5.0068e-06
0.0000e+00
9.0837e-05
3.0994e-06
0.0000e+00
8.8930e-05
1.3113e-05
0.0000e+00
9.1076e-05
4.0531e-06
0.0000e+00
9.2983e-05
2.8610e-06
0.0000e+00
9.3937e-05
3.0994e-06
7.1526e-06
9.5367e-07
3.0994e-06
5.9605e-06
9.5367e-07
3.0994e-06
0.0000e+00
9.5129e-05
3.0994e-06
0.0000e+00
1.1611e-04
5.9605e-06
5.9605e-06
1.1921e-06
2.8610e-06
0.0000e+00
9.1076e-05
5.9605e-06
0.0000e+00
1.0300e-04
4.0531e-06
0.0000e+00
9.2030e-05
5.9605e-06
0.0000e+00
9.0122e-05
4.0531e-06
0.0000e+00
8.8930e-05
3.0994e-06
0.0000e+00
8.9169e-05
2.8610e-06
0.0000e+00
1.1611e-04
5.0068e-06
2.3127e-05
1.9073e-06
3.0994e-06
0.0000e+00
9.4175e-05
3.0994e-06
0.0000e+00
9.2030e-05
1.3113e-05
0.0000e+00
9.4175e-05
2.8610e-06
0.0000e+00
9.6083e-05
5.0068e-06
0.0000e+00
9.2983e-05
5.0068e-06
0.0000e+00
9.0837e-05
4.0531e-06
0.0000e+00
1.1802e-04
4.0531e-06
0.0000e+00
9.5129e-05
4.0531e-06
0.0000e+00
9.3937e-05
4.0531e-06
0.0000e+00
1.0204e-04
3.8147e-06
0.0000e+00
9.3937e-05
4.0531e-06
0.0000e+00
9.4175e-05
2.8610e-06
0.0000e+00
9.1076e-05
4.0531e-06
0.0000e+00
8.8930e-05
5.0068e-06
0.0000e+00
9.2030e-05
5.0068e-06
5.9605e-06
9.5367e-07
2.8610e-06
0.0000e+00
9.1076e-05
5.0068e-06
7.1526e-06
1.9073e-06
4.0531e-06
0.0000e+00
1.0109e-04
4.0054e-05
0.0000e+00
9.3222e-05
3.8147e-06
0.0000e+00
9.5129e-05
3.8147e-06
0.0000e+00
9.2983e-05
4.0531e-06
0.0000e+00
1.2016e-04
4.0531e-06
0.0000e+00
9.5129e-05
2.8610e-06
5.0068e-06
1.1921e-06
2.8610e-06
0.0000e+00
9.5129e-05
4.0531e-06
0.0000e+00
1.1086e-04
3.8147e-06
0.0000e+00
9.4891e-05
5.0068e-06
0.0000e+00
9.3937e-05
2.8610e-06
0.0000e+00
9.1076e-05
3.8147e-06
0.0000e+00
9.2983e-05
5.9605e-06
0.0000e+00
9.4891e-05
3.0994e-06
0.0000e+00
9.1076e-05
3.0994e-06
0.0000e+00
9.2030e-05
3.0994e-06
0.0000e+00
1.0085e-04
3.0994e-06
0.0000e+00
9.5129e-05
7.1526e-06
7.1526e-06
1.9073e-06
3.0994e-06
0.0000e+00
9.2983e-05
3.8147e-06
0.0000e+00
9.1076e-05
5.0068e-06
0.0000e+00
9.1076e-05
3.0994e-06
0.0000e+00
9.0837e-05
3.0994e-06
0.0000e+00
9.0837e-05
3.0994e-06
0.0000e+00
9.9182e-05
4.0531e-06
0.0000e+00
9.2983e-05
5.9605e-06
0.0000e+00
9.3222e-05
4.0531e-06
7.8678e-06
1.1921e-06
3.0994e-06
0.0000e+00
9.2983e-05
4.0531e-06
0.0000e+00
9.3222e-05
3.8147e-06
5.9605e-06
9.5367e-07
2.8610e-06
0.0000e+00
9.2030e-05
2.8610e-06
0.0000e+00
9.2983e-05
4.0531e-06
0.0000e+00
1.0300e-04
4.0531e-06
0.0000e+00
9.5129e-05
5.0068e-06
0.0000e+00
9.2983e-05
3.0994e-06
0.0000e+00
9.2983e-05
5.0068e-06
0.0000e+00
9.7036e-05
4.0531e-06
0.0000e+00
9.1076e-05
3.0994e-06
0.0000e+00
9.2983e-05
5.0068e-06
0.0000e+00
9.3937e-05
1.3113e-05
0.0000e+00
9.8944e-05
4.0531e-06
0.0000e+00
9.2030e-05
4.0531e-06
0.0000e+00
9.3937e-05
5.0068e-06
0.0000e+00
1.1897e-04
4.0531e-06
0.0000e+00
9.2983e-05
5.0068e-06
0.0000e+00
8.9884e-05
3.0994e-06
3.8147e-06
9.5367e-07
3.0994e-06
4.0531e-06
1.1921e-06
3.8147e-06
0.0000e+00
9.3937e-05
1.3113e-05
0.0000e+00
1.5402e-04
1.1921e-05
0.0000e+00
6.1035e-05
3.0994e-06
0.0000e+00
5.6982e-05
1.9073e-06
0.0000e+00
9.2983e-05
4.0531e-06
9.0599e-06
9.5367e-07
2.1458e-06
0.0000e+00
5.6982e-05
1.9073e-06
0.0000e+00
5.4836e-05
3.0994e-06
0.0000e+00
5.4836e-05
1.9073e-06
0.0000e+00
5.5075e-05
2.1458e-06
6.9141e-06
1.1921e-06
2.1458e-06
0.0000e+00
5.5075e-05
1.9073e-06
0.0000e+00
6.5088e-05
3.8147e-06
0.0000e+00
5.6982e-05
5.8222e-04
0.0000e+00
5.5075e-05
2.1458e-06
0.0000e+00
5.4121e-05
3.0994e-06
1.1301e-04
0.0000e+00
1.0014e-05
3.8147e-06
9.5367e-07
1.1921e-06
2.2292e-04
9.5367e-07
1.1921e-06
0.0000e+00
5.7936e-05
1.9073e-06
0.0000e+00
5.3883e-05
9.5367e-07
0.0000e+00
5.5075e-05
1.9073e-06
0.0000e+00
5.6982e-05
3.0994e-06
0.0000e+00
5.5075e-05
3.6120e-04
0.0000e+00
6.0081e-05
2.8610e-06
8.8215e-06
1.1921e-06
1.1921e-06
1.5998e-04
1.1921e-06
2.1458e-06
5.9605e-06
1.1921e-06
9.5367e-07
0.0000e+00
5.8889e-05
9.5367e-07
0.0000e+00
5.2929e-05
1.8787e-04
0.0000e+00
5.5075e-05
1.9073e-06
0.0000e+00
7.4148e-05
3.0994e-06
0.0000e+00
5.4121e-05
2.8610e-06
0.0000e+00
5.4836e-05
1.0014e-05
5.0068e-06
9.5367e-07
1.9073e-06
0.0000e+00
5.6028e-05
3.0994e-06
5.6887e-04
0.0000e+00
1.9073e-06
0.0000e+00
5.6028e-05
1.9073e-06
0.0000e+00
5.4121e-05
9.5367e-07
0.0000e+00
5.5075e-05
1.9073e-06
0.0000e+00
5.6982e-05
8.1062e-06
1.1706e-04
9.5367e-07
1.9073e-06
0.0000e+00
5.6028e-05
1.9073e-06
0.0000e+00
5.3883e-05
1.4067e-05
0.0000e+00
5.5075e-05
2.1458e-06
0.0000e+00
5.4121e-05
2.1458e-06
0.0000e+00
5.5075e-05
9.4175e-05
0.0000e+00
5.4121e-05
3.0994e-06
4.3392e-04
1.9073e-06
1.9073e-06
1.4496e-04
1.9073e-06
3.0994e-06
0.0000e+00
9.6083e-05
3.0994e-06
0.0000e+00
9.2983e-05
3.0994e-06
0.0000e+00
9.2983e-05
2.8610e-06
1.5020e-05
9.5367e-07
3.0994e-06
0.0000e+00
9.2983e-05
1.1992e-04
0.0000e+00
1.2207e-04
7.8678e-06
0.0000e+00
1.0896e-04
8.1062e-06
0.0000e+00
1.0490e-04
4.0531e-06
0.0000e+00
9.2983e-05
3.0994e-06
5.9605e-06
9.5367e-07
3.0994e-06
0.0000e+00
9.3937e-05
4.0531e-06
0.0000e+00
9.2030e-05
3.8147e-06
0.0000e+00
9.2030e-05
5.0068e-06
2.0027e-05
1.9073e-06
2.8610e-06
0.0000e+00
9.3937e-05
5.0068e-06
0.0000e+00
9.5844e-05
2.8610e-06
0.0000e+00
9.3937e-05
3.0994e-06
0.0000e+00
9.4175e-05
4.0531e-06
0.0000e+00
9.2983e-05
5.0068e-06
0.0000e+00
9.2983e-05
4.0531e-06
0.0000e+00
9.1791e-05
3.8147e-06
2.0027e-05
1.9073e-06
2.1458e-06
0.0000e+00
1.3614e-04
6.1989e-06
0.0000e+00
9.8944e-05
3.8147e-06
0.0000e+00
9.7036e-05
3.0994e-06
0.0000e+00
9.5129e-05
3.0994e-06
0.0000e+00
9.2030e-05
5.0068e-06
0.0000e+00
9.2983e-05
5.0068e-06
8.1062e-06
9.5367e-07
4.0531e-06
0.0000e+00
9.3937e-05
5.9605e-06
0.0000e+00
6.0797e-05
3.0994e-06
5.9605e-06
9.5367e-07
2.1458e-06
5.6982e-05
9.5367e-07
3.0994e-06
0.0000e+00
5.9128e-05
9.5367e-07
0.0000e+00
5.4121e-05
3.0994e-06
0.0000e+00
5.4121e-05
1.9073e-06
0.0000e+00
5.5075e-05
2.8610e-06
0.0000e+00
5.4121e-05
1.9073e-06
0.0000e+00
5.4121e-05
3.0994e-06
5.5408e-04
9.5367e-07
1.9073e-06
5.9605e-06
9.5367e-07
9.5367e-07
0.0000e+00
7.5102e-05
1.9073e-06
0.0000e+00
5.5790e-05
2.1458e-06
0.0000e+00
5.6028e-05
2.1458e-06
0.0000e+00
5.3883e-05
1.9073e-06
0.0000e+00
5.5075e-05
1.9073e-06
0.0000e+00
5.4121e-05
2.8610e-06
0.0000e+00
5.3883e-05
1.9073e-06
0.0000e+00
5.4836e-05
1.9073e-06
0.0000e+00
7.1049e-05
3.0994e-06
0.0000e+00
5.6028e-05
1.9073e-06
0.0000e+00
7.4863e-05
4.0531e-06
0.0000e+00
6.5088e-05
2.8849e-05
0.0000e+00
5.4836e-05
3.1948e-05
0.0000e+00
5.4836e-05
2.1458e-06
0.0000e+00
5.5075e-05
3.0994e-06
0.0000e+00
5.5075e-05
2.8610e-06
0.0000e+00
5.7936e-05
1.9073e-06
0.0000e+00
5.6028e-05
1.9073e-06
0.0000e+00
5.3883e-05
7.6056e-05
5.0068e-06
9.5367e-07
5.9605e-06
1.2517e-04
0.0000e+00
1.9073e-06
0.0000e+00
5.4836e-05
2.8610e-06
0.0000e+00
6.3896e-05
2.8610e-06
0.0000e+00
5.3883e-05
2.1100e-04
7.1526e-06
9.5367e-07
3.0994e-06
0.0000e+00
5.7936e-05
2.1458e-06
0.0000e+00
5.5075e-05
3.0994e-06
0.0000e+00
5.5075e-05
2.1458e-06
0.0000e+00
5.6028e-05
1.9073e-06
0.0000e+00
5.5075e-05
1.9073e-06
0.0000e+00
5.3883e-05
1.9073e-06
0.0000e+00
5.4836e-05
2.4009e-04
0.0000e+00
7.7009e-05
4.0531e-06
0.0000e+00
5.5075e-05
3.0994e-06
0.0000e+00
5.5075e-05
1.4188e-03
0.0000e+00
5.6028e-05
2.1458e-06
0.0000e+00
5.5075e-05
2.8610e-06
0.0000e+00
5.3883e-05
2.8610e-06
0.0000e+00
5.4836e-05
2.1458e-06
4.3392e-04
1.1921e-06
2.1458e-06
5.0068e-06
9.5367e-07
3.0994e-06
0.0000e+00
5.6982e-05
3.0994e-06
0.0000e+00
5.5075e-05
2.1458e-06
0.0000e+00
5.4121e-05
3.0994e-06
0.0000e+00
5.4121e-05
2.1458e-06
0.0000e+00
5.4121e-05
3.0994e-06
0.0000e+00
6.0081e-05
2.8610e-06
1.3709e-04
9.5367e-07
1.9073e-06
0.0000e+00
5.6028e-05
1.9073e-06
0.0000e+00
5.6982e-05
1.1921e-06
0.0000e+00
5.5075e-05
2.1458e-06
0.0000e+00
5.3883e-05
3.0994e-06
5.8889e-04
9.5367e-07
1.9073e-06
0.0000e+00
5.7220e-05
2.1458e-06
0.0000e+00
5.4121e-05
2.1458e-06
0.0000e+00
5.5075e-05
2.1458e-06
0.0000e+00
5.3883e-05
2.1458e-06
0.0000e+00
7.4863e-05
3.0994e-06
9.0599e-06
9.5367e-07
1.9073e-06
0.0000e+00
5.6982e-05
2.1458e-06
0.0000e+00
5.5075e-05
1.1921e-06
0.0000e+00
5.3883e-05
3.0994e-06
0.0000e+00
5.6028e-05
2.8610e-06
0.0000e+00
5.4836e-05
3.0994e-06
0.0000e+00
5.5075e-05
2.1458e-06
1.0710e-03
1.1921e-06
2.8610e-06
0.0000e+00
5.9128e-05
9.5367e-07
0.0000e+00
5.5075e-05
1.9073e-06
4.3893e-04
9.5367e-07
1.9073e-06
0.0000e+00
5.6982e-05
9.5367e-07
0.0000e+00
5.4836e-05
9.5367e-07
0.0000e+00
5.4836e-05
9.5367e-07
0.0000e+00
5.4121e-05
1.9073e-06
8.1062e-06
9.5367e-07
2.1458e-06
0.0000e+00
7.6056e-05
2.1458e-06
0.0000e+00
5.5075e-05
1.9073e-06
0.0000e+00
5.4121e-05
2.8610e-06
0.0000e+00
5.5075e-05
2.8610e-06
0.0000e+00
5.4836e-05
1.9073e-06
0.0000e+00
5.3883e-05
1.9073e-06
0.0000e+00
5.3883e-05
1.9073e-06
0.0000e+00
5.4121e-05
4.0531e-06
0.0000e+00
5.6982e-05
2.8610e-06
0.0000e+00
5.3883e-05
1.9073e-06
6.2203e-04
1.1921e-06
2.1458e-06
0.0000e+00
5.6028e-05
1.9002e-04
0.0000e+00
5.4836e-05
2.1458e-06
5.0068e-06
9.5367e-07
1.9073e-06
0.0000e+00
5.4836e-05
1.9073e-06
0.0000e+00
5.2929e-05
1.9073e-06
0.0000e+00
7.4863e-05
4.0531e-06
0.0000e+00
5.7220e-05
5.0068e-06
0.0000e+00
5.4121e-05
1.9073e-06
0.0000e+00
5.5075e-05
1.9073e-06
4.4107e-04
9.5367e-07
9.5367e-07
0.0000e+00
5.4836e-05
2.1458e-06
0.0000e+00
5.3883e-05
2.1601e-04
5.9605e-06
0.0000e+00
5.9605e-06
0.0000e+00
5.6982e-05
1.9073e-06
0.0000e+00
7.5817e-05
3.0994e-06
0.0000e+00
5.5075e-05
3.0994e-06
5.0068e-06
1.1921e-06
2.1458e-06
0.0000e+00
5.5075e-05
2.1458e-06
3.3855e-05
9.5367e-07
9.5367e-07
3.0994e-06
0.0000e+00
9.5367e-07
0.0000e+00
5.5075e-05
1.9073e-06
0.0000e+00
5.4121e-05
1.9073e-06
0.0000e+00
5.4121e-05
2.1458e-06
0.0000e+00
7.1049e-05
2.8610e-06
0.0000e+00
5.4836e-05
1.9073e-06
0.0000e+00
5.5075e-05
3.0994e-06
0.0000e+00
6.1989e-05
3.0994e-06
0.0000e+00
5.5075e-05
1.9073e-06
6.5899e-04
0.0000e+00
1.9073e-06
0.0000e+00
5.4836e-05
1.9073e-06
0.0000e+00
5.2929e-05
1.9073e-06
0.0000e+00
7.2002e-05
3.0994e-06
5.9605e-06
9.5367e-07
2.1458e-06
0.0000e+00
5.8889e-05
3.0994e-06
8.2397e-04
0.0000e+00
1.9073e-06
2.7895e-05
9.5367e-07
9.5367e-07
0.0000e+00
5.7936e-05
1.9073e-06
0.0000e+00
5.4121e-05
1.9073e-06
0.0000e+00
5.4121e-05
1.1921e-06
0.0000e+00
5.5075e-05
2.6822e-04
5.0068e-06
9.5367e-07
5.9605e-06
0.0000e+00
7.7009e-05
3.0994e-06
4.0531e-06
9.5367e-07
1.9073e-06
8.1062e-05
9.5367e-07
1.9073e-06
0.0000e+00
5.6982e-05
1.1921e-06
0.0000e+00
5.4121e-05
2.5606e-04
6.5088e-05
1.1921e-06
1.1921e-06
0.0000e+00
5.6982e-05
9.5367e-07
0.0000e+00
5.5075e-05
1.9073e-06
0.0000e+00
5.5075e-05
2.8610e-06
0.0000e+00
7.2956e-05
2.8610e-06
0.0000e+00
5.5790e-05
3.0994e-06
0.0000e+00
5.5075e-05
3.0994e-06
0.0000e+00
5.4121e-05
2.3484e-04
3.8147e-06
9.5367e-07
2.8610e-06
0.0000e+00
5.4836e-05
3.0994e-05
0.0000e+00
5.4121e-05
2.1458e-06
6.5088e-05
9.5367e-07
9.5367e-07
0.0000e+00
5.5075e-05
9.5367e-07
0.0000e+00
7.4148e-05
3.0994e-06
0.0000e+00
5.6028e-05
3.8910e-04
6.2943e-05
1.1921e-06
2.8610e-06
3.8862e-05
1.9073e-06
1.9073e-06
0.0000e+00
9.7036e-05
2.8610e-06
2.3842e-05
1.9073e-06
3.0994e-06
0.0000e+00
9.7036e-05
3.0994e-06
4.4513e-04
9.5367e-07
3.0994e-06
0.0000e+00
6.0081e-05
1.9073e-06
0.0000e+00
5.6028e-05
3.0994e-06
0.0000e+00
5.7936e-05
1.9073e-06
0.0000e+00
5.3883e-05
1.9073e-06
0.0000e+00
5.6028e-05
1.9073e-06
0.0000e+00
5.5075e-05
6.0081e-05
0.0000e+00
5.6028e-05
2.8610e-06
0.0000e+00
5.4836e-05
3.0994e-06
0.0000e+00
5.5075e-05
2.1458e-06
0.0000e+00
7.1049e-05
2.8610e-06
0.0000e+00
5.5790e-05
3.0994e-06
0.0000e+00
5.5075e-05
1.2612e-04
6.3896e-05
9.5367e-07
1.9073e-06
3.0994e-06
0.0000e+00
1.9073e-06
0.0000e+00
5.6982e-05
2.8610e-06
0.0000e+00
5.3883e-05
5.0402e-04
0.0000e+00
5.6028e-05
1.9073e-06
0.0000e+00
5.5075e-05
2.8610e-06
1.1301e-04
1.1921e-06
2.1458e-06
0.0000e+00
5.9128e-05
2.1458e-06
0.0000e+00
5.4121e-05
2.1458e-06
0.0000e+00
5.5075e-05
2.1458e-06
0.0000e+00
5.3883e-05
1.9073e-06
0.0000e+00
5.2929e-05
9.5367e-07
0.0000e+00
5.3167e-05
2.1458e-06
0.0000e+00
5.3883e-05
1.4400e-04
0.0000e+00
8.4162e-05
3.8147e-06
1.9789e-05
9.5367e-07
1.9073e-06
0.0000e+00
5.6028e-05
1.9073e-06
4.0531e-06
9.5367e-07
9.5367e-07
0.0000e+00
6.2943e-05
1.9073e-06
0.0000e+00
5.7936e-05
3.8147e-06
9.8944e-05
9.5367e-07
1.9073e-06
2.7180e-05
9.5367e-07
1.1921e-06
0.0000e+00
5.6028e-05
2.1458e-06
0.0000e+00
5.5075e-05
1.9073e-06
0.0000e+00
5.6028e-05
9.5367e-07
3.8147e-06
9.5367e-07
1.9073e-06
0.0000e+00
5.6028e-05
1.9073e-06
4.0531e-06
0.0000e+00
2.1458e-06
0.0000e+00
5.3883e-05
3.0994e-06
0.0000e+00
5.5075e-05
3.9101e-05
0.0000e+00
5.4121e-05
1.9073e-06
0.0000e+00
5.4121e-05
2.8610e-06
5.0068e-06
9.5367e-07
3.0994e-06
0.0000e+00
5.7936e-05
3.0994e-06
0.0000e+00
5.6982e-05
2.8610e-06
6.1703e-04
9.5367e-07
1.9073e-06
0.0000e+00
5.6028e-05
9.5367e-07
0.0000e+00
5.4121e-05
9.5367e-07
0.0000e+00
6.1989e-05
1.9073e-06
0.0000e+00
5.4121e-05
1.3380e-03
5.9605e-06
9.5367e-07
5.0068e-06
0.0000e+00
7.6056e-05
4.0531e-06
0.0000e+00
5.5075e-05
2.1458e-06
2.2888e-05
9.5367e-07
1.9073e-06
0.0000e+00
5.6982e-05
2.8610e-06
2.4581e-04
1.9073e-06
3.0994e-06
0.0000e+00
9.7036e-05
3.0994e-06
0.0000e+00
9.2983e-05
2.1458e-06
0.0000e+00
9.7036e-05
5.0068e-06
0.0000e+00
9.7036e-05
5.0068e-06
0.0000e+00
1.1778e-04
1.5402e-04
2.6941e-05
0.0000e+00
3.0994e-06
0.0000e+00
6.6996e-05
2.8610e-06
0.0000e+00
5.6028e-05
2.1458e-06
0.0000e+00
5.4121e-05
2.1458e-06
0.0000e+00
5.5075e-05
2.8610e-06
0.0000e+00
5.6028e-05
1.9073e-06
0.0000e+00
5.2929e-05
1.9073e-06
0.0000e+00
7.8917e-05
4.0531e-06
3.8218e-04
0.0000e+00
1.9073e-06
0.0000e+00
5.5075e-05
1.9073e-06
0.0000e+00
6.3181e-05
2.1458e-06
0.0000e+00
5.4121e-05
3.0994e-06
0.0000e+00
5.5075e-05
3.0994e-06
0.0000e+00
5.5075e-05
1.9073e-06
0.0000e+00
5.4121e-05
1.9073e-06
0.0000e+00
7.5102e-05
2.8610e-06
0.0000e+00
5.6028e-05
2.1458e-06
0.0000e+00
5.4121e-05
2.1458e-06
4.0531e-06
9.5367e-07
9.5367e-07
0.0000e+00
5.3883e-05
1.9073e-06
0.0000e+00
5.6028e-05
2.1458e-06
0.0000e+00
5.4121e-05
3.0994e-06
0.0000e+00
5.4121e-05
3.0994e-06
0.0000e+00
7.2956e-05
3.0994e-06
5.9700e-04
1.1921e-06
2.1458e-06
0.0000e+00
5.7936e-05
9.5367e-07
0.0000e+00
5.5790e-05
2.1458e-06
0.0000e+00
5.3883e-05
9.5367e-07
0.0000e+00
5.3883e-05
9.5367e-07
0.0000e+00
5.3883e-05
9.5367e-07
0.0000e+00
6.0081e-05
1.9073e-06
0.0000e+00
7.5102e-05
3.0994e-06
0.0000e+00
5.5075e-05
2.8610e-06
0.0000e+00
5.4836e-05
3.2902e-05
0.0000e+00
5.4836e-05
2.1458e-06
0.0000e+00
5.3883e-05
1.9073e-06
0.0000e+00
5.4836e-05
3.0994e-06
0.0000e+00
5.3883e-05
6.2895e-04
0.0000e+00
5.5790e-05
3.0994e-06
0.0000e+00
5.6982e-05
2.8610e-06
0.0000e+00
5.3883e-05
1.9073e-06
0.0000e+00
5.3883e-05
1.9073e-06
0.0000e+00
5.4836e-05
1.9073e-06
0.0000e+00
5.2929e-05
1.9073e-06
0.0000e+00
5.4836e-05
1.9073e-06
0.0000e+00
5.2929e-05
1.9073e-06
0.0000e+00
7.0810e-05
2.8610e-06
0.0000e+00
5.6982e-05
1.9073e-06
2.1911e-04
9.5367e-07
1.9073e-06
0.0000e+00
5.7936e-05
1.0896e-04
0.0000e+00
5.5075e-05
3.0994e-06
0.0000e+00
5.5075e-05
2.8610e-06
0.0000e+00
5.4836e-05
1.9073e-06
0.0000e+00
5.3883e-05
1.9073e-06
0.0000e+00
6.9857e-05
4.0531e-06
0.0000e+00
5.6982e-05
2.8610e-06
6.9523e-04
9.5367e-07
1.9073e-06
0.0000e+00
6.0081e-05
9.5367e-07
0.0000e+00
5.4121e-05
1.9073e-06
4.0531e-06
0.0000e+00
1.9073e-06
0.0000e+00
5.5790e-05
1.9073e-06
0.0000e+00
5.4836e-05
1.9073e-06
0.0000e+00
5.4121e-05
2.6989e-04
0.0000e+00
7.4863e-05
3.0994e-06
0.0000e+00
5.5075e-05
3.0994e-06
0.0000e+00
5.5075e-05
3.0994e-06
0.0000e+00
5.4121e-05
2.1458e-06
0.0000e+00
5.5075e-05
3.0994e-06
0.0000e+00
5.4121e-05
4.9114e-05
4.0054e-05
0.0000e+00
2.1458e-06
1.9073e-05
9.5367e-07
9.5367e-07
1.4091e-04
9.5367e-07
1.1921e-06
0.0000e+00
8.2970e-05
2.8610e-06
3.2806e-04
9.5367e-07
9.5367e-07
0.0000e+00
5.6028e-05
2.1458e-06
0.0000e+00
5.4121e-05
2.1458e-06
0.0000e+00
5.2929e-05
1.9073e-06
0.0000e+00
5.3883e-05
9.5367e-07
0.0000e+00
5.3167e-05
2.1458e-06
0.0000e+00
5.4836e-05
9.5367e-07
0.0000e+00
7.2956e-05
1.9073e-06
0.0000e+00
6.1035e-05
4.0531e-06
0.0000e+00
5.5075e-05
2.1458e-06
0.0000e+00
5.5075e-05
3.0994e-06
0.0000e+00
5.4121e-05
3.0994e-06
0.0000e+00
5.5075e-05
2.1458e-06
0.0000e+00
5.3883e-05
3.0994e-06
0.0000e+00
5.4836e-05
2.8610e-06
0.0000e+00
5.6982e-05
3.0994e-06
4.3297e-04
9.5367e-07
1.9073e-06
0.0000e+00
5.6982e-05
2.1458e-06
0.0000e+00
5.4836e-05
9.5367e-07
5.0068e-06
0.0000e+00
1.9073e-06
2.3484e-04
0.0000e+00
9.5367e-07
0.0000e+00
5.8889e-05
1.9073e-06
0.0000e+00
5.3883e-05
1.9073e-06
0.0000e+00
5.5075e-05
9.5367e-07
0.0000e+00
7.2002e-05
3.6502e-04
0.0000e+00
5.6028e-05
3.0994e-06
0.0000e+00
5.5075e-05
1.9073e-06
0.0000e+00
5.5075e-05
1.9073e-06
0.0000e+00
5.5075e-05
1.9073e-06
0.0000e+00
5.3167e-05
2.1458e-06
5.7197e-04
0.0000e+00
9.5367e-07
4.0531e-06
9.5367e-07
9.5367e-07
0.0000e+00
5.7936e-05
3.0994e-06
5.9605e-06
9.5367e-07
9.5367e-07
0.0000e+00
5.7936e-05
2.1458e-06
0.0000e+00
5.5075e-05
2.1458e-06
0.0000e+00
5.4121e-05
1.1921e-06
0.0000e+00
5.3883e-05
9.5367e-07
0.0000e+00
5.2929e-05
1.9073e-06
4.0531e-06
0.0000e+00
1.1921e-06
0.0000e+00
5.6028e-05
2.1458e-06
0.0000e+00
7.2002e-05
1.9073e-06
0.0000e+00
5.3883e-05
1.9073e-06
0.0000e+00
5.3883e-05
5.0068e-06
0.0000e+00
5.5075e-05
1.9073e-06
5.0068e-06
1.1921e-06
1.9073e-06
0.0000e+00
5.6028e-05
9.5367e-07
0.0000e+00
5.4836e-05
5.5003e-04
1.7118e-04
9.5367e-07
1.9073e-06
0.0000e+00
5.6982e-05
2.8610e-06
0.0000e+00
6.2227e-05
3.0994e-06
0.0000e+00
5.5075e-05
1.9073e-06
0.0000e+00
5.4121e-05
2.8610e-06
0.0000e+00
5.3883e-05
1.9073e-06
0.0000e+00
5.3883e-05
1.9073e-06
0.0000e+00
5.3883e-05
1.9073e-06
0.0000e+00
5.4836e-05
1.9073e-06
0.0000e+00
6.9857e-05
4.0531e-06
0.0000e+00
5.6028e-05
2.5034e-05
0.0000e+00
5.3883e-05
1.9073e-06
0.0000e+00
5.4836e-05
3.0994e-06
0.0000e+00
5.4121e-05
2.1458e-06
0.0000e+00
5.5075e-05
2.1458e-06
0.0000e+00
6.1989e-05
3.0994e-06
0.0000e+00
5.3883e-05
4.0531e-06
0.0000e+00
5.7220e-05
3.0994e-06
0.0000e+00
5.5075e-05
2.1458e-06
0.0000e+00
5.4121e-05
2.1458e-06
0.0000e+00
5.5075e-05
1.9073e-06
0.0000e+00
5.5075e-05
3.0994e-04
8.1062e-06
0.0000e+00
4.0531e-06
0.0000e+00
5.5075e-05
1.9073e-06
0.0000e+00
5.4121e-05
5.1594e-04
8.2970e-05
9.5367e-07
3.0994e-06
0.0000e+00
5.9843e-05
2.1458e-06
0.0000e+00
5.3883e-05
5.0068e-06
0.0000e+00
5.4836e-05
1.9073e-06
0.0000e+00
5.6028e-05
3.0994e-06
0.0000e+00
6.1035e-05
2.8610e-06
5.0068e-06
9.5367e-07
1.9073e-06
0.0000e+00
5.6028e-05
1.9073e-06
0.0000e+00
5.4836e-05
4.0531e-06
0.0000e+00
5.6982e-05
3.0994e-06
8.1062e-06
9.5367e-07
1.9073e-06
0.0000e+00
5.5075e-05
1.9073e-06
0.0000e+00
5.3167e-05
2.1458e-06
0.0000e+00
5.5075e-05
1.9073e-06
4.7922e-05
9.5367e-07
9.5367e-07
4.6015e-05
1.1921e-06
1.1921e-06
0.0000e+00
5.6028e-05
1.9073e-06
0.0000e+00
5.4121e-05
8.8215e-06
0.0000e+00
6.1035e-05
2.1458e-06
0.0000e+00
5.5075e-05
2.1458e-06
0.0000e+00
6.1989e-05
2.8610e-06
0.0000e+00
5.3883e-05
1.9073e-06
0.0000e+00
6.9857e-05
4.0531e-06
2.3794e-04
9.5367e-07
1.9073e-06
5.2929e-05
0.0000e+00
9.5367e-07
0.0000e+00
6.1035e-05
1.1921e-06
0.0000e+00
7.2002e-05
1.9073e-06
0.0000e+00
5.7936e-05
2.1458e-06
0.0000e+00
5.6028e-05
1.9073e-06
0.0000e+00
5.4121e-05
9.5367e-07
0.0000e+00
6.3181e-05
2.1458e-06
0.0000e+00
5.2929e-05
1.9073e-06
1.6093e-04
9.5367e-07
1.9073e-06
3.6001e-05
9.5367e-07
9.5367e-07
0.0000e+00
5.6028e-05
1.9073e-06
0.0000e+00
7.6056e-05
1.9073e-06
0.0000e+00
5.4836e-05
9.5367e-07
3.8147e-06
9.5367e-07
1.9073e-06
0.0000e+00
5.6028e-05
9.5367e-07
1.0419e-04
9.5367e-07
1.9073e-06
0.0000e+00
5.7220e-05
9.5367e-07
2.8610e-06
9.5367e-07
9.5367e-07
0.0000e+00
5.6028e-05
1.9073e-06
0.0000e+00
6.2227e-05
4.0531e-06
0.0000e+00
7.9155e-05
4.0531e-06
0.0000e+00
5.6028e-05
1.9073e-06
4.6968e-05
9.5367e-07
1.9073e-06
0.0000e+00
5.6028e-05
2.1458e-06
0.0000e+00
5.5075e-05
1.1921e-06
0.0000e+00
5.4121e-05
9.5367e-07
0.0000e+00
5.3883e-05
9.5367e-07
3.8147e-06
9.5367e-07
1.9073e-06
0.0000e+00
5.5075e-05
3.0994e-06
0.0000e+00
5.6028e-05
3.0994e-06
5.3883e-05
1.1921e-06
1.1921e-06
0.0000e+00
5.6982e-05
1.9073e-06
0.0000e+00
5.3883e-05
2.8610e-06
0.0000e+00
6.1989e-05
2.1458e-06
0.0000e+00
5.4121e-05
3.0994e-06
0.0000e+00
5.5075e-05
1.9073e-06
0.0000e+00
5.4121e-05
2.8610e-06
0.0000e+00
7.5817e-05
4.0531e-06
0.0000e+00
5.5075e-05
1.9073e-06
0.0000e+00
5.3883e-05
2.8610e-06
0.0000e+00
5.3883e-05
1.9073e-06
0.0000e+00
5.5075e-05
1.9073e-06
6.7949e-05
9.5367e-07
1.9073e-06
0.0000e+00
5.6028e-05
1.9073e-06
0.0000e+00
5.3883e-05
9.5367e-07
0.0000e+00
7.4863e-05
1.9073e-06
0.0000e+00
5.9843e-05
3.0994e-06
0.0000e+00
5.3883e-05
2.1458e-06
0.0000e+00
6.2943e-05
4.0531e-06
0.0000e+00
5.8889e-05
2.8610e-06
0.0000e+00
5.4836e-05
3.0994e-06
5.9605e-06
9.5367e-07
1.9073e-06
5.9605e-06
0.0000e+00
1.9073e-06
4.9114e-05
9.5367e-07
1.9073e-06
0.0000e+00
7.4863e-05
3.0994e-06
0.0000e+00
5.6028e-05
2.8610e-06
0.0000e+00
5.3883e-05
2.8610e-06
0.0000e+00
5.4836e-05
1.9073e-06
4.0531e-06
1.1921e-06
2.1458e-06
0.0000e+00
5.5075e-05
2.1458e-06
0.0000e+00
7.0095e-05
4.0531e-06
0.0000e+00
5.7936e-05
3.0994e-06
0.0000e+00
7.3195e-05
3.0994e-06
0.0000e+00
5.6982e-05
2.8610e-06
0.0000e+00
5.3883e-05
1.9073e-06
0.0000e+00
5.2929e-05
2.8610e-06
0.0000e+00
5.4836e-05
1.9073e-06
5.0068e-06
9.5367e-07
9.5367e-07
0.0000e+00
5.5075e-05
1.9073e-06
0.0000e+00
5.3883e-05
1.9073e-06
0.0000e+00
5.3883e-05
2.8610e-06
5.6028e-05
9.5367e-07
1.9073e-06
0.0000e+00
5.8174e-05
1.9073e-06
0.0000e+00
5.3883e-05
9.5367e-07
7.6056e-05
9.5367e-07
1.9073e-06
0.0000e+00
5.6028e-05
1.9073e-06
0.0000e+00
5.2929e-05
1.9073e-06
0.0000e+00
5.3883e-05
1.9073e-06
0.0000e+00
5.3883e-05
2.8610e-06
0.0000e+00
7.3910e-05
3.0994e-06
0.0000e+00
5.3883e-05
3.0994e-06
0.0000e+00
5.3883e-05
2.1458e-06
5.0068e-06
0.0000e+00
1.9073e-06
0.0000e+00
5.4836e-05
1.9073e-06
0.0000e+00
5.3883e-05
1.9073e-06
0.0000e+00
5.3883e-05
1.9073e-06
0.0000e+00
5.3883e-05
1.9073e-06
0.0000e+00
7.1049e-05
1.0014e-05
0.0000e+00
5.3883e-05
3.0994e-06
0.0000e+00
5.3883e-05
2.1458e-06
4.0531e-06
0.0000e+00
1.9073e-06
0.0000e+00
5.3167e-05
2.1458e-06
6.4135e-05
9.5367e-07
1.9073e-06
0.0000e+00
5.5790e-05
2.1458e-06
0.0000e+00
5.3883e-05
2.1458e-06
2.1935e-05
0.0000e+00
9.5367e-07
0.0000e+00
7.0810e-05
2.1458e-06
0.0000e+00
5.6028e-05
2.8610e-06
0.0000e+00
5.2929e-05
2.8610e-06
0.0000e+00
5.5075e-05
1.9073e-06
0.0000e+00
5.3883e-05
1.9073e-06
5.0068e-06
1.1921e-06
2.1458e-06
0.0000e+00
5.6028e-05
1.9073e-06
5.9128e-05
9.5367e-07
9.5367e-07
0.0000e+00
5.7936e-05
9.5367e-07
0.0000e+00
7.5102e-05
2.1458e-06
0.0000e+00
5.6982e-05
3.0994e-06
0.0000e+00
5.4836e-05
3.0994e-06
9.6083e-05
9.5367e-07
9.5367e-07
0.0000e+00
5.6028e-05
9.5367e-07
0.0000e+00
5.4121e-05
9.5367e-07
4.0531e-06
0.0000e+00
9.5367e-07
0.0000e+00
5.5790e-05
9.5367e-07
2.6941e-05
9.5367e-07
9.5367e-07
0.0000e+00
7.3910e-05
1.9073e-06
1.0967e-05
9.5367e-07
1.9073e-06
0.0000e+00
5.6028e-05
9.5367e-07
0.0000e+00
6.0797e-05
1.9073e-06
0.0000e+00
5.5075e-05
9.5367e-07
0.0000e+00
5.3883e-05
1.9073e-06
0.0000e+00
5.2929e-05
1.9073e-06
0.0000e+00
5.4121e-05
1.9073e-06
0.0000e+00
7.2002e-05
1.9073e-06
0.0000e+00
5.3883e-05
2.5988e-05
0.0000e+00
5.5075e-05
1.9073e-06
6.1989e-06
9.5367e-07
9.5367e-07
0.0000e+00
5.5075e-05
1.9073e-06
0.0000e+00
5.4121e-05
1.9073e-06
0.0000e+00
5.3167e-05
2.1458e-06
0.0000e+00
5.5075e-05
1.9073e-06
0.0000e+00
7.2002e-05
4.0531e-06
0.0000e+00
5.6028e-05
4.0531e-06
4.2915e-05
9.5367e-07
2.1458e-06
0.0000e+00
5.6028e-05
1.9073e-06
0.0000e+00
5.5075e-05
9.5367e-07
0.0000e+00
5.4121e-05
1.9073e-06
0.0000e+00
5.4121e-05
1.1921e-06
0.0000e+00
5.4121e-05
2.1458e-06
0.0000e+00
7.1049e-05
2.1458e-06
0.0000e+00
5.6028e-05
1.9073e-06
0.0000e+00
5.4121e-05
3.0994e-06
0.0000e+00
5.4121e-05
2.8610e-06
0.0000e+00
5.5075e-05
1.9073e-06
0.0000e+00
5.3883e-05
2.8610e-06
0.0000e+00
6.1035e-05
3.0994e-06
0.0000e+00
5.6028e-05
3.0994e-06
1.4067e-05
1.1921e-06
2.1458e-06
0.0000e+00
5.7936e-05
1.9073e-06
1.0967e-05
9.5367e-07
9.5367e-07
0.0000e+00
5.5075e-05
1.9073e-06
0.0000e+00
5.3883e-05
2.8610e-06
7.4863e-05
0.0000e+00
9.5367e-07
0.0000e+00
5.5075e-05
1.1921e-06
0.0000e+00
5.6982e-05
1.9073e-06
0.0000e+00
5.4121e-05
1.9073e-06
0.0000e+00
7.4148e-05
2.1458e-06
0.0000e+00
5.6028e-05
9.5367e-07
0.0000e+00
5.6028e-05
2.8610e-06
0.0000e+00
6.1989e-05
4.0531e-06
0.0000e+00
5.5075e-05
1.9073e-06
0.0000e+00
5.4836e-05
2.8610e-06
0.0000e+00
5.3883e-05
1.9073e-06
0.0000e+00
5.3883e-05
1.9073e-06
5.0068e-06
1.1921e-06
3.0994e-06
0.0000e+00
5.6982e-05
3.0994e-06
0.0000e+00
5.5075e-05
2.1458e-06
0.0000e+00
5.4121e-05
1.9073e-05
0.0000e+00
5.4121e-05
2.1458e-06
0.0000e+00
5.3883e-05
1.9073e-06
0.0000e+00
5.3883e-05
1.9073e-06
0.0000e+00
5.6028e-05
3.0994e-06
2.5034e-05
9.5367e-07
2.1458e-06
0.0000e+00
6.6996e-05
1.1921e-06
0.0000e+00
5.5075e-05
1.1921e-06
0.0000e+00
5.5075e-05
2.1458e-06
0.0000e+00
5.4121e-05
1.9073e-06
0.0000e+00
5.2929e-05
2.8610e-06
0.0000e+00
5.3883e-05
1.2700e-01
