6.1541e-03
1.1191e-03
0.0000e+00
1.1110e-04
3.4370e-03
3.0994e-05
1.1921e-06
6.8903e-05
0.0000e+00
6.1989e-05
1.9073e-06
0.0000e+00
5.6028e-05
3.3522e-04
0.0000e+00
6.5088e-05
1.9073e-06
0.0000e+00
5.6028e-05
2.0981e-05
0.0000e+00
5.5075e-05
7.8678e-06
0.0000e+00
5.3883e-05
2.8610e-06
0.0000e+00
5.9843e-05
1.3113e-05
6.9141e-06
9.5367e-07
5.1022e-05
0.0000e+00
5.7936e-05
1.9073e-06
0.0000e+00
5.3883e-05
7.8678e-06
0.0000e+00
5.5075e-05
8.1062e-06
0.0000e+00
5.4121e-05
2.4359e-03
4.0531e-06
9.5367e-07
6.3896e-05
0.0000e+00
5.6028e-05
4.3154e-05
0.0000e+00
7.3910e-05
1.0967e-05
0.0000e+00
5.6982e-05
1.9073e-06
0.0000e+00
5.3883e-05
1.9073e-06
0.0000e+00
5.5790e-05
2.1458e-06
2.8491e-04
9.5367e-07
5.0068e-06
0.0000e+00
5.8889e-05
1.1921e-06
1.0800e-04
9.5367e-07
9.5367e-07
5.0068e-06
0.0000e+00
1.1921e-05
0.0000e+00
5.6028e-05
8.5115e-05
0.0000e+00
5.5075e-05
2.8610e-06
1.4067e-05
0.0000e+00
2.0027e-05
0.0000e+00
6.0081e-05
1.9073e-06
3.6621e-04
9.5367e-07
1.9073e-06
0.0000e+00
5.7220e-05
8.3208e-05
0.0000e+00
5.6028e-05
1.9073e-06
4.0531e-06
0.0000e+00
5.1022e-05
0.0000e+00
5.6028e-05
4.6015e-05
0.0000e+00
5.6028e-05
2.0981e-05
3.0994e-06
9.5367e-07
5.5075e-05
0.0000e+00
7.4863e-05
3.0994e-06
2.9993e-04
9.5367e-07
1.9073e-06
0.0000e+00
5.6982e-05
1.9073e-06
0.0000e+00
5.3883e-05
9.5367e-07
0.0000e+00
5.5075e-05
9.5367e-07
0.0000e+00
5.4121e-05
1.9073e-06
0.0000e+00
5.4121e-05
1.1718e-03
6.1989e-06
9.5367e-07
5.6028e-05
0.0000e+00
5.6982e-05
3.0994e-06
6.9141e-06
1.1921e-06
2.6941e-05
0.0000e+00
5.6982e-05
2.1458e-06
6.3896e-05
1.1921e-06
9.5367e-07
1.0180e-04
9.5367e-07
2.1458e-06
0.0000e+00
6.1989e-05
1.9073e-06
6.1989e-06
0.0000e+00
2.0981e-05
0.0000e+00
5.6028e-05
2.4486e-04
0.0000e+00
5.5075e-05
4.0531e-06
0.0000e+00
5.4121e-05
3.0994e-06
3.0899e-04
9.5367e-07
9.5367e-07
0.0000e+00
8.1062e-05
1.9073e-06
0.0000e+00
5.5075e-05
9.2983e-05
0.0000e+00
5.6028e-05
1.9073e-06
0.0000e+00
5.5790e-05
2.1935e-05
0.0000e+00
5.4836e-05
7.2956e-05
0.0000e+00
5.4836e-05
1.2898e-04
0.0000e+00
5.4836e-05
1.9073e-06
1.8716e-04
9.5367e-07
9.5367e-07
0.0000e+00
7.5817e-05
2.1458e-06
0.0000e+00
5.4836e-05
2.1458e-06
0.0000e+00
5.5075e-05
9.0599e-06
0.0000e+00
5.5790e-05
6.9141e-06
0.0000e+00
5.3883e-05
2.7895e-04
0.0000e+00
5.5075e-05
2.0027e-05
0.0000e+00
5.4121e-05
5.9605e-06
0.0000e+00
5.4121e-05
4.0531e-06
0.0000e+00
5.8889e-05
1.2875e-05
0.0000e+00
5.5075e-05
5.6982e-05
0.0000e+00
5.3883e-05
5.9605e-06
0.0000e+00
5.4121e-05
1.0800e-04
0.0000e+00
5.3883e-05
3.0994e-06
0.0000e+00
5.4836e-05
2.0027e-05
0.0000e+00
5.4121e-05
2.7180e-05
0.0000e+00
6.9857e-05
3.0994e-06
1.6689e-04
6.9141e-06
1.9073e-06
4.0531e-06
0.0000e+00
9.5367e-07
0.0000e+00
5.7936e-05
7.3910e-05
0.0000e+00
5.5075e-05
4.0531e-06
0.0000e+00
5.4121e-05
2.1458e-06
3.0994e-06
0.0000e+00
6.8903e-05
0.0000e+00
5.5790e-05
2.0981e-05
0.0000e+00
5.4836e-05
3.4094e-04
4.0531e-06
0.0000e+00
3.0994e-06
0.0000e+00
8.2970e-05
4.0531e-06
0.0000e+00
5.6028e-05
1.9073e-06
0.0000e+00
5.4121e-05
2.1458e-06
0.0000e+00
5.3883e-05
2.1458e-06
0.0000e+00
5.4836e-05
9.5367e-07
4.7684e-06
0.0000e+00
4.9829e-05
3.8147e-06
1.1921e-06
6.1989e-06
0.0000e+00
5.6028e-05
8.1062e-06
0.0000e+00
5.3167e-05
1.5941e-03
0.0000e+00
5.7936e-05
1.9073e-06
0.0000e+00
5.4121e-05
1.3304e-04
0.0000e+00
5.5075e-05
2.8610e-06
0.0000e+00
5.3883e-05
1.6594e-04
4.0531e-06
0.0000e+00
5.1022e-05
0.0000e+00
5.6028e-05
3.0994e-06
0.0000e+00
5.3883e-05
1.6809e-04
1.6093e-04
9.5367e-07
9.5367e-07
5.0068e-06
1.1921e-06
1.9073e-06
0.0000e+00
5.7936e-05
3.0994e-06
0.0000e+00
5.6028e-05
2.1458e-06
0.0000e+00
5.5075e-05
2.1458e-06
0.0000e+00
5.4121e-05
2.1458e-06
2.5105e-04
9.5367e-07
1.9073e-06
4.0531e-06
9.5367e-07
2.1458e-06
0.0000e+00
6.2943e-05
1.9073e-05
0.0000e+00
5.5075e-05
4.0531e-06
0.0000e+00
7.6056e-05
1.6308e-04
1.0109e-04
9.5367e-07
9.5367e-07
0.0000e+00
5.8174e-05
2.1458e-06
0.0000e+00
5.3167e-05
2.1458e-06
0.0000e+00
5.2929e-05
9.5367e-07
4.8780e-04
9.5367e-07
9.5367e-07
0.0000e+00
5.6028e-05
1.9073e-06
0.0000e+00
5.3883e-05
1.9073e-06
5.0068e-06
1.1921e-06
3.3140e-05
0.0000e+00
7.2002e-05
1.1086e-04
0.0000e+00
5.7936e-05
1.2898e-04
0.0000e+00
5.6982e-05
2.1458e-06
0.0000e+00
6.1035e-05
1.9073e-06
1.1921e-05
9.5367e-07
1.9073e-06
0.0000e+00
5.6982e-05
9.0599e-06
0.0000e+00
5.6028e-05
6.3181e-05
0.0000e+00
5.5075e-05
2.0981e-05
0.0000e+00
7.1049e-05
2.8610e-06
0.0000e+00
5.7220e-05
2.1458e-06
0.0000e+00
5.4121e-05
8.7023e-05
0.0000e+00
5.3883e-05
2.8610e-06
0.0000e+00
5.3883e-05
4.4799e-04
0.0000e+00
5.6028e-05
1.9073e-06
0.0000e+00
5.3883e-05
1.9073e-06
0.0000e+00
5.4121e-05
1.9073e-05
0.0000e+00
7.4148e-05
3.0994e-06
0.0000e+00
5.5075e-05
1.9073e-06
0.0000e+00
5.5075e-05
1.9073e-06
0.0000e+00
5.5075e-05
1.9073e-06
5.0068e-06
0.0000e+00
4.4107e-05
4.0531e-06
9.5367e-07
5.1022e-05
4.0531e-06
9.5367e-07
5.1975e-05
0.0000e+00
5.6028e-05
3.0041e-05
0.0000e+00
5.2929e-05
5.0306e-04
0.0000e+00
8.1062e-05
2.8610e-06
0.0000e+00
5.5790e-05
7.8678e-06
0.0000e+00
5.6028e-05
2.1458e-06
0.0000e+00
6.1989e-05
5.9605e-06
2.1100e-04
9.5367e-07
9.5367e-07
4.0531e-06
0.0000e+00
8.1062e-06
0.0000e+00
5.6982e-05
7.2002e-05
0.0000e+00
5.3167e-05
5.9605e-06
0.0000e+00
5.5075e-05
5.9605e-06
0.0000e+00
5.6982e-05
1.9073e-06
0.0000e+00
5.4836e-05
5.9605e-06
0.0000e+00
5.5075e-05
2.8610e-06
0.0000e+00
5.3883e-05
9.8944e-05
6.1989e-06
0.0000e+00
5.3883e-05
3.7813e-04
9.5367e-07
9.5367e-07
0.0000e+00
5.6982e-05
9.5367e-07
3.8147e-06
9.5367e-07
1.1921e-06
3.0994e-06
9.5367e-07
1.0014e-05
0.0000e+00
5.6028e-05
2.8610e-06
0.0000e+00
5.6982e-05
1.9073e-06
0.0000e+00
5.5075e-05
1.9073e-06
0.0000e+00
5.4121e-05
2.1458e-06
0.0000e+00
5.4121e-05
2.1458e-06
0.0000e+00
6.1035e-05
1.9073e-06
5.9605e-06
9.5367e-07
2.7895e-05
0.0000e+00
5.4121e-05
3.8147e-06
0.0000e+00
5.3883e-05
3.0994e-06
0.0000e+00
5.6982e-05
6.6805e-04
1.0610e-04
9.5367e-07
9.5367e-07
0.0000e+00
5.7220e-05
9.5367e-07
0.0000e+00
5.6028e-05
6.1989e-06
0.0000e+00
5.5075e-05
2.1458e-06
0.0000e+00
5.3883e-05
1.6594e-04
2.6393e-04
9.5367e-07
9.5367e-07
0.0000e+00
5.6028e-05
2.9087e-05
0.0000e+00
7.7963e-05
4.0531e-06
5.0068e-06
9.5367e-07
9.5367e-07
2.5296e-04
0.0000e+00
9.5367e-07
0.0000e+00
5.8174e-05
9.5367e-07
0.0000e+00
5.5075e-05
1.1921e-06
5.0068e-06
9.5367e-07
6.9141e-06
2.8610e-06
1.1921e-06
5.5075e-05
0.0000e+00
5.6028e-05
9.5367e-07
0.0000e+00
5.5075e-05
9.5367e-07
0.0000e+00
5.3167e-05
3.0994e-06
0.0000e+00
7.0095e-05
2.8801e-04
5.0068e-06
9.5367e-07
5.0068e-05
0.0000e+00
5.6982e-05
1.9073e-06
0.0000e+00
5.3883e-05
1.9073e-06
0.0000e+00
5.3883e-05
2.0981e-05
0.0000e+00
5.5075e-05
3.0994e-06
0.0000e+00
5.4121e-05
3.0994e-06
0.0000e+00
5.4121e-05
3.0994e-06
0.0000e+00
7.4148e-05
3.0994e-06
0.0000e+00
5.5075e-05
9.5367e-07
4.6396e-04
9.5367e-07
9.5367e-07
0.0000e+00
5.6028e-05
1.9073e-06
0.0000e+00
5.3883e-05
9.5367e-07
0.0000e+00
5.3883e-05
9.5367e-07
0.0000e+00
5.2929e-05
2.7895e-05
0.0000e+00
5.4121e-05
1.4997e-04
0.0000e+00
7.7009e-05
6.3896e-05
0.0000e+00
5.9128e-05
1.9073e-06
0.0000e+00
5.3167e-05
1.2159e-05
0.0000e+00
5.4121e-05
2.1458e-06
0.0000e+00
5.5075e-05
1.4091e-04
0.0000e+00
5.3167e-05
5.0068e-06
0.0000e+00
5.4836e-05
9.5367e-07
0.0000e+00
5.3883e-05
1.9073e-06
0.0000e+00
7.2002e-05
3.0994e-06
0.0000e+00
5.6028e-05
1.9073e-06
0.0000e+00
5.6028e-05
9.5367e-07
0.0000e+00
6.1989e-05
1.9073e-06
0.0000e+00
5.3883e-05
1.9073e-06
3.8147e-06
0.0000e+00
2.0981e-05
0.0000e+00
5.5075e-05
7.7701e-04
0.0000e+00
5.6028e-05
7.6056e-05
5.0068e-06
1.1921e-06
3.0994e-05
0.0000e+00
5.7936e-05
1.9073e-06
0.0000e+00
5.5075e-05
9.5367e-07
7.9155e-05
0.0000e+00
1.9073e-06
0.0000e+00
5.6028e-05
9.0599e-06
0.0000e+00
5.5075e-05
2.5034e-05
0.0000e+00
5.5075e-05
2.4390e-04
5.9605e-06
9.5367e-07
4.3869e-05
0.0000e+00
5.6982e-05
5.9605e-06
1.0014e-05
9.5367e-07
3.0994e-06
0.0000e+00
5.8889e-05
2.1458e-06
0.0000e+00
5.4836e-05
2.1458e-06
4.1699e-04
9.5367e-07
9.5367e-07
0.0000e+00
5.5075e-05
9.5367e-07
0.0000e+00
5.3167e-05
1.1921e-06
0.0000e+00
5.3883e-05
1.9073e-06
0.0000e+00
6.1989e-05
2.1458e-06
0.0000e+00
5.4121e-05
2.8610e-06
0.0000e+00
5.5790e-05
1.9073e-06
2.5296e-04
9.5367e-07
9.5367e-07
0.0000e+00
5.5790e-05
9.5367e-07
0.0000e+00
5.2929e-05
1.9073e-06
0.0000e+00
5.5075e-05
1.9073e-06
0.0000e+00
5.4121e-05
2.7609e-04
0.0000e+00
5.9128e-05
1.9073e-06
0.0000e+00
5.5075e-05
1.0800e-04
5.0068e-06
9.5367e-07
5.1022e-05
0.0000e+00
5.7936e-05
1.9073e-06
0.0000e+00
5.3883e-05
1.9073e-06
0.0000e+00
5.5075e-05
1.3590e-04
1.7166e-05
0.0000e+00
3.7909e-05
0.0000e+00
5.4836e-05
1.2612e-04
0.0000e+00
5.6028e-05
1.0967e-05
5.6982e-05
0.0000e+00
9.5367e-07
0.0000e+00
5.4836e-05
1.9073e-06
2.8610e-06
0.0000e+00
3.3140e-05
0.0000e+00
5.6982e-05
1.9073e-06
0.0000e+00
5.3883e-05
1.9073e-06
3.0994e-06
0.0000e+00
8.1062e-06
0.0000e+00
5.5075e-05
2.0027e-05
0.0000e+00
5.3883e-05
3.0994e-06
0.0000e+00
5.4836e-05
2.0695e-04
0.0000e+00
6.1035e-05
4.0698e-04
0.0000e+00
5.4836e-05
3.0994e-06
0.0000e+00
5.7936e-05
1.9073e-06
1.2994e-04
0.0000e+00
1.9073e-06
0.0000e+00
5.3883e-05
9.5367e-07
0.0000e+00
5.4121e-05
1.9073e-06
0.0000e+00
5.5075e-05
2.3842e-05
0.0000e+00
6.3181e-05
2.1458e-06
0.0000e+00
5.4121e-05
1.1921e-06
0.0000e+00
5.6028e-05
7.0810e-05
0.0000e+00
5.7936e-05
1.9073e-06
0.0000e+00
5.3883e-05
1.9073e-06
0.0000e+00
5.3883e-05
9.5367e-07
0.0000e+00
5.4836e-05
1.9073e-06
0.0000e+00
5.4836e-05
1.5020e-05
4.5395e-04
0.0000e+00
2.1458e-06
0.0000e+00
5.6028e-05
9.5367e-07
0.0000e+00
5.4121e-05
2.8610e-06
0.0000e+00
5.7936e-05
7.8678e-06
1.5283e-04
9.5367e-07
9.5367e-07
1.2398e-04
0.0000e+00
9.5367e-07
0.0000e+00
5.6028e-05
2.1458e-06
1.6689e-04
1.1921e-06
1.1921e-06
0.0000e+00
6.2943e-05
1.9073e-06
7.8678e-06
0.0000e+00
9.5367e-07
0.0000e+00
5.6982e-05
1.1921e-06
2.5105e-04
9.5367e-07
9.5367e-07
0.0000e+00
5.5075e-05
1.9073e-06
0.0000e+00
7.4148e-05
2.1458e-06
5.0068e-06
9.5367e-07
9.5367e-07
0.0000e+00
5.5790e-05
2.5201e-04
0.0000e+00
5.4121e-05
1.1492e-04
0.0000e+00
5.6028e-05
6.9141e-06
0.0000e+00
5.2929e-05
8.8215e-06
0.0000e+00
5.4836e-05
2.8610e-06
0.0000e+00
5.4836e-05
2.1458e-06
0.0000e+00
7.2002e-05
2.1195e-04
6.6042e-05
9.5367e-07
9.5367e-07
1.6999e-04
9.5367e-07
9.5367e-07
0.0000e+00
6.1989e-05
9.5367e-07
0.0000e+00
5.4836e-05
2.8610e-06
0.0000e+00
5.5790e-05
5.9605e-06
0.0000e+00
5.3883e-05
1.9073e-06
0.0000e+00
5.3883e-05
5.0068e-06
0.0000e+00
5.6028e-05
3.0994e-06
0.0000e+00
5.6028e-05
3.1304e-04
0.0000e+00
5.6982e-05
9.5367e-07
0.0000e+00
5.6982e-05
8.4162e-05
0.0000e+00
5.5075e-05
1.9073e-06
0.0000e+00
5.5075e-05
2.1458e-06
1.6212e-04
9.5367e-07
9.5367e-07
0.0000e+00
5.5075e-05
9.5367e-07
4.0531e-06
9.5367e-07
9.5367e-07
0.0000e+00
7.1764e-05
1.3709e-04
0.0000e+00
5.8889e-05
6.5088e-05
0.0000e+00
5.6028e-05
1.9073e-06
0.0000e+00
5.5075e-05
2.6941e-05
0.0000e+00
5.6028e-05
5.9605e-06
0.0000e+00
5.4836e-05
2.1458e-06
0.0000e+00
5.3883e-05
1.9073e-05
0.0000e+00
5.5075e-05
3.2401e-04
0.0000e+00
7.2956e-05
3.0994e-06
0.0000e+00
5.5075e-05
9.5367e-07
0.0000e+00
5.5075e-05
3.7193e-05
1.4496e-04
1.1921e-06
2.1458e-06
0.0000e+00
5.7936e-05
1.9073e-06
0.0000e+00
5.3883e-05
7.8678e-06
0.0000e+00
5.6028e-05
2.1458e-06
0.0000e+00
5.6028e-05
2.1458e-06
0.0000e+00
7.7963e-05
2.3890e-04
0.0000e+00
5.6982e-05
1.9073e-06
0.0000e+00
5.5075e-05
1.9073e-06
0.0000e+00
5.4121e-05
1.9073e-06
0.0000e+00
6.1035e-05
1.1897e-04
0.0000e+00
5.6028e-05
2.8610e-06
0.0000e+00
5.3883e-05
1.3089e-04
0.0000e+00
5.3883e-05
9.0599e-06
0.0000e+00
5.8174e-05
2.1458e-06
0.0000e+00
5.4121e-05
2.1458e-06
0.0000e+00
5.5075e-05
1.1921e-06
0.0000e+00
5.4121e-05
1.3304e-04
0.0000e+00
5.5075e-05
1.9073e-06
0.0000e+00
5.4836e-05
1.2302e-04
0.0000e+00
5.4836e-05
2.8610e-06
1.1206e-05
9.5367e-07
1.5020e-05
0.0000e+00
5.9128e-05
6.6996e-05
0.0000e+00
5.6028e-05
3.8147e-06
0.0000e+00
5.3883e-05
1.9073e-06
0.0000e+00
5.3883e-05
5.9605e-06
0.0000e+00
5.4121e-05
1.9073e-06
4.0531e-06
1.1921e-06
5.1022e-05
5.7292e-04
0.0000e+00
1.9073e-06
0.0000e+00
5.6028e-05
1.1921e-06
0.0000e+00
7.2956e-05
3.1948e-05
0.0000e+00
5.6028e-05
1.9073e-06
0.0000e+00
5.3883e-05
9.5367e-07
0.0000e+00
5.3883e-05
1.9073e-06
0.0000e+00
5.3883e-05
7.8678e-06
0.0000e+00
5.5075e-05
1.9073e-06
0.0000e+00
5.4836e-05
1.9073e-06
0.0000e+00
5.4836e-05
1.9073e-06
1.9121e-04
1.5020e-05
2.8610e-06
0.0000e+00
5.8889e-05
1.9073e-06
0.0000e+00
5.5075e-05
4.0698e-04
2.1935e-05
9.5367e-07
3.6955e-05
0.0000e+00
5.7936e-05
5.7936e-05
0.0000e+00
5.6982e-05
6.5804e-05
0.0000e+00
5.6028e-05
5.7220e-05
5.0068e-06
9.5367e-07
1.3304e-04
4.0531e-06
9.5367e-07
1.1110e-04
0.0000e+00
5.6028e-05
4.3869e-05
0.0000e+00
5.7936e-05
5.4836e-05
7.7009e-05
9.5367e-07
4.4823e-05
0.0000e+00
5.6982e-05
1.9073e-06
0.0000e+00
5.4121e-05
4.6015e-05
0.0000e+00
5.3883e-05
6.1989e-05
0.0000e+00
5.3883e-05
6.6042e-05
0.0000e+00
5.5075e-05
8.7976e-05
0.0000e+00
5.3883e-05
4.3869e-05
0.0000e+00
5.8889e-05
6.1989e-05
0.0000e+00
5.6028e-05
3.0994e-05
0.0000e+00
5.5075e-05
8.2016e-05
0.0000e+00
5.4836e-05
6.5088e-05
0.0000e+00
5.4121e-05
6.1989e-05
0.0000e+00
5.3883e-05
6.6996e-05
5.0068e-06
1.1921e-06
1.4019e-04
0.0000e+00
5.6028e-05
3.4094e-05
0.0000e+00
6.3896e-05
3.0994e-06
0.0000e+00
5.5075e-05
1.0204e-04
5.9605e-06
9.5367e-07
1.0991e-04
0.0000e+00
5.6982e-05
5.9128e-05
0.0000e+00
5.5075e-05
5.8174e-05
0.0000e+00
5.5075e-05
6.0081e-05
0.0000e+00
5.6028e-05
9.7036e-05
0.0000e+00
5.8889e-05
5.1975e-05
8.1062e-06
9.5367e-07
3.0994e-06
0.0000e+00
6.0081e-05
1.0014e-05
0.0000e+00
5.4836e-05
1.9073e-06
0.0000e+00
5.3883e-05
1.2398e-04
0.0000e+00
5.3883e-05
5.0068e-06
0.0000e+00
5.3883e-05
2.1458e-06
0.0000e+00
5.5075e-05
1.1921e-06
0.0000e+00
5.3883e-05
2.1458e-06
0.0000e+00
7.0810e-05
3.0994e-06
0.0000e+00
5.6982e-05
1.4591e-04
0.0000e+00
5.6028e-05
1.0014e-05
4.0531e-06
0.0000e+00
4.8876e-05
0.0000e+00
5.6028e-05
1.7810e-04
0.0000e+00
5.4121e-05
2.1458e-06
5.0068e-06
0.0000e+00
5.2929e-05
2.3007e-04
0.0000e+00
1.1921e-06
0.0000e+00
5.5075e-05
1.1921e-06
0.0000e+00
7.2956e-05
2.8610e-06
1.6928e-05
1.1921e-06
2.1458e-06
0.0000e+00
9.5129e-05
3.0994e-06
0.0000e+00
9.6083e-05
3.8147e-06
0.0000e+00
9.4891e-05
2.2316e-04
7.1526e-06
2.1458e-06
3.0994e-05
0.0000e+00
9.2983e-05
2.8610e-06
6.1989e-06
9.5367e-07
3.0994e-06
0.0000e+00
9.3222e-05
7.9155e-05
0.0000e+00
1.3995e-04
5.0068e-06
0.0000e+00
9.9182e-05
8.8215e-06
0.0000e+00
9.7036e-05
4.0531e-06
0.0000e+00
9.5129e-05
8.1062e-06
0.0000e+00
9.5129e-05
6.9141e-06
0.0000e+00
9.2983e-05
3.0994e-06
0.0000e+00
9.3937e-05
1.5020e-05
0.0000e+00
1.1301e-04
9.0599e-06
8.1062e-06
9.5367e-07
7.8678e-06
0.0000e+00
1.0300e-04
8.1062e-06
0.0000e+00
9.4175e-05
2.8610e-06
5.9605e-06
1.9073e-06
1.9073e-06
5.9605e-06
9.5367e-07
2.8610e-06
0.0000e+00
9.4891e-05
2.1458e-06
0.0000e+00
9.4175e-05
3.8147e-06
6.9141e-06
1.1921e-06
7.8678e-06
0.0000e+00
9.3937e-05
3.0994e-06
7.1526e-06
1.9073e-06
3.0994e-06
3.8147e-06
9.5367e-07
2.8610e-06
0.0000e+00
9.2983e-05
4.0531e-06
0.0000e+00
9.1076e-05
2.1458e-06
0.0000e+00
9.2983e-05
8.1062e-06
0.0000e+00
9.2030e-05
6.9141e-06
0.0000e+00
9.3937e-05
8.1062e-06
0.0000e+00
1.0300e-04
4.0531e-06
0.0000e+00
1.3280e-04
6.9141e-06
0.0000e+00
1.3185e-04
6.9141e-06
0.0000e+00
9.7036e-05
7.8678e-06
0.0000e+00
9.5129e-05
6.9141e-06
0.0000e+00
9.3937e-05
7.1526e-06
0.0000e+00
9.1076e-05
4.0531e-06
0.0000e+00
9.5129e-05
8.1062e-06
7.1120e-04
1.9073e-06
4.0531e-06
0.0000e+00
1.1206e-04
3.0994e-06
0.0000e+00
1.6499e-04
5.0068e-06
0.0000e+00
9.9897e-05
2.8610e-06
0.0000e+00
8.8930e-05
3.0994e-06
0.0000e+00
8.7023e-05
5.0068e-06
0.0000e+00
8.9169e-05
2.8610e-06
6.9141e-06
1.9073e-06
1.0014e-05
4.7684e-06
9.5367e-07
2.1458e-06
0.0000e+00
9.5129e-05
3.0994e-06
0.0000e+00
9.0837e-05
3.0994e-06
0.0000e+00
1.2207e-04
5.9605e-06
0.0000e+00
9.7036e-05
2.8610e-06
0.0000e+00
9.3937e-05
3.8147e-06
0.0000e+00
9.2030e-05
4.0531e-06
0.0000e+00
9.2983e-05
3.0994e-06
0.0000e+00
9.4175e-05
2.8610e-06
0.0000e+00
9.1076e-05
8.8215e-06
0.0000e+00
8.8930e-05
4.0531e-06
0.0000e+00
1.3089e-04
2.1935e-05
0.0000e+00
1.0300e-04
8.1062e-06
0.0000e+00
9.6083e-05
8.1062e-06
0.0000e+00
9.2030e-05
4.0531e-06
2.5988e-05
9.5367e-07
3.0994e-06
5.0068e-06
9.5367e-07
1.9073e-06
0.0000e+00
9.6083e-05
2.8610e-06
0.0000e+00
9.3937e-05
4.0531e-06
0.0000e+00
1.3208e-04
5.0068e-06
0.0000e+00
5.8174e-05
5.9605e-06
0.0000e+00
5.6982e-05
1.9073e-06
9.0599e-06
1.1921e-06
9.5367e-07
0.0000e+00
5.5075e-05
4.0531e-06
0.0000e+00
5.6028e-05
4.0531e-06
1.4067e-05
9.5367e-07
9.5367e-07
0.0000e+00
5.5790e-05
9.5367e-07
3.8147e-06
9.5367e-07
1.1921e-06
1.0610e-04
9.5367e-07
9.5367e-07
0.0000e+00
8.0109e-05
2.1458e-06
0.0000e+00
5.6028e-05
9.5367e-07
0.0000e+00
5.4121e-05
2.8610e-06
0.0000e+00
5.6028e-05
8.1062e-06
0.0000e+00
5.5075e-05
5.0068e-06
0.0000e+00
6.2943e-05
5.9605e-06
0.0000e+00
5.6982e-05
5.0068e-06
0.0000e+00
7.2002e-05
1.9073e-06
0.0000e+00
5.6982e-05
5.9605e-06
0.0000e+00
5.5075e-05
2.1458e-06
1.3769e-03
0.0000e+00
1.9073e-06
0.0000e+00
5.6982e-05
1.1921e-05
0.0000e+00
5.4836e-05
8.1062e-06
0.0000e+00
5.6028e-05
1.1921e-06
2.0027e-05
9.5367e-07
1.1921e-06
0.0000e+00
5.6028e-05
1.9073e-06
0.0000e+00
7.2956e-05
3.0994e-06
0.0000e+00
5.5075e-05
2.8610e-06
0.0000e+00
5.4836e-05
1.9073e-06
0.0000e+00
5.4836e-05
3.8099e-04
0.0000e+00
5.5075e-05
2.7895e-05
0.0000e+00
5.5075e-05
9.0599e-06
0.0000e+00
6.1035e-05
6.4850e-05
0.0000e+00
5.5075e-05
2.8610e-06
5.0068e-06
9.5367e-07
9.5367e-07
0.0000e+00
5.7936e-05
2.1458e-06
0.0000e+00
5.5075e-05
3.2997e-04
0.0000e+00
5.5075e-05
9.5367e-07
0.0000e+00
5.4121e-05
2.1458e-06
0.0000e+00
5.5075e-05
2.1458e-06
0.0000e+00
5.5075e-05
2.1458e-06
4.0531e-06
9.5367e-07
3.6001e-05
0.0000e+00
7.6056e-05
3.0994e-06
4.1008e-04
1.1921e-06
9.5367e-07
0.0000e+00
5.6028e-05
1.1921e-06
0.0000e+00
5.2929e-05
9.5367e-07
0.0000e+00
5.2929e-05
9.5367e-07
0.0000e+00
5.5075e-05
2.2817e-04
4.0531e-06
9.5367e-07
4.7922e-05
0.0000e+00
5.6028e-05
2.1458e-06
0.0000e+00
5.5075e-05
2.8610e-06
4.0531e-06
1.1921e-06
2.1458e-06
0.0000e+00
5.7936e-05
1.9073e-06
0.0000e+00
5.6028e-05
1.9073e-06
0.0000e+00
5.3883e-05
9.5367e-07
0.0000e+00
5.2214e-05
2.1458e-06
0.0000e+00
5.3883e-05
2.1458e-06
0.0000e+00
5.4836e-05
2.1458e-06
0.0000e+00
5.4836e-05
2.1458e-06
0.0000e+00
7.2002e-05
4.0531e-06
1.1206e-05
9.5367e-07
2.8610e-06
1.3740e-03
9.5367e-07
3.0994e-06
0.0000e+00
6.3896e-05
9.5367e-07
5.0068e-06
9.5367e-07
9.5367e-07
0.0000e+00
5.6028e-05
9.5367e-07
0.0000e+00
5.5075e-05
2.1458e-06
5.0068e-06
9.5367e-07
1.3113e-05
3.8147e-06
0.0000e+00
5.1975e-05
0.0000e+00
5.6982e-05
1.9073e-06
0.0000e+00
7.7009e-05
3.0994e-06
0.0000e+00
5.5075e-05
9.5367e-07
0.0000e+00
6.1989e-05
1.9073e-06
0.0000e+00
5.6028e-05
9.5367e-07
0.0000e+00
5.3883e-05
3.8862e-05
0.0000e+00
5.3883e-05
4.0531e-06
0.0000e+00
5.3883e-05
2.3603e-04
0.0000e+00
5.5075e-05
2.1458e-06
0.0000e+00
5.9128e-05
1.9073e-06
0.0000e+00
5.4121e-05
2.1458e-06
0.0000e+00
5.2929e-05
1.1921e-06
0.0000e+00
5.2929e-05
2.3794e-04
0.0000e+00
5.5790e-05
2.0981e-05
0.0000e+00
5.3883e-05
1.9073e-06
5.0068e-06
9.5367e-07
3.8147e-06
0.0000e+00
5.4836e-05
3.0994e-06
0.0000e+00
5.8889e-05
1.9073e-06
5.0783e-05
9.5367e-07
9.5367e-07
0.0000e+00
5.5075e-05
2.4796e-04
0.0000e+00
6.1035e-05
2.8610e-06
0.0000e+00
5.3167e-05
2.6941e-05
0.0000e+00
5.5075e-05
5.0068e-06
0.0000e+00
5.3883e-05
3.0994e-06
0.0000e+00
5.3883e-05
9.5367e-07
0.0000e+00
7.2002e-05
3.0994e-06
0.0000e+00
5.5075e-05
1.9073e-06
0.0000e+00
5.4121e-05
3.9506e-04
0.0000e+00
6.1989e-05
1.9073e-06
5.9605e-06
9.5367e-07
1.9073e-06
0.0000e+00
5.6028e-05
1.9073e-06
9.3937e-05
0.0000e+00
1.9073e-06
0.0000e+00
5.7220e-05
2.1458e-06
0.0000e+00
5.2929e-05
2.1458e-06
0.0000e+00
5.7936e-05
2.1458e-06
0.0000e+00
5.3883e-05
3.0994e-06
0.0000e+00
5.3883e-05
1.9073e-06
5.0068e-06
9.5367e-07
9.5367e-07
0.0000e+00
5.4121e-05
1.9073e-06
0.0000e+00
5.3167e-05
2.1458e-06
0.0000e+00
5.4121e-05
6.0296e-04
0.0000e+00
5.5075e-05
2.8610e-06
0.0000e+00
5.6982e-05
2.1458e-06
0.0000e+00
5.3883e-05
1.9073e-06
0.0000e+00
5.3883e-05
2.8610e-06
0.0000e+00
5.4121e-05
2.1458e-06
0.0000e+00
5.4121e-05
1.3208e-04
0.0000e+00
5.4836e-05
3.0994e-06
0.0000e+00
5.3883e-05
2.5988e-05
0.0000e+00
7.2956e-05
4.6611e-04
0.0000e+00
5.9128e-05
3.0994e-06
0.0000e+00
5.5075e-05
8.8215e-06
0.0000e+00
6.1035e-05
3.0994e-06
0.0000e+00
5.3883e-05
2.1458e-06
0.0000e+00
5.3883e-05
1.9073e-06
0.0000e+00
5.3883e-05
1.9073e-06
0.0000e+00
5.4121e-05
2.8610e-06
0.0000e+00
5.6982e-05
1.1921e-06
0.0000e+00
5.3883e-05
3.0994e-06
0.0000e+00
5.3883e-05
1.9073e-06
0.0000e+00
5.3883e-05
1.5283e-04
0.0000e+00
5.6028e-05
1.9073e-06
0.0000e+00
9.2030e-05
4.0531e-06
6.9141e-06
9.5367e-07
2.8610e-06
0.0000e+00
9.3937e-05
4.0531e-06
0.0000e+00
9.4891e-05
5.0068e-06
0.0000e+00
9.3937e-05
3.8147e-06
0.0000e+00
9.2030e-05
2.8610e-06
0.0000e+00
9.2030e-05
3.8147e-06
0.0000e+00
9.4891e-05
5.0068e-06
0.0000e+00
7.3910e-05
3.0994e-06
0.0000e+00
5.5075e-05
2.8610e-06
0.0000e+00
8.2970e-05
3.8147e-06
0.0000e+00
5.7936e-05
2.8610e-06
0.0000e+00
5.4121e-05
1.9073e-06
0.0000e+00
5.5075e-05
1.9073e-06
0.0000e+00
5.4121e-05
1.9073e-06
5.9605e-06
1.1921e-06
1.1921e-06
0.0000e+00
5.6028e-05
2.1458e-06
0.0000e+00
5.4121e-05
1.1921e-06
4.0531e-06
9.5367e-07
2.8610e-06
0.0000e+00
7.2002e-05
3.0994e-06
0.0000e+00
5.6028e-05
1.9073e-06
3.0041e-05
9.5367e-07
2.5034e-05
0.0000e+00
5.6028e-05
3.5048e-05
0.0000e+00
5.5075e-05
2.1458e-06
0.0000e+00
6.3896e-05
1.4310e-03
0.0000e+00
5.4836e-05
1.3113e-05
5.0068e-06
9.5367e-07
5.2929e-05
0.0000e+00
5.6028e-05
3.0994e-06
0.0000e+00
5.7936e-05
1.0014e-05
5.0068e-06
9.5367e-07
3.0994e-06
0.0000e+00
5.5075e-05
1.0967e-05
0.0000e+00
6.1989e-05
1.9073e-06
0.0000e+00
5.6028e-05
2.1458e-06
0.0000e+00
5.5075e-05
1.1921e-06
0.0000e+00
5.4121e-05
2.1458e-06
0.0000e+00
5.5075e-05
5.7697e-04
0.0000e+00
1.0586e-04
3.8147e-06
5.9605e-06
9.5367e-07
3.0994e-06
0.0000e+00
9.2983e-05
4.0531e-06
0.0000e+00
9.3937e-05
5.0068e-06
0.0000e+00
9.4891e-05
4.0531e-06
0.0000e+00
9.4175e-05
2.8610e-06
0.0000e+00
9.4891e-05
4.0531e-06
0.0000e+00
9.2983e-05
5.0068e-06
6.1989e-06
9.5367e-07
9.5367e-07
0.0000e+00
6.0797e-05
1.1921e-06
0.0000e+00
6.2943e-05
1.9073e-06
0.0000e+00
5.4836e-05
1.9073e-06
5.0068e-06
9.5367e-07
9.5367e-07
0.0000e+00
5.4121e-05
2.1458e-06
0.0000e+00
5.4121e-05
1.9073e-06
0.0000e+00
5.3883e-05
1.9073e-06
0.0000e+00
7.0810e-05
3.0994e-06
0.0000e+00
5.6982e-05
1.9073e-06
0.0000e+00
5.3883e-05
5.0068e-06
3.0994e-06
0.0000e+00
9.5367e-07
0.0000e+00
5.5075e-05
9.5367e-07
0.0000e+00
5.4836e-05
9.5367e-07
0.0000e+00
5.3883e-05
3.0994e-06
0.0000e+00
5.3883e-05
6.7949e-05
0.0000e+00
7.7963e-05
5.9843e-05
0.0000e+00
5.7936e-05
4.7493e-04
6.9141e-05
9.5367e-07
4.6015e-05
4.0531e-06
0.0000e+00
6.2943e-05
0.0000e+00
1.0204e-04
3.8147e-06
0.0000e+00
9.2983e-05
2.8610e-06
2.4295e-04
9.5367e-07
3.0994e-06
5.0068e-06
9.5367e-07
1.9073e-06
0.0000e+00
9.3937e-05
1.9073e-06
0.0000e+00
9.2030e-05
2.8610e-06
0.0000e+00
1.2493e-04
3.0994e-06
0.0000e+00
1.0300e-04
4.0531e-06
0.0000e+00
9.2983e-05
5.6982e-05
0.0000e+00
9.5844e-05
5.0068e-06
0.0000e+00
9.2030e-05
3.8147e-06
6.9141e-06
9.5367e-07
9.5367e-07
5.0068e-06
9.5367e-07
4.0531e-06
2.1505e-04
1.9073e-06
2.1458e-06
0.0000e+00
8.2016e-05
1.9073e-06
0.0000e+00
8.2970e-05
2.8610e-06
0.0000e+00
5.5790e-05
3.0994e-06
1.0014e-05
9.5367e-07
1.1921e-06
2.1935e-05
9.5367e-07
9.5367e-07
2.9802e-05
9.5367e-07
1.1921e-06
0.0000e+00
5.6982e-05
9.5367e-07
0.0000e+00
5.4121e-05
6.9857e-05
0.0000e+00
5.4836e-05
4.0531e-06
2.0027e-05
0.0000e+00
3.6001e-05
3.0994e-06
9.5367e-07
5.3883e-05
0.0000e+00
7.3195e-05
3.0994e-06
0.0000e+00
5.6028e-05
3.2997e-04
0.0000e+00
5.6028e-05
1.9073e-06
0.0000e+00
5.4836e-05
1.9073e-06
0.0000e+00
5.4836e-05
1.9073e-06
0.0000e+00
5.3883e-05
1.9073e-06
0.0000e+00
5.4121e-05
2.8682e-04
4.7684e-06
9.5367e-07
5.2929e-05
0.0000e+00
7.4148e-05
4.0531e-06
0.0000e+00
6.3181e-05
2.1696e-04
0.0000e+00
5.6982e-05
1.9073e-06
0.0000e+00
5.4121e-05
2.1458e-06
0.0000e+00
5.4121e-05
3.0994e-06
0.0000e+00
5.4121e-05
3.0994e-06
1.6212e-04
0.0000e+00
1.9073e-06
0.0000e+00
5.5075e-05
1.9073e-06
0.0000e+00
7.0810e-05
3.0994e-06
0.0000e+00
5.7936e-05
1.9073e-06
0.0000e+00
6.1989e-05
1.9073e-06
5.0068e-06
0.0000e+00
2.1458e-06
0.0000e+00
5.5075e-05
2.1458e-06
0.0000e+00
5.3883e-05
2.1458e-06
0.0000e+00
5.3883e-05
9.5367e-07
4.0531e-06
9.5367e-07
2.7895e-05
3.5048e-05
1.1921e-06
2.0027e-05
0.0000e+00
7.0095e-05
1.9073e-06
3.8147e-06
9.5367e-07
3.4094e-05
5.0902e-04
0.0000e+00
2.1458e-06
0.0000e+00
6.1989e-05
9.5367e-07
0.0000e+00
5.4121e-05
2.1458e-06
0.0000e+00
5.4121e-05
2.1458e-06
0.0000e+00
5.4121e-05
2.1458e-06
0.0000e+00
5.2929e-05
1.9073e-06
0.0000e+00
5.3883e-05
1.9073e-06
2.1100e-04
1.1921e-06
2.1458e-06
2.2888e-05
9.5367e-07
9.5367e-07
0.0000e+00
5.9128e-05
1.1921e-06
0.0000e+00
5.2929e-05
9.5367e-07
0.0000e+00
5.3883e-05
2.8610e-06
0.0000e+00
5.6982e-05
1.5020e-05
0.0000e+00
5.6028e-05
1.9073e-06
0.0000e+00
5.5075e-05
4.8161e-05
0.0000e+00
5.4121e-05
1.9073e-06
0.0000e+00
5.6982e-05
1.9073e-06
0.0000e+00
5.4836e-05
6.0391e-04
0.0000e+00
5.5075e-05
3.0041e-05
5.0068e-06
9.5367e-07
4.9829e-05
0.0000e+00
5.4836e-05
1.9073e-06
0.0000e+00
5.3883e-05
1.9073e-06
3.0994e-06
0.0000e+00
5.1975e-05
0.0000e+00
5.6028e-05
1.9073e-06
0.0000e+00
7.2956e-05
2.8610e-06
0.0000e+00
5.6028e-05
1.9073e-06
0.0000e+00
5.6028e-05
2.1458e-06
0.0000e+00
5.2929e-05
3.0994e-06
7.4697e-04
0.0000e+00
2.1458e-06
0.0000e+00
5.6028e-05
9.5367e-07
0.0000e+00
5.5075e-05
1.9073e-06
0.0000e+00
7.0095e-05
1.9073e-06
0.0000e+00
8.2970e-05
3.0994e-06
5.0068e-06
9.5367e-07
1.1921e-06
0.0000e+00
5.6028e-05
1.1921e-06
5.9605e-06
9.5367e-07
9.5367e-07
0.0000e+00
5.6028e-05
9.5367e-07
0.0000e+00
5.4836e-05
9.5367e-07
0.0000e+00
5.4121e-05
9.5367e-07
0.0000e+00
5.3167e-05
3.0994e-06
0.0000e+00
5.5075e-05
2.2292e-04
0.0000e+00
5.7936e-05
1.5974e-05
0.0000e+00
5.4836e-05
7.3910e-05
0.0000e+00
6.3896e-05
2.8610e-06
0.0000e+00
5.6028e-05
2.1458e-06
0.0000e+00
5.5075e-05
2.1458e-06
1.8191e-04
0.0000e+00
9.5367e-07
0.0000e+00
5.5075e-05
9.5367e-07
0.0000e+00
5.4121e-05
2.1458e-06
0.0000e+00
7.2956e-05
3.0994e-06
0.0000e+00
5.5075e-05
2.1458e-06
0.0000e+00
5.5075e-05
1.1921e-06
1.6093e-04
1.1921e-06
9.5367e-07
0.0000e+00
6.2943e-05
1.9073e-06
0.0000e+00
5.4836e-05
2.0409e-04
0.0000e+00
5.5075e-05
2.1458e-06
0.0000e+00
5.4121e-05
2.1458e-06
0.0000e+00
7.2956e-05
1.9073e-06
8.9884e-05
1.1921e-06
1.1921e-06
4.0531e-06
0.0000e+00
9.5367e-07
5.6982e-05
9.5367e-07
9.5367e-07
4.0531e-06
1.1921e-06
1.3113e-05
0.0000e+00
5.6028e-05
1.9073e-06
0.0000e+00
5.4121e-05
1.9073e-06
0.0000e+00
5.5075e-05
4.0531e-06
0.0000e+00
5.3883e-05
4.6492e-04
0.0000e+00
5.3883e-05
5.0068e-06
5.0068e-06
9.5367e-07
5.1022e-05
1.0395e-04
1.1921e-06
9.5367e-07
5.0068e-06
9.5367e-07
1.9073e-06
3.0994e-06
9.5367e-07
5.9605e-06
1.2207e-04
1.1921e-06
1.1921e-06
0.0000e+00
5.6982e-05
1.9073e-06
0.0000e+00
5.4121e-05
1.9073e-06
0.0000e+00
5.4121e-05
9.5367e-07
0.0000e+00
5.4121e-05
3.0994e-06
4.0531e-06
0.0000e+00
9.5367e-07
0.0000e+00
7.5102e-05
3.0994e-06
4.0531e-06
0.0000e+00
3.0994e-06
9.0122e-05
9.5367e-07
9.5367e-07
0.0000e+00
5.9128e-05
9.5367e-07
0.0000e+00
5.5075e-05
2.1458e-06
0.0000e+00
5.2929e-05
1.9073e-06
0.0000e+00
5.4836e-05
3.0994e-06
0.0000e+00
5.3883e-05
3.0994e-06
0.0000e+00
5.5075e-05
2.8610e-06
4.5514e-04
0.0000e+00
9.5367e-07
0.0000e+00
5.8889e-05
1.9073e-06
0.0000e+00
5.4836e-05
9.5367e-07
0.0000e+00
5.2929e-05
1.9073e-06
0.0000e+00
5.2929e-05
9.5367e-07
0.0000e+00
5.2929e-05
1.9073e-06
0.0000e+00
5.4121e-05
2.1458e-06
0.0000e+00
5.2929e-05
8.1062e-06
0.0000e+00
7.3910e-05
3.0994e-06
0.0000e+00
5.5075e-05
2.8610e-06
4.0531e-06
9.5367e-07
9.5367e-07
0.0000e+00
5.6028e-05
2.1458e-06
0.0000e+00
5.4121e-05
2.1458e-06
0.0000e+00
5.2929e-05
2.1458e-06
2.8610e-06
9.5367e-07
4.4107e-05
0.0000e+00
5.6028e-05
1.9073e-06
0.0000e+00
5.4836e-05
3.0994e-06
0.0000e+00
5.7936e-05
1.9073e-06
0.0000e+00
5.3883e-05
1.9073e-06
4.0531e-06
9.5367e-07
9.5367e-07
0.0000e+00
5.6028e-05
1.9073e-06
0.0000e+00
5.2929e-05
1.9073e-06
0.0000e+00
6.1989e-05
1.9073e-06
5.0783e-05
0.0000e+00
9.5367e-07
4.0531e-06
9.5367e-07
1.0014e-05
0.0000e+00
5.6028e-05
2.1458e-06
0.0000e+00
5.7936e-05
1.9073e-06
0.0000e+00
5.4836e-05
1.9073e-06
0.0000e+00
5.2929e-05
1.9073e-06
0.0000e+00
5.4836e-05
1.9073e-06
0.0000e+00
5.3883e-05
1.9073e-06
0.0000e+00
5.4836e-05
1.9073e-06
0.0000e+00
5.3883e-05
1.9073e-06
0.0000e+00
6.9857e-05
3.0994e-06
0.0000e+00
5.6028e-05
2.1458e-06
0.0000e+00
5.5075e-05
2.1458e-06
1.0967e-05
1.1921e-06
1.9073e-06
0.0000e+00
5.8174e-05
2.1458e-06
0.0000e+00
5.5075e-05
1.1921e-06
4.0531e-06
9.5367e-07
2.2888e-05
0.0000e+00
5.4836e-05
1.8835e-05
0.0000e+00
5.3883e-05
9.5367e-07
0.0000e+00
7.0810e-05
3.0994e-06
0.0000e+00
5.6028e-05
1.9073e-06
0.0000e+00
5.4121e-05
1.9073e-06
0.0000e+00
5.2929e-05
2.1458e-06
0.0000e+00
5.4836e-05
9.5367e-07
0.0000e+00
5.3883e-05
9.5367e-07
0.0000e+00
5.2929e-05
3.0994e-06
0.0000e+00
5.4121e-05
3.0994e-06
0.0000e+00
6.5088e-05
1.5020e-05
5.0068e-06
9.5367e-07
5.3883e-05
0.0000e+00
5.5790e-05
1.1921e-06
0.0000e+00
5.3883e-05
1.1921e-06
0.0000e+00
5.2929e-05
4.0531e-06
0.0000e+00
5.4121e-05
7.1526e-06
0.0000e+00
5.2929e-05
4.0531e-06
0.0000e+00
5.4121e-05
2.1458e-06
0.0000e+00
5.6982e-05
1.9073e-06
4.0531e-06
9.5367e-07
1.0014e-05
1.5974e-05
9.5367e-07
3.7909e-05
0.0000e+00
5.6982e-05
2.1458e-06
0.0000e+00
5.3883e-05
1.9073e-06
0.0000e+00
5.4836e-05
2.1458e-06
0.0000e+00
5.6028e-05
9.5367e-07
0.0000e+00
5.5075e-05
2.1458e-06
0.0000e+00
9.8944e-05
5.0068e-06
5.0068e-06
9.5367e-07
9.5367e-07
0.0000e+00
5.9128e-05
2.1458e-06
0.0000e+00
5.5075e-05
1.1921e-06
4.0531e-06
9.5367e-07
9.5367e-07
0.0000e+00
5.5075e-05
1.9073e-06
0.0000e+00
5.4121e-05
1.9073e-06
2.0027e-05
9.5367e-07
3.3140e-05
0.0000e+00
5.5075e-05
1.7166e-05
0.0000e+00
5.3883e-05
3.0994e-06
0.0000e+00
5.9128e-05
2.1458e-06
0.0000e+00
5.3883e-05
1.9073e-06
0.0000e+00
5.5075e-05
1.9073e-06
0.0000e+00
5.4121e-05
2.1458e-06
0.0000e+00
5.3883e-05
9.5367e-07
0.0000e+00
5.3883e-05
1.9073e-06
0.0000e+00
5.3167e-05
1.1921e-06
0.0000e+00
7.1049e-05
3.0994e-06
4.0531e-06
9.5367e-07
4.0054e-05
3.0994e-06
9.5367e-07
2.8610e-06
0.0000e+00
5.6028e-05
1.9073e-05
0.0000e+00
5.4121e-05
2.1458e-06
0.0000e+00
5.4121e-05
3.0994e-06
0.0000e+00
5.2929e-05
3.0994e-06
0.0000e+00
5.2929e-05
1.9073e-06
0.0000e+00
5.2929e-05
1.8835e-05
0.0000e+00
7.3910e-05
3.0994e-06
0.0000e+00
5.5075e-05
2.1458e-06
0.0000e+00
5.4121e-05
2.1458e-06
0.0000e+00
5.3883e-05
2.1458e-06
0.0000e+00
5.2929e-05
1.9073e-06
0.0000e+00
5.4121e-05
2.1458e-06
4.0531e-06
0.0000e+00
3.3855e-05
0.0000e+00
5.6028e-05
2.0981e-05
0.0000e+00
7.4863e-05
3.0994e-06
0.0000e+00
5.5075e-05
2.1458e-06
4.0531e-06
9.5367e-07
1.9073e-06
0.0000e+00
5.5075e-05
1.9073e-06
0.0000e+00
5.5075e-05
9.5367e-07
0.0000e+00
5.4121e-05
1.9073e-06
5.0068e-06
9.5367e-07
3.2187e-05
0.0000e+00
5.6982e-05
1.9073e-06
3.0994e-06
9.5367e-07
2.8133e-05
0.0000e+00
7.6056e-05
3.0994e-06
8.1062e-06
9.5367e-07
2.5034e-05
0.0000e+00
5.6028e-05
1.9073e-06
0.0000e+00
5.4121e-05
1.9073e-06
0.0000e+00
5.4121e-05
1.9073e-06
0.0000e+00
5.4121e-05
2.1458e-06
0.0000e+00
5.4121e-05
1.5974e-05
0.0000e+00
5.4836e-05
5.0068e-06
0.0000e+00
7.2002e-05
3.0994e-06
4.0531e-06
9.5367e-07
9.5367e-07
5.9605e-06
1.1921e-06
4.1008e-05
0.0000e+00
6.3896e-05
1.9073e-06
0.0000e+00
5.5075e-05
1.9073e-06
0.0000e+00
5.4121e-05
1.9073e-06
4.0531e-06
9.5367e-07
3.0994e-06
7.0095e-05
9.5367e-07
6.9141e-06
0.0000e+00
5.5075e-05
1.9073e-06
0.0000e+00
5.5075e-05
3.0994e-06
0.0000e+00
5.8174e-05
1.6928e-05
0.0000e+00
5.4836e-05
1.9073e-06
0.0000e+00
5.4836e-05
9.5367e-07
0.0000e+00
5.4836e-05
1.9073e-06
0.0000e+00
5.3883e-05
1.9073e-06
0.0000e+00
5.5075e-05
1.7881e-05
0.0000e+00
5.4121e-05
3.0994e-05
4.0531e-06
0.0000e+00
4.8876e-05
0.0000e+00
7.3910e-05
4.0531e-06
0.0000e+00
5.6028e-05
9.5367e-07
4.0531e-06
9.5367e-07
3.0994e-05
0.0000e+00
5.5075e-05
1.9073e-06
1.1206e-05
9.5367e-07
4.1008e-05
5.9605e-06
9.5367e-07
1.0014e-05
6.8903e-05
9.5367e-07
5.0068e-06
4.0531e-06
9.5367e-07
5.1022e-05
0.0000e+00
5.6028e-05
1.9073e-06
0.0000e+00
5.6028e-05
2.1458e-06
0.0000e+00
7.2956e-05
3.0994e-06
0.0000e+00
5.6028e-05
2.1458e-06
3.8147e-06
0.0000e+00
2.8610e-06
0.0000e+00
6.0797e-05
2.1458e-06
0.0000e+00
5.6028e-05
2.5034e-05
0.0000e+00
5.5075e-05
3.8147e-06
0.0000e+00
5.2929e-05
1.9073e-06
0.0000e+00
5.5075e-05
1.9073e-06
0.0000e+00
7.0810e-05
3.0994e-06
0.0000e+00
5.5075e-05
2.1458e-06
0.0000e+00
5.4121e-05
9.5367e-07
0.0000e+00
5.3167e-05
2.1458e-06
0.0000e+00
5.3883e-05
2.1458e-06
4.0531e-06
9.5367e-07
1.9073e-06
0.0000e+00
5.5075e-05
1.9073e-06
0.0000e+00
5.3883e-05
1.9073e-06
0.0000e+00
7.7009e-05
2.8610e-06
0.0000e+00
5.8174e-05
2.1458e-06
0.0000e+00
5.5075e-05
1.9073e-06
0.0000e+00
5.4121e-05
9.5367e-07
0.0000e+00
5.5075e-05
1.9073e-06
0.0000e+00
5.5075e-05
1.9073e-06
0.0000e+00
5.5075e-05
9.5367e-07
0.0000e+00
5.4121e-05
9.5367e-07
0.0000e+00
7.0095e-05
2.8610e-06
5.0068e-06
1.1921e-06
2.1458e-06
0.0000e+00
5.6982e-05
9.5367e-07
0.0000e+00
5.5075e-05
1.9073e-06
0.0000e+00
5.9128e-05
1.9073e-06
1.9073e-05
9.5367e-07
4.0531e-06
0.0000e+00
5.9128e-05
3.8147e-06
0.0000e+00
5.5075e-05
2.1458e-06
0.0000e+00
5.5075e-05
1.9073e-06
0.0000e+00
5.6982e-05
2.1458e-06
0.0000e+00
5.6028e-05
2.1458e-06
0.0000e+00
5.3883e-05
1.1921e-06
3.8147e-06
0.0000e+00
1.2809e-01
