8.0979e-03
4.6968e-05
0.0000e+00
1.5306e-04
1.2879e-03
0.0000e+00
1.0204e-04
5.0068e-06
0.0000e+00
9.7036e-05
3.8147e-06
0.0000e+00
9.7036e-05
2.1410e-04
0.0000e+00
9.9182e-05
4.0531e-06
0.0000e+00
1.1206e-04
5.0068e-06
1.8141e-03
9.5367e-07
8.1062e-06
0.0000e+00
7.7009e-05
3.0994e-06
0.0000e+00
5.6982e-05
1.9073e-06
0.0000e+00
5.5790e-05
2.1458e-06
0.0000e+00
5.4836e-05
1.1921e-06
4.8494e-04
9.5367e-07
9.5367e-07
2.0027e-05
9.5367e-07
1.9073e-06
0.0000e+00
5.8174e-05
1.8120e-04
0.0000e+00
5.7936e-05
1.9073e-06
0.0000e+00
5.4836e-05
2.1458e-06
1.2589e-04
0.0000e+00
1.9073e-06
1.4997e-04
9.5367e-07
2.1458e-06
0.0000e+00
5.8889e-05
2.1458e-06
5.1022e-05
9.5367e-07
1.9073e-06
0.0000e+00
5.6982e-05
1.1921e-06
0.0000e+00
5.3883e-05
3.0994e-06
0.0000e+00
5.3883e-05
8.1062e-06
0.0000e+00
6.3181e-05
7.8678e-06
0.0000e+00
5.4836e-05
2.1696e-04
0.0000e+00
7.4863e-05
2.8610e-06
0.0000e+00
5.6028e-05
3.0994e-06
0.0000e+00
5.6028e-05
1.9073e-06
0.0000e+00
5.3883e-05
1.9073e-06
0.0000e+00
5.5790e-05
2.1458e-06
0.0000e+00
5.5075e-05
3.1590e-04
0.0000e+00
5.6982e-05
2.1458e-06
0.0000e+00
5.2929e-05
1.1206e-04
0.0000e+00
7.2956e-05
3.0994e-06
0.0000e+00
5.6028e-05
1.9073e-06
0.0000e+00
5.4836e-05
4.0531e-06
0.0000e+00
5.2929e-05
4.0531e-06
2.6298e-04
9.5367e-07
2.1458e-06
2.4009e-04
9.5367e-07
1.9073e-06
0.0000e+00
5.6982e-05
1.9073e-06
0.0000e+00
5.5075e-05
9.5367e-07
0.0000e+00
5.6028e-05
3.0994e-06
0.0000e+00
5.6028e-05
2.1458e-06
0.0000e+00
5.4121e-05
3.0994e-06
0.0000e+00
5.5075e-05
1.0967e-05
1.1060e-03
1.1921e-06
2.1458e-06
0.0000e+00
5.6982e-05
1.9073e-06
0.0000e+00
5.4121e-05
1.9073e-06
0.0000e+00
5.9128e-05
2.1458e-06
0.0000e+00
5.3167e-05
4.0531e-06
0.0000e+00
5.6028e-05
8.1062e-06
0.0000e+00
5.4121e-05
3.0994e-06
0.0000e+00
5.5075e-05
1.9073e-06
0.0000e+00
5.4121e-05
1.9073e-06
0.0000e+00
5.4121e-05
2.8610e-06
0.0000e+00
5.3883e-05
5.9605e-04
0.0000e+00
5.5075e-05
2.8610e-06
0.0000e+00
7.2956e-05
2.8610e-06
0.0000e+00
5.5075e-05
7.3910e-05
0.0000e+00
5.4121e-05
2.0981e-05
0.0000e+00
5.4121e-05
4.0531e-06
0.0000e+00
5.4836e-05
2.8610e-06
0.0000e+00
5.4836e-05
1.9073e-06
1.5593e-04
9.5367e-07
1.9073e-06
0.0000e+00
6.1035e-05
3.0994e-06
0.0000e+00
7.2002e-05
5.9605e-06
0.0000e+00
5.6028e-05
1.9073e-06
0.0000e+00
5.3883e-05
6.9141e-06
5.0402e-04
9.5367e-07
1.9073e-06
0.0000e+00
5.6028e-05
1.9073e-06
0.0000e+00
5.3883e-05
2.7895e-05
0.0000e+00
6.1035e-05
3.0994e-06
0.0000e+00
5.4121e-05
1.9073e-06
0.0000e+00
7.5102e-05
1.3781e-04
0.0000e+00
5.6982e-05
2.8610e-06
0.0000e+00
5.4121e-05
1.6928e-05
0.0000e+00
5.5075e-05
2.8610e-06
0.0000e+00
5.3883e-05
1.9073e-06
0.0000e+00
5.4836e-05
1.9073e-06
0.0000e+00
5.4836e-05
5.9605e-06
0.0000e+00
5.4121e-05
1.8287e-04
0.0000e+00
7.8201e-05
3.0994e-06
0.0000e+00
5.5075e-05
1.9073e-06
0.0000e+00
5.3167e-05
2.1458e-06
0.0000e+00
5.2929e-05
2.1458e-06
0.0000e+00
5.3883e-05
3.0994e-06
0.0000e+00
5.2929e-05
1.9073e-06
0.0000e+00
5.5075e-05
1.9073e-06
0.0000e+00
5.4121e-05
3.0994e-06
0.0000e+00
5.6982e-05
1.9073e-06
0.0000e+00
5.3883e-05
1.9073e-06
0.0000e+00
5.3883e-05
5.9605e-06
3.2687e-04
9.5367e-07
1.9073e-06
0.0000e+00
5.5790e-05
2.1458e-06
0.0000e+00
5.2929e-05
1.9073e-06
0.0000e+00
5.5075e-05
9.5367e-07
1.8032e-03
0.0000e+00
1.9073e-06
0.0000e+00
7.3910e-05
1.9073e-06
1.4210e-04
0.0000e+00
2.1458e-06
0.0000e+00
5.8889e-05
9.5367e-07
6.2227e-05
0.0000e+00
1.9073e-06
0.0000e+00
5.6028e-05
1.9073e-06
0.0000e+00
5.4121e-05
2.1458e-06
0.0000e+00
5.2929e-05
9.5367e-07
0.0000e+00
5.1975e-05
1.9073e-06
3.1495e-04
9.5367e-07
1.9073e-06
0.0000e+00
7.5102e-05
2.8610e-06
0.0000e+00
5.6028e-05
2.1458e-06
0.0000e+00
5.5075e-05
1.9073e-06
0.0000e+00
5.3167e-05
2.1458e-06
0.0000e+00
5.4121e-05
2.1458e-06
4.5896e-04
1.1921e-06
2.1458e-06
0.0000e+00
5.6982e-05
1.9073e-06
5.0068e-06
0.0000e+00
1.5020e-05
0.0000e+00
5.3883e-05
5.0068e-06
0.0000e+00
7.7009e-05
4.0531e-06
4.0531e-06
0.0000e+00
4.0531e-06
0.0000e+00
5.6028e-05
1.9073e-06
0.0000e+00
5.6028e-05
1.9073e-06
0.0000e+00
5.3883e-05
1.9073e-06
0.0000e+00
5.2929e-05
1.9073e-06
5.1594e-04
9.5367e-07
1.9073e-06
0.0000e+00
5.5790e-05
2.1458e-06
0.0000e+00
5.3883e-05
2.6608e-04
0.0000e+00
5.8889e-05
2.1458e-06
6.4850e-05
9.5367e-07
9.5367e-07
0.0000e+00
5.5075e-05
1.9073e-06
0.0000e+00
6.0081e-05
2.8610e-06
0.0000e+00
5.5075e-05
1.9073e-06
5.6028e-05
9.5367e-07
1.9073e-06
4.0531e-06
1.1921e-06
1.0014e-05
2.8610e-06
1.1921e-06
3.0994e-06
0.0000e+00
5.6028e-05
2.0027e-05
0.0000e+00
7.5102e-05
3.0994e-06
0.0000e+00
5.5075e-05
1.9073e-06
0.0000e+00
5.4121e-05
2.5296e-04
0.0000e+00
5.5075e-05
2.8610e-06
0.0000e+00
5.3883e-05
1.9073e-06
0.0000e+00
6.0797e-05
2.1458e-06
0.0000e+00
5.4121e-05
3.0994e-06
1.3995e-04
1.1921e-06
1.9073e-06
5.2929e-05
9.5367e-07
1.9073e-06
0.0000e+00
5.7936e-05
2.6202e-04
0.0000e+00
5.3883e-05
1.0967e-05
0.0000e+00
5.5075e-05
1.9073e-06
0.0000e+00
5.2929e-05
1.9073e-06
0.0000e+00
6.0081e-05
2.8610e-06
0.0000e+00
5.3883e-05
1.9073e-06
5.5194e-04
9.5367e-07
9.5367e-07
2.6584e-04
1.1921e-06
1.1921e-06
0.0000e+00
6.1035e-05
2.8610e-06
0.0000e+00
5.4836e-05
2.1458e-06
0.0000e+00
5.3883e-05
9.5367e-07
0.0000e+00
5.3883e-05
1.9073e-06
0.0000e+00
5.3883e-05
1.9073e-06
0.0000e+00
5.3167e-05
2.1458e-06
5.0068e-06
0.0000e+00
9.0599e-06
0.0000e+00
5.5075e-05
4.0531e-06
0.0000e+00
5.2929e-05
6.9141e-06
0.0000e+00
5.5790e-05
3.0994e-06
0.0000e+00
5.3883e-05
1.6212e-04
0.0000e+00
5.4121e-05
5.0068e-06
0.0000e+00
6.0797e-05
1.2994e-04
0.0000e+00
5.3883e-05
4.0531e-06
0.0000e+00
5.4121e-05
1.3900e-04
0.0000e+00
5.5075e-05
3.0994e-06
3.2997e-04
1.1921e-06
1.9073e-06
0.0000e+00
5.6982e-05
6.9141e-06
0.0000e+00
5.4121e-05
1.1921e-06
0.0000e+00
5.4121e-05
1.9073e-06
2.8396e-04
9.5367e-07
1.9073e-06
0.0000e+00
5.5790e-05
9.5367e-07
1.8692e-04
9.5367e-07
9.5367e-07
0.0000e+00
5.4121e-05
2.1458e-06
0.0000e+00
5.5075e-05
3.3140e-05
0.0000e+00
7.3910e-05
3.0994e-06
0.0000e+00
6.2943e-05
1.9073e-06
0.0000e+00
5.2929e-05
1.9073e-06
0.0000e+00
5.4836e-05
1.9073e-06
0.0000e+00
5.3883e-05
1.9884e-04
0.0000e+00
5.3883e-05
1.9073e-06
0.0000e+00
5.2929e-05
1.9073e-06
0.0000e+00
5.4121e-05
3.0994e-06
0.0000e+00
5.6982e-05
3.0994e-06
0.0000e+00
5.4836e-05
1.9073e-06
0.0000e+00
5.3883e-05
2.0099e-04
4.0531e-06
1.1921e-06
5.5075e-05
0.0000e+00
5.5075e-05
1.5807e-04
4.0531e-06
1.1921e-06
5.1975e-05
0.0000e+00
5.4836e-05
2.1458e-06
0.0000e+00
5.2929e-05
1.9073e-06
0.0000e+00
6.8903e-05
3.0994e-06
0.0000e+00
5.5075e-05
2.1458e-06
0.0000e+00
5.4121e-05
2.4796e-04
2.2483e-04
0.0000e+00
9.5367e-07
0.0000e+00
5.5075e-05
1.9073e-06
0.0000e+00
5.4121e-05
2.1458e-06
0.0000e+00
5.3167e-05
5.9605e-06
0.0000e+00
5.3883e-05
7.1526e-06
0.0000e+00
5.3883e-05
3.0994e-06
0.0000e+00
5.7220e-05
8.1062e-06
0.0000e+00
5.5075e-05
6.9141e-06
0.0000e+00
5.4121e-05
1.9073e-06
0.0000e+00
6.1035e-05
2.2793e-04
0.0000e+00
5.4836e-05
1.9073e-06
0.0000e+00
5.3883e-05
6.9141e-06
0.0000e+00
5.4836e-05
2.1458e-06
0.0000e+00
7.2956e-05
2.0003e-04
0.0000e+00
5.6982e-05
1.9073e-06
0.0000e+00
5.4121e-05
1.9073e-06
0.0000e+00
6.0081e-05
9.2983e-05
4.7922e-05
1.1921e-06
7.1526e-06
0.0000e+00
5.5075e-05
1.7166e-05
0.0000e+00
5.3883e-05
7.8917e-05
0.0000e+00
5.3883e-05
6.9141e-06
4.0531e-06
9.5367e-07
3.0994e-06
0.0000e+00
5.6982e-05
1.9073e-06
3.0494e-04
0.0000e+00
2.1458e-06
0.0000e+00
6.1035e-05
2.1458e-06
9.1076e-05
9.5367e-07
1.9073e-06
2.0027e-05
0.0000e+00
1.1921e-06
0.0000e+00
5.5075e-05
2.1458e-06
0.0000e+00
5.6028e-05
5.8484e-04
0.0000e+00
5.3883e-05
5.9605e-06
7.7009e-05
1.1921e-06
2.1458e-06
0.0000e+00
7.7963e-05
2.7180e-05
0.0000e+00
5.4121e-05
4.0531e-06
0.0000e+00
5.4121e-05
3.0994e-06
0.0000e+00
5.4121e-05
2.1458e-06
0.0000e+00
5.3883e-05
2.1458e-06
0.0000e+00
5.3883e-05
2.8610e-06
0.0000e+00
5.3883e-05
1.9073e-06
0.0000e+00
5.3883e-05
3.0994e-06
0.0000e+00
5.6028e-05
2.8610e-06
0.0000e+00
5.4836e-05
1.9073e-06
0.0000e+00
5.3883e-05
1.9073e-06
0.0000e+00
5.3883e-05
7.8678e-06
6.5994e-04
1.1921e-06
1.9073e-06
0.0000e+00
5.5075e-05
1.9073e-06
0.0000e+00
5.3883e-05
9.5367e-07
0.0000e+00
5.2214e-05
1.8120e-05
0.0000e+00
7.2956e-05
2.8610e-06
0.0000e+00
5.3883e-05
1.9073e-06
0.0000e+00
5.3883e-05
1.9073e-06
0.0000e+00
5.4121e-05
2.1458e-06
0.0000e+00
5.2929e-05
1.9693e-04
0.0000e+00
5.2929e-05
2.4080e-05
0.0000e+00
5.3883e-05
2.8610e-06
0.0000e+00
5.6982e-05
2.8610e-06
0.0000e+00
5.6028e-05
3.8099e-04
0.0000e+00
5.4836e-05
2.8610e-06
6.0081e-05
9.5367e-07
1.9073e-06
3.0994e-06
9.5367e-07
3.0994e-06
0.0000e+00
5.6028e-05
1.7905e-04
0.0000e+00
5.4121e-05
1.9073e-06
0.0000e+00
5.4121e-05
1.2708e-04
0.0000e+00
5.5075e-05
1.9073e-06
0.0000e+00
7.7963e-05
3.0994e-06
1.9693e-04
0.0000e+00
1.9073e-06
0.0000e+00
5.6028e-05
9.5367e-07
7.3195e-05
9.5367e-07
9.5367e-07
0.0000e+00
5.5075e-05
1.9073e-06
0.0000e+00
5.4121e-05
2.1458e-06
1.4400e-04
9.5367e-07
1.9073e-06
4.0531e-06
1.1921e-06
1.1921e-06
0.0000e+00
5.6028e-05
1.9073e-06
0.0000e+00
5.3167e-05
3.0994e-06
0.0000e+00
6.3181e-05
3.0994e-06
0.0000e+00
5.5075e-05
1.9073e-06
0.0000e+00
5.4121e-05
1.9073e-06
0.0000e+00
5.4121e-05
1.9073e-06
0.0000e+00
5.3167e-05
2.1458e-06
0.0000e+00
5.5075e-05
1.1921e-06
0.0000e+00
5.2929e-05
1.9073e-06
0.0000e+00
6.6996e-05
2.8610e-06
0.0000e+00
5.8174e-05
5.5003e-04
0.0000e+00
5.4836e-05
1.9073e-06
0.0000e+00
5.2929e-05
1.9073e-06
0.0000e+00
5.2929e-05
1.9073e-06
0.0000e+00
5.3167e-05
4.0531e-06
3.1805e-04
9.5367e-07
2.1458e-06
0.0000e+00
5.3883e-05
1.9073e-06
0.0000e+00
5.3883e-05
2.8610e-06
0.0000e+00
6.4850e-05
1.9073e-06
0.0000e+00
5.3883e-05
2.8610e-06
0.0000e+00
5.3883e-05
5.9605e-06
0.0000e+00
5.4121e-05
6.9141e-06
0.0000e+00
5.3167e-05
2.1458e-06
0.0000e+00
5.2929e-05
1.9073e-06
4.8494e-04
9.5367e-07
1.9073e-06
0.0000e+00
5.6982e-05
1.9073e-06
0.0000e+00
5.6982e-05
2.1458e-06
0.0000e+00
5.5075e-05
2.1458e-06
5.9605e-06
9.5367e-07
1.1921e-06
0.0000e+00
5.5075e-05
2.1458e-06
2.1005e-04
0.0000e+00
1.9073e-06
0.0000e+00
5.5075e-05
1.9073e-06
0.0000e+00
5.4121e-05
3.6812e-04
0.0000e+00
6.1035e-05
2.8610e-06
5.8174e-05
9.5367e-07
3.0994e-06
0.0000e+00
5.6028e-05
1.9073e-06
0.0000e+00
5.5075e-05
1.9073e-06
0.0000e+00
5.4121e-05
9.5367e-07
0.0000e+00
5.5075e-05
1.9073e-06
0.0000e+00
5.5075e-05
7.8678e-06
0.0000e+00
5.3883e-05
1.9073e-06
0.0000e+00
5.5075e-05
9.5367e-07
0.0000e+00
6.8188e-05
3.0994e-06
0.0000e+00
5.6028e-05
5.0068e-06
6.0201e-04
0.0000e+00
2.1458e-06
3.0994e-06
9.5367e-07
9.5367e-07
0.0000e+00
5.4836e-05
1.6189e-04
0.0000e+00
5.3883e-05
5.0068e-06
9.6083e-05
0.0000e+00
4.1962e-05
0.0000e+00
5.6028e-05
2.8610e-06
0.0000e+00
5.4836e-05
1.9073e-06
0.0000e+00
5.3883e-05
5.9605e-06
0.0000e+00
5.5075e-05
5.9605e-06
0.0000e+00
5.3883e-05
1.9073e-06
0.0000e+00
5.3883e-05
5.9605e-06
0.0000e+00
5.4121e-05
3.8147e-06
0.0000e+00
5.5075e-05
3.0994e-06
0.0000e+00
5.2929e-05
4.0531e-06
4.7588e-04
9.5367e-07
1.9073e-06
0.0000e+00
5.6982e-05
1.9073e-06
0.0000e+00
5.6028e-05
9.5367e-07
0.0000e+00
5.4836e-05
9.5367e-07
1.5998e-04
0.0000e+00
9.5367e-07
1.4019e-04
9.5367e-07
1.9073e-06
0.0000e+00
5.6028e-05
3.3855e-05
0.0000e+00
5.3883e-05
2.1458e-06
0.0000e+00
5.4121e-05
2.1458e-06
0.0000e+00
6.1035e-05
8.1062e-06
0.0000e+00
7.5102e-05
5.9605e-06
3.1805e-04
1.1921e-06
2.1458e-06
0.0000e+00
5.6028e-05
1.9073e-06
1.0109e-04
9.5367e-07
9.5367e-07
0.0000e+00
5.5075e-05
9.5367e-07
0.0000e+00
5.5075e-05
9.5367e-07
0.0000e+00
5.1975e-05
1.4210e-04
0.0000e+00
5.5075e-05
1.9073e-06
0.0000e+00
5.4121e-05
1.2159e-05
0.0000e+00
7.2956e-05
3.0994e-06
0.0000e+00
5.3883e-05
5.0068e-06
0.0000e+00
5.3883e-05
5.0068e-06
0.0000e+00
5.5075e-05
1.9073e-06
0.0000e+00
5.4836e-05
5.0068e-06
0.0000e+00
5.4121e-05
2.1458e-06
0.0000e+00
5.4121e-05
3.8004e-04
5.0068e-06
1.1921e-06
9.5367e-07
0.0000e+00
7.2956e-05
3.0994e-06
0.0000e+00
5.5075e-05
3.0994e-06
0.0000e+00
5.3167e-05
7.7963e-05
0.0000e+00
5.4836e-05
2.1458e-06
4.1699e-04
9.5367e-07
9.5367e-07
0.0000e+00
5.4121e-05
9.5367e-07
0.0000e+00
5.4836e-05
9.5367e-07
0.0000e+00
5.3883e-05
1.9073e-06
0.0000e+00
7.3195e-05
3.0994e-06
0.0000e+00
5.5075e-05
2.0194e-04
0.0000e+00
5.5075e-05
3.0994e-06
0.0000e+00
5.5075e-05
1.9073e-06
0.0000e+00
5.5075e-05
1.9073e-06
0.0000e+00
5.3883e-05
6.9141e-06
0.0000e+00
5.3883e-05
2.8610e-06
0.0000e+00
5.3883e-05
3.0994e-06
0.0000e+00
6.3896e-05
3.0994e-06
0.0000e+00
5.3883e-05
1.9073e-06
0.0000e+00
5.3883e-05
1.2612e-04
0.0000e+00
5.3883e-05
4.2009e-04
0.0000e+00
5.8174e-05
3.0994e-06
0.0000e+00
5.4121e-05
3.0994e-06
0.0000e+00
6.6996e-05
3.0994e-06
0.0000e+00
7.1049e-05
1.6928e-05
0.0000e+00
5.5075e-05
4.7684e-06
0.0000e+00
5.5075e-05
1.5807e-04
0.0000e+00
5.4836e-05
1.9073e-06
0.0000e+00
5.3883e-05
1.9073e-06
0.0000e+00
5.4836e-05
1.9073e-06
3.0780e-04
0.0000e+00
1.9073e-06
0.0000e+00
5.5075e-05
1.9073e-06
0.0000e+00
7.3195e-05
2.1458e-06
0.0000e+00
5.4121e-05
2.1458e-06
0.0000e+00
5.3883e-05
9.5367e-07
0.0000e+00
5.3883e-05
1.9073e-06
1.9383e-04
1.1921e-06
2.1458e-06
0.0000e+00
5.6982e-05
2.1458e-06
0.0000e+00
5.4121e-05
1.1921e-06
0.0000e+00
5.4121e-05
1.2302e-04
0.0000e+00
7.8917e-05
4.4107e-05
5.0068e-06
1.1921e-06
7.1526e-06
0.0000e+00
5.6982e-05
1.9073e-06
0.0000e+00
5.3883e-05
1.3399e-04
0.0000e+00
5.5075e-05
1.9073e-06
0.0000e+00
5.3167e-05
3.0994e-06
0.0000e+00
5.4121e-05
2.1458e-06
0.0000e+00
5.3883e-05
5.0068e-06
5.7006e-04
9.5367e-07
2.8610e-06
0.0000e+00
5.7936e-05
1.9073e-06
0.0000e+00
5.4121e-05
9.5367e-07
0.0000e+00
5.4121e-05
2.7800e-04
0.0000e+00
5.4121e-05
1.0014e-05
1.3089e-04
1.1921e-06
2.1458e-06
0.0000e+00
5.5075e-05
1.9073e-06
0.0000e+00
5.5075e-05
2.8610e-06
0.0000e+00
5.2929e-05
1.9073e-06
0.0000e+00
7.3195e-05
4.0531e-06
0.0000e+00
5.4121e-05
3.0994e-06
0.0000e+00
5.3883e-05
5.0068e-06
0.0000e+00
5.3883e-05
1.9073e-06
0.0000e+00
5.1975e-05
2.1458e-06
0.0000e+00
5.2929e-05
2.1458e-06
0.0000e+00
5.1975e-05
1.9073e-06
0.0000e+00
5.3883e-05
4.6301e-04
0.0000e+00
5.6982e-05
2.8610e-06
0.0000e+00
5.2929e-05
2.8610e-06
0.0000e+00
5.4121e-05
1.9073e-06
0.0000e+00
5.4121e-05
3.0994e-06
0.0000e+00
5.2929e-05
1.9073e-06
0.0000e+00
5.2929e-05
1.9073e-06
3.0041e-05
9.5367e-07
1.9073e-06
3.0994e-06
9.5367e-07
9.5367e-07
0.0000e+00
7.2002e-05
6.1011e-04
0.0000e+00
5.6028e-05
1.9073e-06
1.6713e-04
9.5367e-07
1.9073e-06
0.0000e+00
5.5075e-05
1.9073e-06
0.0000e+00
5.4121e-05
3.1948e-05
0.0000e+00
6.0081e-05
1.9073e-06
0.0000e+00
5.5075e-05
1.9073e-06
0.0000e+00
5.5075e-05
1.9073e-06
0.0000e+00
5.3883e-05
3.0994e-06
0.0000e+00
5.7936e-05
2.1458e-06
0.0000e+00
5.3883e-05
3.0994e-06
4.0531e-06
9.5367e-07
1.9073e-06
0.0000e+00
5.4121e-05
3.0994e-06
0.0000e+00
5.4121e-05
2.1458e-06
0.0000e+00
5.3883e-05
2.1458e-06
0.0000e+00
5.3883e-05
2.1458e-06
0.0000e+00
5.3883e-05
3.0994e-06
0.0000e+00
5.7220e-05
2.1458e-06
4.4703e-04
0.0000e+00
1.9073e-06
0.0000e+00
5.6028e-05
6.6996e-05
0.0000e+00
5.4121e-05
1.9073e-06
0.0000e+00
5.3167e-05
3.0994e-06
0.0000e+00
5.2929e-05
2.1458e-06
0.0000e+00
5.3883e-05
2.1458e-06
0.0000e+00
5.3883e-05
3.0994e-06
2.2411e-04
1.1921e-06
2.1458e-06
5.0068e-06
9.5367e-07
2.1458e-06
0.0000e+00
6.1035e-05
2.1219e-05
0.0000e+00
5.5075e-05
2.1458e-06
0.0000e+00
5.4121e-05
3.0994e-06
0.0000e+00
5.5075e-05
3.0994e-06
0.0000e+00
5.2929e-05
2.1458e-06
0.0000e+00
5.3883e-05
5.0068e-06
0.0000e+00
7.0095e-05
8.7976e-05
0.0000e+00
5.6028e-05
2.8610e-06
0.0000e+00
5.3883e-05
5.0068e-06
0.0000e+00
1.0109e-04
3.8147e-06
0.0000e+00
9.2983e-05
1.5020e-05
0.0000e+00
9.6083e-05
5.9843e-05
0.0000e+00
9.2983e-05
4.0531e-06
0.0000e+00
9.2983e-05
4.0531e-06
0.0000e+00
1.1611e-04
4.0531e-06
0.0000e+00
9.4175e-05
1.0014e-05
0.0000e+00
6.3181e-05
4.0531e-06
0.0000e+00
6.1989e-05
3.0994e-06
0.0000e+00
5.6028e-05
2.1458e-06
5.9605e-06
1.1921e-06
8.1062e-06
0.0000e+00
5.6028e-05
3.0994e-06
0.0000e+00
5.4121e-05
3.0994e-06
0.0000e+00
7.7009e-05
1.4138e-03
5.0068e-06
9.5367e-07
5.0068e-06
0.0000e+00
5.6982e-05
2.8610e-06
0.0000e+00
5.3883e-05
3.0994e-06
0.0000e+00
5.4836e-05
1.9073e-06
0.0000e+00
5.3883e-05
1.9073e-06
0.0000e+00
5.3883e-05
3.8195e-04
0.0000e+00
5.3167e-05
1.6212e-05
0.0000e+00
7.4863e-05
4.0531e-06
0.0000e+00
5.4121e-05
3.0994e-06
0.0000e+00
5.5075e-05
2.1458e-06
0.0000e+00
5.4121e-05
9.0599e-06
0.0000e+00
5.5075e-05
2.8610e-06
0.0000e+00
5.3883e-05
1.9073e-06
0.0000e+00
5.3167e-05
2.1458e-06
0.0000e+00
5.1975e-05
3.8147e-06
0.0000e+00
5.5790e-05
2.1458e-06
5.0068e-06
0.0000e+00
9.5367e-07
0.0000e+00
5.4836e-05
1.9073e-06
0.0000e+00
5.3883e-05
2.8610e-06
0.0000e+00
5.3883e-05
1.9073e-06
0.0000e+00
5.3883e-05
1.9073e-06
0.0000e+00
5.4121e-05
1.9073e-06
0.0000e+00
5.3167e-05
2.1458e-06
0.0000e+00
7.7009e-05
2.8610e-06
0.0000e+00
6.3896e-05
3.8147e-06
0.0000e+00
5.5075e-05
2.1458e-06
0.0000e+00
5.4121e-05
3.5596e-04
5.0068e-06
9.5367e-07
1.9073e-06
0.0000e+00
5.5075e-05
1.9073e-06
0.0000e+00
5.3883e-05
1.9073e-06
0.0000e+00
5.2929e-05
3.0994e-06
0.0000e+00
7.3195e-05
3.0994e-06
0.0000e+00
5.4121e-05
2.8610e-06
0.0000e+00
6.1035e-05
3.0994e-06
0.0000e+00
5.4121e-05
2.1458e-06
0.0000e+00
5.4121e-05
2.1458e-06
0.0000e+00
5.4121e-05
1.9073e-06
0.0000e+00
5.2929e-05
1.9073e-06
0.0000e+00
5.2929e-05
3.0994e-06
0.0000e+00
5.6982e-05
3.0994e-06
0.0000e+00
5.3883e-05
2.8610e-06
0.0000e+00
5.3167e-05
1.5910e-03
5.5194e-04
1.9073e-06
3.0994e-06
0.0000e+00
6.4135e-05
2.1458e-06
1.4687e-04
9.5367e-07
2.1458e-06
0.0000e+00
5.6982e-05
1.9073e-06
0.0000e+00
5.3883e-05
1.9073e-06
4.0531e-06
9.5367e-07
2.1458e-06
0.0000e+00
5.6982e-05
9.5367e-07
0.0000e+00
5.3883e-05
9.5367e-07
0.0000e+00
5.3167e-05
2.9016e-04
0.0000e+00
5.5075e-05
1.9073e-06
0.0000e+00
5.4121e-05
1.9073e-06
0.0000e+00
5.4121e-05
3.0994e-06
0.0000e+00
5.3167e-05
1.9073e-06
0.0000e+00
7.3910e-05
2.8610e-06
5.0068e-06
0.0000e+00
9.5367e-07
0.0000e+00
5.6028e-05
1.9073e-06
0.0000e+00
5.3883e-05
1.9073e-06
0.0000e+00
5.4121e-05
2.8610e-06
0.0000e+00
5.5075e-05
1.9073e-06
0.0000e+00
5.3883e-05
6.1107e-04
0.0000e+00
5.5075e-05
3.0994e-06
5.0068e-06
9.5367e-07
1.9073e-06
5.0068e-06
9.5367e-07
1.9073e-06
0.0000e+00
5.6982e-05
1.9073e-06
0.0000e+00
5.3883e-05
1.9073e-06
0.0000e+00
5.3883e-05
1.9073e-06
0.0000e+00
5.3883e-05
2.8610e-06
0.0000e+00
5.3883e-05
1.9073e-06
6.1607e-04
9.5367e-07
2.8610e-06
0.0000e+00
9.9897e-05
2.8610e-06
0.0000e+00
9.6083e-05
4.0531e-06
0.0000e+00
9.6083e-05
3.0994e-06
0.0000e+00
9.8228e-05
2.8610e-06
5.3692e-04
9.5367e-07
3.0994e-06
5.9605e-06
1.1921e-06
1.9073e-06
6.6996e-05
9.5367e-07
9.5367e-07
0.0000e+00
6.3181e-05
2.1458e-06
0.0000e+00
5.5075e-05
2.1458e-06
0.0000e+00
5.5075e-05
1.1921e-06
0.0000e+00
5.5075e-05
1.9073e-06
0.0000e+00
5.8174e-05
9.5367e-07
0.0000e+00
5.5075e-05
9.5367e-07
0.0000e+00
6.0081e-05
2.1458e-06
1.5020e-05
9.5367e-07
1.9073e-06
1.2589e-04
1.1921e-06
9.5367e-07
5.0068e-06
9.5367e-07
2.1458e-06
0.0000e+00
5.7936e-05
1.9073e-06
0.0000e+00
5.6028e-05
2.4104e-04
0.0000e+00
5.4121e-05
2.8610e-06
3.8147e-06
9.5367e-07
1.9073e-06
1.1206e-05
9.5367e-07
9.5367e-07
0.0000e+00
5.8174e-05
9.5367e-07
0.0000e+00
7.2002e-05
3.8147e-06
0.0000e+00
1.0395e-04
1.9193e-04
0.0000e+00
9.7036e-05
4.0531e-06
0.0000e+00
9.4891e-05
4.0531e-06
0.0000e+00
9.4891e-05
3.8147e-06
0.0000e+00
1.1897e-04
5.0068e-06
0.0000e+00
9.5129e-05
4.0531e-06
7.1526e-06
2.1458e-06
2.8610e-06
4.7684e-06
9.5367e-07
4.0531e-06
0.0000e+00
9.4175e-05
5.0068e-06
0.0000e+00
9.3937e-05
5.0068e-06
0.0000e+00
9.5129e-05
3.0994e-06
0.0000e+00
9.3937e-05
4.0531e-06
0.0000e+00
9.3937e-05
4.0531e-06
2.5010e-04
1.1921e-06
4.0531e-06
5.0068e-06
0.0000e+00
2.1458e-06
0.0000e+00
6.7949e-05
2.8610e-06
0.0000e+00
5.6028e-05
4.0531e-06
0.0000e+00
5.2929e-05
1.9073e-06
0.0000e+00
5.4121e-05
2.1458e-06
0.0000e+00
5.3167e-05
2.1458e-06
4.0531e-06
9.5367e-07
9.5367e-07
0.0000e+00
5.6028e-05
1.9073e-06
0.0000e+00
7.0810e-05
4.0531e-06
0.0000e+00
5.2929e-05
2.1458e-06
5.4836e-05
0.0000e+00
9.5367e-07
7.0214e-04
9.5367e-07
9.5367e-07
0.0000e+00
5.6028e-05
9.5367e-07
3.8147e-06
9.5367e-07
9.5367e-07
0.0000e+00
5.6028e-05
1.9073e-06
4.0531e-06
1.1921e-06
2.1458e-06
0.0000e+00
5.4121e-05
2.1458e-06
0.0000e+00
5.5075e-05
3.0994e-06
0.0000e+00
5.6982e-05
2.8610e-06
0.0000e+00
5.2929e-05
1.7095e-04
0.0000e+00
5.5075e-05
1.9073e-06
1.3113e-05
0.0000e+00
1.9073e-06
0.0000e+00
5.5790e-05
2.1458e-06
0.0000e+00
5.3883e-05
5.0807e-04
0.0000e+00
5.4121e-05
2.1458e-06
5.6982e-05
0.0000e+00
5.9605e-06
0.0000e+00
5.4836e-05
1.9073e-06
5.0068e-06
1.1921e-06
1.1921e-06
1.8311e-04
0.0000e+00
1.9073e-06
0.0000e+00
5.7936e-05
9.5367e-07
7.2956e-05
9.5367e-07
9.5367e-07
2.2006e-04
1.1921e-06
1.1921e-06
0.0000e+00
5.5075e-05
2.1458e-06
0.0000e+00
5.2929e-05
3.0994e-06
5.0068e-06
9.5367e-07
1.9073e-06
0.0000e+00
5.4121e-05
2.1458e-06
0.0000e+00
6.1035e-05
4.0531e-06
0.0000e+00
5.6028e-05
9.0599e-06
0.0000e+00
5.3883e-05
3.0994e-06
0.0000e+00
5.6028e-05
3.0994e-06
5.9605e-06
9.5367e-07
1.9073e-06
0.0000e+00
5.6028e-05
2.1458e-06
4.0531e-06
9.5367e-07
9.5367e-07
0.0000e+00
5.6028e-05
1.9073e-06
0.0000e+00
5.3883e-05
1.9073e-06
4.6968e-05
0.0000e+00
2.1458e-06
0.0000e+00
5.6982e-05
2.8610e-06
0.0000e+00
5.3883e-05
2.8610e-06
0.0000e+00
5.3883e-05
1.9073e-06
0.0000e+00
5.3167e-05
2.1458e-06
0.0000e+00
5.4121e-05
2.8610e-06
0.0000e+00
5.3883e-05
1.9073e-06
0.0000e+00
5.5790e-05
1.9073e-06
0.0000e+00
6.9857e-05
3.0994e-06
0.0000e+00
5.6982e-05
1.9073e-06
0.0000e+00
5.4836e-05
2.8610e-06
0.0000e+00
5.3883e-05
1.9073e-06
5.0068e-06
9.5367e-07
1.1921e-06
0.0000e+00
5.4121e-05
2.1458e-06
0.0000e+00
5.4121e-05
1.8930e-03
0.0000e+00
5.5075e-05
2.1458e-06
2.6941e-05
9.5367e-07
1.9073e-06
0.0000e+00
7.4863e-05
2.8610e-06
5.0068e-06
0.0000e+00
1.9073e-06
0.0000e+00
5.6982e-05
2.8610e-06
0.0000e+00
5.3883e-05
2.8610e-06
0.0000e+00
5.4836e-05
4.6968e-05
8.2016e-05
9.5367e-07
1.9073e-06
0.0000e+00
5.6982e-05
1.9073e-06
0.0000e+00
5.6028e-05
3.0994e-06
0.0000e+00
5.5075e-05
5.6314e-04
0.0000e+00
5.6982e-05
3.0994e-06
0.0000e+00
5.5075e-05
2.8610e-06
0.0000e+00
5.4121e-05
1.9073e-06
0.0000e+00
5.4121e-05
2.1458e-06
3.0994e-06
0.0000e+00
1.9073e-06
0.0000e+00
5.5790e-05
3.0994e-06
2.3699e-04
0.0000e+00
2.1458e-06
1.2493e-04
0.0000e+00
9.5367e-07
0.0000e+00
5.4836e-05
1.9073e-06
0.0000e+00
5.7936e-05
9.5367e-07
0.0000e+00
5.4121e-05
1.9073e-06
0.0000e+00
6.1989e-05
3.0994e-06
0.0000e+00
5.3883e-05
1.9073e-06
1.1897e-04
9.5367e-07
9.5367e-07
2.8133e-05
0.0000e+00
9.5367e-07
0.0000e+00
5.6028e-05
1.9073e-06
0.0000e+00
5.3883e-05
1.9073e-06
6.0821e-04
9.5367e-07
3.0994e-06
0.0000e+00
5.7936e-05
2.1458e-06
0.0000e+00
5.3883e-05
1.9073e-06
0.0000e+00
5.3883e-05
9.5367e-07
0.0000e+00
5.4121e-05
2.1458e-06
0.0000e+00
5.2929e-05
1.9073e-06
1.3399e-04
0.0000e+00
1.9073e-06
0.0000e+00
5.6982e-05
1.9073e-06
0.0000e+00
5.4121e-05
2.1458e-06
0.0000e+00
5.6982e-05
9.5367e-07
0.0000e+00
5.3883e-05
9.5367e-07
0.0000e+00
5.4121e-05
9.5367e-07
0.0000e+00
6.1989e-05
1.9073e-06
0.0000e+00
5.3883e-05
9.5367e-07
0.0000e+00
5.3167e-05
2.1458e-06
0.0000e+00
5.4121e-05
3.0994e-06
0.0000e+00
7.1049e-05
2.8610e-06
0.0000e+00
5.6028e-05
2.1458e-06
0.0000e+00
5.2929e-05
3.0994e-06
0.0000e+00
5.2929e-05
3.0994e-06
0.0000e+00
5.3883e-05
6.1393e-04
5.0068e-06
9.5367e-07
1.9073e-06
2.2006e-04
1.1921e-06
2.1458e-06
0.0000e+00
5.6982e-05
1.9073e-06
0.0000e+00
5.4121e-05
9.5367e-07
0.0000e+00
7.4148e-05
2.1458e-06
0.0000e+00
5.5075e-05
9.5367e-07
2.0695e-04
9.5367e-07
1.9073e-06
0.0000e+00
5.6028e-05
1.9073e-06
0.0000e+00
5.6982e-05
1.9073e-06
0.0000e+00
5.3883e-05
9.5367e-07
0.0000e+00
5.4121e-05
9.5367e-07
0.0000e+00
5.2929e-05
2.5034e-05
0.0000e+00
7.4148e-05
2.8610e-06
0.0000e+00
5.4836e-05
2.8610e-06
0.0000e+00
5.2929e-05
2.8610e-06
0.0000e+00
5.3167e-05
3.0994e-06
0.0000e+00
5.4121e-05
2.1458e-06
0.0000e+00
5.2929e-05
2.8610e-06
0.0000e+00
5.2929e-05
1.9073e-06
0.0000e+00
6.1035e-05
4.0531e-06
3.2401e-04
9.5367e-07
9.5367e-07
0.0000e+00
5.6028e-05
9.5367e-07
0.0000e+00
5.4121e-05
2.1458e-06
0.0000e+00
5.3883e-05
1.9073e-06
0.0000e+00
5.1975e-05
5.8198e-04
0.0000e+00
9.7990e-05
4.0531e-06
0.0000e+00
9.3937e-05
5.0068e-06
6.1989e-06
9.5367e-07
2.8610e-06
3.2902e-05
2.1458e-06
3.8147e-06
0.0000e+00
9.4891e-05
2.8610e-06
0.0000e+00
9.7036e-05
5.0068e-06
0.0000e+00
1.0490e-04
5.0068e-06
0.0000e+00
9.3937e-05
4.0531e-06
0.0000e+00
9.2030e-05
2.8610e-06
0.0000e+00
9.1076e-05
2.8610e-06
5.9605e-06
1.1921e-06
2.8610e-06
0.0000e+00
9.2030e-05
3.8147e-06
6.9141e-06
9.5367e-07
3.8147e-06
0.0000e+00
9.6083e-05
4.0531e-06
0.0000e+00
8.8930e-05
5.0068e-06
0.0000e+00
5.5075e-05
2.8610e-06
0.0000e+00
6.1989e-05
3.0994e-06
5.9605e-06
9.5367e-07
2.1458e-06
0.0000e+00
5.6028e-05
1.9073e-06
0.0000e+00
5.4836e-05
1.9073e-06
0.0000e+00
8.2016e-05
3.0994e-06
2.1005e-04
0.0000e+00
2.1458e-06
0.0000e+00
5.9128e-05
2.1458e-06
0.0000e+00
5.5075e-05
1.1921e-06
0.0000e+00
5.3883e-05
9.5367e-07
3.8147e-06
9.5367e-07
2.1458e-06
0.0000e+00
5.6028e-05
2.1458e-06
0.0000e+00
5.2929e-05
9.5367e-07
0.0000e+00
5.8889e-05
1.9073e-06
0.0000e+00
7.2956e-05
2.8610e-06
0.0000e+00
5.4836e-05
9.5367e-07
0.0000e+00
5.5075e-05
5.1975e-05
0.0000e+00
5.6028e-05
1.9073e-06
0.0000e+00
5.3883e-05
1.9073e-06
0.0000e+00
5.2929e-05
6.2084e-04
0.0000e+00
5.4836e-05
1.9073e-06
0.0000e+00
5.3883e-05
3.0994e-06
0.0000e+00
5.6028e-05
1.9073e-06
6.1989e-06
0.0000e+00
1.9073e-06
6.0081e-05
1.1921e-06
1.1921e-06
0.0000e+00
5.5075e-05
2.1458e-06
0.0000e+00
5.3883e-05
1.9073e-06
0.0000e+00
5.3883e-05
1.9073e-06
0.0000e+00
5.2929e-05
1.9073e-06
8.6069e-05
9.5367e-07
2.1458e-06
0.0000e+00
5.6028e-05
3.0994e-06
0.0000e+00
6.3896e-05
9.5367e-07
0.0000e+00
5.3883e-05
1.9073e-06
0.0000e+00
5.3883e-05
9.5367e-07
4.1699e-04
1.1921e-06
2.1458e-06
3.9697e-04
1.1921e-06
1.1921e-06
0.0000e+00
5.6028e-05
1.9073e-06
4.0531e-06
9.5367e-07
9.5367e-07
2.7609e-04
0.0000e+00
9.5367e-07
0.0000e+00
5.6982e-05
1.9073e-06
0.0000e+00
7.4148e-05
3.0994e-06
0.0000e+00
5.6982e-05
9.5367e-07
0.0000e+00
5.3167e-05
3.0994e-06
0.0000e+00
5.5075e-05
1.9073e-06
0.0000e+00
5.4121e-05
8.1062e-05
1.1396e-04
9.5367e-07
1.9073e-06
0.0000e+00
5.6982e-05
9.5367e-07
0.0000e+00
5.4121e-05
2.1458e-06
0.0000e+00
7.1049e-05
2.8610e-06
0.0000e+00
5.6982e-05
1.9073e-06
0.0000e+00
5.5075e-05
2.8610e-06
0.0000e+00
5.4836e-05
2.1458e-06
0.0000e+00
5.4836e-05
2.1458e-06
0.0000e+00
5.4121e-05
9.7752e-06
0.0000e+00
5.5075e-05
2.1458e-06
1.0014e-05
1.1921e-06
1.1921e-06
0.0000e+00
8.2016e-05
5.0068e-06
0.0000e+00
1.0204e-04
5.0068e-06
0.0000e+00
9.2983e-05
5.0068e-06
0.0000e+00
9.2983e-05
4.0531e-06
0.0000e+00
9.2983e-05
5.9605e-06
0.0000e+00
9.4891e-05
4.0531e-06
0.0000e+00
9.2030e-05
4.0531e-06
0.0000e+00
9.2030e-05
5.0068e-06
0.0000e+00
8.3923e-05
5.0068e-06
0.0000e+00
6.2943e-05
3.0994e-06
0.0000e+00
5.3883e-05
1.0014e-05
0.0000e+00
5.4121e-05
3.5882e-04
0.0000e+00
5.2929e-05
1.9073e-06
0.0000e+00
5.4121e-05
3.0994e-06
0.0000e+00
5.4121e-05
1.9073e-06
0.0000e+00
5.4121e-05
7.8678e-06
0.0000e+00
5.4836e-05
1.9073e-06
0.0000e+00
6.0081e-05
3.0994e-06
4.4107e-05
0.0000e+00
1.9073e-06
0.0000e+00
5.7220e-05
2.1458e-06
0.0000e+00
5.3883e-05
9.5367e-07
0.0000e+00
5.2929e-05
3.0994e-06
0.0000e+00
5.3167e-05
3.0994e-06
0.0000e+00
5.4121e-05
3.0994e-06
0.0000e+00
5.6028e-05
1.9073e-06
0.0000e+00
5.3883e-05
1.9073e-06
0.0000e+00
5.3883e-05
1.9073e-06
0.0000e+00
5.3883e-05
2.8610e-06
2.3127e-05
9.5367e-07
1.9073e-06
0.0000e+00
5.4836e-05
6.9141e-06
0.0000e+00
5.8889e-05
1.9073e-06
3.4785e-04
9.5367e-07
2.1458e-06
0.0000e+00
7.6056e-05
1.9073e-06
5.0068e-06
1.1921e-06
2.1458e-06
4.0054e-05
9.5367e-07
1.9073e-06
4.0531e-06
0.0000e+00
9.5367e-07
0.0000e+00
5.6982e-05
9.5367e-07
5.1022e-05
9.5367e-07
9.5367e-07
1.5020e-05
1.1921e-06
2.1458e-06
0.0000e+00
5.6028e-05
1.1921e-06
0.0000e+00
5.2929e-05
9.5367e-07
0.0000e+00
5.2929e-05
9.5367e-07
0.0000e+00
7.1049e-05
8.8215e-06
1.5783e-04
9.5367e-07
2.1458e-06
0.0000e+00
5.6982e-05
1.9073e-06
0.0000e+00
5.4836e-05
1.9073e-06
0.0000e+00
5.4121e-05
2.1458e-06
0.0000e+00
5.2929e-05
1.9073e-06
0.0000e+00
5.4836e-05
1.9073e-06
0.0000e+00
5.2929e-05
1.9073e-06
0.0000e+00
5.4121e-05
2.1458e-06
0.0000e+00
5.6028e-05
9.5367e-07
0.0000e+00
5.5075e-05
2.8610e-06
7.0810e-05
9.5367e-07
9.5367e-07
0.0000e+00
5.6028e-05
9.5367e-07
0.0000e+00
5.3883e-05
1.9073e-06
0.0000e+00
5.6982e-05
3.0994e-06
0.0000e+00
5.4121e-05
1.9073e-06
0.0000e+00
5.4121e-05
2.8610e-06
3.8147e-06
0.0000e+00
1.9073e-06
2.8133e-05
0.0000e+00
1.9073e-06
8.0109e-05
9.5367e-07
2.1458e-06
6.1989e-05
9.5367e-07
9.5367e-07
0.0000e+00
5.6982e-05
2.1458e-06
0.0000e+00
5.6028e-05
1.9073e-06
0.0000e+00
5.4836e-05
1.9073e-06
0.0000e+00
5.3883e-05
4.0531e-06
0.0000e+00
6.7949e-05
3.0994e-06
3.7909e-05
9.5367e-07
2.1458e-06
0.0000e+00
5.9128e-05
1.1921e-06
0.0000e+00
5.5075e-05
3.0994e-06
0.0000e+00
5.5075e-05
2.8610e-06
3.0994e-06
0.0000e+00
2.1458e-06
0.0000e+00
5.5075e-05
2.1458e-06
0.0000e+00
5.4121e-05
2.1458e-06
1.5903e-04
9.5367e-07
9.5367e-07
0.0000e+00
5.4121e-05
9.5367e-07
0.0000e+00
6.9141e-05
2.1458e-06
4.0531e-06
9.5367e-07
1.9073e-06
0.0000e+00
5.6028e-05
3.0994e-06
0.0000e+00
5.4121e-05
3.0994e-06
0.0000e+00
5.3167e-05
2.8610e-06
0.0000e+00
5.7936e-05
3.0994e-06
0.0000e+00
5.5075e-05
1.9073e-06
0.0000e+00
5.2929e-05
1.9073e-06
2.7180e-05
0.0000e+00
9.5367e-07
0.0000e+00
7.2956e-05
3.0994e-06
0.0000e+00
5.7220e-05
2.1458e-06
0.0000e+00
5.5075e-05
2.1458e-06
4.0531e-06
9.5367e-07
1.9073e-06
0.0000e+00
5.4836e-05
1.9073e-06
0.0000e+00
5.4836e-05
3.0994e-06
0.0000e+00
5.3883e-05
1.9073e-06
0.0000e+00
5.3883e-05
1.9073e-06
0.0000e+00
7.8917e-05
2.8610e-06
0.0000e+00
6.1035e-05
3.0994e-06
0.0000e+00
5.4121e-05
1.9073e-06
0.0000e+00
5.4121e-05
2.1458e-06
0.0000e+00
5.4121e-05
2.1458e-06
0.0000e+00
5.3883e-05
2.1458e-06
0.0000e+00
5.2929e-05
2.8610e-06
0.0000e+00
5.3883e-05
2.8610e-06
0.0000e+00
5.7220e-05
2.1458e-06
0.0000e+00
5.4121e-05
2.1458e-06
0.0000e+00
5.4121e-05
3.0994e-06
0.0000e+00
5.3883e-05
1.9073e-06
0.0000e+00
5.2929e-05
2.8610e-06
0.0000e+00
5.4121e-05
1.9073e-06
0.0000e+00
5.5075e-05
2.8610e-06
0.0000e+00
7.7009e-05
3.0994e-06
5.9605e-06
9.5367e-07
9.5367e-07
0.0000e+00
5.4121e-05
2.1458e-06
0.0000e+00
5.2929e-05
2.1458e-06
5.0068e-06
9.5367e-07
1.9073e-06
0.0000e+00
5.5075e-05
1.9073e-06
0.0000e+00
5.2929e-05
1.9073e-06
0.0000e+00
5.3167e-05
2.1458e-06
0.0000e+00
5.2929e-05
1.9073e-06
0.0000e+00
6.9857e-05
7.8678e-06
4.0531e-06
9.5367e-07
6.9141e-06
4.0531e-06
9.5367e-07
1.1921e-06
0.0000e+00
5.5075e-05
2.1458e-06
0.0000e+00
5.2929e-05
4.7922e-05
0.0000e+00
5.3883e-05
2.1458e-06
9.2983e-05
0.0000e+00
1.9073e-06
0.0000e+00
5.4836e-05
9.5367e-07
4.6968e-05
9.5367e-07
9.5367e-07
0.0000e+00
5.5075e-05
1.9073e-06
0.0000e+00
5.6982e-05
9.5367e-07
0.0000e+00
5.4121e-05
3.0994e-06
3.0041e-05
0.0000e+00
9.5367e-07
0.0000e+00
5.3883e-05
1.9073e-06
0.0000e+00
5.3883e-05
2.8610e-06
0.0000e+00
5.3883e-05
3.0994e-06
0.0000e+00
5.3883e-05
1.9073e-06
1.4782e-05
9.5367e-07
1.9073e-06
0.0000e+00
7.7009e-05
1.9073e-06
0.0000e+00
5.3883e-05
2.8610e-06
0.0000e+00
6.1035e-05
3.0994e-06
0.0000e+00
5.4121e-05
1.9073e-06
0.0000e+00
5.3167e-05
2.1458e-06
8.2016e-05
0.0000e+00
1.1921e-06
0.0000e+00
5.5075e-05
1.1921e-06
4.7922e-05
1.1921e-06
1.1921e-06
0.0000e+00
5.5075e-05
2.1458e-06
0.0000e+00
5.6982e-05
9.5367e-07
1.5020e-05
1.1921e-06
9.5367e-07
0.0000e+00
5.5075e-05
2.1458e-06
0.0000e+00
5.3883e-05
1.9073e-06
0.0000e+00
5.4836e-05
9.5367e-07
0.0000e+00
5.3883e-05
9.5367e-07
0.0000e+00
5.3167e-05
1.9073e-06
0.0000e+00
5.6028e-05
1.9073e-06
0.0000e+00
5.9843e-05
9.5367e-07
0.0000e+00
5.3883e-05
1.9073e-06
0.0000e+00
5.5075e-05
1.9073e-06
0.0000e+00
5.4121e-05
2.1458e-06
1.0014e-05
9.5367e-07
1.9073e-06
2.8610e-06
9.5367e-07
9.5367e-07
0.0000e+00
5.5075e-05
5.9843e-05
0.0000e+00
5.4836e-05
2.1458e-06
0.0000e+00
7.0095e-05
4.0531e-06
0.0000e+00
5.4121e-05
1.9073e-06
4.0531e-06
9.5367e-07
1.0014e-05
0.0000e+00
5.4121e-05
2.1458e-06
0.0000e+00
5.4121e-05
2.1458e-06
0.0000e+00
6.1989e-05
1.9073e-06
0.0000e+00
5.3883e-05
2.8610e-06
0.0000e+00
5.3883e-05
1.9073e-06
0.0000e+00
7.0810e-05
4.0531e-06
0.0000e+00
5.6028e-05
1.9073e-06
0.0000e+00
5.4121e-05
3.0994e-06
0.0000e+00
5.4121e-05
3.0994e-06
0.0000e+00
5.4121e-05
2.1458e-06
0.0000e+00
5.5075e-05
2.1458e-06
0.0000e+00
5.4121e-05
2.1458e-06
0.0000e+00
5.4121e-05
2.1458e-06
0.0000e+00
7.7963e-05
2.8610e-06
4.0531e-06
9.5367e-07
1.9073e-06
0.0000e+00
5.5790e-05
2.8610e-06
0.0000e+00
5.9843e-05
1.0014e-05
0.0000e+00
5.4121e-05
2.1458e-06
0.0000e+00
5.4121e-05
2.1458e-06
0.0000e+00
5.4121e-05
2.1458e-06
4.0531e-06
9.5367e-07
1.9073e-06
1.0705e-04
1.1921e-06
2.1458e-06
0.0000e+00
7.2002e-05
1.9073e-06
5.0068e-06
9.5367e-07
9.5367e-07
2.1935e-05
0.0000e+00
9.5367e-07
1.5998e-04
0.0000e+00
2.1458e-06
9.0599e-06
9.5367e-07
9.5367e-07
0.0000e+00
5.5075e-05
9.5367e-07
5.1975e-05
1.1921e-06
9.5367e-07
5.0068e-06
0.0000e+00
9.5367e-07
0.0000e+00
6.2943e-05
1.9073e-06
5.0068e-06
9.5367e-07
9.5367e-07
0.0000e+00
5.5075e-05
1.9073e-06
0.0000e+00
8.0109e-05
1.9073e-06
0.0000e+00
5.6982e-05
2.1458e-06
0.0000e+00
5.5075e-05
2.1458e-06
0.0000e+00
5.4121e-05
2.1458e-06
0.0000e+00
5.4121e-05
2.1458e-06
0.0000e+00
5.1975e-05
5.7936e-05
0.0000e+00
5.3167e-05
2.1458e-06
0.0000e+00
5.3883e-05
2.1458e-06
0.0000e+00
8.2016e-05
3.0994e-06
0.0000e+00
5.6982e-05
2.8610e-06
0.0000e+00
6.3181e-05
3.0994e-06
0.0000e+00
5.3167e-05
2.1458e-06
0.0000e+00
5.4121e-05
3.0994e-06
0.0000e+00
5.3883e-05
2.8610e-06
3.8147e-06
0.0000e+00
1.9073e-06
3.0994e-06
9.5367e-07
9.5367e-07
0.0000e+00
5.4121e-05
1.2686e-01
