2.5709e-03
5.3215e-04
0.0000e+00
6.2943e-05
1.9073e-06
0.0000e+00
2.3842e-05
9.5367e-07
5.7662e-03
9.5367e-07
1.9073e-06
0.0000e+00
2.6226e-05
9.5367e-07
0.0000e+00
2.1935e-05
9.5367e-07
0.0000e+00
2.1935e-05
6.1989e-06
0.0000e+00
2.1935e-05
9.5367e-07
0.0000e+00
2.1935e-05
4.0531e-06
0.0000e+00
2.4080e-05
9.5367e-07
0.0000e+00
2.1935e-05
3.0994e-06
0.0000e+00
2.1935e-05
0.0000e+00
0.0000e+00
2.1935e-05
1.9073e-06
0.0000e+00
2.2173e-05
3.8600e-04
0.0000e+00
2.1935e-05
2.1458e-06
0.0000e+00
2.1935e-05
1.9073e-06
0.0000e+00
3.0994e-05
1.1921e-06
0.0000e+00
2.1935e-05
9.5367e-07
0.0000e+00
2.0981e-05
1.4782e-05
0.0000e+00
2.0981e-05
1.9073e-06
0.0000e+00
2.1219e-05
9.5367e-07
0.0000e+00
2.0981e-05
1.7214e-04
0.0000e+00
2.0981e-05
9.5367e-07
0.0000e+00
2.1935e-05
9.5367e-07
0.0000e+00
2.2173e-05
9.5367e-07
0.0000e+00
2.0981e-05
1.2612e-04
0.0000e+00
2.0981e-05
9.5367e-07
0.0000e+00
2.2173e-05
3.8147e-06
0.0000e+00
2.0981e-05
8.7023e-05
0.0000e+00
2.0981e-05
9.5367e-07
5.0068e-06
1.1921e-06
9.5367e-07
0.0000e+00
2.1935e-05
9.5367e-07
0.0000e+00
2.8849e-05
2.1458e-06
0.0000e+00
2.1935e-05
9.5367e-07
0.0000e+00
2.0981e-05
1.1921e-06
0.0000e+00
2.0981e-05
9.5367e-07
0.0000e+00
2.0981e-05
0.0000e+00
0.0000e+00
2.0981e-05
0.0000e+00
5.0068e-06
0.0000e+00
2.2173e-05
0.0000e+00
2.1935e-05
9.5367e-07
0.0000e+00
2.7895e-05
9.5367e-07
0.0000e+00
2.0981e-05
9.5367e-07
9.8610e-04
9.5367e-07
0.0000e+00
0.0000e+00
2.3127e-05
9.5367e-07
0.0000e+00
2.0981e-05
1.1921e-06
0.0000e+00
2.1935e-05
9.5367e-07
0.0000e+00
2.0981e-05
0.0000e+00
0.0000e+00
2.1935e-05
1.9073e-06
0.0000e+00
3.4094e-05
9.5367e-07
0.0000e+00
2.2173e-05
9.5367e-07
0.0000e+00
2.5034e-05
9.5367e-07
0.0000e+00
2.0981e-05
3.0994e-06
0.0000e+00
2.1935e-05
1.1921e-06
1.2529e-03
0.0000e+00
2.1458e-06
1.7881e-05
0.0000e+00
0.0000e+00
0.0000e+00
2.4080e-05
0.0000e+00
2.6703e-04
0.0000e+00
0.0000e+00
0.0000e+00
3.2187e-05
9.5367e-07
0.0000e+00
2.2888e-05
9.5367e-07
0.0000e+00
2.1935e-05
0.0000e+00
0.0000e+00
2.2173e-05
9.5367e-07
0.0000e+00
2.1935e-05
9.5367e-07
0.0000e+00
2.2173e-05
1.1921e-06
0.0000e+00
2.0981e-05
9.5367e-07
2.1458e-06
0.0000e+00
7.8678e-06
0.0000e+00
2.1935e-05
2.1458e-06
0.0000e+00
2.2888e-05
0.0000e+00
0.0000e+00
2.1219e-05
9.5367e-07
0.0000e+00
2.4080e-05
9.5367e-07
0.0000e+00
2.0981e-05
1.2779e-04
0.0000e+00
2.1935e-05
0.0000e+00
4.0102e-04
0.0000e+00
0.0000e+00
1.9073e-06
0.0000e+00
9.5367e-07
0.0000e+00
2.1935e-05
9.5367e-07
0.0000e+00
3.0041e-05
7.5102e-05
0.0000e+00
2.1935e-05
0.0000e+00
5.6028e-05
0.0000e+00
9.5367e-07
9.5367e-07
0.0000e+00
5.0068e-06
0.0000e+00
2.1935e-05
9.5367e-07
0.0000e+00
2.1219e-05
9.5367e-07
0.0000e+00
2.1935e-05
9.5367e-07
0.0000e+00
2.0981e-05
9.5367e-07
0.0000e+00
2.4080e-05
1.1921e-06
1.9073e-06
0.0000e+00
5.0068e-06
0.0000e+00
2.3127e-05
9.5367e-07
1.7166e-05
9.5367e-07
9.5367e-07
0.0000e+00
2.1935e-05
1.1921e-06
0.0000e+00
2.0981e-05
9.5367e-07
0.0000e+00
2.2173e-05
9.5367e-07
0.0000e+00
2.0981e-05
0.0000e+00
0.0000e+00
2.0981e-05
0.0000e+00
0.0000e+00
2.7895e-05
2.1458e-06
0.0000e+00
2.1935e-05
1.1921e-06
0.0000e+00
2.1935e-05
9.5367e-07
0.0000e+00
2.2173e-05
1.1921e-06
0.0000e+00
2.0981e-05
8.4114e-04
0.0000e+00
2.1935e-05
7.1526e-06
0.0000e+00
2.0981e-05
1.9073e-06
1.2159e-05
0.0000e+00
1.0014e-05
0.0000e+00
2.1935e-05
1.9073e-06
0.0000e+00
2.3127e-05
3.8147e-06
0.0000e+00
2.0981e-05
9.5367e-07
0.0000e+00
2.1935e-05
2.1458e-06
0.0000e+00
2.0981e-05
2.3699e-04
0.0000e+00
2.0981e-05
9.5367e-07
7.2002e-05
0.0000e+00
0.0000e+00
0.0000e+00
2.1935e-05
1.1921e-06
0.0000e+00
2.0981e-05
9.5367e-07
0.0000e+00
2.1935e-05
9.5367e-07
2.1458e-06
0.0000e+00
5.9605e-06
9.5367e-07
0.0000e+00
9.5367e-07
0.0000e+00
2.1935e-05
3.0994e-06
0.0000e+00
2.5034e-05
7.2002e-05
0.0000e+00
2.1935e-05
1.8406e-04
0.0000e+00
2.1935e-05
2.1458e-06
1.9073e-06
0.0000e+00
9.5367e-07
2.1458e-06
0.0000e+00
9.5367e-07
0.0000e+00
3.0994e-05
9.5367e-07
0.0000e+00
2.1935e-05
1.1921e-06
0.0000e+00
2.1935e-05
9.5367e-07
0.0000e+00
2.2173e-05
5.9605e-06
0.0000e+00
2.0981e-05
2.1458e-06
0.0000e+00
2.0981e-05
0.0000e+00
0.0000e+00
2.1935e-05
1.1921e-06
5.1594e-04
0.0000e+00
1.1921e-06
1.9073e-06
9.5367e-07
9.5367e-07
0.0000e+00
3.2187e-05
9.5367e-07
0.0000e+00
2.1935e-05
9.5367e-07
2.8610e-06
0.0000e+00
1.0014e-05
0.0000e+00
2.1935e-05
1.0705e-04
1.9073e-06
0.0000e+00
2.1935e-05
1.4687e-04
1.1921e-06
9.5367e-07
0.0000e+00
2.1935e-05
9.5367e-07
0.0000e+00
2.0981e-05
1.1921e-06
0.0000e+00
2.0981e-05
9.5367e-07
0.0000e+00
3.2902e-05
9.5367e-07
0.0000e+00
2.0981e-05
9.5367e-07
0.0000e+00
2.1219e-05
5.0068e-06
0.0000e+00
2.1935e-05
4.0531e-06
0.0000e+00
2.0981e-05
5.0068e-06
0.0000e+00
2.2173e-05
6.0201e-04
0.0000e+00
2.1935e-05
2.1458e-06
9.5367e-07
0.0000e+00
2.0027e-05
0.0000e+00
3.0041e-05
1.1921e-06
0.0000e+00
2.1935e-05
9.5367e-07
3.0994e-06
9.5367e-07
9.5367e-07
0.0000e+00
2.1935e-05
9.5367e-07
1.5974e-05
0.0000e+00
1.4067e-05
0.0000e+00
2.2173e-05
9.5367e-07
0.0000e+00
2.1935e-05
2.1458e-06
1.9073e-06
9.5367e-07
9.5367e-07
0.0000e+00
2.0981e-05
9.5367e-07
0.0000e+00
2.9087e-05
9.5367e-07
0.0000e+00
2.2173e-05
7.4196e-04
0.0000e+00
2.1935e-05
9.5367e-07
0.0000e+00
2.0981e-05
9.5367e-07
4.0531e-06
0.0000e+00
1.0014e-05
3.2902e-04
0.0000e+00
9.5367e-07
0.0000e+00
2.2173e-05
9.5367e-07
0.0000e+00
2.2173e-05
3.8147e-06
0.0000e+00
2.0981e-05
9.5367e-07
0.0000e+00
2.3127e-05
9.5367e-07
0.0000e+00
2.0981e-05
9.5367e-07
0.0000e+00
2.0981e-05
0.0000e+00
0.0000e+00
2.0981e-05
9.5367e-07
0.0000e+00
2.2173e-05
8.7023e-05
1.9073e-06
0.0000e+00
9.5367e-07
0.0000e+00
2.2173e-05
1.9073e-06
2.5988e-05
1.1921e-06
9.5367e-07
2.8300e-04
0.0000e+00
0.0000e+00
0.0000e+00
3.0994e-05
9.5367e-07
1.9073e-06
0.0000e+00
0.0000e+00
0.0000e+00
2.1935e-05
9.5367e-07
0.0000e+00
2.0981e-05
0.0000e+00
9.5367e-07
0.0000e+00
9.5367e-07
0.0000e+00
2.2173e-05
0.0000e+00
0.0000e+00
2.0981e-05
0.0000e+00
0.0000e+00
2.0981e-05
1.5020e-05
0.0000e+00
2.1935e-05
5.8889e-04
0.0000e+00
2.3127e-05
9.5367e-07
0.0000e+00
2.0981e-05
1.1921e-06
1.9073e-06
9.5367e-07
1.0014e-05
0.0000e+00
2.2173e-05
9.5367e-07
0.0000e+00
2.1935e-05
3.0994e-06
0.0000e+00
2.0981e-05
1.3113e-05
0.0000e+00
2.1935e-05
2.1458e-06
0.0000e+00
2.0981e-05
1.1921e-06
4.4799e-04
0.0000e+00
9.5367e-07
0.0000e+00
2.1935e-05
9.5367e-07
0.0000e+00
2.1935e-05
0.0000e+00
0.0000e+00
2.0981e-05
9.5367e-07
0.0000e+00
2.2173e-05
2.8610e-06
1.1921e-05
0.0000e+00
9.5367e-07
0.0000e+00
2.1935e-05
9.5367e-07
0.0000e+00
2.0981e-05
2.7609e-04
0.0000e+00
3.0041e-05
9.5367e-07
0.0000e+00
2.2173e-05
9.5367e-07
2.1458e-06
9.5367e-07
5.0068e-06
0.0000e+00
2.0981e-05
9.5367e-07
2.1458e-06
9.5367e-07
2.0981e-05
1.9073e-06
0.0000e+00
2.0027e-05
0.0000e+00
2.2173e-05
8.8215e-06
0.0000e+00
2.0981e-05
3.3903e-04
1.9073e-06
9.5367e-07
2.0981e-05
0.0000e+00
2.2173e-05
9.5367e-07
9.5367e-07
0.0000e+00
1.0967e-05
0.0000e+00
2.3127e-05
9.5367e-07
0.0000e+00
2.1935e-05
9.5367e-07
0.0000e+00
2.1935e-05
9.5367e-07
0.0000e+00
2.1219e-05
3.8147e-06
0.0000e+00
2.0981e-05
9.5367e-07
0.0000e+00
2.1935e-05
1.1921e-06
0.0000e+00
2.0981e-05
0.0000e+00
0.0000e+00
2.9087e-05
8.2970e-05
0.0000e+00
2.1935e-05
9.5367e-07
0.0000e+00
2.0981e-05
1.9073e-06
2.0027e-05
0.0000e+00
1.9073e-06
9.0599e-06
9.5367e-07
1.3113e-05
9.5367e-07
0.0000e+00
2.7180e-05
0.0000e+00
2.1935e-05
1.1921e-06
0.0000e+00
2.1935e-05
5.1785e-04
0.0000e+00
2.1935e-05
9.5367e-07
0.0000e+00
3.0994e-05
1.1921e-06
0.0000e+00
2.2888e-05
4.0531e-06
1.5092e-04
0.0000e+00
1.1921e-06
1.9073e-06
0.0000e+00
9.5367e-07
0.0000e+00
2.3127e-05
0.0000e+00
0.0000e+00
2.0981e-05
1.1921e-06
0.0000e+00
2.1935e-05
9.5367e-07
0.0000e+00
2.0981e-05
0.0000e+00
2.1911e-04
0.0000e+00
0.0000e+00
2.2173e-05
0.0000e+00
9.5367e-07
1.9073e-06
1.1921e-06
9.5367e-07
0.0000e+00
2.3127e-05
0.0000e+00
0.0000e+00
2.1935e-05
9.5367e-07
0.0000e+00
2.2173e-05
9.5367e-07
0.0000e+00
2.0981e-05
9.5367e-07
0.0000e+00
2.1935e-05
0.0000e+00
8.6069e-05
0.0000e+00
9.5367e-07
0.0000e+00
2.1935e-05
0.0000e+00
9.5367e-07
0.0000e+00
5.0068e-06
3.3498e-04
1.1921e-06
9.5367e-07
0.0000e+00
2.3127e-05
1.9073e-06
0.0000e+00
2.2173e-05
9.5367e-07
0.0000e+00
2.0981e-05
9.5367e-07
0.0000e+00
2.0981e-05
0.0000e+00
0.0000e+00
2.0981e-05
9.5367e-07
0.0000e+00
2.0981e-05
3.9816e-05
0.0000e+00
2.2173e-05
2.8610e-06
2.1458e-06
9.5367e-07
2.0981e-05
0.0000e+00
2.9087e-05
1.9073e-06
9.5367e-07
0.0000e+00
1.7881e-05
0.0000e+00
2.2173e-05
5.0068e-06
0.0000e+00
2.3842e-05
3.9220e-04
1.9073e-06
0.0000e+00
2.0027e-05
0.0000e+00
2.1935e-05
0.0000e+00
0.0000e+00
2.0981e-05
9.5367e-07
0.0000e+00
2.1219e-05
1.1921e-06
0.0000e+00
2.7895e-05
7.2002e-05
9.5367e-07
0.0000e+00
2.0027e-05
0.0000e+00
2.3127e-05
7.8678e-06
0.0000e+00
2.1219e-05
9.5367e-07
0.0000e+00
2.0981e-05
9.5367e-07
0.0000e+00
2.0981e-05
9.5367e-07
0.0000e+00
2.0981e-05
9.5367e-07
0.0000e+00
2.2173e-05
9.5367e-07
0.0000e+00
2.0981e-05
9.5367e-07
0.0000e+00
2.1935e-05
1.1921e-06
0.0000e+00
2.1935e-05
9.5367e-07
3.0994e-06
0.0000e+00
1.5020e-05
0.0000e+00
2.1935e-05
9.5367e-07
0.0000e+00
2.3842e-05
1.1921e-06
5.8103e-04
0.0000e+00
0.0000e+00
9.5367e-07
0.0000e+00
1.1921e-06
0.0000e+00
2.1935e-05
9.5367e-07
1.4997e-04
0.0000e+00
0.0000e+00
0.0000e+00
3.0041e-05
9.5367e-07
1.1921e-06
0.0000e+00
1.0967e-05
0.0000e+00
2.2888e-05
1.1921e-06
1.9073e-06
9.5367e-07
9.5367e-07
0.0000e+00
2.2173e-05
9.5367e-07
0.0000e+00
2.0981e-05
1.3399e-04
0.0000e+00
2.1935e-05
9.5367e-07
0.0000e+00
2.1935e-05
9.5367e-07
1.1921e-06
0.0000e+00
1.9073e-06
0.0000e+00
3.0041e-05
9.5367e-07
0.0000e+00
2.1935e-05
1.9908e-04
1.9073e-06
9.5367e-07
2.0981e-05
0.0000e+00
2.2173e-05
9.5367e-07
0.0000e+00
2.0981e-05
9.5367e-07
0.0000e+00
2.0981e-05
9.5367e-07
0.0000e+00
2.1935e-05
9.5367e-07
0.0000e+00
2.1219e-05
9.5367e-07
0.0000e+00
2.6941e-05
2.1458e-06
0.0000e+00
2.1935e-05
9.5367e-07
0.0000e+00
2.0981e-05
1.1921e-06
0.0000e+00
2.0981e-05
9.5367e-07
4.7922e-05
0.0000e+00
0.0000e+00
4.8208e-04
0.0000e+00
0.0000e+00
0.0000e+00
2.1935e-05
1.1921e-06
9.5367e-07
0.0000e+00
5.0068e-06
0.0000e+00
2.2173e-05
9.5367e-07
1.1396e-04
0.0000e+00
1.1921e-06
0.0000e+00
3.0994e-05
9.5367e-07
1.1301e-04
0.0000e+00
0.0000e+00
0.0000e+00
2.1935e-05
0.0000e+00
0.0000e+00
2.0981e-05
0.0000e+00
0.0000e+00
2.0981e-05
9.5367e-07
0.0000e+00
2.1935e-05
9.5367e-07
0.0000e+00
2.2173e-05
9.5367e-07
0.0000e+00
2.0981e-05
1.8501e-04
0.0000e+00
2.9087e-05
1.9073e-06
0.0000e+00
2.5034e-05
9.5367e-07
4.0770e-05
0.0000e+00
0.0000e+00
1.9073e-06
0.0000e+00
1.1921e-06
0.0000e+00
2.1935e-05
9.5367e-07
0.0000e+00
2.1219e-05
9.5367e-07
0.0000e+00
2.1935e-05
9.5367e-07
1.7500e-04
0.0000e+00
0.0000e+00
0.0000e+00
2.1935e-05
9.5367e-07
2.1458e-06
9.5367e-07
1.1921e-06
0.0000e+00
2.2888e-05
9.5367e-07
0.0000e+00
2.2173e-05
9.5367e-07
0.0000e+00
2.0981e-05
9.5367e-07
0.0000e+00
2.0981e-05
9.5367e-07
0.0000e+00
2.0981e-05
9.5367e-07
0.0000e+00
2.1935e-05
0.0000e+00
0.0000e+00
2.0981e-05
9.5367e-07
3.9005e-04
9.5367e-07
9.5367e-07
0.0000e+00
3.3140e-05
9.5367e-07
0.0000e+00
2.1935e-05
1.1921e-06
0.0000e+00
2.0981e-05
9.5367e-07
1.3804e-04
0.0000e+00
0.0000e+00
0.0000e+00
2.1935e-05
9.5367e-07
0.0000e+00
2.0981e-05
0.0000e+00
9.5367e-07
0.0000e+00
5.9605e-06
0.0000e+00
2.2173e-05
1.9073e-06
0.0000e+00
2.0981e-05
9.5367e-07
0.0000e+00
2.1935e-05
9.5367e-07
0.0000e+00
2.0981e-05
0.0000e+00
0.0000e+00
2.0981e-05
1.1921e-06
0.0000e+00
2.1935e-05
9.5367e-07
0.0000e+00
2.1935e-05
3.4809e-04
0.0000e+00
2.0981e-05
2.1458e-06
0.0000e+00
2.1935e-05
9.5367e-07
1.0014e-05
0.0000e+00
9.5367e-07
1.5020e-05
0.0000e+00
9.0599e-06
0.0000e+00
2.3127e-05
1.1921e-06
0.0000e+00
2.2888e-05
2.8801e-04
1.9073e-06
0.0000e+00
2.0981e-05
1.9073e-06
0.0000e+00
2.8133e-05
0.0000e+00
2.1935e-05
1.9073e-06
0.0000e+00
2.0981e-05
9.5367e-07
0.0000e+00
2.0981e-05
9.5367e-07
0.0000e+00
2.1935e-05
9.5367e-07
1.8907e-04
8.1062e-06
0.0000e+00
0.0000e+00
2.2888e-05
9.5367e-07
2.8610e-06
0.0000e+00
2.8610e-06
0.0000e+00
2.1935e-05
9.5367e-07
0.0000e+00
2.0981e-05
1.1921e-06
8.8215e-06
1.1921e-06
1.1921e-05
0.0000e+00
2.0981e-05
5.9605e-06
0.0000e+00
2.1935e-05
9.5367e-07
0.0000e+00
2.0981e-05
9.5367e-07
0.0000e+00
2.7895e-05
1.1921e-06
0.0000e+00
2.1935e-05
9.5367e-07
0.0000e+00
2.5034e-05
9.5367e-07
0.0000e+00
2.0981e-05
0.0000e+00
0.0000e+00
2.0981e-05
1.5187e-04
1.9073e-06
9.5367e-07
2.0981e-05
0.0000e+00
2.2173e-05
0.0000e+00
1.0014e-05
0.0000e+00
1.0014e-05
0.0000e+00
2.1935e-05
9.5367e-07
0.0000e+00
2.1935e-05
9.5367e-07
2.1458e-06
0.0000e+00
1.0967e-05
0.0000e+00
2.1935e-05
1.1921e-06
4.7088e-04
9.5367e-07
1.1921e-06
0.0000e+00
2.0981e-05
9.5367e-07
0.0000e+00
2.1935e-05
1.1921e-06
2.8491e-04
0.0000e+00
0.0000e+00
0.0000e+00
2.1935e-05
9.5367e-07
0.0000e+00
2.1935e-05
9.5367e-07
0.0000e+00
2.2173e-05
9.5367e-07
0.0000e+00
2.1935e-05
9.5367e-07
0.0000e+00
2.1935e-05
2.8610e-06
2.1458e-06
9.5367e-07
9.5367e-07
0.0000e+00
2.3127e-05
9.5367e-07
0.0000e+00
2.0981e-05
9.5367e-07
3.4094e-05
0.0000e+00
0.0000e+00
0.0000e+00
2.2173e-05
9.5367e-07
0.0000e+00
3.0994e-05
9.5367e-07
0.0000e+00
2.1935e-05
9.5367e-07
4.8614e-04
0.0000e+00
0.0000e+00
0.0000e+00
2.2173e-05
0.0000e+00
0.0000e+00
2.1935e-05
9.5367e-07
2.1458e-06
0.0000e+00
0.0000e+00
1.1921e-06
0.0000e+00
0.0000e+00
2.4390e-04
0.0000e+00
1.1921e-06
1.9073e-06
0.0000e+00
0.0000e+00
0.0000e+00
2.2173e-05
0.0000e+00
0.0000e+00
2.0981e-05
9.5367e-07
0.0000e+00
2.1935e-05
9.5367e-07
0.0000e+00
2.1935e-05
9.5367e-07
0.0000e+00
2.0981e-05
9.5367e-07
3.0994e-06
0.0000e+00
9.5367e-07
0.0000e+00
2.2173e-05
9.5367e-07
0.0000e+00
2.0981e-05
9.5367e-07
1.2994e-04
9.5367e-07
9.5367e-07
0.0000e+00
2.1935e-05
0.0000e+00
0.0000e+00
2.8849e-05
1.1921e-06
0.0000e+00
2.1935e-05
9.5367e-07
0.0000e+00
2.1935e-05
1.1921e-06
0.0000e+00
2.0981e-05
2.9087e-04
0.0000e+00
2.1935e-05
9.5367e-07
0.0000e+00
2.0981e-05
0.0000e+00
0.0000e+00
2.0981e-05
9.5367e-07
0.0000e+00
2.0981e-05
9.5367e-07
0.0000e+00
2.3127e-05
9.5367e-07
0.0000e+00
2.0981e-05
3.1495e-04
0.0000e+00
2.2173e-05
9.5367e-07
0.0000e+00
2.0981e-05
0.0000e+00
1.0014e-05
0.0000e+00
2.8610e-06
2.4080e-05
0.0000e+00
0.0000e+00
1.6212e-05
0.0000e+00
1.9073e-06
0.0000e+00
2.1935e-05
1.9073e-06
2.0027e-05
0.0000e+00
9.5367e-07
0.0000e+00
2.7895e-05
1.1921e-06
0.0000e+00
2.2888e-05
9.5367e-07
0.0000e+00
2.1935e-05
9.5367e-07
0.0000e+00
2.0981e-05
9.5367e-07
0.0000e+00
2.1935e-05
9.5367e-07
0.0000e+00
2.0981e-05
0.0000e+00
5.9605e-06
0.0000e+00
1.5020e-05
0.0000e+00
2.2173e-05
9.5367e-07
4.2510e-04
9.5367e-07
9.5367e-07
0.0000e+00
3.0994e-05
9.5367e-07
0.0000e+00
2.2173e-05
0.0000e+00
2.1005e-04
0.0000e+00
0.0000e+00
1.9073e-05
0.0000e+00
9.5367e-07
1.4496e-04
0.0000e+00
0.0000e+00
0.0000e+00
2.2173e-05
0.0000e+00
0.0000e+00
2.0981e-05
0.0000e+00
0.0000e+00
2.0981e-05
0.0000e+00
0.0000e+00
2.0981e-05
0.0000e+00
0.0000e+00
3.0041e-05
9.5367e-07
0.0000e+00
2.1935e-05
3.0994e-06
0.0000e+00
2.1935e-05
9.5367e-07
0.0000e+00
2.2173e-05
9.5367e-07
1.9002e-04
0.0000e+00
9.5367e-07
5.0068e-05
9.5367e-07
9.5367e-07
2.1458e-06
0.0000e+00
0.0000e+00
0.0000e+00
2.1935e-05
1.1921e-06
0.0000e+00
2.0981e-05
9.5367e-07
0.0000e+00
2.8133e-05
9.5367e-07
0.0000e+00
2.3127e-05
2.8610e-06
4.1413e-04
0.0000e+00
9.5367e-07
0.0000e+00
2.3127e-05
9.5367e-07
0.0000e+00
2.0981e-05
1.1921e-06
0.0000e+00
2.0981e-05
9.5367e-07
0.0000e+00
2.1935e-05
3.0994e-06
0.0000e+00
2.1935e-05
9.5367e-07
0.0000e+00
2.0981e-05
4.0531e-06
0.0000e+00
2.2173e-05
9.5367e-07
0.0000e+00
2.1935e-05
3.0994e-06
0.0000e+00
2.1935e-05
0.0000e+00
0.0000e+00
2.0981e-05
1.9073e-06
0.0000e+00
2.0981e-05
0.0000e+00
0.0000e+00
2.0981e-05
9.5367e-07
0.0000e+00
2.1219e-05
1.1921e-06
0.0000e+00
2.9087e-05
2.1458e-06
2.1505e-04
0.0000e+00
0.0000e+00
2.4080e-05
0.0000e+00
0.0000e+00
9.5367e-07
0.0000e+00
9.5367e-07
0.0000e+00
2.2888e-05
9.5367e-07
0.0000e+00
2.0981e-05
9.5367e-07
0.0000e+00
2.1935e-05
9.5367e-07
0.0000e+00
2.2173e-05
9.5367e-07
8.1062e-06
9.5367e-07
9.5367e-07
0.0000e+00
2.1935e-05
9.5367e-07
9.5367e-07
0.0000e+00
0.0000e+00
0.0000e+00
2.5034e-05
9.5367e-07
3.6001e-05
9.5367e-07
1.1921e-06
1.9073e-06
9.5367e-07
4.0531e-06
0.0000e+00
2.1935e-05
9.5367e-07
0.0000e+00
2.0981e-05
2.0027e-05
0.0000e+00
2.0981e-05
1.1921e-06
0.0000e+00
2.0981e-05
9.0599e-06
0.0000e+00
2.1935e-05
2.1458e-06
0.0000e+00
3.0994e-05
1.9073e-06
0.0000e+00
2.3127e-05
9.9087e-04
0.0000e+00
2.2173e-05
7.5817e-05
2.1458e-06
0.0000e+00
6.6042e-05
0.0000e+00
2.2173e-05
4.1962e-05
1.0991e-04
0.0000e+00
0.0000e+00
4.0531e-06
0.0000e+00
1.8835e-05
0.0000e+00
2.2173e-05
8.2970e-05
0.0000e+00
2.1935e-05
4.8161e-05
0.0000e+00
2.9087e-05
6.1989e-05
1.0014e-05
0.0000e+00
5.6028e-05
2.1458e-06
0.0000e+00
6.4850e-05
0.0000e+00
2.3127e-05
4.2915e-05
0.0000e+00
2.2173e-05
4.6968e-05
0.0000e+00
2.0981e-05
4.3154e-05
0.0000e+00
2.0981e-05
2.3127e-05
0.0000e+00
2.0981e-05
4.6968e-05
1.1921e-06
9.5367e-07
6.3896e-05
0.0000e+00
3.0041e-05
1.9073e-06
0.0000e+00
2.2173e-05
9.5367e-07
2.1458e-06
9.5367e-07
6.3896e-05
0.0000e+00
2.2173e-05
4.4823e-05
0.0000e+00
2.2173e-05
4.4823e-05
2.1458e-06
0.0000e+00
6.2943e-05
0.0000e+00
2.1219e-05
7.1049e-05
5.0068e-06
0.0000e+00
6.0081e-05
9.5367e-07
0.0000e+00
6.5088e-05
9.5367e-07
0.0000e+00
6.3896e-05
9.5367e-07
0.0000e+00
6.3896e-05
0.0000e+00
3.0994e-05
3.5048e-05
0.0000e+00
2.1935e-05
4.2200e-05
0.0000e+00
2.0981e-05
6.0081e-05
0.0000e+00
2.0981e-05
4.6968e-05
2.1458e-06
9.5367e-07
6.3896e-05
0.0000e+00
2.2173e-05
5.0068e-06
0.0000e+00
2.1935e-05
9.5367e-07
0.0000e+00
2.0981e-05
4.1008e-05
2.1458e-06
0.0000e+00
5.7936e-05
0.0000e+00
2.1935e-05
5.0068e-05
0.0000e+00
2.1935e-05
4.4107e-05
0.0000e+00
2.2888e-05
1.8120e-05
0.0000e+00
2.0981e-05
4.6968e-05
0.0000e+00
2.0981e-05
4.3869e-05
1.3518e-04
9.5367e-07
9.5367e-07
0.0000e+00
2.1935e-05
1.1921e-06
0.0000e+00
2.1935e-05
9.5367e-07
9.2983e-05
0.0000e+00
0.0000e+00
0.0000e+00
2.3127e-05
9.5367e-07
0.0000e+00
2.2173e-05
9.5367e-07
0.0000e+00
2.0981e-05
1.9073e-06
2.1458e-06
0.0000e+00
6.8903e-05
0.0000e+00
2.2173e-05
4.4823e-05
0.0000e+00
2.2173e-05
4.5061e-05
0.0000e+00
2.1935e-05
4.2915e-05
0.0000e+00
2.2173e-05
9.5367e-07
0.0000e+00
2.3127e-05
9.5367e-07
0.0000e+00
2.4080e-05
4.2915e-05
0.0000e+00
2.2173e-05
4.1962e-05
9.5367e-07
0.0000e+00
6.3896e-05
9.5367e-07
0.0000e+00
8.4877e-05
0.0000e+00
2.1935e-05
4.6968e-05
0.0000e+00
2.0981e-05
4.5061e-05
0.0000e+00
2.0981e-05
4.6015e-05
2.1458e-06
0.0000e+00
5.6028e-05
0.0000e+00
2.3127e-05
7.4863e-05
0.0000e+00
2.2173e-05
4.4823e-05
2.1458e-06
9.5367e-07
6.5088e-05
1.9073e-06
0.0000e+00
8.2016e-05
0.0000e+00
2.1935e-05
7.8678e-06
0.0000e+00
2.0981e-05
4.6015e-05
1.9073e-06
9.5367e-07
6.1989e-05
1.9073e-06
0.0000e+00
6.3896e-05
0.0000e+00
2.1935e-05
4.2915e-05
0.0000e+00
2.9087e-05
3.6955e-05
0.0000e+00
2.1935e-05
4.4107e-05
0.0000e+00
2.1935e-05
6.4135e-05
7.8678e-06
0.0000e+00
5.7936e-05
0.0000e+00
2.1935e-05
4.5061e-05
7.1526e-06
9.5367e-07
5.7936e-05
0.0000e+00
2.2173e-05
4.3869e-05
0.0000e+00
2.0981e-05
9.5367e-07
0.0000e+00
2.1935e-05
4.1962e-05
4.7684e-06
7.1526e-06
1.0014e-05
0.0000e+00
2.2888e-05
2.8610e-06
0.0000e+00
2.1935e-05
7.2956e-05
0.0000e+00
2.1935e-05
4.5061e-05
0.0000e+00
2.1935e-05
4.4107e-05
0.0000e+00
2.0981e-05
4.4107e-05
0.0000e+00
2.0981e-05
4.4107e-05
2.1458e-06
0.0000e+00
6.1989e-05
0.0000e+00
2.1935e-05
3.2902e-05
0.0000e+00
2.2888e-05
9.5367e-07
0.0000e+00
2.1935e-05
6.1035e-05
0.0000e+00
2.1935e-05
4.4107e-05
0.0000e+00
2.1935e-05
4.4107e-05
9.5367e-07
0.0000e+00
6.3181e-05
0.0000e+00
2.1935e-05
3.0994e-06
0.0000e+00
2.0981e-05
9.5367e-07
3.0994e-06
0.0000e+00
5.9128e-05
0.0000e+00
2.9802e-05
4.4107e-05
5.0068e-06
9.5367e-07
1.1921e-05
1.3185e-04
0.0000e+00
0.0000e+00
0.0000e+00
2.1935e-05
5.9605e-06
2.1458e-06
0.0000e+00
6.6042e-05
0.0000e+00
2.1935e-05
4.5061e-05
0.0000e+00
2.1935e-05
4.4107e-05
1.9073e-06
9.5367e-07
6.6996e-05
5.0068e-06
9.5367e-07
5.9128e-05
0.0000e+00
2.1935e-05
1.1921e-06
0.0000e+00
2.1935e-05
3.0994e-05
0.0000e+00
2.1935e-05
6.2943e-05
9.5367e-07
0.0000e+00
6.6996e-05
1.9073e-06
1.1921e-06
6.3896e-05
0.0000e+00
2.1935e-05
4.0531e-06
2.1458e-06
0.0000e+00
7.2956e-05
1.9073e-06
0.0000e+00
6.6996e-05
0.0000e+00
2.1935e-05
9.5367e-07
0.0000e+00
2.0981e-05
3.7909e-05
0.0000e+00
2.0981e-05
6.1989e-05
0.0000e+00
2.9802e-05
5.2929e-05
0.0000e+00
2.1935e-05
4.6968e-05
0.0000e+00
2.2173e-05
9.5367e-07
0.0000e+00
2.1935e-05
4.0054e-05
0.0000e+00
2.0981e-05
4.2915e-05
0.0000e+00
2.1935e-05
1.1921e-06
0.0000e+00
2.0981e-05
4.0054e-05
1.9073e-06
0.0000e+00
6.4135e-05
0.0000e+00
2.8849e-05
3.9101e-05
0.0000e+00
2.0981e-05
6.1989e-05
0.0000e+00
2.0981e-05
5.1975e-05
0.0000e+00
2.1935e-05
4.2915e-05
4.0054e-05
0.0000e+00
2.6941e-05
0.0000e+00
2.1935e-05
1.9073e-06
0.0000e+00
2.1935e-05
6.0081e-05
2.8610e-06
0.0000e+00
6.1989e-05
9.5367e-07
0.0000e+00
6.4135e-05
0.0000e+00
3.0041e-05
5.7936e-05
0.0000e+00
2.0981e-05
4.4107e-05
0.0000e+00
2.0981e-05
4.3154e-05
1.9073e-06
0.0000e+00
6.1989e-05
9.5367e-07
0.0000e+00
6.4850e-05
5.9605e-06
0.0000e+00
1.8835e-05
0.0000e+00
2.2173e-05
4.3869e-05
6.9141e-05
9.5367e-07
4.0531e-06
0.0000e+00
2.0981e-05
6.4135e-05
5.9605e-06
0.0000e+00
1.1921e-05
0.0000e+00
2.1935e-05
1.1921e-06
0.0000e+00
2.1935e-05
7.7963e-05
2.1458e-06
0.0000e+00
9.2030e-05
0.0000e+00
2.1935e-05
4.4107e-05
0.0000e+00
2.0981e-05
1.1921e-06
0.0000e+00
2.1935e-05
2.8610e-06
0.0000e+00
2.0981e-05
4.6015e-05
0.0000e+00
2.1935e-05
4.5061e-05
0.0000e+00
2.1935e-05
5.8889e-05
9.5367e-07
0.0000e+00
6.4850e-05
0.0000e+00
2.1935e-05
4.2915e-05
0.0000e+00
2.0981e-05
9.5367e-07
1.9073e-05
0.0000e+00
5.1975e-05
0.0000e+00
2.5034e-05
4.0054e-05
0.0000e+00
2.0981e-05
4.3869e-05
0.0000e+00
2.0981e-05
4.3869e-05
0.0000e+00
2.1935e-05
6.5088e-05
5.1022e-05
0.0000e+00
5.9605e-06
9.5367e-07
9.5367e-07
6.2943e-05
0.0000e+00
2.2888e-05
4.3154e-05
0.0000e+00
2.0981e-05
4.6968e-05
0.0000e+00
2.2173e-05
4.4823e-05
0.0000e+00
2.2173e-05
4.4823e-05
0.0000e+00
2.2173e-05
9.5367e-07
1.9073e-06
0.0000e+00
7.7009e-05
0.0000e+00
2.0981e-05
4.6015e-05
0.0000e+00
2.9087e-05
9.5367e-07
3.0994e-06
0.0000e+00
1.2875e-05
1.2875e-05
0.0000e+00
5.2929e-05
0.0000e+00
2.3127e-05
9.5367e-07
1.9073e-06
0.0000e+00
6.1989e-05
5.0068e-06
1.1921e-06
1.1921e-05
0.0000e+00
2.1935e-05
8.1062e-06
3.0994e-06
0.0000e+00
1.0967e-05
4.0531e-06
0.0000e+00
1.0967e-05
0.0000e+00
2.1935e-05
1.6928e-05
0.0000e+00
2.2173e-05
6.9141e-05
0.0000e+00
3.0994e-05
9.5367e-07
5.0068e-06
9.5367e-07
1.3113e-05
4.0531e-06
0.0000e+00
1.1921e-05
0.0000e+00
2.2173e-05
4.3869e-05
0.0000e+00
2.1935e-05
4.5061e-05
1.9073e-06
0.0000e+00
6.4135e-05
0.0000e+00
2.0981e-05
4.4107e-05
2.7084e-04
9.5367e-07
1.1921e-06
1.7095e-04
0.0000e+00
0.0000e+00
3.0994e-06
0.0000e+00
0.0000e+00
0.0000e+00
2.2173e-05
1.1921e-06
0.0000e+00
2.1935e-05
0.0000e+00
4.9114e-05
0.0000e+00
0.0000e+00
0.0000e+00
2.2173e-05
9.5367e-07
0.0000e+00
2.0981e-05
9.5367e-07
0.0000e+00
2.2173e-05
9.5367e-07
1.9073e-06
0.0000e+00
7.7009e-05
0.0000e+00
2.1935e-05
2.0599e-04
0.0000e+00
2.1935e-05
4.3869e-05
4.0531e-06
9.5367e-07
1.9073e-05
0.0000e+00
3.0041e-05
9.5367e-07
0.0000e+00
2.2173e-05
8.5831e-05
1.9073e-06
0.0000e+00
6.6042e-05
0.0000e+00
2.1935e-05
4.4107e-05
0.0000e+00
2.0981e-05
4.4107e-05
0.0000e+00
2.0981e-05
6.3181e-05
0.0000e+00
2.0981e-05
4.6015e-05
0.0000e+00
2.0981e-05
4.6015e-05
2.1458e-06
0.0000e+00
5.8889e-05
1.1921e-06
0.0000e+00
6.2943e-05
5.9605e-06
0.0000e+00
5.8889e-05
0.0000e+00
2.3127e-05
4.3869e-05
5.0068e-06
9.5367e-07
6.1035e-05
0.0000e+00
2.1935e-05
5.8889e-05
0.0000e+00
2.0981e-05
5.1022e-05
5.0068e-06
0.0000e+00
5.9843e-05
7.1526e-06
0.0000e+00
5.7936e-05
0.0000e+00
2.1935e-05
4.1962e-05
0.0000e+00
2.1935e-05
3.6955e-05
0.0000e+00
2.2888e-05
4.1008e-05
0.0000e+00
2.0981e-05
6.1035e-05
0.0000e+00
2.1935e-05
4.6968e-05
0.0000e+00
2.2173e-05
4.3869e-05
0.0000e+00
2.2173e-05
4.3869e-05
0.0000e+00
2.2173e-05
4.6015e-05
0.0000e+00
2.0981e-05
4.4107e-05
0.0000e+00
2.1935e-05
3.6955e-05
1.9073e-06
0.0000e+00
6.7949e-05
0.0000e+00
2.4796e-05
6.0081e-05
0.0000e+00
2.0981e-05
5.0068e-06
0.0000e+00
2.1219e-05
4.7922e-05
0.0000e+00
2.0981e-05
4.4107e-05
9.5367e-07
0.0000e+00
6.3181e-05
0.0000e+00
2.1935e-05
4.2915e-05
0.0000e+00
2.0981e-05
9.5367e-07
9.0599e-06
0.0000e+00
4.3869e-05
0.0000e+00
2.3127e-05
5.9843e-05
5.0068e-06
0.0000e+00
1.6928e-05
0.0000e+00
2.1935e-05
4.7207e-05
9.5367e-07
9.5367e-07
6.4135e-05
0.0000e+00
2.1935e-05
4.5061e-05
0.0000e+00
2.0981e-05
4.4107e-05
0.0000e+00
2.0981e-05
5.1022e-05
9.5367e-07
0.0000e+00
6.3896e-05
0.0000e+00
2.2173e-05
2.1458e-06
0.0000e+00
2.2888e-05
9.0599e-06
0.0000e+00
2.1935e-05
4.7922e-05
0.0000e+00
2.0981e-05
2.8610e-06
0.0000e+00
2.2173e-05
4.3869e-05
2.1458e-06
0.0000e+00
6.1989e-05
0.0000e+00
2.0981e-05
4.3154e-05
0.0000e+00
2.0981e-05
4.3154e-05
5.0068e-06
0.0000e+00
1.1921e-05
0.0000e+00
2.9087e-05
3.7909e-05
1.3208e-04
0.0000e+00
9.5367e-07
0.0000e+00
2.2173e-05
5.9605e-06
0.0000e+00
2.1935e-05
4.3154e-05
0.0000e+00
2.1935e-05
9.5367e-07
0.0000e+00
2.1935e-05
4.8876e-05
0.0000e+00
2.2173e-05
4.6968e-05
2.8610e-06
9.5367e-07
6.1989e-05
0.0000e+00
2.1935e-05
9.5367e-07
0.0000e+00
3.0041e-05
3.0041e-05
0.0000e+00
2.1935e-05
6.9141e-05
0.0000e+00
2.0981e-05
4.8161e-05
0.0000e+00
2.1935e-05
4.4107e-05
0.0000e+00
2.0981e-05
4.4107e-05
5.0068e-06
0.0000e+00
6.0081e-05
0.0000e+00
2.0981e-05
4.0531e-06
0.0000e+00
2.1935e-05
4.5061e-05
9.5367e-07
0.0000e+00
5.6982e-05
0.0000e+00
2.2888e-05
1.1921e-06
0.0000e+00
2.1935e-05
5.5075e-05
3.0994e-06
0.0000e+00
7.0810e-05
7.1526e-06
9.5367e-07
5.8889e-05
0.0000e+00
2.1935e-05
4.3869e-05
0.0000e+00
2.1935e-05
4.3869e-05
0.0000e+00
2.2173e-05
4.3869e-05
0.0000e+00
2.2173e-05
4.3869e-05
0.0000e+00
3.0041e-05
5.1975e-05
0.0000e+00
2.2173e-05
4.6015e-05
0.0000e+00
2.1935e-05
4.6015e-05
0.0000e+00
2.1935e-05
4.3154e-05
0.0000e+00
2.0981e-05
4.2915e-05
0.0000e+00
2.1935e-05
4.5061e-05
1.9073e-06
9.5367e-07
6.1989e-05
0.0000e+00
2.0981e-05
4.2915e-05
0.0000e+00
2.8133e-05
6.0081e-05
0.0000e+00
2.4080e-05
4.2915e-05
0.0000e+00
2.1935e-05
4.3154e-05
0.0000e+00
2.0981e-05
4.5061e-05
0.0000e+00
2.1935e-05
4.6015e-05
1.9073e-06
0.0000e+00
6.3181e-05
5.0068e-06
0.0000e+00
5.8889e-05
6.1989e-06
0.0000e+00
2.0027e-05
0.0000e+00
2.1935e-05
6.4135e-05
1.9073e-06
9.5367e-07
6.4135e-05
0.0000e+00
3.0041e-05
1.9073e-06
2.1458e-06
0.0000e+00
5.2929e-05
4.0531e-06
0.0000e+00
6.1035e-05
0.0000e+00
2.1935e-05
4.4107e-05
5.0068e-06
0.0000e+00
1.1921e-05
0.0000e+00
2.2173e-05
9.5367e-07
0.0000e+00
2.0981e-05
5.1022e-05
1.5402e-04
1.1921e-06
9.5367e-07
0.0000e+00
2.1935e-05
9.5367e-07
0.0000e+00
2.1935e-05
9.0599e-06
0.0000e+00
2.3127e-05
4.1962e-05
9.5367e-07
0.0000e+00
6.1989e-05
5.9605e-06
0.0000e+00
1.7166e-05
1.9073e-06
9.5367e-07
6.6042e-05
4.0531e-06
9.5367e-07
6.1035e-05
0.0000e+00
2.0981e-05
5.8889e-05
9.5367e-07
1.1921e-06
6.6996e-05
0.0000e+00
2.1935e-05
4.7922e-05
0.0000e+00
2.1935e-05
4.3869e-05
0.0000e+00
2.1935e-05
4.4823e-05
0.0000e+00
2.3127e-05
4.0531e-06
3.0994e-06
0.0000e+00
6.1989e-05
5.0068e-06
0.0000e+00
1.1206e-05
0.0000e+00
2.1935e-05
4.4107e-05
0.0000e+00
2.0981e-05
6.1989e-05
0.0000e+00
2.0981e-05
4.3869e-05
0.0000e+00
2.1935e-05
4.4107e-05
0.0000e+00
2.0981e-05
4.3154e-05
0.0000e+00
3.0041e-05
3.4094e-05
2.2888e-05
9.5367e-07
4.1008e-05
9.5367e-07
0.0000e+00
6.1989e-05
2.1458e-06
0.0000e+00
7.7963e-05
0.0000e+00
2.2173e-05
4.3869e-05
0.0000e+00
2.2173e-05
4.3869e-05
0.0000e+00
2.1219e-05
5.1022e-05
9.5367e-07
0.0000e+00
5.9843e-05
0.0000e+00
2.1935e-05
4.0531e-06
0.0000e+00
2.1935e-05
4.6968e-05
0.0000e+00
3.0041e-05
3.6955e-05
0.0000e+00
2.0981e-05
6.2943e-05
0.0000e+00
2.1935e-05
4.6015e-05
0.0000e+00
2.0981e-05
4.3869e-05
0.0000e+00
2.0981e-05
4.2915e-05
0.0000e+00
2.0981e-05
4.6015e-05
0.0000e+00
2.0981e-05
4.6968e-05
1.9073e-06
1.1921e-06
6.3896e-05
0.0000e+00
2.9087e-05
3.6955e-05
5.9605e-06
9.5367e-07
2.5034e-05
0.0000e+00
2.2173e-05
5.1975e-05
0.0000e+00
2.1935e-05
4.5061e-05
9.0599e-06
0.0000e+00
5.3883e-05
0.0000e+00
2.1219e-05
9.5367e-07
1.0014e-05
0.0000e+00
5.5075e-05
0.0000e+00
2.0981e-05
9.5367e-07
0.0000e+00
2.1935e-05
4.1962e-05
0.0000e+00
2.9802e-05
3.3855e-05
0.0000e+00
2.2173e-05
6.2943e-05
1.9073e-06
1.1921e-06
6.5804e-05
0.0000e+00
2.2173e-05
4.2915e-05
0.0000e+00
2.2173e-05
4.2915e-05
0.0000e+00
2.0981e-05
4.2915e-05
9.5367e-07
0.0000e+00
6.5804e-05
0.0000e+00
2.0981e-05
9.5367e-07
1.9073e-06
1.1921e-06
6.4850e-05
2.1458e-06
9.5367e-07
8.3923e-05
0.0000e+00
2.3127e-05
4.4107e-05
3.8147e-06
0.0000e+00
6.0797e-05
0.0000e+00
2.1935e-05
4.5061e-05
0.0000e+00
2.1935e-05
4.7922e-05
0.0000e+00
2.0981e-05
9.5367e-07
0.0000e+00
2.0981e-05
4.6015e-05
2.1458e-06
9.5367e-07
6.3896e-05
9.5367e-07
0.0000e+00
7.8917e-05
6.1989e-06
0.0000e+00
6.1989e-05
5.9605e-06
0.0000e+00
6.1989e-05
0.0000e+00
3.0041e-05
3.6001e-05
0.0000e+00
2.1935e-05
4.6968e-05
0.0000e+00
2.1935e-05
5.0068e-05
0.0000e+00
2.0981e-05
4.5776e-05
5.0068e-06
0.0000e+00
1.9073e-05
0.0000e+00
2.2888e-05
6.2943e-05
6.1989e-06
9.5367e-07
6.3896e-05
1.9073e-06
0.0000e+00
6.1989e-05
3.0994e-06
0.0000e+00
6.1989e-05
0.0000e+00
2.4080e-05
2.1458e-06
0.0000e+00
2.1935e-05
9.5367e-07
0.0000e+00
2.2173e-05
9.5367e-07
0.0000e+00
2.1935e-05
9.5367e-07
0.0000e+00
2.0981e-05
3.0041e-05
0.0000e+00
2.0981e-05
4.4107e-05
0.0000e+00
2.0981e-05
6.0081e-05
0.0000e+00
2.0981e-05
4.0531e-06
1.0967e-05
0.0000e+00
5.1022e-05
0.0000e+00
2.2888e-05
4.2200e-05
0.0000e+00
2.1935e-05
5.1975e-05
0.0000e+00
2.2173e-05
4.1962e-05
0.0000e+00
2.0981e-05
4.3154e-05
0.0000e+00
2.1935e-05
4.5061e-05
0.0000e+00
2.1935e-05
9.5367e-07
0.0000e+00
2.0981e-05
5.9843e-05
5.0068e-06
0.0000e+00
1.6928e-05
5.0068e-06
7.8678e-06
3.8147e-06
0.0000e+00
2.2888e-05
5.0068e-05
3.2115e-04
9.5367e-07
9.5367e-07
0.0000e+00
2.0981e-05
7.1526e-06
0.0000e+00
2.0981e-05
9.5367e-07
2.1458e-06
0.0000e+00
1.2159e-05
0.0000e+00
2.1935e-05
5.2929e-05
0.0000e+00
2.2173e-05
4.4823e-05
0.0000e+00
2.2173e-05
6.1035e-05
0.0000e+00
3.0041e-05
3.8862e-05
0.0000e+00
2.2173e-05
4.2915e-05
0.0000e+00
2.0981e-05
4.3154e-05
0.0000e+00
2.0981e-05
4.8161e-05
6.9141e-06
0.0000e+00
5.6028e-05
0.0000e+00
2.1935e-05
4.3869e-05
0.0000e+00
2.0981e-05
4.2915e-05
0.0000e+00
2.0981e-05
5.7936e-05
0.0000e+00
2.8849e-05
3.6955e-05
0.0000e+00
2.1935e-05
4.3154e-05
0.0000e+00
2.1935e-05
4.2915e-05
0.0000e+00
2.0981e-05
5.0068e-05
0.0000e+00
2.1935e-05
4.1962e-05
3.0994e-06
0.0000e+00
6.4135e-05
0.0000e+00
2.1935e-05
9.5367e-07
0.0000e+00
2.0981e-05
5.9843e-05
0.0000e+00
3.3855e-05
3.2187e-05
0.0000e+00
2.1935e-05
3.7909e-05
0.0000e+00
2.0981e-05
9.5367e-07
0.0000e+00
2.0981e-05
3.6955e-05
0.0000e+00
2.0981e-05
4.6015e-05
0.0000e+00
2.1935e-05
4.3869e-05
0.0000e+00
2.0981e-05
9.5367e-07
0.0000e+00
2.1935e-05
3.3140e-05
0.0000e+00
2.1935e-05
5.8174e-05
0.0000e+00
2.1935e-05
4.7922e-05
0.0000e+00
2.2173e-05
5.1022e-05
1.9073e-06
9.5367e-07
6.1989e-05
0.0000e+00
2.2888e-05
4.1962e-05
0.0000e+00
2.0981e-05
4.2915e-05
0.0000e+00
2.1935e-05
4.4823e-05
0.0000e+00
2.0981e-05
4.1962e-05
0.0000e+00
3.0994e-05
6.2943e-05
0.0000e+00
2.1935e-05
4.4107e-05
0.0000e+00
2.0981e-05
4.3869e-05
0.0000e+00
2.0981e-05
4.3869e-05
0.0000e+00
2.2173e-05
4.2915e-05
0.0000e+00
2.0981e-05
4.4107e-05
5.9605e-06
0.0000e+00
1.8120e-05
0.0000e+00
2.1935e-05
9.5367e-07
0.0000e+00
2.9087e-05
4.6968e-05
0.0000e+00
2.1935e-05
4.0531e-06
0.0000e+00
2.0981e-05
4.3869e-05
0.0000e+00
2.2173e-05
9.5367e-07
1.9288e-04
0.0000e+00
1.1921e-06
0.0000e+00
2.1935e-05
0.0000e+00
0.0000e+00
2.0981e-05
9.5367e-07
0.0000e+00
2.0981e-05
9.5367e-07
0.0000e+00
3.0994e-05
3.3140e-05
4.0531e-06
9.5367e-07
1.1921e-05
0.0000e+00
2.2173e-05
6.3896e-05
0.0000e+00
2.2173e-05
4.5776e-05
2.1458e-06
0.0000e+00
6.1989e-05
0.0000e+00
2.2173e-05
4.2915e-05
0.0000e+00
2.2173e-05
4.3154e-05
0.0000e+00
2.1935e-05
9.5367e-07
1.9073e-06
0.0000e+00
6.0081e-05
0.0000e+00
2.9087e-05
4.5061e-05
1.1921e-06
0.0000e+00
8.2016e-05
0.0000e+00
2.2888e-05
4.4107e-05
0.0000e+00
2.1935e-05
4.3869e-05
0.0000e+00
2.0981e-05
4.2915e-05
1.3900e-04
0.0000e+00
9.5367e-07
2.1458e-06
0.0000e+00
9.5367e-07
4.8161e-05
0.0000e+00
5.0068e-06
0.0000e+00
2.2888e-05
4.0531e-06
0.0000e+00
2.1935e-05
6.3181e-05
0.0000e+00
3.0041e-05
3.6001e-05
0.0000e+00
2.1935e-05
4.4107e-05
1.1301e-04
9.5367e-07
9.5367e-07
1.9073e-06
1.1921e-06
1.5020e-05
2.5988e-05
0.0000e+00
4.6968e-05
0.0000e+00
2.4080e-05
4.1962e-05
1.9073e-06
9.5367e-07
8.0109e-05
0.0000e+00
2.1935e-05
4.0531e-06
0.0000e+00
2.1935e-05
4.6015e-05
2.1458e-06
9.5367e-07
6.2943e-05
1.1921e-06
9.5367e-07
5.6028e-05
0.0000e+00
2.2173e-05
4.5061e-05
1.9073e-06
0.0000e+00
6.3181e-05
0.0000e+00
2.1935e-05
4.6015e-05
0.0000e+00
2.0981e-05
9.5367e-07
5.9605e-06
0.0000e+00
7.0095e-05
0.0000e+00
2.1935e-05
4.6015e-05
0.0000e+00
2.2173e-05
2.0194e-04
2.1458e-06
0.0000e+00
6.4850e-05
7.1526e-06
0.0000e+00
5.6028e-05
0.0000e+00
2.1935e-05
1.9073e-06
0.0000e+00
2.2173e-05
3.0041e-05
0.0000e+00
2.1935e-05
4.4107e-05
0.0000e+00
2.1935e-05
4.6015e-05
6.9141e-06
1.1921e-06
7.8917e-05
1.9073e-06
1.1921e-06
6.4850e-05
2.5034e-05
9.5367e-07
4.1962e-05
0.0000e+00
2.2173e-05
4.2915e-05
2.1458e-06
9.5367e-07
6.3181e-05
0.0000e+00
2.2888e-05
1.1921e-06
0.0000e+00
2.7895e-05
9.5367e-07
9.5367e-07
0.0000e+00
6.9141e-05
0.0000e+00
2.1935e-05
6.2943e-05
0.0000e+00
2.1935e-05
4.6968e-05
0.0000e+00
2.0981e-05
4.5061e-05
5.0068e-06
0.0000e+00
1.9789e-05
0.0000e+00
2.1935e-05
4.5061e-05
0.0000e+00
2.0981e-05
4.6968e-05
0.0000e+00
2.2173e-05
3.6955e-05
0.0000e+00
2.3127e-05
1.9073e-06
1.3113e-05
0.0000e+00
4.6015e-05
0.0000e+00
2.1935e-05
7.2956e-05
2.1458e-06
9.5367e-07
6.6996e-05
0.0000e+00
2.1935e-05
4.3154e-05
0.0000e+00
2.1935e-05
4.0531e-06
0.0000e+00
2.1935e-05
5.1975e-05
2.8610e-06
9.5367e-07
6.5088e-05
0.0000e+00
2.3127e-05
3.5048e-05
0.0000e+00
2.3127e-05
4.1962e-05
0.0000e+00
2.1935e-05
4.7207e-05
1.9073e-06
0.0000e+00
8.2970e-05
0.0000e+00
2.0981e-05
4.6015e-05
0.0000e+00
2.1935e-05
4.4107e-05
2.0981e-05
0.0000e+00
4.5061e-05
5.9605e-06
0.0000e+00
1.9073e-05
0.0000e+00
2.1935e-05
4.4107e-05
0.0000e+00
2.1935e-05
4.4107e-05
0.0000e+00
2.8849e-05
3.6001e-05
0.0000e+00
2.0981e-05
5.8889e-05
0.0000e+00
2.2173e-05
5.4121e-05
0.0000e+00
2.1935e-05
4.0054e-05
0.0000e+00
2.1935e-05
4.3154e-05
5.0068e-06
0.0000e+00
1.7166e-05
0.0000e+00
2.1935e-05
4.6015e-05
0.0000e+00
2.1935e-05
9.5367e-07
0.0000e+00
2.9802e-05
3.5048e-05
0.0000e+00
2.1935e-05
4.3869e-05
0.0000e+00
2.1935e-05
6.4850e-05
0.0000e+00
2.2173e-05
4.6968e-05
1.9073e-06
9.5367e-07
6.4135e-05
0.0000e+00
2.1935e-05
4.4107e-05
0.0000e+00
2.0981e-05
4.4107e-05
0.0000e+00
2.1935e-05
4.4107e-05
0.0000e+00
2.8849e-05
3.8147e-05
0.0000e+00
2.1935e-05
6.6996e-05
0.0000e+00
2.2173e-05
1.9073e-06
0.0000e+00
2.1935e-05
5.9605e-06
0.0000e+00
2.0981e-05
1.0586e-04
9.5367e-07
0.0000e+00
6.6996e-05
0.0000e+00
2.1935e-05
4.3869e-05
0.0000e+00
2.2173e-05
4.3869e-05
0.0000e+00
3.0994e-05
9.5367e-07
1.9073e-06
0.0000e+00
4.9114e-05
0.0000e+00
2.2888e-05
1.1921e-06
0.0000e+00
2.1935e-05
9.5367e-07
0.0000e+00
2.0981e-05
6.1035e-05
0.0000e+00
2.0981e-05
1.3089e-04
0.0000e+00
2.0981e-05
4.7922e-05
1.1921e-06
9.5367e-07
7.1049e-05
0.0000e+00
2.5988e-05
1.9073e-06
4.0531e-06
0.0000e+00
4.7922e-05
0.0000e+00
2.2888e-05
4.2915e-05
5.0068e-06
0.0000e+00
1.5974e-05
0.0000e+00
2.2173e-05
9.5367e-07
0.0000e+00
2.0981e-05
4.1962e-05
9.7036e-05
0.0000e+00
0.0000e+00
0.0000e+00
2.1935e-05
3.5048e-05
0.0000e+00
2.1935e-05
1.1921e-06
0.0000e+00
2.1935e-05
4.2915e-05
0.0000e+00
3.0041e-05
3.6955e-05
0.0000e+00
2.1935e-05
4.3869e-05
0.0000e+00
2.1935e-05
9.5367e-07
0.0000e+00
2.2173e-05
3.7909e-05
0.0000e+00
2.0981e-05
2.0027e-05
0.0000e+00
2.2173e-05
1.0014e-05
0.0000e+00
2.0981e-05
1.1301e-04
4.0531e-06
9.5367e-07
1.0014e-05
0.0000e+00
3.0994e-05
3.8147e-05
0.0000e+00
2.1935e-05
4.6015e-05
0.0000e+00
2.1935e-05
4.2915e-05
0.0000e+00
2.0981e-05
4.4107e-05
0.0000e+00
2.1935e-05
4.3154e-05
0.0000e+00
2.1935e-05
4.2915e-05
0.0000e+00
2.2173e-05
4.2915e-05
0.0000e+00
2.1219e-05
9.0599e-06
0.0000e+00
2.2888e-05
4.6015e-05
0.0000e+00
2.1935e-05
4.4107e-05
4.3154e-05
9.5367e-07
2.0981e-05
0.0000e+00
2.1935e-05
4.4107e-05
1.9073e-06
0.0000e+00
6.2227e-05
0.0000e+00
2.1935e-05
5.0068e-05
0.0000e+00
2.2888e-05
4.1962e-05
1.1921e-06
0.0000e+00
8.3923e-05
0.0000e+00
2.2173e-05
2.1458e-06
0.0000e+00
2.2888e-05
8.2016e-05
0.0000e+00
2.1935e-05
4.7207e-05
0.0000e+00
2.1935e-05
9.5367e-07
0.0000e+00
2.0981e-05
3.9101e-05
0.0000e+00
2.0981e-05
4.4107e-05
0.0000e+00
2.0981e-05
4.3154e-05
0.0000e+00
2.1935e-05
4.6015e-05
0.0000e+00
2.8133e-05
1.0014e-05
5.2929e-05
9.5367e-07
1.5974e-05
0.0000e+00
2.2173e-05
3.9101e-05
0.0000e+00
2.1935e-05
5.0783e-05
0.0000e+00
2.5988e-05
4.1008e-05
0.0000e+00
2.1935e-05
4.4107e-05
0.0000e+00
2.0981e-05
4.4107e-05
0.0000e+00
2.1935e-05
4.1962e-05
1.1921e-06
0.0000e+00
8.1062e-05
0.0000e+00
3.0994e-05
9.5367e-07
0.0000e+00
2.2173e-05
3.2902e-05
0.0000e+00
2.1935e-05
4.4107e-05
0.0000e+00
2.1935e-05
4.4107e-05
0.0000e+00
2.1935e-05
4.4107e-05
0.0000e+00
2.1935e-05
4.6015e-05
5.0068e-06
0.0000e+00
6.0081e-05
9.5367e-07
9.5367e-07
8.0109e-05
0.0000e+00
2.1935e-05
4.6968e-05
1.0967e-05
0.0000e+00
5.4121e-05
0.0000e+00
2.2888e-05
4.5061e-05
0.0000e+00
2.2173e-05
9.5367e-07
0.0000e+00
2.1935e-05
5.5075e-05
0.0000e+00
2.2888e-05
4.5061e-05
0.0000e+00
2.0981e-05
4.3154e-05
0.0000e+00
2.1935e-05
2.1458e-06
0.0000e+00
2.1935e-05
5.9605e-06
0.0000e+00
2.2888e-05
4.5061e-05
0.0000e+00
2.1935e-05
1.0514e-04
0.0000e+00
2.0981e-05
5.8889e-05
0.0000e+00
2.1935e-05
4.6015e-05
0.0000e+00
2.1935e-05
9.5367e-07
0.0000e+00
2.2173e-05
4.1008e-05
0.0000e+00
2.1935e-05
5.1975e-05
0.0000e+00
2.9087e-05
3.6001e-05
0.0000e+00
2.2173e-05
2.0027e-05
0.0000e+00
2.1935e-05
6.2943e-05
0.0000e+00
2.2173e-05
4.6968e-05
0.0000e+00
2.0981e-05
4.4107e-05
0.0000e+00
2.0981e-05
4.3154e-05
0.0000e+00
2.0981e-05
4.4107e-05
0.0000e+00
2.0981e-05
4.0054e-05
9.5367e-07
0.0000e+00
6.1989e-05
0.0000e+00
2.2888e-05
4.1962e-05
0.0000e+00
2.1935e-05
1.5974e-05
0.0000e+00
2.1935e-05
4.6968e-05
0.0000e+00
2.1935e-05
4.4107e-05
0.0000e+00
2.1935e-05
5.1022e-05
1.1921e-06
0.0000e+00
6.1989e-05
0.0000e+00
2.2888e-05
4.4107e-05
0.0000e+00
2.9087e-05
3.6001e-05
0.0000e+00
2.3127e-05
9.5367e-07
0.0000e+00
2.1935e-05
9.5367e-07
0.0000e+00
2.0981e-05
1.5020e-05
0.0000e+00
2.0981e-05
4.9114e-05
0.0000e+00
2.1935e-05
9.5367e-07
0.0000e+00
2.0981e-05
4.2915e-05
0.0000e+00
2.0981e-05
3.6001e-05
1.1921e-05
1.1921e-06
5.3883e-05
0.0000e+00
2.2888e-05
4.1962e-05
0.0000e+00
2.0981e-05
4.6015e-05
4.0054e-05
0.0000e+00
4.2915e-05
0.0000e+00
2.1935e-05
1.9503e-04
0.0000e+00
2.1935e-05
4.9114e-05
0.0000e+00
2.0981e-05
1.1921e-06
0.0000e+00
2.0981e-05
3.7909e-05
3.8147e-06
0.0000e+00
1.1921e-05
1.0014e-05
0.0000e+00
4.2915e-05
0.0000e+00
2.3127e-05
4.1962e-05
0.0000e+00
2.0981e-05
4.4107e-05
0.0000e+00
2.2173e-05
6.1035e-05
0.0000e+00
2.0981e-05
9.5367e-07
0.0000e+00
2.1935e-05
4.6015e-05
1.4496e-04
9.5367e-07
9.5367e-07
4.0531e-06
0.0000e+00
1.6928e-05
2.1458e-06
9.5367e-07
7.2002e-05
1.9073e-06
0.0000e+00
6.5088e-05
0.0000e+00
3.0994e-05
3.5048e-05
0.0000e+00
2.2173e-05
4.4107e-05
0.0000e+00
2.1935e-05
6.1035e-05
0.0000e+00
2.0981e-05
9.5367e-07
0.0000e+00
2.1935e-05
9.5367e-07
2.8610e-06
9.5367e-07
6.1035e-05
0.0000e+00
2.0981e-05
4.3869e-05
1.1206e-04
0.0000e+00
0.0000e+00
2.1458e-06
0.0000e+00
1.5020e-05
0.0000e+00
3.0041e-05
3.6001e-05
0.0000e+00
2.1935e-05
4.4107e-05
0.0000e+00
2.1935e-05
2.5034e-05
1.9073e-06
0.0000e+00
6.9141e-05
1.9073e-06
0.0000e+00
7.0095e-05
0.0000e+00
2.1935e-05
4.5061e-05
1.1921e-06
0.0000e+00
6.2943e-05
0.0000e+00
2.1935e-05
4.3869e-05
0.0000e+00
2.1935e-05
4.2915e-05
0.0000e+00
3.0994e-05
2.5034e-05
0.0000e+00
2.1935e-05
6.0797e-05
5.0068e-06
9.5367e-07
6.1035e-05
0.0000e+00
2.1935e-05
9.5367e-07
0.0000e+00
2.2173e-05
9.5367e-07
0.0000e+00
2.0981e-05
3.9101e-05
0.0000e+00
2.0981e-05
4.4107e-05
0.0000e+00
2.0981e-05
4.4107e-05
0.0000e+00
2.1935e-05
3.7909e-05
0.0000e+00
2.3127e-05
4.4823e-05
0.0000e+00
2.1219e-05
6.6996e-05
0.0000e+00
2.5034e-05
4.1008e-05
0.0000e+00
2.1935e-05
4.4107e-05
0.0000e+00
2.1935e-05
9.5367e-07
1.0967e-05
0.0000e+00
5.3167e-05
0.0000e+00
2.1935e-05
4.8161e-05
0.0000e+00
2.1935e-05
3.4809e-05
0.0000e+00
2.1935e-05
4.1962e-05
0.0000e+00
2.2173e-05
6.3896e-05
2.5034e-05
0.0000e+00
4.2915e-05
0.0000e+00
2.1935e-05
4.3869e-05
0.0000e+00
2.1935e-05
4.3869e-05
0.0000e+00
2.0981e-05
4.2915e-05
0.0000e+00
2.0981e-05
4.3869e-05
0.0000e+00
2.1935e-05
4.3869e-05
5.9605e-06
0.0000e+00
1.9073e-05
9.5367e-07
0.0000e+00
8.2970e-05
0.0000e+00
2.2888e-05
4.4107e-05
5.9605e-06
0.0000e+00
1.5974e-05
0.0000e+00
2.2173e-05
8.8215e-06
0.0000e+00
2.1935e-05
4.6015e-05
0.0000e+00
2.1935e-05
4.2915e-05
9.5367e-07
9.5367e-07
6.2943e-05
9.5367e-07
9.5367e-07
6.6042e-05
0.0000e+00
2.1935e-05
3.6001e-05
0.0000e+00
2.2888e-05
6.0081e-05
0.0000e+00
2.1935e-05
4.4107e-05
0.0000e+00
2.1935e-05
4.3154e-05
0.0000e+00
2.1935e-05
4.3154e-05
1.9073e-06
9.5367e-07
7.0095e-05
0.0000e+00
2.5034e-05
4.1008e-05
0.0000e+00
2.1935e-05
2.1458e-06
0.0000e+00
2.0981e-05
9.6798e-05
0.0000e+00
2.2888e-05
9.5367e-07
0.0000e+00
2.2173e-05
1.3828e-05
0.0000e+00
2.2173e-05
4.8876e-05
0.0000e+00
2.1935e-05
4.2915e-05
5.0068e-06
0.0000e+00
1.5974e-05
0.0000e+00
2.1935e-05
4.6015e-05
0.0000e+00
2.1935e-05
1.1921e-06
0.0000e+00
2.1935e-05
3.9101e-05
0.0000e+00
2.8849e-05
4.7922e-05
0.0000e+00
2.3127e-05
4.5061e-05
0.0000e+00
2.0981e-05
5.7936e-05
0.0000e+00
2.0981e-05
2.8610e-06
0.0000e+00
2.0981e-05
5.5075e-05
1.9073e-06
9.5367e-07
6.3181e-05
0.0000e+00
2.2888e-05
4.2915e-05
0.0000e+00
2.0981e-05
1.2684e-04
0.0000e+00
2.8849e-05
1.1921e-06
9.5367e-07
0.0000e+00
9.4510e-02
