6.2869e-03
2.4080e-05
3.5400e-03
1.8120e-05
5.0068e-06
0.0000e+00
1.0204e-04
3.0994e-06
0.0000e+00
6.0081e-05
3.0994e-06
3.8695e-04
9.5367e-07
1.9073e-06
0.0000e+00
6.2943e-05
2.1458e-06
0.0000e+00
5.3883e-05
1.9073e-06
0.0000e+00
8.9884e-05
4.0531e-06
0.0000e+00
5.6028e-05
1.9073e-06
0.0000e+00
9.7990e-05
3.0994e-06
3.0041e-05
9.5367e-07
1.9073e-06
0.0000e+00
5.9128e-05
2.8610e-06
0.0000e+00
7.9155e-05
4.0531e-06
0.0000e+00
6.1035e-05
1.9073e-06
2.4810e-03
0.0000e+00
1.9073e-06
9.0599e-06
9.5367e-07
1.9073e-06
0.0000e+00
6.0081e-05
1.9073e-06
0.0000e+00
5.4836e-05
1.9073e-06
0.0000e+00
7.7009e-05
2.8610e-06
0.0000e+00
9.7990e-05
3.0994e-06
0.0000e+00
5.4121e-05
2.8610e-06
0.0000e+00
5.5075e-05
1.9073e-06
0.0000e+00
5.4121e-05
1.9073e-06
0.0000e+00
5.4121e-05
1.9073e-06
0.0000e+00
6.8188e-05
3.0994e-06
4.4107e-04
1.1921e-06
2.8610e-06
6.1989e-06
9.5367e-07
1.9073e-06
0.0000e+00
1.0204e-04
3.0994e-06
0.0000e+00
5.6982e-05
1.9073e-06
0.0000e+00
5.3883e-05
2.1458e-06
0.0000e+00
5.5075e-05
1.9073e-06
3.8314e-04
9.5367e-07
3.0994e-06
0.0000e+00
5.7936e-05
3.0994e-06
1.6093e-04
1.1921e-06
2.1458e-06
0.0000e+00
5.6028e-05
1.9073e-06
0.0000e+00
5.6028e-05
3.0994e-06
0.0000e+00
5.7936e-05
1.9073e-06
0.0000e+00
5.5075e-05
2.1458e-06
0.0000e+00
5.5075e-05
9.5367e-07
0.0000e+00
6.1035e-05
1.9073e-06
0.0000e+00
5.4836e-05
2.1458e-06
0.0000e+00
5.2929e-05
1.9073e-06
0.0000e+00
5.3883e-05
1.9073e-06
0.0000e+00
7.2002e-05
3.0994e-06
0.0000e+00
5.6028e-05
1.9073e-06
0.0000e+00
5.2929e-05
1.9073e-06
0.0000e+00
5.5075e-05
1.9073e-06
0.0000e+00
5.3883e-05
2.8610e-06
0.0000e+00
5.3883e-05
1.9073e-06
0.0000e+00
5.2929e-05
7.8678e-06
1.4999e-03
9.5367e-07
1.9073e-06
0.0000e+00
8.4877e-05
3.0994e-06
0.0000e+00
5.6028e-05
2.1458e-06
0.0000e+00
5.4121e-05
2.1458e-06
0.0000e+00
5.5075e-05
9.5367e-07
0.0000e+00
5.5075e-05
1.9073e-06
6.4611e-04
9.5367e-07
1.9073e-06
0.0000e+00
5.6028e-05
1.9073e-06
5.9605e-06
9.5367e-07
1.9073e-06
1.9097e-04
9.5367e-07
9.5367e-07
0.0000e+00
5.5075e-05
2.1458e-06
0.0000e+00
5.6028e-05
1.9073e-06
0.0000e+00
5.5075e-05
1.9073e-06
0.0000e+00
5.5075e-05
1.9073e-06
0.0000e+00
6.1035e-05
2.1458e-06
0.0000e+00
5.3883e-05
1.9073e-06
0.0000e+00
5.5075e-05
2.1458e-06
0.0000e+00
5.4121e-05
2.1458e-06
0.0000e+00
7.2002e-05
1.9073e-06
0.0000e+00
5.5075e-05
1.9073e-06
0.0000e+00
5.4121e-05
1.9073e-06
6.4301e-04
9.5367e-07
1.9073e-06
0.0000e+00
5.6028e-05
2.1458e-06
0.0000e+00
5.3883e-05
2.1458e-06
2.1505e-04
9.5367e-07
1.9073e-06
0.0000e+00
5.5075e-05
1.9073e-06
0.0000e+00
5.4121e-05
2.1458e-06
0.0000e+00
5.6028e-05
1.9073e-06
0.0000e+00
5.3167e-05
2.1458e-06
0.0000e+00
5.3883e-05
1.9073e-06
0.0000e+00
5.4836e-05
3.0994e-06
2.3198e-04
0.0000e+00
2.1458e-06
0.0000e+00
5.6982e-05
1.9073e-06
0.0000e+00
5.3883e-05
1.9073e-06
0.0000e+00
5.3883e-05
3.0994e-06
0.0000e+00
5.6982e-05
9.5367e-07
0.0000e+00
5.2929e-05
1.9073e-06
0.0000e+00
5.3167e-05
2.1458e-06
0.0000e+00
5.3883e-05
1.1921e-06
0.0000e+00
5.3883e-05
2.1458e-06
0.0000e+00
5.2929e-05
1.9073e-06
0.0000e+00
5.1975e-05
1.9073e-06
0.0000e+00
7.1049e-05
2.1458e-06
0.0000e+00
5.6982e-05
1.9073e-06
0.0000e+00
5.3883e-05
1.9073e-06
0.0000e+00
5.3883e-05
1.9073e-06
0.0000e+00
5.3167e-05
4.7684e-06
0.0000e+00
5.5075e-05
2.1458e-06
0.0000e+00
5.2929e-05
2.1458e-06
0.0000e+00
5.3883e-05
1.9073e-06
0.0000e+00
6.8903e-05
3.0994e-06
0.0000e+00
5.4836e-05
2.1458e-06
0.0000e+00
5.2929e-05
1.9073e-06
0.0000e+00
5.2929e-05
1.9073e-06
0.0000e+00
5.2929e-05
1.9073e-06
0.0000e+00
6.1989e-05
1.9073e-06
0.0000e+00
5.3883e-05
1.9073e-06
2.3909e-03
9.5367e-07
1.9073e-06
0.0000e+00
7.5102e-05
2.8610e-06
0.0000e+00
5.6028e-05
1.9073e-06
0.0000e+00
5.4836e-05
9.5367e-07
0.0000e+00
5.3883e-05
2.1458e-06
0.0000e+00
5.2929e-05
9.5367e-07
0.0000e+00
5.4836e-05
2.1458e-06
4.6182e-04
9.5367e-07
1.9073e-06
0.0000e+00
5.6982e-05
2.1458e-06
0.0000e+00
7.6056e-05
1.9073e-06
7.1526e-06
0.0000e+00
1.9073e-06
0.0000e+00
5.4836e-05
1.9073e-06
0.0000e+00
5.4836e-05
1.9073e-06
0.0000e+00
5.5790e-05
1.1921e-06
0.0000e+00
5.2929e-05
1.9073e-06
0.0000e+00
6.1989e-05
2.8610e-06
0.0000e+00
5.5075e-05
1.9073e-06
7.7415e-04
0.0000e+00
1.9073e-06
1.0014e-05
0.0000e+00
1.9073e-06
0.0000e+00
6.6996e-05
2.1458e-06
0.0000e+00
5.2929e-05
2.1458e-06
0.0000e+00
5.2929e-05
1.9073e-06
0.0000e+00
5.3883e-05
1.9073e-06
0.0000e+00
5.4121e-05
1.9073e-06
7.2956e-05
9.5367e-07
1.9073e-06
5.0068e-06
1.1921e-06
2.1458e-06
0.0000e+00
5.6982e-05
1.9073e-06
0.0000e+00
5.6982e-05
1.9073e-06
0.0000e+00
5.5075e-05
9.5367e-07
3.2091e-04
9.5367e-07
1.9073e-06
0.0000e+00
5.6982e-05
1.9073e-06
0.0000e+00
5.4121e-05
1.9073e-06
0.0000e+00
5.4121e-05
2.1458e-06
0.0000e+00
5.6028e-05
1.9073e-06
0.0000e+00
5.4121e-05
1.9073e-06
0.0000e+00
7.2002e-05
1.9073e-06
4.1199e-04
9.5367e-07
1.9073e-06
3.9816e-05
9.5367e-07
2.1458e-06
0.0000e+00
6.6042e-05
1.9073e-06
3.8147e-06
9.5367e-07
9.5367e-07
0.0000e+00
5.4121e-05
1.9073e-06
0.0000e+00
5.4121e-05
2.1458e-06
0.0000e+00
5.3883e-05
9.5367e-07
0.0000e+00
5.2929e-05
9.5367e-07
0.0000e+00
7.2956e-05
3.0994e-06
0.0000e+00
5.5075e-05
1.9073e-06
0.0000e+00
5.4121e-05
2.8610e-06
0.0000e+00
5.4121e-05
1.9073e-06
0.0000e+00
5.4121e-05
9.5367e-07
0.0000e+00
5.2929e-05
1.1921e-06
7.9393e-04
1.1921e-06
2.1458e-06
0.0000e+00
5.6982e-05
1.9073e-06
0.0000e+00
7.2956e-05
3.0994e-06
0.0000e+00
5.4121e-05
2.1458e-06
2.1410e-04
9.5367e-07
1.9073e-06
0.0000e+00
5.6982e-05
1.9073e-06
1.8716e-04
9.5367e-07
1.9073e-06
0.0000e+00
5.6028e-05
1.9073e-06
1.9002e-04
9.5367e-07
1.9073e-06
0.0000e+00
5.6028e-05
2.1458e-06
0.0000e+00
5.1975e-05
9.5367e-07
6.1989e-06
0.0000e+00
1.9073e-06
0.0000e+00
5.6982e-05
1.9073e-06
0.0000e+00
6.1035e-05
1.9073e-06
0.0000e+00
5.4836e-05
1.9073e-06
5.4836e-05
1.1921e-06
2.1458e-06
0.0000e+00
5.4121e-05
2.1458e-06
0.0000e+00
5.5075e-05
2.1458e-06
7.6509e-04
9.5367e-07
1.9073e-06
0.0000e+00
5.6982e-05
2.1458e-06
0.0000e+00
5.4121e-05
3.0994e-06
5.9605e-06
9.5367e-07
1.9073e-06
0.0000e+00
5.9128e-05
1.9073e-06
2.9898e-04
9.5367e-07
1.9073e-06
0.0000e+00
5.4121e-05
2.1458e-06
0.0000e+00
5.5075e-05
1.1921e-06
0.0000e+00
5.4121e-05
2.1458e-06
0.0000e+00
5.5075e-05
9.5367e-07
0.0000e+00
5.9843e-05
2.1458e-06
2.4605e-04
0.0000e+00
3.0994e-06
0.0000e+00
5.8889e-05
9.5367e-07
2.0981e-04
0.0000e+00
9.5367e-07
0.0000e+00
5.5075e-05
1.9073e-06
0.0000e+00
5.3167e-05
2.1458e-06
0.0000e+00
5.3167e-05
2.1458e-06
0.0000e+00
5.2929e-05
1.9073e-06
0.0000e+00
5.3883e-05
7.8678e-06
3.1400e-04
0.0000e+00
1.9073e-06
0.0000e+00
7.2002e-05
3.0994e-06
0.0000e+00
5.6028e-05
9.5367e-07
0.0000e+00
5.5075e-05
1.9073e-06
0.0000e+00
5.4121e-05
9.5367e-07
0.0000e+00
5.4121e-05
2.1458e-06
0.0000e+00
5.3883e-05
2.1458e-06
0.0000e+00
5.2929e-05
1.9073e-06
0.0000e+00
5.4836e-05
1.9073e-06
0.0000e+00
7.3910e-05
1.9073e-06
4.6182e-04
0.0000e+00
1.9073e-06
5.0068e-06
1.1921e-06
2.1458e-06
4.0531e-06
9.5367e-07
9.5367e-07
0.0000e+00
5.6028e-05
2.1458e-06
3.6597e-04
9.5367e-07
1.9073e-06
0.0000e+00
5.6028e-05
2.1458e-06
0.0000e+00
5.2929e-05
1.9073e-06
1.4997e-04
0.0000e+00
9.5367e-07
0.0000e+00
5.4836e-05
2.1458e-06
0.0000e+00
6.8903e-05
1.9073e-06
1.2779e-04
0.0000e+00
1.9073e-06
0.0000e+00
5.9128e-05
1.9073e-06
5.0068e-06
9.5367e-07
9.5367e-07
0.0000e+00
5.3883e-05
1.9073e-06
0.0000e+00
5.2929e-05
1.9073e-06
0.0000e+00
5.3167e-05
2.1458e-06
0.0000e+00
6.0081e-05
2.1458e-06
0.0000e+00
5.3883e-05
2.1458e-06
1.2684e-04
9.5367e-07
1.9073e-06
8.2803e-04
9.5367e-07
1.9073e-06
0.0000e+00
5.9128e-05
2.1458e-06
0.0000e+00
5.4121e-05
2.1458e-06
1.2302e-04
0.0000e+00
2.1458e-06
0.0000e+00
5.6028e-05
2.1458e-06
0.0000e+00
5.3883e-05
2.1458e-06
0.0000e+00
5.1975e-05
1.9073e-06
2.5988e-05
0.0000e+00
1.9073e-06
0.0000e+00
5.5075e-05
1.9073e-06
0.0000e+00
5.6982e-05
2.1458e-06
0.0000e+00
5.3883e-05
1.9073e-06
0.0000e+00
5.3883e-05
1.9073e-06
0.0000e+00
6.2227e-05
2.1458e-06
0.0000e+00
5.2929e-05
1.9073e-06
0.0000e+00
5.3883e-05
9.5367e-07
0.0000e+00
5.4121e-05
9.5367e-07
0.0000e+00
7.9155e-05
2.1458e-06
0.0000e+00
5.4121e-05
2.1458e-06
6.6900e-04
0.0000e+00
2.1458e-06
0.0000e+00
5.6028e-05
2.1458e-06
0.0000e+00
5.2929e-05
2.1458e-06
0.0000e+00
5.5075e-05
1.1921e-06
0.0000e+00
5.3883e-05
2.1458e-06
2.6584e-04
0.0000e+00
1.9073e-06
0.0000e+00
5.6028e-05
1.9073e-06
0.0000e+00
5.6028e-05
3.0994e-06
0.0000e+00
5.5075e-05
1.9073e-06
4.5204e-04
9.5367e-07
9.5367e-07
0.0000e+00
5.6028e-05
9.5367e-07
0.0000e+00
5.3883e-05
1.9073e-06
1.0967e-05
0.0000e+00
1.9073e-06
2.2984e-04
9.5367e-07
1.9073e-06
0.0000e+00
5.4121e-05
2.1458e-06
1.7595e-04
9.5367e-07
1.9073e-06
5.0068e-06
0.0000e+00
2.1458e-06
0.0000e+00
7.5102e-05
1.9073e-06
0.0000e+00
5.4121e-05
1.1921e-06
4.6968e-05
9.5367e-07
9.5367e-07
0.0000e+00
5.4121e-05
2.1458e-06
5.6028e-05
9.5367e-07
1.9073e-06
4.9114e-05
0.0000e+00
1.9073e-06
0.0000e+00
5.4836e-05
9.5367e-07
0.0000e+00
5.2929e-05
1.9073e-06
2.8300e-04
9.5367e-07
1.9073e-06
0.0000e+00
5.6028e-05
3.0994e-06
0.0000e+00
5.5075e-05
9.5367e-07
0.0000e+00
5.4121e-05
2.1458e-06
0.0000e+00
5.3883e-05
2.1458e-06
0.0000e+00
5.3883e-05
2.1458e-06
0.0000e+00
5.3883e-05
2.1458e-06
0.0000e+00
5.2929e-05
1.9073e-06
0.0000e+00
5.2929e-05
1.9073e-06
0.0000e+00
6.7949e-05
2.1458e-06
6.4301e-04
1.1921e-06
1.9073e-06
0.0000e+00
5.6982e-05
1.9073e-06
0.0000e+00
5.4121e-05
1.9073e-06
0.0000e+00
5.3167e-05
2.1458e-06
0.0000e+00
5.4121e-05
2.1458e-06
0.0000e+00
5.4121e-05
2.1458e-06
0.0000e+00
5.3883e-05
1.9073e-06
0.0000e+00
7.2956e-05
1.9073e-06
0.0000e+00
5.4121e-05
1.9073e-06
0.0000e+00
6.1035e-05
1.9073e-06
0.0000e+00
5.3167e-05
2.1458e-06
0.0000e+00
5.1975e-05
1.9073e-06
0.0000e+00
5.4121e-05
1.9073e-06
0.0000e+00
5.3167e-05
2.1458e-06
0.0000e+00
5.2929e-05
2.1458e-06
0.0000e+00
5.6028e-05
1.9073e-06
0.0000e+00
5.4121e-05
2.1458e-06
0.0000e+00
5.2929e-05
1.9073e-06
0.0000e+00
5.2929e-05
1.9073e-06
0.0000e+00
5.4121e-05
2.1458e-06
0.0000e+00
5.3883e-05
2.1458e-06
0.0000e+00
5.3883e-05
1.9073e-06
1.2362e-03
0.0000e+00
1.9073e-06
0.0000e+00
6.0081e-05
2.1458e-06
0.0000e+00
5.5075e-05
1.9073e-06
5.9605e-06
9.5367e-07
9.5367e-07
0.0000e+00
5.5075e-05
9.5367e-07
0.0000e+00
5.4121e-05
9.5367e-07
0.0000e+00
5.3167e-05
1.9073e-06
0.0000e+00
5.3167e-05
2.1458e-06
0.0000e+00
5.2929e-05
1.9073e-06
0.0000e+00
6.9857e-05
2.1458e-06
0.0000e+00
5.2929e-05
1.9073e-06
0.0000e+00
5.3883e-05
1.9073e-06
0.0000e+00
6.0797e-05
1.9073e-06
0.0000e+00
5.3883e-05
9.5367e-07
7.9203e-04
9.5367e-07
1.9073e-06
0.0000e+00
5.6028e-05
2.1458e-06
0.0000e+00
1.3804e-04
7.1526e-06
1.7881e-05
9.5367e-07
3.0994e-06
0.0000e+00
2.8849e-05
2.1458e-06
0.0000e+00
2.2888e-05
2.1458e-06
0.0000e+00
2.0981e-05
9.5367e-07
0.0000e+00
2.1219e-05
1.9073e-06
0.0000e+00
2.1219e-05
1.9073e-06
0.0000e+00
2.0027e-05
1.9073e-06
0.0000e+00
2.0027e-05
9.5367e-07
0.0000e+00
2.9802e-05
2.1458e-06
0.0000e+00
2.0027e-05
9.5367e-07
0.0000e+00
2.0027e-05
1.9073e-06
0.0000e+00
2.0027e-05
1.9073e-06
0.0000e+00
2.0027e-05
9.5367e-07
0.0000e+00
2.0027e-05
1.9073e-06
0.0000e+00
2.0027e-05
2.1458e-06
1.3840e-03
0.0000e+00
1.9073e-06
0.0000e+00
3.4094e-05
1.9073e-06
0.0000e+00
3.2902e-05
9.5367e-07
0.0000e+00
2.0981e-05
1.9073e-06
0.0000e+00
2.0027e-05
9.5367e-07
0.0000e+00
1.9789e-05
1.9073e-06
0.0000e+00
2.0027e-05
9.5367e-07
0.0000e+00
2.0027e-05
2.1458e-06
0.0000e+00
2.0027e-05
9.5367e-07
0.0000e+00
2.1935e-05
1.9073e-06
9.1314e-04
0.0000e+00
1.9073e-06
1.1921e-05
9.5367e-07
1.9073e-06
0.0000e+00
2.2173e-05
1.9073e-06
0.0000e+00
2.0981e-05
2.1458e-06
0.0000e+00
2.0027e-05
1.9073e-06
0.0000e+00
2.0027e-05
1.9073e-06
0.0000e+00
3.2902e-05
1.9073e-06
0.0000e+00
2.8849e-05
2.1458e-06
0.0000e+00
2.0027e-05
1.9073e-06
8.1706e-04
0.0000e+00
2.1458e-06
6.9141e-06
9.5367e-07
2.1458e-06
0.0000e+00
2.0981e-05
9.5367e-07
0.0000e+00
2.0027e-05
1.9073e-06
2.5606e-04
0.0000e+00
1.9073e-06
7.1526e-06
9.5367e-07
1.9073e-06
0.0000e+00
1.9789e-05
9.5367e-07
1.3494e-04
0.0000e+00
2.1458e-06
0.0000e+00
2.0027e-05
2.1458e-06
0.0000e+00
2.0027e-05
1.9073e-06
0.0000e+00
2.0027e-05
9.5367e-07
8.0395e-04
0.0000e+00
1.9073e-06
0.0000e+00
2.0981e-05
1.9073e-06
0.0000e+00
2.0027e-05
9.5367e-07
0.0000e+00
1.9073e-05
2.1458e-06
0.0000e+00
1.8835e-05
2.1458e-06
0.0000e+00
2.0027e-05
2.1458e-06
2.2793e-04
0.0000e+00
2.1458e-06
0.0000e+00
2.1935e-05
2.1458e-06
0.0000e+00
2.0027e-05
1.9073e-06
3.5405e-04
9.5367e-07
1.9073e-06
4.7779e-04
0.0000e+00
1.9073e-06
0.0000e+00
2.5988e-05
1.9073e-06
0.0000e+00
2.1935e-05
9.5367e-07
0.0000e+00
2.1935e-05
2.1458e-06
0.0000e+00
2.1935e-05
1.1921e-06
0.0000e+00
4.1962e-05
1.9073e-06
4.7898e-04
0.0000e+00
1.9073e-06
0.0000e+00
2.0981e-05
2.1458e-06
6.6996e-05
9.5367e-07
1.9073e-06
0.0000e+00
2.0981e-05
2.1458e-06
0.0000e+00
2.0027e-05
1.9073e-06
0.0000e+00
2.0027e-05
1.9073e-06
0.0000e+00
1.9789e-05
1.1921e-06
0.0000e+00
1.8835e-05
3.0994e-06
0.0000e+00
2.0981e-05
9.5367e-07
0.0000e+00
2.0027e-05
1.9073e-06
0.0000e+00
2.0027e-05
1.9073e-06
0.0000e+00
2.1935e-05
1.9073e-06
0.0000e+00
3.1948e-05
1.9073e-06
1.0591e-03
1.1921e-06
1.9073e-06
1.2803e-04
0.0000e+00
2.1458e-06
0.0000e+00
2.1935e-05
9.5367e-07
0.0000e+00
3.1948e-05
1.9073e-06
2.3007e-04
0.0000e+00
2.1458e-06
0.0000e+00
2.0981e-05
1.9073e-06
0.0000e+00
2.0027e-05
2.1458e-06
0.0000e+00
1.9789e-05
1.1921e-06
0.0000e+00
2.0027e-05
2.1458e-06
0.0000e+00
1.9073e-05
2.8610e-06
0.0000e+00
1.9073e-05
1.9073e-06
0.0000e+00
2.5988e-05
1.9073e-06
1.1880e-03
0.0000e+00
2.1458e-06
0.0000e+00
2.0981e-05
4.0531e-06
0.0000e+00
2.0027e-05
9.5367e-07
1.4496e-04
9.5367e-07
2.1458e-06
0.0000e+00
2.0981e-05
9.5367e-07
0.0000e+00
1.9789e-05
9.5367e-07
0.0000e+00
2.0027e-05
9.5367e-07
0.0000e+00
2.0027e-05
2.1458e-06
0.0000e+00
2.8849e-05
3.0994e-06
0.0000e+00
3.4094e-05
1.9073e-06
0.0000e+00
1.9073e-05
1.9073e-06
0.0000e+00
1.9073e-05
1.9073e-06
0.0000e+00
2.0027e-05
1.9073e-06
1.0221e-03
9.5367e-07
1.9073e-06
0.0000e+00
2.1219e-05
1.9073e-06
0.0000e+00
2.0027e-05
9.5367e-07
0.0000e+00
3.0994e-05
2.1458e-06
0.0000e+00
2.0027e-05
9.5367e-07
0.0000e+00
2.0027e-05
1.9073e-06
0.0000e+00
2.0027e-05
9.5367e-07
0.0000e+00
1.8835e-05
9.5367e-07
0.0000e+00
1.9073e-05
1.9073e-06
9.5987e-04
9.5367e-07
1.9073e-06
0.0000e+00
2.1219e-05
2.1458e-06
0.0000e+00
3.0994e-05
1.9073e-06
0.0000e+00
2.0027e-05
2.1458e-06
3.2902e-04
0.0000e+00
2.1458e-06
5.7936e-05
9.5367e-07
2.1458e-06
0.0000e+00
2.0981e-05
1.9073e-06
0.0000e+00
2.0027e-05
1.1921e-06
0.0000e+00
2.0027e-05
9.5367e-07
2.0003e-04
0.0000e+00
1.1921e-06
0.0000e+00
2.1935e-05
1.9073e-06
0.0000e+00
2.8849e-05
2.1458e-06
0.0000e+00
1.8835e-05
9.5367e-07
0.0000e+00
1.9073e-05
1.9073e-06
0.0000e+00
2.0027e-05
1.9073e-06
0.0000e+00
1.8835e-05
2.1458e-06
0.0000e+00
1.9073e-05
1.9073e-06
0.0000e+00
2.0027e-05
9.5367e-07
0.0000e+00
1.9073e-05
1.9073e-06
9.0408e-04
0.0000e+00
2.1458e-06
0.0000e+00
2.0981e-05
1.9073e-06
0.0000e+00
2.0027e-05
2.1458e-06
0.0000e+00
2.0027e-05
9.5367e-07
0.0000e+00
2.0027e-05
9.5367e-07
0.0000e+00
1.9073e-05
1.9073e-06
0.0000e+00
1.8835e-05
2.1458e-06
4.6802e-04
0.0000e+00
2.8610e-06
9.5129e-05
0.0000e+00
1.9073e-06
0.0000e+00
2.9802e-05
2.1458e-06
0.0000e+00
2.0027e-05
1.9073e-06
0.0000e+00
1.9073e-05
1.9073e-06
0.0000e+00
1.9073e-05
1.9073e-06
0.0000e+00
2.0027e-05
1.1921e-06
3.8195e-04
0.0000e+00
3.0994e-06
0.0000e+00
2.0027e-05
1.9073e-06
0.0000e+00
2.0027e-05
1.9073e-06
1.0514e-04
9.5367e-07
2.8610e-06
0.0000e+00
2.2173e-05
9.5367e-07
3.9196e-04
0.0000e+00
1.9073e-06
0.0000e+00
2.0981e-05
1.9073e-06
6.7949e-05
0.0000e+00
1.9073e-06
0.0000e+00
2.0027e-05
2.1458e-06
0.0000e+00
2.0027e-05
9.5367e-07
0.0000e+00
1.9073e-05
1.9073e-06
0.0000e+00
2.0027e-05
1.9073e-06
0.0000e+00
2.8133e-05
1.9073e-06
5.3501e-04
0.0000e+00
2.1458e-06
0.0000e+00
3.5048e-05
1.9073e-06
0.0000e+00
1.9073e-05
1.9073e-06
1.5829e-03
9.5367e-07
1.9073e-06
0.0000e+00
2.0027e-05
2.1458e-06
0.0000e+00
3.2902e-05
2.1458e-06
0.0000e+00
2.0027e-05
1.9073e-06
0.0000e+00
2.0027e-05
1.1921e-06
0.0000e+00
2.8849e-05
2.1458e-06
6.0487e-04
0.0000e+00
2.1458e-06
7.6056e-05
9.5367e-07
1.9073e-06
0.0000e+00
2.0981e-05
1.9073e-06
0.0000e+00
2.0027e-05
9.5367e-07
9.7990e-05
0.0000e+00
1.9073e-06
0.0000e+00
3.4094e-05
1.9073e-06
0.0000e+00
2.0027e-05
9.5367e-07
0.0000e+00
1.9789e-05
2.1458e-06
0.0000e+00
3.0994e-05
2.1458e-06
0.0000e+00
2.0981e-05
1.9073e-06
0.0000e+00
2.0027e-05
1.1921e-06
3.5000e-04
0.0000e+00
1.9073e-06
0.0000e+00
2.0027e-05
2.1458e-06
0.0000e+00
2.0027e-05
1.9073e-06
0.0000e+00
1.9073e-05
1.9073e-06
0.0000e+00
2.0027e-05
1.9073e-06
0.0000e+00
2.6941e-05
1.9073e-06
0.0000e+00
1.9073e-05
2.1458e-06
0.0000e+00
2.0027e-05
1.9073e-06
0.0000e+00
2.0027e-05
1.9073e-06
0.0000e+00
1.8835e-05
2.1458e-06
8.6379e-04
0.0000e+00
1.9073e-06
7.1526e-06
0.0000e+00
1.9073e-06
0.0000e+00
2.0981e-05
2.1458e-06
7.7009e-05
9.5367e-07
1.9073e-06
0.0000e+00
3.0994e-05
9.5367e-07
0.0000e+00
2.0981e-05
9.5367e-07
0.0000e+00
1.9073e-05
9.5367e-07
0.0000e+00
2.0027e-05
9.5367e-07
0.0000e+00
1.8835e-05
2.1458e-06
0.0000e+00
3.5048e-05
9.5367e-07
0.0000e+00
2.0027e-05
2.1458e-06
0.0000e+00
2.0027e-05
9.5367e-07
0.0000e+00
3.0041e-05
1.9073e-06
0.0000e+00
2.0027e-05
2.1458e-06
0.0000e+00
2.0027e-05
1.9073e-06
2.1820e-03
0.0000e+00
2.1458e-06
0.0000e+00
2.0981e-05
2.1458e-06
0.0000e+00
1.8835e-05
9.5367e-07
0.0000e+00
1.9073e-05
1.9073e-06
0.0000e+00
1.9073e-05
1.9073e-06
0.0000e+00
2.8133e-05
1.9073e-06
0.0000e+00
2.0027e-05
2.1458e-06
0.0000e+00
1.9073e-05
1.9073e-06
0.0000e+00
1.9073e-05
1.9073e-06
1.2841e-03
0.0000e+00
3.0994e-06
0.0000e+00
2.0981e-05
1.9073e-06
4.9114e-05
0.0000e+00
2.8610e-06
0.0000e+00
2.3127e-05
2.1458e-06
9.4891e-05
0.0000e+00
2.1458e-06
0.0000e+00
3.0994e-05
1.9073e-06
0.0000e+00
2.0027e-05
1.1921e-06
0.0000e+00
2.0981e-05
9.5367e-07
1.7715e-04
0.0000e+00
1.9073e-06
0.0000e+00
2.0981e-05
1.1921e-06
0.0000e+00
1.8835e-05
1.9073e-06
8.0490e-04
9.5367e-07
1.9073e-06
0.0000e+00
2.2173e-05
1.9073e-06
0.0000e+00
3.1948e-05
2.8610e-06
4.7207e-05
0.0000e+00
1.9073e-06
0.0000e+00
2.0981e-05
1.1921e-06
1.1396e-04
0.0000e+00
2.1458e-06
0.0000e+00
2.0027e-05
9.5367e-07
0.0000e+00
1.9073e-05
1.9073e-06
0.0000e+00
1.9073e-05
1.9073e-06
0.0000e+00
2.0027e-05
9.5367e-07
0.0000e+00
1.9073e-05
2.1458e-06
0.0000e+00
1.8835e-05
1.9073e-06
0.0000e+00
2.0027e-05
2.1458e-06
0.0000e+00
1.9789e-05
2.1458e-06
0.0000e+00
1.9073e-05
1.9073e-06
0.0000e+00
1.9073e-05
1.9073e-06
0.0000e+00
1.9073e-05
9.5367e-07
0.0000e+00
1.8835e-05
2.1458e-06
0.0000e+00
2.0027e-05
1.9073e-06
0.0000e+00
2.8133e-05
2.1458e-06
0.0000e+00
2.0027e-05
3.0994e-06
1.2670e-03
9.5367e-07
1.9073e-06
0.0000e+00
2.1935e-05
1.9073e-06
0.0000e+00
2.0027e-05
1.9073e-06
0.0000e+00
1.9073e-05
1.9073e-06
0.0000e+00
1.8835e-05
2.1458e-06
0.0000e+00
2.0027e-05
1.9073e-06
0.0000e+00
2.8133e-05
2.8610e-06
1.3351e-03
0.0000e+00
3.0994e-06
0.0000e+00
2.0981e-05
1.9073e-06
0.0000e+00
1.9073e-05
9.5367e-07
0.0000e+00
1.9789e-05
2.1458e-06
0.0000e+00
2.0027e-05
1.9073e-06
0.0000e+00
1.9073e-05
1.9073e-06
4.9901e-04
9.5367e-07
2.1458e-06
0.0000e+00
2.0981e-05
1.9073e-06
0.0000e+00
2.8849e-05
2.1458e-06
1.4901e-04
0.0000e+00
1.9073e-06
6.1989e-05
1.1921e-06
1.9073e-06
0.0000e+00
2.0981e-05
1.9073e-06
0.0000e+00
2.0027e-05
2.1458e-06
0.0000e+00
2.0981e-05
9.5367e-07
4.6396e-04
0.0000e+00
1.9073e-06
5.9605e-06
0.0000e+00
1.3828e-05
9.2983e-05
0.0000e+00
9.5367e-07
0.0000e+00
2.0981e-05
1.9073e-06
0.0000e+00
3.2187e-05
1.9073e-06
0.0000e+00
2.0027e-05
1.1921e-06
0.0000e+00
2.0027e-05
1.9073e-06
6.4301e-04
0.0000e+00
2.1458e-06
0.0000e+00
2.1935e-05
1.9073e-06
0.0000e+00
2.0027e-05
1.9073e-06
0.0000e+00
2.0027e-05
1.9073e-06
0.0000e+00
2.0027e-05
1.1921e-06
0.0000e+00
4.1008e-05
2.8610e-06
0.0000e+00
2.0981e-05
2.1458e-06
0.0000e+00
2.0027e-05
9.5367e-07
3.0398e-04
0.0000e+00
3.0994e-06
0.0000e+00
2.0981e-05
1.9073e-06
0.0000e+00
1.9073e-05
1.9073e-06
0.0000e+00
1.8835e-05
2.1458e-06
8.7595e-04
0.0000e+00
3.0994e-06
0.0000e+00
2.0981e-05
1.9073e-06
0.0000e+00
2.9802e-05
2.1458e-06
0.0000e+00
1.9073e-05
9.5367e-07
8.7023e-05
0.0000e+00
2.1458e-06
0.0000e+00
2.0027e-05
1.9073e-06
3.5310e-04
9.5367e-07
2.1458e-06
0.0000e+00
2.1935e-05
1.9073e-06
0.0000e+00
2.1219e-05
1.9073e-06
0.0000e+00
1.9073e-05
1.9073e-06
6.5112e-04
0.0000e+00
2.1458e-06
0.0000e+00
3.1948e-05
1.9073e-06
0.0000e+00
2.0027e-05
9.5367e-07
0.0000e+00
2.0027e-05
1.9073e-06
0.0000e+00
1.9789e-05
2.1458e-06
0.0000e+00
2.0027e-05
1.9073e-06
0.0000e+00
2.0027e-05
9.5367e-07
0.0000e+00
2.0027e-05
1.9073e-06
0.0000e+00
2.0027e-05
1.9073e-06
0.0000e+00
2.0981e-05
1.5020e-05
6.4802e-04
0.0000e+00
1.9073e-06
0.0000e+00
2.0981e-05
4.0531e-06
0.0000e+00
3.4094e-05
1.9073e-06
0.0000e+00
2.0027e-05
2.1458e-06
1.2088e-04
0.0000e+00
2.1458e-06
0.0000e+00
2.0981e-05
1.9073e-06
0.0000e+00
2.0981e-05
2.1458e-06
0.0000e+00
2.5988e-05
1.9073e-06
0.0000e+00
3.3140e-05
1.9073e-06
0.0000e+00
2.0027e-05
1.9073e-06
0.0000e+00
1.8835e-05
2.1458e-06
0.0000e+00
2.0027e-05
1.9073e-06
0.0000e+00
1.9073e-05
9.5367e-07
3.9101e-04
9.5367e-07
2.1458e-06
0.0000e+00
2.0981e-05
9.5367e-07
3.1948e-05
1.1921e-06
9.5367e-07
1.5187e-04
8.8215e-06
1.9073e-06
0.0000e+00
2.1935e-05
2.1458e-06
0.0000e+00
2.0027e-05
1.9073e-06
9.8944e-05
1.1921e-06
1.9073e-06
0.0000e+00
2.0981e-05
2.1458e-06
1.1396e-04
0.0000e+00
1.9073e-06
0.0000e+00
1.9789e-05
2.1458e-06
0.0000e+00
1.9073e-05
9.5367e-07
1.9097e-04
0.0000e+00
3.0994e-06
0.0000e+00
2.0027e-05
1.9073e-06
1.9960e-03
0.0000e+00
1.9073e-06
0.0000e+00
2.0981e-05
1.9073e-06
0.0000e+00
1.9073e-05
1.9073e-06
1.1301e-04
1.1921e-06
2.1458e-06
0.0000e+00
1.9073e-05
9.5367e-07
0.0000e+00
1.9073e-05
9.5367e-07
0.0000e+00
1.8835e-05
2.1458e-06
2.3389e-04
0.0000e+00
3.0994e-06
0.0000e+00
2.0981e-05
1.9073e-06
0.0000e+00
2.0981e-05
1.9073e-06
0.0000e+00
2.0027e-05
1.9073e-06
7.9894e-04
0.0000e+00
2.1458e-06
0.0000e+00
2.0981e-05
1.9073e-06
0.0000e+00
2.0027e-05
9.5367e-07
1.2589e-04
0.0000e+00
1.9073e-06
0.0000e+00
3.4094e-05
1.9073e-06
0.0000e+00
2.0027e-05
1.9073e-06
0.0000e+00
2.7895e-05
1.9073e-06
0.0000e+00
1.9789e-05
1.1921e-06
0.0000e+00
2.0027e-05
9.5367e-07
0.0000e+00
1.9073e-05
1.9073e-06
0.0000e+00
2.0027e-05
1.9073e-06
3.6979e-04
0.0000e+00
2.1458e-06
2.8491e-04
0.0000e+00
2.8610e-06
0.0000e+00
2.0981e-05
1.9073e-06
0.0000e+00
2.0027e-05
1.9073e-06
0.0000e+00
2.0981e-05
1.9073e-06
2.1386e-04
0.0000e+00
2.1458e-06
0.0000e+00
2.0027e-05
9.5367e-07
0.0000e+00
1.9073e-05
9.5367e-07
0.0000e+00
1.9789e-05
1.1921e-06
0.0000e+00
2.0027e-05
9.5367e-07
0.0000e+00
1.9073e-05
1.9073e-06
0.0000e+00
2.0027e-05
1.9073e-06
0.0000e+00
2.8133e-05
1.9073e-06
0.0000e+00
2.0027e-05
1.9073e-06
0.0000e+00
1.9789e-05
2.1458e-06
0.0000e+00
1.9073e-05
1.9073e-06
0.0000e+00
2.0027e-05
2.1458e-06
0.0000e+00
1.9789e-05
2.1458e-06
0.0000e+00
2.0027e-05
1.9073e-06
0.0000e+00
2.0027e-05
1.9073e-06
0.0000e+00
2.0027e-05
9.5367e-07
0.0000e+00
2.0027e-05
1.9073e-06
1.4439e-03
0.0000e+00
1.9073e-06
1.0014e-04
0.0000e+00
1.9073e-06
5.9605e-06
0.0000e+00
9.5367e-07
0.0000e+00
2.2173e-05
9.5367e-07
0.0000e+00
2.0027e-05
1.9073e-06
8.3494e-04
0.0000e+00
2.8610e-06
8.1062e-06
0.0000e+00
9.5367e-07
0.0000e+00
2.0981e-05
1.9073e-06
0.0000e+00
2.0981e-05
2.1458e-06
0.0000e+00
1.9073e-05
1.9073e-06
0.0000e+00
1.9073e-05
9.5367e-07
0.0000e+00
2.0027e-05
2.1458e-06
0.0000e+00
1.9073e-05
2.1458e-06
0.0000e+00
1.9073e-05
1.9073e-06
0.0000e+00
1.9073e-05
1.9073e-06
0.0000e+00
2.7895e-05
1.9073e-06
0.0000e+00
2.0027e-05
2.1458e-06
8.6093e-04
0.0000e+00
2.1458e-06
0.0000e+00
2.0027e-05
1.9073e-06
0.0000e+00
2.0027e-05
2.1458e-06
0.0000e+00
2.0027e-05
1.9073e-06
1.4496e-04
0.0000e+00
2.1458e-06
0.0000e+00
2.0027e-05
1.9073e-06
0.0000e+00
2.0027e-05
1.9073e-06
0.0000e+00
3.0994e-05
2.1458e-06
0.0000e+00
2.0027e-05
1.9073e-06
0.0000e+00
2.0027e-05
2.1458e-06
0.0000e+00
3.4094e-05
1.9073e-06
0.0000e+00
1.9073e-05
9.5367e-07
0.0000e+00
2.1219e-05
1.9073e-06
1.3299e-03
0.0000e+00
3.0994e-06
0.0000e+00
2.0027e-05
2.1458e-06
0.0000e+00
3.0994e-05
1.9073e-06
0.0000e+00
2.0027e-05
1.9073e-06
0.0000e+00
1.8835e-05
1.1921e-06
0.0000e+00
1.8835e-05
2.1458e-06
3.4690e-04
0.0000e+00
1.9073e-06
0.0000e+00
2.0027e-05
1.9073e-06
0.0000e+00
2.0027e-05
1.9073e-06
0.0000e+00
3.5048e-05
2.1458e-06
0.0000e+00
3.1948e-05
1.9073e-06
0.0000e+00
1.9789e-05
2.1458e-06
2.3007e-04
9.5367e-07
1.9073e-06
0.0000e+00
2.0027e-05
3.0994e-06
9.6083e-05
0.0000e+00
9.5367e-07
0.0000e+00
2.0981e-05
2.1458e-06
0.0000e+00
1.8835e-05
2.1458e-06
0.0000e+00
1.9073e-05
1.9073e-06
0.0000e+00
1.9073e-05
1.9073e-06
6.1417e-04
0.0000e+00
1.9073e-06
0.0000e+00
2.2173e-05
1.9073e-06
0.0000e+00
1.9073e-05
9.5367e-07
0.0000e+00
1.9789e-05
2.1458e-06
0.0000e+00
3.1948e-05
1.1921e-06
0.0000e+00
1.8835e-05
9.5367e-07
0.0000e+00
1.9073e-05
9.5367e-07
0.0000e+00
1.9073e-05
1.9073e-06
0.0000e+00
2.7895e-05
1.9073e-06
0.0000e+00
1.8835e-05
2.1458e-06
0.0000e+00
1.8835e-05
2.1458e-06
0.0000e+00
2.0981e-05
3.0994e-06
0.0000e+00
1.9073e-05
9.5367e-07
9.1004e-04
0.0000e+00
3.0994e-06
6.9141e-06
0.0000e+00
2.1458e-06
0.0000e+00
2.0981e-05
1.9073e-06
7.7009e-04
0.0000e+00
2.1458e-06
0.0000e+00
3.0994e-05
1.9073e-06
7.0810e-05
0.0000e+00
1.9073e-06
6.3896e-05
0.0000e+00
1.9073e-06
5.5075e-05
9.5367e-07
1.9073e-06
0.0000e+00
2.0027e-05
2.1458e-06
0.0000e+00
1.9073e-05
1.9073e-06
0.0000e+00
2.0027e-05
1.9073e-06
0.0000e+00
2.0027e-05
9.5367e-07
0.0000e+00
1.9073e-05
1.9073e-06
0.0000e+00
2.6941e-05
1.9073e-06
0.0000e+00
2.0027e-05
2.1458e-06
0.0000e+00
1.9073e-05
1.9073e-06
0.0000e+00
1.9073e-05
1.9073e-06
0.0000e+00
2.0027e-05
2.1458e-06
0.0000e+00
1.8835e-05
2.1458e-06
0.0000e+00
2.0027e-05
9.5367e-07
0.0000e+00
2.0027e-05
1.9073e-06
0.0000e+00
2.7180e-05
1.9073e-06
0.0000e+00
3.5048e-05
1.9073e-06
0.0000e+00
1.9789e-05
1.9073e-06
0.0000e+00
2.0981e-05
1.9073e-06
0.0000e+00
2.0027e-05
2.1458e-06
1.8051e-03
9.5367e-07
1.9073e-06
0.0000e+00
2.0981e-05
2.1458e-06
1.9884e-04
0.0000e+00
1.9073e-06
0.0000e+00
2.0981e-05
1.9073e-06
0.0000e+00
2.0027e-05
2.1458e-06
0.0000e+00
1.9789e-05
9.5367e-07
0.0000e+00
2.0981e-05
1.9073e-06
0.0000e+00
3.4094e-05
3.0994e-06
0.0000e+00
1.9789e-05
1.1921e-06
0.0000e+00
1.9073e-05
1.9073e-06
0.0000e+00
2.0027e-05
1.9073e-06
4.8494e-04
0.0000e+00
1.9073e-06
0.0000e+00
2.1219e-05
1.9073e-06
0.0000e+00
2.0027e-05
9.5367e-07
0.0000e+00
1.9073e-05
4.0531e-06
0.0000e+00
3.3140e-05
1.9073e-06
0.0000e+00
2.0027e-05
1.9073e-06
0.0000e+00
2.1219e-05
2.1458e-06
0.0000e+00
2.0027e-05
1.9073e-06
0.0000e+00
2.8133e-05
2.8610e-06
0.0000e+00
2.0981e-05
1.1921e-06
0.0000e+00
2.0027e-05
1.9073e-06
8.2302e-04
9.5367e-07
3.0994e-06
0.0000e+00
2.2173e-05
2.1458e-06
0.0000e+00
2.0027e-05
1.9073e-06
6.2799e-04
0.0000e+00
3.0994e-06
0.0000e+00
2.0027e-05
2.1458e-06
0.0000e+00
1.8835e-05
2.1458e-06
0.0000e+00
3.1948e-05
1.9073e-06
2.0480e-04
0.0000e+00
1.9073e-06
0.0000e+00
2.1935e-05
1.9073e-06
0.0000e+00
2.0027e-05
1.9073e-06
0.0000e+00
2.0027e-05
1.1921e-06
0.0000e+00
2.0027e-05
1.9073e-06
0.0000e+00
3.3140e-05
1.9073e-06
2.0003e-04
0.0000e+00
2.1458e-06
0.0000e+00
2.0981e-05
1.9073e-06
0.0000e+00
2.0027e-05
9.5367e-07
0.0000e+00
3.2902e-05
1.9073e-06
0.0000e+00
2.0027e-05
9.5367e-07
0.0000e+00
2.0027e-05
9.5367e-07
0.0000e+00
1.9073e-05
9.5367e-07
0.0000e+00
2.0027e-05
1.9073e-06
4.1199e-04
0.0000e+00
1.9073e-06
0.0000e+00
3.6001e-05
3.0994e-06
0.0000e+00
2.1935e-05
1.9073e-06
0.0000e+00
2.0981e-05
2.1458e-06
0.0000e+00
2.0981e-05
1.9073e-06
0.0000e+00
2.0027e-05
1.9073e-06
0.0000e+00
2.0027e-05
2.1458e-06
0.0000e+00
2.0981e-05
1.9073e-06
0.0000e+00
2.0981e-05
2.1458e-06
0.0000e+00
2.6941e-05
2.1458e-06
0.0000e+00
2.0981e-05
1.9073e-06
0.0000e+00
2.0981e-05
2.1458e-06
0.0000e+00
2.0981e-05
1.9073e-06
0.0000e+00
2.0027e-05
1.9073e-06
0.0000e+00
2.0027e-05
2.1458e-06
0.0000e+00
2.0027e-05
1.9073e-06
0.0000e+00
2.0981e-05
1.9073e-06
0.0000e+00
2.0981e-05
2.1458e-06
0.0000e+00
2.0027e-05
9.5367e-07
0.0000e+00
2.0027e-05
2.1458e-06
0.0000e+00
2.0027e-05
9.5367e-07
0.0000e+00
2.0027e-05
1.9073e-06
0.0000e+00
1.8835e-05
2.1458e-06
1.2228e-03
0.0000e+00
1.9073e-06
0.0000e+00
2.0981e-05
1.9073e-06
7.3910e-05
7.8678e-06
3.0994e-06
0.0000e+00
2.1935e-05
2.1458e-06
0.0000e+00
2.0981e-05
9.5367e-07
0.0000e+00
1.9789e-05
1.9073e-06
0.0000e+00
2.0981e-05
2.1458e-06
0.0000e+00
2.0981e-05
1.9073e-06
0.0000e+00
2.0027e-05
2.1458e-06
0.0000e+00
2.0981e-05
1.9073e-06
0.0000e+00
4.0054e-05
2.1458e-06
4.6492e-04
0.0000e+00
2.1458e-06
0.0000e+00
2.0981e-05
2.8610e-06
0.0000e+00
2.0027e-05
1.1921e-06
0.0000e+00
2.0027e-05
9.5367e-07
1.7810e-04
0.0000e+00
2.1458e-06
0.0000e+00
2.2888e-05
1.9073e-06
0.0000e+00
2.0981e-05
9.5367e-07
1.1611e-04
0.0000e+00
1.9073e-06
0.0000e+00
3.3855e-05
1.9073e-06
0.0000e+00
2.0981e-05
2.1458e-06
0.0000e+00
2.0981e-05
1.9073e-06
1.6904e-04
9.5367e-07
1.9073e-06
0.0000e+00
2.0027e-05
1.9073e-06
1.2302e-04
9.5367e-07
1.9073e-06
0.0000e+00
1.9789e-05
1.9073e-06
0.0000e+00
2.0027e-05
1.9073e-06
0.0000e+00
2.0027e-05
9.5367e-07
0.0000e+00
3.0041e-05
1.9073e-06
0.0000e+00
2.0981e-05
2.1458e-06
0.0000e+00
2.0981e-05
1.9073e-06
0.0000e+00
2.0027e-05
2.1458e-06
4.3583e-04
0.0000e+00
1.9073e-06
0.0000e+00
2.1219e-05
9.5367e-07
1.2612e-04
9.5367e-07
1.9073e-06
1.0109e-04
0.0000e+00
1.9073e-06
0.0000e+00
2.1219e-05
1.9073e-06
0.0000e+00
4.1962e-05
2.1458e-06
0.0000e+00
2.1935e-05
2.1458e-06
0.0000e+00
2.0981e-05
1.9073e-06
0.0000e+00
2.0981e-05
9.5367e-07
2.1386e-04
0.0000e+00
1.9073e-06
0.0000e+00
2.2173e-05
1.9073e-06
0.0000e+00
3.4094e-05
2.1458e-06
1.0490e-04
0.0000e+00
2.1458e-06
3.0041e-05
0.0000e+00
1.9073e-06
6.9857e-05
9.5367e-07
1.9073e-06
0.0000e+00
3.9101e-05
9.5367e-07
0.0000e+00
1.9789e-05
1.9073e-06
0.0000e+00
3.4094e-05
1.9073e-06
0.0000e+00
2.0981e-05
1.9073e-06
0.0000e+00
2.0027e-05
2.1458e-06
0.0000e+00
2.0027e-05
1.9073e-06
0.0000e+00
2.0027e-05
1.9073e-06
0.0000e+00
2.6941e-05
1.9073e-06
0.0000e+00
2.0027e-05
2.1458e-06
0.0000e+00
2.0027e-05
1.9073e-06
0.0000e+00
2.0027e-05
9.5367e-07
0.0000e+00
2.0027e-05
1.1921e-06
0.0000e+00
2.0027e-05
1.9073e-06
5.6601e-04
0.0000e+00
1.9073e-06
1.0610e-04
9.5367e-07
1.9073e-06
0.0000e+00
2.1219e-05
1.9073e-06
0.0000e+00
2.0981e-05
1.9073e-06
0.0000e+00
1.9073e-05
9.5367e-07
0.0000e+00
1.9789e-05
2.1458e-06
2.5702e-04
0.0000e+00
1.9073e-06
0.0000e+00
2.1219e-05
2.1458e-06
5.0068e-06
0.0000e+00
2.1458e-06
0.0000e+00
2.0027e-05
1.9073e-06
1.6212e-04
0.0000e+00
1.9073e-06
0.0000e+00
2.1219e-05
1.9073e-06
0.0000e+00
3.0041e-05
9.5367e-07
0.0000e+00
2.2173e-05
1.9073e-06
0.0000e+00
2.0981e-05
9.5367e-07
0.0000e+00
2.0981e-05
2.1458e-06
0.0000e+00
2.0981e-05
1.9073e-06
3.4308e-04
0.0000e+00
1.9073e-06
0.0000e+00
2.2173e-05
1.9073e-06
0.0000e+00
2.0027e-05
1.9073e-06
0.0000e+00
2.8133e-05
1.9073e-06
0.0000e+00
2.0027e-05
2.1458e-06
0.0000e+00
2.0027e-05
1.9073e-06
0.0000e+00
2.0027e-05
1.9073e-06
0.0000e+00
1.9789e-05
2.1458e-06
3.1090e-04
0.0000e+00
1.9073e-06
0.0000e+00
2.2173e-05
2.1458e-06
0.0000e+00
2.0981e-05
9.5367e-07
0.0000e+00
2.9087e-05
2.1458e-06
0.0000e+00
2.0027e-05
1.9073e-06
0.0000e+00
2.0981e-05
1.9073e-06
0.0000e+00
3.4094e-05
9.5367e-07
0.0000e+00
2.0027e-05
1.9073e-06
0.0000e+00
1.9789e-05
1.1921e-06
0.0000e+00
2.0027e-05
1.9073e-06
0.0000e+00
2.0027e-05
9.5367e-07
0.0000e+00
2.7895e-05
1.9073e-06
0.0000e+00
2.0027e-05
1.9073e-06
0.0000e+00
2.0027e-05
9.5367e-07
0.0000e+00
1.9789e-05
2.1458e-06
0.0000e+00
2.0027e-05
1.9073e-06
0.0000e+00
2.0027e-05
1.9073e-06
0.0000e+00
2.0027e-05
1.9073e-06
0.0000e+00
2.0027e-05
1.9073e-06
0.0000e+00
2.0981e-05
2.1458e-06
0.0000e+00
1.9789e-05
2.1458e-06
0.0000e+00
2.0027e-05
1.9073e-06
9.8300e-04
0.0000e+00
1.9073e-06
0.0000e+00
2.1935e-05
2.1458e-06
0.0000e+00
2.0027e-05
1.9073e-06
9.1076e-05
0.0000e+00
2.1458e-06
0.0000e+00
2.0981e-05
1.9073e-06
0.0000e+00
3.0994e-05
9.5367e-07
0.0000e+00
2.0027e-05
1.5020e-05
0.0000e+00
2.2173e-05
1.9073e-06
0.0000e+00
2.0027e-05
2.1458e-06
0.0000e+00
2.0981e-05
1.9073e-06
0.0000e+00
2.0981e-05
2.1458e-06
0.0000e+00
2.0981e-05
1.9073e-06
0.0000e+00
2.1219e-05
9.5367e-07
0.0000e+00
2.0981e-05
9.5367e-07
0.0000e+00
2.1219e-05
1.9073e-06
0.0000e+00
2.0027e-05
9.5367e-07
0.0000e+00
3.3855e-05
2.1458e-06
0.0000e+00
2.0027e-05
1.9073e-06
6.2990e-04
0.0000e+00
1.9073e-06
0.0000e+00
3.7909e-05
2.1458e-06
0.0000e+00
2.0981e-05
2.1458e-06
1.6904e-04
9.5367e-07
2.1458e-06
0.0000e+00
2.1935e-05
2.1458e-06
0.0000e+00
3.2902e-05
2.1458e-06
1.1492e-04
0.0000e+00
2.1458e-06
0.0000e+00
2.0981e-05
1.9073e-06
0.0000e+00
1.9789e-05
2.1458e-06
0.0000e+00
2.0027e-05
9.5367e-07
0.0000e+00
2.0027e-05
1.9073e-06
0.0000e+00
2.0027e-05
3.0994e-06
0.0000e+00
2.0981e-05
1.9073e-06
0.0000e+00
2.0981e-05
2.1458e-06
0.0000e+00
2.0027e-05
1.9073e-06
0.0000e+00
2.0027e-05
3.0994e-06
0.0000e+00
2.0027e-05
1.9073e-06
0.0000e+00
2.0027e-05
1.9073e-06
0.0000e+00
2.0027e-05
2.1458e-06
0.0000e+00
2.5988e-05
2.1458e-06
0.0000e+00
2.0981e-05
1.9073e-06
6.2394e-04
1.1921e-06
1.9073e-06
0.0000e+00
2.0981e-05
1.1921e-06
0.0000e+00
2.0027e-05
9.5367e-07
0.0000e+00
2.0027e-05
2.1458e-06
2.4986e-04
9.5367e-07
2.1458e-06
6.9141e-06
0.0000e+00
1.9073e-06
5.6982e-05
0.0000e+00
1.1921e-06
0.0000e+00
2.0981e-05
1.9073e-06
0.0000e+00
2.1219e-05
1.9073e-06
0.0000e+00
3.6955e-05
2.1458e-06
0.0000e+00
2.1935e-05
1.9073e-06
0.0000e+00
2.0981e-05
1.9073e-06
0.0000e+00
2.0981e-05
1.9073e-06
0.0000e+00
2.0981e-05
2.1458e-06
0.0000e+00
2.0981e-05
9.5367e-07
0.0000e+00
2.8133e-05
1.2677e-01
