8.5120e-03
4.0054e-05
0.0000e+00
1.1396e-04
1.6928e-05
0.0000e+00
6.1035e-05
5.9605e-06
0.0000e+00
5.8889e-05
1.2679e-03
0.0000e+00
5.9843e-05
2.8610e-06
0.0000e+00
5.6982e-05
1.9073e-06
0.0000e+00
5.9843e-05
1.9073e-06
0.0000e+00
5.6028e-05
1.9073e-06
0.0000e+00
9.4175e-05
2.8610e-06
0.0000e+00
6.4850e-05
1.9073e-06
0.0000e+00
5.6982e-05
1.9073e-06
0.0000e+00
5.6028e-05
2.4796e-04
0.0000e+00
5.5075e-05
3.0994e-06
0.0000e+00
5.6028e-05
1.9073e-06
1.5211e-04
2.1458e-06
5.0068e-06
0.0000e+00
5.9843e-05
3.0994e-06
1.5998e-04
1.1921e-06
2.8610e-06
1.1921e-04
9.5367e-07
1.9073e-06
0.0000e+00
5.9843e-05
1.9073e-06
0.0000e+00
5.4836e-05
2.1458e-06
0.0000e+00
5.6028e-05
2.4199e-04
0.0000e+00
5.4836e-05
3.0994e-06
0.0000e+00
5.5075e-05
9.0599e-06
0.0000e+00
5.4836e-05
2.4605e-04
0.0000e+00
5.6028e-05
1.9073e-06
0.0000e+00
7.7963e-05
1.3280e-04
0.0000e+00
5.6982e-05
4.0531e-06
0.0000e+00
5.4836e-05
3.6955e-05
0.0000e+00
5.4836e-05
3.0994e-06
1.6689e-04
1.1921e-06
2.1458e-06
0.0000e+00
5.6028e-05
2.1458e-06
0.0000e+00
6.2943e-05
3.0994e-06
0.0000e+00
5.6028e-05
1.0967e-05
0.0000e+00
7.5102e-05
2.8610e-06
2.8300e-04
9.5367e-07
1.9073e-06
0.0000e+00
5.6982e-05
1.9073e-06
0.0000e+00
5.6028e-05
2.1458e-06
1.0180e-03
1.1921e-06
3.0994e-06
0.0000e+00
6.0081e-05
1.9073e-06
0.0000e+00
5.6028e-05
9.5367e-07
0.0000e+00
5.6028e-05
9.5367e-07
0.0000e+00
5.6028e-05
3.0994e-06
0.0000e+00
5.8889e-05
2.1458e-06
0.0000e+00
5.6028e-05
7.7105e-04
1.1206e-05
9.5367e-07
4.8876e-05
0.0000e+00
5.6982e-05
1.9073e-06
0.0000e+00
5.6028e-05
1.9073e-06
5.7936e-05
1.1921e-06
2.1458e-06
0.0000e+00
5.7936e-05
1.9073e-06
0.0000e+00
5.4836e-05
1.9073e-06
0.0000e+00
7.2956e-05
1.9073e-06
0.0000e+00
5.9128e-05
1.9073e-06
2.0814e-04
9.5367e-07
2.1458e-06
0.0000e+00
5.6028e-05
1.5807e-04
0.0000e+00
5.6028e-05
5.0068e-06
0.0000e+00
5.4836e-05
1.9073e-06
0.0000e+00
5.6028e-05
2.1458e-06
1.6460e-03
9.5367e-07
1.9073e-06
7.8678e-06
1.1921e-06
1.1921e-06
7.1049e-05
0.0000e+00
9.5367e-07
0.0000e+00
7.9155e-05
2.1458e-06
0.0000e+00
5.5075e-05
1.9073e-06
0.0000e+00
5.5075e-05
9.5367e-07
0.0000e+00
5.4121e-05
1.1921e-06
0.0000e+00
5.2929e-05
1.9073e-06
6.0582e-04
9.5367e-07
1.9073e-06
0.0000e+00
5.8174e-05
2.1458e-06
0.0000e+00
5.6982e-05
1.9073e-06
0.0000e+00
7.3910e-05
9.4891e-05
0.0000e+00
5.6982e-05
2.1458e-06
0.0000e+00
5.5075e-05
1.1921e-05
0.0000e+00
5.5075e-05
1.9073e-06
9.9182e-05
9.5367e-07
1.9073e-06
0.0000e+00
5.4121e-05
6.1989e-05
0.0000e+00
5.5075e-05
2.1458e-06
0.0000e+00
5.6028e-05
1.5974e-05
0.0000e+00
7.4148e-05
1.0705e-04
0.0000e+00
5.5790e-05
2.1458e-06
0.0000e+00
5.5075e-05
2.1458e-06
0.0000e+00
5.5075e-05
2.1458e-06
2.5201e-04
9.5367e-07
9.5367e-07
0.0000e+00
5.5075e-05
5.3883e-05
0.0000e+00
5.5075e-05
2.8610e-06
3.8147e-06
9.5367e-07
4.8876e-05
0.0000e+00
6.2943e-05
2.8610e-06
0.0000e+00
5.8174e-05
2.1458e-06
0.0000e+00
5.5075e-05
2.3913e-04
0.0000e+00
5.4121e-05
1.9073e-06
0.0000e+00
5.5075e-05
1.9073e-06
0.0000e+00
5.5075e-05
2.1458e-06
0.0000e+00
5.4121e-05
9.5367e-07
0.0000e+00
5.4121e-05
3.0994e-06
0.0000e+00
7.0095e-05
2.4891e-04
3.8147e-06
9.5367e-07
9.5367e-07
0.0000e+00
5.6982e-05
1.9073e-06
3.0279e-04
9.5367e-07
1.9073e-06
0.0000e+00
5.4121e-05
2.1458e-06
1.3900e-04
9.5367e-07
9.5367e-07
0.0000e+00
5.6028e-05
9.5367e-07
0.0000e+00
5.3883e-05
9.5367e-07
0.0000e+00
5.3883e-05
9.5367e-07
0.0000e+00
7.2002e-05
3.0994e-06
1.0014e-05
1.1921e-06
2.1458e-06
0.0000e+00
5.7936e-05
1.9073e-06
0.0000e+00
5.6028e-05
1.9073e-06
0.0000e+00
5.5075e-05
9.5367e-07
4.9591e-04
9.5367e-07
1.9073e-06
0.0000e+00
5.6982e-05
9.5367e-07
0.0000e+00
6.1989e-05
2.1458e-06
0.0000e+00
5.6028e-05
1.9073e-06
0.0000e+00
7.4148e-05
4.0531e-06
0.0000e+00
5.5075e-05
7.8678e-06
0.0000e+00
5.6028e-05
5.0068e-06
0.0000e+00
5.4836e-05
6.9141e-06
0.0000e+00
5.4836e-05
1.9073e-06
5.7483e-04
9.5367e-07
1.9073e-06
0.0000e+00
5.6028e-05
1.9073e-06
0.0000e+00
5.6028e-05
2.1458e-06
0.0000e+00
7.7009e-05
2.8610e-06
0.0000e+00
5.5790e-05
5.0068e-05
0.0000e+00
5.6028e-05
1.9073e-06
0.0000e+00
5.5075e-05
1.9073e-06
0.0000e+00
5.4836e-05
1.9073e-06
1.4400e-04
9.5367e-07
9.5367e-07
0.0000e+00
5.5075e-05
3.0994e-06
0.0000e+00
5.7936e-05
8.1062e-06
0.0000e+00
7.2002e-05
3.0994e-06
0.0000e+00
5.6028e-05
1.8501e-04
2.1219e-04
9.5367e-07
9.5367e-07
0.0000e+00
5.6982e-05
9.5367e-07
1.7190e-04
9.5367e-07
1.9073e-06
0.0000e+00
5.6028e-05
2.5034e-05
0.0000e+00
6.0797e-05
3.0994e-06
0.0000e+00
5.5075e-05
2.1458e-06
0.0000e+00
5.5075e-05
2.8610e-06
0.0000e+00
5.7936e-05
3.0994e-06
0.0000e+00
5.6028e-05
9.5367e-07
0.0000e+00
5.5075e-05
1.9073e-06
5.0068e-06
1.1921e-06
3.0994e-05
0.0000e+00
5.6028e-05
2.1458e-06
0.0000e+00
5.3883e-05
2.1458e-06
0.0000e+00
5.3883e-05
9.5367e-07
0.0000e+00
5.3883e-05
1.9073e-06
0.0000e+00
7.2956e-05
3.0994e-06
0.0000e+00
5.6028e-05
1.9073e-06
1.3471e-03
0.0000e+00
9.5367e-07
0.0000e+00
5.7936e-05
2.1458e-06
1.4067e-05
9.5367e-07
9.5367e-07
0.0000e+00
5.6982e-05
1.9073e-06
3.1400e-04
9.5367e-07
9.5367e-07
0.0000e+00
5.6982e-05
9.5367e-07
5.0068e-06
9.5367e-07
1.4782e-05
0.0000e+00
5.6028e-05
3.0994e-06
0.0000e+00
5.7936e-05
1.9073e-06
0.0000e+00
5.6028e-05
7.5102e-05
0.0000e+00
5.4121e-05
2.1458e-06
0.0000e+00
5.4121e-05
2.1458e-06
0.0000e+00
5.4121e-05
1.1921e-06
4.0531e-06
9.5367e-07
4.2915e-05
0.0000e+00
5.6028e-05
1.9073e-05
0.0000e+00
5.4121e-05
3.0994e-06
7.1526e-06
9.5367e-07
2.8610e-06
3.7193e-05
0.0000e+00
2.5988e-05
5.5599e-04
0.0000e+00
1.9073e-06
0.0000e+00
5.8889e-05
1.9073e-06
0.0000e+00
5.5790e-05
1.9073e-06
0.0000e+00
5.3883e-05
1.9073e-06
0.0000e+00
5.4836e-05
1.9073e-06
0.0000e+00
5.3883e-05
1.6928e-05
0.0000e+00
5.6028e-05
2.8610e-06
0.0000e+00
5.6982e-05
3.0994e-06
0.0000e+00
5.6028e-05
2.0909e-04
0.0000e+00
5.6028e-05
1.9073e-06
0.0000e+00
5.5790e-05
1.9073e-06
0.0000e+00
5.3883e-05
1.9073e-06
0.0000e+00
5.4836e-05
2.9111e-04
0.0000e+00
5.4121e-05
3.0994e-06
0.0000e+00
7.1049e-05
2.8610e-06
0.0000e+00
6.1035e-05
2.1458e-06
0.0000e+00
5.5075e-05
1.9073e-06
0.0000e+00
5.4121e-05
1.9073e-06
3.4094e-05
0.0000e+00
5.9605e-06
0.0000e+00
5.6982e-05
2.3603e-04
0.0000e+00
5.4836e-05
1.6499e-04
0.0000e+00
5.5075e-05
2.8610e-06
0.0000e+00
7.2002e-05
2.8610e-06
0.0000e+00
6.3896e-05
5.2929e-05
0.0000e+00
5.6028e-05
1.9073e-06
0.0000e+00
5.6028e-05
2.1458e-06
0.0000e+00
5.5075e-05
9.5367e-07
0.0000e+00
5.5075e-05
9.5367e-07
0.0000e+00
5.5075e-05
1.9073e-06
4.2105e-04
0.0000e+00
1.1921e-06
0.0000e+00
7.2002e-05
1.9073e-06
0.0000e+00
6.4135e-05
8.2016e-05
0.0000e+00
5.6028e-05
1.9073e-06
0.0000e+00
5.4836e-05
3.0041e-05
0.0000e+00
5.5075e-05
3.7909e-05
0.0000e+00
5.4121e-05
5.9605e-06
0.0000e+00
5.5075e-05
1.9073e-06
2.1911e-04
9.5367e-07
1.9073e-06
0.0000e+00
5.6028e-05
3.0994e-06
1.3113e-05
9.5367e-07
9.5367e-07
0.0000e+00
5.7220e-05
2.8610e-06
0.0000e+00
5.4836e-05
1.9073e-06
0.0000e+00
5.4836e-05
2.1458e-06
2.3007e-04
9.5367e-07
1.9073e-06
4.0531e-06
9.5367e-07
9.5367e-07
0.0000e+00
5.6028e-05
2.1458e-06
0.0000e+00
5.5075e-05
3.0994e-06
3.4094e-04
9.5367e-07
1.9073e-06
0.0000e+00
8.2970e-05
5.6028e-05
6.9141e-06
9.5367e-07
5.1022e-05
0.0000e+00
5.4836e-05
1.3399e-04
0.0000e+00
5.4836e-05
2.1935e-05
0.0000e+00
5.6028e-05
1.9073e-06
0.0000e+00
5.3883e-05
3.0041e-05
4.0531e-06
1.1921e-06
4.9114e-05
0.0000e+00
5.5075e-05
1.6284e-04
1.0610e-04
1.1921e-06
2.1458e-06
0.0000e+00
7.2956e-05
3.0994e-06
4.0531e-06
9.5367e-07
1.9073e-06
0.0000e+00
5.6028e-05
1.9073e-06
3.8147e-06
9.5367e-07
5.4121e-05
2.9802e-04
9.5367e-07
2.1458e-06
0.0000e+00
5.6028e-05
9.5367e-07
0.0000e+00
5.5075e-05
1.0180e-04
0.0000e+00
5.6028e-05
2.1458e-06
0.0000e+00
6.2943e-05
1.9073e-06
9.0599e-06
9.5367e-07
1.9073e-06
0.0000e+00
7.6056e-05
3.0994e-06
3.3855e-05
9.5367e-07
1.4067e-05
0.0000e+00
5.5790e-05
3.9601e-04
0.0000e+00
5.5790e-05
9.0599e-06
0.0000e+00
5.5075e-05
1.9073e-06
0.0000e+00
5.3167e-05
8.2016e-05
0.0000e+00
5.6028e-05
1.9073e-06
0.0000e+00
5.4121e-05
1.9073e-06
3.1710e-04
9.5367e-07
2.1458e-06
0.0000e+00
5.7936e-05
2.1458e-06
0.0000e+00
5.5075e-05
1.9073e-06
0.0000e+00
5.4836e-05
9.5367e-07
1.3208e-04
9.5367e-07
1.1921e-06
0.0000e+00
5.6028e-05
9.5367e-07
0.0000e+00
6.1989e-05
1.9073e-06
0.0000e+00
5.3883e-05
9.5367e-07
0.0000e+00
5.4121e-05
1.9073e-06
0.0000e+00
5.7220e-05
3.0994e-06
0.0000e+00
5.5075e-05
9.0599e-06
0.0000e+00
5.6982e-05
1.1206e-04
4.1890e-04
9.5367e-07
9.5367e-07
0.0000e+00
6.1989e-05
2.1458e-06
0.0000e+00
5.4121e-05
4.6968e-05
0.0000e+00
5.4836e-05
3.0994e-06
2.3508e-04
0.0000e+00
9.5367e-07
0.0000e+00
8.2016e-05
2.1458e-06
0.0000e+00
5.5075e-05
1.1921e-06
9.2030e-05
9.5367e-07
9.5367e-07
0.0000e+00
5.5790e-05
2.1458e-06
0.0000e+00
5.6028e-05
1.9073e-06
0.0000e+00
5.4121e-05
1.8692e-04
0.0000e+00
5.5790e-05
3.0994e-06
0.0000e+00
5.4836e-05
1.9073e-06
0.0000e+00
7.2002e-05
1.9073e-06
2.4509e-04
0.0000e+00
1.1921e-06
1.5974e-05
9.5367e-07
9.5367e-07
0.0000e+00
5.8889e-05
9.5367e-07
1.0109e-04
9.5367e-07
9.5367e-07
0.0000e+00
5.5790e-05
2.1458e-06
0.0000e+00
5.5075e-05
1.9073e-06
0.0000e+00
5.5075e-05
9.5367e-07
0.0000e+00
5.4121e-05
1.4114e-04
0.0000e+00
5.5075e-05
2.8610e-06
0.0000e+00
5.6982e-05
2.1458e-06
1.6308e-04
9.5367e-07
9.5367e-07
0.0000e+00
5.5790e-05
9.5367e-07
0.0000e+00
5.3883e-05
1.9073e-06
2.5797e-04
9.5367e-07
1.9073e-06
3.8147e-06
9.5367e-07
8.1062e-06
0.0000e+00
5.8174e-05
2.1458e-06
0.0000e+00
5.5075e-05
1.7905e-04
1.0514e-04
9.5367e-07
9.5367e-07
0.0000e+00
7.4148e-05
2.8610e-06
1.1396e-04
9.5367e-07
1.9073e-06
0.0000e+00
5.6028e-05
9.5367e-07
0.0000e+00
5.3883e-05
1.9073e-06
2.4295e-04
9.5367e-07
1.9073e-06
0.0000e+00
5.6028e-05
1.1921e-06
4.0531e-06
0.0000e+00
5.9605e-06
0.0000e+00
5.6028e-05
1.9073e-06
3.8195e-04
0.0000e+00
9.5367e-07
0.0000e+00
5.6982e-05
2.8610e-06
0.0000e+00
5.6982e-05
1.1921e-06
0.0000e+00
6.1035e-05
3.8147e-06
0.0000e+00
5.4836e-05
1.9073e-06
0.0000e+00
5.3883e-05
5.9605e-06
7.1526e-06
9.5367e-07
1.9073e-06
3.6979e-04
0.0000e+00
1.9073e-06
0.0000e+00
5.6028e-05
1.9073e-06
0.0000e+00
5.5075e-05
1.9073e-06
0.0000e+00
7.2002e-05
2.1458e-06
0.0000e+00
5.6982e-05
1.6785e-04
5.9605e-06
9.5367e-07
5.0068e-05
0.0000e+00
5.6982e-05
3.0994e-06
6.6042e-05
0.0000e+00
1.9073e-06
0.0000e+00
5.6028e-05
1.9073e-06
2.9802e-04
9.5367e-07
9.5367e-07
0.0000e+00
5.5075e-05
1.9073e-06
0.0000e+00
5.5075e-05
9.5367e-07
8.5115e-05
9.5367e-07
9.5367e-07
0.0000e+00
8.1062e-05
9.2983e-05
0.0000e+00
5.5790e-05
2.1458e-06
6.4850e-05
9.5367e-07
1.9073e-06
0.0000e+00
5.5075e-05
5.5075e-05
5.0068e-06
9.5367e-07
5.0068e-05
2.4080e-05
9.5367e-07
3.0041e-05
0.0000e+00
5.5075e-05
1.9717e-04
0.0000e+00
5.4836e-05
2.1935e-05
0.0000e+00
6.1989e-05
1.9073e-06
0.0000e+00
7.3195e-05
3.0994e-06
0.0000e+00
5.6982e-05
1.9073e-06
0.0000e+00
5.4836e-05
1.9073e-06
4.1199e-04
9.5367e-07
2.1458e-06
0.0000e+00
6.0081e-05
2.1458e-06
0.0000e+00
5.3883e-05
9.5367e-07
0.0000e+00
5.3883e-05
1.7309e-04
0.0000e+00
5.6982e-05
4.0531e-06
9.4891e-05
9.5367e-07
2.1458e-06
0.0000e+00
7.7009e-05
3.6955e-05
4.0531e-06
9.5367e-07
2.1458e-06
0.0000e+00
5.6982e-05
1.9073e-06
0.0000e+00
5.4836e-05
9.5367e-07
0.0000e+00
5.3883e-05
1.9073e-06
0.0000e+00
5.5075e-05
2.1935e-05
0.0000e+00
5.5075e-05
2.8849e-05
0.0000e+00
5.5075e-05
2.1458e-06
5.0807e-04
0.0000e+00
1.9073e-06
0.0000e+00
5.7936e-05
3.3855e-05
0.0000e+00
5.4836e-05
1.9073e-06
0.0000e+00
5.6028e-05
2.1458e-06
0.0000e+00
5.4121e-05
4.0531e-06
4.0531e-06
0.0000e+00
1.1921e-06
0.0000e+00
5.5075e-05
2.0981e-05
3.5286e-04
9.5367e-07
1.9073e-06
0.0000e+00
5.7220e-05
2.1458e-06
1.5092e-04
1.1921e-06
2.1458e-06
0.0000e+00
5.9843e-05
9.5367e-07
1.8597e-04
9.5367e-07
1.9073e-06
0.0000e+00
5.6982e-05
8.7023e-05
0.0000e+00
5.6982e-05
1.9073e-06
1.3709e-04
9.5367e-07
1.9073e-06
0.0000e+00
5.4836e-05
9.5367e-07
0.0000e+00
5.4836e-05
2.8610e-06
0.0000e+00
5.4836e-05
6.9141e-06
0.0000e+00
7.2002e-05
2.8610e-06
0.0000e+00
5.6982e-05
2.1458e-06
0.0000e+00
5.5075e-05
5.9605e-06
0.0000e+00
5.4121e-05
2.1458e-06
0.0000e+00
5.5075e-05
5.0068e-06
0.0000e+00
5.5075e-05
2.1458e-06
0.0000e+00
5.5075e-05
1.0967e-05
0.0000e+00
5.5075e-05
3.0994e-06
0.0000e+00
7.2002e-05
2.8610e-06
0.0000e+00
5.4836e-05
2.1458e-06
0.0000e+00
5.5075e-05
5.0068e-06
0.0000e+00
5.6028e-05
2.1458e-06
0.0000e+00
5.5075e-05
5.0068e-06
5.6982e-04
9.5367e-07
1.9073e-06
0.0000e+00
5.5790e-05
2.1458e-06
0.0000e+00
5.4836e-05
9.5367e-07
0.0000e+00
7.2956e-05
1.9073e-06
0.0000e+00
5.6028e-05
2.9993e-04
0.0000e+00
5.6028e-05
1.3804e-04
4.1008e-05
0.0000e+00
2.0027e-05
2.1291e-04
9.5367e-07
1.9073e-06
0.0000e+00
6.0081e-05
9.5367e-07
6.8903e-05
9.5367e-07
9.5367e-07
0.0000e+00
5.6028e-05
1.9073e-06
4.0531e-06
9.5367e-07
9.5367e-07
0.0000e+00
5.6028e-05
3.0994e-06
2.0194e-04
9.5367e-07
1.9073e-06
0.0000e+00
5.8174e-05
2.1458e-06
5.0068e-06
9.5367e-07
9.5367e-07
1.9073e-05
9.5367e-07
9.5367e-07
3.1090e-04
0.0000e+00
2.1458e-06
0.0000e+00
5.7936e-05
1.9073e-06
0.0000e+00
5.5075e-05
1.9073e-06
0.0000e+00
5.6028e-05
1.9073e-06
0.0000e+00
5.5075e-05
9.5367e-07
0.0000e+00
7.2002e-05
4.0531e-06
0.0000e+00
5.6982e-05
2.8610e-06
0.0000e+00
5.3883e-05
3.0494e-04
0.0000e+00
5.6028e-05
3.0994e-06
0.0000e+00
5.5075e-05
1.9073e-06
2.3508e-04
0.0000e+00
1.9073e-06
0.0000e+00
5.4836e-05
1.9073e-06
0.0000e+00
5.3883e-05
1.9073e-06
0.0000e+00
5.4836e-05
2.6608e-04
0.0000e+00
6.5088e-05
2.8610e-06
0.0000e+00
5.4836e-05
5.9605e-06
0.0000e+00
5.4836e-05
1.9073e-06
0.0000e+00
5.4836e-05
2.1458e-06
0.0000e+00
5.3883e-05
2.1458e-06
2.3890e-04
0.0000e+00
2.1458e-06
0.0000e+00
5.5075e-05
1.1921e-06
0.0000e+00
5.4121e-05
1.5092e-04
0.0000e+00
5.7936e-05
1.9073e-06
0.0000e+00
5.4836e-05
8.1062e-06
0.0000e+00
5.6028e-05
1.9073e-06
0.0000e+00
5.5075e-05
1.9073e-06
0.0000e+00
5.3883e-05
1.9693e-04
0.0000e+00
5.4836e-05
9.5367e-07
0.0000e+00
5.4836e-05
1.9073e-06
1.2589e-04
0.0000e+00
2.1458e-06
0.0000e+00
5.9128e-05
2.1458e-06
0.0000e+00
5.6028e-05
2.8610e-06
2.1410e-04
0.0000e+00
2.1458e-06
5.9605e-06
9.5367e-07
1.9073e-06
0.0000e+00
5.6982e-05
9.5367e-07
0.0000e+00
5.4121e-05
2.1458e-06
4.0531e-06
9.5367e-07
1.1921e-06
0.0000e+00
5.5075e-05
2.1458e-06
0.0000e+00
5.5075e-05
3.0994e-06
0.0000e+00
7.2002e-05
2.8610e-06
0.0000e+00
5.4836e-05
2.1458e-06
0.0000e+00
5.5075e-05
3.0994e-06
7.1001e-04
1.1921e-06
1.1921e-06
0.0000e+00
5.6982e-05
9.5367e-07
0.0000e+00
5.5075e-05
1.9073e-06
0.0000e+00
5.4121e-05
8.0109e-05
0.0000e+00
5.4121e-05
1.9073e-06
0.0000e+00
7.1049e-05
2.8610e-06
0.0000e+00
6.1035e-05
2.1458e-06
0.0000e+00
5.6028e-05
1.9073e-06
0.0000e+00
5.5075e-05
1.9073e-06
0.0000e+00
5.5075e-05
1.9073e-06
0.0000e+00
5.4121e-05
1.9073e-06
0.0000e+00
5.4121e-05
2.1458e-06
0.0000e+00
5.3883e-05
2.8610e-06
0.0000e+00
5.6982e-05
2.1458e-06
6.0606e-04
9.5367e-07
1.9073e-06
5.0068e-06
9.5367e-07
9.5367e-07
0.0000e+00
5.6982e-05
2.1458e-06
0.0000e+00
5.6028e-05
9.5367e-07
1.5998e-04
9.5367e-07
2.1458e-06
0.0000e+00
5.6982e-05
1.1921e-06
0.0000e+00
5.3883e-05
9.5367e-07
0.0000e+00
5.2929e-05
2.1458e-06
3.4690e-04
9.5367e-07
9.5367e-07
0.0000e+00
5.8174e-05
2.1458e-06
0.0000e+00
5.5075e-05
2.1458e-06
0.0000e+00
5.5075e-05
1.1921e-06
0.0000e+00
5.5075e-05
1.1921e-06
0.0000e+00
5.5075e-05
1.1921e-06
0.0000e+00
5.5075e-05
2.6107e-04
0.0000e+00
5.6028e-05
2.8610e-06
4.0531e-06
1.1921e-06
2.7180e-05
7.4863e-05
9.5367e-07
2.8610e-06
0.0000e+00
6.0081e-05
1.9073e-06
0.0000e+00
5.6028e-05
2.1458e-06
3.9101e-04
9.5367e-07
1.9073e-06
1.0490e-04
9.5367e-07
9.5367e-07
0.0000e+00
5.6028e-05
1.1921e-06
0.0000e+00
5.5075e-05
1.1921e-06
0.0000e+00
5.5075e-05
9.5367e-07
0.0000e+00
8.1062e-05
1.9073e-06
0.0000e+00
5.8174e-05
1.1921e-06
2.2888e-04
9.5367e-07
1.9073e-06
5.0068e-06
0.0000e+00
9.5367e-07
0.0000e+00
5.6982e-05
2.1458e-06
0.0000e+00
5.5075e-05
2.1458e-06
0.0000e+00
5.5075e-05
2.1458e-06
0.0000e+00
5.6028e-05
1.9073e-06
4.1199e-04
9.5367e-07
2.1458e-06
0.0000e+00
7.2956e-05
9.0599e-06
0.0000e+00
5.8174e-05
2.1458e-06
0.0000e+00
5.5075e-05
1.3614e-04
0.0000e+00
5.5075e-05
1.9073e-06
0.0000e+00
5.4121e-05
1.0896e-04
0.0000e+00
5.6028e-05
7.1526e-06
0.0000e+00
5.4121e-05
1.9073e-06
0.0000e+00
5.5075e-05
2.5988e-05
0.0000e+00
7.7963e-05
1.0490e-04
0.0000e+00
5.5790e-05
3.0994e-06
0.0000e+00
5.5075e-05
1.9073e-06
0.0000e+00
5.4121e-05
1.9073e-06
0.0000e+00
5.4121e-05
1.1921e-06
2.4295e-04
0.0000e+00
2.1458e-06
0.0000e+00
5.6028e-05
1.9073e-06
0.0000e+00
5.6028e-05
1.9073e-06
0.0000e+00
7.2002e-05
1.4710e-04
0.0000e+00
5.6982e-05
2.0313e-04
0.0000e+00
5.6028e-05
2.8610e-06
0.0000e+00
5.5790e-05
2.1458e-06
0.0000e+00
5.3883e-05
2.1458e-06
0.0000e+00
5.5075e-05
1.4710e-04
0.0000e+00
5.5075e-05
1.9073e-06
0.0000e+00
6.5088e-05
3.0994e-06
0.0000e+00
5.6982e-05
3.0994e-06
0.0000e+00
5.5075e-05
1.9073e-06
0.0000e+00
5.6028e-05
1.9073e-06
0.0000e+00
5.4836e-05
9.5367e-07
0.0000e+00
5.4836e-05
1.9073e-06
0.0000e+00
5.5790e-05
5.0068e-06
0.0000e+00
5.4836e-05
5.0998e-04
0.0000e+00
8.1062e-05
2.8610e-06
0.0000e+00
5.4836e-05
2.1458e-06
0.0000e+00
5.3883e-05
5.9605e-06
0.0000e+00
5.4836e-05
2.1458e-06
0.0000e+00
5.5075e-05
2.1458e-06
0.0000e+00
5.5075e-05
1.9073e-06
0.0000e+00
5.6028e-05
1.9073e-06
0.0000e+00
5.4121e-05
1.9073e-06
0.0000e+00
6.9141e-05
2.8610e-06
0.0000e+00
5.5790e-05
2.6608e-04
0.0000e+00
5.6028e-05
2.3890e-04
0.0000e+00
5.6028e-05
2.1458e-06
0.0000e+00
5.5075e-05
2.8610e-06
0.0000e+00
5.5075e-05
1.9073e-06
0.0000e+00
5.3883e-05
1.5020e-05
0.0000e+00
5.5075e-05
2.8610e-06
0.0000e+00
5.6982e-05
2.1458e-06
0.0000e+00
5.6982e-05
3.5286e-04
1.1587e-04
0.0000e+00
2.1458e-06
4.0531e-06
9.5367e-07
1.9073e-06
0.0000e+00
5.7220e-05
5.1975e-05
0.0000e+00
5.3883e-05
1.9073e-06
3.8147e-06
9.5367e-07
2.1458e-06
0.0000e+00
5.6982e-05
2.8610e-06
2.8610e-06
0.0000e+00
1.9073e-05
0.0000e+00
7.3910e-05
2.8610e-06
0.0000e+00
5.4836e-05
1.9073e-06
4.6492e-04
0.0000e+00
1.9073e-06
0.0000e+00
5.7936e-05
1.9073e-06
0.0000e+00
5.6028e-05
9.5367e-07
0.0000e+00
5.4836e-05
1.9073e-06
0.0000e+00
5.4121e-05
3.6287e-04
0.0000e+00
5.6982e-05
1.5974e-05
0.0000e+00
7.2956e-05
3.0994e-06
0.0000e+00
5.6028e-05
1.9073e-06
0.0000e+00
5.5075e-05
1.9073e-06
0.0000e+00
5.4121e-05
1.9073e-06
0.0000e+00
5.5075e-05
3.0994e-06
0.0000e+00
5.6028e-05
1.9073e-06
0.0000e+00
5.5075e-05
1.9073e-06
0.0000e+00
5.5075e-05
2.8610e-06
4.7493e-04
9.5367e-07
9.5367e-07
0.0000e+00
5.8889e-05
1.9073e-06
0.0000e+00
5.6028e-05
9.5367e-07
0.0000e+00
5.5075e-05
9.5367e-07
0.0000e+00
5.3883e-05
1.9073e-06
0.0000e+00
5.3883e-05
2.5010e-04
0.0000e+00
5.5075e-05
2.1458e-06
0.0000e+00
5.5075e-05
3.0994e-06
2.1100e-04
0.0000e+00
1.9073e-06
3.8147e-06
0.0000e+00
9.0599e-06
0.0000e+00
5.6982e-05
3.0994e-06
2.3603e-04
0.0000e+00
9.5367e-07
0.0000e+00
5.5790e-05
1.9073e-06
0.0000e+00
5.3883e-05
1.4591e-04
0.0000e+00
6.1989e-05
2.8610e-06
0.0000e+00
5.4836e-05
1.0300e-04
0.0000e+00
5.6028e-05
1.9073e-06
0.0000e+00
7.8917e-05
2.8610e-06
0.0000e+00
5.6028e-05
2.1458e-06
0.0000e+00
5.6028e-05
2.1458e-06
0.0000e+00
5.5075e-05
2.1458e-06
4.0102e-04
9.5367e-07
2.1458e-06
0.0000e+00
5.7936e-05
9.5367e-07
0.0000e+00
5.4836e-05
9.5367e-07
0.0000e+00
5.3883e-05
1.9073e-06
0.0000e+00
7.3195e-05
3.0994e-06
0.0000e+00
5.6028e-05
9.5367e-07
0.0000e+00
5.6028e-05
1.9073e-06
1.5187e-04
9.5367e-07
1.1921e-06
0.0000e+00
5.6028e-05
9.5367e-07
0.0000e+00
5.5075e-05
2.1458e-06
0.0000e+00
5.2929e-05
9.5367e-07
0.0000e+00
5.2929e-05
9.5367e-07
0.0000e+00
7.9155e-05
3.4308e-04
0.0000e+00
5.5075e-05
2.8610e-06
0.0000e+00
5.6028e-05
2.1458e-06
0.0000e+00
5.6028e-05
1.6308e-04
0.0000e+00
5.4836e-05
1.9073e-06
0.0000e+00
5.4836e-05
1.6093e-04
0.0000e+00
5.6028e-05
3.0994e-06
1.4901e-04
0.0000e+00
2.1458e-06
0.0000e+00
7.2956e-05
2.8610e-06
0.0000e+00
5.6028e-05
3.0994e-06
0.0000e+00
5.4121e-05
5.0068e-06
0.0000e+00
5.4836e-05
1.9073e-06
0.0000e+00
5.3883e-05
2.8610e-06
0.0000e+00
5.4836e-05
2.1458e-06
0.0000e+00
5.3883e-05
3.0994e-06
3.3903e-04
9.5367e-07
1.9073e-06
0.0000e+00
7.2956e-05
1.9073e-06
0.0000e+00
5.6982e-05
1.9073e-06
5.0068e-06
9.5367e-07
7.8678e-06
0.0000e+00
5.6982e-05
2.8610e-06
0.0000e+00
5.5075e-05
1.9073e-06
0.0000e+00
5.4836e-05
2.1458e-06
8.7976e-05
9.5367e-07
9.5367e-07
0.0000e+00
5.5790e-05
2.1458e-06
0.0000e+00
5.5075e-05
2.1458e-06
0.0000e+00
7.3910e-05
3.0994e-06
0.0000e+00
6.2943e-05
2.1458e-06
5.7602e-04
9.5367e-07
1.9073e-06
0.0000e+00
5.5075e-05
1.9073e-06
0.0000e+00
5.3883e-05
1.9073e-06
0.0000e+00
5.4836e-05
2.1458e-06
0.0000e+00
5.5075e-05
2.1458e-06
1.4496e-04
1.1921e-06
1.1921e-06
0.0000e+00
5.5075e-05
9.9182e-05
0.0000e+00
5.6028e-05
1.8835e-05
5.9605e-06
9.5367e-07
4.9114e-05
0.0000e+00
5.6028e-05
1.9073e-06
0.0000e+00
5.5075e-05
1.9073e-06
0.0000e+00
5.4836e-05
1.9073e-06
0.0000e+00
5.4836e-05
1.9073e-06
0.0000e+00
5.3883e-05
1.9073e-06
0.0000e+00
5.4836e-05
2.1458e-06
5.4312e-04
1.1921e-06
3.0994e-06
0.0000e+00
5.9128e-05
9.5367e-07
0.0000e+00
5.5075e-05
9.5367e-07
0.0000e+00
5.4121e-05
1.1921e-06
0.0000e+00
5.5075e-05
1.1921e-06
0.0000e+00
5.5075e-05
1.1921e-06
0.0000e+00
5.2929e-05
1.9073e-06
0.0000e+00
5.4836e-05
4.0531e-06
0.0000e+00
5.9128e-05
1.9073e-06
0.0000e+00
5.5075e-05
1.9073e-06
5.8508e-04
9.5367e-07
2.1458e-06
0.0000e+00
5.6028e-05
2.1458e-06
0.0000e+00
5.5075e-05
1.9073e-06
4.0531e-06
0.0000e+00
9.5367e-07
0.0000e+00
6.0797e-05
1.6999e-04
0.0000e+00
5.4836e-05
1.8835e-05
0.0000e+00
7.2002e-05
1.9073e-06
0.0000e+00
5.6982e-05
2.1458e-06
0.0000e+00
5.5075e-05
1.9073e-06
0.0000e+00
5.4121e-05
1.9073e-06
0.0000e+00
5.5075e-05
1.9073e-06
5.0068e-06
9.5367e-07
2.1458e-06
4.2892e-04
9.5367e-07
2.1458e-06
2.0027e-05
9.5367e-07
2.1458e-06
0.0000e+00
5.7936e-05
1.9073e-06
1.0514e-04
0.0000e+00
9.5367e-07
1.5521e-04
0.0000e+00
1.9073e-06
0.0000e+00
5.9843e-05
1.9073e-06
0.0000e+00
5.3883e-05
1.9193e-04
0.0000e+00
5.6028e-05
2.1458e-06
0.0000e+00
6.2943e-05
3.0994e-06
0.0000e+00
5.4836e-05
1.6117e-04
0.0000e+00
5.5075e-05
2.1458e-06
0.0000e+00
5.4121e-05
1.5020e-05
0.0000e+00
7.2002e-05
3.0994e-06
0.0000e+00
5.5075e-05
3.1948e-05
0.0000e+00
5.5790e-05
1.2708e-04
0.0000e+00
5.6028e-05
1.9073e-06
0.0000e+00
5.4836e-05
1.7166e-05
0.0000e+00
5.6028e-05
1.9073e-06
0.0000e+00
5.5075e-05
1.9073e-06
0.0000e+00
5.5075e-05
2.8610e-06
0.0000e+00
5.6982e-05
2.1458e-06
0.0000e+00
5.5075e-05
2.1458e-06
0.0000e+00
5.6028e-05
1.9073e-06
0.0000e+00
5.5075e-05
4.2892e-04
0.0000e+00
6.1989e-05
1.9073e-06
0.0000e+00
5.5075e-05
2.1458e-06
0.0000e+00
5.5075e-05
2.1458e-06
0.0000e+00
7.2956e-05
2.8610e-06
0.0000e+00
5.6028e-05
2.1458e-06
0.0000e+00
5.6028e-05
2.4319e-04
0.0000e+00
5.4121e-05
3.0994e-06
0.0000e+00
5.6028e-05
9.9897e-05
0.0000e+00
5.6028e-05
8.1062e-06
0.0000e+00
5.6028e-05
1.9073e-06
0.0000e+00
5.3883e-05
3.0994e-06
0.0000e+00
5.6982e-05
2.1458e-06
0.0000e+00
5.5075e-05
1.9073e-06
0.0000e+00
5.5075e-05
2.2697e-04
0.0000e+00
5.5075e-05
1.7881e-05
0.0000e+00
5.4121e-05
1.2589e-04
0.0000e+00
5.3883e-05
1.9073e-06
0.0000e+00
6.1989e-05
1.0514e-04
0.0000e+00
7.2002e-05
2.8610e-06
0.0000e+00
5.5790e-05
3.0994e-06
0.0000e+00
5.3883e-05
2.1458e-06
0.0000e+00
5.5075e-05
2.1458e-06
2.2006e-04
9.5367e-07
9.5367e-07
0.0000e+00
5.6982e-05
1.9073e-06
1.8215e-04
9.5367e-07
1.9073e-06
0.0000e+00
6.2943e-05
2.1458e-06
0.0000e+00
5.4836e-05
3.0994e-06
0.0000e+00
5.6982e-05
3.0994e-06
0.0000e+00
5.3883e-05
2.1458e-06
0.0000e+00
5.5075e-05
2.1458e-06
5.0068e-06
9.5367e-07
1.9073e-06
0.0000e+00
5.5075e-05
2.1458e-06
0.0000e+00
5.4121e-05
1.5211e-04
0.0000e+00
5.4121e-05
5.0068e-06
0.0000e+00
5.4836e-05
3.0994e-06
0.0000e+00
5.6982e-05
1.9073e-06
0.0000e+00
5.4836e-05
8.1062e-06
0.0000e+00
5.6028e-05
1.9073e-06
0.0000e+00
5.4121e-05
1.9073e-06
0.0000e+00
5.3167e-05
2.1458e-06
0.0000e+00
5.4121e-05
2.1458e-06
0.0000e+00
5.5075e-05
9.5367e-07
0.0000e+00
6.8903e-05
3.0994e-06
0.0000e+00
5.6982e-05
1.9073e-06
0.0000e+00
5.4836e-05
1.9073e-06
0.0000e+00
5.3883e-05
2.4891e-04
0.0000e+00
5.3883e-05
3.0994e-06
7.6008e-04
9.5367e-07
1.9073e-06
0.0000e+00
5.6028e-05
8.2970e-05
0.0000e+00
5.4836e-05
6.9141e-06
0.0000e+00
5.4836e-05
3.0994e-06
0.0000e+00
5.6982e-05
1.9073e-06
0.0000e+00
5.4836e-05
1.9073e-06
0.0000e+00
5.5790e-05
2.1458e-06
0.0000e+00
5.5075e-05
2.1458e-06
0.0000e+00
5.4121e-05
2.1458e-06
0.0000e+00
5.5075e-05
1.9073e-06
0.0000e+00
5.4121e-05
3.5787e-04
0.0000e+00
7.9155e-05
2.8610e-06
0.0000e+00
5.6028e-05
1.9073e-06
0.0000e+00
5.5075e-05
3.0589e-04
0.0000e+00
5.5075e-05
2.8610e-06
0.0000e+00
5.4836e-05
1.9073e-06
0.0000e+00
5.4836e-05
2.1458e-06
0.0000e+00
5.3883e-05
1.1921e-06
0.0000e+00
5.5075e-05
2.1458e-06
0.0000e+00
5.7936e-05
1.7691e-04
0.0000e+00
5.6028e-05
1.3018e-04
0.0000e+00
5.5075e-05
1.0920e-04
8.2016e-05
9.5367e-07
1.9073e-06
0.0000e+00
5.6028e-05
2.1458e-06
0.0000e+00
5.5075e-05
2.1458e-06
3.0041e-05
9.5367e-07
7.8678e-06
0.0000e+00
5.4836e-05
1.9073e-06
0.0000e+00
5.4836e-05
3.0994e-06
0.0000e+00
6.3896e-05
3.0994e-06
0.0000e+00
5.3883e-05
1.9073e-06
0.0000e+00
5.3883e-05
1.9073e-06
4.7994e-04
9.5367e-07
3.0994e-06
0.0000e+00
5.8889e-05
9.5367e-07
0.0000e+00
5.4836e-05
9.5367e-07
0.0000e+00
5.3883e-05
9.5367e-07
0.0000e+00
6.1035e-05
1.9073e-06
0.0000e+00
5.6982e-05
2.1458e-06
0.0000e+00
5.5075e-05
3.0994e-06
2.4700e-04
9.5367e-07
9.5367e-07
0.0000e+00
5.6028e-05
1.9073e-06
0.0000e+00
5.5075e-05
9.5367e-07
0.0000e+00
5.4121e-05
9.5367e-07
0.0000e+00
5.5075e-05
9.5367e-07
0.0000e+00
5.4121e-05
3.0994e-06
0.0000e+00
5.7936e-05
1.9073e-06
0.0000e+00
5.5790e-05
9.5367e-07
0.0000e+00
6.1989e-05
4.2892e-04
8.8930e-05
9.5367e-07
2.1458e-06
0.0000e+00
5.6982e-05
1.7285e-04
0.0000e+00
5.6028e-05
2.1458e-06
0.0000e+00
5.4121e-05
1.0705e-04
0.0000e+00
5.6028e-05
2.8610e-06
0.0000e+00
5.6982e-05
2.1458e-06
1.0490e-04
9.5367e-07
9.5367e-07
0.0000e+00
5.6982e-05
2.1458e-06
0.0000e+00
5.4836e-05
2.1458e-06
0.0000e+00
5.6028e-05
1.9073e-06
0.0000e+00
5.3167e-05
2.1458e-06
4.0531e-06
9.5367e-07
1.9073e-06
3.7813e-04
9.5367e-07
2.1458e-06
3.8147e-06
9.5367e-07
9.5367e-07
0.0000e+00
7.5102e-05
1.0014e-05
4.0531e-06
9.5367e-07
1.9073e-06
4.0531e-06
0.0000e+00
3.0994e-06
0.0000e+00
5.7936e-05
1.9073e-06
9.5129e-05
9.5367e-07
9.5367e-07
4.6611e-04
9.5367e-07
1.1921e-06
0.0000e+00
6.1989e-05
1.9073e-06
0.0000e+00
5.5075e-05
1.9073e-06
0.0000e+00
5.5075e-05
9.1076e-05
0.0000e+00
5.5075e-05
2.0981e-05
0.0000e+00
7.2002e-05
3.0994e-06
0.0000e+00
5.6028e-05
1.9073e-06
2.3484e-04
0.0000e+00
2.1458e-06
0.0000e+00
5.6028e-05
9.5367e-07
9.4891e-05
9.5367e-07
1.9073e-06
0.0000e+00
6.1989e-05
2.8610e-06
0.0000e+00
5.4836e-05
9.5367e-07
2.0790e-04
0.0000e+00
9.5367e-07
2.5487e-04
0.0000e+00
2.1458e-06
0.0000e+00
5.6982e-05
2.8610e-06
0.0000e+00
5.6982e-05
1.1921e-06
0.0000e+00
5.5075e-05
9.5367e-07
0.0000e+00
5.3883e-05
1.9073e-06
0.0000e+00
5.4121e-05
9.5367e-07
0.0000e+00
6.1035e-05
2.8610e-06
0.0000e+00
5.3883e-05
1.9073e-06
2.7394e-04
1.1921e-06
1.1921e-06
0.0000e+00
5.6028e-05
3.2902e-05
0.0000e+00
5.6028e-05
1.9073e-06
0.0000e+00
5.3883e-05
1.9073e-06
0.0000e+00
5.3883e-05
1.9073e-06
1.3280e-04
9.5367e-07
1.9073e-06
0.0000e+00
5.6028e-05
1.9073e-06
0.0000e+00
5.6028e-05
3.0994e-06
0.0000e+00
5.5075e-05
3.0994e-06
0.0000e+00
5.5075e-05
1.9073e-06
0.0000e+00
5.7936e-05
2.8610e-06
0.0000e+00
5.4836e-05
2.1458e-06
0.0000e+00
5.5075e-05
3.0994e-06
0.0000e+00
5.5075e-05
1.9073e-06
0.0000e+00
5.5075e-05
2.8610e-06
0.0000e+00
5.4836e-05
1.9073e-06
0.0000e+00
5.4836e-05
7.4291e-04
0.0000e+00
7.2002e-05
2.8610e-06
0.0000e+00
5.6982e-05
2.1458e-06
4.0531e-06
9.5367e-07
1.9073e-06
2.8610e-06
9.5367e-07
3.0041e-05
3.1900e-04
1.1921e-06
2.1458e-06
0.0000e+00
5.6982e-05
9.5367e-07
0.0000e+00
5.5075e-05
2.8610e-06
0.0000e+00
5.2929e-05
1.8835e-05
0.0000e+00
5.4836e-05
1.9073e-06
0.0000e+00
6.9857e-05
2.1458e-06
4.7922e-05
9.5367e-07
9.5367e-07
0.0000e+00
5.6982e-05
1.9073e-06
0.0000e+00
5.3883e-05
1.9073e-06
0.0000e+00
5.6982e-05
1.9073e-06
0.0000e+00
5.3167e-05
2.1458e-06
0.0000e+00
5.4121e-05
2.1458e-06
0.0000e+00
5.4121e-05
3.0994e-06
0.0000e+00
6.1035e-05
3.8147e-06
6.8998e-04
9.5367e-07
9.5367e-07
4.0531e-06
0.0000e+00
9.5367e-07
0.0000e+00
5.8889e-05
9.5367e-07
0.0000e+00
5.3883e-05
9.5367e-07
0.0000e+00
6.0081e-05
1.9073e-06
0.0000e+00
5.5075e-05
1.9073e-06
0.0000e+00
5.4121e-05
3.9220e-04
0.0000e+00
5.5075e-05
3.0994e-06
6.5088e-05
9.5367e-07
2.1458e-06
0.0000e+00
5.7936e-05
1.9073e-06
3.8147e-06
9.5367e-07
1.8835e-05
0.0000e+00
5.6028e-05
1.9073e-06
0.0000e+00
5.3883e-05
1.9073e-06
0.0000e+00
5.5075e-05
7.1526e-06
0.0000e+00
5.5075e-05
2.1458e-06
0.0000e+00
5.2929e-05
3.0994e-06
0.0000e+00
5.5075e-05
3.0994e-06
0.0000e+00
5.7220e-05
2.1458e-06
0.0000e+00
5.6028e-05
1.9073e-06
7.2503e-04
1.1921e-06
2.1458e-06
0.0000e+00
5.6982e-05
9.5367e-07
0.0000e+00
5.5790e-05
1.0300e-04
0.0000e+00
5.5075e-05
4.0531e-06
0.0000e+00
5.5075e-05
1.9073e-06
0.0000e+00
5.4121e-05
1.9073e-06
4.0531e-06
9.5367e-07
3.0994e-05
0.0000e+00
5.8889e-05
1.9073e-06
0.0000e+00
5.3883e-05
2.1458e-06
0.0000e+00
5.4121e-05
2.1458e-06
0.0000e+00
6.1989e-05
6.9141e-06
0.0000e+00
5.4836e-05
3.9792e-04
0.0000e+00
5.4836e-05
3.0994e-06
1.1206e-04
0.0000e+00
1.9073e-06
0.0000e+00
5.9128e-05
4.0531e-06
0.0000e+00
5.8889e-05
2.8610e-06
0.0000e+00
5.3883e-05
1.9073e-06
5.0068e-06
9.5367e-07
1.9073e-06
0.0000e+00
5.6028e-05
1.9073e-06
0.0000e+00
5.5075e-05
2.1458e-06
0.0000e+00
5.5075e-05
2.1458e-06
0.0000e+00
5.5075e-05
1.9073e-06
4.5013e-04
9.5367e-07
1.9073e-06
0.0000e+00
7.3195e-05
5.9128e-05
0.0000e+00
5.6028e-05
1.9073e-06
0.0000e+00
6.2227e-05
2.1458e-06
0.0000e+00
5.5075e-05
8.1062e-06
0.0000e+00
5.5075e-05
2.0790e-04
0.0000e+00
5.4121e-05
6.4850e-05
0.0000e+00
5.5075e-05
5.6028e-05
0.0000e+00
5.5790e-05
3.0994e-06
0.0000e+00
5.8174e-05
2.1458e-06
0.0000e+00
5.4121e-05
2.1458e-06
0.0000e+00
5.5075e-05
1.9073e-06
0.0000e+00
5.6028e-05
1.9073e-06
0.0000e+00
5.4836e-05
1.9073e-06
3.6097e-04
9.5367e-07
9.5367e-07
0.0000e+00
5.6028e-05
2.1458e-06
0.0000e+00
5.5075e-05
1.9073e-06
1.3518e-04
9.5367e-07
9.5367e-07
0.0000e+00
5.8174e-05
2.1458e-06
2.6393e-04
9.5367e-07
1.9073e-06
0.0000e+00
5.7220e-05
9.5367e-07
5.0068e-06
9.5367e-07
9.5367e-07
0.0000e+00
5.6028e-05
9.5367e-07
1.3113e-04
9.5367e-07
9.5367e-07
0.0000e+00
5.4836e-05
9.5367e-07
0.0000e+00
5.3883e-05
2.4009e-04
0.0000e+00
7.1049e-05
2.8610e-06
0.0000e+00
5.6982e-05
6.1989e-06
4.0531e-06
9.5367e-07
9.5367e-07
2.0599e-04
9.5367e-07
2.1458e-06
0.0000e+00
5.6028e-05
9.5367e-07
0.0000e+00
5.5075e-05
9.5367e-07
2.1291e-04
9.5367e-07
2.1458e-06
0.0000e+00
5.6028e-05
1.9073e-06
0.0000e+00
5.5075e-05
2.1458e-06
0.0000e+00
5.4121e-05
1.9073e-06
0.0000e+00
6.3896e-05
1.9073e-06
0.0000e+00
5.4121e-05
3.0994e-06
0.0000e+00
5.5075e-05
1.9073e-06
0.0000e+00
5.3883e-05
2.8610e-06
0.0000e+00
5.4836e-05
3.3092e-04
0.0000e+00
5.4836e-05
2.1458e-06
0.0000e+00
5.2929e-05
2.9492e-04
7.1526e-06
9.5367e-07
3.1948e-05
6.2943e-05
9.5367e-07
2.1458e-06
0.0000e+00
5.8889e-05
2.1458e-06
0.0000e+00
5.3883e-05
1.5974e-05
0.0000e+00
5.6028e-05
1.5211e-04
0.0000e+00
5.6028e-05
2.8610e-06
0.0000e+00
5.4836e-05
2.1458e-06
0.0000e+00
5.3883e-05
2.1458e-06
0.0000e+00
5.3883e-05
3.0994e-06
0.0000e+00
6.3896e-05
2.8610e-04
0.0000e+00
5.5075e-05
1.9073e-06
4.0531e-06
9.5367e-07
4.6015e-05
0.0000e+00
5.4836e-05
1.9073e-06
1.9097e-04
9.5367e-07
9.5367e-07
3.2187e-05
9.5367e-07
9.5367e-07
0.0000e+00
5.5075e-05
1.9073e-06
0.0000e+00
5.5075e-05
2.1458e-06
7.1526e-06
9.5367e-07
1.9073e-06
0.0000e+00
8.1062e-05
2.8610e-06
0.0000e+00
5.5075e-05
2.1458e-06
0.0000e+00
5.5075e-05
2.1458e-06
0.0000e+00
5.4121e-05
2.1458e-06
0.0000e+00
5.5075e-05
2.1458e-06
0.0000e+00
5.5075e-05
2.1458e-06
0.0000e+00
5.4121e-05
1.1921e-06
0.0000e+00
5.4121e-05
2.1458e-06
0.0000e+00
7.3910e-05
2.8610e-06
0.0000e+00
5.6028e-05
2.1458e-06
8.3995e-04
1.1921e-06
2.1458e-06
0.0000e+00
5.6982e-05
9.5367e-07
5.0068e-06
9.5367e-07
2.1458e-06
0.0000e+00
5.6028e-05
9.5367e-07
0.0000e+00
5.4121e-05
1.9073e-06
0.0000e+00
5.3167e-05
8.8215e-05
0.0000e+00
6.1035e-05
5.3883e-05
0.0000e+00
5.6982e-05
2.1458e-06
1.8501e-04
0.0000e+00
1.9073e-06
9.8944e-05
9.5367e-07
9.5367e-07
0.0000e+00
5.5790e-05
2.1458e-06
0.0000e+00
5.4836e-05
2.1458e-06
0.0000e+00
5.4836e-05
2.1458e-06
3.2902e-04
1.1921e-06
3.0994e-06
0.0000e+00
5.7936e-05
9.5367e-07
0.0000e+00
5.3883e-05
2.1458e-06
0.0000e+00
5.7936e-05
9.5367e-07
2.0003e-04
9.5367e-07
1.9073e-06
0.0000e+00
5.7936e-05
9.5367e-07
0.0000e+00
5.5075e-05
2.1458e-06
0.0000e+00
5.4121e-05
2.1458e-06
0.0000e+00
5.2929e-05
1.9193e-04
2.0194e-04
9.5367e-07
9.5367e-07
0.0000e+00
5.6028e-05
1.9073e-06
0.0000e+00
7.2956e-05
8.7976e-05
2.5988e-05
1.1921e-06
5.4121e-05
0.0000e+00
5.6982e-05
1.9073e-06
0.0000e+00
5.4836e-05
1.1921e-06
0.0000e+00
5.5075e-05
8.6784e-05
0.0000e+00
5.6028e-05
2.1458e-06
1.7095e-04
9.5367e-07
1.9073e-06
0.0000e+00
5.6982e-05
1.9073e-06
1.0800e-04
0.0000e+00
9.5367e-07
0.0000e+00
5.5075e-05
1.9073e-06
4.0531e-06
9.5367e-07
9.5367e-07
0.0000e+00
5.9128e-05
2.1458e-06
4.0531e-06
9.5367e-07
1.9073e-06
4.2105e-04
0.0000e+00
2.1458e-06
0.0000e+00
5.7936e-05
4.5061e-05
0.0000e+00
5.5075e-05
2.1458e-06
0.0000e+00
5.5075e-05
2.1458e-06
0.0000e+00
5.4121e-05
1.3304e-04
0.0000e+00
5.4836e-05
4.5061e-05
0.0000e+00
5.8174e-05
1.9073e-06
0.0000e+00
5.3883e-05
2.1935e-05
0.0000e+00
5.6982e-05
1.6189e-04
0.0000e+00
5.7220e-05
2.1458e-06
0.0000e+00
5.5075e-05
2.1458e-06
2.4080e-05
9.5367e-07
2.1935e-05
0.0000e+00
5.4836e-05
1.9073e-06
0.0000e+00
5.4836e-05
2.8610e-06
0.0000e+00
5.6982e-05
1.9073e-06
0.0000e+00
5.4121e-05
1.3519e-01
