6.1700e-03
3.6001e-05
1.8840e-03
5.9605e-06
7.1526e-06
0.0000e+00
9.7036e-05
1.1921e-06
0.0000e+00
5.7936e-05
2.8610e-06
5.0068e-06
1.1921e-06
7.8678e-06
0.0000e+00
6.1989e-05
1.9073e-06
0.0000e+00
5.5075e-05
1.9073e-06
0.0000e+00
5.5075e-05
9.5367e-07
0.0000e+00
5.4121e-05
9.5367e-07
3.2902e-04
1.1921e-06
2.1458e-06
6.9141e-06
1.1921e-06
1.1921e-06
0.0000e+00
6.0081e-05
4.0531e-06
0.0000e+00
5.6028e-05
3.0994e-06
1.6212e-04
9.5367e-07
9.5367e-07
0.0000e+00
5.5075e-05
9.5367e-07
1.9002e-04
1.1921e-06
1.9073e-06
5.9605e-06
9.5367e-07
9.5367e-07
0.0000e+00
5.7936e-05
9.5367e-07
0.0000e+00
5.3883e-05
9.5367e-07
0.0000e+00
7.8201e-05
3.0994e-06
0.0000e+00
5.6028e-05
3.2592e-04
0.0000e+00
5.4836e-05
3.0994e-06
0.0000e+00
5.4121e-05
9.0599e-06
0.0000e+00
5.2929e-05
2.4891e-04
0.0000e+00
5.6982e-05
1.9073e-06
0.0000e+00
5.4836e-05
1.5593e-04
0.0000e+00
5.5790e-05
2.8610e-06
0.0000e+00
5.6982e-05
2.0027e-05
0.0000e+00
5.6028e-05
2.1458e-06
0.0000e+00
5.5075e-05
1.9073e-06
0.0000e+00
5.5075e-05
6.9141e-06
0.0000e+00
5.5075e-05
1.9073e-06
0.0000e+00
5.5075e-05
1.9073e-06
0.0000e+00
5.5790e-05
2.1458e-06
0.0000e+00
7.2956e-05
2.8610e-06
0.0000e+00
5.4836e-05
1.9073e-06
0.0000e+00
5.3883e-05
1.9073e-06
0.0000e+00
5.5075e-05
1.9073e-06
0.0000e+00
5.4121e-05
1.9073e-06
0.0000e+00
5.3167e-05
2.1458e-06
0.0000e+00
5.4121e-05
2.1458e-06
0.0000e+00
5.4121e-05
3.0994e-06
2.1689e-03
9.5367e-07
1.9073e-06
0.0000e+00
6.0081e-05
6.9141e-06
0.0000e+00
6.1989e-05
2.1458e-06
0.0000e+00
5.4836e-05
9.5367e-07
0.0000e+00
5.4836e-05
1.9073e-06
0.0000e+00
5.3883e-05
1.9073e-06
1.3113e-04
0.0000e+00
9.5367e-07
2.2602e-04
9.5367e-07
1.1921e-06
0.0000e+00
5.6028e-05
1.9073e-06
0.0000e+00
5.6982e-05
2.1458e-06
0.0000e+00
5.3883e-05
9.5367e-07
0.0000e+00
5.2929e-05
8.8930e-05
0.0000e+00
5.5790e-05
5.0068e-06
0.0000e+00
5.3883e-05
1.9073e-06
1.6820e-03
1.9073e-06
3.0994e-06
0.0000e+00
6.1035e-05
2.1458e-06
0.0000e+00
6.1035e-05
1.9073e-06
0.0000e+00
7.7009e-05
1.9073e-06
1.7405e-04
0.0000e+00
9.5367e-07
0.0000e+00
5.6982e-05
9.5367e-07
0.0000e+00
5.5075e-05
9.5367e-07
0.0000e+00
5.4121e-05
9.5367e-07
0.0000e+00
5.4121e-05
1.1921e-06
0.0000e+00
5.3883e-05
1.9073e-06
0.0000e+00
5.4121e-05
3.3903e-04
4.0054e-05
1.6928e-05
3.0994e-06
0.0000e+00
6.1035e-05
1.2994e-04
0.0000e+00
5.5790e-05
2.1458e-06
0.0000e+00
5.2929e-05
1.5974e-05
0.0000e+00
5.3167e-05
2.1458e-06
0.0000e+00
5.4121e-05
2.1458e-06
0.0000e+00
5.3167e-05
1.1110e-04
0.0000e+00
5.3883e-05
4.0531e-06
1.2898e-04
9.5367e-07
1.9073e-06
0.0000e+00
5.8889e-05
4.1962e-05
0.0000e+00
5.4836e-05
3.0994e-06
0.0000e+00
5.4836e-05
1.9073e-06
0.0000e+00
5.3883e-05
1.9073e-06
0.0000e+00
5.4836e-05
1.9073e-06
0.0000e+00
5.4836e-05
2.5392e-04
0.0000e+00
5.4836e-05
1.9073e-06
3.8147e-06
0.0000e+00
3.2902e-05
0.0000e+00
6.6996e-05
5.9605e-06
0.0000e+00
5.4836e-05
2.1458e-06
0.0000e+00
5.4836e-05
2.5105e-04
0.0000e+00
5.4121e-05
2.8610e-06
0.0000e+00
5.4121e-05
1.9073e-06
1.8406e-04
9.5367e-07
9.5367e-07
0.0000e+00
5.4836e-05
9.5367e-07
3.8147e-06
1.1921e-06
1.1921e-06
0.0000e+00
7.3910e-05
1.5807e-04
0.0000e+00
5.5790e-05
2.1458e-06
0.0000e+00
5.3883e-05
2.1458e-06
0.0000e+00
5.3883e-05
1.9073e-06
0.0000e+00
5.4836e-05
1.9073e-06
0.0000e+00
5.4121e-05
2.1458e-06
0.0000e+00
5.3883e-05
1.9073e-06
0.0000e+00
5.4836e-05
3.0994e-06
0.0000e+00
5.7936e-05
1.9073e-06
0.0000e+00
5.5075e-05
2.4486e-04
0.0000e+00
5.5790e-05
1.3113e-05
0.0000e+00
5.4121e-05
4.0531e-06
0.0000e+00
5.4121e-05
2.1458e-06
2.7895e-04
9.5367e-07
1.9073e-06
0.0000e+00
5.6028e-05
9.5367e-07
0.0000e+00
5.4121e-05
1.9073e-06
0.0000e+00
7.5102e-05
3.0994e-06
0.0000e+00
5.5075e-05
7.8678e-06
6.9141e-06
9.5367e-07
4.0531e-06
0.0000e+00
6.2943e-05
1.9073e-06
0.0000e+00
5.4836e-05
1.9073e-06
7.3600e-04
9.5367e-07
9.5367e-07
0.0000e+00
5.4121e-05
1.9073e-06
0.0000e+00
5.4121e-05
1.1921e-06
0.0000e+00
6.0081e-05
6.6996e-05
0.0000e+00
5.8889e-05
1.9073e-06
0.0000e+00
5.4121e-05
1.8835e-05
0.0000e+00
5.3883e-05
8.7976e-05
2.5034e-05
1.1921e-06
3.0041e-05
0.0000e+00
5.6028e-05
1.9073e-06
0.0000e+00
5.4836e-05
1.9073e-06
0.0000e+00
5.4836e-05
1.9073e-06
1.0300e-04
9.5367e-07
2.1458e-06
0.0000e+00
7.5102e-05
4.0531e-06
3.2020e-04
9.5367e-07
9.5367e-07
0.0000e+00
5.6028e-05
1.9073e-06
0.0000e+00
5.3883e-05
1.9073e-06
2.8300e-04
9.5367e-07
9.5367e-07
0.0000e+00
5.6028e-05
2.1458e-06
0.0000e+00
5.2929e-05
4.2915e-05
0.0000e+00
6.0797e-05
1.9073e-06
0.0000e+00
5.2929e-05
3.0994e-06
0.0000e+00
5.6982e-05
9.5367e-07
1.3995e-04
0.0000e+00
9.5367e-07
0.0000e+00
5.6028e-05
9.5367e-07
1.5306e-04
1.1921e-06
9.5367e-07
0.0000e+00
5.4836e-05
9.5367e-07
0.0000e+00
5.5075e-05
9.5367e-07
0.0000e+00
5.4121e-05
1.1921e-06
0.0000e+00
5.5075e-05
1.0014e-05
1.1160e-03
9.5367e-07
2.1458e-06
0.0000e+00
5.9128e-05
2.1458e-06
1.0490e-04
0.0000e+00
1.1921e-06
0.0000e+00
5.6028e-05
9.5367e-07
0.0000e+00
5.2929e-05
1.9073e-06
0.0000e+00
5.5075e-05
9.5367e-07
0.0000e+00
5.4121e-05
9.5367e-07
0.0000e+00
5.3883e-05
9.5367e-07
2.3317e-04
9.5367e-07
9.5367e-07
0.0000e+00
7.2956e-05
3.0994e-06
0.0000e+00
6.6042e-05
1.9073e-06
0.0000e+00
5.6028e-05
9.5367e-07
0.0000e+00
5.5075e-05
6.7949e-05
0.0000e+00
5.4121e-05
2.1458e-06
0.0000e+00
5.5075e-05
1.9073e-06
0.0000e+00
5.4121e-05
2.1458e-06
4.0531e-06
9.5367e-07
4.3869e-05
0.0000e+00
6.8903e-05
5.0068e-06
0.0000e+00
5.6982e-05
2.1458e-06
0.0000e+00
5.4121e-05
2.1458e-06
2.8610e-06
0.0000e+00
2.5988e-05
0.0000e+00
5.6028e-05
2.1458e-06
0.0000e+00
5.5075e-05
5.0902e-04
0.0000e+00
5.5075e-05
2.1458e-06
0.0000e+00
5.4121e-05
9.5367e-07
0.0000e+00
5.5075e-05
2.8610e-06
2.3985e-04
1.1921e-06
2.1458e-06
0.0000e+00
6.6042e-05
2.1458e-06
0.0000e+00
5.5075e-05
9.5367e-07
0.0000e+00
5.3883e-05
2.5034e-05
0.0000e+00
5.3167e-05
3.0994e-06
0.0000e+00
5.4121e-05
1.9073e-06
0.0000e+00
5.3167e-05
2.1458e-06
0.0000e+00
5.4121e-05
2.7895e-04
0.0000e+00
5.6028e-05
1.9073e-06
0.0000e+00
5.4836e-05
1.9073e-06
0.0000e+00
6.0081e-05
9.0599e-06
0.0000e+00
5.5075e-05
4.0531e-06
1.5306e-04
0.0000e+00
1.9073e-06
0.0000e+00
5.5790e-05
9.5367e-07
0.0000e+00
5.2929e-05
1.3685e-04
0.0000e+00
5.3883e-05
1.4997e-04
0.0000e+00
5.6982e-05
2.1458e-06
0.0000e+00
5.4121e-05
2.1458e-06
0.0000e+00
6.0081e-05
7.6056e-05
0.0000e+00
5.3883e-05
1.9073e-06
0.0000e+00
5.4121e-05
6.9141e-06
0.0000e+00
5.5075e-05
2.8610e-06
3.6812e-04
9.5367e-07
9.5367e-07
0.0000e+00
5.5075e-05
1.9073e-06
0.0000e+00
5.7936e-05
1.9073e-06
0.0000e+00
5.5075e-05
2.1458e-06
0.0000e+00
5.5075e-05
1.3995e-04
1.6928e-05
9.5367e-07
3.7909e-05
0.0000e+00
5.6982e-05
3.0041e-05
0.0000e+00
5.4121e-05
3.9101e-05
0.0000e+00
5.4121e-05
5.9605e-06
1.4591e-04
0.0000e+00
2.1458e-06
0.0000e+00
7.2956e-05
9.5367e-07
0.0000e+00
5.6028e-05
5.0068e-06
0.0000e+00
5.4121e-05
1.9073e-06
0.0000e+00
5.3167e-05
1.1921e-06
0.0000e+00
6.1989e-05
2.8610e-06
0.0000e+00
5.4121e-05
1.4782e-05
0.0000e+00
5.2929e-05
4.0531e-06
0.0000e+00
5.4121e-05
3.0994e-06
0.0000e+00
5.6982e-05
1.9073e-06
0.0000e+00
5.3883e-05
1.9073e-06
0.0000e+00
5.2929e-05
1.9073e-06
0.0000e+00
5.4121e-05
5.1093e-04
0.0000e+00
5.6028e-05
2.8610e-06
0.0000e+00
5.3883e-05
1.3590e-04
0.0000e+00
5.3883e-05
2.1935e-05
0.0000e+00
7.1049e-05
3.0994e-06
0.0000e+00
5.6028e-05
1.2875e-05
4.0531e-06
0.0000e+00
5.0068e-05
0.0000e+00
5.6028e-05
1.6189e-04
0.0000e+00
6.1989e-05
1.9073e-06
0.0000e+00
5.5075e-05
5.9605e-06
6.5088e-05
9.5367e-07
9.5367e-07
0.0000e+00
5.5075e-05
1.9073e-06
5.9605e-06
0.0000e+00
5.4121e-05
0.0000e+00
5.5075e-05
3.0994e-06
0.0000e+00
5.9128e-05
1.9073e-06
0.0000e+00
5.4121e-05
3.2282e-04
1.1301e-04
1.1921e-06
1.9073e-06
5.0068e-06
9.5367e-07
9.5367e-07
0.0000e+00
5.9128e-05
2.1458e-06
0.0000e+00
5.3883e-05
1.9073e-06
3.8147e-06
0.0000e+00
1.5974e-05
0.0000e+00
5.3883e-05
3.9792e-04
0.0000e+00
5.6982e-05
3.0994e-06
0.0000e+00
5.6028e-05
1.9073e-06
0.0000e+00
5.4836e-05
6.6042e-05
1.2803e-04
9.5367e-07
9.5367e-07
0.0000e+00
5.6028e-05
2.1458e-06
0.0000e+00
5.4121e-05
3.0994e-06
0.0000e+00
5.6982e-05
9.5367e-07
0.0000e+00
5.5075e-05
1.9073e-06
0.0000e+00
5.4121e-05
3.0994e-06
0.0000e+00
5.8889e-05
5.9605e-06
0.0000e+00
5.6028e-05
2.1458e-06
0.0000e+00
5.3883e-05
6.9141e-06
0.0000e+00
5.3883e-05
1.9073e-06
0.0000e+00
5.3883e-05
6.9141e-06
0.0000e+00
5.3883e-05
3.0994e-06
0.0000e+00
5.6028e-05
1.9073e-06
0.0000e+00
7.2002e-05
3.7289e-04
0.0000e+00
5.7936e-05
1.9073e-06
0.0000e+00
5.4121e-05
1.9073e-06
0.0000e+00
5.5075e-05
4.1699e-04
0.0000e+00
5.6028e-05
1.9073e-06
0.0000e+00
5.4121e-05
1.9073e-06
1.8597e-04
0.0000e+00
1.1921e-06
0.0000e+00
5.5075e-05
1.1921e-06
0.0000e+00
5.3883e-05
3.0994e-06
0.0000e+00
5.6982e-05
6.6996e-05
0.0000e+00
5.5075e-05
2.8610e-06
0.0000e+00
5.3883e-05
2.2793e-04
0.0000e+00
5.6028e-05
1.1921e-06
0.0000e+00
5.2929e-05
1.9073e-06
0.0000e+00
5.3883e-05
2.8610e-06
0.0000e+00
5.4836e-05
9.5367e-07
0.0000e+00
7.3910e-05
2.8610e-06
2.7490e-04
9.5367e-07
2.1458e-06
0.0000e+00
5.4836e-05
9.5367e-07
0.0000e+00
6.1989e-05
2.1458e-06
4.0531e-06
9.5367e-07
1.2875e-05
0.0000e+00
5.6982e-05
2.1458e-06
0.0000e+00
5.4121e-05
1.6308e-04
0.0000e+00
5.4121e-05
3.0994e-06
0.0000e+00
5.5075e-05
2.8610e-06
0.0000e+00
5.6982e-05
2.1458e-06
0.0000e+00
5.5075e-05
2.1458e-06
0.0000e+00
5.5075e-05
2.1458e-06
0.0000e+00
5.3883e-05
3.0994e-06
0.0000e+00
5.3883e-05
2.7990e-04
0.0000e+00
5.6028e-05
2.1458e-06
0.0000e+00
5.2929e-05
1.8001e-04
0.0000e+00
7.0810e-05
3.0994e-06
0.0000e+00
5.6028e-05
1.9073e-06
0.0000e+00
5.4121e-05
2.1458e-06
0.0000e+00
5.3883e-05
9.0599e-06
0.0000e+00
5.4121e-05
4.0531e-06
0.0000e+00
5.3883e-05
9.5367e-07
0.0000e+00
6.1989e-05
1.9073e-06
0.0000e+00
5.4836e-05
2.5296e-04
1.2207e-04
1.6928e-05
1.9073e-06
0.0000e+00
5.9128e-05
2.8610e-06
0.0000e+00
5.6028e-05
5.9605e-06
0.0000e+00
5.5075e-05
9.5367e-07
0.0000e+00
5.4121e-05
2.1791e-04
0.0000e+00
5.6982e-05
2.1458e-06
4.0531e-06
9.5367e-07
2.8610e-06
0.0000e+00
5.4836e-05
5.2929e-05
0.0000e+00
5.5790e-05
3.0994e-06
3.1996e-04
1.1921e-06
1.1921e-06
0.0000e+00
5.6982e-05
9.5367e-07
0.0000e+00
5.5075e-05
9.5367e-07
0.0000e+00
5.4121e-05
2.2221e-04
0.0000e+00
5.6028e-05
1.9073e-06
0.0000e+00
5.5075e-05
2.1458e-06
0.0000e+00
5.4121e-05
1.1921e-06
1.8501e-04
0.0000e+00
9.5367e-07
0.0000e+00
7.5102e-05
1.9073e-06
0.0000e+00
5.3167e-05
1.9073e-06
0.0000e+00
5.6982e-05
5.0068e-06
0.0000e+00
5.6028e-05
9.5367e-07
0.0000e+00
5.3883e-05
2.5988e-04
0.0000e+00
5.3883e-05
3.0994e-06
0.0000e+00
5.3883e-05
2.1458e-06
0.0000e+00
5.3883e-05
7.0095e-05
0.0000e+00
7.3910e-05
3.0994e-06
4.0531e-06
9.5367e-07
3.0994e-05
0.0000e+00
5.6982e-05
1.9503e-04
0.0000e+00
5.3883e-05
2.3127e-05
0.0000e+00
6.1989e-05
3.0994e-06
0.0000e+00
5.5075e-05
2.1458e-06
0.0000e+00
5.2929e-05
2.1458e-06
0.0000e+00
5.4836e-05
1.9073e-06
0.0000e+00
7.2956e-05
3.0994e-06
0.0000e+00
5.4121e-05
2.1458e-06
0.0000e+00
5.3167e-05
9.5367e-07
0.0000e+00
5.3883e-05
5.5003e-04
0.0000e+00
5.7936e-05
2.8610e-06
0.0000e+00
5.4121e-05
9.5367e-07
0.0000e+00
5.5075e-05
1.0014e-04
0.0000e+00
7.4148e-05
2.8610e-06
1.4710e-04
9.5367e-07
1.9073e-06
1.2398e-04
9.5367e-07
9.5367e-07
0.0000e+00
5.7936e-05
9.5367e-07
0.0000e+00
5.3883e-05
2.1458e-06
0.0000e+00
5.4836e-05
3.0994e-06
0.0000e+00
5.6028e-05
8.1062e-06
0.0000e+00
5.4121e-05
1.9073e-06
0.0000e+00
5.4121e-05
3.1304e-04
0.0000e+00
7.4863e-05
3.0994e-06
0.0000e+00
5.4836e-05
2.1458e-06
0.0000e+00
5.3883e-05
2.1458e-06
0.0000e+00
5.3883e-05
1.9073e-06
0.0000e+00
5.3883e-05
9.5367e-07
0.0000e+00
6.1035e-05
1.9073e-06
0.0000e+00
5.4121e-05
9.5367e-07
0.0000e+00
5.4121e-05
3.0994e-06
0.0000e+00
5.6028e-05
9.5367e-07
0.0000e+00
5.3883e-05
1.9073e-06
0.0000e+00
5.4121e-05
5.8293e-04
0.0000e+00
5.6028e-05
2.8610e-06
0.0000e+00
5.4836e-05
1.9073e-06
1.4091e-04
1.1921e-06
2.1458e-06
0.0000e+00
5.6028e-05
9.5367e-07
0.0000e+00
5.2929e-05
1.9073e-06
0.0000e+00
5.7936e-05
7.8678e-06
0.0000e+00
5.5790e-05
1.9073e-06
2.4486e-04
9.5367e-07
1.1921e-06
0.0000e+00
5.5075e-05
1.1921e-06
0.0000e+00
6.1989e-05
9.5367e-07
0.0000e+00
5.4121e-05
9.5367e-07
2.7990e-04
9.5367e-07
1.1921e-06
0.0000e+00
5.6028e-05
9.5367e-07
0.0000e+00
5.4121e-05
1.9073e-06
1.3995e-04
0.0000e+00
9.5367e-07
0.0000e+00
5.7220e-05
9.5367e-07
1.2493e-04
0.0000e+00
9.5367e-07
0.0000e+00
6.2943e-05
9.5367e-07
5.9605e-06
9.5367e-07
9.5367e-07
0.0000e+00
5.6028e-05
9.5367e-07
0.0000e+00
5.5075e-05
1.9073e-06
3.5596e-04
9.5367e-07
1.1921e-06
0.0000e+00
5.6028e-05
2.5034e-05
0.0000e+00
7.5102e-05
1.1897e-04
0.0000e+00
5.8889e-05
5.9605e-06
0.0000e+00
5.5790e-05
1.9073e-06
0.0000e+00
5.4836e-05
1.0014e-05
0.0000e+00
5.5075e-05
1.9073e-06
0.0000e+00
5.5075e-05
1.9073e-06
1.6904e-04
9.5367e-07
9.5367e-07
3.8147e-06
9.5367e-07
9.0599e-06
0.0000e+00
5.4836e-05
3.0994e-06
0.0000e+00
5.6982e-05
1.9073e-06
2.1219e-04
9.5367e-07
1.9073e-06
2.8610e-06
9.5367e-07
9.5367e-07
0.0000e+00
5.5790e-05
1.9073e-06
0.0000e+00
5.5075e-05
2.8610e-06
0.0000e+00
5.4836e-05
9.5367e-07
3.0804e-04
9.5367e-07
1.1921e-06
0.0000e+00
5.5075e-05
2.1458e-06
4.5204e-04
9.5367e-07
9.5367e-07
0.0000e+00
5.4836e-05
2.1458e-06
0.0000e+00
5.6982e-05
1.9073e-06
0.0000e+00
5.4836e-05
5.0068e-06
0.0000e+00
5.4836e-05
9.5367e-07
0.0000e+00
5.3883e-05
1.9073e-06
0.0000e+00
5.4121e-05
1.9073e-06
4.2701e-04
1.1921e-06
9.5367e-07
0.0000e+00
5.5075e-05
1.9073e-06
0.0000e+00
5.5075e-05
3.0994e-06
0.0000e+00
5.6982e-05
1.9073e-06
0.0000e+00
5.3167e-05
2.1458e-06
2.6608e-04
0.0000e+00
1.9073e-06
0.0000e+00
5.5075e-05
9.5367e-07
5.0068e-06
1.1921e-06
9.5367e-07
0.0000e+00
5.4836e-05
1.9073e-06
0.0000e+00
5.4121e-05
1.7786e-04
0.0000e+00
6.0797e-05
1.9073e-06
0.0000e+00
7.9870e-05
3.0994e-06
0.0000e+00
5.6028e-05
2.1458e-06
0.0000e+00
5.3883e-05
1.9073e-06
0.0000e+00
5.2929e-05
1.9002e-04
0.0000e+00
5.3883e-05
3.8147e-06
0.0000e+00
5.3883e-05
1.9073e-06
0.0000e+00
5.4121e-05
1.9073e-06
0.0000e+00
5.4121e-05
3.0994e-06
0.0000e+00
5.7220e-05
2.1458e-06
0.0000e+00
5.5075e-05
5.9605e-06
0.0000e+00
5.9843e-05
2.1458e-06
0.0000e+00
5.5075e-05
2.1458e-06
0.0000e+00
5.3883e-05
1.9073e-06
0.0000e+00
5.2929e-05
1.4305e-04
4.0531e-06
0.0000e+00
2.8610e-06
0.0000e+00
5.4836e-05
1.9073e-06
0.0000e+00
7.1049e-05
2.1458e-06
5.6410e-04
1.1921e-06
1.1921e-06
0.0000e+00
5.6028e-05
2.1458e-06
0.0000e+00
5.3883e-05
9.5367e-07
0.0000e+00
5.3883e-05
9.5367e-07
2.7514e-04
9.5367e-07
9.5367e-07
0.0000e+00
5.6028e-05
5.6982e-05
0.0000e+00
5.4121e-05
1.9073e-06
0.0000e+00
5.4121e-05
1.9073e-06
0.0000e+00
6.4850e-05
2.8610e-06
0.0000e+00
5.4836e-05
9.5367e-07
8.5115e-05
9.5367e-07
9.5367e-07
4.0531e-06
0.0000e+00
1.0014e-05
0.0000e+00
5.4836e-05
1.9073e-06
0.0000e+00
5.4836e-05
1.9073e-06
0.0000e+00
5.2929e-05
1.9073e-06
0.0000e+00
5.2929e-05
9.5367e-07
0.0000e+00
7.2956e-05
3.0994e-06
0.0000e+00
5.5075e-05
2.1458e-06
7.1788e-04
9.5367e-07
1.9073e-06
7.5817e-05
9.5367e-07
1.1921e-06
0.0000e+00
5.5075e-05
2.1458e-06
0.0000e+00
5.2929e-05
9.5367e-07
0.0000e+00
5.2929e-05
9.5367e-07
1.6594e-04
1.1921e-06
1.1921e-06
0.0000e+00
6.1989e-05
1.9073e-06
0.0000e+00
7.1049e-05
9.5367e-07
0.0000e+00
5.6982e-05
2.1458e-06
0.0000e+00
5.3883e-05
1.9073e-06
3.2020e-04
9.5367e-07
9.5367e-07
0.0000e+00
5.5075e-05
2.1458e-06
0.0000e+00
5.2929e-05
1.1301e-04
0.0000e+00
5.4121e-05
3.0994e-06
2.5988e-05
1.1921e-06
2.7180e-05
0.0000e+00
6.1989e-05
1.4067e-05
1.6785e-04
0.0000e+00
1.9073e-06
2.7180e-05
0.0000e+00
9.5367e-07
0.0000e+00
5.8174e-05
9.5367e-07
0.0000e+00
5.3883e-05
1.9073e-06
3.1281e-04
9.5367e-07
9.5367e-07
0.0000e+00
5.6028e-05
9.5367e-07
0.0000e+00
5.3883e-05
1.9073e-06
0.0000e+00
6.1035e-05
1.9073e-06
2.3103e-04
9.5367e-07
1.1921e-06
0.0000e+00
5.6982e-05
2.1458e-06
0.0000e+00
5.7936e-05
1.9073e-06
2.2912e-04
0.0000e+00
9.5367e-07
0.0000e+00
5.6982e-05
1.9073e-06
1.6809e-04
1.1921e-06
9.5367e-07
1.0896e-04
9.5367e-07
9.5367e-07
0.0000e+00
5.6028e-05
9.5367e-07
0.0000e+00
5.2929e-05
3.0994e-05
4.0531e-06
9.5367e-07
5.2929e-05
0.0000e+00
5.6028e-05
1.3804e-04
0.0000e+00
7.4148e-05
2.8610e-06
0.0000e+00
5.3883e-05
9.2030e-05
0.0000e+00
5.5075e-05
4.0531e-06
0.0000e+00
5.4121e-05
1.9073e-06
0.0000e+00
5.4121e-05
2.0027e-05
0.0000e+00
5.5075e-05
1.2708e-04
0.0000e+00
5.4836e-05
5.9605e-06
0.0000e+00
5.4121e-05
2.8610e-06
0.0000e+00
5.6982e-05
1.9073e-06
7.8678e-06
0.0000e+00
3.0994e-06
0.0000e+00
5.6028e-05
1.9073e-06
4.7016e-04
9.5367e-07
1.9073e-06
0.0000e+00
5.6028e-05
9.5367e-07
0.0000e+00
5.3167e-05
2.1458e-06
0.0000e+00
5.5075e-05
1.7810e-04
0.0000e+00
5.4121e-05
5.0068e-06
3.8147e-06
9.5367e-07
3.3855e-05
0.0000e+00
5.9843e-05
2.1458e-06
0.0000e+00
5.5075e-05
1.4400e-04
0.0000e+00
5.4121e-05
3.8147e-06
5.9605e-06
9.5367e-07
2.1458e-06
0.0000e+00
5.9128e-05
2.1458e-06
0.0000e+00
5.4121e-05
2.1458e-06
0.0000e+00
5.3883e-05
8.1062e-06
0.0000e+00
5.5075e-05
9.5367e-07
0.0000e+00
7.2956e-05
3.0994e-06
1.0014e-05
0.0000e+00
1.9073e-06
0.0000e+00
5.5790e-05
6.0105e-04
0.0000e+00
5.5790e-05
2.1458e-06
5.0068e-06
9.5367e-07
5.9605e-06
0.0000e+00
5.4121e-05
2.1458e-06
4.0531e-06
9.5367e-07
2.8610e-06
8.8930e-05
9.5367e-07
1.9073e-06
0.0000e+00
5.5075e-05
4.7922e-05
3.9411e-04
9.5367e-07
9.5367e-07
0.0000e+00
8.0824e-05
2.1458e-06
0.0000e+00
5.4121e-05
1.1921e-06
5.0068e-06
0.0000e+00
1.0967e-05
0.0000e+00
5.5075e-05
2.4199e-04
0.0000e+00
5.5075e-05
5.0068e-06
1.2898e-04
9.5367e-07
2.1458e-06
4.0531e-06
9.5367e-07
9.5367e-07
0.0000e+00
5.6028e-05
1.9073e-06
7.1526e-06
9.5367e-07
9.0599e-06
0.0000e+00
5.6028e-05
2.8610e-06
0.0000e+00
5.7936e-05
3.8099e-04
0.0000e+00
5.6028e-05
1.9073e-06
0.0000e+00
5.5075e-05
2.1458e-06
0.0000e+00
5.4121e-05
6.7949e-05
0.0000e+00
5.3883e-05
1.9073e-06
0.0000e+00
5.2929e-05
1.9073e-06
3.4618e-04
9.5367e-07
1.9073e-06
0.0000e+00
5.6028e-05
2.1458e-06
8.2016e-05
0.0000e+00
9.5367e-07
0.0000e+00
5.6982e-05
1.1921e-06
0.0000e+00
5.3883e-05
9.5367e-07
0.0000e+00
5.4836e-05
1.9073e-06
0.0000e+00
5.3883e-05
9.5367e-07
2.6202e-04
1.1921e-06
1.1921e-06
0.0000e+00
5.6982e-05
1.7405e-04
0.0000e+00
5.6028e-05
1.7166e-05
0.0000e+00
5.5075e-05
2.8610e-06
0.0000e+00
5.7936e-05
2.1458e-06
0.0000e+00
5.4121e-05
2.1458e-06
0.0000e+00
5.3883e-05
9.5367e-07
0.0000e+00
5.3883e-05
9.5367e-07
0.0000e+00
5.4121e-05
9.5367e-07
0.0000e+00
5.3167e-05
2.1458e-06
4.4799e-04
1.1921e-06
9.5367e-07
0.0000e+00
5.5075e-05
1.9073e-06
0.0000e+00
5.6982e-05
1.9073e-06
0.0000e+00
5.4836e-05
9.5367e-07
0.0000e+00
5.5075e-05
9.5367e-07
0.0000e+00
5.5075e-05
9.5367e-07
0.0000e+00
5.1975e-05
2.9111e-04
0.0000e+00
6.1989e-05
1.9073e-06
0.0000e+00
5.5075e-05
1.1921e-05
0.0000e+00
7.6771e-05
3.0994e-06
0.0000e+00
5.5075e-05
1.0085e-04
0.0000e+00
5.4836e-05
4.0531e-06
0.0000e+00
5.4121e-05
2.1458e-06
0.0000e+00
5.3883e-05
1.4400e-04
0.0000e+00
5.3883e-05
1.9002e-04
0.0000e+00
5.6028e-05
1.9073e-06
0.0000e+00
5.4121e-05
9.2983e-05
5.0068e-06
9.5367e-07
4.9114e-05
0.0000e+00
5.7936e-05
2.0981e-05
1.1206e-05
9.5367e-07
4.1962e-05
0.0000e+00
5.4121e-05
2.1458e-06
4.0531e-06
9.5367e-07
2.8610e-06
0.0000e+00
5.4836e-05
2.1458e-06
0.0000e+00
5.3883e-05
1.9073e-06
0.0000e+00
5.3883e-05
6.9141e-06
4.9710e-04
9.5367e-07
1.9073e-06
3.8147e-06
0.0000e+00
1.1921e-06
0.0000e+00
7.5102e-05
2.1458e-06
0.0000e+00
5.5075e-05
1.9073e-06
0.0000e+00
5.4836e-05
1.9073e-06
3.9411e-04
9.5367e-07
2.1458e-06
0.0000e+00
5.6028e-05
1.1921e-06
0.0000e+00
5.2929e-05
1.9073e-06
0.0000e+00
5.3883e-05
9.5367e-07
0.0000e+00
5.3167e-05
1.3709e-04
0.0000e+00
7.4148e-05
3.0994e-06
0.0000e+00
5.5075e-05
1.9073e-06
0.0000e+00
5.5075e-05
1.4591e-04
0.0000e+00
5.4836e-05
9.5367e-07
0.0000e+00
5.3883e-05
1.6403e-04
0.0000e+00
5.6028e-05
1.9073e-06
0.0000e+00
5.5075e-05
1.9073e-06
0.0000e+00
5.5075e-05
1.9073e-06
0.0000e+00
5.7936e-05
9.5367e-07
0.0000e+00
5.4121e-05
2.1458e-06
0.0000e+00
5.4121e-05
2.1458e-06
4.0102e-04
9.5367e-07
9.5367e-07
0.0000e+00
6.1989e-05
2.1458e-06
0.0000e+00
5.2929e-05
9.5367e-07
0.0000e+00
5.2929e-05
9.5367e-07
0.0000e+00
5.4121e-05
1.9073e-06
0.0000e+00
5.6028e-05
1.9073e-06
0.0000e+00
5.5075e-05
3.0994e-06
0.0000e+00
5.5075e-05
5.0068e-06
1.5712e-04
9.5367e-07
9.5367e-07
2.0027e-05
1.1921e-06
9.5367e-07
0.0000e+00
5.4836e-05
2.1458e-06
0.0000e+00
5.2929e-05
1.9073e-06
0.0000e+00
5.2929e-05
9.5367e-07
0.0000e+00
7.7963e-05
4.0531e-06
1.3089e-04
1.1921e-06
2.1458e-06
0.0000e+00
5.7936e-05
9.5367e-07
0.0000e+00
5.4836e-05
3.9291e-04
0.0000e+00
5.5075e-05
7.8678e-06
0.0000e+00
5.4836e-05
1.9073e-06
0.0000e+00
5.3883e-05
1.9073e-06
0.0000e+00
6.0081e-05
1.9073e-06
0.0000e+00
5.3883e-05
2.1505e-04
0.0000e+00
5.6982e-05
1.9073e-05
0.0000e+00
5.4836e-05
3.0994e-06
0.0000e+00
5.5075e-05
1.1921e-06
6.2943e-05
1.1921e-06
9.5367e-07
0.0000e+00
5.5075e-05
1.9073e-06
0.0000e+00
5.1975e-05
1.9073e-06
0.0000e+00
5.4121e-05
2.1458e-06
0.0000e+00
5.4121e-05
2.8610e-06
0.0000e+00
6.5088e-05
2.8610e-06
0.0000e+00
5.3883e-05
1.9073e-06
0.0000e+00
5.4121e-05
2.1458e-06
0.0000e+00
5.4121e-05
1.1921e-06
0.0000e+00
5.3883e-05
2.1458e-06
0.0000e+00
5.3883e-05
9.5367e-07
0.0000e+00
5.3883e-05
9.5367e-07
0.0000e+00
6.9857e-05
2.8610e-06
0.0000e+00
5.5075e-05
4.5705e-04
0.0000e+00
5.6028e-05
1.9073e-06
0.0000e+00
5.5075e-05
1.9073e-06
0.0000e+00
5.4121e-05
1.9073e-06
2.9898e-04
9.5367e-07
2.1458e-06
0.0000e+00
5.5075e-05
2.1458e-06
0.0000e+00
5.3883e-05
4.5896e-04
0.0000e+00
7.2956e-05
2.8610e-06
0.0000e+00
5.6982e-05
1.1921e-06
8.1062e-06
9.5367e-07
1.9073e-06
1.8406e-04
0.0000e+00
2.1458e-06
1.0705e-04
9.5367e-07
9.5367e-07
0.0000e+00
5.6028e-05
9.5367e-07
0.0000e+00
5.4121e-05
1.1921e-06
0.0000e+00
5.3883e-05
2.1458e-06
0.0000e+00
6.1035e-05
5.9605e-06
0.0000e+00
7.2002e-05
5.9605e-06
0.0000e+00
5.7936e-05
2.1458e-06
0.0000e+00
5.3883e-05
4.0531e-06
4.0531e-06
9.5367e-07
3.0994e-06
0.0000e+00
5.4836e-05
5.5599e-04
7.1526e-06
0.0000e+00
5.0068e-05
0.0000e+00
5.6028e-05
1.9073e-06
0.0000e+00
5.4121e-05
1.6999e-04
0.0000e+00
5.4121e-05
9.5367e-07
0.0000e+00
7.9870e-05
3.0994e-06
0.0000e+00
5.3883e-05
1.9073e-06
0.0000e+00
5.3883e-05
4.3869e-05
0.0000e+00
5.2929e-05
1.2994e-04
0.0000e+00
5.5075e-05
2.8610e-06
0.0000e+00
5.9843e-05
1.9073e-05
0.0000e+00
5.6028e-05
2.1458e-06
3.1948e-05
1.1921e-06
2.2173e-05
0.0000e+00
7.7009e-05
3.0994e-06
0.0000e+00
5.5075e-05
9.5367e-07
0.0000e+00
5.5075e-05
1.9073e-06
0.0000e+00
5.3167e-05
2.1458e-06
0.0000e+00
5.3883e-05
4.3201e-04
0.0000e+00
5.4836e-05
1.9073e-06
0.0000e+00
5.5075e-05
1.9073e-06
1.3399e-04
0.0000e+00
1.9073e-06
0.0000e+00
7.5102e-05
2.8610e-06
1.4210e-04
9.5367e-07
9.5367e-07
0.0000e+00
5.6028e-05
7.4148e-05
0.0000e+00
5.5075e-05
3.0994e-06
0.0000e+00
5.4121e-05
1.0300e-04
1.1802e-04
9.5367e-07
1.9073e-06
0.0000e+00
5.7220e-05
2.1458e-06
8.1062e-05
9.5367e-07
9.5367e-07
1.0204e-04
0.0000e+00
9.5367e-07
0.0000e+00
5.3883e-05
2.1458e-06
0.0000e+00
5.6028e-05
9.5844e-05
0.0000e+00
5.6028e-05
1.7881e-05
0.0000e+00
5.3883e-05
1.2493e-04
0.0000e+00
5.3883e-05
1.9073e-06
0.0000e+00
6.0797e-05
1.0514e-04
0.0000e+00
5.5075e-05
3.0994e-06
0.0000e+00
5.4121e-05
2.1458e-06
0.0000e+00
7.2002e-05
2.8610e-06
0.0000e+00
5.5790e-05
1.9073e-06
0.0000e+00
5.4836e-05
1.9073e-06
0.0000e+00
5.3883e-05
1.4496e-04
0.0000e+00
5.4121e-05
3.0041e-05
1.3113e-04
9.5367e-07
9.5367e-07
0.0000e+00
5.6028e-05
2.1458e-06
0.0000e+00
5.5075e-05
2.1458e-06
0.0000e+00
7.1049e-05
1.9073e-06
0.0000e+00
5.6982e-05
1.9073e-06
0.0000e+00
5.4121e-05
1.0967e-05
2.3293e-04
9.5367e-07
9.5367e-07
2.8610e-06
0.0000e+00
2.3127e-05
0.0000e+00
5.5075e-05
3.8147e-06
0.0000e+00
5.3883e-05
8.8215e-06
3.7289e-04
0.0000e+00
2.1458e-06
0.0000e+00
5.6982e-05
9.5367e-07
0.0000e+00
5.3167e-05
1.9073e-06
0.0000e+00
5.6982e-05
9.5367e-07
0.0000e+00
5.3883e-05
9.5367e-07
0.0000e+00
5.1975e-05
3.0994e-06
0.0000e+00
5.3883e-05
3.0994e-06
0.0000e+00
5.2929e-05
1.9073e-06
0.0000e+00
5.4121e-05
1.9073e-06
0.0000e+00
5.4121e-05
9.5367e-07
6.9141e-06
0.0000e+00
2.8610e-06
4.9400e-04
9.5367e-07
1.9073e-06
0.0000e+00
5.9128e-05
1.9073e-06
0.0000e+00
5.6028e-05
3.3188e-04
0.0000e+00
6.0797e-05
2.1458e-06
0.0000e+00
5.3883e-05
1.1921e-06
0.0000e+00
5.3883e-05
9.5367e-07
1.8692e-04
0.0000e+00
9.5367e-07
0.0000e+00
5.5790e-05
9.5367e-07
0.0000e+00
7.3910e-05
1.9073e-06
0.0000e+00
5.6028e-05
1.9073e-06
2.7299e-04
9.5367e-07
1.9073e-06
0.0000e+00
5.6982e-05
5.9605e-06
0.0000e+00
6.2227e-05
2.1458e-06
0.0000e+00
5.4121e-05
1.3113e-05
0.0000e+00
5.4121e-05
3.1805e-04
6.1989e-06
9.5367e-07
4.9829e-05
0.0000e+00
5.5790e-05
3.0994e-06
4.0531e-06
9.5367e-07
3.0994e-06
0.0000e+00
5.7936e-05
3.0994e-06
0.0000e+00
5.6028e-05
2.1458e-06
0.0000e+00
5.6028e-05
2.2101e-04
0.0000e+00
5.6028e-05
1.3113e-04
0.0000e+00
5.4121e-05
1.1110e-04
0.0000e+00
5.5075e-05
3.8147e-06
0.0000e+00
5.4836e-05
2.1458e-06
0.0000e+00
7.4863e-05
2.8610e-06
0.0000e+00
5.8889e-05
1.9073e-06
0.0000e+00
5.4836e-05
9.5367e-07
0.0000e+00
5.3883e-05
2.1458e-06
0.0000e+00
5.3883e-05
2.1458e-06
0.0000e+00
5.4836e-05
1.9073e-06
2.5487e-04
1.1921e-06
1.1921e-06
0.0000e+00
5.8174e-05
2.1458e-06
3.0899e-04
9.5367e-07
1.1921e-06
0.0000e+00
5.6028e-05
9.5367e-07
0.0000e+00
5.4121e-05
1.9073e-06
0.0000e+00
5.4121e-05
1.1921e-06
1.8287e-04
9.5367e-07
2.1458e-06
0.0000e+00
5.6028e-05
1.9073e-06
0.0000e+00
5.3167e-05
9.5367e-07
0.0000e+00
5.2929e-05
9.5367e-07
0.0000e+00
5.4121e-05
2.1458e-06
0.0000e+00
5.6982e-05
9.5367e-07
0.0000e+00
5.4121e-05
9.5367e-07
0.0000e+00
5.5075e-05
9.5367e-07
0.0000e+00
5.2929e-05
1.9073e-06
0.0000e+00
5.3883e-05
1.9073e-06
0.0000e+00
5.9843e-05
4.9400e-04
0.0000e+00
5.5075e-05
1.9073e-06
0.0000e+00
7.0095e-05
1.9503e-04
5.0068e-06
9.5367e-07
5.0068e-05
0.0000e+00
6.5088e-05
9.7990e-05
1.0705e-04
9.5367e-07
2.1458e-06
0.0000e+00
5.6028e-05
1.9073e-06
0.0000e+00
5.4121e-05
2.1458e-06
0.0000e+00
5.2929e-05
9.5367e-07
0.0000e+00
5.4836e-05
9.5367e-07
0.0000e+00
5.4121e-05
1.9073e-06
0.0000e+00
7.6056e-05
2.8610e-06
1.2159e-05
9.5367e-07
1.9073e-06
0.0000e+00
5.6028e-05
1.9073e-06
3.3903e-04
9.5367e-07
1.9073e-06
0.0000e+00
5.6982e-05
1.7881e-05
0.0000e+00
5.3883e-05
1.9073e-06
0.0000e+00
5.4836e-05
1.9073e-06
0.0000e+00
5.2929e-05
1.9073e-06
3.0994e-06
9.5367e-07
9.5367e-07
0.0000e+00
7.5102e-05
1.9073e-06
0.0000e+00
5.3883e-05
9.5367e-07
6.2203e-04
1.1921e-06
2.1458e-06
0.0000e+00
5.6028e-05
9.5367e-07
0.0000e+00
5.4121e-05
2.1458e-06
0.0000e+00
5.4121e-05
2.1458e-06
2.0695e-04
1.1921e-06
1.1921e-06
0.0000e+00
5.4836e-05
9.5367e-07
2.6178e-04
0.0000e+00
1.9073e-06
0.0000e+00
7.5102e-05
2.1458e-06
0.0000e+00
5.6028e-05
2.1458e-06
0.0000e+00
5.2929e-05
3.0994e-06
0.0000e+00
5.5075e-05
3.0994e-06
0.0000e+00
5.5075e-05
5.0068e-06
0.0000e+00
5.3883e-05
4.0531e-06
0.0000e+00
5.5075e-05
2.1458e-06
0.0000e+00
5.2929e-05
2.8610e-06
0.0000e+00
5.7220e-05
5.9605e-06
0.0000e+00
5.4836e-05
1.9073e-06
0.0000e+00
5.2929e-05
9.5367e-07
0.0000e+00
5.4121e-05
5.0068e-06
0.0000e+00
6.1989e-05
5.0068e-06
0.0000e+00
5.3883e-05
4.3392e-04
0.0000e+00
5.5075e-05
2.8610e-06
0.0000e+00
5.5075e-05
2.8610e-06
0.0000e+00
5.9843e-05
2.1458e-06
0.0000e+00
5.3883e-05
1.9073e-06
3.0112e-04
1.1921e-06
9.5367e-07
4.0531e-06
9.5367e-07
9.5367e-07
0.0000e+00
5.6028e-05
9.5367e-07
1.7715e-04
9.5367e-07
9.5367e-07
1.3304e-04
9.5367e-07
9.5367e-07
0.0000e+00
5.4836e-05
9.5367e-07
0.0000e+00
5.3883e-05
9.5367e-07
0.0000e+00
7.3195e-05
2.1458e-06
0.0000e+00
5.4121e-05
9.5367e-07
0.0000e+00
6.1989e-05
2.1458e-06
0.0000e+00
5.6028e-05
4.1819e-04
4.0531e-06
0.0000e+00
2.8610e-06
0.0000e+00
5.6028e-05
4.0531e-06
7.2002e-05
0.0000e+00
9.5367e-07
4.0531e-06
9.5367e-07
3.0994e-05
0.0000e+00
5.5075e-05
5.9605e-06
0.0000e+00
7.2956e-05
2.8610e-06
0.0000e+00
5.4836e-05
2.4796e-04
0.0000e+00
5.6028e-05
1.7166e-05
0.0000e+00
5.4836e-05
2.1458e-06
0.0000e+00
5.4836e-05
2.1458e-06
0.0000e+00
5.3883e-05
9.5367e-07
3.4881e-04
0.0000e+00
9.5367e-07
1.0109e-04
9.5367e-07
9.5367e-07
0.0000e+00
5.5790e-05
2.1458e-06
0.0000e+00
7.2956e-05
2.1458e-06
0.0000e+00
5.4121e-05
1.1921e-06
0.0000e+00
5.2929e-05
9.5367e-07
0.0000e+00
5.3167e-05
3.0994e-06
0.0000e+00
5.5075e-05
3.0994e-06
0.0000e+00
5.4121e-05
2.1458e-06
0.0000e+00
5.3883e-05
5.0068e-06
0.0000e+00
5.5075e-05
3.0994e-06
0.0000e+00
5.6982e-05
1.9073e-06
3.2496e-04
9.5367e-07
2.1458e-06
0.0000e+00
5.6982e-05
3.7718e-04
1.1921e-05
9.5367e-07
4.5061e-05
0.0000e+00
5.5075e-05
1.9073e-06
0.0000e+00
5.4121e-05
4.7684e-06
3.3855e-05
1.1921e-06
2.0027e-05
0.0000e+00
5.3883e-05
1.9073e-06
3.2115e-04
0.0000e+00
2.1458e-06
0.0000e+00
7.7009e-05
2.1458e-06
5.0068e-06
9.5367e-07
9.5367e-07
2.3818e-04
0.0000e+00
9.5367e-07
0.0000e+00
5.6982e-05
9.5367e-07
3.8147e-06
9.5367e-07
1.1921e-06
2.5797e-04
0.0000e+00
9.5367e-07
0.0000e+00
5.6982e-05
1.1921e-06
0.0000e+00
5.5075e-05
2.5034e-05
0.0000e+00
5.4121e-05
2.0790e-04
0.0000e+00
5.5075e-05
2.8610e-06
0.0000e+00
5.6982e-05
1.9073e-06
1.1611e-04
9.5367e-07
9.5367e-07
0.0000e+00
5.6028e-05
1.9073e-06
8.0109e-05
9.5367e-07
9.5367e-07
0.0000e+00
6.2943e-05
1.9073e-06
0.0000e+00
5.5075e-05
1.9073e-06
3.8314e-04
9.5367e-07
9.5367e-07
0.0000e+00
5.6982e-05
1.9073e-06
0.0000e+00
5.2929e-05
1.9073e-06
0.0000e+00
7.5102e-05
1.9073e-06
0.0000e+00
5.6982e-05
3.0994e-06
0.0000e+00
5.4121e-05
2.1458e-06
0.0000e+00
5.3167e-05
2.1458e-06
4.0054e-05
9.5367e-07
9.5367e-07
0.0000e+00
5.5790e-05
2.1458e-06
4.5991e-04
9.5367e-07
9.5367e-07
0.0000e+00
5.5790e-05
9.5367e-07
0.0000e+00
5.3883e-05
2.1458e-06
0.0000e+00
5.9128e-05
9.5367e-07
0.0000e+00
5.3883e-05
5.6028e-05
0.0000e+00
5.5075e-05
1.9073e-06
1.5807e-04
1.1921e-06
2.1458e-06
0.0000e+00
5.6982e-05
2.1458e-06
0.0000e+00
5.5075e-05
1.0991e-04
0.0000e+00
5.5075e-05
6.6042e-05
0.0000e+00
5.3883e-05
3.6955e-05
0.0000e+00
5.7936e-05
1.9073e-06
0.0000e+00
5.5075e-05
7.1526e-06
0.0000e+00
5.4121e-05
1.1921e-06
0.0000e+00
5.2929e-05
2.1458e-06
0.0000e+00
5.3883e-05
2.1458e-06
0.0000e+00
5.3883e-05
1.3113e-05
0.0000e+00
5.2929e-05
5.0068e-06
0.0000e+00
7.2002e-05
2.8610e-06
0.0000e+00
5.3883e-05
1.9073e-06
0.0000e+00
5.4836e-05
1.9073e-06
0.0000e+00
5.4121e-05
1.9073e-06
0.0000e+00
5.3167e-05
2.1458e-06
6.7496e-04
9.5367e-07
2.1458e-06
0.0000e+00
5.6982e-05
9.5367e-07
0.0000e+00
5.4121e-05
9.5367e-07
0.0000e+00
7.9155e-05
2.1458e-06
0.0000e+00
5.7936e-05
9.5367e-07
0.0000e+00
5.4121e-05
2.4414e-04
0.0000e+00
5.4121e-05
1.9073e-06
0.0000e+00
5.6028e-05
1.9073e-06
2.8133e-05
9.5367e-07
9.5367e-07
0.0000e+00
5.5075e-05
9.5367e-07
4.0531e-06
0.0000e+00
3.0994e-06
0.0000e+00
5.5075e-05
2.8610e-06
0.0000e+00
5.6982e-05
1.9073e-06
4.7898e-04
0.0000e+00
1.1921e-06
0.0000e+00
5.6028e-05
9.5367e-07
1.0109e-04
9.5367e-07
9.5367e-07
0.0000e+00
5.6028e-05
9.5367e-07
1.6022e-04
9.5367e-07
9.5367e-07
0.0000e+00
5.6982e-05
1.9073e-06
1.5807e-04
0.0000e+00
9.5367e-07
0.0000e+00
5.2929e-05
1.4067e-05
0.0000e+00
5.3883e-05
2.1458e-06
0.0000e+00
5.6982e-05
2.6488e-04
0.0000e+00
5.5075e-05
3.0994e-06
0.0000e+00
5.2929e-05
4.0531e-06
0.0000e+00
5.3883e-05
2.8610e-06
0.0000e+00
5.4836e-05
3.3855e-05
0.0000e+00
5.4836e-05
1.5402e-04
2.5988e-05
0.0000e+00
3.2187e-05
0.0000e+00
5.4836e-05
3.0994e-06
0.0000e+00
5.7936e-05
2.1458e-06
0.0000e+00
5.3883e-05
1.9073e-06
0.0000e+00
6.1035e-05
2.8515e-04
0.0000e+00
5.5075e-05
9.5367e-07
0.0000e+00
5.2929e-05
2.1458e-06
0.0000e+00
5.2929e-05
1.9073e-06
0.0000e+00
5.3883e-05
1.7881e-05
0.0000e+00
7.4863e-05
1.9073e-06
0.0000e+00
5.6028e-05
1.9073e-06
0.0000e+00
5.3883e-05
1.9073e-06
0.0000e+00
5.3883e-05
3.7909e-05
0.0000e+00
6.1035e-05
2.1458e-06
0.0000e+00
5.3883e-05
9.5367e-07
0.0000e+00
5.3883e-05
9.5367e-07
0.0000e+00
5.3883e-05
2.8610e-06
5.1188e-04
1.1921e-06
1.1921e-06
8.2016e-05
0.0000e+00
9.5367e-07
5.9128e-05
0.0000e+00
9.5367e-07
1.7309e-04
9.5367e-07
2.1458e-06
4.0531e-06
9.5367e-07
9.5367e-07
0.0000e+00
5.8889e-05
9.5367e-07
0.0000e+00
5.3883e-05
9.5367e-07
0.0000e+00
5.4121e-05
9.5367e-07
2.5892e-04
9.5367e-07
1.1921e-06
0.0000e+00
5.6982e-05
9.5367e-07
1.8001e-04
1.1921e-06
9.5367e-07
5.0068e-06
2.7895e-05
3.0994e-06
0.0000e+00
5.9128e-05
5.1022e-05
0.0000e+00
5.6028e-05
1.9073e-06
0.0000e+00
5.3883e-05
1.9073e-06
0.0000e+00
5.2929e-05
1.8120e-05
0.0000e+00
5.4836e-05
4.0531e-06
0.0000e+00
5.2929e-05
3.0994e-06
0.0000e+00
5.6028e-05
1.1921e-06
0.0000e+00
7.2002e-05
2.8610e-06
0.0000e+00
5.4836e-05
1.9073e-06
5.7101e-04
9.5367e-07
9.5367e-07
0.0000e+00
5.6028e-05
9.5367e-07
0.0000e+00
5.4836e-05
2.1458e-06
0.0000e+00
5.3883e-05
9.5367e-07
0.0000e+00
5.4836e-05
9.5367e-07
3.6812e-04
0.0000e+00
1.1921e-06
0.0000e+00
5.6982e-05
2.1458e-06
0.0000e+00
5.7936e-05
9.5367e-07
0.0000e+00
5.4836e-05
2.8610e-06
0.0000e+00
5.3883e-05
1.8406e-04
0.0000e+00
5.4121e-05
2.9087e-05
0.0000e+00
5.4121e-05
3.8147e-06
1.3590e-04
9.5367e-07
9.5367e-07
0.0000e+00
5.5075e-05
7.8678e-06
8.3923e-05
9.5367e-07
2.1458e-06
0.0000e+00
7.5102e-05
2.8610e-06
5.0068e-06
1.1921e-06
3.0994e-06
0.0000e+00
5.6028e-05
1.9073e-06
0.0000e+00
5.5075e-05
1.9073e-06
1.9097e-04
1.1921e-06
1.1921e-06
0.0000e+00
5.6028e-05
9.5367e-07
9.0599e-06
9.5367e-07
9.5367e-07
0.0000e+00
5.6028e-05
1.9073e-06
0.0000e+00
5.4121e-05
4.1914e-04
0.0000e+00
7.4148e-05
2.8610e-06
0.0000e+00
5.6028e-05
1.9073e-06
0.0000e+00
5.4836e-05
1.0991e-04
0.0000e+00
5.3883e-05
6.2943e-05
0.0000e+00
5.5075e-05
2.1458e-06
1.6594e-04
1.1921e-06
1.1921e-06
0.0000e+00
5.8889e-05
7.7009e-05
5.0068e-06
0.0000e+00
4.9829e-05
0.0000e+00
5.6982e-05
2.8610e-06
4.0531e-06
0.0000e+00
2.3842e-05
0.0000e+00
5.6982e-05
1.9073e-06
0.0000e+00
5.5075e-05
9.5367e-07
0.0000e+00
5.4121e-05
9.5367e-07
0.0000e+00
5.4121e-05
1.3327e-01
