6.3841e-03
4.2677e-04
0.0000e+00
1.0705e-04
1.6212e-05
0.0000e+00
6.1989e-05
5.9605e-06
0.0000e+00
5.9843e-05
1.2641e-03
0.0000e+00
5.6982e-05
5.0068e-06
9.2983e-05
9.5367e-07
4.0531e-06
0.0000e+00
5.7936e-05
2.1458e-06
0.0000e+00
5.5075e-05
2.1458e-06
0.0000e+00
5.5075e-05
3.0994e-06
0.0000e+00
6.6042e-05
3.0994e-06
0.0000e+00
5.6028e-05
2.1458e-06
0.0000e+00
5.4121e-05
2.1505e-04
0.0000e+00
5.6028e-05
4.0531e-06
0.0000e+00
5.4121e-05
2.8610e-06
0.0000e+00
5.4836e-05
1.0610e-04
0.0000e+00
5.4121e-05
9.0599e-06
0.0000e+00
7.6056e-05
1.1086e-04
0.0000e+00
6.1989e-05
6.0797e-05
0.0000e+00
5.3883e-05
8.1062e-06
3.8695e-04
9.5367e-07
9.5367e-07
0.0000e+00
5.5075e-05
1.1921e-06
0.0000e+00
5.5075e-05
2.1458e-06
0.0000e+00
5.5075e-05
1.3828e-05
0.0000e+00
5.6028e-05
1.4710e-04
4.4107e-05
9.5367e-07
1.1921e-05
0.0000e+00
7.7009e-05
1.3399e-04
5.0068e-06
9.5367e-07
5.2929e-05
0.0000e+00
5.6982e-05
3.6001e-05
0.0000e+00
5.4836e-05
3.0994e-06
0.0000e+00
5.2929e-05
1.1611e-04
7.2956e-05
0.0000e+00
2.1458e-06
0.0000e+00
5.6028e-05
2.1458e-06
1.9312e-04
0.0000e+00
9.5367e-07
1.8120e-05
0.0000e+00
9.5367e-07
0.0000e+00
5.6028e-05
1.3399e-04
1.2517e-04
9.5367e-07
9.5367e-07
0.0000e+00
5.8174e-05
2.1458e-06
0.0000e+00
5.3883e-05
9.0098e-04
0.0000e+00
5.5075e-05
5.9605e-06
5.9605e-06
1.1921e-06
4.8161e-05
0.0000e+00
5.5075e-05
1.9073e-06
8.8716e-04
9.5367e-07
9.5367e-07
0.0000e+00
5.6982e-05
9.5367e-07
6.9141e-06
9.5367e-07
1.5974e-05
0.0000e+00
7.3910e-05
2.8610e-06
0.0000e+00
6.3896e-05
1.9073e-06
0.0000e+00
5.4836e-05
1.9073e-06
0.0000e+00
5.4836e-05
1.9073e-06
0.0000e+00
5.3883e-05
9.5367e-07
0.0000e+00
5.3167e-05
2.1458e-06
0.0000e+00
5.3883e-05
1.6928e-05
2.6321e-04
9.5367e-07
9.5367e-07
4.0531e-06
0.0000e+00
2.1458e-06
0.0000e+00
7.2956e-05
1.3995e-04
0.0000e+00
6.1989e-05
2.1458e-06
0.0000e+00
5.5075e-05
2.1458e-06
0.0000e+00
5.5075e-05
1.9073e-06
0.0000e+00
5.5075e-05
1.5972e-03
0.0000e+00
5.5075e-05
2.8610e-06
0.0000e+00
5.5075e-05
1.9073e-06
0.0000e+00
5.4836e-05
3.0994e-06
0.0000e+00
5.6982e-05
9.5367e-07
0.0000e+00
5.4836e-05
1.9073e-06
0.0000e+00
5.4836e-05
1.9073e-06
0.0000e+00
5.5075e-05
2.1458e-06
0.0000e+00
5.4836e-05
5.1999e-04
6.1989e-06
9.5367e-07
5.1975e-05
4.0531e-06
9.5367e-07
5.2929e-05
0.0000e+00
5.6982e-05
1.1301e-04
0.0000e+00
7.3910e-05
2.8610e-06
0.0000e+00
5.5790e-05
2.1458e-06
0.0000e+00
5.3883e-05
9.5367e-07
0.0000e+00
5.3883e-05
4.1962e-05
0.0000e+00
5.4836e-05
6.1989e-05
1.7405e-04
9.5367e-07
9.5367e-07
4.0531e-06
0.0000e+00
1.9073e-06
0.0000e+00
5.6982e-05
6.3896e-05
2.4390e-04
9.5367e-07
9.5367e-07
0.0000e+00
7.4148e-05
2.1458e-06
0.0000e+00
5.5075e-05
1.1921e-06
0.0000e+00
5.5075e-05
2.1458e-06
0.0000e+00
5.4121e-05
4.6015e-05
0.0000e+00
5.3883e-05
2.8610e-06
0.0000e+00
5.3883e-05
1.9073e-06
0.0000e+00
5.4836e-05
2.9087e-05
0.0000e+00
5.5075e-05
3.0994e-06
0.0000e+00
5.6028e-05
2.2292e-04
8.7976e-05
9.5367e-07
9.5367e-07
5.2929e-05
0.0000e+00
9.5367e-07
0.0000e+00
5.6982e-05
2.1458e-06
0.0000e+00
5.4121e-05
2.1458e-06
9.9897e-05
1.1921e-06
1.1921e-06
0.0000e+00
5.4836e-05
1.8597e-04
0.0000e+00
5.4836e-05
2.1458e-06
0.0000e+00
5.3883e-05
1.9073e-06
0.0000e+00
7.4863e-05
1.8501e-04
8.6069e-05
0.0000e+00
9.5367e-07
0.0000e+00
5.6982e-05
5.0783e-05
0.0000e+00
5.6028e-05
2.1458e-06
0.0000e+00
5.2929e-05
1.9073e-06
0.0000e+00
5.2929e-05
7.8678e-06
5.0068e-06
9.5367e-07
6.8903e-05
0.0000e+00
5.6028e-05
1.9073e-06
0.0000e+00
5.3883e-05
1.9073e-06
2.6011e-04
9.5367e-07
9.5367e-07
3.8147e-06
9.5367e-07
1.1921e-06
0.0000e+00
5.6982e-05
2.2793e-04
0.0000e+00
5.6028e-05
3.8147e-06
0.0000e+00
5.3883e-05
9.0599e-06
0.0000e+00
6.1989e-05
2.1458e-06
0.0000e+00
5.4836e-05
1.5020e-05
7.4148e-05
9.5367e-07
1.9073e-06
0.0000e+00
5.4836e-05
2.8610e-06
0.0000e+00
5.7936e-05
1.9073e-06
5.0068e-06
9.5367e-07
2.1219e-05
0.0000e+00
5.6028e-05
5.2404e-04
0.0000e+00
5.4836e-05
2.1458e-06
0.0000e+00
5.5075e-05
2.1458e-06
1.4901e-04
9.5367e-07
9.5367e-07
0.0000e+00
5.3883e-05
1.9073e-06
4.0531e-06
1.1921e-06
3.0994e-05
0.0000e+00
5.4836e-05
2.1458e-06
1.0300e-04
9.5367e-07
9.5367e-07
0.0000e+00
5.6982e-05
2.5034e-05
3.0994e-06
0.0000e+00
5.1975e-05
0.0000e+00
5.7936e-05
1.5020e-05
0.0000e+00
6.2943e-05
1.3113e-05
0.0000e+00
5.5075e-05
1.8501e-04
0.0000e+00
5.4836e-05
1.5998e-04
0.0000e+00
5.4836e-05
4.0531e-06
0.0000e+00
5.5075e-05
1.0419e-04
0.0000e+00
5.6982e-05
2.2888e-05
0.0000e+00
5.4836e-05
9.0599e-06
0.0000e+00
6.1035e-05
1.9073e-06
0.0000e+00
5.4121e-05
1.3828e-05
0.0000e+00
5.3883e-05
5.9605e-06
0.0000e+00
5.4121e-05
2.8610e-06
0.0000e+00
5.4121e-05
3.8147e-06
4.0531e-06
1.1921e-06
1.6212e-05
0.0000e+00
5.6982e-05
1.9073e-06
1.3540e-03
9.5367e-07
3.0994e-06
0.0000e+00
6.1035e-05
2.1458e-06
5.0068e-06
9.5367e-07
9.5367e-07
0.0000e+00
6.1989e-05
9.5367e-07
0.0000e+00
5.4121e-05
9.5367e-07
0.0000e+00
5.2929e-05
4.6968e-05
0.0000e+00
5.5075e-05
4.0531e-06
0.0000e+00
7.7963e-05
2.8610e-06
0.0000e+00
5.6028e-05
2.1458e-06
0.0000e+00
5.5075e-05
2.0003e-04
0.0000e+00
5.5075e-05
2.8610e-06
0.0000e+00
5.3883e-05
9.5367e-07
0.0000e+00
5.4121e-05
1.9073e-06
0.0000e+00
6.1989e-05
1.9073e-06
0.0000e+00
5.4836e-05
5.0068e-05
0.0000e+00
5.6028e-05
1.9073e-06
0.0000e+00
5.3883e-05
1.9073e-06
1.3113e-04
0.0000e+00
9.5367e-07
0.0000e+00
5.6982e-05
2.1458e-06
0.0000e+00
5.5075e-05
9.5367e-07
0.0000e+00
5.4121e-05
9.5367e-07
0.0000e+00
5.2929e-05
9.0599e-06
0.0000e+00
5.5075e-05
2.8610e-06
0.0000e+00
5.6982e-05
3.8600e-04
0.0000e+00
5.5075e-05
5.0068e-06
0.0000e+00
5.2929e-05
5.0068e-06
0.0000e+00
5.4121e-05
2.1458e-06
0.0000e+00
5.3883e-05
3.0994e-06
0.0000e+00
5.3883e-05
1.8120e-05
5.0068e-06
9.5367e-07
6.8903e-05
2.8706e-04
9.5367e-07
9.5367e-07
0.0000e+00
5.5075e-05
2.8610e-06
0.0000e+00
5.6982e-05
2.1458e-06
0.0000e+00
5.3883e-05
2.1458e-06
4.0531e-06
9.5367e-07
1.0014e-05
0.0000e+00
5.3883e-05
2.9206e-04
0.0000e+00
5.5075e-05
2.8610e-06
0.0000e+00
5.6028e-05
1.9073e-05
0.0000e+00
5.3883e-05
1.0014e-05
0.0000e+00
6.1035e-05
3.0994e-06
0.0000e+00
5.6028e-05
1.9073e-06
8.1062e-06
9.5367e-07
6.9141e-06
0.0000e+00
5.5790e-05
2.3794e-04
0.0000e+00
5.5075e-05
1.6499e-04
0.0000e+00
5.3883e-05
4.0531e-06
0.0000e+00
5.3883e-05
2.1935e-05
0.0000e+00
5.2929e-05
6.5804e-05
0.0000e+00
5.3883e-05
3.0994e-06
0.0000e+00
5.8174e-05
2.1458e-06
0.0000e+00
5.3883e-05
1.9073e-06
0.0000e+00
5.3883e-05
1.9073e-06
0.0000e+00
5.4121e-05
9.5367e-07
0.0000e+00
5.3167e-05
3.5906e-04
0.0000e+00
5.4121e-05
2.0027e-05
0.0000e+00
5.4836e-05
9.2030e-05
0.0000e+00
7.3195e-05
3.0994e-06
0.0000e+00
5.5075e-05
1.3113e-05
0.0000e+00
5.4121e-05
3.8862e-05
2.2173e-05
9.5367e-07
3.6955e-05
0.0000e+00
5.6028e-05
2.8610e-06
0.0000e+00
5.3167e-05
1.6880e-04
0.0000e+00
5.4836e-05
2.0981e-05
7.1526e-06
9.5367e-07
6.9141e-06
0.0000e+00
5.5075e-05
1.9073e-06
2.9683e-04
9.5367e-07
9.5367e-07
0.0000e+00
5.6982e-05
1.1921e-06
0.0000e+00
5.2929e-05
1.9073e-06
0.0000e+00
5.3883e-05
7.8678e-06
0.0000e+00
5.5075e-05
2.1458e-06
1.5092e-04
1.1921e-06
9.5367e-07
0.0000e+00
5.3883e-05
6.6042e-05
0.0000e+00
5.5075e-05
8.4877e-05
0.0000e+00
7.2002e-05
3.0994e-06
0.0000e+00
5.6028e-05
1.1802e-04
1.4687e-04
1.1921e-06
9.5367e-07
0.0000e+00
5.6028e-05
2.1458e-06
0.0000e+00
5.4121e-05
2.1458e-06
0.0000e+00
5.4121e-05
9.5367e-07
0.0000e+00
5.2929e-05
1.2183e-04
0.0000e+00
5.3883e-05
5.6982e-05
4.0531e-06
0.0000e+00
6.9141e-05
0.0000e+00
7.7009e-05
2.8610e-06
0.0000e+00
5.5790e-05
2.1458e-06
0.0000e+00
5.3883e-05
9.5367e-07
0.0000e+00
5.3883e-05
1.8001e-04
0.0000e+00
5.4121e-05
3.0994e-06
0.0000e+00
5.4121e-05
1.0419e-04
0.0000e+00
5.3883e-05
4.0531e-06
6.9141e-05
9.5367e-07
2.1458e-06
0.0000e+00
8.1062e-05
3.0994e-06
0.0000e+00
5.5075e-05
9.5367e-07
0.0000e+00
5.3167e-05
9.5367e-07
0.0000e+00
5.1975e-05
3.4285e-04
0.0000e+00
5.6028e-05
1.0014e-05
0.0000e+00
5.4121e-05
4.0531e-06
0.0000e+00
5.3167e-05
8.3208e-05
0.0000e+00
5.7936e-05
3.0994e-06
0.0000e+00
5.6028e-05
1.9073e-06
0.0000e+00
5.4121e-05
2.6512e-04
0.0000e+00
5.5075e-05
5.0068e-06
0.0000e+00
5.3883e-05
3.0994e-06
1.2994e-04
1.1921e-06
1.1921e-06
0.0000e+00
5.5075e-05
3.0994e-06
0.0000e+00
5.4121e-05
3.0994e-06
0.0000e+00
5.3167e-05
3.0994e-06
2.1601e-04
0.0000e+00
9.5367e-07
0.0000e+00
5.9128e-05
1.1921e-06
0.0000e+00
5.2929e-05
3.0994e-06
0.0000e+00
5.3883e-05
5.9605e-06
5.0068e-06
9.5367e-07
7.8678e-06
0.0000e+00
5.7936e-05
3.6407e-04
0.0000e+00
5.5075e-05
7.8678e-06
0.0000e+00
5.6028e-05
4.5061e-05
0.0000e+00
7.2956e-05
2.8610e-06
0.0000e+00
5.3883e-05
1.6499e-04
0.0000e+00
5.4836e-05
3.0041e-05
0.0000e+00
5.5075e-05
2.1458e-06
0.0000e+00
5.4121e-05
4.1962e-05
0.0000e+00
5.3883e-05
5.0068e-06
0.0000e+00
5.5075e-05
2.8610e-06
0.0000e+00
5.5075e-05
1.8001e-04
1.6928e-05
9.5367e-07
3.8147e-05
0.0000e+00
5.7936e-05
1.9073e-06
1.1587e-04
9.5367e-07
9.5367e-07
0.0000e+00
5.6028e-05
1.4615e-04
0.0000e+00
5.4121e-05
2.1458e-06
0.0000e+00
5.2929e-05
2.1458e-06
0.0000e+00
5.3883e-05
1.7881e-05
1.2779e-04
9.5367e-07
9.5367e-07
0.0000e+00
5.6028e-05
9.5367e-07
1.5092e-04
0.0000e+00
1.1921e-06
5.0068e-06
9.5367e-07
5.9605e-06
0.0000e+00
5.6028e-05
1.7881e-05
0.0000e+00
5.3883e-05
5.9605e-06
0.0000e+00
5.4121e-05
1.1182e-04
0.0000e+00
5.4836e-05
2.1458e-06
2.9993e-04
1.1921e-06
1.1921e-06
5.0068e-06
9.5367e-07
7.8678e-06
0.0000e+00
5.6028e-05
1.1921e-06
0.0000e+00
5.3883e-05
3.0994e-06
0.0000e+00
5.6982e-05
1.1992e-04
0.0000e+00
5.4836e-05
5.2929e-05
0.0000e+00
5.3883e-05
2.1935e-05
0.0000e+00
5.3883e-05
6.3896e-05
0.0000e+00
5.2929e-05
5.0068e-06
0.0000e+00
5.3883e-05
2.1458e-06
0.0000e+00
5.2929e-05
1.9407e-04
0.0000e+00
7.2956e-05
2.8610e-06
0.0000e+00
5.4836e-05
1.9073e-06
0.0000e+00
5.3883e-05
9.5367e-07
0.0000e+00
5.5075e-05
2.7108e-04
2.5034e-05
9.5367e-07
4.8876e-05
5.0068e-06
9.5367e-07
5.3167e-05
5.0068e-06
9.5367e-07
6.0081e-05
0.0000e+00
5.5075e-05
2.1458e-06
0.0000e+00
5.5075e-05
4.0531e-06
0.0000e+00
7.1049e-05
3.0994e-06
0.0000e+00
5.6982e-05
2.5487e-04
0.0000e+00
5.4836e-05
3.8147e-06
1.8787e-04
0.0000e+00
1.1921e-06
0.0000e+00
5.5075e-05
2.1458e-06
0.0000e+00
5.2929e-05
5.0068e-05
0.0000e+00
5.3883e-05
3.0994e-06
6.8903e-05
0.0000e+00
1.9073e-06
0.0000e+00
5.6982e-05
9.5367e-07
0.0000e+00
7.3910e-05
2.8610e-06
0.0000e+00
5.4836e-05
2.2602e-04
1.9073e-05
0.0000e+00
3.6001e-05
0.0000e+00
5.5075e-05
1.9073e-06
0.0000e+00
5.5075e-05
3.3855e-05
0.0000e+00
5.4836e-05
1.1396e-04
3.3855e-05
1.1921e-06
2.3127e-05
0.0000e+00
5.6028e-05
1.3828e-05
0.0000e+00
5.3883e-05
4.1008e-05
4.0531e-06
9.5367e-07
5.1022e-05
0.0000e+00
5.6982e-05
1.9073e-06
0.0000e+00
5.3883e-05
1.9407e-04
0.0000e+00
5.5075e-05
2.2173e-05
0.0000e+00
5.2929e-05
1.0967e-05
0.0000e+00
5.9843e-05
1.5020e-05
0.0000e+00
5.4121e-05
5.0068e-06
0.0000e+00
5.2929e-05
2.1458e-06
0.0000e+00
5.6982e-05
3.4595e-04
0.0000e+00
5.6982e-05
1.9073e-06
0.0000e+00
5.4836e-05
1.9073e-06
0.0000e+00
5.4121e-05
1.6999e-04
0.0000e+00
5.6028e-05
5.0068e-06
0.0000e+00
5.5075e-05
4.4107e-05
0.0000e+00
5.5075e-05
5.8889e-05
0.0000e+00
7.6771e-05
3.0994e-06
0.0000e+00
5.4121e-05
2.1458e-06
0.0000e+00
5.3883e-05
2.1458e-06
0.0000e+00
5.2929e-05
9.5367e-07
3.8147e-06
0.0000e+00
3.0994e-06
4.4417e-04
9.5367e-07
9.5367e-07
0.0000e+00
5.6982e-05
9.5367e-07
0.0000e+00
5.2929e-05
1.1015e-04
0.0000e+00
5.3883e-05
3.6955e-05
0.0000e+00
7.4863e-05
3.0994e-06
0.0000e+00
5.6028e-05
2.1458e-06
1.6189e-04
9.5367e-07
9.5367e-07
0.0000e+00
5.6028e-05
9.5367e-07
0.0000e+00
5.9128e-05
3.0994e-06
0.0000e+00
5.3883e-05
1.4496e-04
1.4710e-04
9.5367e-07
9.5367e-07
0.0000e+00
5.2929e-05
3.0994e-05
0.0000e+00
5.5075e-05
1.9073e-06
0.0000e+00
5.6982e-05
1.1420e-04
0.0000e+00
5.4836e-05
8.8930e-05
0.0000e+00
5.9843e-05
2.1458e-06
0.0000e+00
5.4836e-05
8.3923e-05
0.0000e+00
5.3883e-05
1.9073e-06
0.0000e+00
5.2929e-05
4.0531e-06
2.4104e-04
9.5367e-07
9.5367e-07
0.0000e+00
5.6028e-05
2.1458e-06
4.0531e-06
0.0000e+00
1.9073e-06
0.0000e+00
5.8174e-05
8.1062e-06
0.0000e+00
5.5075e-05
9.5367e-07
1.0204e-04
1.1921e-06
9.5367e-07
0.0000e+00
6.1989e-05
1.9073e-06
0.0000e+00
5.5075e-05
9.5367e-07
2.3389e-04
0.0000e+00
9.5367e-07
0.0000e+00
5.5075e-05
2.1458e-06
0.0000e+00
5.5075e-05
2.1458e-06
3.0708e-04
9.5367e-07
9.5367e-07
4.0531e-06
9.5367e-07
9.5367e-07
1.3208e-04
0.0000e+00
9.5367e-07
0.0000e+00
5.6982e-05
9.5367e-07
0.0000e+00
5.2929e-05
1.9073e-06
0.0000e+00
5.3883e-05
5.9605e-06
0.0000e+00
5.5075e-05
1.9073e-06
0.0000e+00
5.4121e-05
2.1601e-04
0.0000e+00
5.3883e-05
1.2302e-04
0.0000e+00
5.7936e-05
1.0014e-05
0.0000e+00
5.3167e-05
1.6499e-04
0.0000e+00
5.5790e-05
5.0068e-06
0.0000e+00
5.4121e-05
1.6928e-05
0.0000e+00
5.3167e-05
4.0531e-06
0.0000e+00
5.4121e-05
2.1458e-06
0.0000e+00
5.4121e-05
2.1458e-06
0.0000e+00
7.0095e-05
1.0681e-04
0.0000e+00
5.6028e-05
3.0994e-06
0.0000e+00
5.5075e-05
9.5367e-07
0.0000e+00
5.4121e-05
6.9141e-06
0.0000e+00
6.4135e-05
1.6117e-04
5.0068e-05
9.5367e-07
5.9605e-06
2.6226e-05
9.5367e-07
3.0041e-05
0.0000e+00
5.8174e-05
2.1458e-06
3.8195e-04
9.5367e-07
9.5367e-07
0.0000e+00
7.1049e-05
2.1458e-06
0.0000e+00
5.5075e-05
9.5367e-07
5.0068e-06
9.5367e-07
2.6941e-05
0.0000e+00
5.6982e-05
1.9073e-06
2.8515e-04
9.5367e-07
1.9073e-06
4.0531e-06
9.5367e-07
2.8610e-06
2.3198e-04
9.5367e-07
0.0000e+00
0.0000e+00
5.5075e-05
9.5367e-07
0.0000e+00
5.3167e-05
1.0705e-04
0.0000e+00
5.6028e-05
1.6928e-05
4.9829e-05
9.5367e-07
2.8610e-06
9.2983e-05
9.5367e-07
9.5367e-07
0.0000e+00
5.8174e-05
2.1458e-06
0.0000e+00
5.1975e-05
1.9073e-06
0.0000e+00
5.2929e-05
1.3399e-04
0.0000e+00
5.4121e-05
2.1458e-06
0.0000e+00
5.4121e-05
1.7095e-04
0.0000e+00
5.3883e-05
1.4067e-05
0.0000e+00
5.9843e-05
3.0994e-06
0.0000e+00
5.6982e-05
1.9073e-06
0.0000e+00
5.3883e-05
9.5367e-07
0.0000e+00
5.3167e-05
1.8501e-04
0.0000e+00
5.2929e-05
2.8610e-06
0.0000e+00
5.2929e-05
2.8610e-06
0.0000e+00
5.2929e-05
9.3937e-05
1.3304e-04
9.5367e-07
2.1458e-06
0.0000e+00
5.4836e-05
3.0994e-06
0.0000e+00
6.2943e-05
6.6996e-05
0.0000e+00
5.4121e-05
1.1921e-06
4.0531e-06
0.0000e+00
5.9605e-06
2.8801e-04
1.1921e-06
1.1921e-06
0.0000e+00
5.4836e-05
9.5367e-07
0.0000e+00
5.2929e-05
9.5367e-07
0.0000e+00
5.3167e-05
1.1921e-06
0.0000e+00
5.3883e-05
1.9073e-06
0.0000e+00
6.9857e-05
6.9141e-06
0.0000e+00
5.6028e-05
5.0068e-06
0.0000e+00
6.1989e-05
3.7313e-04
0.0000e+00
5.5075e-05
2.8610e-06
0.0000e+00
5.3883e-05
1.9073e-06
0.0000e+00
5.4121e-05
7.7963e-05
3.0994e-06
9.5367e-07
5.1975e-05
0.0000e+00
5.5075e-05
2.1219e-05
1.2088e-04
1.1921e-06
2.1458e-06
0.0000e+00
7.3910e-05
2.1458e-06
8.1062e-06
9.5367e-07
9.5367e-07
0.0000e+00
5.5075e-05
1.9073e-06
3.5906e-04
9.5367e-07
9.5367e-07
3.8147e-06
9.5367e-07
1.1921e-06
7.1049e-05
9.5367e-07
9.5367e-07
0.0000e+00
5.5075e-05
9.5367e-07
0.0000e+00
5.4121e-05
2.6608e-04
0.0000e+00
5.4121e-05
2.1458e-06
0.0000e+00
5.3883e-05
2.1458e-06
0.0000e+00
5.7936e-05
1.9073e-06
0.0000e+00
5.3883e-05
4.0054e-05
0.0000e+00
5.5075e-05
2.1458e-06
1.6904e-04
0.0000e+00
9.5367e-07
0.0000e+00
5.4836e-05
1.9073e-06
0.0000e+00
5.3883e-05
1.9693e-04
8.3923e-05
9.5367e-07
9.5367e-07
4.1962e-05
9.5367e-07
9.5367e-07
0.0000e+00
5.6028e-05
3.0994e-06
0.0000e+00
5.6982e-05
1.9073e-06
0.0000e+00
5.4121e-05
9.5367e-07
0.0000e+00
5.2929e-05
2.2602e-04
0.0000e+00
5.3167e-05
2.5034e-05
0.0000e+00
5.3883e-05
1.9073e-06
0.0000e+00
5.3883e-05
2.1458e-06
0.0000e+00
5.5075e-05
2.1458e-06
0.0000e+00
7.3910e-05
3.0994e-06
0.0000e+00
5.5075e-05
3.2115e-04
0.0000e+00
5.6028e-05
5.2214e-05
0.0000e+00
5.3883e-05
3.0994e-06
5.7936e-05
1.1921e-06
2.1458e-06
0.0000e+00
5.6028e-05
1.9073e-06
0.0000e+00
5.4121e-05
2.2888e-05
0.0000e+00
5.3883e-05
4.0531e-06
0.0000e+00
7.2002e-05
1.6093e-04
4.0531e-06
9.5367e-07
2.1458e-06
0.0000e+00
5.3883e-05
4.0531e-06
0.0000e+00
5.5075e-05
3.0994e-06
0.0000e+00
5.4121e-05
2.1458e-06
0.0000e+00
5.4121e-05
4.0531e-06
0.0000e+00
5.4121e-05
3.6407e-04
0.0000e+00
5.6028e-05
2.5988e-05
4.0531e-06
9.5367e-07
3.9101e-05
0.0000e+00
5.6982e-05
1.3494e-04
1.7810e-04
9.5367e-07
9.5367e-07
0.0000e+00
5.3883e-05
1.9073e-06
0.0000e+00
5.2929e-05
1.9073e-06
1.2207e-04
9.5367e-07
9.5367e-07
2.0981e-05
0.0000e+00
9.5367e-07
0.0000e+00
6.1989e-05
9.9897e-05
5.0068e-06
0.0000e+00
5.1975e-05
3.0994e-06
9.5367e-07
5.1022e-05
0.0000e+00
5.6028e-05
1.9073e-06
0.0000e+00
7.3910e-05
2.8610e-06
0.0000e+00
5.5790e-05
1.6904e-04
0.0000e+00
5.4121e-05
3.8147e-06
0.0000e+00
5.3883e-05
2.8610e-06
0.0000e+00
5.3883e-05
1.7190e-04
0.0000e+00
5.6028e-05
2.0313e-04
0.0000e+00
5.5075e-05
3.8147e-06
3.8147e-06
9.5367e-07
5.3167e-05
0.0000e+00
7.2002e-05
3.0994e-06
0.0000e+00
5.4121e-05
1.3089e-04
0.0000e+00
5.4121e-05
2.8610e-06
0.0000e+00
5.5790e-05
3.6001e-05
0.0000e+00
5.4836e-05
1.9073e-06
0.0000e+00
5.4836e-05
2.1458e-06
0.0000e+00
5.3883e-05
1.9073e-06
3.1495e-04
9.5367e-07
9.5367e-07
0.0000e+00
7.4148e-05
2.1458e-06
0.0000e+00
5.5075e-05
1.1921e-06
0.0000e+00
5.3883e-05
2.3699e-04
0.0000e+00
5.5790e-05
2.8133e-05
0.0000e+00
5.2929e-05
4.0531e-06
0.0000e+00
5.2929e-05
5.9605e-06
0.0000e+00
5.2929e-05
5.0068e-06
0.0000e+00
5.1975e-05
1.9073e-06
0.0000e+00
5.6982e-05
2.1458e-06
0.0000e+00
5.4121e-05
2.1458e-06
0.0000e+00
5.6028e-05
9.5367e-07
0.0000e+00
5.4121e-05
3.8147e-06
0.0000e+00
5.2929e-05
2.6894e-04
0.0000e+00
5.3883e-05
2.4104e-04
0.0000e+00
5.4121e-05
4.0531e-06
0.0000e+00
7.3195e-05
3.0994e-06
6.7949e-05
9.5367e-07
1.9073e-06
0.0000e+00
5.6028e-05
1.9073e-06
0.0000e+00
5.4836e-05
9.5367e-07
0.0000e+00
5.2929e-05
9.5367e-07
0.0000e+00
5.4121e-05
3.5501e-04
0.0000e+00
5.5075e-05
6.3896e-05
0.0000e+00
5.4121e-05
1.9073e-06
0.0000e+00
7.2956e-05
3.0994e-06
0.0000e+00
5.6028e-05
1.9073e-06
0.0000e+00
5.5075e-05
2.1458e-06
0.0000e+00
5.4121e-05
2.1458e-06
0.0000e+00
5.5075e-05
1.0014e-05
0.0000e+00
5.4836e-05
2.1458e-06
3.3283e-04
9.5367e-07
1.9073e-06
0.0000e+00
5.6028e-05
5.0068e-05
0.0000e+00
7.2002e-05
1.9073e-06
0.0000e+00
5.4836e-05
1.9073e-06
0.0000e+00
5.2929e-05
1.9073e-06
0.0000e+00
5.5075e-05
3.4881e-04
0.0000e+00
5.6028e-05
1.8120e-05
0.0000e+00
5.5075e-05
2.2173e-05
1.1396e-04
0.0000e+00
9.5367e-07
0.0000e+00
5.6028e-05
2.1458e-06
0.0000e+00
7.2002e-05
2.8610e-06
0.0000e+00
5.4836e-05
5.9605e-06
0.0000e+00
5.2929e-05
1.9073e-06
0.0000e+00
5.3167e-05
4.0531e-06
0.0000e+00
5.3883e-05
1.9073e-06
0.0000e+00
5.4121e-05
3.6097e-04
1.2207e-04
0.0000e+00
9.5367e-07
0.0000e+00
5.6028e-05
1.9073e-06
0.0000e+00
7.4863e-05
1.9073e-06
1.4019e-04
9.5367e-07
9.5367e-07
0.0000e+00
5.6028e-05
7.5102e-05
0.0000e+00
5.4121e-05
9.0599e-06
2.1815e-04
9.5367e-07
9.5367e-07
0.0000e+00
5.4121e-05
1.6212e-05
0.0000e+00
5.4836e-05
9.5367e-07
0.0000e+00
5.2929e-05
9.5367e-07
0.0000e+00
5.3167e-05
1.4997e-04
3.8147e-06
9.5367e-07
3.5048e-05
0.0000e+00
5.6982e-05
1.4305e-04
0.0000e+00
5.2929e-05
1.1921e-05
0.0000e+00
5.4836e-05
1.0204e-04
0.0000e+00
5.4121e-05
5.0068e-06
0.0000e+00
5.2929e-05
2.7895e-05
4.0531e-06
9.5367e-07
5.1975e-05
0.0000e+00
5.4121e-05
3.0994e-06
0.0000e+00
5.4121e-05
1.9073e-06
0.0000e+00
5.6982e-05
3.3116e-04
0.0000e+00
6.0081e-05
1.9073e-06
3.6001e-05
0.0000e+00
1.3828e-05
0.0000e+00
5.4836e-05
2.1458e-06
3.8862e-05
0.0000e+00
3.4094e-05
0.0000e+00
5.5075e-05
1.9073e-06
0.0000e+00
5.4121e-05
3.8147e-06
0.0000e+00
5.3883e-05
1.0204e-04
0.0000e+00
7.1049e-05
2.8610e-06
0.0000e+00
5.2929e-05
1.9073e-06
2.9016e-04
9.5367e-07
9.5367e-07
0.0000e+00
5.5790e-05
9.5367e-07
0.0000e+00
5.2929e-05
1.0991e-04
5.8174e-05
9.5367e-07
1.9073e-06
0.0000e+00
5.6028e-05
1.9073e-06
0.0000e+00
5.2929e-05
1.6189e-04
0.0000e+00
5.3883e-05
1.9073e-06
0.0000e+00
5.6028e-05
1.4520e-04
0.0000e+00
5.6028e-05
3.0994e-06
0.0000e+00
5.5075e-05
9.8944e-05
0.0000e+00
5.4121e-05
2.1935e-05
0.0000e+00
5.6028e-05
4.0531e-06
1.3804e-04
9.5367e-07
1.9073e-06
0.0000e+00
5.4836e-05
1.9073e-06
0.0000e+00
5.3883e-05
9.0599e-06
0.0000e+00
5.6982e-05
2.1458e-06
0.0000e+00
5.3883e-05
5.9605e-06
0.0000e+00
5.3883e-05
1.7309e-04
0.0000e+00
5.5075e-05
1.9073e-05
4.0054e-05
1.1921e-06
1.7166e-05
0.0000e+00
5.4836e-05
2.1458e-06
2.1791e-04
1.1921e-06
9.5367e-07
0.0000e+00
5.3883e-05
9.5367e-07
0.0000e+00
6.7949e-05
1.9073e-06
0.0000e+00
5.5075e-05
2.8610e-06
1.0014e-05
9.5367e-07
9.5367e-07
2.2888e-05
0.0000e+00
9.5367e-07
0.0000e+00
5.5075e-05
1.9073e-06
0.0000e+00
5.3167e-05
5.0068e-06
0.0000e+00
5.4836e-05
4.4394e-04
0.0000e+00
5.2929e-05
5.0068e-06
0.0000e+00
5.3883e-05
5.0068e-06
2.4605e-04
5.0068e-06
1.1921e-06
5.9605e-06
1.1921e-06
9.5367e-07
0.0000e+00
5.6028e-05
2.1458e-06
0.0000e+00
5.4121e-05
3.9101e-05
0.0000e+00
5.4121e-05
2.1219e-05
0.0000e+00
5.3883e-05
4.0531e-06
0.0000e+00
5.5075e-05
4.0531e-06
0.0000e+00
5.4836e-05
1.9073e-06
1.2398e-04
9.5367e-07
9.5367e-07
1.3494e-04
9.5367e-07
9.5367e-07
9.3937e-05
9.5367e-07
9.5367e-07
0.0000e+00
6.2943e-05
9.5367e-07
0.0000e+00
5.5790e-05
2.8801e-04
0.0000e+00
5.4121e-05
6.9141e-06
4.0531e-06
0.0000e+00
5.0068e-05
5.9605e-06
0.0000e+00
4.8161e-05
0.0000e+00
5.5075e-05
1.9073e-06
0.0000e+00
5.5075e-05
1.9073e-06
0.0000e+00
5.4121e-05
1.9073e-06
0.0000e+00
5.6982e-05
4.0531e-06
6.1989e-06
9.5367e-07
5.5790e-05
0.0000e+00
5.6028e-05
2.1458e-06
0.0000e+00
5.2929e-05
5.3406e-04
0.0000e+00
5.3883e-05
4.0531e-06
0.0000e+00
5.4121e-05
5.0068e-06
3.0994e-06
9.5367e-07
1.9073e-06
0.0000e+00
5.4836e-05
1.7691e-04
0.0000e+00
7.2956e-05
2.8610e-06
0.0000e+00
5.6028e-05
1.7166e-05
0.0000e+00
5.3883e-05
4.0531e-06
0.0000e+00
5.4121e-05
4.0531e-06
0.0000e+00
5.5075e-05
1.9073e-06
0.0000e+00
5.4121e-05
4.0531e-06
0.0000e+00
5.4121e-05
1.9073e-06
0.0000e+00
5.4121e-05
3.3307e-04
0.0000e+00
7.3195e-05
2.1458e-06
5.1975e-05
9.5367e-07
2.1458e-06
0.0000e+00
5.3883e-05
6.9141e-06
0.0000e+00
5.6028e-05
1.1897e-04
0.0000e+00
5.3883e-05
8.1062e-06
0.0000e+00
5.3883e-05
1.9193e-04
0.0000e+00
5.3883e-05
5.0068e-06
5.9605e-06
1.1921e-06
5.9128e-05
0.0000e+00
5.6028e-05
1.4400e-04
0.0000e+00
5.6982e-05
1.9073e-06
0.0000e+00
5.3883e-05
1.4067e-05
0.0000e+00
5.3883e-05
2.2888e-05
0.0000e+00
5.5075e-05
3.3855e-05
0.0000e+00
5.3883e-05
1.2994e-04
7.1526e-06
0.0000e+00
4.9829e-05
0.0000e+00
5.5075e-05
2.4080e-05
0.0000e+00
6.1989e-05
3.0994e-06
4.0531e-06
1.1921e-06
2.5034e-05
0.0000e+00
5.7220e-05
1.5974e-05
0.0000e+00
5.3883e-05
5.9605e-06
3.6001e-04
9.5367e-07
1.9073e-06
0.0000e+00
5.3883e-05
1.9073e-06
0.0000e+00
5.4121e-05
1.2708e-04
0.0000e+00
5.3167e-05
1.2159e-05
0.0000e+00
6.1035e-05
2.8610e-06
0.0000e+00
7.3195e-05
3.0994e-06
0.0000e+00
5.6028e-05
9.5367e-07
0.0000e+00
5.3167e-05
2.1458e-06
0.0000e+00
5.5075e-05
2.4009e-04
1.8311e-04
9.5367e-07
9.5367e-07
0.0000e+00
5.4121e-05
1.9073e-06
0.0000e+00
5.6028e-05
1.9073e-06
1.5020e-04
9.5367e-07
1.9073e-06
0.0000e+00
5.6028e-05
9.5367e-07
0.0000e+00
7.0810e-05
3.0994e-06
2.7895e-05
9.5367e-07
9.5367e-07
0.0000e+00
5.6982e-05
1.3590e-04
0.0000e+00
5.4121e-05
1.8835e-05
0.0000e+00
5.2929e-05
1.2589e-04
0.0000e+00
5.3883e-05
3.8147e-06
0.0000e+00
5.2929e-05
1.1396e-04
0.0000e+00
5.5075e-05
2.0027e-05
6.5804e-05
9.5367e-07
1.9073e-06
0.0000e+00
5.6982e-05
1.9073e-06
1.2398e-04
1.1921e-06
1.1921e-06
0.0000e+00
5.5075e-05
6.6996e-05
0.0000e+00
5.4836e-05
5.0068e-06
0.0000e+00
5.5075e-05
1.3089e-04
0.0000e+00
5.5075e-05
9.0599e-06
0.0000e+00
6.0081e-05
1.4067e-05
0.0000e+00
5.5075e-05
3.0994e-06
0.0000e+00
5.6982e-05
1.9073e-06
1.4806e-04
0.0000e+00
9.5367e-07
0.0000e+00
5.3883e-05
9.5367e-07
0.0000e+00
5.2929e-05
2.1458e-06
0.0000e+00
5.4121e-05
1.1921e-06
0.0000e+00
5.2929e-05
1.9073e-06
0.0000e+00
5.2929e-05
2.0981e-05
0.0000e+00
5.4121e-05
1.9073e-06
4.2915e-04
9.5367e-07
9.5367e-07
0.0000e+00
5.5790e-05
2.1458e-06
0.0000e+00
5.3883e-05
9.5367e-07
2.5296e-04
0.0000e+00
9.5367e-07
0.0000e+00
5.5075e-05
9.5367e-07
0.0000e+00
5.2929e-05
9.5367e-07
0.0000e+00
5.4836e-05
9.5367e-07
2.2197e-04
9.5367e-07
9.5367e-07
0.0000e+00
5.6982e-05
1.1921e-06
0.0000e+00
7.2956e-05
1.9073e-06
5.0068e-06
0.0000e+00
9.5367e-07
0.0000e+00
5.6028e-05
2.5678e-04
0.0000e+00
5.4836e-05
8.2970e-05
2.8610e-06
1.1921e-06
5.6982e-05
8.0824e-05
0.0000e+00
1.9073e-06
1.8096e-04
9.5367e-07
9.5367e-07
0.0000e+00
5.6028e-05
1.9073e-06
8.0109e-05
1.1921e-06
9.5367e-07
0.0000e+00
5.4836e-05
9.5367e-07
2.7514e-04
9.5367e-07
1.1921e-06
5.0068e-06
9.5367e-07
9.5367e-07
0.0000e+00
5.8174e-05
5.0068e-06
0.0000e+00
5.2929e-05
3.6001e-05
0.0000e+00
5.5075e-05
2.1458e-06
0.0000e+00
5.4121e-05
3.0208e-04
0.0000e+00
5.5790e-05
2.1458e-06
0.0000e+00
5.3883e-05
3.0994e-06
0.0000e+00
5.4836e-05
2.8610e-06
1.0300e-04
9.5367e-07
9.5367e-07
0.0000e+00
5.6982e-05
2.1458e-06
0.0000e+00
5.4836e-05
1.2994e-04
0.0000e+00
5.5075e-05
1.3113e-04
0.0000e+00
5.4121e-05
1.1110e-04
0.0000e+00
5.5075e-05
3.0994e-05
0.0000e+00
5.3883e-05
4.0531e-06
0.0000e+00
5.2929e-05
3.0994e-06
8.1062e-06
9.5367e-07
7.8678e-06
0.0000e+00
5.6982e-05
1.9073e-06
3.1400e-04
9.5367e-07
9.5367e-07
0.0000e+00
5.5075e-05
9.5367e-07
0.0000e+00
5.2929e-05
9.5367e-07
4.0531e-06
9.5367e-07
9.5367e-07
0.0000e+00
5.7936e-05
2.4605e-04
0.0000e+00
5.5075e-05
3.8147e-06
0.0000e+00
5.3883e-05
1.9073e-06
0.0000e+00
6.9857e-05
3.0994e-06
0.0000e+00
5.5075e-05
5.0068e-06
0.0000e+00
6.1989e-05
2.1458e-06
0.0000e+00
5.4121e-05
2.1458e-06
0.0000e+00
5.4121e-05
1.9312e-04
0.0000e+00
5.4121e-05
2.8610e-06
0.0000e+00
5.1975e-05
4.0531e-06
3.1018e-04
9.5367e-07
1.9073e-06
0.0000e+00
7.2956e-05
9.5367e-07
2.1291e-04
1.1921e-06
9.5367e-07
0.0000e+00
5.5790e-05
9.5367e-07
0.0000e+00
5.1975e-05
9.5367e-07
0.0000e+00
5.3167e-05
2.5988e-05
0.0000e+00
5.4121e-05
3.9101e-05
0.0000e+00
5.4121e-05
1.7715e-04
5.0068e-06
9.5367e-07
5.1022e-05
0.0000e+00
5.5075e-05
9.1791e-05
0.0000e+00
5.7936e-05
1.8835e-05
0.0000e+00
5.3883e-05
5.9605e-06
0.0000e+00
5.5075e-05
5.3883e-05
1.0610e-04
9.5367e-07
9.5367e-07
0.0000e+00
5.4836e-05
1.9073e-06
0.0000e+00
5.3883e-05
1.9073e-06
0.0000e+00
5.3167e-05
1.1921e-06
0.0000e+00
5.4121e-05
6.9141e-06
0.0000e+00
5.7936e-05
2.0599e-04
0.0000e+00
5.6028e-05
1.9073e-06
5.0068e-06
1.1921e-06
2.7180e-05
0.0000e+00
5.6028e-05
1.1921e-06
0.0000e+00
5.3883e-05
8.1062e-06
0.0000e+00
5.5075e-05
1.1921e-06
0.0000e+00
5.2929e-05
1.9073e-06
0.0000e+00
5.3883e-05
3.6001e-04
0.0000e+00
7.2002e-05
1.9073e-06
0.0000e+00
6.1989e-05
3.0994e-06
0.0000e+00
5.5075e-05
7.4148e-05
0.0000e+00
5.3883e-05
2.3127e-05
0.0000e+00
5.2929e-05
2.1935e-05
0.0000e+00
5.3883e-05
2.8610e-06
0.0000e+00
5.2929e-05
1.8597e-04
0.0000e+00
5.3167e-05
2.8610e-06
0.0000e+00
5.6028e-05
2.5988e-05
5.0068e-06
9.5367e-07
5.6028e-05
0.0000e+00
6.2943e-05
1.9073e-06
0.0000e+00
5.4121e-05
1.4901e-04
0.0000e+00
5.5075e-05
2.0313e-04
4.2915e-05
9.5367e-07
3.0041e-05
0.0000e+00
5.4836e-05
3.0994e-06
0.0000e+00
5.2929e-05
3.0994e-06
0.0000e+00
7.2002e-05
2.8610e-06
0.0000e+00
5.2929e-05
1.9073e-06
0.0000e+00
6.1035e-05
1.9073e-06
0.0000e+00
5.4836e-05
9.5367e-07
0.0000e+00
5.3883e-05
2.0504e-04
0.0000e+00
5.2929e-05
5.1022e-05
1.3804e-04
1.1921e-06
9.5367e-07
0.0000e+00
5.5075e-05
2.1458e-06
7.1049e-05
0.0000e+00
1.9073e-06
0.0000e+00
5.6982e-05
2.1458e-06
0.0000e+00
5.6028e-05
1.9073e-06
0.0000e+00
6.1035e-05
1.9073e-06
2.7013e-04
0.0000e+00
9.5367e-07
0.0000e+00
5.5075e-05
1.9073e-06
0.0000e+00
5.3167e-05
9.5367e-07
0.0000e+00
5.2929e-05
9.5367e-07
0.0000e+00
5.3167e-05
5.9605e-06
2.0194e-04
1.1921e-06
1.1921e-06
0.0000e+00
5.6982e-05
9.5367e-07
2.5296e-04
9.5367e-07
2.1458e-06
0.0000e+00
5.6982e-05
1.5402e-04
0.0000e+00
5.5075e-05
2.0981e-05
4.4823e-05
9.5367e-07
1.0967e-05
0.0000e+00
5.4121e-05
2.1458e-06
0.0000e+00
5.4121e-05
1.1921e-06
0.0000e+00
5.2929e-05
2.0003e-04
0.0000e+00
7.5102e-05
2.8610e-06
0.0000e+00
5.3883e-05
1.9073e-06
0.0000e+00
5.2929e-05
1.9073e-06
4.6968e-05
9.5367e-07
5.0068e-06
0.0000e+00
5.5075e-05
1.8120e-05
0.0000e+00
5.6028e-05
1.9073e-06
0.0000e+00
5.4121e-05
2.1458e-06
0.0000e+00
5.3167e-05
2.1458e-06
1.7405e-04
0.0000e+00
9.5367e-07
0.0000e+00
5.6982e-05
9.5367e-07
1.5402e-04
9.5367e-07
9.5367e-07
0.0000e+00
5.6028e-05
1.9073e-06
0.0000e+00
5.2929e-05
9.5367e-07
0.0000e+00
5.1975e-05
4.2582e-04
0.0000e+00
5.3883e-05
1.9073e-06
0.0000e+00
5.2929e-05
1.9073e-06
0.0000e+00
5.2929e-05
2.1458e-06
0.0000e+00
6.3896e-05
2.1458e-06
0.0000e+00
5.3883e-05
5.0068e-06
0.0000e+00
5.3883e-05
3.1495e-04
0.0000e+00
5.4121e-05
3.0994e-06
0.0000e+00
5.4121e-05
3.1948e-05
0.0000e+00
5.4121e-05
6.1989e-06
0.0000e+00
5.3883e-05
1.9073e-06
2.3794e-04
9.5367e-07
2.1458e-06
0.0000e+00
5.6982e-05
9.5367e-07
0.0000e+00
5.4121e-05
9.5367e-07
6.1989e-05
9.5367e-07
9.5367e-07
0.0000e+00
5.4836e-05
9.5367e-07
0.0000e+00
5.3883e-05
9.5367e-07
1.9097e-04
9.5367e-07
1.1921e-06
0.0000e+00
5.5075e-05
1.1921e-06
0.0000e+00
5.4121e-05
3.3307e-04
0.0000e+00
7.2002e-05
3.0994e-06
0.0000e+00
5.6028e-05
8.3923e-05
0.0000e+00
5.3883e-05
5.9605e-06
0.0000e+00
5.5075e-05
1.9073e-06
0.0000e+00
5.4121e-05
1.9073e-06
4.0531e-06
9.5367e-07
4.9114e-05
0.0000e+00
5.5075e-05
6.1989e-06
0.0000e+00
5.5075e-05
2.1458e-06
3.7003e-04
1.1921e-06
2.1458e-06
0.0000e+00
7.3910e-05
1.9073e-06
0.0000e+00
5.4836e-05
7.3910e-05
2.1935e-05
0.0000e+00
3.2187e-05
0.0000e+00
5.5075e-05
5.9843e-05
2.9087e-05
9.5367e-07
4.1962e-05
0.0000e+00
5.7936e-05
2.1458e-06
0.0000e+00
5.4121e-05
2.1458e-06
0.0000e+00
5.4121e-05
2.1458e-06
0.0000e+00
6.1035e-05
2.8610e-06
0.0000e+00
5.6982e-05
2.1458e-06
3.6192e-04
0.0000e+00
1.9073e-06
0.0000e+00
5.4121e-05
1.1921e-06
0.0000e+00
5.2929e-05
2.7895e-05
0.0000e+00
5.4836e-05
7.7009e-05
0.0000e+00
5.5075e-05
3.8147e-06
0.0000e+00
5.2929e-05
5.9605e-06
0.0000e+00
5.5075e-05
1.9073e-06
0.0000e+00
5.6028e-05
1.9193e-04
0.0000e+00
5.3883e-05
6.5088e-05
0.0000e+00
5.5075e-05
5.6982e-05
0.0000e+00
5.3883e-05
2.1935e-05
0.0000e+00
5.5075e-05
5.9605e-06
0.0000e+00
5.2929e-05
4.0531e-06
0.0000e+00
5.4121e-05
1.0014e-05
2.4605e-04
9.5367e-07
9.5367e-07
8.9169e-05
9.5367e-07
9.5367e-07
0.0000e+00
5.8174e-05
6.1989e-05
0.0000e+00
5.5075e-05
2.1458e-06
0.0000e+00
5.5075e-05
1.9073e-05
0.0000e+00
5.3883e-05
8.4877e-05
0.0000e+00
5.3883e-05
5.0068e-06
0.0000e+00
5.3167e-05
2.1601e-04
0.0000e+00
5.5075e-05
3.0994e-06
0.0000e+00
5.6028e-05
1.9073e-06
0.0000e+00
5.5075e-05
1.9073e-06
0.0000e+00
5.4121e-05
1.3828e-05
0.0000e+00
5.3883e-05
3.0994e-06
0.0000e+00
5.4836e-05
2.4104e-04
4.0531e-06
9.5367e-07
7.6056e-05
7.7009e-05
9.5367e-07
1.9073e-06
0.0000e+00
5.6028e-05
2.1458e-06
0.0000e+00
5.3883e-05
7.1049e-05
0.0000e+00
5.6982e-05
2.1458e-06
1.6189e-04
9.5367e-07
9.5367e-07
0.0000e+00
5.5075e-05
4.8876e-05
0.0000e+00
5.5075e-05
1.9073e-06
1.3304e-04
9.5367e-07
9.5367e-07
0.0000e+00
5.3883e-05
1.9073e-06
0.0000e+00
6.1035e-05
1.9073e-06
0.0000e+00
5.3883e-05
1.9073e-06
2.6083e-04
0.0000e+00
1.9073e-06
0.0000e+00
5.8174e-05
2.1458e-06
0.0000e+00
5.2929e-05
5.0068e-05
0.0000e+00
5.3883e-05
2.1458e-06
0.0000e+00
5.5075e-05
2.9278e-04
0.0000e+00
5.5075e-05
2.1458e-06
0.0000e+00
5.6982e-05
1.0014e-05
0.0000e+00
5.4121e-05
7.1526e-06
0.0000e+00
7.2002e-05
1.9073e-06
0.0000e+00
5.4836e-05
1.4710e-04
0.0000e+00
5.5075e-05
4.0531e-06
4.0531e-06
9.5367e-07
5.1975e-05
2.5892e-04
9.5367e-07
9.5367e-07
1.0967e-05
1.1921e-06
1.1921e-06
0.0000e+00
5.5075e-05
1.4710e-04
0.0000e+00
5.5075e-05
2.8610e-06
4.0531e-06
9.5367e-07
4.6015e-05
1.1182e-04
1.1921e-06
1.1921e-06
0.0000e+00
7.2002e-05
6.3896e-05
0.0000e+00
5.7936e-05
1.9073e-06
0.0000e+00
5.4121e-05
1.9073e-06
0.0000e+00
5.4121e-05
1.9073e-06
0.0000e+00
5.3167e-05
2.1458e-06
0.0000e+00
6.0081e-05
1.9073e-06
0.0000e+00
5.5075e-05
9.5367e-07
0.0000e+00
5.4121e-05
2.1458e-06
0.0000e+00
7.2002e-05
2.8610e-06
0.0000e+00
5.6028e-05
1.9073e-06
0.0000e+00
5.3883e-05
1.9073e-06
0.0000e+00
5.4121e-05
2.1458e-06
0.0000e+00
5.4121e-05
1.1921e-06
5.5504e-04
9.5367e-07
1.9073e-06
0.0000e+00
5.5790e-05
2.1458e-06
0.0000e+00
5.3883e-05
2.4700e-04
0.0000e+00
7.4148e-05
3.0994e-06
0.0000e+00
5.5075e-05
1.9073e-06
1.0109e-04
9.5367e-07
9.5367e-07
0.0000e+00
5.3883e-05
1.9073e-06
0.0000e+00
5.4121e-05
1.9073e-06
0.0000e+00
6.1035e-05
4.5776e-05
1.2994e-04
0.0000e+00
9.5367e-07
0.0000e+00
5.4836e-05
6.0081e-05
0.0000e+00
5.3883e-05
3.0994e-05
0.0000e+00
5.6028e-05
1.9073e-06
0.0000e+00
5.5075e-05
1.9073e-06
2.6608e-04
9.5367e-07
1.9073e-06
0.0000e+00
5.5790e-05
6.6996e-05
1.8597e-04
9.5367e-07
9.5367e-07
5.0068e-06
1.1921e-06
9.5367e-07
1.3685e-04
1.1921e-06
0.0000e+00
0.0000e+00
5.4836e-05
5.9605e-06
0.0000e+00
5.4836e-05
4.0531e-06
0.0000e+00
5.3167e-05
1.9073e-06
0.0000e+00
5.5790e-05
2.1458e-06
0.0000e+00
5.3883e-05
1.6904e-04
0.0000e+00
6.1035e-05
1.4496e-04
0.0000e+00
5.4836e-05
3.0994e-06
0.0000e+00
5.3883e-05
1.0800e-04
0.0000e+00
5.5075e-05
2.7895e-05
0.0000e+00
5.4121e-05
5.0068e-06
0.0000e+00
7.2002e-05
3.0994e-06
0.0000e+00
5.4121e-05
7.3195e-05
0.0000e+00
5.4121e-05
4.0531e-06
0.0000e+00
5.5075e-05
1.2183e-04
0.0000e+00
5.4836e-05
1.9073e-06
0.0000e+00
5.3883e-05
5.6028e-05
0.0000e+00
5.4121e-05
1.8835e-05
0.0000e+00
5.2929e-05
1.9073e-06
0.0000e+00
5.6982e-05
2.1458e-06
0.0000e+00
5.3883e-05
5.9605e-06
0.0000e+00
5.2929e-05
2.5892e-04
0.0000e+00
6.1035e-05
4.1962e-05
5.0068e-06
9.5367e-07
5.1022e-05
0.0000e+00
5.5075e-05
1.9073e-06
0.0000e+00
5.4121e-05
1.3185e-04
0.0000e+00
5.4836e-05
6.1035e-05
8.0109e-05
1.5974e-05
2.1458e-06
0.0000e+00
5.6028e-05
2.1458e-06
0.0000e+00
5.6028e-05
1.4591e-04
0.0000e+00
6.1035e-05
1.9073e-06
0.0000e+00
5.3883e-05
1.9073e-06
0.0000e+00
5.3883e-05
1.9073e-06
0.0000e+00
5.1975e-05
2.1458e-06
0.0000e+00
5.4836e-05
3.0994e-06
3.1304e-04
9.5367e-07
1.9073e-06
1.8501e-04
9.5367e-07
1.3383e-01
