7.2832e-03
4.8876e-05
0.0000e+00
1.6904e-04
2.0981e-05
0.0000e+00
1.0610e-04
1.0014e-05
0.0000e+00
1.0014e-04
2.2519e-03
0.0000e+00
1.0300e-04
5.0068e-06
0.0000e+00
9.6083e-05
4.0531e-06
6.4135e-05
2.1458e-06
6.9141e-06
0.0000e+00
9.7990e-05
5.0068e-06
3.1233e-05
9.5367e-07
2.8610e-06
0.0000e+00
1.2302e-04
4.0531e-06
0.0000e+00
9.7990e-05
4.0531e-06
0.0000e+00
9.5129e-05
4.0531e-06
0.0000e+00
9.3937e-05
1.0967e-05
0.0000e+00
9.5844e-05
3.0994e-06
0.0000e+00
1.0490e-04
1.1206e-05
2.8133e-05
2.1458e-06
4.0531e-06
0.0000e+00
9.5129e-05
2.8610e-06
0.0000e+00
1.2612e-04
4.0531e-06
0.0000e+00
8.8930e-05
3.8147e-06
0.0000e+00
9.5129e-05
1.2875e-05
0.0000e+00
9.2983e-05
3.0994e-06
2.4295e-04
9.5367e-07
2.8610e-06
0.0000e+00
9.8944e-05
4.0531e-06
0.0000e+00
9.5844e-05
4.0531e-06
0.0000e+00
9.4175e-05
1.0967e-05
1.0014e-05
2.1458e-06
5.0068e-06
0.0000e+00
9.0837e-05
4.0531e-06
0.0000e+00
9.6083e-05
4.0531e-06
0.0000e+00
9.4175e-05
1.1921e-05
6.9141e-06
9.5367e-07
5.0068e-06
0.0000e+00
9.4175e-05
9.0599e-06
1.5879e-04
9.5367e-07
2.8610e-06
5.9605e-06
9.5367e-07
1.9073e-06
5.0068e-06
1.1921e-06
2.8610e-06
0.0000e+00
9.2983e-05
4.0531e-06
0.0000e+00
1.1802e-04
5.0068e-06
0.0000e+00
9.7036e-05
1.3113e-05
0.0000e+00
9.1076e-05
1.0967e-05
3.7909e-05
9.5367e-07
4.0531e-06
0.0000e+00
9.6083e-05
3.0994e-06
0.0000e+00
9.2983e-05
3.0994e-06
0.0000e+00
9.2983e-05
2.8610e-06
0.0000e+00
8.7023e-05
4.0531e-06
0.0000e+00
1.1802e-04
1.3781e-03
0.0000e+00
9.5844e-05
5.0068e-06
0.0000e+00
9.5129e-05
5.9605e-06
0.0000e+00
9.4175e-05
1.1921e-05
0.0000e+00
9.3222e-05
1.2159e-05
0.0000e+00
9.4175e-05
5.0068e-06
8.1062e-06
9.5367e-07
1.0967e-05
1.0014e-05
1.1921e-06
2.8610e-06
0.0000e+00
9.2030e-05
7.8678e-06
0.0000e+00
1.3113e-04
1.0014e-05
0.0000e+00
9.1076e-05
5.9605e-06
1.5349e-03
9.5367e-07
3.0994e-06
5.9605e-06
9.5367e-07
2.1458e-06
0.0000e+00
9.8944e-05
3.0994e-06
0.0000e+00
1.0324e-04
4.0531e-06
0.0000e+00
9.4891e-05
3.0994e-06
0.0000e+00
9.2983e-05
4.0531e-06
0.0000e+00
9.2030e-05
4.0531e-06
0.0000e+00
9.2030e-05
9.0599e-06
7.8678e-06
1.1921e-06
4.0531e-06
5.9605e-06
9.5367e-07
3.0994e-06
0.0000e+00
9.3937e-05
4.0531e-06
0.0000e+00
9.5129e-05
1.7881e-05
0.0000e+00
8.9169e-05
7.7009e-05
0.0000e+00
9.2030e-05
5.9605e-06
0.0000e+00
9.4175e-05
3.7909e-05
0.0000e+00
1.1992e-04
4.0531e-06
0.0000e+00
9.4891e-05
4.0531e-06
5.0068e-06
1.9073e-06
3.8147e-06
0.0000e+00
9.2983e-05
3.0994e-06
1.0014e-05
1.1921e-06
2.8610e-06
0.0000e+00
1.0490e-04
4.0531e-06
0.0000e+00
9.2983e-05
4.0531e-06
0.0000e+00
9.2983e-05
4.0531e-06
0.0000e+00
9.5129e-05
5.9605e-06
0.0000e+00
9.3937e-05
9.0599e-06
0.0000e+00
9.5129e-05
4.0531e-06
7.1526e-06
1.9073e-06
4.0531e-06
0.0000e+00
9.2030e-05
3.0994e-06
0.0000e+00
1.0395e-04
3.8147e-06
0.0000e+00
9.7036e-05
5.0068e-06
0.0000e+00
9.2983e-05
4.0531e-06
0.0000e+00
9.2030e-05
5.0068e-06
0.0000e+00
9.7036e-05
5.0068e-06
0.0000e+00
9.3937e-05
4.0531e-06
0.0000e+00
9.2983e-05
2.8610e-06
0.0000e+00
9.2983e-05
4.0531e-06
0.0000e+00
9.4175e-05
1.0967e-05
0.0000e+00
9.4891e-05
1.1921e-05
0.0000e+00
9.5844e-05
4.0531e-06
0.0000e+00
1.1897e-04
8.1062e-06
9.0599e-06
9.5367e-07
3.8147e-06
0.0000e+00
9.4891e-05
4.0531e-06
0.0000e+00
9.4891e-05
7.8678e-06
5.9605e-06
2.1458e-06
3.8147e-06
0.0000e+00
1.0204e-04
5.0068e-06
0.0000e+00
9.2030e-05
5.0068e-06
0.0000e+00
9.2030e-05
2.8610e-06
0.0000e+00
9.2030e-05
1.2875e-05
0.0000e+00
9.4891e-05
5.0068e-06
6.9141e-06
9.5367e-07
2.8610e-06
5.0068e-06
9.5367e-07
4.0531e-06
0.0000e+00
9.2030e-05
3.8147e-06
0.0000e+00
8.9884e-05
6.9141e-06
0.0000e+00
9.9897e-05
4.0531e-06
0.0000e+00
9.0122e-05
5.0068e-06
0.0000e+00
9.4891e-05
5.0068e-06
0.0000e+00
9.3937e-05
5.0068e-06
0.0000e+00
9.2030e-05
1.0014e-05
0.0000e+00
9.0837e-05
7.1526e-06
0.0000e+00
9.5844e-05
2.8610e-06
0.0000e+00
9.0837e-05
6.1989e-06
0.0000e+00
9.2030e-05
4.0531e-06
0.0000e+00
9.2983e-05
4.0531e-06
0.0000e+00
9.0122e-05
3.8147e-06
0.0000e+00
1.2302e-04
5.0068e-06
0.0000e+00
9.4175e-05
5.0068e-06
0.0000e+00
9.2983e-05
5.0068e-06
1.1921e-05
1.9073e-06
3.0994e-06
5.9605e-06
9.5367e-07
2.8610e-06
0.0000e+00
9.2030e-05
5.0068e-06
0.0000e+00
9.2030e-05
8.1062e-06
0.0000e+00
9.7990e-05
6.9141e-06
0.0000e+00
9.3937e-05
5.9605e-06
0.0000e+00
9.6083e-05
5.0068e-06
0.0000e+00
9.2983e-05
8.8215e-06
0.0000e+00
9.2983e-05
4.0531e-06
0.0000e+00
9.1076e-05
9.0599e-06
0.0000e+00
1.0300e-04
3.0994e-06
0.0000e+00
9.4175e-05
2.8610e-06
0.0000e+00
9.5129e-05
3.8147e-06
3.6001e-05
9.5367e-07
5.0068e-06
6.9141e-06
2.1458e-06
1.9073e-06
0.0000e+00
9.2983e-05
5.9605e-06
0.0000e+00
9.3937e-05
5.0068e-06
0.0000e+00
9.2030e-05
5.0068e-06
0.0000e+00
9.2030e-05
4.0531e-06
0.0000e+00
9.4175e-05
4.0531e-06
0.0000e+00
9.2030e-05
5.0068e-06
0.0000e+00
9.1791e-05
6.1989e-06
0.0000e+00
9.2030e-05
4.0531e-06
0.0000e+00
9.6083e-05
4.0531e-06
0.0000e+00
8.9884e-05
4.0531e-06
0.0000e+00
9.0837e-05
4.0531e-06
0.0000e+00
1.0204e-04
3.0994e-06
6.5303e-04
1.9073e-06
3.0994e-06
0.0000e+00
9.5129e-05
4.0531e-06
0.0000e+00
9.3937e-05
3.0994e-06
0.0000e+00
1.2183e-04
6.1989e-06
9.0599e-06
2.1458e-06
5.0068e-06
0.0000e+00
9.5129e-05
3.8147e-06
6.9141e-06
1.9073e-06
3.0994e-06
0.0000e+00
9.3937e-05
4.0531e-06
0.0000e+00
9.5844e-05
3.8147e-06
5.9605e-06
1.1921e-06
5.0068e-06
0.0000e+00
9.2983e-05
3.0994e-06
0.0000e+00
9.4175e-05
5.0068e-06
0.0000e+00
1.2493e-04
3.8147e-06
0.0000e+00
9.6083e-05
5.0068e-06
0.0000e+00
9.2030e-05
6.1989e-06
0.0000e+00
9.2983e-05
5.0068e-06
0.0000e+00
9.1076e-05
3.8147e-06
1.1921e-05
1.9073e-06
2.8610e-06
0.0000e+00
9.2030e-05
4.0531e-06
0.0000e+00
9.2030e-05
4.0531e-06
0.0000e+00
1.2803e-04
5.0068e-06
0.0000e+00
9.0122e-05
4.0531e-06
0.0000e+00
9.2983e-05
6.1989e-06
0.0000e+00
9.4175e-05
3.8147e-06
0.0000e+00
9.2030e-05
5.0068e-06
1.6212e-04
9.5367e-07
3.0994e-06
0.0000e+00
9.3937e-05
3.0994e-06
0.0000e+00
9.4175e-05
3.8147e-06
7.8678e-06
9.5367e-07
4.0531e-06
0.0000e+00
9.2983e-05
5.0068e-06
5.9605e-06
1.9073e-06
4.0531e-06
0.0000e+00
9.3937e-05
4.0531e-06
0.0000e+00
9.1076e-05
4.0531e-06
0.0000e+00
8.9169e-05
3.8147e-06
0.0000e+00
9.0122e-05
2.8610e-06
0.0000e+00
8.9884e-05
3.5048e-05
5.9605e-06
1.1921e-06
3.6001e-05
1.0967e-05
1.9073e-06
1.6928e-05
0.0000e+00
1.1802e-04
6.9141e-06
0.0000e+00
9.7036e-05
4.0531e-06
0.0000e+00
9.4891e-05
4.0531e-06
0.0000e+00
9.3937e-05
4.0531e-06
0.0000e+00
9.1791e-05
2.8610e-06
0.0000e+00
9.3937e-05
4.0531e-06
0.0000e+00
9.2983e-05
4.0531e-06
0.0000e+00
1.0109e-04
5.0068e-06
0.0000e+00
9.7990e-05
5.0068e-06
0.0000e+00
9.5844e-05
4.0531e-06
0.0000e+00
8.9884e-05
4.0531e-06
0.0000e+00
9.0837e-05
4.0531e-06
0.0000e+00
9.0122e-05
5.0068e-06
6.9141e-06
9.5367e-07
2.8610e-06
0.0000e+00
9.1076e-05
5.0068e-06
5.0068e-06
9.5367e-07
1.9073e-06
0.0000e+00
1.2994e-04
5.0068e-06
0.0000e+00
9.6083e-05
9.0599e-06
0.0000e+00
9.2030e-05
3.0994e-06
0.0000e+00
8.8930e-05
3.8147e-06
2.4080e-05
9.5367e-07
2.8610e-06
0.0000e+00
9.2983e-05
3.0994e-06
1.7500e-04
9.5367e-07
2.8610e-06
0.0000e+00
9.2030e-05
2.8610e-06
0.0000e+00
9.2983e-05
5.0068e-06
0.0000e+00
9.6798e-05
5.0068e-06
0.0000e+00
9.3937e-05
5.0068e-06
0.0000e+00
9.3937e-05
4.0531e-06
0.0000e+00
9.2030e-05
2.8610e-06
5.9605e-06
2.1458e-06
3.0994e-06
6.1989e-06
9.5367e-07
3.0994e-06
0.0000e+00
8.9884e-05
3.0994e-06
0.0000e+00
8.8930e-05
4.1008e-05
0.0000e+00
1.2302e-04
5.9605e-06
0.0000e+00
9.7990e-05
5.9605e-06
0.0000e+00
9.2983e-05
4.0531e-06
0.0000e+00
9.5844e-05
3.8147e-06
0.0000e+00
9.2983e-05
4.0531e-06
0.0000e+00
8.9169e-05
4.0531e-06
0.0000e+00
9.2030e-05
3.0994e-06
0.0000e+00
1.0085e-04
3.8147e-06
0.0000e+00
1.2398e-04
1.0014e-05
0.0000e+00
9.7036e-05
3.0994e-06
0.0000e+00
9.2983e-05
4.0531e-06
0.0000e+00
9.2983e-05
4.0531e-06
0.0000e+00
9.3937e-05
4.0531e-06
6.1989e-06
9.5367e-07
3.0994e-06
0.0000e+00
9.4175e-05
4.0531e-06
0.0000e+00
1.0014e-04
4.0531e-06
0.0000e+00
1.2207e-04
4.7684e-06
0.0000e+00
9.7036e-05
4.0531e-06
0.0000e+00
9.5844e-05
3.8147e-06
0.0000e+00
9.4891e-05
3.8147e-06
0.0000e+00
9.2983e-05
3.8147e-06
0.0000e+00
9.6083e-05
4.0531e-06
0.0000e+00
1.0300e-04
3.8147e-06
0.0000e+00
9.3937e-05
5.9605e-06
0.0000e+00
9.7036e-05
4.0531e-06
0.0000e+00
9.2983e-05
4.0531e-06
0.0000e+00
9.2030e-05
4.0531e-06
0.0000e+00
9.2983e-05
5.0068e-06
2.3127e-05
9.5367e-07
3.0994e-06
0.0000e+00
9.2030e-05
3.8147e-06
0.0000e+00
1.0705e-04
4.0531e-06
0.0000e+00
9.2983e-05
5.0068e-06
5.9605e-06
9.5367e-07
3.8147e-06
0.0000e+00
9.7990e-05
4.0531e-06
0.0000e+00
9.3937e-05
3.8147e-06
0.0000e+00
9.2983e-05
5.0068e-06
0.0000e+00
9.2030e-05
3.8147e-06
0.0000e+00
9.2030e-05
5.9605e-06
0.0000e+00
9.1791e-05
4.0531e-06
0.0000e+00
9.2983e-05
5.0068e-06
9.0599e-06
9.5367e-07
3.0994e-06
0.0000e+00
9.2983e-05
4.0531e-06
0.0000e+00
9.3937e-05
4.0531e-06
0.0000e+00
9.2983e-05
3.0994e-06
5.9605e-06
1.9073e-06
4.0531e-06
0.0000e+00
9.6083e-05
4.0531e-06
0.0000e+00
9.2983e-05
5.0068e-06
0.0000e+00
9.5844e-05
4.0531e-06
0.0000e+00
9.3937e-05
5.0068e-06
7.1526e-06
1.9073e-06
4.0531e-06
0.0000e+00
9.3937e-05
3.0994e-06
0.0000e+00
9.3937e-05
3.8147e-06
0.0000e+00
9.4891e-05
4.0531e-06
0.0000e+00
9.2983e-05
4.0531e-06
2.0027e-05
2.1458e-06
3.0994e-06
0.0000e+00
9.3937e-05
3.0994e-06
1.1015e-04
9.5367e-07
2.8610e-06
0.0000e+00
9.7036e-05
3.8147e-06
0.0000e+00
9.6083e-05
2.1458e-06
0.0000e+00
9.4175e-05
3.8147e-06
0.0000e+00
9.3937e-05
4.0531e-06
0.0000e+00
9.2030e-05
3.8147e-06
0.0000e+00
9.2030e-05
4.0531e-06
0.0000e+00
9.4175e-05
2.8610e-06
0.0000e+00
9.8944e-05
7.1526e-06
0.0000e+00
1.1802e-04
5.0068e-06
6.9141e-06
1.9073e-06
2.8610e-06
0.0000e+00
9.7036e-05
4.0531e-06
5.9605e-06
9.5367e-07
2.8610e-06
0.0000e+00
9.1076e-05
3.0994e-06
5.9605e-06
1.9073e-06
3.0994e-06
0.0000e+00
9.4175e-05
3.8147e-06
0.0000e+00
9.2983e-05
5.0068e-06
0.0000e+00
9.2983e-05
2.8610e-06
0.0000e+00
9.2030e-05
6.9141e-06
0.0000e+00
9.7036e-05
4.0531e-06
0.0000e+00
9.2983e-05
5.0068e-06
0.0000e+00
8.8930e-05
5.0068e-06
0.0000e+00
8.8930e-05
3.8147e-06
0.0000e+00
9.0122e-05
4.0531e-06
0.0000e+00
9.2030e-05
4.0531e-06
1.7881e-05
1.1921e-06
1.9073e-06
0.0000e+00
1.0300e-04
1.0705e-04
0.0000e+00
9.7990e-05
4.0531e-06
7.1526e-06
1.9073e-06
4.0531e-06
0.0000e+00
9.1791e-05
3.0994e-06
0.0000e+00
9.3222e-05
4.0531e-06
0.0000e+00
9.3937e-05
4.0531e-06
0.0000e+00
9.6083e-05
4.0531e-06
0.0000e+00
1.0014e-04
5.0068e-06
0.0000e+00
9.0837e-05
5.0068e-06
0.0000e+00
9.5129e-05
2.8610e-06
0.0000e+00
9.3937e-05
4.0531e-06
0.0000e+00
9.3937e-05
4.0531e-06
0.0000e+00
9.2983e-05
3.0994e-06
0.0000e+00
9.3937e-05
3.8147e-06
0.0000e+00
9.3937e-05
2.8610e-06
0.0000e+00
1.0085e-04
5.0068e-06
0.0000e+00
1.1992e-04
5.9605e-06
0.0000e+00
9.4175e-05
3.8147e-06
5.9605e-06
9.5367e-07
2.8610e-06
6.1989e-05
2.1458e-06
2.8610e-06
0.0000e+00
8.9884e-05
1.9073e-06
0.0000e+00
2.0409e-04
3.0994e-06
0.0000e+00
9.0837e-05
4.0531e-06
5.9605e-06
9.5367e-07
4.0531e-06
0.0000e+00
9.1791e-05
5.9128e-05
0.0000e+00
1.2302e-04
5.9605e-06
0.0000e+00
9.4891e-05
5.0068e-06
0.0000e+00
9.0837e-05
4.0531e-06
0.0000e+00
9.0837e-05
3.8147e-06
0.0000e+00
9.2030e-05
4.0531e-06
0.0000e+00
9.3937e-05
3.0994e-06
0.0000e+00
9.2030e-05
2.8610e-06
0.0000e+00
9.2983e-05
5.0068e-06
0.0000e+00
1.1992e-04
4.0531e-06
0.0000e+00
9.4175e-05
4.0531e-06
0.0000e+00
9.2030e-05
4.0531e-06
0.0000e+00
9.0837e-05
3.0994e-06
8.1062e-06
1.1921e-06
3.8147e-06
1.3089e-04
1.9073e-06
3.0994e-06
0.0000e+00
9.2983e-05
2.8610e-06
0.0000e+00
9.3937e-05
3.0994e-06
0.0000e+00
9.2030e-05
5.0068e-06
0.0000e+00
9.4891e-05
5.9605e-06
0.0000e+00
9.6083e-05
4.0531e-06
0.0000e+00
8.9884e-05
4.0531e-06
0.0000e+00
9.2983e-05
3.8147e-06
0.0000e+00
1.0300e-04
5.0068e-06
0.0000e+00
9.4891e-05
4.0531e-06
0.0000e+00
9.2983e-05
4.0531e-06
0.0000e+00
1.1802e-04
5.0068e-06
0.0000e+00
9.5129e-05
5.9605e-06
3.7909e-05
1.9073e-06
3.0994e-06
0.0000e+00
9.7990e-05
2.8610e-06
5.9605e-06
9.5367e-07
1.9073e-06
0.0000e+00
9.3937e-05
3.0994e-06
5.0068e-06
2.1458e-06
2.8610e-06
5.7936e-05
1.1921e-06
3.0994e-06
0.0000e+00
9.0837e-05
2.1458e-06
1.0014e-05
9.5367e-07
2.8610e-06
0.0000e+00
9.2983e-05
5.0068e-06
0.0000e+00
9.2030e-05
2.8610e-06
0.0000e+00
9.6083e-05
3.0994e-06
0.0000e+00
9.2983e-05
3.0994e-06
0.0000e+00
9.2983e-05
2.8610e-06
0.0000e+00
1.0705e-04
5.0068e-06
0.0000e+00
9.6083e-05
5.0068e-06
0.0000e+00
9.2983e-05
4.0531e-06
0.0000e+00
1.2302e-04
5.9605e-06
0.0000e+00
9.7036e-05
5.9605e-06
0.0000e+00
9.2030e-05
3.8147e-06
0.0000e+00
9.2030e-05
4.0531e-06
0.0000e+00
9.2983e-05
4.0531e-06
1.9073e-05
9.5367e-07
5.0068e-06
0.0000e+00
9.7036e-05
4.0531e-06
0.0000e+00
9.4175e-05
2.8610e-06
0.0000e+00
1.1897e-04
4.0531e-06
0.0000e+00
9.3937e-05
3.0994e-06
0.0000e+00
9.2983e-05
5.0068e-06
0.0000e+00
9.6083e-05
5.0068e-06
0.0000e+00
1.0204e-04
4.0531e-06
0.0000e+00
9.3937e-05
5.0068e-06
0.0000e+00
9.2983e-05
4.0531e-06
0.0000e+00
9.3937e-05
4.0531e-06
0.0000e+00
9.6083e-05
4.0531e-06
0.0000e+00
9.3937e-05
4.0531e-06
0.0000e+00
9.3937e-05
5.0068e-06
0.0000e+00
9.6083e-05
4.0531e-06
0.0000e+00
1.0085e-04
4.0531e-06
1.0014e-05
1.9073e-06
3.0994e-06
0.0000e+00
9.4175e-05
2.8610e-06
0.0000e+00
9.4891e-05
3.8147e-06
0.0000e+00
9.7036e-05
5.0068e-06
0.0000e+00
9.2030e-05
4.0531e-06
0.0000e+00
9.2983e-05
5.9605e-06
0.0000e+00
9.4891e-05
3.0994e-06
0.0000e+00
1.0180e-04
3.8147e-06
0.0000e+00
9.1076e-05
4.0531e-06
5.0068e-06
9.5367e-07
3.8147e-06
0.0000e+00
9.2983e-05
4.0531e-06
0.0000e+00
1.1897e-04
5.0068e-06
0.0000e+00
9.3937e-05
4.0531e-06
0.0000e+00
9.3937e-05
5.0068e-06
0.0000e+00
9.2030e-05
5.0068e-06
0.0000e+00
9.2983e-05
5.0068e-06
0.0000e+00
9.2030e-05
4.0531e-06
0.0000e+00
9.4175e-05
5.0068e-06
0.0000e+00
9.2983e-05
5.9605e-06
1.9073e-05
1.1921e-06
1.9073e-06
4.0531e-06
9.5367e-07
1.9073e-06
0.0000e+00
9.8944e-05
4.0531e-06
0.0000e+00
9.2983e-05
2.8610e-06
7.4863e-05
1.9073e-06
4.0531e-06
0.0000e+00
9.4891e-05
4.0531e-06
0.0000e+00
9.2983e-05
4.0531e-06
0.0000e+00
9.2983e-05
5.0068e-06
0.0000e+00
9.2983e-05
5.0068e-06
0.0000e+00
9.6083e-05
4.0531e-06
0.0000e+00
9.4175e-05
3.8147e-06
6.9141e-06
1.9073e-06
4.0531e-06
0.0000e+00
9.2983e-05
4.0531e-06
0.0000e+00
9.1076e-05
5.0068e-06
0.0000e+00
9.9897e-05
5.0068e-06
0.0000e+00
9.0122e-05
3.8147e-06
0.0000e+00
9.1076e-05
5.0068e-06
0.0000e+00
9.2030e-05
3.8147e-06
0.0000e+00
9.1076e-05
4.0531e-06
0.0000e+00
9.3937e-05
4.0531e-06
0.0000e+00
9.2030e-05
4.0531e-06
7.8678e-06
9.5367e-07
4.0531e-06
0.0000e+00
1.0395e-04
4.0531e-06
0.0000e+00
9.2983e-05
4.0531e-06
5.9605e-06
9.5367e-07
2.8610e-06
0.0000e+00
1.1492e-04
4.0531e-06
0.0000e+00
9.2030e-05
3.0994e-06
0.0000e+00
9.0837e-05
4.0531e-06
0.0000e+00
9.2030e-05
4.0531e-06
0.0000e+00
9.2030e-05
4.0531e-06
7.1526e-06
1.9073e-06
5.0068e-06
0.0000e+00
1.0395e-04
5.0068e-06
0.0000e+00
9.0837e-05
5.0068e-06
1.3804e-04
1.9073e-06
3.0994e-06
0.0000e+00
1.2279e-04
3.0994e-06
0.0000e+00
8.9884e-05
3.0994e-06
5.0068e-06
1.1921e-06
3.0994e-06
1.8001e-04
9.5367e-07
3.0994e-06
0.0000e+00
9.3222e-05
4.0531e-06
0.0000e+00
9.1076e-05
3.0994e-06
0.0000e+00
9.6083e-05
2.8610e-06
0.0000e+00
9.2030e-05
2.8610e-06
0.0000e+00
9.2983e-05
4.0531e-06
0.0000e+00
9.3937e-05
3.0994e-06
0.0000e+00
9.1791e-05
1.9073e-06
1.4067e-05
9.5367e-07
2.8610e-06
0.0000e+00
9.6083e-05
4.0531e-06
1.0014e-05
1.1921e-06
4.0531e-06
0.0000e+00
9.5844e-05
5.0068e-06
0.0000e+00
9.1076e-05
5.0068e-06
0.0000e+00
9.1076e-05
4.0531e-06
7.1526e-06
9.5367e-07
3.0994e-06
0.0000e+00
9.2030e-05
4.0531e-06
0.0000e+00
9.2030e-05
4.0531e-06
0.0000e+00
9.0122e-05
2.8610e-06
0.0000e+00
8.8930e-05
4.0531e-06
2.1887e-04
9.5367e-07
3.0994e-06
0.0000e+00
9.6798e-05
2.8610e-06
0.0000e+00
9.3937e-05
2.8610e-06
0.0000e+00
9.5844e-05
4.0531e-06
0.0000e+00
9.7036e-05
1.9073e-06
0.0000e+00
9.3937e-05
1.9073e-06
0.0000e+00
9.2983e-05
2.8610e-06
0.0000e+00
9.4891e-05
4.0531e-06
2.4080e-05
1.1921e-06
1.9073e-06
0.0000e+00
9.3937e-05
2.8610e-06
0.0000e+00
9.0837e-05
4.0531e-06
0.0000e+00
8.9884e-05
5.9605e-06
0.0000e+00
9.6083e-05
3.8147e-06
0.0000e+00
9.1076e-05
5.0068e-06
0.0000e+00
9.2030e-05
4.0531e-06
2.8133e-05
2.1458e-06
3.8147e-06
0.0000e+00
9.6083e-05
5.0068e-06
0.0000e+00
9.2983e-05
4.0531e-06
0.0000e+00
9.2983e-05
4.0531e-06
0.0000e+00
9.1076e-05
5.9605e-06
0.0000e+00
9.4175e-05
4.0531e-06
0.0000e+00
9.3937e-05
2.8610e-06
0.0000e+00
9.2030e-05
3.0994e-06
0.0000e+00
1.0204e-04
5.0068e-06
0.0000e+00
9.2030e-05
4.0531e-06
7.1526e-06
9.5367e-07
4.0531e-06
0.0000e+00
9.4891e-05
4.0531e-06
0.0000e+00
9.2030e-05
9.0599e-06
1.1516e-04
9.5367e-07
2.8610e-06
0.0000e+00
9.5844e-05
3.8147e-06
0.0000e+00
9.3937e-05
4.0531e-06
0.0000e+00
1.0490e-04
5.0068e-06
0.0000e+00
9.3937e-05
5.0068e-06
0.0000e+00
9.9182e-05
5.0068e-06
0.0000e+00
9.2030e-05
3.8147e-06
5.9605e-06
1.1921e-06
2.8610e-06
0.0000e+00
1.1992e-04
4.0531e-06
0.0000e+00
9.4891e-05
2.8610e-06
0.0000e+00
9.2030e-05
3.0994e-06
0.0000e+00
1.0109e-04
4.0531e-06
0.0000e+00
9.2983e-05
6.1989e-06
0.0000e+00
9.5129e-05
3.8147e-06
0.0000e+00
9.1076e-05
5.0068e-06
0.0000e+00
9.1076e-05
4.0531e-06
0.0000e+00
1.1492e-04
6.1989e-06
0.0000e+00
9.2983e-05
5.0068e-06
0.0000e+00
9.2030e-05
3.8147e-06
0.0000e+00
9.3937e-05
4.0531e-06
0.0000e+00
9.3937e-05
5.0068e-06
0.0000e+00
9.7036e-05
3.8147e-06
0.0000e+00
9.3937e-05
4.0531e-06
6.9141e-06
9.5367e-07
3.0994e-06
1.1897e-04
9.5367e-07
3.0994e-06
0.0000e+00
9.7036e-05
4.0531e-06
0.0000e+00
9.4175e-05
5.0068e-06
0.0000e+00
9.5129e-05
4.0531e-06
0.0000e+00
9.6083e-05
5.9605e-06
0.0000e+00
9.5844e-05
5.0068e-06
0.0000e+00
9.3937e-05
4.0531e-06
0.0000e+00
9.3937e-05
5.0068e-06
0.0000e+00
1.1802e-04
2.8610e-06
0.0000e+00
9.5129e-05
4.0531e-06
0.0000e+00
1.0300e-04
3.0994e-06
0.0000e+00
9.3937e-05
4.0531e-06
0.0000e+00
9.4891e-05
5.9605e-06
0.0000e+00
9.3937e-05
5.0068e-06
0.0000e+00
9.3937e-05
5.0068e-06
0.0000e+00
9.2983e-05
4.0531e-06
0.0000e+00
1.1587e-04
3.8147e-06
0.0000e+00
9.3937e-05
3.8147e-06
1.0014e-05
9.5367e-07
3.0994e-06
0.0000e+00
9.7990e-05
2.8610e-06
0.0000e+00
9.3937e-05
5.0068e-06
0.0000e+00
9.2983e-05
4.0531e-06
7.8678e-06
9.5367e-07
3.0994e-06
0.0000e+00
9.2983e-05
4.0531e-06
1.8191e-04
9.5367e-07
2.1458e-06
4.0531e-06
2.1458e-06
3.0994e-06
0.0000e+00
1.0705e-04
3.0994e-06
0.0000e+00
9.4891e-05
3.0994e-06
0.0000e+00
9.3937e-05
4.0531e-06
0.0000e+00
9.1791e-05
5.9605e-06
0.0000e+00
9.5129e-05
5.0068e-06
0.0000e+00
9.2983e-05
4.0531e-06
2.1935e-05
1.1921e-06
2.8610e-06
0.0000e+00
9.2983e-05
3.8147e-06
0.0000e+00
9.7990e-05
2.8610e-06
0.0000e+00
9.5844e-05
3.8147e-06
0.0000e+00
9.3937e-05
6.1989e-06
0.0000e+00
9.2983e-05
5.0068e-06
0.0000e+00
9.6083e-05
4.0531e-06
0.0000e+00
9.4175e-05
4.0531e-06
0.0000e+00
9.3937e-05
3.8147e-06
0.0000e+00
1.1706e-04
5.0068e-06
0.0000e+00
1.0300e-04
3.8147e-06
0.0000e+00
9.3937e-05
4.0531e-06
0.0000e+00
9.2983e-05
4.0531e-06
7.1526e-06
1.9073e-06
3.0994e-06
0.0000e+00
9.2983e-05
4.0531e-06
5.0068e-06
9.5367e-07
4.0531e-06
0.0000e+00
9.2983e-05
4.0531e-06
6.1989e-06
9.5367e-07
4.0531e-06
0.0000e+00
1.2612e-04
4.0531e-06
0.0000e+00
9.4891e-05
4.0531e-06
0.0000e+00
9.0837e-05
4.0531e-06
0.0000e+00
9.2030e-05
5.0068e-06
0.0000e+00
9.2030e-05
4.0531e-06
0.0000e+00
9.1076e-05
4.0531e-06
1.6403e-04
9.5367e-07
3.0994e-06
0.0000e+00
9.2030e-05
1.9073e-06
0.0000e+00
9.1076e-05
4.0531e-06
0.0000e+00
1.0085e-04
3.0994e-06
9.9182e-05
9.5367e-07
3.8147e-06
0.0000e+00
9.4891e-05
3.0994e-06
0.0000e+00
9.1076e-05
3.0994e-06
0.0000e+00
9.2030e-05
4.0531e-06
0.0000e+00
9.4175e-05
5.9605e-06
0.0000e+00
9.6083e-05
2.8610e-06
0.0000e+00
9.3937e-05
5.0068e-06
0.0000e+00
9.6798e-05
6.1989e-06
0.0000e+00
9.4175e-05
4.0531e-06
0.0000e+00
9.5129e-05
4.0531e-06
0.0000e+00
9.3937e-05
3.0994e-06
0.0000e+00
9.3937e-05
4.0531e-06
6.9141e-06
1.9073e-06
3.0994e-06
0.0000e+00
9.2983e-05
4.0531e-06
6.1989e-06
9.5367e-07
4.0531e-06
0.0000e+00
1.2803e-04
5.9605e-06
0.0000e+00
9.2030e-05
5.0068e-06
0.0000e+00
9.0837e-05
4.0531e-06
0.0000e+00
9.0837e-05
4.0531e-06
0.0000e+00
9.0122e-05
3.0994e-06
0.0000e+00
8.9169e-05
3.8147e-06
0.0000e+00
9.2983e-05
4.0531e-06
5.9605e-06
9.5367e-07
4.0531e-06
0.0000e+00
1.1611e-04
6.9141e-06
0.0000e+00
1.0395e-04
5.0068e-06
0.0000e+00
9.3937e-05
4.0531e-06
0.0000e+00
9.2983e-05
4.0531e-06
0.0000e+00
9.1076e-05
4.0531e-06
0.0000e+00
9.2030e-05
4.0531e-06
0.0000e+00
9.4891e-05
5.0068e-06
6.1989e-06
1.9073e-06
4.0531e-06
5.0068e-06
9.5367e-07
3.0994e-06
0.0000e+00
1.1301e-04
5.0068e-06
0.0000e+00
1.0514e-04
5.0068e-06
1.1015e-04
9.5367e-07
4.0531e-06
0.0000e+00
9.2983e-05
3.0994e-06
5.9605e-06
2.1458e-06
2.8610e-06
0.0000e+00
9.3937e-05
3.0994e-06
0.0000e+00
9.0122e-05
6.1989e-06
6.9141e-06
9.5367e-07
3.8147e-06
0.0000e+00
9.2030e-05
3.8147e-06
0.0000e+00
1.1492e-04
5.9605e-06
0.0000e+00
9.5844e-05
4.0531e-06
6.9141e-06
1.1921e-06
3.8147e-06
0.0000e+00
9.3937e-05
4.0531e-06
0.0000e+00
9.6083e-05
5.9605e-06
0.0000e+00
9.0837e-05
3.8147e-06
0.0000e+00
9.2983e-05
5.9605e-06
6.6042e-05
2.1458e-06
2.8610e-06
0.0000e+00
9.3937e-05
4.0531e-06
1.1921e-05
9.5367e-07
1.9073e-06
0.0000e+00
9.2030e-05
2.8610e-06
0.0000e+00
9.1076e-05
4.0531e-06
0.0000e+00
9.2030e-05
4.0531e-06
5.9605e-06
9.5367e-07
5.0068e-06
0.0000e+00
9.3937e-05
4.0531e-06
0.0000e+00
9.2030e-05
5.0068e-06
5.9605e-06
9.5367e-07
4.0531e-06
0.0000e+00
9.2983e-05
5.9605e-06
0.0000e+00
9.4891e-05
2.9993e-04
0.0000e+00
9.2030e-05
4.0531e-06
0.0000e+00
8.7976e-05
4.0531e-06
0.0000e+00
9.3937e-05
5.0068e-06
0.0000e+00
8.8930e-05
4.0531e-06
6.1989e-06
1.9073e-06
4.0531e-06
0.0000e+00
9.3937e-05
4.0531e-06
0.0000e+00
1.0300e-04
4.0531e-06
0.0000e+00
1.1897e-04
4.0531e-06
0.0000e+00
9.2983e-05
5.0068e-06
0.0000e+00
9.2983e-05
4.0531e-06
0.0000e+00
9.0837e-05
5.0068e-06
1.6212e-05
9.5367e-07
4.0531e-06
0.0000e+00
9.3937e-05
4.0531e-06
0.0000e+00
9.0837e-05
8.2016e-05
0.0000e+00
9.2030e-05
2.8610e-06
0.0000e+00
1.1706e-04
5.0068e-06
0.0000e+00
9.3222e-05
4.0531e-06
5.0068e-06
9.5367e-07
2.0981e-05
0.0000e+00
9.2030e-05
3.8147e-06
7.8678e-06
9.5367e-07
2.8610e-06
0.0000e+00
9.2983e-05
4.0531e-06
0.0000e+00
9.3937e-05
6.1989e-05
0.0000e+00
1.0395e-04
4.0531e-06
0.0000e+00
9.4175e-05
5.0068e-06
0.0000e+00
9.6083e-05
5.0068e-06
0.0000e+00
9.4891e-05
4.0531e-06
0.0000e+00
9.2030e-05
4.0531e-06
0.0000e+00
9.4175e-05
5.0068e-06
0.0000e+00
9.6083e-05
4.0531e-06
0.0000e+00
1.0180e-04
3.8147e-06
0.0000e+00
9.6083e-05
5.0068e-06
0.0000e+00
1.1897e-04
4.0531e-06
0.0000e+00
9.2983e-05
4.0531e-06
0.0000e+00
9.5129e-05
4.0531e-06
5.0068e-06
2.1458e-06
3.0994e-06
0.0000e+00
9.1076e-05
3.0994e-06
0.0000e+00
9.2030e-05
4.0531e-06
0.0000e+00
9.2030e-05
5.0068e-06
7.1526e-06
9.5367e-07
3.0994e-06
0.0000e+00
9.3937e-05
4.0531e-06
0.0000e+00
1.1587e-04
5.0068e-06
6.1989e-06
9.5367e-07
5.0068e-06
0.0000e+00
9.2030e-05
4.0531e-06
5.9605e-06
9.5367e-07
4.0531e-06
0.0000e+00
9.4175e-05
6.9857e-05
0.0000e+00
9.2030e-05
4.0531e-06
0.0000e+00
9.2983e-05
3.7193e-05
6.9141e-06
9.5367e-07
4.0531e-06
0.0000e+00
9.2983e-05
8.7976e-05
0.0000e+00
1.1611e-04
4.0531e-06
6.9141e-06
9.5367e-07
4.0531e-06
0.0000e+00
9.1076e-05
3.0994e-06
0.0000e+00
9.2030e-05
4.0531e-06
0.0000e+00
9.1791e-05
3.0994e-06
0.0000e+00
9.0122e-05
4.0531e-06
0.0000e+00
1.0109e-04
3.8147e-06
5.0068e-06
2.1458e-06
2.8610e-06
1.2994e-04
1.1921e-06
2.8610e-06
0.0000e+00
1.2112e-04
4.0531e-06
0.0000e+00
9.2030e-05
3.0994e-06
5.9605e-06
9.5367e-07
3.0994e-06
0.0000e+00
9.1076e-05
5.0068e-06
0.0000e+00
9.1791e-05
4.0531e-06
0.0000e+00
8.9884e-05
5.0068e-06
0.0000e+00
1.0490e-04
5.0068e-06
1.6189e-04
9.5367e-07
4.0531e-06
0.0000e+00
9.3937e-05
3.8147e-06
0.0000e+00
9.4891e-05
3.0994e-06
0.0000e+00
9.0837e-05
1.9073e-06
8.0109e-05
1.1921e-06
2.8610e-06
0.0000e+00
9.2030e-05
4.0531e-06
0.0000e+00
1.0180e-04
3.0994e-06
0.0000e+00
9.3937e-05
2.8610e-06
0.0000e+00
9.2983e-05
3.0994e-06
0.0000e+00
9.1076e-05
3.0994e-06
0.0000e+00
1.1897e-04
3.0994e-06
0.0000e+00
9.5129e-05
4.0531e-06
0.0000e+00
9.3222e-05
5.0068e-06
0.0000e+00
9.3937e-05
5.0068e-06
0.0000e+00
9.5844e-05
4.0531e-06
0.0000e+00
9.3937e-05
5.0068e-06
0.0000e+00
9.3222e-05
4.0531e-06
0.0000e+00
9.2030e-05
5.0068e-06
0.0000e+00
9.7990e-05
5.0068e-06
0.0000e+00
9.4175e-05
4.0531e-06
0.0000e+00
9.2983e-05
2.8610e-06
0.0000e+00
1.0204e-04
5.0068e-06
0.0000e+00
9.2030e-05
6.9141e-06
0.0000e+00
9.2983e-05
4.0531e-06
2.0981e-05
9.5367e-07
2.8610e-06
0.0000e+00
9.2030e-05
5.0068e-06
0.0000e+00
9.3937e-05
3.0994e-06
0.0000e+00
9.4891e-05
4.0531e-06
0.0000e+00
9.3937e-05
4.0531e-06
0.0000e+00
1.0395e-04
2.8610e-06
0.0000e+00
9.5129e-05
5.9605e-06
0.0000e+00
9.4891e-05
4.0531e-06
0.0000e+00
9.5844e-05
2.8610e-06
0.0000e+00
1.1897e-04
4.0531e-06
6.9141e-06
9.5367e-07
1.4067e-05
0.0000e+00
9.6083e-05
4.0531e-06
0.0000e+00
9.3222e-05
7.1526e-06
4.0531e-06
1.1921e-06
4.0531e-06
0.0000e+00
1.0109e-04
4.0531e-06
0.0000e+00
9.2983e-05
5.9605e-06
0.0000e+00
9.5844e-05
5.0068e-06
1.5092e-04
9.5367e-07
3.0994e-06
0.0000e+00
1.2112e-04
3.8147e-06
0.0000e+00
9.6083e-05
2.8610e-06
0.0000e+00
9.7036e-05
4.0531e-06
0.0000e+00
1.0300e-04
3.0994e-06
5.0068e-06
2.1458e-06
4.0531e-06
0.0000e+00
9.6083e-05
5.9605e-06
0.0000e+00
9.2030e-05
6.1989e-06
0.0000e+00
9.6083e-05
4.0531e-06
1.3494e-04
1.9073e-06
3.0994e-06
0.0000e+00
1.1802e-04
4.0531e-06
0.0000e+00
9.3222e-05
2.8610e-06
1.5020e-05
1.9073e-06
2.8610e-06
5.0068e-06
9.5367e-07
2.1458e-06
0.0000e+00
9.5129e-05
2.8610e-06
0.0000e+00
9.5844e-05
2.8610e-06
0.0000e+00
9.0837e-05
3.0994e-06
8.3208e-05
9.5367e-07
3.0994e-06
0.0000e+00
9.5844e-05
4.0531e-06
5.0068e-06
9.5367e-07
5.9605e-06
0.0000e+00
9.3937e-05
8.0109e-05
0.0000e+00
1.0109e-04
4.0531e-06
0.0000e+00
9.4175e-05
4.0531e-06
0.0000e+00
9.2983e-05
4.0531e-06
0.0000e+00
9.3937e-05
5.0068e-06
0.0000e+00
9.2983e-05
4.0531e-06
0.0000e+00
9.2030e-05
3.0994e-06
0.0000e+00
1.2112e-04
5.0068e-06
7.1526e-06
9.5367e-07
4.0531e-06
0.0000e+00
1.0300e-04
2.8610e-06
0.0000e+00
9.4891e-05
5.0068e-06
0.0000e+00
9.5129e-05
4.0531e-06
0.0000e+00
9.3937e-05
2.8610e-06
0.0000e+00
9.2983e-05
4.0531e-06
0.0000e+00
9.3222e-05
5.0068e-06
0.0000e+00
1.1587e-04
5.9605e-06
8.1062e-06
1.1921e-06
2.8610e-06
0.0000e+00
1.0586e-04
5.0068e-06
2.1935e-05
9.5367e-07
4.0531e-06
0.0000e+00
9.5129e-05
4.0531e-06
0.0000e+00
9.2030e-05
2.8610e-06
0.0000e+00
9.2030e-05
5.0068e-06
0.0000e+00
9.3937e-05
5.0068e-06
1.6785e-04
9.5367e-07
3.0994e-06
5.0068e-06
9.5367e-07
3.0994e-06
6.1989e-06
9.5367e-07
3.0994e-06
0.0000e+00
1.0705e-04
3.0994e-06
0.0000e+00
9.2983e-05
4.0531e-06
0.0000e+00
9.2983e-05
4.7684e-06
0.0000e+00
9.2983e-05
3.0994e-06
0.0000e+00
9.4891e-05
5.0068e-06
0.0000e+00
8.9884e-05
4.0531e-06
0.0000e+00
9.2983e-05
4.0531e-06
0.0000e+00
1.1683e-04
5.0068e-06
0.0000e+00
1.0490e-04
4.0531e-06
0.0000e+00
9.2983e-05
4.0531e-06
0.0000e+00
9.1791e-05
4.0531e-06
1.4067e-05
1.1921e-06
3.0994e-06
0.0000e+00
9.1791e-05
1.9073e-06
0.0000e+00
9.0837e-05
4.0531e-06
7.1526e-06
1.9073e-06
4.0531e-06
0.0000e+00
9.4175e-05
5.0068e-06
0.0000e+00
9.4891e-05
4.0531e-06
7.1526e-06
9.5367e-07
3.0994e-06
5.9605e-06
9.5367e-07
4.0531e-06
0.0000e+00
9.3937e-05
4.0531e-06
0.0000e+00
9.0122e-05
4.0531e-06
0.0000e+00
9.1076e-05
4.0531e-06
0.0000e+00
9.0837e-05
4.0531e-06
0.0000e+00
9.0837e-05
4.0531e-06
0.0000e+00
1.2708e-04
5.0068e-06
0.0000e+00
9.1076e-05
4.0531e-06
0.0000e+00
1.0014e-04
5.0068e-06
2.2411e-04
9.5367e-07
2.8610e-06
0.0000e+00
9.5844e-05
2.8610e-06
0.0000e+00
9.3937e-05
4.0531e-06
0.0000e+00
9.4891e-05
4.0531e-06
0.0000e+00
9.2983e-05
5.0068e-06
0.0000e+00
1.2517e-04
4.0531e-06
0.0000e+00
9.6083e-05
5.9605e-06
6.9141e-06
9.5367e-07
2.8610e-06
0.0000e+00
9.1076e-05
4.0531e-06
0.0000e+00
8.9169e-05
3.0994e-06
0.0000e+00
9.3937e-05
5.0068e-06
0.0000e+00
9.1076e-05
3.0994e-06
0.0000e+00
9.1076e-05
4.0531e-06
0.0000e+00
1.1206e-04
5.0068e-06
0.0000e+00
1.0180e-04
3.8147e-06
0.0000e+00
9.2030e-05
2.8610e-06
0.0000e+00
9.2030e-05
3.8147e-06
0.0000e+00
9.1076e-05
4.0531e-06
0.0000e+00
9.3937e-05
4.0531e-06
0.0000e+00
8.9169e-05
4.0531e-06
0.0000e+00
9.1076e-05
5.0068e-06
0.0000e+00
9.2983e-05
5.0068e-06
0.0000e+00
9.2983e-05
2.8610e-06
1.2875e-05
9.5367e-07
4.0531e-06
0.0000e+00
9.2983e-05
4.0531e-06
0.0000e+00
9.5129e-05
3.0994e-06
0.0000e+00
9.2983e-05
3.0994e-06
0.0000e+00
9.2030e-05
3.8147e-06
0.0000e+00
9.2983e-05
3.0994e-06
0.0000e+00
1.1683e-04
3.8147e-06
0.0000e+00
1.0300e-04
5.0068e-06
0.0000e+00
9.3937e-05
4.0531e-06
0.0000e+00
9.2983e-05
4.0531e-06
0.0000e+00
9.4175e-05
4.0531e-06
0.0000e+00
9.3937e-05
5.0068e-06
0.0000e+00
9.2983e-05
4.0531e-06
0.0000e+00
9.2030e-05
5.0068e-06
0.0000e+00
9.5129e-05
3.8147e-06
0.0000e+00
9.3937e-05
4.0531e-06
0.0000e+00
9.3937e-05
4.0531e-06
0.0000e+00
9.3937e-05
4.0531e-06
0.0000e+00
9.3937e-05
4.0531e-06
0.0000e+00
9.0122e-05
4.0531e-06
6.9141e-06
9.5367e-07
4.0531e-06
0.0000e+00
9.2030e-05
5.0068e-06
7.1526e-06
9.5367e-07
4.0531e-06
0.0000e+00
9.1076e-05
3.8147e-06
0.0000e+00
9.2030e-05
4.7684e-06
0.0000e+00
9.3937e-05
6.1989e-06
0.0000e+00
9.3937e-05
2.8610e-06
0.0000e+00
9.2983e-05
5.0068e-06
0.0000e+00
9.2030e-05
5.0068e-06
7.8678e-06
9.5367e-07
1.9073e-05
0.0000e+00
1.1802e-04
2.8610e-06
0.0000e+00
1.0610e-04
5.0068e-06
7.1526e-06
9.5367e-07
4.0531e-06
0.0000e+00
9.3937e-05
5.0068e-06
0.0000e+00
8.9884e-05
4.0531e-06
0.0000e+00
9.2030e-05
4.0531e-06
0.0000e+00
9.1076e-05
4.0531e-06
0.0000e+00
9.2030e-05
5.0068e-06
0.0000e+00
1.2589e-04
4.0531e-06
0.0000e+00
9.3937e-05
1.4067e-05
0.0000e+00
9.7036e-05
4.0531e-06
0.0000e+00
9.5129e-05
5.0068e-06
0.0000e+00
9.4175e-05
4.0531e-06
0.0000e+00
9.4175e-05
4.0531e-06
0.0000e+00
9.2983e-05
4.0531e-06
0.0000e+00
9.3937e-05
3.8147e-06
0.0000e+00
9.8944e-05
5.0068e-06
0.0000e+00
1.0610e-04
4.0531e-06
0.0000e+00
9.2983e-05
3.8147e-06
5.0068e-06
1.9073e-06
2.8610e-06
0.0000e+00
9.7036e-05
5.0068e-06
0.0000e+00
9.2983e-05
3.8147e-06
0.0000e+00
9.4891e-05
4.0531e-06
0.0000e+00
9.2030e-05
4.0531e-06
5.0068e-06
9.5367e-07
4.0531e-06
0.0000e+00
9.5844e-05
5.0068e-06
5.0068e-06
9.5367e-07
4.0531e-06
0.0000e+00
9.2983e-05
4.0531e-06
0.0000e+00
9.2983e-05
5.0068e-06
0.0000e+00
9.7036e-05
4.0531e-06
0.0000e+00
8.8930e-05
4.0531e-06
0.0000e+00
8.9884e-05
4.0531e-06
0.0000e+00
8.9884e-05
5.9605e-06
0.0000e+00
9.3937e-05
5.0068e-06
0.0000e+00
1.0514e-04
4.0531e-06
0.0000e+00
9.5129e-05
5.0068e-06
0.0000e+00
9.9182e-05
4.0531e-06
0.0000e+00
9.5129e-05
4.0531e-06
0.0000e+00
9.2983e-05
3.8147e-06
0.0000e+00
9.2983e-05
2.8610e-06
2.0027e-05
1.1921e-06
4.0531e-06
0.0000e+00
9.7036e-05
3.0994e-06
0.0000e+00
1.0300e-04
2.8610e-06
0.0000e+00
9.2030e-05
3.0994e-06
0.0000e+00
9.2983e-05
3.0994e-06
0.0000e+00
9.4891e-05
4.0531e-06
0.0000e+00
9.1791e-05
5.0068e-06
0.0000e+00
9.1076e-05
5.0068e-06
1.5974e-05
2.1458e-06
4.0531e-06
0.0000e+00
9.4891e-05
4.0531e-06
0.0000e+00
9.2030e-05
1.4067e-05
0.0000e+00
9.2030e-05
8.2970e-05
0.0000e+00
9.3937e-05
5.0068e-06
6.9141e-06
2.1458e-06
2.8610e-06
0.0000e+00
9.0837e-05
3.0994e-06
0.0000e+00
9.0122e-05
3.0994e-06
0.0000e+00
9.0122e-05
3.8147e-06
6.9141e-06
9.5367e-07
1.8120e-05
0.0000e+00
9.2030e-05
3.0994e-06
0.0000e+00
1.0014e-04
5.9605e-06
0.0000e+00
9.2030e-05
4.0531e-06
0.0000e+00
9.2983e-05
9.2983e-05
0.0000e+00
9.1791e-05
4.0531e-06
0.0000e+00
9.1791e-05
2.8610e-06
0.0000e+00
9.2030e-05
5.0068e-06
0.0000e+00
9.3937e-05
3.0994e-06
0.0000e+00
1.0109e-04
5.0068e-06
5.0068e-06
1.1921e-06
2.8610e-06
0.0000e+00
9.7036e-05
4.0531e-06
0.0000e+00
9.5129e-05
5.0068e-06
0.0000e+00
9.1076e-05
4.0531e-06
0.0000e+00
9.3937e-05
4.0531e-06
0.0000e+00
9.3222e-05
3.8147e-06
3.6001e-05
2.5034e-05
4.0531e-06
0.0000e+00
9.7036e-05
2.8610e-06
0.0000e+00
1.0490e-04
2.8610e-06
0.0000e+00
9.4891e-05
3.8147e-06
5.9605e-06
2.1458e-06
2.8610e-06
0.0000e+00
9.2030e-05
3.0994e-06
0.0000e+00
9.2983e-05
4.0531e-06
0.0000e+00
9.5129e-05
4.0531e-06
0.0000e+00
9.4175e-05
5.9605e-06
0.0000e+00
9.6083e-05
5.0068e-06
0.0000e+00
1.0014e-04
2.8610e-06
0.0000e+00
9.3937e-05
5.0068e-06
0.0000e+00
9.2983e-05
2.8610e-06
0.0000e+00
9.3937e-05
5.9605e-06
0.0000e+00
9.2030e-05
4.0531e-06
0.0000e+00
9.2983e-05
3.8147e-06
0.0000e+00
1.1587e-04
4.7684e-06
0.0000e+00
9.3937e-05
4.0531e-06
8.1062e-06
9.5367e-07
4.0531e-06
0.0000e+00
9.2983e-05
5.0068e-06
0.0000e+00
9.2030e-05
3.0994e-06
0.0000e+00
9.6083e-05
3.8147e-06
0.0000e+00
9.1076e-05
2.8610e-06
0.0000e+00
9.1076e-05
3.8147e-06
0.0000e+00
1.1206e-04
3.8147e-06
0.0000e+00
9.0122e-05
3.8147e-06
0.0000e+00
1.0610e-04
5.0068e-06
0.0000e+00
9.3937e-05
4.0531e-06
0.0000e+00
9.3937e-05
4.0531e-06
0.0000e+00
9.0837e-05
4.0531e-06
3.8147e-06
1.9073e-06
3.0994e-06
0.0000e+00
9.6798e-05
5.0068e-06
0.0000e+00
1.1492e-04
4.0531e-06
5.0068e-06
9.5367e-07
3.0994e-06
0.0000e+00
9.6083e-05
4.0531e-06
0.0000e+00
1.0109e-04
3.0994e-06
0.0000e+00
9.4175e-05
3.8147e-06
0.0000e+00
8.9884e-05
4.0531e-06
0.0000e+00
9.2983e-05
4.0531e-06
0.0000e+00
9.4891e-05
5.0068e-06
5.0068e-06
9.5367e-07
4.0531e-06
0.0000e+00
9.6083e-05
4.0531e-06
0.0000e+00
9.2983e-05
3.0994e-06
0.0000e+00
1.0300e-04
5.0068e-06
0.0000e+00
9.3937e-05
4.0531e-06
0.0000e+00
9.2983e-05
4.0531e-06
0.0000e+00
9.3937e-05
3.0994e-06
0.0000e+00
9.2030e-05
5.0068e-06
0.0000e+00
1.2302e-04
3.8147e-06
0.0000e+00
9.7036e-05
3.0994e-06
0.0000e+00
9.3222e-05
5.0068e-06
0.0000e+00
1.0300e-04
4.0531e-06
0.0000e+00
9.7036e-05
5.9605e-06
0.0000e+00
9.2983e-05
5.0068e-06
0.0000e+00
9.2983e-05
2.8610e-06
0.0000e+00
9.2983e-05
5.0068e-06
1.0014e-05
1.9073e-06
4.0531e-06
0.0000e+00
9.4175e-05
4.0531e-06
0.0000e+00
9.2983e-05
4.0531e-06
0.0000e+00
1.0586e-04
1.3559e-01
