2.3880e-03
9.8944e-05
1.3113e-05
4.0531e-06
1.1206e-05
5.9199e-03
9.5367e-07
3.0994e-06
0.0000e+00
4.1962e-05
9.5367e-07
0.0000e+00
2.4080e-05
0.0000e+00
0.0000e+00
2.1935e-05
0.0000e+00
3.8147e-06
0.0000e+00
0.0000e+00
1.9729e-03
0.0000e+00
0.0000e+00
0.0000e+00
2.4080e-05
0.0000e+00
0.0000e+00
2.1935e-05
1.1921e-06
0.0000e+00
3.6955e-05
0.0000e+00
0.0000e+00
2.3127e-05
9.5367e-07
1.7500e-04
0.0000e+00
0.0000e+00
0.0000e+00
2.3127e-05
9.5367e-07
9.5129e-05
9.5367e-07
0.0000e+00
0.0000e+00
2.1935e-05
8.7976e-05
0.0000e+00
2.5034e-05
0.0000e+00
0.0000e+00
2.3127e-05
9.7752e-06
8.5831e-05
1.1921e-06
0.0000e+00
0.0000e+00
3.0994e-05
9.5367e-07
0.0000e+00
2.4080e-05
9.5367e-07
0.0000e+00
2.0981e-05
9.5367e-07
0.0000e+00
2.1935e-05
9.5367e-07
0.0000e+00
2.1935e-05
4.0531e-06
0.0000e+00
2.2888e-05
5.0068e-06
3.7217e-04
9.5367e-07
0.0000e+00
0.0000e+00
2.3127e-05
7.7963e-05
0.0000e+00
2.3127e-05
1.1921e-06
0.0000e+00
2.2888e-05
1.1921e-06
0.0000e+00
2.0981e-05
9.5367e-07
0.0000e+00
2.1219e-05
7.2956e-05
0.0000e+00
2.1935e-05
9.5367e-07
0.0000e+00
2.1935e-05
1.1921e-06
0.0000e+00
2.1935e-05
9.5367e-07
0.0000e+00
2.2173e-05
8.8215e-06
0.0000e+00
2.8849e-05
2.3913e-04
7.2002e-05
9.5367e-07
0.0000e+00
0.0000e+00
2.3127e-05
9.5367e-07
0.0000e+00
2.2888e-05
9.0122e-05
0.0000e+00
2.1935e-05
4.1008e-05
2.8849e-05
0.0000e+00
1.1921e-06
1.0991e-04
0.0000e+00
0.0000e+00
0.0000e+00
2.2173e-05
9.5367e-07
6.0081e-05
0.0000e+00
9.5367e-07
3.0994e-05
0.0000e+00
0.0000e+00
0.0000e+00
3.0041e-05
1.3399e-04
0.0000e+00
2.2888e-05
9.5367e-07
0.0000e+00
2.1935e-05
9.5367e-07
0.0000e+00
2.1935e-05
7.7009e-05
0.0000e+00
2.1935e-05
9.5367e-07
0.0000e+00
2.1935e-05
0.0000e+00
2.1601e-04
0.0000e+00
9.5367e-07
7.9870e-05
9.5367e-07
1.1921e-06
0.0000e+00
2.2888e-05
9.5367e-07
0.0000e+00
3.0994e-05
1.1921e-06
0.0000e+00
2.2888e-05
9.5367e-07
9.0122e-05
9.5367e-07
9.5367e-07
0.0000e+00
2.2173e-05
6.9857e-05
0.0000e+00
2.1935e-05
9.5367e-07
0.0000e+00
2.2173e-05
9.5367e-07
0.0000e+00
2.1935e-05
1.2612e-04
0.0000e+00
2.1935e-05
1.0014e-05
0.0000e+00
2.8849e-05
7.2956e-05
0.0000e+00
2.3127e-05
3.9101e-05
9.5367e-07
0.0000e+00
2.1458e-06
1.4782e-04
0.0000e+00
9.5367e-07
9.8944e-05
9.5367e-07
1.1921e-06
0.0000e+00
2.2888e-05
9.5367e-07
6.1989e-05
0.0000e+00
9.5367e-07
0.0000e+00
2.1935e-05
0.0000e+00
0.0000e+00
2.2173e-05
9.5367e-07
0.0000e+00
2.1935e-05
9.5367e-07
2.5392e-04
0.0000e+00
0.0000e+00
0.0000e+00
2.2888e-05
0.0000e+00
0.0000e+00
2.1935e-05
0.0000e+00
0.0000e+00
2.2173e-05
0.0000e+00
0.0000e+00
2.0981e-05
0.0000e+00
0.0000e+00
2.1935e-05
9.5367e-07
2.1005e-04
9.5367e-07
9.5367e-07
0.0000e+00
2.1935e-05
0.0000e+00
0.0000e+00
3.0994e-05
1.2088e-04
0.0000e+00
2.2888e-05
1.1921e-06
0.0000e+00
2.1935e-05
3.2902e-05
0.0000e+00
2.2173e-05
9.5367e-07
1.9073e-06
0.0000e+00
1.9073e-06
0.0000e+00
2.2888e-05
1.4901e-04
0.0000e+00
2.1935e-05
9.5367e-07
0.0000e+00
2.3127e-05
1.8787e-04
0.0000e+00
2.1935e-05
2.9087e-05
0.0000e+00
2.2888e-05
9.0599e-06
0.0000e+00
2.2173e-05
9.5367e-07
0.0000e+00
2.2888e-05
1.1921e-06
0.0000e+00
2.1935e-05
9.5367e-07
1.0014e-05
0.0000e+00
1.4782e-05
0.0000e+00
2.3127e-05
2.3007e-04
0.0000e+00
2.2888e-05
9.5367e-07
0.0000e+00
2.1935e-05
1.1921e-06
1.9073e-06
0.0000e+00
2.0981e-05
0.0000e+00
2.3127e-05
9.5367e-07
0.0000e+00
2.2173e-05
0.0000e+00
0.0000e+00
2.1935e-05
9.5367e-07
0.0000e+00
2.2173e-05
9.5367e-07
0.0000e+00
2.0981e-05
9.5367e-07
3.8409e-04
0.0000e+00
0.0000e+00
0.0000e+00
2.1935e-05
0.0000e+00
0.0000e+00
2.9087e-05
0.0000e+00
0.0000e+00
2.1935e-05
1.1921e-06
0.0000e+00
2.1935e-05
0.0000e+00
0.0000e+00
2.0981e-05
9.5367e-07
0.0000e+00
2.1935e-05
9.5367e-07
0.0000e+00
2.5988e-05
3.0994e-06
0.0000e+00
2.1935e-05
2.8610e-06
0.0000e+00
2.1935e-05
3.0994e-06
0.0000e+00
2.3127e-05
3.8147e-06
0.0000e+00
2.2888e-05
3.0994e-06
0.0000e+00
2.2888e-05
1.9073e-06
0.0000e+00
2.1935e-05
9.5367e-07
0.0000e+00
2.0981e-05
4.0531e-06
0.0000e+00
2.2173e-05
2.8610e-06
0.0000e+00
2.2173e-05
0.0000e+00
0.0000e+00
3.0994e-05
1.1921e-06
0.0000e+00
2.1935e-05
9.5367e-07
0.0000e+00
2.2173e-05
7.7987e-04
0.0000e+00
2.3127e-05
9.5367e-07
0.0000e+00
2.1935e-05
2.1458e-06
0.0000e+00
2.2888e-05
9.5367e-07
0.0000e+00
2.1935e-05
9.5367e-07
0.0000e+00
2.1935e-05
9.5367e-07
0.0000e+00
2.3127e-05
2.8610e-06
0.0000e+00
2.2173e-05
2.5415e-04
0.0000e+00
2.1935e-05
3.0994e-06
0.0000e+00
2.0981e-05
9.5367e-07
2.1505e-04
9.5367e-07
1.1921e-06
0.0000e+00
2.2888e-05
9.5367e-07
0.0000e+00
2.2173e-05
4.3154e-05
0.0000e+00
2.1935e-05
2.1458e-06
0.0000e+00
2.1935e-05
0.0000e+00
0.0000e+00
2.1935e-05
1.9073e-06
1.5306e-04
9.5367e-07
9.5367e-07
1.1921e-06
0.0000e+00
0.0000e+00
0.0000e+00
2.1935e-05
9.5367e-07
9.5367e-07
0.0000e+00
5.9605e-06
0.0000e+00
2.2173e-05
9.5367e-07
0.0000e+00
2.0981e-05
2.9516e-04
0.0000e+00
2.0981e-05
1.9073e-06
0.0000e+00
2.8849e-05
1.1921e-06
0.0000e+00
2.1935e-05
9.5367e-07
0.0000e+00
2.1935e-05
1.5283e-04
9.6798e-05
0.0000e+00
9.5367e-07
0.0000e+00
2.2888e-05
1.1921e-06
3.8147e-06
0.0000e+00
0.0000e+00
0.0000e+00
2.1935e-05
0.0000e+00
0.0000e+00
2.0981e-05
9.5367e-07
0.0000e+00
2.1935e-05
2.1458e-06
0.0000e+00
2.3842e-05
1.1921e-06
0.0000e+00
2.0981e-05
9.5367e-07
0.0000e+00
2.1935e-05
9.5367e-07
0.0000e+00
2.0981e-05
0.0000e+00
4.4513e-04
0.0000e+00
0.0000e+00
0.0000e+00
2.2173e-05
0.0000e+00
0.0000e+00
2.0981e-05
0.0000e+00
0.0000e+00
2.0981e-05
9.5367e-07
0.0000e+00
2.1935e-05
9.5367e-07
0.0000e+00
2.1935e-05
0.0000e+00
0.0000e+00
2.2173e-05
9.5367e-07
0.0000e+00
2.0981e-05
9.5367e-07
3.6907e-04
0.0000e+00
0.0000e+00
2.1458e-06
0.0000e+00
0.0000e+00
0.0000e+00
2.3127e-05
9.5367e-07
0.0000e+00
2.1935e-05
9.5367e-07
0.0000e+00
2.9087e-05
9.5367e-07
0.0000e+00
2.2173e-05
1.5092e-04
0.0000e+00
2.1935e-05
1.9073e-06
0.0000e+00
2.1935e-05
1.1921e-06
0.0000e+00
2.0981e-05
9.5367e-07
0.0000e+00
2.2173e-05
2.1458e-06
3.0804e-04
0.0000e+00
0.0000e+00
0.0000e+00
2.2173e-05
9.5367e-07
0.0000e+00
3.0994e-05
0.0000e+00
9.0122e-05
0.0000e+00
0.0000e+00
0.0000e+00
2.3127e-05
9.5367e-07
1.9073e-06
0.0000e+00
5.0068e-06
0.0000e+00
2.2888e-05
1.1921e-06
0.0000e+00
2.1935e-05
2.9302e-04
9.5367e-07
0.0000e+00
2.1458e-06
7.1049e-05
0.0000e+00
0.0000e+00
0.0000e+00
2.1935e-05
0.0000e+00
0.0000e+00
2.1935e-05
1.0991e-04
0.0000e+00
2.9087e-05
2.1458e-06
0.0000e+00
2.1935e-05
1.9073e-06
0.0000e+00
2.3842e-05
9.5367e-07
0.0000e+00
2.0981e-05
1.6999e-04
0.0000e+00
2.0981e-05
3.0994e-06
9.4891e-05
0.0000e+00
0.0000e+00
0.0000e+00
2.1935e-05
2.6941e-05
0.0000e+00
2.0981e-05
1.9073e-06
0.0000e+00
3.0041e-05
9.5367e-07
0.0000e+00
2.1935e-05
9.5367e-07
0.0000e+00
2.2173e-05
9.5367e-07
0.0000e+00
2.1935e-05
9.5367e-07
0.0000e+00
2.0981e-05
9.5367e-07
0.0000e+00
2.1935e-05
0.0000e+00
0.0000e+00
2.0981e-05
2.4891e-04
0.0000e+00
2.2173e-05
9.5367e-07
0.0000e+00
2.3127e-05
9.5367e-07
0.0000e+00
2.1935e-05
1.1921e-06
0.0000e+00
2.1935e-05
1.1921e-06
0.0000e+00
2.1935e-05
9.5367e-07
2.1458e-06
9.5367e-07
5.9605e-06
0.0000e+00
2.1935e-05
3.7813e-04
7.7963e-05
9.5367e-07
1.1921e-06
0.0000e+00
2.1935e-05
9.5367e-07
0.0000e+00
2.9087e-05
8.5115e-05
0.0000e+00
2.2888e-05
1.1921e-06
0.0000e+00
2.2888e-05
9.5367e-07
1.4806e-04
0.0000e+00
0.0000e+00
0.0000e+00
2.2173e-05
0.0000e+00
1.3304e-04
0.0000e+00
0.0000e+00
0.0000e+00
2.2173e-05
0.0000e+00
0.0000e+00
2.0981e-05
0.0000e+00
0.0000e+00
2.0981e-05
0.0000e+00
0.0000e+00
3.0041e-05
0.0000e+00
0.0000e+00
2.2888e-05
1.1921e-06
0.0000e+00
2.1935e-05
1.9407e-04
0.0000e+00
2.1935e-05
3.0994e-06
0.0000e+00
2.1935e-05
1.9073e-06
0.0000e+00
2.2173e-05
2.1458e-06
1.8001e-04
9.5367e-07
9.5367e-07
2.1458e-06
0.0000e+00
0.0000e+00
8.1062e-05
0.0000e+00
9.5367e-07
0.0000e+00
3.0994e-05
9.5367e-07
0.0000e+00
2.2173e-05
4.7922e-05
0.0000e+00
2.2173e-05
1.9073e-06
0.0000e+00
2.2173e-05
1.9073e-06
0.0000e+00
2.5034e-05
0.0000e+00
0.0000e+00
2.2173e-05
0.0000e+00
0.0000e+00
2.1935e-05
9.5367e-07
0.0000e+00
2.2173e-05
9.5367e-07
0.0000e+00
2.3127e-05
3.2091e-04
0.0000e+00
2.1935e-05
1.0014e-05
0.0000e+00
2.1935e-05
2.8610e-06
0.0000e+00
2.2173e-05
1.6594e-04
0.0000e+00
2.1935e-05
3.0994e-06
0.0000e+00
2.1935e-05
9.5367e-07
0.0000e+00
2.2173e-05
9.5367e-07
0.0000e+00
2.7180e-05
9.5367e-07
0.0000e+00
2.3127e-05
9.5367e-07
0.0000e+00
2.2888e-05
1.6499e-04
0.0000e+00
2.2173e-05
5.6028e-05
0.0000e+00
2.3127e-05
9.0599e-06
0.0000e+00
2.0981e-05
9.5367e-07
0.0000e+00
2.0981e-05
9.5367e-07
0.0000e+00
2.1935e-05
3.2115e-04
0.0000e+00
3.1948e-05
9.5367e-07
0.0000e+00
2.3127e-05
0.0000e+00
9.5367e-07
0.0000e+00
1.0014e-05
0.0000e+00
2.1935e-05
1.2016e-04
0.0000e+00
2.1935e-05
9.0599e-06
0.0000e+00
2.0981e-05
5.0068e-06
1.6999e-04
0.0000e+00
1.1921e-06
1.9073e-06
9.5367e-07
9.5367e-07
0.0000e+00
2.3127e-05
9.5367e-07
1.9073e-06
0.0000e+00
0.0000e+00
0.0000e+00
2.3127e-05
2.2197e-04
0.0000e+00
2.2173e-05
1.9073e-06
5.1975e-05
0.0000e+00
0.0000e+00
1.5974e-05
0.0000e+00
0.0000e+00
0.0000e+00
2.0981e-05
1.4210e-04
0.0000e+00
2.1935e-05
2.1458e-06
0.0000e+00
2.1935e-05
4.6968e-05
0.0000e+00
2.2173e-05
1.9073e-06
0.0000e+00
2.9087e-05
9.5367e-07
0.0000e+00
2.2173e-05
1.7905e-04
0.0000e+00
2.2888e-05
9.5367e-07
0.0000e+00
2.0981e-05
1.9073e-06
0.0000e+00
2.1935e-05
8.8215e-06
0.0000e+00
2.1935e-05
9.5367e-07
0.0000e+00
2.1935e-05
1.1921e-06
0.0000e+00
2.1935e-05
1.1921e-06
0.0000e+00
2.2888e-05
1.8907e-04
0.0000e+00
2.1935e-05
2.1458e-06
0.0000e+00
2.1935e-05
9.5367e-07
0.0000e+00
2.1935e-05
0.0000e+00
1.7405e-04
9.5367e-07
9.5367e-07
0.0000e+00
2.3127e-05
4.1008e-05
0.0000e+00
2.1935e-05
1.9073e-06
6.9857e-05
0.0000e+00
9.5367e-07
0.0000e+00
2.1935e-05
9.5367e-07
1.9073e-06
0.0000e+00
9.5367e-07
3.0899e-04
0.0000e+00
0.0000e+00
1.8835e-05
0.0000e+00
0.0000e+00
0.0000e+00
2.2888e-05
3.7909e-05
0.0000e+00
2.3127e-05
9.5367e-07
0.0000e+00
2.0981e-05
1.1921e-06
0.0000e+00
2.1935e-05
1.9073e-06
0.0000e+00
2.0981e-05
9.5367e-07
1.4591e-04
0.0000e+00
0.0000e+00
0.0000e+00
3.0041e-05
9.5367e-07
4.0531e-06
9.5367e-07
9.5367e-07
2.0194e-04
1.1921e-06
9.5367e-07
0.0000e+00
2.2888e-05
8.1062e-06
0.0000e+00
2.0981e-05
1.0014e-05
0.0000e+00
2.4080e-05
9.5367e-07
0.0000e+00
2.1935e-05
9.5367e-07
0.0000e+00
2.0981e-05
0.0000e+00
0.0000e+00
2.1935e-05
1.1921e-06
5.0068e-06
0.0000e+00
9.5367e-07
0.0000e+00
2.3127e-05
9.5367e-07
0.0000e+00
2.0981e-05
3.7217e-04
6.5088e-05
0.0000e+00
0.0000e+00
9.5367e-07
0.0000e+00
0.0000e+00
0.0000e+00
2.1935e-05
1.1921e-06
0.0000e+00
2.1935e-05
0.0000e+00
0.0000e+00
2.1935e-05
1.1921e-06
4.4894e-04
9.5367e-07
0.0000e+00
5.0068e-06
0.0000e+00
9.5367e-07
0.0000e+00
2.3127e-05
0.0000e+00
0.0000e+00
2.1935e-05
1.1921e-06
0.0000e+00
2.1935e-05
9.5367e-07
0.0000e+00
2.0981e-05
0.0000e+00
0.0000e+00
2.1935e-05
9.5367e-07
0.0000e+00
2.1935e-05
0.0000e+00
0.0000e+00
2.0981e-05
9.5367e-07
0.0000e+00
2.6941e-05
9.5367e-07
0.0000e+00
2.2888e-05
1.1921e-06
0.0000e+00
2.1935e-05
3.4904e-04
0.0000e+00
2.1935e-05
1.0967e-05
5.1975e-05
0.0000e+00
0.0000e+00
6.1035e-05
0.0000e+00
9.5367e-07
0.0000e+00
2.3127e-05
5.0068e-05
0.0000e+00
2.1935e-05
1.9073e-06
0.0000e+00
2.2173e-05
9.5367e-07
0.0000e+00
3.0041e-05
8.2016e-05
0.0000e+00
2.1935e-05
9.5367e-07
0.0000e+00
2.0981e-05
1.8406e-04
0.0000e+00
2.2173e-05
1.1206e-05
0.0000e+00
2.1935e-05
1.9073e-06
0.0000e+00
2.3127e-05
9.5367e-07
0.0000e+00
2.2173e-05
9.5367e-07
0.0000e+00
2.1935e-05
5.9605e-06
0.0000e+00
2.3127e-05
0.0000e+00
0.0000e+00
2.1935e-05
9.5367e-07
0.0000e+00
2.2173e-05
3.3689e-04
0.0000e+00
2.2173e-05
1.2875e-05
0.0000e+00
2.2173e-05
5.5075e-05
0.0000e+00
2.1935e-05
9.5367e-07
0.0000e+00
2.1935e-05
6.7949e-05
0.0000e+00
3.0994e-05
9.5367e-07
1.1706e-04
9.5367e-07
9.5367e-07
0.0000e+00
2.2888e-05
6.0081e-05
0.0000e+00
2.1935e-05
2.1458e-06
0.0000e+00
2.0981e-05
9.5367e-07
0.0000e+00
2.1935e-05
1.9073e-06
0.0000e+00
2.1219e-05
8.8215e-06
0.0000e+00
2.2173e-05
1.9073e-06
0.0000e+00
2.8133e-05
1.9073e-06
0.0000e+00
2.1935e-05
1.1921e-06
0.0000e+00
2.1935e-05
9.5367e-07
2.1458e-06
9.5367e-07
9.5367e-07
0.0000e+00
2.1935e-05
1.1921e-06
4.7278e-04
0.0000e+00
0.0000e+00
0.0000e+00
2.1935e-05
0.0000e+00
0.0000e+00
2.2888e-05
9.5367e-07
0.0000e+00
2.2173e-05
9.5367e-07
1.8311e-04
0.0000e+00
9.5367e-07
0.0000e+00
2.4080e-05
9.5367e-07
0.0000e+00
2.2173e-05
0.0000e+00
0.0000e+00
2.0981e-05
0.0000e+00
1.1611e-04
9.5367e-07
9.5367e-07
0.0000e+00
2.3127e-05
0.0000e+00
0.0000e+00
2.1935e-05
0.0000e+00
0.0000e+00
2.0981e-05
0.0000e+00
0.0000e+00
2.9087e-05
9.5367e-07
0.0000e+00
2.5988e-05
0.0000e+00
0.0000e+00
2.1935e-05
0.0000e+00
0.0000e+00
2.0981e-05
9.5367e-07
4.9496e-04
0.0000e+00
0.0000e+00
9.5367e-07
0.0000e+00
0.0000e+00
0.0000e+00
2.3127e-05
2.1935e-05
0.0000e+00
2.1935e-05
2.1458e-06
0.0000e+00
2.1935e-05
9.5367e-07
0.0000e+00
2.8849e-05
1.1921e-06
0.0000e+00
2.1935e-05
9.5367e-07
0.0000e+00
2.2173e-05
9.5367e-07
0.0000e+00
2.0981e-05
2.1458e-06
2.8205e-04
9.5367e-07
0.0000e+00
1.9073e-06
9.5367e-07
1.1921e-06
0.0000e+00
2.2888e-05
0.0000e+00
0.0000e+00
2.2173e-05
9.5367e-07
0.0000e+00
2.1935e-05
0.0000e+00
0.0000e+00
2.2888e-05
0.0000e+00
0.0000e+00
2.0981e-05
0.0000e+00
0.0000e+00
2.0981e-05
0.0000e+00
0.0000e+00
2.1935e-05
4.0793e-04
4.1962e-05
0.0000e+00
1.1921e-06
0.0000e+00
2.2888e-05
9.5367e-07
0.0000e+00
2.2173e-05
1.1897e-04
9.5367e-07
0.0000e+00
2.1458e-06
0.0000e+00
3.6955e-05
1.1921e-06
1.2779e-04
1.1921e-06
9.5367e-07
8.7023e-05
0.0000e+00
9.5367e-07
9.5367e-07
0.0000e+00
0.0000e+00
6.0797e-05
0.0000e+00
0.0000e+00
0.0000e+00
2.1935e-05
0.0000e+00
0.0000e+00
2.2173e-05
1.5283e-04
0.0000e+00
2.2173e-05
1.9073e-06
0.0000e+00
2.2173e-05
1.1921e-06
0.0000e+00
2.1935e-05
9.5367e-07
0.0000e+00
2.3127e-05
9.5367e-07
0.0000e+00
2.1935e-05
7.2002e-05
2.1458e-06
0.0000e+00
2.1935e-05
0.0000e+00
2.1935e-05
7.8678e-06
1.4710e-04
0.0000e+00
0.0000e+00
0.0000e+00
2.5034e-05
9.5367e-07
0.0000e+00
2.2173e-05
0.0000e+00
0.0000e+00
2.0981e-05
0.0000e+00
0.0000e+00
2.0981e-05
9.5367e-07
0.0000e+00
2.2888e-05
9.5367e-07
0.0000e+00
2.1935e-05
9.5367e-07
0.0000e+00
2.0981e-05
9.5367e-07
4.2796e-04
0.0000e+00
0.0000e+00
0.0000e+00
2.3127e-05
9.5367e-07
0.0000e+00
2.1935e-05
5.6982e-05
0.0000e+00
2.1935e-05
1.9073e-06
0.0000e+00
2.1935e-05
9.5367e-07
0.0000e+00
2.3127e-05
9.5367e-07
0.0000e+00
2.1935e-05
9.5367e-07
0.0000e+00
2.1935e-05
4.0531e-06
0.0000e+00
2.1935e-05
2.2507e-04
0.0000e+00
2.2888e-05
1.1921e-06
1.9073e-06
0.0000e+00
2.0981e-05
0.0000e+00
2.2173e-05
0.0000e+00
0.0000e+00
2.1935e-05
1.2589e-04
0.0000e+00
2.2888e-05
9.5367e-07
2.1601e-04
0.0000e+00
0.0000e+00
0.0000e+00
2.1935e-05
9.5367e-07
2.1458e-06
9.5367e-07
0.0000e+00
0.0000e+00
2.3127e-05
9.5367e-07
1.7905e-04
0.0000e+00
0.0000e+00
0.0000e+00
2.1935e-05
8.1062e-06
0.0000e+00
2.1935e-05
9.5367e-07
0.0000e+00
2.3842e-05
0.0000e+00
0.0000e+00
2.8849e-05
9.5367e-07
1.9789e-04
1.1921e-06
9.5367e-07
3.6955e-05
0.0000e+00
0.0000e+00
0.0000e+00
2.3127e-05
0.0000e+00
0.0000e+00
2.2173e-05
9.5367e-07
0.0000e+00
2.2888e-05
9.5367e-07
0.0000e+00
2.0981e-05
9.5367e-07
0.0000e+00
2.1935e-05
0.0000e+00
0.0000e+00
2.0981e-05
9.5367e-07
0.0000e+00
2.2888e-05
1.1921e-06
3.5286e-04
9.5367e-07
1.1921e-06
0.0000e+00
2.2888e-05
9.5367e-07
0.0000e+00
2.2173e-05
0.0000e+00
1.1992e-04
9.5367e-07
9.5367e-07
8.0109e-05
0.0000e+00
0.0000e+00
0.0000e+00
2.3127e-05
0.0000e+00
1.2493e-04
0.0000e+00
0.0000e+00
0.0000e+00
2.1935e-05
0.0000e+00
0.0000e+00
3.1948e-05
9.5367e-07
0.0000e+00
2.2888e-05
9.5367e-07
0.0000e+00
2.2173e-05
0.0000e+00
0.0000e+00
2.0981e-05
9.5367e-07
2.1458e-06
0.0000e+00
1.9073e-06
0.0000e+00
2.1935e-05
2.8610e-06
0.0000e+00
2.0981e-05
9.5367e-07
0.0000e+00
2.0981e-05
1.0014e-05
0.0000e+00
2.8133e-05
2.7394e-04
0.0000e+00
2.4080e-05
4.0531e-06
0.0000e+00
2.1935e-05
9.5367e-07
0.0000e+00
2.3127e-05
9.5367e-07
2.9206e-04
9.5367e-07
9.5367e-07
0.0000e+00
2.2173e-05
7.8917e-05
6.1989e-05
0.0000e+00
0.0000e+00
0.0000e+00
2.1935e-05
0.0000e+00
0.0000e+00
2.2173e-05
9.5367e-07
0.0000e+00
2.9087e-05
1.0991e-04
0.0000e+00
2.2173e-05
9.5367e-07
0.0000e+00
2.1935e-05
1.1921e-06
0.0000e+00
2.1935e-05
1.8692e-04
0.0000e+00
2.1935e-05
9.5367e-07
0.0000e+00
2.0981e-05
9.5367e-07
0.0000e+00
2.4080e-05
9.5367e-07
1.5211e-04
0.0000e+00
0.0000e+00
0.0000e+00
3.2187e-05
9.5367e-07
0.0000e+00
2.1935e-05
9.5367e-07
0.0000e+00
2.2173e-05
0.0000e+00
0.0000e+00
2.1935e-05
1.1921e-06
0.0000e+00
2.1935e-05
2.8610e-06
1.4687e-04
0.0000e+00
0.0000e+00
0.0000e+00
2.2888e-05
9.5367e-07
0.0000e+00
2.0981e-05
0.0000e+00
0.0000e+00
2.7895e-05
0.0000e+00
0.0000e+00
2.2888e-05
9.5367e-07
3.1209e-04
9.5367e-07
9.5367e-07
1.0300e-04
0.0000e+00
9.5367e-07
0.0000e+00
2.4080e-05
9.5367e-07
0.0000e+00
2.2173e-05
9.5367e-07
0.0000e+00
2.1935e-05
0.0000e+00
0.0000e+00
2.1219e-05
0.0000e+00
0.0000e+00
2.0981e-05
0.0000e+00
0.0000e+00
3.0041e-05
9.5367e-07
0.0000e+00
2.1935e-05
9.5367e-07
3.1209e-04
0.0000e+00
0.0000e+00
0.0000e+00
2.1935e-05
0.0000e+00
0.0000e+00
2.1935e-05
9.5367e-07
0.0000e+00
2.2173e-05
1.9217e-04
0.0000e+00
2.1935e-05
3.0994e-06
0.0000e+00
2.0981e-05
4.0531e-06
0.0000e+00
3.0041e-05
9.5367e-07
0.0000e+00
2.1935e-05
9.5367e-07
0.0000e+00
2.0981e-05
9.5367e-07
0.0000e+00
2.2173e-05
1.8287e-04
0.0000e+00
2.2173e-05
1.9073e-06
0.0000e+00
2.1935e-05
7.8678e-06
9.5367e-07
0.0000e+00
9.5367e-07
0.0000e+00
2.1935e-05
2.1458e-06
0.0000e+00
3.0994e-05
2.1911e-04
0.0000e+00
2.1935e-05
4.4107e-05
0.0000e+00
2.1935e-05
2.1458e-06
4.6968e-05
0.0000e+00
9.5367e-07
0.0000e+00
2.2173e-05
1.0395e-04
9.5367e-07
1.1921e-06
2.3842e-05
0.0000e+00
2.3127e-05
9.5367e-07
0.0000e+00
2.0981e-05
9.0599e-06
0.0000e+00
2.2173e-05
9.5367e-07
0.0000e+00
2.3127e-05
9.5367e-07
0.0000e+00
2.0981e-05
1.1921e-06
0.0000e+00
2.1935e-05
9.5367e-07
3.3307e-04
9.5367e-07
9.5367e-07
0.0000e+00
2.2173e-05
1.4091e-04
0.0000e+00
2.1935e-05
0.0000e+00
7.2956e-05
0.0000e+00
0.0000e+00
0.0000e+00
2.1935e-05
9.5367e-07
0.0000e+00
3.0041e-05
9.5367e-07
0.0000e+00
2.1935e-05
9.8944e-05
0.0000e+00
2.1935e-05
2.1458e-06
0.0000e+00
2.1935e-05
9.5367e-07
0.0000e+00
2.0981e-05
9.5367e-07
0.0000e+00
2.5034e-05
9.5367e-07
1.9288e-04
9.5367e-07
9.5367e-07
0.0000e+00
2.2173e-05
0.0000e+00
0.0000e+00
3.0041e-05
9.5367e-07
0.0000e+00
2.3127e-05
0.0000e+00
0.0000e+00
2.1935e-05
2.0218e-04
0.0000e+00
2.1935e-05
7.4148e-05
0.0000e+00
2.1935e-05
9.5367e-07
0.0000e+00
2.1935e-05
0.0000e+00
0.0000e+00
2.0981e-05
7.5102e-05
0.0000e+00
2.2173e-05
9.5367e-07
0.0000e+00
3.0041e-05
9.5367e-07
0.0000e+00
2.2173e-05
1.5283e-04
0.0000e+00
2.1935e-05
2.8610e-06
0.0000e+00
2.2173e-05
9.5367e-07
0.0000e+00
2.1935e-05
1.9073e-06
0.0000e+00
2.1935e-05
0.0000e+00
0.0000e+00
2.1935e-05
1.9073e-06
0.0000e+00
2.1935e-05
9.5367e-07
0.0000e+00
2.2888e-05
0.0000e+00
0.0000e+00
2.2173e-05
9.5367e-07
0.0000e+00
2.0981e-05
3.3998e-04
0.0000e+00
2.3127e-05
9.5367e-07
0.0000e+00
2.1935e-05
1.1921e-06
0.0000e+00
2.1935e-05
0.0000e+00
2.3818e-04
9.5367e-07
9.5367e-07
0.0000e+00
2.2173e-05
9.5367e-07
0.0000e+00
2.3127e-05
3.6001e-05
0.0000e+00
2.1935e-05
9.0599e-06
0.0000e+00
2.3127e-05
1.9073e-06
0.0000e+00
2.2173e-05
0.0000e+00
1.7095e-04
0.0000e+00
0.0000e+00
0.0000e+00
2.1935e-05
0.0000e+00
2.1458e-06
0.0000e+00
5.0068e-06
2.3484e-04
0.0000e+00
0.0000e+00
0.0000e+00
2.1935e-05
9.5367e-07
0.0000e+00
2.2173e-05
0.0000e+00
0.0000e+00
2.0981e-05
9.5367e-07
0.0000e+00
2.2173e-05
9.5367e-07
1.3995e-04
9.5367e-07
0.0000e+00
0.0000e+00
2.1935e-05
9.5367e-07
0.0000e+00
2.4080e-05
9.5367e-07
0.0000e+00
2.2173e-05
0.0000e+00
0.0000e+00
2.0981e-05
1.1086e-04
0.0000e+00
2.3127e-05
9.5367e-07
0.0000e+00
2.0981e-05
1.0014e-05
1.2302e-04
9.5367e-07
1.1921e-06
0.0000e+00
2.1935e-05
0.0000e+00
0.0000e+00
2.2173e-05
9.5367e-07
0.0000e+00
2.1935e-05
0.0000e+00
1.0180e-04
0.0000e+00
0.0000e+00
0.0000e+00
2.1935e-05
2.0814e-04
6.9141e-06
1.1921e-06
9.0599e-06
0.0000e+00
2.2888e-05
4.5061e-05
6.6996e-05
9.5367e-07
9.5367e-07
0.0000e+00
2.5034e-05
1.1921e-06
0.0000e+00
2.0981e-05
3.0994e-06
0.0000e+00
2.2888e-05
9.5367e-07
1.6308e-04
0.0000e+00
0.0000e+00
1.1921e-06
0.0000e+00
4.0531e-06
0.0000e+00
2.1935e-05
9.5367e-07
0.0000e+00
2.1935e-05
1.9073e-06
0.0000e+00
3.0041e-05
1.9073e-06
0.0000e+00
2.2173e-05
3.0899e-04
0.0000e+00
2.1935e-05
2.1458e-06
0.0000e+00
2.1935e-05
1.9073e-06
0.0000e+00
2.1935e-05
9.5367e-07
0.0000e+00
2.0981e-05
0.0000e+00
9.5367e-07
0.0000e+00
2.0027e-05
0.0000e+00
2.2173e-05
0.0000e+00
0.0000e+00
2.9087e-05
2.8610e-06
0.0000e+00
2.2173e-05
3.1996e-04
0.0000e+00
2.1935e-05
3.0994e-06
0.0000e+00
2.1935e-05
1.1921e-06
0.0000e+00
2.0981e-05
9.5367e-07
0.0000e+00
2.1219e-05
0.0000e+00
0.0000e+00
2.1935e-05
1.7309e-04
0.0000e+00
2.0981e-05
9.5367e-07
0.0000e+00
2.3127e-05
9.5367e-07
0.0000e+00
2.1935e-05
9.5367e-07
0.0000e+00
2.0981e-05
9.5367e-07
0.0000e+00
2.2888e-05
1.8501e-04
0.0000e+00
2.1935e-05
2.8610e-06
0.0000e+00
2.1935e-05
9.5367e-07
0.0000e+00
2.4080e-05
9.5367e-07
0.0000e+00
2.9087e-05
9.5367e-07
3.0994e-06
0.0000e+00
9.5367e-07
0.0000e+00
2.2888e-05
9.0599e-06
0.0000e+00
2.1935e-05
3.2306e-04
0.0000e+00
2.0981e-05
1.1921e-06
0.0000e+00
2.1935e-05
0.0000e+00
2.1195e-04
0.0000e+00
0.0000e+00
0.0000e+00
2.1935e-05
9.5367e-07
0.0000e+00
2.0981e-05
9.5367e-07
0.0000e+00
3.0041e-05
9.5367e-07
0.0000e+00
2.3127e-05
9.5367e-07
1.3304e-04
0.0000e+00
9.5367e-07
0.0000e+00
2.5034e-05
9.0122e-05
0.0000e+00
2.1935e-05
2.1458e-06
0.0000e+00
2.1935e-05
1.2207e-04
0.0000e+00
2.0981e-05
9.5367e-07
0.0000e+00
2.1935e-05
0.0000e+00
0.0000e+00
3.6001e-05
9.5367e-07
0.0000e+00
2.1935e-05
5.7936e-05
1.4067e-05
9.5367e-07
9.0599e-06
1.4997e-04
0.0000e+00
9.5367e-07
0.0000e+00
2.3127e-05
0.0000e+00
0.0000e+00
2.0981e-05
0.0000e+00
1.1706e-04
9.5367e-07
1.1921e-06
0.0000e+00
2.2888e-05
9.5367e-07
0.0000e+00
2.1935e-05
9.0837e-05
0.0000e+00
2.8849e-05
1.1921e-06
0.0000e+00
2.1935e-05
5.5075e-05
0.0000e+00
2.1935e-05
9.5367e-07
0.0000e+00
2.1935e-05
9.5367e-07
1.9312e-04
0.0000e+00
0.0000e+00
0.0000e+00
2.2173e-05
0.0000e+00
0.0000e+00
2.0981e-05
9.5367e-07
0.0000e+00
2.2173e-05
1.1921e-06
0.0000e+00
2.1935e-05
0.0000e+00
2.3699e-04
0.0000e+00
9.5367e-07
0.0000e+00
2.3127e-05
0.0000e+00
4.1962e-05
0.0000e+00
9.5367e-07
0.0000e+00
2.2173e-05
0.0000e+00
0.0000e+00
2.1935e-05
0.0000e+00
0.0000e+00
2.0981e-05
0.0000e+00
0.0000e+00
2.1935e-05
2.5105e-04
6.4135e-05
0.0000e+00
0.0000e+00
6.5088e-05
9.5367e-07
9.5367e-07
0.0000e+00
3.1948e-05
1.1921e-06
0.0000e+00
2.1935e-05
9.5367e-07
0.0000e+00
2.1935e-05
1.1921e-06
4.0531e-06
0.0000e+00
0.0000e+00
0.0000e+00
2.1935e-05
9.5367e-07
0.0000e+00
2.1935e-05
2.1458e-06
0.0000e+00
2.1935e-05
9.5367e-07
0.0000e+00
2.1935e-05
9.5367e-07
0.0000e+00
2.8133e-05
4.0531e-06
0.0000e+00
2.1935e-05
0.0000e+00
0.0000e+00
2.2173e-05
0.0000e+00
5.5695e-04
0.0000e+00
9.5367e-07
0.0000e+00
2.2888e-05
0.0000e+00
0.0000e+00
2.1935e-05
0.0000e+00
1.3304e-04
0.0000e+00
0.0000e+00
2.9802e-05
1.1921e-06
9.5367e-07
0.0000e+00
2.2888e-05
8.7023e-05
0.0000e+00
2.9087e-05
9.5367e-07
0.0000e+00
2.3127e-05
0.0000e+00
2.1458e-06
0.0000e+00
1.2875e-05
0.0000e+00
2.2173e-05
9.5367e-07
0.0000e+00
2.0981e-05
1.1921e-06
2.7585e-04
1.1921e-06
0.0000e+00
0.0000e+00
2.2173e-05
9.5367e-07
1.9073e-06
9.5367e-07
1.1921e-06
1.9288e-04
0.0000e+00
0.0000e+00
0.0000e+00
2.1935e-05
9.5367e-07
1.0896e-04
0.0000e+00
0.0000e+00
0.0000e+00
2.3127e-05
4.1962e-05
0.0000e+00
2.1935e-05
2.1458e-06
0.0000e+00
2.0981e-05
9.5367e-07
0.0000e+00
2.1219e-05
1.9073e-06
0.0000e+00
2.0981e-05
9.5367e-07
0.0000e+00
2.0981e-05
9.5367e-07
0.0000e+00
2.2173e-05
1.9073e-06
0.0000e+00
2.8133e-05
3.8147e-06
0.0000e+00
2.1935e-05
2.2912e-04
0.0000e+00
2.2888e-05
1.9073e-06
0.0000e+00
2.1935e-05
4.0531e-06
0.0000e+00
2.0981e-05
9.5367e-07
0.0000e+00
2.1935e-05
1.1921e-06
0.0000e+00
2.1935e-05
9.5367e-07
0.0000e+00
2.1219e-05
9.5367e-07
0.0000e+00
2.3127e-05
9.5367e-07
0.0000e+00
2.0981e-05
2.1195e-04
3.6955e-05
0.0000e+00
0.0000e+00
0.0000e+00
2.2173e-05
0.0000e+00
0.0000e+00
2.1935e-05
1.1921e-06
0.0000e+00
2.1935e-05
9.5367e-07
0.0000e+00
2.0981e-05
3.1900e-04
0.0000e+00
2.1935e-05
9.5367e-07
0.0000e+00
2.2888e-05
1.1802e-04
0.0000e+00
2.1935e-05
1.5020e-05
0.0000e+00
2.1935e-05
2.1458e-06
0.0000e+00
2.1935e-05
9.5367e-07
0.0000e+00
2.2173e-05
1.9073e-06
0.0000e+00
2.1935e-05
0.0000e+00
0.0000e+00
2.0981e-05
9.5367e-07
0.0000e+00
2.1935e-05
2.0599e-04
0.0000e+00
2.2888e-05
9.5367e-07
6.1035e-05
0.0000e+00
0.0000e+00
0.0000e+00
2.1935e-05
1.1921e-06
0.0000e+00
2.0981e-05
1.6093e-04
0.0000e+00
2.2173e-05
1.9073e-06
0.0000e+00
2.2173e-05
9.5367e-07
0.0000e+00
2.1935e-05
1.1921e-06
0.0000e+00
2.1935e-05
1.1921e-06
0.0000e+00
2.2888e-05
0.0000e+00
0.0000e+00
2.2173e-05
9.5367e-07
2.4891e-04
1.1921e-06
9.5367e-07
0.0000e+00
2.1935e-05
8.8215e-05
0.0000e+00
2.0981e-05
3.0994e-06
1.4782e-04
0.0000e+00
0.0000e+00
0.0000e+00
2.0981e-05
0.0000e+00
0.0000e+00
2.2173e-05
9.5367e-07
0.0000e+00
3.0041e-05
9.5367e-07
0.0000e+00
2.2173e-05
9.5367e-07
0.0000e+00
2.0981e-05
9.5367e-07
2.0409e-04
0.0000e+00
0.0000e+00
0.0000e+00
2.1935e-05
1.1921e-06
0.0000e+00
2.0981e-05
9.5367e-07
0.0000e+00
2.1935e-05
4.2915e-05
0.0000e+00
2.2173e-05
9.5367e-07
1.8501e-04
9.5367e-07
0.0000e+00
0.0000e+00
2.3127e-05
0.0000e+00
0.0000e+00
2.1935e-05
0.0000e+00
0.0000e+00
2.0981e-05
0.0000e+00
0.0000e+00
2.0981e-05
0.0000e+00
0.0000e+00
2.1219e-05
0.0000e+00
0.0000e+00
2.0981e-05
9.5367e-07
0.0000e+00
2.1935e-05
9.5367e-07
0.0000e+00
2.1935e-05
3.5000e-04
5.9843e-05
1.1921e-06
9.5367e-07
0.0000e+00
2.2888e-05
1.1921e-06
0.0000e+00
2.0981e-05
0.0000e+00
0.0000e+00
2.5034e-05
9.5367e-07
0.0000e+00
2.2173e-05
1.2088e-04
0.0000e+00
2.2173e-05
1.9073e-06
1.2994e-04
0.0000e+00
0.0000e+00
0.0000e+00
2.1935e-05
0.0000e+00
0.0000e+00
2.9087e-05
6.5088e-05
0.0000e+00
2.1935e-05
9.5367e-07
0.0000e+00
2.1935e-05
1.0967e-05
0.0000e+00
2.2173e-05
1.9073e-06
2.0814e-04
0.0000e+00
0.0000e+00
0.0000e+00
2.1935e-05
5.0068e-05
0.0000e+00
2.2173e-05
9.5367e-07
0.0000e+00
2.0981e-05
4.0531e-06
0.0000e+00
3.0041e-05
9.5367e-07
0.0000e+00
2.2173e-05
9.5367e-07
0.0000e+00
2.4080e-05
9.5367e-07
0.0000e+00
2.1935e-05
1.1921e-06
3.5000e-04
0.0000e+00
0.0000e+00
0.0000e+00
2.1935e-05
0.0000e+00
0.0000e+00
2.0981e-05
0.0000e+00
0.0000e+00
2.0981e-05
0.0000e+00
1.5783e-04
9.5367e-07
9.5367e-07
0.0000e+00
2.3127e-05
9.5367e-07
0.0000e+00
2.1935e-05
9.5367e-07
0.0000e+00
2.1935e-05
9.5367e-07
9.8944e-05
1.1921e-06
9.5367e-07
0.0000e+00
2.2888e-05
0.0000e+00
0.0000e+00
2.0981e-05
9.5367e-07
0.0000e+00
2.1935e-05
2.4104e-04
0.0000e+00
2.1935e-05
1.1921e-06
0.0000e+00
3.0994e-05
9.5367e-07
5.4121e-05
0.0000e+00
0.0000e+00
1.5116e-04
0.0000e+00
0.0000e+00
0.0000e+00
2.1935e-05
9.5367e-07
0.0000e+00
2.1935e-05
0.0000e+00
0.0000e+00
2.2173e-05
9.5367e-07
9.7990e-05
0.0000e+00
9.5367e-07
0.0000e+00
2.3127e-05
6.6996e-05
1.9073e-06
9.5367e-07
2.1458e-06
0.0000e+00
2.2888e-05
9.5367e-07
0.0000e+00
2.1935e-05
1.1921e-06
0.0000e+00
2.1935e-05
9.5367e-07
0.0000e+00
2.2173e-05
1.9073e-06
0.0000e+00
2.0981e-05
2.5702e-04
0.0000e+00
2.2173e-05
9.5367e-07
0.0000e+00
2.0981e-05
9.5367e-07
0.0000e+00
2.0981e-05
9.5367e-07
5.2929e-05
9.5367e-07
9.5367e-07
0.0000e+00
2.1935e-05
1.1921e-06
0.0000e+00
2.0981e-05
1.9073e-06
0.0000e+00
2.1935e-05
0.0000e+00
0.0000e+00
2.2173e-05
9.5367e-07
0.0000e+00
2.0981e-05
2.6202e-04
0.0000e+00
2.1935e-05
1.7977e-04
0.0000e+00
2.1935e-05
2.1458e-06
0.0000e+00
3.0041e-05
9.5367e-07
0.0000e+00
2.2888e-05
1.1921e-06
0.0000e+00
2.0981e-05
0.0000e+00
0.0000e+00
2.0981e-05
2.1458e-06
0.0000e+00
2.1935e-05
9.5367e-07
0.0000e+00
2.2173e-05
9.5367e-07
0.0000e+00
2.0981e-05
0.0000e+00
0.0000e+00
2.0981e-05
0.0000e+00
0.0000e+00
2.9087e-05
9.5367e-07
0.0000e+00
2.1935e-05
9.5367e-07
0.0000e+00
2.0981e-05
4.6396e-04
0.0000e+00
2.1935e-05
0.0000e+00
0.0000e+00
2.0981e-05
9.5367e-07
0.0000e+00
2.2173e-05
9.5367e-07
0.0000e+00
2.0981e-05
0.0000e+00
0.0000e+00
2.0981e-05
9.5367e-07
0.0000e+00
2.3127e-05
2.3484e-04
0.0000e+00
2.3127e-05
2.8133e-05
0.0000e+00
2.1935e-05
6.0081e-05
0.0000e+00
2.0981e-05
1.9073e-06
0.0000e+00
2.0981e-05
9.5367e-07
0.0000e+00
2.1935e-05
1.4997e-04
0.0000e+00
2.1935e-05
3.0041e-05
0.0000e+00
3.0041e-05
3.5048e-05
0.0000e+00
2.0981e-05
2.1458e-06
0.0000e+00
2.1935e-05
9.5367e-07
2.1458e-06
0.0000e+00
2.0027e-05
0.0000e+00
2.1935e-05
1.1921e-06
0.0000e+00
2.1935e-05
9.5367e-07
0.0000e+00
2.0981e-05
9.5367e-07
0.0000e+00
2.1935e-05
1.2875e-05
0.0000e+00
2.9087e-05
3.1495e-04
0.0000e+00
2.2888e-05
4.2915e-05
1.6928e-05
0.0000e+00
5.9605e-06
0.0000e+00
2.3127e-05
0.0000e+00
0.0000e+00
2.1935e-05
1.1921e-06
0.0000e+00
2.1935e-05
1.6093e-04
0.0000e+00
2.1935e-05
1.9073e-06
0.0000e+00
2.1935e-05
2.1458e-06
0.0000e+00
3.0041e-05
9.5367e-07
0.0000e+00
2.3127e-05
9.5367e-07
0.0000e+00
2.0981e-05
2.3127e-05
0.0000e+00
2.0981e-05
2.1458e-06
0.0000e+00
2.1935e-05
2.3794e-04
0.0000e+00
2.3127e-05
9.5367e-07
0.0000e+00
2.1935e-05
1.1921e-06
1.6189e-04
0.0000e+00
0.0000e+00
0.0000e+00
2.8849e-05
5.1022e-05
0.0000e+00
2.2173e-05
9.5367e-07
0.0000e+00
2.1935e-05
9.0599e-06
3.6955e-05
0.0000e+00
0.0000e+00
0.0000e+00
2.2888e-05
9.5367e-07
0.0000e+00
2.2173e-05
3.6955e-05
0.0000e+00
2.1935e-05
1.1921e-06
0.0000e+00
2.1935e-05
9.5367e-07
0.0000e+00
2.2173e-05
9.5367e-07
0.0000e+00
2.3127e-05
1.1921e-06
0.0000e+00
2.0981e-05
9.5367e-07
0.0000e+00
2.2173e-05
9.5367e-07
0.0000e+00
2.1935e-05
9.5367e-07
5.3000e-04
9.5367e-07
9.5367e-07
0.0000e+00
2.1935e-05
9.5367e-07
0.0000e+00
2.1935e-05
1.0800e-04
0.0000e+00
2.1935e-05
9.5367e-07
0.0000e+00
2.3127e-05
0.0000e+00
8.6069e-05
9.5367e-07
9.5367e-07
0.0000e+00
2.3127e-05
9.5367e-07
0.0000e+00
2.1935e-05
0.0000e+00
0.0000e+00
2.0981e-05
9.5367e-07
0.0000e+00
2.0981e-05
1.1921e-06
0.0000e+00
2.0981e-05
3.0994e-06
3.0494e-04
0.0000e+00
9.5367e-07
0.0000e+00
3.2187e-05
9.5367e-07
0.0000e+00
2.1935e-05
0.0000e+00
0.0000e+00
2.1935e-05
9.5367e-07
0.0000e+00
2.1935e-05
0.0000e+00
2.5797e-04
9.5367e-07
9.5367e-07
0.0000e+00
2.1935e-05
1.1921e-06
0.0000e+00
2.1935e-05
9.5367e-07
0.0000e+00
2.1935e-05
0.0000e+00
0.0000e+00
2.7895e-05
9.5367e-07
0.0000e+00
2.1935e-05
0.0000e+00
0.0000e+00
2.0981e-05
0.0000e+00
2.9087e-04
0.0000e+00
1.1921e-06
0.0000e+00
2.3842e-05
1.1921e-06
0.0000e+00
2.1935e-05
0.0000e+00
1.4091e-04
1.1921e-06
9.5367e-07
0.0000e+00
2.2888e-05
9.5367e-07
0.0000e+00
2.2173e-05
0.0000e+00
0.0000e+00
3.0041e-05
0.0000e+00
0.0000e+00
2.1935e-05
0.0000e+00
1.3280e-04
0.0000e+00
0.0000e+00
9.5367e-07
9.5367e-07
1.1921e-06
0.0000e+00
2.2888e-05
9.5367e-07
0.0000e+00
2.0981e-05
1.1921e-06
2.3103e-04
9.5367e-07
9.5367e-07
0.0000e+00
2.2888e-05
1.1921e-06
2.5797e-04
0.0000e+00
9.5367e-07
0.0000e+00
2.1935e-05
9.5367e-07
0.0000e+00
2.2888e-05
0.0000e+00
1.3494e-04
0.0000e+00
9.5367e-07
0.0000e+00
2.3127e-05
9.5367e-07
0.0000e+00
2.0981e-05
0.0000e+00
0.0000e+00
2.2173e-05
9.5367e-07
0.0000e+00
2.0981e-05
0.0000e+00
0.0000e+00
2.1935e-05
9.5367e-07
0.0000e+00
2.1935e-05
0.0000e+00
0.0000e+00
2.9802e-05
0.0000e+00
0.0000e+00
2.1935e-05
0.0000e+00
0.0000e+00
2.1219e-05
0.0000e+00
0.0000e+00
2.0981e-05
3.2711e-04
0.0000e+00
2.1935e-05
4.9114e-05
0.0000e+00
2.4796e-05
1.1921e-06
0.0000e+00
2.0981e-05
9.5367e-07
0.0000e+00
2.2173e-05
9.5367e-07
2.0313e-04
0.0000e+00
0.0000e+00
0.0000e+00
2.3127e-05
9.5367e-07
1.0610e-04
0.0000e+00
0.0000e+00
0.0000e+00
2.2173e-05
0.0000e+00
0.0000e+00
2.0981e-05
2.9087e-05
0.0000e+00
2.1935e-05
9.0599e-06
0.0000e+00
2.2173e-05
2.7490e-04
0.0000e+00
5.8889e-05
5.9605e-06
0.0000e+00
8.8930e-05
3.0994e-06
0.0000e+00
5.5075e-05
9.5367e-07
2.0027e-05
9.5367e-07
1.0967e-05
0.0000e+00
5.5075e-05
1.9073e-06
0.0000e+00
5.4836e-05
1.9073e-06
3.4094e-05
1.1921e-06
1.8120e-05
0.0000e+00
5.5075e-05
2.2888e-05
0.0000e+00
5.6028e-05
1.9073e-06
7.1526e-06
9.5367e-07
6.9141e-06
0.0000e+00
7.2002e-05
1.9073e-06
3.0994e-06
0.0000e+00
3.2902e-05
0.0000e+00
5.6028e-05
2.1458e-06
1.0085e-04
9.5367e-07
1.9073e-06
0.0000e+00
5.5075e-05
1.9073e-06
0.0000e+00
5.6028e-05
2.1458e-06
5.0068e-06
9.5367e-07
1.4067e-05
0.0000e+00
5.5075e-05
1.1921e-06
0.0000e+00
5.2929e-05
1.9073e-06
0.0000e+00
7.4863e-05
3.0994e-06
0.0000e+00
5.6982e-05
1.9073e-06
0.0000e+00
5.4121e-05
2.1458e-06
5.0068e-06
0.0000e+00
1.1921e-05
7.8678e-06
9.5367e-07
7.2956e-05
0.0000e+00
5.6028e-05
4.0531e-06
0.0000e+00
5.4836e-05
1.9073e-06
4.8876e-05
9.5367e-07
7.1526e-06
0.0000e+00
5.6028e-05
8.8215e-06
0.0000e+00
6.1035e-05
3.0994e-06
0.0000e+00
5.6028e-05
1.9073e-06
9.0599e-06
0.0000e+00
1.9073e-06
3.8147e-06
1.1921e-06
1.3113e-05
0.0000e+00
5.6982e-05
2.0027e-05
0.0000e+00
5.5075e-05
2.8610e-06
0.0000e+00
5.5075e-05
9.5367e-07
0.0000e+00
5.4121e-05
1.9073e-06
0.0000e+00
5.4121e-05
9.5367e-07
0.0000e+00
7.5102e-05
2.8610e-06
0.0000e+00
5.5075e-05
1.9073e-06
0.0000e+00
5.3883e-05
1.9073e-06
5.0068e-06
9.5367e-07
4.8161e-05
7.3910e-05
0.0000e+00
4.0531e-06
7.2002e-05
9.5367e-07
1.9073e-06
3.0994e-06
9.5367e-07
3.6001e-05
0.0000e+00
5.6028e-05
1.9073e-06
0.0000e+00
5.4121e-05
1.9073e-06
0.0000e+00
5.4121e-05
2.8610e-06
2.0027e-05
9.5367e-07
1.2875e-05
0.0000e+00
5.7936e-05
1.9073e-06
0.0000e+00
5.3883e-05
9.5367e-07
0.0000e+00
5.3883e-05
1.9073e-06
0.0000e+00
5.4121e-05
1.9073e-06
0.0000e+00
5.8174e-05
3.2187e-05
5.0068e-06
9.5367e-07
5.1975e-05
0.0000e+00
5.4121e-05
8.8215e-06
0.0000e+00
7.8917e-05
2.8610e-06
0.0000e+00
5.6982e-05
1.9073e-06
0.0000e+00
5.5075e-05
9.5367e-07
0.0000e+00
5.4121e-05
2.1458e-06
0.0000e+00
5.3883e-05
8.2074e-02
