2.3868e-03
9.0599e-06
8.3539e-03
1.9073e-06
1.9073e-06
0.0000e+00
4.0054e-05
9.5367e-07
0.0000e+00
2.3127e-05
9.5367e-07
0.0000e+00
2.2173e-05
1.1921e-06
1.5187e-04
9.5367e-07
2.1458e-06
0.0000e+00
2.0981e-05
9.5367e-07
0.0000e+00
2.0981e-05
1.9073e-06
1.2994e-04
0.0000e+00
9.5367e-07
1.5998e-04
0.0000e+00
9.5367e-07
5.9605e-06
0.0000e+00
1.9073e-06
0.0000e+00
2.4080e-05
9.5367e-07
1.4210e-04
0.0000e+00
9.5367e-07
0.0000e+00
2.2173e-05
9.5367e-07
1.9073e-05
0.0000e+00
9.5367e-07
0.0000e+00
2.0981e-05
2.1458e-06
0.0000e+00
2.0981e-05
9.5367e-07
1.2708e-04
0.0000e+00
1.1921e-06
4.5776e-05
0.0000e+00
9.5367e-07
0.0000e+00
2.0981e-05
9.5367e-07
1.4591e-04
0.0000e+00
1.1921e-06
1.7881e-05
9.0599e-06
9.5367e-07
0.0000e+00
2.0981e-05
9.5367e-07
1.0896e-04
0.0000e+00
9.5367e-07
0.0000e+00
2.0981e-05
1.1921e-06
0.0000e+00
2.0027e-05
9.5367e-07
1.3995e-04
0.0000e+00
9.5367e-07
0.0000e+00
2.0981e-05
1.9073e-06
1.5521e-04
0.0000e+00
1.9073e-06
0.0000e+00
2.1935e-05
1.1921e-06
0.0000e+00
2.0981e-05
9.5367e-07
0.0000e+00
2.1935e-05
9.5367e-07
0.0000e+00
2.0027e-05
9.5367e-07
0.0000e+00
1.9789e-05
1.1921e-06
0.0000e+00
2.0027e-05
9.5367e-07
2.3103e-04
0.0000e+00
1.1921e-06
0.0000e+00
2.0981e-05
1.9073e-06
0.0000e+00
2.0981e-05
1.1921e-06
0.0000e+00
2.0027e-05
9.5367e-07
0.0000e+00
2.0981e-05
9.5367e-07
0.0000e+00
2.0981e-05
9.5367e-07
0.0000e+00
2.1219e-05
1.9073e-06
1.2589e-04
1.1921e-06
1.9073e-06
0.0000e+00
2.0027e-05
9.5367e-07
0.0000e+00
1.9789e-05
2.1458e-06
3.4094e-04
0.0000e+00
9.5367e-07
9.5367e-07
0.0000e+00
1.9073e-06
1.1921e-06
0.0000e+00
1.9073e-06
2.3198e-04
0.0000e+00
9.5367e-07
0.0000e+00
2.1935e-05
9.5367e-07
0.0000e+00
2.0027e-05
1.1921e-06
0.0000e+00
1.9789e-05
9.5367e-07
1.0395e-04
0.0000e+00
1.1921e-06
0.0000e+00
2.0981e-05
9.5367e-07
0.0000e+00
2.0027e-05
9.5367e-07
2.1458e-06
0.0000e+00
9.5367e-07
0.0000e+00
2.0027e-05
2.1458e-06
1.9073e-06
0.0000e+00
9.5367e-07
0.0000e+00
2.7895e-05
1.9073e-06
0.0000e+00
2.0981e-05
1.1921e-06
0.0000e+00
2.0027e-05
2.8610e-06
0.0000e+00
2.1219e-05
9.5367e-07
1.3940e-03
0.0000e+00
1.9073e-06
0.0000e+00
2.2173e-05
9.5367e-07
9.5367e-07
0.0000e+00
1.1921e-06
1.2803e-04
0.0000e+00
9.5367e-07
8.2016e-05
9.5367e-07
9.5367e-07
1.6284e-04
0.0000e+00
1.1921e-06
0.0000e+00
3.0041e-05
1.9073e-06
0.0000e+00
2.0981e-05
9.5367e-07
0.0000e+00
2.0027e-05
2.1458e-06
1.5688e-04
0.0000e+00
1.9073e-06
0.0000e+00
2.0981e-05
9.5367e-07
0.0000e+00
2.0027e-05
1.1921e-06
4.0531e-06
0.0000e+00
9.5367e-07
1.8597e-04
1.1921e-06
9.5367e-07
1.5020e-05
0.0000e+00
9.5367e-07
1.5020e-05
0.0000e+00
2.1458e-06
0.0000e+00
2.6941e-05
9.5367e-07
0.0000e+00
2.1219e-05
1.9073e-06
1.1706e-04
9.5367e-07
1.9073e-06
1.1706e-04
0.0000e+00
1.9073e-06
0.0000e+00
2.2173e-05
9.5367e-07
5.1975e-05
9.5367e-07
1.1921e-06
2.0385e-04
1.1921e-06
9.5367e-07
0.0000e+00
2.0981e-05
9.5367e-07
0.0000e+00
2.0027e-05
1.1921e-06
5.2929e-05
0.0000e+00
9.5367e-07
9.5129e-05
0.0000e+00
1.9073e-06
6.1989e-05
0.0000e+00
1.9073e-06
2.1458e-06
9.5367e-07
9.5367e-07
6.6042e-05
0.0000e+00
9.5367e-07
1.1802e-04
0.0000e+00
1.9073e-06
0.0000e+00
2.2173e-05
1.9073e-06
9.5367e-07
0.0000e+00
1.1921e-06
0.0000e+00
2.0981e-05
9.5367e-07
0.0000e+00
2.0981e-05
9.5367e-07
1.3113e-04
0.0000e+00
9.5367e-07
9.0599e-06
9.5367e-07
9.5367e-07
2.1458e-06
0.0000e+00
9.5367e-07
0.0000e+00
2.1935e-05
1.9073e-06
0.0000e+00
2.2173e-05
9.5367e-07
0.0000e+00
2.0981e-05
9.5367e-07
0.0000e+00
2.0027e-05
2.1458e-06
0.0000e+00
2.0981e-05
9.5367e-07
4.1699e-04
9.5367e-07
2.1458e-06
0.0000e+00
2.0981e-05
9.5367e-07
1.2708e-04
0.0000e+00
9.5367e-07
0.0000e+00
2.0981e-05
9.5367e-07
4.9829e-05
0.0000e+00
9.5367e-07
7.1049e-05
9.5367e-07
9.5367e-07
1.3828e-05
1.1921e-06
9.5367e-07
2.2388e-04
0.0000e+00
9.5367e-07
6.9141e-06
0.0000e+00
1.1921e-06
1.6928e-05
9.5367e-07
9.5367e-07
0.0000e+00
2.0981e-05
9.5367e-07
0.0000e+00
2.0981e-05
9.5367e-07
0.0000e+00
2.0027e-05
9.5367e-07
0.0000e+00
2.0027e-05
9.5367e-07
0.0000e+00
1.9073e-05
9.5367e-07
2.0504e-04
0.0000e+00
9.5367e-07
0.0000e+00
2.0981e-05
9.5367e-07
0.0000e+00
2.0027e-05
9.5367e-07
0.0000e+00
2.0027e-05
9.5367e-07
2.7704e-04
0.0000e+00
9.5367e-07
8.1062e-06
0.0000e+00
1.1921e-06
8.8930e-05
9.5367e-07
1.1921e-06
9.5367e-07
0.0000e+00
9.5367e-07
0.0000e+00
2.2173e-05
9.5367e-07
0.0000e+00
2.0027e-05
9.5367e-07
0.0000e+00
2.9087e-05
9.5367e-07
0.0000e+00
1.9789e-05
1.1921e-06
2.6894e-04
9.5367e-07
9.5367e-07
0.0000e+00
2.0027e-05
1.1921e-06
0.0000e+00
2.0027e-05
1.9073e-06
0.0000e+00
2.0027e-05
9.5367e-07
0.0000e+00
2.0027e-05
9.5367e-07
0.0000e+00
2.0981e-05
9.5367e-07
1.6403e-04
9.5367e-07
9.5367e-07
0.0000e+00
2.1935e-05
9.5367e-07
6.5088e-05
9.5367e-07
9.5367e-07
0.0000e+00
2.0027e-05
1.1921e-06
2.0599e-04
0.0000e+00
9.5367e-07
0.0000e+00
2.0981e-05
9.5367e-07
3.7909e-05
0.0000e+00
2.1458e-06
0.0000e+00
2.0027e-05
0.0000e+00
0.0000e+00
2.0027e-05
9.5367e-07
0.0000e+00
1.9073e-05
9.5367e-07
1.0514e-04
9.5367e-07
1.1921e-06
0.0000e+00
2.2888e-05
9.5367e-07
0.0000e+00
2.0027e-05
9.5367e-07
0.0000e+00
1.9789e-05
2.1458e-06
0.0000e+00
2.0027e-05
9.5367e-07
0.0000e+00
2.0027e-05
9.5367e-07
0.0000e+00
2.0027e-05
9.5367e-07
0.0000e+00
2.0027e-05
1.9073e-06
3.8910e-04
0.0000e+00
9.5367e-07
1.3399e-04
0.0000e+00
1.1921e-06
0.0000e+00
2.1935e-05
9.5367e-07
0.0000e+00
2.0027e-05
9.5367e-07
4.6015e-05
0.0000e+00
9.5367e-07
1.5092e-04
1.1921e-06
1.9073e-06
0.0000e+00
2.0981e-05
9.5367e-07
0.0000e+00
2.0027e-05
9.5367e-07
4.3869e-05
9.5367e-07
1.1921e-06
0.0000e+00
2.0981e-05
9.5367e-07
9.1076e-05
0.0000e+00
2.1458e-06
1.0705e-04
0.0000e+00
1.9073e-06
5.0068e-06
0.0000e+00
1.1921e-06
0.0000e+00
2.1935e-05
9.5367e-07
0.0000e+00
1.9789e-05
1.1921e-06
0.0000e+00
2.0027e-05
9.5367e-07
1.4591e-04
0.0000e+00
9.5367e-07
0.0000e+00
2.0981e-05
9.5367e-07
1.9312e-04
9.5367e-07
9.5367e-07
0.0000e+00
2.0027e-05
1.1921e-06
0.0000e+00
3.0994e-05
1.9073e-06
0.0000e+00
2.0981e-05
1.9073e-06
0.0000e+00
2.1219e-05
9.5367e-07
0.0000e+00
2.0027e-05
9.5367e-07
1.9407e-04
0.0000e+00
1.9073e-06
8.4162e-05
0.0000e+00
9.5367e-07
0.0000e+00
2.4080e-05
1.1921e-06
6.9857e-05
1.1921e-06
1.1921e-06
1.9073e-06
9.5367e-07
1.1921e-06
1.2994e-04
9.5367e-07
9.5367e-07
0.0000e+00
2.1219e-05
9.5367e-07
0.0000e+00
2.0981e-05
9.5367e-07
1.1396e-04
0.0000e+00
9.5367e-07
5.9605e-06
0.0000e+00
9.5367e-07
1.0920e-04
0.0000e+00
9.5367e-07
3.0994e-05
9.5367e-07
2.1458e-06
1.9073e-06
0.0000e+00
0.0000e+00
0.0000e+00
2.0981e-05
1.1921e-06
1.1921e-05
0.0000e+00
9.5367e-07
0.0000e+00
2.0027e-05
9.5367e-07
0.0000e+00
2.0981e-05
1.9073e-06
0.0000e+00
2.8133e-05
9.5367e-07
0.0000e+00
2.0981e-05
0.0000e+00
1.7810e-04
0.0000e+00
1.1921e-06
0.0000e+00
2.0027e-05
9.5367e-07
2.9302e-04
0.0000e+00
1.9073e-06
0.0000e+00
2.2173e-05
9.5367e-07
2.1458e-06
0.0000e+00
9.5367e-07
0.0000e+00
2.0981e-05
9.5367e-07
0.0000e+00
2.0027e-05
9.5367e-07
2.1482e-04
0.0000e+00
1.1921e-06
0.0000e+00
3.0994e-05
9.5367e-07
0.0000e+00
2.0027e-05
9.5367e-07
1.0300e-04
0.0000e+00
9.5367e-07
1.2159e-05
0.0000e+00
9.5367e-07
1.1921e-05
1.1921e-06
9.5367e-07
0.0000e+00
2.1935e-05
9.5367e-07
0.0000e+00
2.0027e-05
1.1921e-06
2.5296e-04
9.5367e-07
9.5367e-07
2.1458e-06
0.0000e+00
9.5367e-07
9.2030e-05
0.0000e+00
9.5367e-07
2.1458e-06
0.0000e+00
9.5367e-07
1.3804e-04
0.0000e+00
9.5367e-07
5.0068e-06
0.0000e+00
9.5367e-07
0.0000e+00
2.1935e-05
9.5367e-07
0.0000e+00
2.0027e-05
2.1458e-06
0.0000e+00
1.9789e-05
9.5367e-07
0.0000e+00
2.0027e-05
9.5367e-07
2.2411e-04
9.5367e-07
9.5367e-07
0.0000e+00
2.0027e-05
9.5367e-07
0.0000e+00
2.0027e-05
9.5367e-07
0.0000e+00
2.8849e-05
2.1458e-06
1.6785e-04
9.5367e-07
1.1921e-06
0.0000e+00
2.1935e-05
9.5367e-07
5.0068e-06
0.0000e+00
9.5367e-07
3.1948e-05
0.0000e+00
9.5367e-07
9.5129e-05
0.0000e+00
9.5367e-07
1.5020e-05
9.5367e-07
1.1921e-06
1.2875e-05
0.0000e+00
1.1921e-06
1.5020e-05
9.5367e-07
9.5367e-07
8.3923e-05
0.0000e+00
2.1458e-06
2.8801e-04
9.5367e-07
9.5367e-07
0.0000e+00
2.0981e-05
2.1458e-06
5.0068e-06
0.0000e+00
9.5367e-07
1.3018e-04
0.0000e+00
2.1458e-06
0.0000e+00
2.0981e-05
9.5367e-07
0.0000e+00
2.0027e-05
9.5367e-07
0.0000e+00
1.9789e-05
1.1921e-06
1.1206e-04
0.0000e+00
9.5367e-07
3.0994e-06
0.0000e+00
9.5367e-07
9.5367e-07
0.0000e+00
1.1921e-06
0.0000e+00
2.0981e-05
9.5367e-07
0.0000e+00
2.0981e-05
9.5367e-07
0.0000e+00
2.0981e-05
1.1921e-06
0.0000e+00
3.1948e-05
9.5367e-07
3.4118e-04
0.0000e+00
9.5367e-07
0.0000e+00
2.0981e-05
9.5367e-07
0.0000e+00
1.9789e-05
1.1921e-06
0.0000e+00
2.0027e-05
9.5367e-07
0.0000e+00
1.9073e-05
9.5367e-07
0.0000e+00
2.0027e-05
1.9073e-06
0.0000e+00
2.0027e-05
9.5367e-07
0.0000e+00
2.9087e-05
9.5367e-07
2.4390e-04
0.0000e+00
9.5367e-07
0.0000e+00
2.1935e-05
9.5367e-07
5.5075e-05
0.0000e+00
1.1921e-06
0.0000e+00
2.1935e-05
9.5367e-07
1.1015e-04
0.0000e+00
9.5367e-07
0.0000e+00
2.0027e-05
9.5367e-07
1.2159e-05
9.5367e-07
1.9073e-06
0.0000e+00
2.0981e-05
9.5367e-07
4.8161e-05
0.0000e+00
9.5367e-07
0.0000e+00
2.9087e-05
9.5367e-07
0.0000e+00
2.0981e-05
9.5367e-07
0.0000e+00
2.0027e-05
9.5367e-07
0.0000e+00
2.0027e-05
9.5367e-07
3.7813e-04
0.0000e+00
9.5367e-07
7.0095e-05
9.5367e-07
9.5367e-07
0.0000e+00
2.1219e-05
9.5367e-07
0.0000e+00
2.1935e-05
1.1921e-06
9.7752e-06
0.0000e+00
9.5367e-07
1.7881e-05
0.0000e+00
9.5367e-07
0.0000e+00
3.0041e-05
1.1921e-06
0.0000e+00
2.0981e-05
1.9073e-06
3.1710e-04
0.0000e+00
1.9073e-06
1.5020e-05
0.0000e+00
2.1458e-06
0.0000e+00
2.0981e-05
9.5367e-07
1.1706e-04
0.0000e+00
1.9073e-06
2.1458e-06
9.5367e-07
9.5367e-07
0.0000e+00
2.2173e-05
1.1921e-06
0.0000e+00
2.0027e-05
1.9073e-06
1.7500e-04
9.5367e-07
9.5367e-07
1.9073e-06
9.5367e-07
9.5367e-07
0.0000e+00
2.1935e-05
1.1921e-06
0.0000e+00
2.0027e-05
9.5367e-07
1.7691e-04
9.5367e-07
9.5367e-07
0.0000e+00
2.0981e-05
0.0000e+00
9.5367e-07
0.0000e+00
9.5367e-07
0.0000e+00
2.0981e-05
1.1921e-06
0.0000e+00
2.0027e-05
9.5367e-07
0.0000e+00
2.0027e-05
1.9073e-06
2.6917e-04
0.0000e+00
2.1458e-06
0.0000e+00
2.0981e-05
9.5367e-07
1.7214e-04
0.0000e+00
9.5367e-07
0.0000e+00
2.0981e-05
2.1458e-06
0.0000e+00
2.0027e-05
9.5367e-07
0.0000e+00
2.0027e-05
9.5367e-07
5.4121e-05
9.5367e-07
9.5367e-07
0.0000e+00
2.1219e-05
9.5367e-07
0.0000e+00
2.0027e-05
9.5367e-07
1.4305e-04
0.0000e+00
2.1458e-06
0.0000e+00
3.2902e-05
9.5367e-07
6.3896e-05
9.5367e-07
2.1458e-06
1.0300e-04
0.0000e+00
9.5367e-07
1.5020e-05
0.0000e+00
9.5367e-07
0.0000e+00
2.0981e-05
2.1458e-06
0.0000e+00
2.0027e-05
9.5367e-07
0.0000e+00
2.0981e-05
9.5367e-07
0.0000e+00
2.0981e-05
9.5367e-07
2.5201e-04
1.1921e-06
9.5367e-07
0.0000e+00
2.0981e-05
2.1458e-06
0.0000e+00
2.0981e-05
9.5367e-07
1.1110e-04
0.0000e+00
9.5367e-07
0.0000e+00
2.0027e-05
9.5367e-07
6.3181e-05
9.5367e-07
2.1458e-06
0.0000e+00
2.0981e-05
9.5367e-07
5.7936e-05
0.0000e+00
1.1921e-06
0.0000e+00
2.0027e-05
9.5367e-07
0.0000e+00
2.0027e-05
9.5367e-07
0.0000e+00
2.0027e-05
9.5367e-07
0.0000e+00
2.8133e-05
9.5367e-07
2.7704e-04
0.0000e+00
9.5367e-07
0.0000e+00
2.1219e-05
0.0000e+00
0.0000e+00
2.0027e-05
9.5367e-07
1.0014e-04
0.0000e+00
9.5367e-07
1.5020e-05
0.0000e+00
9.5367e-07
0.0000e+00
2.0027e-05
1.1921e-06
6.1989e-05
9.5367e-07
9.5367e-07
0.0000e+00
2.0981e-05
2.1458e-06
1.2088e-04
0.0000e+00
1.1921e-06
0.0000e+00
2.8849e-05
1.1921e-06
9.3937e-05
0.0000e+00
9.5367e-07
0.0000e+00
2.0981e-05
9.5367e-07
0.0000e+00
2.0981e-05
9.5367e-07
1.8501e-04
0.0000e+00
9.5367e-07
5.0068e-06
0.0000e+00
1.9073e-06
0.0000e+00
2.0981e-05
1.1921e-06
0.0000e+00
2.0027e-05
9.5367e-07
0.0000e+00
2.0027e-05
9.5367e-07
0.0000e+00
2.8133e-05
9.5367e-07
0.0000e+00
2.0027e-05
9.5367e-07
0.0000e+00
2.0981e-05
1.1921e-06
6.4802e-04
9.5367e-07
1.9073e-06
0.0000e+00
2.1935e-05
1.1921e-06
0.0000e+00
2.0027e-05
9.5367e-07
1.3208e-04
9.5367e-07
9.5367e-07
6.0081e-05
0.0000e+00
9.5367e-07
0.0000e+00
2.1219e-05
1.9073e-06
0.0000e+00
2.9087e-05
9.5367e-07
1.1492e-04
0.0000e+00
2.1458e-06
0.0000e+00
2.0981e-05
1.9073e-06
1.1206e-04
0.0000e+00
9.5367e-07
2.1458e-06
0.0000e+00
9.5367e-07
0.0000e+00
2.0027e-05
1.1921e-06
1.2279e-04
0.0000e+00
2.1458e-06
0.0000e+00
2.0027e-05
9.5367e-07
1.2398e-04
0.0000e+00
9.5367e-07
0.0000e+00
2.0981e-05
9.5367e-07
0.0000e+00
2.7180e-05
9.5367e-07
0.0000e+00
2.0981e-05
2.1458e-06
0.0000e+00
1.9789e-05
2.1458e-06
0.0000e+00
2.0027e-05
9.5367e-07
0.0000e+00
2.0027e-05
0.0000e+00
1.8215e-04
9.5367e-07
9.5367e-07
0.0000e+00
2.0981e-05
1.1921e-06
1.3089e-04
0.0000e+00
2.1458e-06
0.0000e+00
2.0981e-05
9.5367e-07
0.0000e+00
2.9087e-05
1.9073e-06
2.8110e-04
9.5367e-07
1.9073e-06
0.0000e+00
2.1219e-05
9.5367e-07
1.3304e-04
0.0000e+00
2.1458e-06
0.0000e+00
2.0981e-05
9.5367e-07
0.0000e+00
2.0027e-05
1.9073e-06
1.1301e-04
0.0000e+00
9.5367e-07
1.9073e-06
9.5367e-07
9.5367e-07
0.0000e+00
2.0027e-05
9.5367e-07
0.0000e+00
2.0027e-05
1.1921e-06
1.7500e-04
9.5367e-07
1.9073e-06
0.0000e+00
2.2173e-05
9.5367e-07
0.0000e+00
2.0027e-05
1.9073e-06
0.0000e+00
2.0981e-05
1.1921e-06
0.0000e+00
1.8835e-05
9.5367e-07
8.7976e-05
0.0000e+00
9.5367e-07
0.0000e+00
2.0027e-05
9.5367e-07
0.0000e+00
2.0027e-05
9.5367e-07
1.9073e-06
1.1921e-06
9.5367e-07
0.0000e+00
2.1935e-05
1.1921e-06
0.0000e+00
2.0027e-05
9.5367e-07
0.0000e+00
2.0027e-05
9.5367e-07
0.0000e+00
1.9073e-05
0.0000e+00
0.0000e+00
2.0027e-05
1.1921e-06
0.0000e+00
2.3842e-05
2.1458e-06
0.0000e+00
2.0027e-05
1.9073e-06
0.0000e+00
2.6941e-05
2.1458e-06
3.9101e-04
9.5367e-07
9.5367e-07
0.0000e+00
2.2173e-05
9.5367e-07
0.0000e+00
2.0027e-05
9.5367e-07
0.0000e+00
2.0981e-05
9.5367e-07
1.4496e-04
1.1921e-06
1.9073e-06
0.0000e+00
2.0981e-05
9.5367e-07
0.0000e+00
2.0027e-05
9.5367e-07
0.0000e+00
1.8835e-05
1.1921e-06
0.0000e+00
2.8849e-05
2.1458e-06
0.0000e+00
2.0027e-05
9.5367e-07
0.0000e+00
2.0027e-05
9.5367e-07
0.0000e+00
2.0027e-05
9.5367e-07
2.6107e-04
0.0000e+00
2.1458e-06
7.7963e-05
0.0000e+00
9.5367e-07
0.0000e+00
2.0981e-05
1.1921e-06
0.0000e+00
2.0981e-05
9.5367e-07
7.5102e-05
9.5367e-07
1.9073e-06
0.0000e+00
2.9087e-05
1.9073e-06
0.0000e+00
2.0981e-05
1.1921e-06
1.2493e-04
9.5367e-07
9.5367e-07
0.0000e+00
2.0027e-05
9.5367e-07
0.0000e+00
2.0027e-05
9.5367e-07
0.0000e+00
2.0027e-05
9.5367e-07
0.0000e+00
2.0981e-05
9.5367e-07
1.5521e-04
0.0000e+00
9.5367e-07
0.0000e+00
2.0027e-05
1.9073e-06
0.0000e+00
2.8133e-05
9.5367e-07
3.5095e-04
1.1921e-06
9.5367e-07
5.9605e-06
0.0000e+00
9.5367e-07
2.4486e-04
0.0000e+00
2.1458e-06
0.0000e+00
2.0981e-05
9.5367e-07
7.2002e-05
0.0000e+00
9.5367e-07
1.9073e-06
9.5367e-07
1.1921e-06
0.0000e+00
2.0027e-05
9.5367e-07
0.0000e+00
2.0981e-05
9.5367e-07
1.3113e-05
0.0000e+00
9.5367e-07
0.0000e+00
2.0981e-05
1.9073e-06
2.2197e-04
0.0000e+00
1.9073e-06
2.2888e-05
0.0000e+00
9.5367e-07
6.3896e-05
1.1921e-06
9.5367e-07
0.0000e+00
2.1935e-05
9.5367e-07
6.9141e-05
0.0000e+00
9.5367e-07
1.4067e-05
9.5367e-07
9.5367e-07
0.0000e+00
2.0027e-05
9.5367e-07
0.0000e+00
2.0027e-05
1.9073e-06
0.0000e+00
2.0981e-05
9.5367e-07
0.0000e+00
2.0027e-05
9.5367e-07
1.6189e-04
0.0000e+00
2.1458e-06
0.0000e+00
2.1935e-05
9.5367e-07
0.0000e+00
2.0027e-05
9.5367e-07
0.0000e+00
1.9789e-05
1.1921e-06
0.0000e+00
2.0027e-05
9.5367e-07
0.0000e+00
2.0027e-05
1.9073e-06
0.0000e+00
2.0027e-05
9.5367e-07
2.3079e-04
0.0000e+00
9.5367e-07
0.0000e+00
2.9087e-05
9.5367e-07
0.0000e+00
2.4080e-05
9.5367e-07
0.0000e+00
2.0027e-05
9.5367e-07
0.0000e+00
1.9073e-05
1.9073e-06
0.0000e+00
1.9073e-05
2.1458e-06
1.7381e-04
0.0000e+00
2.1458e-06
1.4067e-05
0.0000e+00
9.5367e-07
1.5974e-05
0.0000e+00
9.5367e-07
0.0000e+00
2.0981e-05
9.5367e-07
0.0000e+00
2.0027e-05
9.5367e-07
0.0000e+00
2.1219e-05
1.1921e-06
0.0000e+00
2.0027e-05
9.5367e-07
0.0000e+00
2.0027e-05
1.9073e-06
2.4009e-04
0.0000e+00
1.1921e-06
0.0000e+00
2.0981e-05
9.5367e-07
2.9302e-04
0.0000e+00
1.9073e-06
0.0000e+00
2.1219e-05
9.5367e-07
6.9141e-06
0.0000e+00
1.1921e-06
0.0000e+00
2.0981e-05
2.1458e-06
8.8930e-05
0.0000e+00
9.5367e-07
0.0000e+00
2.1935e-05
9.5367e-07
0.0000e+00
2.0027e-05
9.5367e-07
0.0000e+00
2.0981e-05
1.1921e-06
0.0000e+00
1.8835e-05
9.5367e-07
0.0000e+00
2.0027e-05
9.5367e-07
0.0000e+00
2.0027e-05
1.9073e-06
0.0000e+00
2.0027e-05
2.1458e-06
3.0994e-04
0.0000e+00
9.5367e-07
0.0000e+00
2.1935e-05
2.1458e-06
1.9884e-04
0.0000e+00
9.5367e-07
7.2956e-05
0.0000e+00
2.1458e-06
0.0000e+00
2.0981e-05
9.5367e-07
0.0000e+00
2.0027e-05
9.5367e-07
0.0000e+00
2.0027e-05
9.5367e-07
0.0000e+00
2.0027e-05
9.5367e-07
1.4687e-04
0.0000e+00
1.9073e-06
0.0000e+00
2.9087e-05
1.9073e-06
0.0000e+00
2.1935e-05
9.5367e-07
2.1815e-04
9.5367e-07
3.0994e-06
5.0068e-06
9.5367e-07
9.5367e-07
1.3113e-05
0.0000e+00
1.9073e-06
0.0000e+00
2.1935e-05
1.1921e-06
1.7500e-04
0.0000e+00
2.1458e-06
6.7949e-05
0.0000e+00
9.5367e-07
0.0000e+00
2.2173e-05
1.9073e-06
1.2994e-04
0.0000e+00
2.1458e-06
0.0000e+00
2.1935e-05
9.5367e-07
0.0000e+00
3.0041e-05
9.5367e-07
0.0000e+00
1.9789e-05
2.1458e-06
0.0000e+00
2.0027e-05
9.5367e-07
0.0000e+00
2.0027e-05
9.5367e-07
0.0000e+00
2.0027e-05
9.5367e-07
0.0000e+00
1.9789e-05
1.1921e-06
2.3890e-04
0.0000e+00
9.5367e-07
0.0000e+00
2.0027e-05
2.1458e-06
0.0000e+00
2.7895e-05
1.1921e-06
1.1182e-04
0.0000e+00
1.9073e-06
1.9073e-06
1.1921e-06
9.5367e-07
1.2803e-04
0.0000e+00
1.9073e-06
0.0000e+00
2.0981e-05
1.1921e-06
0.0000e+00
2.0981e-05
9.5367e-07
1.9073e-06
9.5367e-07
1.1921e-06
0.0000e+00
2.0027e-05
9.5367e-07
1.0991e-04
0.0000e+00
1.9073e-06
1.4210e-04
0.0000e+00
9.5367e-07
0.0000e+00
2.1935e-05
1.1921e-06
5.1022e-05
7.8678e-06
1.1921e-06
1.6093e-04
0.0000e+00
1.9073e-06
0.0000e+00
2.0981e-05
2.1458e-06
1.9073e-06
0.0000e+00
9.5367e-07
0.0000e+00
2.0981e-05
9.5367e-07
1.1396e-04
0.0000e+00
2.1458e-06
1.9073e-06
0.0000e+00
9.5367e-07
0.0000e+00
2.0981e-05
1.1921e-06
0.0000e+00
2.0027e-05
1.9073e-06
2.8896e-04
9.5367e-07
2.1458e-06
0.0000e+00
2.1935e-05
1.1921e-06
6.7949e-05
9.5367e-07
9.5367e-07
0.0000e+00
2.0981e-05
9.5367e-07
6.1035e-05
9.5367e-07
1.1921e-06
0.0000e+00
2.0027e-05
9.5367e-07
0.0000e+00
2.0981e-05
9.5367e-07
2.1458e-06
9.5367e-07
9.5367e-07
0.0000e+00
2.0027e-05
9.5367e-07
0.0000e+00
1.9789e-05
1.1921e-06
0.0000e+00
2.0027e-05
9.5367e-07
3.2306e-04
0.0000e+00
2.1458e-06
4.6015e-05
0.0000e+00
9.5367e-07
8.7976e-05
0.0000e+00
1.1921e-06
0.0000e+00
2.0981e-05
9.5367e-07
0.0000e+00
2.0027e-05
2.1458e-06
9.8944e-05
0.0000e+00
1.9073e-06
0.0000e+00
2.0981e-05
9.5367e-07
1.6284e-04
0.0000e+00
1.9073e-06
5.9605e-06
0.0000e+00
2.1458e-06
0.0000e+00
2.0981e-05
1.9073e-06
2.4080e-05
0.0000e+00
9.5367e-07
0.0000e+00
3.0041e-05
2.1458e-06
1.5593e-04
9.5367e-07
9.5367e-07
0.0000e+00
2.0027e-05
9.5367e-07
0.0000e+00
2.0027e-05
9.5367e-07
0.0000e+00
2.0027e-05
9.5367e-07
0.0000e+00
2.0027e-05
9.5367e-07
0.0000e+00
2.0027e-05
9.5367e-07
0.0000e+00
2.0027e-05
2.1458e-06
0.0000e+00
2.7895e-05
2.1458e-06
3.0398e-04
0.0000e+00
9.5367e-07
8.1062e-06
0.0000e+00
9.5367e-07
0.0000e+00
2.1935e-05
2.1458e-06
0.0000e+00
2.0981e-05
9.5367e-07
0.0000e+00
2.0027e-05
9.5367e-07
0.0000e+00
1.9789e-05
1.1921e-06
0.0000e+00
2.0027e-05
1.9073e-06
0.0000e+00
1.9073e-05
1.9073e-06
2.1601e-04
6.9141e-06
9.5367e-07
5.6028e-05
9.5367e-07
1.1921e-06
0.0000e+00
2.0981e-05
9.5367e-07
7.7009e-05
0.0000e+00
2.1458e-06
1.5020e-05
9.5367e-07
9.5367e-07
1.5020e-05
0.0000e+00
9.5367e-07
1.4067e-05
0.0000e+00
9.5367e-07
0.0000e+00
2.0981e-05
9.5367e-07
3.4499e-04
0.0000e+00
1.9073e-06
0.0000e+00
2.1219e-05
9.5367e-07
0.0000e+00
2.0027e-05
9.5367e-07
0.0000e+00
3.0994e-05
9.5367e-07
8.2970e-05
0.0000e+00
9.5367e-07
0.0000e+00
2.0981e-05
9.5367e-07
0.0000e+00
2.0027e-05
9.5367e-07
0.0000e+00
2.0027e-05
9.5367e-07
0.0000e+00
2.0027e-05
9.5367e-07
0.0000e+00
2.0027e-05
1.9073e-06
0.0000e+00
2.0027e-05
9.5367e-07
3.0494e-04
0.0000e+00
1.1921e-06
0.0000e+00
2.8849e-05
2.1458e-06
0.0000e+00
2.0981e-05
9.5367e-07
6.6996e-05
0.0000e+00
2.1458e-06
0.0000e+00
2.0981e-05
9.5367e-07
0.0000e+00
2.0027e-05
9.5367e-07
0.0000e+00
2.0027e-05
9.5367e-07
1.7214e-04
9.5367e-07
9.5367e-07
2.1458e-06
0.0000e+00
9.5367e-07
0.0000e+00
2.0981e-05
1.1921e-06
2.4080e-04
0.0000e+00
2.1458e-06
1.9073e-06
9.5367e-07
9.5367e-07
0.0000e+00
2.1219e-05
9.5367e-07
0.0000e+00
2.0027e-05
9.5367e-07
6.8903e-05
0.0000e+00
9.5367e-07
0.0000e+00
2.0981e-05
9.5367e-07
0.0000e+00
2.0027e-05
9.5367e-07
0.0000e+00
2.0027e-05
1.1921e-06
1.8787e-04
0.0000e+00
9.5367e-07
0.0000e+00
2.0027e-05
9.5367e-07
0.0000e+00
2.2173e-05
9.5367e-07
0.0000e+00
2.0027e-05
9.5367e-07
1.3614e-04
0.0000e+00
9.5367e-07
0.0000e+00
2.0981e-05
1.1921e-06
0.0000e+00
2.0027e-05
9.5367e-07
0.0000e+00
2.0027e-05
9.5367e-07
0.0000e+00
2.0027e-05
9.5367e-07
0.0000e+00
2.0027e-05
9.5367e-07
1.8120e-04
7.8678e-06
2.1458e-06
0.0000e+00
2.0981e-05
9.5367e-07
2.5916e-04
0.0000e+00
1.9073e-06
0.0000e+00
2.0981e-05
1.1921e-06
0.0000e+00
2.0027e-05
9.5367e-07
1.2302e-04
0.0000e+00
9.5367e-07
6.6042e-05
0.0000e+00
2.1458e-06
0.0000e+00
2.5034e-05
9.5367e-07
0.0000e+00
2.0981e-05
9.5367e-07
1.0920e-04
0.0000e+00
1.9073e-06
0.0000e+00
3.0994e-05
2.1458e-06
0.0000e+00
2.0981e-05
9.5367e-07
0.0000e+00
2.0027e-05
9.5367e-07
0.0000e+00
2.0027e-05
9.5367e-07
0.0000e+00
2.0027e-05
9.5367e-07
0.0000e+00
2.0027e-05
9.5367e-07
1.7595e-04
0.0000e+00
2.1458e-06
0.0000e+00
2.0981e-05
9.5367e-07
0.0000e+00
2.9087e-05
1.9073e-06
1.7309e-04
0.0000e+00
9.5367e-07
9.5367e-07
0.0000e+00
1.9073e-06
1.2708e-04
0.0000e+00
9.5367e-07
4.5061e-05
0.0000e+00
2.1458e-06
0.0000e+00
2.0981e-05
9.5367e-07
6.6042e-05
0.0000e+00
1.9073e-06
0.0000e+00
2.0981e-05
2.1458e-06
0.0000e+00
2.0981e-05
9.5367e-07
1.0610e-04
0.0000e+00
1.9073e-06
0.0000e+00
2.0981e-05
9.5367e-07
0.0000e+00
2.7895e-05
9.5367e-07
1.7214e-04
0.0000e+00
9.5367e-07
1.3208e-04
0.0000e+00
2.1458e-06
1.5974e-05
0.0000e+00
1.9073e-06
0.0000e+00
2.1935e-05
1.1921e-06
9.5844e-05
9.5367e-07
1.1921e-06
0.0000e+00
2.0981e-05
9.5367e-07
0.0000e+00
2.0027e-05
9.5367e-07
6.9141e-05
9.5367e-07
9.5367e-07
0.0000e+00
2.0027e-05
9.5367e-07
2.1791e-04
0.0000e+00
1.9073e-06
5.9605e-06
0.0000e+00
2.1458e-06
0.0000e+00
2.1935e-05
9.5367e-07
2.5034e-05
0.0000e+00
2.1458e-06
1.4782e-04
1.1921e-06
9.5367e-07
0.0000e+00
2.0981e-05
1.9073e-06
0.0000e+00
2.1219e-05
1.1921e-06
7.6056e-05
9.5367e-07
9.5367e-07
0.0000e+00
2.0027e-05
9.5367e-07
1.7810e-04
0.0000e+00
9.5367e-07
5.9605e-06
0.0000e+00
9.5367e-07
2.4080e-05
9.5367e-07
9.5367e-07
0.0000e+00
2.0981e-05
9.5367e-07
1.3399e-04
0.0000e+00
2.1458e-06
7.7963e-05
0.0000e+00
9.5367e-07
0.0000e+00
2.0981e-05
1.1921e-06
0.0000e+00
2.0027e-05
9.5367e-07
0.0000e+00
2.0027e-05
9.5367e-07
9.9182e-05
0.0000e+00
9.5367e-07
0.0000e+00
2.0027e-05
9.5367e-07
0.0000e+00
2.0027e-05
9.5367e-07
1.7095e-04
9.5367e-07
1.9073e-06
2.5988e-05
0.0000e+00
9.5367e-07
1.4496e-04
0.0000e+00
1.9073e-06
0.0000e+00
2.2173e-05
1.9073e-06
0.0000e+00
2.0981e-05
9.5367e-07
7.2002e-05
0.0000e+00
9.5367e-07
8.9884e-05
0.0000e+00
9.5367e-07
0.0000e+00
2.0981e-05
1.9073e-06
0.0000e+00
2.0027e-05
9.5367e-07
6.3896e-05
0.0000e+00
2.1458e-06
1.2684e-04
0.0000e+00
1.9073e-06
0.0000e+00
3.0994e-05
9.5367e-07
0.0000e+00
2.1219e-05
1.1921e-06
1.0300e-04
0.0000e+00
9.5367e-07
0.0000e+00
2.0981e-05
9.5367e-07
5.6982e-05
0.0000e+00
9.5367e-07
0.0000e+00
2.0027e-05
1.1921e-06
0.0000e+00
1.9789e-05
1.1921e-06
2.3484e-04
0.0000e+00
2.1458e-06
0.0000e+00
2.0027e-05
9.5367e-07
2.1458e-06
9.5367e-07
9.5367e-07
0.0000e+00
2.7895e-05
9.5367e-07
0.0000e+00
2.0027e-05
9.5367e-07
0.0000e+00
2.0027e-05
9.5367e-07
0.0000e+00
1.8835e-05
1.1921e-06
0.0000e+00
1.9789e-05
2.1458e-06
1.9884e-04
0.0000e+00
9.5367e-07
1.5020e-05
0.0000e+00
2.1458e-06
7.8678e-06
9.5367e-07
9.5367e-07
0.0000e+00
2.0981e-05
9.5367e-07
0.0000e+00
2.7895e-05
1.1921e-06
3.2187e-04
1.1921e-06
9.5367e-07
1.9073e-06
0.0000e+00
9.5367e-07
0.0000e+00
2.0981e-05
9.5367e-07
0.0000e+00
2.0981e-05
9.5367e-07
0.0000e+00
1.9789e-05
1.1921e-06
1.5903e-04
0.0000e+00
9.5367e-07
6.2943e-05
0.0000e+00
1.9073e-06
1.9073e-06
0.0000e+00
1.1921e-06
9.5367e-07
0.0000e+00
9.5367e-07
0.0000e+00
2.0981e-05
9.5367e-07
0.0000e+00
2.0981e-05
2.1458e-06
0.0000e+00
2.0027e-05
9.5367e-07
1.8597e-04
9.5367e-07
9.5367e-07
0.0000e+00
2.1935e-05
9.5367e-07
0.0000e+00
2.0027e-05
9.5367e-07
0.0000e+00
2.0027e-05
1.1921e-06
3.2997e-04
0.0000e+00
1.9073e-06
1.1921e-06
0.0000e+00
1.9073e-06
0.0000e+00
2.0981e-05
9.5367e-07
9.2983e-05
7.8678e-06
1.1921e-06
0.0000e+00
2.0981e-05
1.9073e-06
8.8930e-05
0.0000e+00
1.9073e-06
0.0000e+00
2.0981e-05
9.5367e-07
5.8174e-05
0.0000e+00
1.9073e-06
0.0000e+00
2.0981e-05
9.5367e-07
0.0000e+00
2.2888e-05
1.9073e-06
0.0000e+00
2.0027e-05
1.1921e-06
1.5593e-04
9.5367e-07
9.5367e-07
0.0000e+00
2.1219e-05
9.5367e-07
1.1182e-04
0.0000e+00
1.9073e-06
0.0000e+00
2.1935e-05
9.5367e-07
0.0000e+00
2.0027e-05
9.5367e-07
0.0000e+00
2.0027e-05
9.5367e-07
0.0000e+00
2.0027e-05
1.9073e-06
1.4901e-04
0.0000e+00
2.1458e-06
0.0000e+00
2.0027e-05
1.9073e-06
0.0000e+00
2.0027e-05
9.5367e-07
0.0000e+00
2.7895e-05
1.9073e-06
1.2112e-04
9.5367e-07
1.9073e-06
7.4148e-05
0.0000e+00
9.5367e-07
0.0000e+00
2.0981e-05
1.1921e-06
0.0000e+00
2.2888e-05
2.1458e-06
0.0000e+00
2.0981e-05
9.5367e-07
7.0095e-05
0.0000e+00
9.5367e-07
0.0000e+00
2.0981e-05
2.1458e-06
0.0000e+00
1.9789e-05
9.5367e-07
3.4904e-04
0.0000e+00
9.5367e-07
0.0000e+00
2.1935e-05
2.1458e-06
0.0000e+00
2.0981e-05
9.5367e-07
0.0000e+00
2.0027e-05
9.5367e-07
1.2398e-04
0.0000e+00
1.9073e-06
0.0000e+00
2.0981e-05
1.9073e-06
5.9128e-05
0.0000e+00
9.5367e-07
0.0000e+00
2.0027e-05
9.5367e-07
0.0000e+00
2.0027e-05
9.5367e-07
0.0000e+00
1.9073e-05
1.9073e-06
0.0000e+00
2.2173e-05
9.5367e-07
2.8706e-04
0.0000e+00
1.9073e-06
0.0000e+00
2.1935e-05
2.1458e-06
7.0810e-05
1.1921e-06
1.9073e-06
7.0095e-05
0.0000e+00
1.9073e-06
1.9073e-06
1.1921e-06
9.5367e-07
7.7009e-05
0.0000e+00
9.5367e-07
0.0000e+00
2.1219e-05
9.5367e-07
0.0000e+00
2.0027e-05
9.5367e-07
0.0000e+00
2.0027e-05
1.9073e-06
7.1049e-05
9.5367e-07
9.5367e-07
0.0000e+00
2.2173e-05
9.5367e-07
0.0000e+00
2.0027e-05
9.5367e-07
0.0000e+00
2.0027e-05
9.5367e-07
0.0000e+00
1.9073e-05
9.5367e-07
0.0000e+00
2.0027e-05
2.1458e-06
2.2888e-04
0.0000e+00
2.1458e-06
0.0000e+00
2.0981e-05
1.9073e-06
2.3913e-04
9.5367e-07
1.9073e-06
0.0000e+00
2.1935e-05
2.1458e-06
5.0068e-06
0.0000e+00
1.9073e-06
0.0000e+00
2.0981e-05
1.1921e-06
0.0000e+00
2.0027e-05
9.5367e-07
0.0000e+00
1.9073e-05
9.5367e-07
1.6499e-04
0.0000e+00
2.1458e-06
9.5367e-07
0.0000e+00
1.1921e-06
0.0000e+00
2.0027e-05
9.5367e-07
0.0000e+00
2.0027e-05
9.5367e-07
0.0000e+00
2.9087e-05
1.9073e-06
2.4509e-04
9.5367e-07
9.5367e-07
7.2002e-05
0.0000e+00
9.5367e-07
0.0000e+00
2.1935e-05
9.5367e-07
5.9843e-05
9.5367e-07
1.1921e-06
0.0000e+00
2.0981e-05
9.5367e-07
0.0000e+00
2.0027e-05
9.5367e-07
4.8876e-05
0.0000e+00
2.1458e-06
1.3685e-04
0.0000e+00
1.1921e-06
0.0000e+00
2.0981e-05
9.5367e-07
5.2929e-05
0.0000e+00
1.9073e-06
0.0000e+00
2.2173e-05
2.1458e-06
0.0000e+00
2.0981e-05
9.5367e-07
2.6417e-04
0.0000e+00
9.5367e-07
0.0000e+00
2.0027e-05
9.5367e-07
0.0000e+00
1.9789e-05
1.1921e-06
0.0000e+00
1.9073e-05
9.5367e-07
2.2888e-04
0.0000e+00
1.9073e-06
1.9073e-06
1.1921e-06
9.5367e-07
0.0000e+00
2.0981e-05
9.5367e-07
0.0000e+00
2.8133e-05
9.5367e-07
1.8907e-04
0.0000e+00
9.5367e-07
0.0000e+00
2.0981e-05
1.1921e-06
0.0000e+00
2.0027e-05
1.9073e-06
0.0000e+00
2.0981e-05
1.1921e-06
0.0000e+00
2.0027e-05
9.5367e-07
0.0000e+00
2.0027e-05
1.9073e-06
3.0899e-04
9.5367e-07
1.1921e-06
4.0531e-06
0.0000e+00
1.9073e-06
0.0000e+00
2.9087e-05
9.5367e-07
9.8944e-05
0.0000e+00
1.9073e-06
1.2875e-05
0.0000e+00
9.5367e-07
0.0000e+00
2.0981e-05
9.5367e-07
1.9217e-04
0.0000e+00
9.5367e-07
0.0000e+00
2.0981e-05
2.1458e-06
1.9073e-06
0.0000e+00
1.1921e-06
1.2779e-04
1.1921e-06
9.5367e-07
6.2943e-05
0.0000e+00
2.1458e-06
1.9073e-06
0.0000e+00
0.0000e+00
1.3304e-04
1.1921e-06
1.1921e-06
1.0014e-05
0.0000e+00
1.9073e-06
0.0000e+00
2.9087e-05
9.5367e-07
0.0000e+00
2.0981e-05
1.9073e-06
0.0000e+00
2.0027e-05
9.5367e-07
0.0000e+00
2.0027e-05
2.1458e-06
0.0000e+00
1.9789e-05
1.1921e-06
2.9302e-04
0.0000e+00
1.9073e-06
1.3113e-05
0.0000e+00
9.5367e-07
0.0000e+00
2.1935e-05
1.1921e-06
0.0000e+00
2.0027e-05
9.5367e-07
0.0000e+00
2.7895e-05
9.5367e-07
0.0000e+00
2.0027e-05
9.5367e-07
0.0000e+00
2.0027e-05
9.5367e-07
1.8215e-04
0.0000e+00
9.5367e-07
0.0000e+00
2.0981e-05
9.5367e-07
9.9897e-05
9.5367e-07
1.1921e-06
0.0000e+00
2.0027e-05
9.5367e-07
0.0000e+00
2.0027e-05
9.5367e-07
0.0000e+00
1.8835e-05
1.9073e-06
2.2292e-04
1.1921e-06
9.5367e-07
6.8903e-05
0.0000e+00
1.9073e-06
0.0000e+00
2.1935e-05
9.5367e-07
0.0000e+00
1.9789e-05
1.1921e-06
0.0000e+00
2.0027e-05
9.5367e-07
1.4687e-04
0.0000e+00
9.5367e-07
1.9073e-06
9.5367e-07
1.1921e-06
1.0085e-04
9.5367e-07
1.1921e-06
0.0000e+00
2.0981e-05
9.5367e-07
0.0000e+00
2.0027e-05
9.5367e-07
0.0000e+00
2.0981e-05
9.5367e-07
0.0000e+00
2.0027e-05
9.5367e-07
0.0000e+00
2.0027e-05
9.5367e-07
2.2292e-04
9.5367e-07
2.1458e-06
1.3828e-05
0.0000e+00
9.5367e-07
5.9605e-06
0.0000e+00
1.1921e-06
0.0000e+00
1.9789e-05
9.5367e-07
0.0000e+00
2.0981e-05
9.5367e-07
0.0000e+00
2.0981e-05
9.5367e-07
0.0000e+00
2.6941e-05
2.1458e-06
0.0000e+00
2.0981e-05
9.5367e-07
0.0000e+00
2.5988e-05
1.9073e-06
0.0000e+00
1.9789e-05
2.1458e-06
3.5191e-04
0.0000e+00
1.1921e-06
0.0000e+00
2.0981e-05
9.5367e-07
1.2112e-04
0.0000e+00
9.5367e-07
0.0000e+00
2.0027e-05
9.5367e-07
0.0000e+00
2.0027e-05
1.9073e-06
0.0000e+00
2.2173e-05
9.5367e-07
0.0000e+00
2.0981e-05
9.5367e-07
2.8300e-04
9.5367e-07
1.1921e-06
0.0000e+00
2.0981e-05
5.0068e-06
1.9073e-06
9.5367e-07
2.1458e-06
1.1396e-04
0.0000e+00
1.9073e-06
0.0000e+00
2.0981e-05
2.1458e-06
0.0000e+00
2.0027e-05
9.5367e-07
0.0000e+00
2.0981e-05
2.1458e-06
0.0000e+00
2.0981e-05
9.5367e-07
0.0000e+00
2.0027e-05
1.1921e-06
0.0000e+00
2.0027e-05
9.5367e-07
0.0000e+00
1.9073e-05
9.5367e-07
0.0000e+00
2.0981e-05
9.5367e-07
0.0000e+00
1.9789e-05
2.1458e-06
0.0000e+00
2.0027e-05
1.9073e-06
0.0000e+00
2.6941e-05
2.1458e-06
0.0000e+00
2.0981e-05
9.5367e-07
4.9615e-04
0.0000e+00
1.9073e-06
0.0000e+00
2.4080e-05
9.5367e-07
1.9073e-06
0.0000e+00
9.5367e-07
3.0994e-06
0.0000e+00
9.5367e-07
0.0000e+00
2.0027e-05
9.5367e-07
2.5201e-04
0.0000e+00
1.1921e-06
0.0000e+00
2.0981e-05
9.5367e-07
0.0000e+00
2.0981e-05
9.5367e-07
0.0000e+00
2.8849e-05
2.1458e-06
1.6785e-04
0.0000e+00
1.1921e-06
0.0000e+00
2.0981e-05
9.5367e-07
0.0000e+00
2.0981e-05
9.5367e-07
1.0610e-04
0.0000e+00
1.9073e-06
8.5115e-05
9.5367e-07
9.5367e-07
1.7166e-05
0.0000e+00
9.5367e-07
7.0095e-05
0.0000e+00
9.5367e-07
0.0000e+00
2.0027e-05
9.5367e-07
4.7922e-05
9.5367e-07
9.5367e-07
8.7023e-05
0.0000e+00
2.1458e-06
0.0000e+00
3.0041e-05
9.5367e-07
0.0000e+00
2.0981e-05
9.5367e-07
1.4806e-04
0.0000e+00
2.1458e-06
0.0000e+00
2.0981e-05
9.5367e-07
0.0000e+00
2.0027e-05
9.5367e-07
0.0000e+00
2.0027e-05
9.5367e-07
1.2684e-04
1.1921e-06
9.5367e-07
0.0000e+00
2.0981e-05
1.9073e-06
1.2708e-04
0.0000e+00
1.1921e-06
1.5020e-05
0.0000e+00
9.5367e-07
0.0000e+00
2.9087e-05
2.1458e-06
0.0000e+00
2.0027e-05
9.5367e-07
0.0000e+00
2.0027e-05
9.5367e-07
2.4009e-04
0.0000e+00
1.1921e-06
0.0000e+00
2.0981e-05
9.5367e-07
0.0000e+00
2.0027e-05
9.5367e-07
0.0000e+00
2.0027e-05
1.1921e-06
0.0000e+00
1.8835e-05
9.5367e-07
0.0000e+00
2.8849e-05
1.1921e-06
2.0099e-04
0.0000e+00
1.9073e-06
2.1458e-06
9.5367e-07
9.5367e-07
0.0000e+00
2.0027e-05
1.1921e-06
0.0000e+00
1.9789e-05
9.5367e-07
1.9002e-04
0.0000e+00
1.9073e-06
0.0000e+00
2.1219e-05
9.5367e-07
8.8215e-06
0.0000e+00
1.9073e-06
0.0000e+00
2.0981e-05
9.5367e-07
0.0000e+00
2.0027e-05
1.9073e-06
2.4796e-04
0.0000e+00
9.5367e-07
7.8678e-06
0.0000e+00
1.1921e-06
1.6928e-05
0.0000e+00
9.5367e-07
0.0000e+00
2.2173e-05
9.5367e-07
0.0000e+00
2.0981e-05
9.5367e-07
0.0000e+00
2.0027e-05
2.1458e-06
0.0000e+00
2.0027e-05
9.5367e-07
1.9002e-04
9.5367e-07
9.5367e-07
0.0000e+00
2.0027e-05
2.1458e-06
0.0000e+00
2.0027e-05
9.5367e-07
2.8896e-04
9.5367e-07
9.5367e-07
1.4067e-05
9.5367e-07
9.5367e-07
0.0000e+00
2.0981e-05
1.9073e-06
0.0000e+00
2.0981e-05
9.5367e-07
0.0000e+00
2.0981e-05
1.1921e-06
0.0000e+00
2.0027e-05
9.5367e-07
0.0000e+00
1.9073e-05
1.9073e-06
2.3699e-04
0.0000e+00
2.1458e-06
0.0000e+00
2.0981e-05
9.5367e-07
0.0000e+00
2.0981e-05
1.9073e-06
1.5211e-04
0.0000e+00
9.5367e-07
0.0000e+00
2.0981e-05
9.5367e-07
1.0967e-05
0.0000e+00
1.1921e-06
0.0000e+00
2.0981e-05
9.5367e-07
1.0705e-04
0.0000e+00
9.5367e-07
8.6069e-05
9.5367e-07
1.9073e-06
1.4067e-05
0.0000e+00
9.5367e-07
0.0000e+00
2.0981e-05
9.5367e-07
0.0000e+00
1.9073e-05
9.5367e-07
9.0122e-05
9.5367e-07
9.5367e-07
0.0000e+00
2.0981e-05
1.1921e-06
0.0000e+00
2.0027e-05
9.5367e-07
0.0000e+00
2.0027e-05
9.5367e-07
2.0194e-04
0.0000e+00
9.5367e-07
1.4067e-05
0.0000e+00
9.5367e-07
0.0000e+00
2.0981e-05
1.1921e-06
0.0000e+00
2.0981e-05
9.5367e-07
9.8944e-05
1.1921e-06
9.5367e-07
8.1062e-06
0.0000e+00
9.5367e-07
9.8944e-05
9.5367e-07
9.5367e-07
0.0000e+00
2.2173e-05
1.1921e-06
0.0000e+00
2.0027e-05
9.5367e-07
2.3794e-04
0.0000e+00
9.5367e-07
0.0000e+00
2.0981e-05
3.0994e-06
0.0000e+00
1.9789e-05
9.5367e-07
0.0000e+00
2.0027e-05
9.5367e-07
0.0000e+00
2.0027e-05
1.9073e-06
0.0000e+00
2.0027e-05
9.5367e-07
1.4806e-04
0.0000e+00
9.5367e-07
6.2943e-05
0.0000e+00
9.5367e-07
2.1458e-06
0.0000e+00
1.1921e-06
0.0000e+00
2.0981e-05
9.5367e-07
0.0000e+00
2.0027e-05
9.5367e-07
0.0000e+00
1.9789e-05
9.5367e-07
1.6904e-04
0.0000e+00
9.5367e-07
1.4067e-05
0.0000e+00
9.5367e-07
1.4067e-05
9.5367e-07
9.5367e-07
2.6298e-04
0.0000e+00
1.9073e-06
5.0068e-06
0.0000e+00
2.1458e-06
7.7963e-05
0.0000e+00
1.9073e-06
0.0000e+00
3.0994e-05
2.1458e-06
0.0000e+00
2.0981e-05
9.5367e-07
3.0994e-05
0.0000e+00
2.1458e-06
0.0000e+00
2.0981e-05
9.5367e-07
0.0000e+00
2.4080e-05
9.5367e-07
0.0000e+00
2.0027e-05
9.5367e-07
0.0000e+00
1.9789e-05
1.1921e-06
0.0000e+00
2.0027e-05
2.1458e-06
3.1805e-04
0.0000e+00
9.5367e-07
5.0068e-06
0.0000e+00
1.9073e-06
0.0000e+00
2.2173e-05
9.5367e-07
0.0000e+00
2.0027e-05
9.5367e-07
4.6015e-05
0.0000e+00
9.5367e-07
1.4400e-04
0.0000e+00
1.9073e-06
0.0000e+00
2.0981e-05
9.5367e-07
5.8174e-05
0.0000e+00
9.5367e-07
0.0000e+00
2.0981e-05
9.5367e-07
5.6982e-05
0.0000e+00
1.9073e-06
0.0000e+00
2.0981e-05
9.5367e-07
4.7207e-05
0.0000e+00
9.5367e-07
0.0000e+00
2.2173e-05
9.5367e-07
2.0719e-04
0.0000e+00
9.5367e-07
0.0000e+00
2.0027e-05
1.9073e-06
1.9813e-04
0.0000e+00
2.1458e-06
5.9605e-06
0.0000e+00
1.9073e-06
0.0000e+00
2.0981e-05
9.5367e-07
5.4836e-05
0.0000e+00
9.5367e-07
0.0000e+00
2.0027e-05
9.5367e-07
1.8811e-04
9.5367e-07
1.9073e-06
0.0000e+00
2.0981e-05
1.9073e-06
0.0000e+00
2.0981e-05
1.9073e-06
0.0000e+00
2.0027e-05
9.5367e-07
0.0000e+00
1.9789e-05
2.1458e-06
0.0000e+00
2.0027e-05
1.9073e-06
0.0000e+00
2.0027e-05
1.9073e-06
0.0000e+00
2.0027e-05
9.5367e-07
2.5511e-04
9.5367e-07
1.1921e-06
0.0000e+00
2.0981e-05
9.5367e-07
0.0000e+00
2.1935e-05
9.5367e-07
1.1396e-04
0.0000e+00
9.5367e-07
1.9073e-06
0.0000e+00
9.5367e-07
8.1062e-05
9.5367e-07
1.1921e-06
0.0000e+00
2.0981e-05
9.5367e-07
0.0000e+00
2.0027e-05
9.5367e-07
0.0000e+00
2.0027e-05
1.1921e-06
0.0000e+00
2.0027e-05
1.9073e-06
0.0000e+00
2.0027e-05
1.9073e-06
1.7595e-04
7.1526e-06
9.5367e-07
0.0000e+00
2.0981e-05
9.5367e-07
0.0000e+00
2.0981e-05
9.5367e-07
0.0000e+00
2.0027e-05
9.5367e-07
0.0000e+00
2.0027e-05
9.5367e-07
0.0000e+00
2.0027e-05
9.5367e-07
2.8205e-04
9.5367e-07
1.9073e-06
2.1458e-06
0.0000e+00
9.5367e-07
1.3995e-04
0.0000e+00
9.5367e-07
1.9073e-06
0.0000e+00
9.5367e-07
0.0000e+00
3.0041e-05
9.5367e-07
1.4400e-04
0.0000e+00
1.9073e-06
0.0000e+00
2.1219e-05
9.5367e-07
5.8889e-05
1.1921e-06
1.9073e-06
6.9141e-06
0.0000e+00
1.1921e-06
0.0000e+00
2.0027e-05
9.5367e-07
2.0790e-04
0.0000e+00
9.5367e-07
0.0000e+00
2.3127e-05
2.1458e-06
0.0000e+00
2.0027e-05
9.5367e-07
0.0000e+00
2.0027e-05
1.9073e-06
0.0000e+00
3.5048e-05
9.5367e-07
0.0000e+00
2.0027e-05
1.1921e-06
0.0000e+00
2.0027e-05
9.5367e-07
0.0000e+00
2.0027e-05
9.5367e-07
6.4850e-05
0.0000e+00
9.5367e-07
1.8907e-04
0.0000e+00
1.9073e-06
0.0000e+00
2.2173e-05
9.5367e-07
5.6982e-05
9.5367e-07
9.5367e-07
1.7881e-04
9.5367e-07
1.1921e-06
5.0068e-06
9.5367e-07
9.5367e-07
1.2302e-04
0.0000e+00
1.9073e-06
0.0000e+00
2.1935e-05
1.1921e-06
4.0531e-06
0.0000e+00
1.9073e-06
0.0000e+00
2.0981e-05
9.5367e-07
0.0000e+00
2.2888e-05
9.5367e-07
2.1720e-04
0.0000e+00
9.5367e-07
0.0000e+00
2.0027e-05
2.1458e-06
1.9073e-06
0.0000e+00
9.5367e-07
0.0000e+00
2.0027e-05
0.0000e+00
0.0000e+00
1.8835e-05
9.5367e-07
0.0000e+00
2.0981e-05
9.5367e-07
1.8001e-04
0.0000e+00
9.5367e-07
0.0000e+00
2.0981e-05
1.9073e-06
0.0000e+00
2.0027e-05
9.5367e-07
0.0000e+00
2.0027e-05
0.0000e+00
9.9182e-05
0.0000e+00
1.9073e-06
0.0000e+00
2.0981e-05
2.1458e-06
0.0000e+00
2.0027e-05
9.5367e-07
1.6713e-04
0.0000e+00
9.5367e-07
0.0000e+00
2.3842e-05
1.1921e-06
0.0000e+00
2.0027e-05
1.9073e-06
0.0000e+00
2.0981e-05
9.5367e-07
2.2316e-04
0.0000e+00
1.9073e-06
0.0000e+00
2.0981e-05
2.1458e-06
0.0000e+00
2.0027e-05
1.9073e-06
1.3304e-04
0.0000e+00
1.9073e-06
2.1458e-06
0.0000e+00
9.5367e-07
0.0000e+00
2.0981e-05
2.1458e-06
1.7285e-04
0.0000e+00
9.5367e-07
5.0068e-06
0.0000e+00
1.1921e-06
8.8930e-05
0.0000e+00
9.5367e-07
4.1962e-05
0.0000e+00
9.5367e-07
0.0000e+00
2.0981e-05
2.1458e-06
0.0000e+00
2.0027e-05
9.5367e-07
0.0000e+00
2.0981e-05
9.5367e-07
0.0000e+00
2.0027e-05
9.5367e-07
1.5783e-04
0.0000e+00
2.1458e-06
9.2983e-05
0.0000e+00
1.9073e-06
5.1022e-05
9.5367e-07
9.5367e-07
2.1458e-06
9.5367e-07
1.1921e-06
0.0000e+00
2.1935e-05
9.5367e-07
0.0000e+00
2.0027e-05
0.0000e+00
0.0000e+00
2.0027e-05
9.5367e-07
1.3995e-04
9.5367e-07
9.5367e-07
0.0000e+00
2.0027e-05
9.5367e-07
0.0000e+00
2.0027e-05
9.5367e-07
0.0000e+00
1.9789e-05
1.1921e-06
2.8491e-04
0.0000e+00
2.1458e-06
0.0000e+00
2.8849e-05
9.5367e-07
0.0000e+00
2.4080e-05
2.8610e-06
0.0000e+00
2.0981e-05
9.5367e-07
7.8678e-06
0.0000e+00
1.1921e-06
0.0000e+00
2.0981e-05
9.5367e-07
1.3399e-04
9.5367e-07
1.1921e-06
1.9073e-06
9.5367e-07
9.5367e-07
0.0000e+00
2.0981e-05
9.5367e-07
2.0885e-04
0.0000e+00
2.1458e-06
0.0000e+00
2.0981e-05
1.9073e-06
0.0000e+00
3.0041e-05
9.5367e-07
0.0000e+00
2.0027e-05
9.5367e-07
0.0000e+00
1.9073e-05
9.5367e-07
0.0000e+00
2.0027e-05
9.5367e-07
0.0000e+00
2.0981e-05
9.5367e-07
0.0000e+00
1.8835e-05
2.1458e-06
0.0000e+00
2.0981e-05
9.5367e-07
2.7704e-04
0.0000e+00
4.0531e-06
0.0000e+00
2.9087e-05
9.5367e-07
0.0000e+00
2.0981e-05
9.5367e-07
0.0000e+00
2.0027e-05
9.5367e-07
2.3198e-04
0.0000e+00
9.5367e-07
4.5061e-05
0.0000e+00
9.5367e-07
1.3828e-05
0.0000e+00
2.1458e-06
1.4067e-05
0.0000e+00
9.5367e-07
0.0000e+00
2.0981e-05
9.5367e-07
0.0000e+00
2.0027e-05
1.1921e-06
0.0000e+00
2.0981e-05
9.5367e-07
1.7691e-04
9.5367e-07
9.5367e-07
1.6594e-04
0.0000e+00
9.5367e-07
0.0000e+00
2.0981e-05
2.1458e-06
7.8917e-05
0.0000e+00
1.1921e-06
0.0000e+00
2.3842e-05
1.1921e-06
0.0000e+00
2.0981e-05
9.5367e-07
0.0000e+00
2.0027e-05
9.5367e-07
1.2207e-04
9.5367e-07
9.5367e-07
0.0000e+00
2.0027e-05
2.1458e-06
7.3910e-05
0.0000e+00
1.1921e-06
0.0000e+00
3.0994e-05
1.9073e-06
1.4496e-04
0.0000e+00
1.1921e-06
1.9073e-06
9.5367e-07
9.5367e-07
6.8188e-05
0.0000e+00
2.1458e-06
0.0000e+00
2.0981e-05
9.5367e-07
8.2016e-05
0.0000e+00
9.5367e-07
0.0000e+00
2.0027e-05
9.5367e-07
0.0000e+00
2.0027e-05
9.5367e-07
0.0000e+00
2.0981e-05
1.1921e-06
0.0000e+00
1.9789e-05
9.5367e-07
0.0000e+00
2.0981e-05
2.1458e-06
3.5095e-04
0.0000e+00
2.1458e-06
0.0000e+00
2.0981e-05
1.9073e-06
5.9605e-06
9.5367e-07
9.5367e-07
1.2589e-04
9.5367e-07
1.1921e-06
0.0000e+00
2.0027e-05
1.9073e-06
0.0000e+00
2.0027e-05
9.5367e-07
0.0000e+00
2.0027e-05
9.5367e-07
9.0837e-05
1.1921e-06
9.5367e-07
1.3089e-04
0.0000e+00
9.5367e-07
5.0068e-06
0.0000e+00
9.5367e-07
0.0000e+00
2.0981e-05
9.5367e-07
2.7180e-05
0.0000e+00
9.5367e-07
1.6594e-04
0.0000e+00
1.1921e-06
0.0000e+00
2.0981e-05
9.5367e-07
0.0000e+00
2.4080e-05
9.5367e-07
0.0000e+00
2.0027e-05
9.5367e-07
0.0000e+00
2.0981e-05
1.1921e-06
0.0000e+00
2.0027e-05
1.9073e-06
0.0000e+00
2.8133e-05
1.9073e-06
0.0000e+00
2.0981e-05
9.5367e-07
0.0000e+00
2.0027e-05
9.5367e-07
0.0000e+00
2.0027e-05
9.5367e-07
0.0000e+00
2.0027e-05
9.5367e-07
0.0000e+00
2.0027e-05
9.5367e-07
3.8505e-04
9.5367e-07
1.1921e-06
0.0000e+00
2.0981e-05
9.5367e-07
0.0000e+00
2.9087e-05
9.5367e-07
4.9114e-05
0.0000e+00
9.5367e-07
0.0000e+00
2.0981e-05
1.1921e-06
0.0000e+00
2.0027e-05
0.0000e+00
9.3937e-05
0.0000e+00
2.1458e-06
0.0000e+00
2.0981e-05
1.9073e-06
0.0000e+00
2.0981e-05
9.5367e-07
6.9857e-05
0.0000e+00
9.5367e-07
0.0000e+00
2.0981e-05
9.5367e-07
0.0000e+00
2.8133e-05
1.9073e-06
0.0000e+00
2.1935e-05
0.0000e+00
8.5831e-05
1.1921e-06
9.5367e-07
4.4990e-04
0.0000e+00
1.9073e-06
6.1989e-05
0.0000e+00
1.9073e-06
0.0000e+00
2.0981e-05
9.5367e-07
0.0000e+00
1.9073e-05
9.5367e-07
0.0000e+00
2.0027e-05
2.1458e-06
1.2898e-04
9.5367e-07
9.5367e-07
2.1458e-06
9.5367e-07
9.5367e-07
0.0000e+00
2.1935e-05
9.5367e-07
1.0705e-04
0.0000e+00
9.5367e-07
0.0000e+00
2.2173e-05
9.5367e-07
2.2101e-04
0.0000e+00
9.5367e-07
0.0000e+00
2.0981e-05
1.1921e-06
0.0000e+00
2.0027e-05
9.5367e-07
0.0000e+00
2.0027e-05
1.9073e-06
1.5497e-04
9.5367e-07
1.1921e-06
0.0000e+00
2.0027e-05
1.9073e-06
0.0000e+00
2.0981e-05
1.9073e-06
1.2898e-04
9.5367e-07
1.1921e-06
6.4850e-05
1.1921e-06
9.5367e-07
0.0000e+00
2.1935e-05
9.5367e-07
0.0000e+00
2.3842e-05
9.5367e-07
5.7220e-05
0.0000e+00
9.5367e-07
0.0000e+00
2.0981e-05
9.5367e-07
0.0000e+00
1.9789e-05
1.1921e-06
0.0000e+00
2.0027e-05
9.5367e-07
1.1921e-05
0.0000e+00
9.5367e-07
2.6488e-04
0.0000e+00
1.9073e-06
2.1458e-06
0.0000e+00
9.5367e-07
0.0000e+00
2.0981e-05
0.0000e+00
0.0000e+00
2.0027e-05
9.5367e-07
0.0000e+00
2.0027e-05
9.5367e-07
2.0480e-04
1.1921e-06
9.5367e-07
0.0000e+00
2.0027e-05
9.5367e-07
0.0000e+00
2.0027e-05
1.9073e-06
0.0000e+00
2.0981e-05
1.1921e-06
0.0000e+00
1.9073e-05
9.5367e-07
1.7309e-04
0.0000e+00
1.1921e-06
0.0000e+00
2.0981e-05
9.5367e-07
4.0531e-06
0.0000e+00
2.1458e-06
2.1791e-04
0.0000e+00
1.9073e-06
0.0000e+00
2.0981e-05
1.1921e-06
9.5367e-07
0.0000e+00
1.9073e-06
0.0000e+00
2.1219e-05
9.5367e-07
3.0994e-04
0.0000e+00
2.1458e-06
0.0000e+00
2.0981e-05
9.5367e-07
5.1975e-05
0.0000e+00
9.5367e-07
0.0000e+00
2.7895e-05
0.0000e+00
0.0000e+00
2.1219e-05
1.1921e-06
0.0000e+00
2.0027e-05
9.5367e-07
1.4400e-04
0.0000e+00
1.9073e-06
1.4067e-05
9.5367e-07
1.1921e-06
1.6499e-04
0.0000e+00
9.5367e-07
0.0000e+00
2.0981e-05
1.1921e-06
0.0000e+00
1.9789e-05
9.5367e-07
1.0991e-04
9.5367e-07
1.1921e-06
6.6042e-05
0.0000e+00
9.5367e-07
0.0000e+00
2.0981e-05
1.9073e-06
0.0000e+00
2.1935e-05
9.5367e-07
0.0000e+00
1.9789e-05
2.1458e-06
9.2030e-05
0.0000e+00
1.9073e-06
4.1008e-05
0.0000e+00
9.5367e-07
0.0000e+00
2.0981e-05
9.5367e-07
1.1301e-04
0.0000e+00
1.9073e-06
6.3181e-05
9.5367e-07
9.5367e-07
1.4067e-05
0.0000e+00
9.5367e-07
0.0000e+00
2.0027e-05
9.5367e-07
9.5367e-07
0.0000e+00
9.5367e-07
0.0000e+00
2.9087e-05
1.9073e-06
1.1611e-04
0.0000e+00
9.5367e-07
0.0000e+00
2.1935e-05
2.1458e-06
0.0000e+00
2.0027e-05
1.9073e-06
0.0000e+00
2.0027e-05
9.5367e-07
0.0000e+00
2.0027e-05
9.5367e-07
0.0000e+00
2.0027e-05
1.1921e-06
3.6287e-04
0.0000e+00
9.5367e-07
0.0000e+00
1.9789e-05
9.5367e-07
0.0000e+00
3.0994e-05
9.5367e-07
5.0068e-06
0.0000e+00
9.5367e-07
0.0000e+00
2.0981e-05
9.5367e-07
2.1601e-04
9.5367e-07
1.1921e-06
0.0000e+00
2.0027e-05
9.5367e-07
0.0000e+00
2.0027e-05
0.0000e+00
0.0000e+00
2.0027e-05
1.9073e-06
1.7905e-04
9.5367e-07
1.1921e-06
0.0000e+00
2.0027e-05
9.5367e-07
0.0000e+00
3.0994e-05
9.5367e-07
0.0000e+00
1.9789e-05
9.5367e-07
0.0000e+00
2.0027e-05
9.5367e-07
0.0000e+00
2.0027e-05
9.5367e-07
0.0000e+00
2.0027e-05
2.1458e-06
0.0000e+00
2.0981e-05
9.5367e-07
2.6107e-04
0.0000e+00
9.5367e-07
0.0000e+00
2.0981e-05
2.1458e-06
0.0000e+00
2.7895e-05
9.5367e-07
0.0000e+00
1.9789e-05
1.1921e-06
1.4400e-04
9.5367e-07
9.5367e-07
0.0000e+00
2.4080e-05
9.5367e-07
7.0095e-05
0.0000e+00
9.5367e-07
9.3937e-05
9.5367e-07
9.5367e-07
2.1458e-06
0.0000e+00
9.5367e-07
1.2708e-04
0.0000e+00
9.5367e-07
0.0000e+00
2.0027e-05
2.1458e-06
0.0000e+00
2.0981e-05
9.5367e-07
0.0000e+00
2.0027e-05
9.5367e-07
0.0000e+00
2.0981e-05
9.5367e-07
0.0000e+00
2.0027e-05
1.1921e-06
1.9193e-04
0.0000e+00
9.5367e-07
5.9605e-06
0.0000e+00
1.9073e-06
6.3896e-05
0.0000e+00
9.5367e-07
3.6001e-05
0.0000e+00
1.1921e-06
0.0000e+00
2.0981e-05
1.9073e-06
0.0000e+00
2.0027e-05
9.5367e-07
0.0000e+00
2.0027e-05
1.1921e-06
0.0000e+00
2.6941e-05
9.5367e-07
0.0000e+00
2.0981e-05
1.1921e-06
2.4796e-04
0.0000e+00
1.9073e-06
5.1022e-05
9.5367e-07
1.1921e-06
0.0000e+00
2.0981e-05
9.5367e-07
1.9073e-05
9.5367e-07
9.5367e-07
0.0000e+00
2.1219e-05
9.5367e-07
0.0000e+00
2.0027e-05
1.9073e-06
0.0000e+00
2.0027e-05
9.5367e-07
2.0504e-04
9.5367e-07
9.5367e-07
0.0000e+00
2.1935e-05
9.5367e-07
0.0000e+00
2.0981e-05
1.9073e-06
1.0610e-04
0.0000e+00
1.1921e-06
1.2088e-04
9.5367e-07
9.5367e-07
0.0000e+00
2.0027e-05
9.5367e-07
0.0000e+00
1.9073e-05
9.5367e-07
0.0000e+00
2.3127e-05
9.5367e-07
1.4997e-04
0.0000e+00
2.1458e-06
0.0000e+00
2.0981e-05
1.1921e-06
1.9073e-06
0.0000e+00
2.1458e-06
0.0000e+00
2.0981e-05
9.5367e-07
0.0000e+00
2.0027e-05
9.5367e-07
2.0695e-04
0.0000e+00
1.9073e-06
0.0000e+00
2.0981e-05
9.5367e-07
7.7009e-05
0.0000e+00
9.5367e-07
0.0000e+00
2.0981e-05
1.9073e-06
0.0000e+00
2.0027e-05
1.1921e-06
1.5783e-04
9.5367e-07
1.1921e-06
9.5367e-07
0.0000e+00
9.5367e-07
0.0000e+00
2.8849e-05
9.5367e-07
0.0000e+00
2.0027e-05
9.5367e-07
0.0000e+00
2.0981e-05
9.5367e-07
2.2793e-04
0.0000e+00
1.9073e-06
1.4067e-05
0.0000e+00
9.5367e-07
0.0000e+00
2.0981e-05
1.1921e-06
0.0000e+00
2.0027e-05
9.5367e-07
0.0000e+00
2.0981e-05
9.5367e-07
0.0000e+00
2.0027e-05
9.5367e-07
0.0000e+00
2.0981e-05
9.5367e-07
0.0000e+00
2.0027e-05
9.5367e-07
0.0000e+00
2.0981e-05
1.1921e-06
0.0000e+00
2.0981e-05
9.5367e-07
0.0000e+00
1.9073e-05
9.5367e-07
3.5000e-04
0.0000e+00
9.5367e-07
0.0000e+00
2.0981e-05
9.5367e-07
0.0000e+00
2.0027e-05
1.1921e-06
1.1992e-04
0.0000e+00
9.5367e-07
7.2956e-05
0.0000e+00
1.9073e-06
0.0000e+00
2.2173e-05
1.1921e-06
1.6809e-04
0.0000e+00
9.5367e-07
0.0000e+00
2.0027e-05
9.5367e-07
7.1049e-05
0.0000e+00
2.1458e-06
9.5367e-07
0.0000e+00
9.5367e-07
0.0000e+00
2.0027e-05
1.1921e-06
0.0000e+00
1.9073e-05
9.5367e-07
0.0000e+00
2.0027e-05
1.9073e-06
0.0000e+00
3.0994e-05
2.1458e-06
0.0000e+00
2.0027e-05
9.5367e-07
0.0000e+00
2.0027e-05
9.5367e-07
2.7394e-04
1.1921e-06
9.5367e-07
5.0068e-06
0.0000e+00
9.5367e-07
9.5367e-07
0.0000e+00
9.5367e-07
0.0000e+00
2.0981e-05
9.5367e-07
0.0000e+00
1.9789e-05
1.1921e-06
2.1791e-04
0.0000e+00
2.1458e-06
0.0000e+00
2.0981e-05
1.1921e-06
0.0000e+00
2.0981e-05
1.9073e-06
0.0000e+00
2.0027e-05
9.5367e-07
0.0000e+00
2.0027e-05
1.1921e-06
1.9979e-04
0.0000e+00
9.5367e-07
0.0000e+00
2.0027e-05
1.9073e-06
0.0000e+00
2.0027e-05
9.5367e-07
0.0000e+00
1.9789e-05
1.1921e-06
0.0000e+00
2.0027e-05
9.5367e-07
2.1458e-06
0.0000e+00
0.0000e+00
0.0000e+00
2.0981e-05
9.5367e-07
0.0000e+00
2.0981e-05
1.9073e-06
0.0000e+00
2.0027e-05
1.9073e-06
5.6005e-04
0.0000e+00
1.1921e-06
0.0000e+00
2.0981e-05
1.9073e-06
0.0000e+00
2.0981e-05
1.1921e-06
5.8889e-05
9.5367e-07
1.1921e-06
4.8876e-05
0.0000e+00
1.1921e-06
0.0000e+00
2.0981e-05
9.5367e-07
0.0000e+00
2.0981e-05
9.5367e-07
0.0000e+00
2.0981e-05
9.5367e-07
0.0000e+00
2.1219e-05
9.5367e-07
0.0000e+00
2.0027e-05
9.5367e-07
0.0000e+00
2.0027e-05
1.9073e-06
2.6417e-04
0.0000e+00
9.5367e-07
0.0000e+00
2.0027e-05
9.5367e-07
6.1035e-05
0.0000e+00
9.5367e-07
1.1921e-06
0.0000e+00
1.9073e-06
0.0000e+00
2.5034e-05
9.5367e-07
9.5367e-07
0.0000e+00
0.0000e+00
1.8120e-05
0.0000e+00
9.5367e-07
2.6512e-04
0.0000e+00
9.5367e-07
0.0000e+00
2.0981e-05
2.1458e-06
0.0000e+00
2.0027e-05
9.5367e-07
0.0000e+00
2.0981e-05
9.5367e-07
0.0000e+00
2.0027e-05
9.5367e-07
0.0000e+00
2.0027e-05
2.1458e-06
2.2793e-04
0.0000e+00
1.1921e-06
0.0000e+00
2.0981e-05
9.5367e-07
0.0000e+00
2.0027e-05
9.5367e-07
1.2016e-04
9.5367e-07
9.5367e-07
1.5020e-05
0.0000e+00
9.5367e-07
9.0599e-06
0.0000e+00
9.5367e-07
0.0000e+00
2.0981e-05
1.9073e-06
0.0000e+00
2.0027e-05
9.5367e-07
2.7108e-04
0.0000e+00
1.1921e-06
6.4850e-05
0.0000e+00
1.9073e-06
5.0068e-06
0.0000e+00
9.5367e-07
0.0000e+00
3.0041e-05
1.1921e-06
1.9073e-06
0.0000e+00
2.1458e-06
0.0000e+00
2.0981e-05
9.5367e-07
2.5296e-04
0.0000e+00
2.1458e-06
9.2983e-05
0.0000e+00
9.5367e-07
0.0000e+00
2.0981e-05
1.1921e-06
0.0000e+00
2.0027e-05
1.9073e-06
8.8930e-05
0.0000e+00
9.5367e-07
0.0000e+00
2.0981e-05
9.5367e-07
0.0000e+00
1.9073e-05
9.5367e-07
0.0000e+00
2.1935e-05
2.1458e-06
2.0885e-04
0.0000e+00
2.1458e-06
0.0000e+00
2.0981e-05
1.9073e-06
7.9155e-05
0.0000e+00
9.5367e-07
0.0000e+00
2.0027e-05
9.5367e-07
0.0000e+00
2.0027e-05
1.1921e-06
0.0000e+00
2.0027e-05
9.5367e-07
0.0000e+00
1.9073e-05
9.5367e-07
0.0000e+00
2.8133e-05
9.5367e-07
2.4796e-04
9.5367e-07
1.1921e-06
1.1921e-05
9.5367e-07
9.5367e-07
0.0000e+00
2.0981e-05
1.9073e-06
1.2898e-04
0.0000e+00
1.1921e-06
0.0000e+00
2.0981e-05
1.9073e-06
0.0000e+00
2.5034e-05
9.5367e-07
0.0000e+00
2.0981e-05
2.1458e-06
5.0068e-06
0.0000e+00
9.5367e-07
1.6308e-04
9.5367e-07
9.5367e-07
0.0000e+00
2.0981e-05
1.9073e-06
9.7990e-05
9.5367e-07
1.1921e-06
0.0000e+00
2.0981e-05
9.5367e-07
0.0000e+00
2.0027e-05
1.1921e-06
0.0000e+00
2.0981e-05
9.5367e-07
0.0000e+00
2.0027e-05
9.5367e-07
0.0000e+00
2.0027e-05
1.1921e-06
0.0000e+00
1.8835e-05
9.5367e-07
3.2687e-04
0.0000e+00
9.5367e-07
1.8835e-05
0.0000e+00
1.9073e-06
4.3154e-05
9.5367e-07
9.5367e-07
0.0000e+00
2.0981e-05
2.1458e-06
7.8917e-05
0.0000e+00
2.1458e-06
0.0000e+00
2.0981e-05
9.5367e-07
1.6999e-04
0.0000e+00
2.1458e-06
5.9605e-06
0.0000e+00
9.5367e-07
0.0000e+00
2.0027e-05
1.1921e-06
0.0000e+00
1.9789e-05
1.1921e-06
0.0000e+00
2.0027e-05
9.5367e-07
0.0000e+00
2.8133e-05
9.5367e-07
9.1076e-05
0.0000e+00
9.5367e-07
0.0000e+00
2.2173e-05
9.5367e-07
1.6689e-04
1.1921e-06
9.5367e-07
0.0000e+00
2.0027e-05
9.5367e-07
2.3293e-04
0.0000e+00
9.5367e-07
0.0000e+00
2.4080e-05
9.5367e-07
5.9605e-06
9.5367e-07
9.5367e-07
1.8597e-04
0.0000e+00
1.9073e-06
1.4067e-05
0.0000e+00
9.5367e-07
7.7963e-05
0.0000e+00
2.1458e-06
0.0000e+00
2.1935e-05
1.1921e-06
7.4863e-05
0.0000e+00
1.9073e-06
3.7909e-05
0.0000e+00
1.1921e-06
1.1492e-04
0.0000e+00
2.1458e-06
5.9605e-06
0.0000e+00
9.5367e-07
0.0000e+00
2.2173e-05
9.5367e-07
0.0000e+00
2.0027e-05
9.5367e-07
0.0000e+00
2.0027e-05
9.5367e-07
1.6618e-04
0.0000e+00
9.5367e-07
6.7949e-05
9.5367e-07
1.1921e-06
0.0000e+00
2.0027e-05
9.5367e-07
6.6042e-05
0.0000e+00
1.9073e-06
0.0000e+00
2.1935e-05
2.1458e-06
0.0000e+00
2.0981e-05
9.5367e-07
2.2101e-04
0.0000e+00
9.5367e-07
0.0000e+00
1.9789e-05
9.5367e-07
5.9843e-05
0.0000e+00
9.5367e-07
0.0000e+00
2.0027e-05
9.5367e-07
0.0000e+00
2.0981e-05
1.1921e-06
0.0000e+00
2.0981e-05
9.5367e-07
6.1035e-05
0.0000e+00
9.5367e-07
1.2589e-04
8.1062e-06
9.5367e-07
1.5903e-04
0.0000e+00
9.5367e-07
0.0000e+00
2.0981e-05
9.5367e-07
5.1975e-05
9.5367e-07
9.5367e-07
0.0000e+00
2.0981e-05
9.5367e-07
0.0000e+00
2.0027e-05
9.5367e-07
4.6968e-05
0.0000e+00
9.5367e-07
1.2803e-04
9.5367e-07
9.5367e-07
3.9101e-05
0.0000e+00
1.9073e-06
0.0000e+00
2.0981e-05
1.1921e-06
0.0000e+00
2.0027e-05
1.9073e-06
0.0000e+00
2.0981e-05
9.5367e-07
2.2388e-04
0.0000e+00
1.1921e-06
7.7009e-05
0.0000e+00
9.5367e-07
1.9073e-06
1.1921e-06
9.5367e-07
7.6056e-05
0.0000e+00
9.5367e-07
0.0000e+00
2.0027e-05
9.5367e-07
0.0000e+00
1.9789e-05
1.1921e-06
1.9073e-06
9.5367e-07
9.5367e-07
0.0000e+00
2.0981e-05
1.1921e-06
1.1897e-04
9.5367e-07
9.5367e-07
0.0000e+00
2.8133e-05
9.5367e-07
1.2398e-04
0.0000e+00
2.1458e-06
0.0000e+00
2.0981e-05
9.5367e-07
0.0000e+00
2.0027e-05
9.5367e-07
0.0000e+00
1.9073e-05
9.5367e-07
0.0000e+00
2.0027e-05
1.1921e-06
0.0000e+00
2.0027e-05
9.5367e-07
2.9302e-04
9.5367e-07
1.9073e-06
0.0000e+00
2.1219e-05
1.9073e-06
0.0000e+00
2.9087e-05
9.5367e-07
0.0000e+00
2.0027e-05
9.5367e-07
1.7309e-04
0.0000e+00
9.5367e-07
0.0000e+00
2.0027e-05
1.1921e-06
0.0000e+00
2.0027e-05
9.5367e-07
0.0000e+00
1.9073e-05
9.5367e-07
0.0000e+00
2.3127e-05
1.9073e-06
0.0000e+00
2.0981e-05
9.5367e-07
0.0000e+00
2.7895e-05
9.5367e-07
0.0000e+00
2.0027e-05
9.5367e-07
0.0000e+00
1.9789e-05
1.1921e-06
0.0000e+00
1.8835e-05
9.5367e-07
0.0000e+00
2.0027e-05
9.5367e-07
3.7909e-04
0.0000e+00
1.9073e-06
0.0000e+00
2.0981e-05
2.1458e-06
5.8889e-05
0.0000e+00
2.1458e-06
0.0000e+00
2.0981e-05
1.1921e-06
0.0000e+00
2.0981e-05
9.5367e-07
0.0000e+00
2.0981e-05
9.5367e-07
0.0000e+00
2.0027e-05
9.5367e-07
0.0000e+00
2.0027e-05
1.9073e-06
0.0000e+00
2.0981e-05
9.5367e-07
3.0303e-04
0.0000e+00
2.1458e-06
0.0000e+00
2.0981e-05
9.5367e-07
0.0000e+00
1.9073e-05
9.5367e-07
8.6069e-05
0.0000e+00
9.5367e-07
9.6083e-05
0.0000e+00
2.1458e-06
0.0000e+00
2.1935e-05
1.9073e-06
0.0000e+00
2.0027e-05
9.5367e-07
0.0000e+00
2.0981e-05
1.1921e-06
0.0000e+00
2.0027e-05
9.5367e-07
0.0000e+00
1.9073e-05
9.5367e-07
1.2803e-04
0.0000e+00
9.5367e-07
0.0000e+00
2.0981e-05
9.5367e-07
0.0000e+00
3.0041e-05
1.9073e-06
1.5497e-04
0.0000e+00
1.1921e-06
0.0000e+00
2.0027e-05
1.9073e-06
0.0000e+00
2.0027e-05
2.1458e-06
0.0000e+00
1.8835e-05
9.5367e-07
0.0000e+00
2.1935e-05
1.1921e-06
2.6703e-04
0.0000e+00
9.5367e-07
0.0000e+00
2.0027e-05
1.9073e-06
0.0000e+00
2.0027e-05
9.5367e-07
0.0000e+00
2.0981e-05
2.1458e-06
0.0000e+00
2.0981e-05
9.5367e-07
0.0000e+00
2.0027e-05
9.5367e-07
1.8311e-04
0.0000e+00
9.5367e-07
9.5367e-07
0.0000e+00
9.5367e-07
0.0000e+00
2.0981e-05
1.1921e-06
0.0000e+00
1.8835e-05
9.5367e-07
8.5831e-05
0.0000e+00
9.5367e-07
0.0000e+00
2.0027e-05
1.1921e-06
2.2602e-04
0.0000e+00
9.5367e-07
0.0000e+00
2.0981e-05
1.1921e-06
0.0000e+00
2.0027e-05
9.5367e-07
8.7976e-05
0.0000e+00
9.5367e-07
1.0967e-05
0.0000e+00
9.5367e-07
1.0014e-05
0.0000e+00
1.1921e-06
1.9073e-06
0.0000e+00
9.5367e-07
0.0000e+00
2.0981e-05
1.1921e-06
0.0000e+00
2.0027e-05
9.5367e-07
3.0804e-04
0.0000e+00
9.5367e-07
0.0000e+00
2.0981e-05
9.5367e-07
0.0000e+00
2.0981e-05
2.1458e-06
1.8597e-04
0.0000e+00
2.1458e-06
0.0000e+00
2.1935e-05
9.5367e-07
0.0000e+00
2.0027e-05
9.5367e-07
0.0000e+00
2.0027e-05
1.9073e-06
0.0000e+00
2.0027e-05
1.1921e-06
0.0000e+00
2.0027e-05
9.5367e-07
0.0000e+00
2.0027e-05
1.1921e-06
0.0000e+00
2.0981e-05
9.5367e-07
2.5105e-04
9.5367e-07
9.5367e-07
0.0000e+00
2.0981e-05
2.1458e-06
0.0000e+00
2.0027e-05
9.5367e-07
0.0000e+00
2.0027e-05
9.5367e-07
0.0000e+00
2.0027e-05
1.1921e-06
0.0000e+00
2.0027e-05
9.5367e-07
1.8191e-04
0.0000e+00
1.1921e-06
0.0000e+00
2.9087e-05
9.5367e-07
0.0000e+00
2.0981e-05
1.9073e-06
9.2983e-05
0.0000e+00
9.5367e-07
0.0000e+00
2.0981e-05
0.0000e+00
7.9155e-05
0.0000e+00
9.5367e-07
1.9073e-06
1.1921e-06
9.5367e-07
0.0000e+00
2.0027e-05
9.5367e-07
1.3113e-05
0.0000e+00
9.5367e-07
0.0000e+00
2.0981e-05
1.1921e-06
3.5596e-04
0.0000e+00
9.5367e-07
0.0000e+00
2.8849e-05
2.1458e-06
4.1962e-05
0.0000e+00
9.5367e-07
0.0000e+00
2.0981e-05
2.1458e-06
0.0000e+00
2.0027e-05
9.5367e-07
0.0000e+00
2.0981e-05
9.5367e-07
0.0000e+00
2.0027e-05
9.5367e-07
0.0000e+00
2.0027e-05
1.1921e-06
0.0000e+00
2.0027e-05
9.5367e-07
2.2292e-04
1.1921e-06
9.5367e-07
0.0000e+00
2.7895e-05
1.1921e-06
0.0000e+00
2.0027e-05
9.5367e-07
1.5998e-04
9.5367e-07
9.5367e-07
3.3855e-05
0.0000e+00
1.1921e-06
0.0000e+00
2.0027e-05
9.5367e-07
1.0800e-04
0.0000e+00
2.1458e-06
0.0000e+00
2.0981e-05
9.5367e-07
8.6069e-05
0.0000e+00
9.5367e-07
0.0000e+00
2.0981e-05
9.5367e-07
0.0000e+00
1.9789e-05
9.5367e-07
0.0000e+00
2.0981e-05
9.5367e-07
0.0000e+00
2.0027e-05
9.5367e-07
0.0000e+00
2.0027e-05
9.5367e-07
0.0000e+00
1.9789e-05
1.1921e-06
0.0000e+00
2.0027e-05
1.9073e-06
0.0000e+00
2.0027e-05
9.5367e-07
0.0000e+00
2.0027e-05
9.5367e-07
0.0000e+00
2.7895e-05
1.9073e-06
0.0000e+00
2.0027e-05
9.5367e-07
0.0000e+00
2.0027e-05
9.5367e-07
3.9697e-04
0.0000e+00
1.1921e-06
1.1921e-05
0.0000e+00
1.1921e-06
0.0000e+00
2.1935e-05
1.9073e-06
1.4901e-04
0.0000e+00
1.1921e-06
0.0000e+00
2.0981e-05
9.5367e-07
0.0000e+00
2.0981e-05
9.5367e-07
0.0000e+00
3.0041e-05
1.1921e-06
8.7023e-05
0.0000e+00
1.9073e-06
0.0000e+00
2.2173e-05
9.5367e-07
1.4400e-04
9.5367e-07
9.5367e-07
0.0000e+00
2.0981e-05
1.1921e-06
0.0000e+00
2.0027e-05
9.5367e-07
1.1206e-04
0.0000e+00
1.9073e-06
0.0000e+00
2.0981e-05
9.5367e-07
7.9870e-05
9.5367e-07
1.1921e-06
0.0000e+00
2.0981e-05
9.5367e-07
0.0000e+00
2.9087e-05
1.9073e-06
0.0000e+00
2.0981e-05
9.5367e-07
0.0000e+00
2.0027e-05
2.1458e-06
0.0000e+00
2.0027e-05
9.5367e-07
2.2602e-04
0.0000e+00
1.1921e-06
0.0000e+00
2.0027e-05
1.9073e-06
1.9073e-06
1.1921e-06
9.5367e-07
3.0708e-04
0.0000e+00
9.5367e-07
0.0000e+00
2.0981e-05
2.1458e-06
7.7963e-05
9.5367e-07
9.5367e-07
0.0000e+00
2.0981e-05
1.9073e-06
5.9605e-06
9.5367e-07
1.1921e-06
0.0000e+00
2.0027e-05
1.9073e-06
0.0000e+00
2.0981e-05
9.5367e-07
1.4400e-04
1.1921e-06
1.1921e-06
0.0000e+00
2.0981e-05
9.5367e-07
0.0000e+00
2.0027e-05
2.1458e-06
0.0000e+00
1.9789e-05
1.1921e-06
0.0000e+00
2.8849e-05
9.5367e-07
2.1005e-04
0.0000e+00
1.9073e-06
0.0000e+00
2.0981e-05
2.1458e-06
0.0000e+00
2.0027e-05
9.5367e-07
0.0000e+00
2.0981e-05
9.5367e-07
0.0000e+00
2.0027e-05
2.1458e-06
2.0385e-04
0.0000e+00
1.9073e-06
0.0000e+00
2.0981e-05
9.5367e-07
0.0000e+00
2.0027e-05
9.5367e-07
9.2983e-05
6.9141e-06
9.5367e-07
0.0000e+00
2.0981e-05
9.5367e-07
0.0000e+00
2.4080e-05
9.5367e-07
0.0000e+00
2.0027e-05
9.5367e-07
0.0000e+00
2.0027e-05
2.1458e-06
0.0000e+00
1.9789e-05
1.1921e-06
0.0000e+00
2.0027e-05
9.5367e-07
2.5010e-04
0.0000e+00
9.5367e-07
0.0000e+00
2.0027e-05
9.5367e-07
2.1458e-06
0.0000e+00
9.5367e-07
9.5367e-07
0.0000e+00
9.5367e-07
3.0017e-04
0.0000e+00
9.5367e-07
0.0000e+00
2.1935e-05
1.1921e-06
0.0000e+00
2.0027e-05
9.5367e-07
0.0000e+00
2.0027e-05
9.5367e-07
0.0000e+00
2.0027e-05
9.5367e-07
0.0000e+00
2.0027e-05
9.5367e-07
0.0000e+00
1.8835e-05
1.9073e-06
0.0000e+00
2.0981e-05
9.5367e-07
0.0000e+00
1.9789e-05
2.1458e-06
0.0000e+00
2.0027e-05
9.5367e-07
3.4523e-04
0.0000e+00
9.5367e-07
0.0000e+00
2.0981e-05
9.5367e-07
0.0000e+00
1.9789e-05
1.1921e-06
1.5187e-04
9.5367e-07
2.1458e-06
0.0000e+00
2.0981e-05
9.5367e-07
6.9141e-05
0.0000e+00
9.5367e-07
5.0068e-06
0.0000e+00
9.5367e-07
0.0000e+00
2.0981e-05
2.1458e-06
1.6785e-04
0.0000e+00
1.9073e-06
0.0000e+00
2.0981e-05
9.5367e-07
0.0000e+00
2.0027e-05
1.1921e-06
1.3781e-04
0.0000e+00
1.9073e-06
1.0300e-04
0.0000e+00
2.1458e-06
1.4782e-05
0.0000e+00
9.5367e-07
1.4067e-05
0.0000e+00
9.5367e-07
0.0000e+00
2.1935e-05
1.1921e-06
2.3603e-04
9.5367e-07
1.9073e-06
0.0000e+00
3.0041e-05
1.9073e-06
0.0000e+00
1.9789e-05
1.1921e-06
0.0000e+00
2.0027e-05
1.9073e-06
0.0000e+00
2.0027e-05
9.5367e-07
6.7949e-05
1.1921e-06
9.5367e-07
0.0000e+00
2.0981e-05
9.5367e-07
0.0000e+00
2.0981e-05
9.5367e-07
0.0000e+00
2.0027e-05
9.5367e-07
0.0000e+00
3.3855e-05
2.1458e-06
2.0504e-04
9.5367e-07
9.5367e-07
1.1921e-05
0.0000e+00
9.5367e-07
0.0000e+00
2.0981e-05
9.5367e-07
0.0000e+00
2.0027e-05
2.1458e-06
1.1921e-05
0.0000e+00
2.1458e-06
0.0000e+00
2.0027e-05
9.5367e-07
0.0000e+00
2.0981e-05
9.5367e-07
3.2401e-04
1.1921e-06
9.5367e-07
1.1206e-04
0.0000e+00
9.5367e-07
0.0000e+00
3.0994e-05
1.9073e-06
7.1049e-05
0.0000e+00
1.1921e-06
0.0000e+00
2.0981e-05
9.5367e-07
0.0000e+00
2.0027e-05
9.5367e-07
0.0000e+00
2.0027e-05
9.5367e-07
0.0000e+00
2.0027e-05
9.5367e-07
1.7095e-04
0.0000e+00
1.9073e-06
0.0000e+00
2.0981e-05
1.1921e-06
0.0000e+00
2.0027e-05
1.9073e-06
8.5115e-05
0.0000e+00
9.5367e-07
0.0000e+00
2.0981e-05
1.9073e-06
0.0000e+00
2.0981e-05
9.5367e-07
0.0000e+00
1.9789e-05
1.1921e-06
5.0068e-06
0.0000e+00
9.5367e-07
0.0000e+00
2.0981e-05
9.5367e-07
3.4285e-04
0.0000e+00
2.1458e-06
1.4067e-05
0.0000e+00
9.5367e-07
0.0000e+00
2.0981e-05
9.5367e-07
0.0000e+00
2.8849e-05
9.5367e-07
1.0610e-04
0.0000e+00
2.1458e-06
0.0000e+00
2.0981e-05
9.5367e-07
0.0000e+00
2.0027e-05
9.5367e-07
1.6713e-04
9.5367e-07
9.5367e-07
0.0000e+00
2.2173e-05
9.5367e-07
0.0000e+00
1.9073e-05
9.5367e-07
0.0000e+00
2.0027e-05
9.5367e-07
0.0000e+00
2.0027e-05
1.1921e-06
0.0000e+00
2.8849e-05
2.1458e-06
1.2398e-04
0.0000e+00
9.5367e-07
1.9073e-06
0.0000e+00
1.1921e-06
0.0000e+00
2.0027e-05
9.5367e-07
1.3208e-04
0.0000e+00
1.9073e-06
1.8907e-04
9.5367e-07
1.9073e-06
0.0000e+00
2.0027e-05
9.5367e-07
1.0800e-04
0.0000e+00
1.9073e-06
0.0000e+00
2.0981e-05
9.5367e-07
2.1458e-06
9.5367e-07
9.5367e-07
1.1921e-06
9.5367e-07
9.5367e-07
0.0000e+00
3.5048e-05
9.5367e-07
0.0000e+00
2.0027e-05
0.0000e+00
1.7214e-04
0.0000e+00
9.5367e-07
0.0000e+00
2.0981e-05
1.1921e-06
0.0000e+00
1.8835e-05
9.5367e-07
1.9503e-04
0.0000e+00
9.5367e-07
4.0054e-05
0.0000e+00
2.1458e-06
0.0000e+00
2.0981e-05
1.9073e-06
0.0000e+00
2.0981e-05
9.5367e-07
1.1921e-06
9.5367e-07
9.5367e-07
0.0000e+00
2.9087e-05
9.5367e-07
0.0000e+00
2.0981e-05
9.5367e-07
0.0000e+00
2.0027e-05
9.5367e-07
0.0000e+00
2.0027e-05
9.5367e-07
2.5797e-04
0.0000e+00
1.1921e-06
0.0000e+00
2.0027e-05
9.5367e-07
0.0000e+00
2.0027e-05
9.5367e-07
0.0000e+00
2.0027e-05
9.5367e-07
0.0000e+00
2.8133e-05
9.5367e-07
1.9002e-04
0.0000e+00
1.9073e-06
1.0800e-04
0.0000e+00
9.5367e-07
0.0000e+00
2.0027e-05
1.9073e-06
0.0000e+00
2.0027e-05
9.5367e-07
4.7207e-05
0.0000e+00
9.5367e-07
1.5020e-05
9.5367e-07
9.5367e-07
1.6904e-04
0.0000e+00
2.1458e-06
0.0000e+00
2.0981e-05
1.9073e-06
8.1062e-06
0.0000e+00
9.5367e-07
1.0395e-04
1.1921e-06
1.9073e-06
0.0000e+00
3.0041e-05
1.9073e-06
0.0000e+00
2.1935e-05
1.1921e-06
6.6996e-05
0.0000e+00
1.9073e-06
0.0000e+00
2.2173e-05
9.5367e-07
1.5211e-04
0.0000e+00
9.5367e-07
6.6996e-05
0.0000e+00
9.5367e-07
0.0000e+00
2.0981e-05
9.5367e-07
1.1611e-04
0.0000e+00
9.5367e-07
0.0000e+00
2.0981e-05
2.1458e-06
0.0000e+00
2.0981e-05
1.1921e-06
5.9843e-05
0.0000e+00
9.5367e-07
0.0000e+00
2.1935e-05
9.5367e-07
0.0000e+00
2.0027e-05
1.9073e-06
8.7023e-05
0.0000e+00
1.1921e-06
0.0000e+00
2.0027e-05
9.5367e-07
0.0000e+00
1.9073e-05
0.0000e+00
0.0000e+00
2.0027e-05
9.5367e-07
1.2302e-04
0.0000e+00
9.5367e-07
1.4091e-04
0.0000e+00
9.5367e-07
1.5020e-05
0.0000e+00
1.9073e-06
1.5020e-05
0.0000e+00
9.5367e-07
0.0000e+00
2.0981e-05
1.9073e-06
0.0000e+00
2.0027e-05
1.1921e-06
2.2697e-04
0.0000e+00
9.5367e-07
0.0000e+00
2.0981e-05
1.1921e-06
5.8889e-05
0.0000e+00
9.5367e-07
0.0000e+00
2.0981e-05
9.5367e-07
1.0991e-04
9.5367e-07
1.1921e-06
1.2875e-05
0.0000e+00
9.5367e-07
0.0000e+00
2.0981e-05
9.5367e-07
1.0586e-04
0.0000e+00
9.5367e-07
1.4687e-04
1.1921e-06
1.9073e-06
0.0000e+00
2.1935e-05
2.1458e-06
0.0000e+00
2.0981e-05
9.5367e-07
0.0000e+00
2.0027e-05
9.5367e-07
8.3923e-05
0.0000e+00
2.1458e-06
0.0000e+00
2.0981e-05
9.5367e-07
4.1962e-05
0.0000e+00
2.1458e-06
0.0000e+00
1.9789e-05
1.1921e-06
0.0000e+00
2.0027e-05
9.5367e-07
1.9073e-06
0.0000e+00
9.5367e-07
0.0000e+00
2.0981e-05
2.1458e-06
2.7299e-04
0.0000e+00
9.5367e-07
0.0000e+00
2.1219e-05
9.5367e-07
1.4496e-04
0.0000e+00
2.1458e-06
1.2875e-05
9.5367e-07
9.5367e-07
0.0000e+00
2.0981e-05
9.5367e-07
6.1989e-05
0.0000e+00
1.1921e-06
0.0000e+00
2.0981e-05
9.5367e-07
1.1921e-06
0.0000e+00
9.5367e-07
2.3603e-04
0.0000e+00
2.1458e-06
1.3828e-05
0.0000e+00
1.1921e-06
0.0000e+00
2.7895e-05
1.1921e-06
0.0000e+00
2.0027e-05
1.9073e-06
9.2030e-05
9.5367e-07
9.5367e-07
0.0000e+00
2.1219e-05
9.5367e-07
0.0000e+00
2.0027e-05
9.5367e-07
0.0000e+00
1.9073e-05
1.9073e-06
1.0896e-04
0.0000e+00
1.9073e-06
7.7009e-05
0.0000e+00
1.9073e-06
0.0000e+00
2.0981e-05
2.1458e-06
1.9073e-06
9.5367e-07
9.5367e-07
0.0000e+00
2.0981e-05
9.5367e-07
0.0000e+00
2.0981e-05
9.5367e-07
1.9717e-04
9.5367e-07
9.5367e-07
7.1049e-05
0.0000e+00
1.9073e-06
0.0000e+00
2.1219e-05
9.5367e-07
2.8610e-06
0.0000e+00
9.5367e-07
7.1049e-05
0.0000e+00
1.9073e-06
0.0000e+00
2.0981e-05
9.5367e-07
0.0000e+00
2.0027e-05
2.1458e-06
0.0000e+00
2.7895e-05
9.5367e-07
0.0000e+00
2.0981e-05
1.9073e-06
0.0000e+00
2.0027e-05
1.9073e-06
1.6212e-04
0.0000e+00
1.9073e-06
0.0000e+00
2.0027e-05
9.5367e-07
0.0000e+00
1.8835e-05
1.1921e-06
0.0000e+00
2.0027e-05
9.5367e-07
0.0000e+00
2.0027e-05
9.5367e-07
3.8815e-04
0.0000e+00
2.1458e-06
1.3828e-05
0.0000e+00
1.9073e-06
1.9073e-06
0.0000e+00
0.0000e+00
0.0000e+00
2.0981e-05
1.9073e-06
0.0000e+00
2.0027e-05
9.5367e-07
0.0000e+00
2.0981e-05
1.1921e-06
2.7204e-04
0.0000e+00
9.5367e-07
2.1458e-06
0.0000e+00
0.0000e+00
7.8917e-05
0.0000e+00
1.1921e-06
1.4067e-05
9.5367e-07
9.5367e-07
0.0000e+00
2.0027e-05
1.9073e-06
2.2912e-04
9.5367e-07
9.5367e-07
1.1921e-06
0.0000e+00
1.1921e-06
0.0000e+00
2.1935e-05
9.5367e-07
0.0000e+00
2.0027e-05
9.5367e-07
0.0000e+00
2.0027e-05
1.1921e-06
0.0000e+00
2.0027e-05
9.5367e-07
0.0000e+00
2.0027e-05
1.9073e-06
0.0000e+00
1.9073e-05
9.5367e-07
2.9302e-04
0.0000e+00
1.9073e-06
0.0000e+00
2.0981e-05
9.5367e-07
2.1458e-06
9.5367e-07
9.5367e-07
0.0000e+00
2.0981e-05
9.5367e-07
0.0000e+00
2.0027e-05
1.9073e-06
0.0000e+00
2.0027e-05
1.9073e-06
0.0000e+00
2.0027e-05
9.5367e-07
3.3188e-04
0.0000e+00
2.1458e-06
1.9073e-06
0.0000e+00
9.5367e-07
0.0000e+00
2.0027e-05
1.1921e-06
4.7922e-05
0.0000e+00
9.5367e-07
0.0000e+00
2.0981e-05
9.5367e-07
0.0000e+00
2.0981e-05
9.5367e-07
0.0000e+00
2.0027e-05
9.5367e-07
0.0000e+00
2.0027e-05
1.9073e-06
0.0000e+00
2.0027e-05
1.9073e-06
0.0000e+00
2.0981e-05
2.1458e-06
0.0000e+00
2.0027e-05
1.9073e-06
3.7599e-04
9.5367e-07
9.5367e-07
6.5804e-05
0.0000e+00
1.9073e-06
0.0000e+00
3.0994e-05
1.9073e-06
0.0000e+00
2.0981e-05
1.1921e-06
1.9073e-06
0.0000e+00
9.5367e-07
0.0000e+00
1.9789e-05
9.5367e-07
0.0000e+00
1.9073e-05
9.5367e-07
3.0994e-06
0.0000e+00
9.5367e-07
0.0000e+00
2.0027e-05
1.9073e-06
3.2020e-04
0.0000e+00
1.9073e-06
6.6042e-05
0.0000e+00
2.1458e-06
0.0000e+00
2.0981e-05
9.5367e-07
5.4121e-05
0.0000e+00
9.5367e-07
0.0000e+00
2.0981e-05
2.1458e-06
7.7963e-05
0.0000e+00
1.1921e-06
0.0000e+00
2.0027e-05
9.5367e-07
1.9073e-06
1.1921e-06
9.5367e-07
0.0000e+00
2.0981e-05
9.5367e-07
0.0000e+00
1.9073e-05
9.5367e-07
0.0000e+00
2.0027e-05
9.5367e-07
3.0923e-04
0.0000e+00
1.9073e-06
0.0000e+00
2.9087e-05
1.9073e-06
4.0531e-06
0.0000e+00
1.1921e-06
0.0000e+00
2.0981e-05
9.5367e-07
0.0000e+00
2.0981e-05
2.1458e-06
0.0000e+00
2.0027e-05
9.5367e-07
0.0000e+00
2.0027e-05
2.1458e-06
2.6679e-04
0.0000e+00
1.9073e-06
0.0000e+00
2.1935e-05
2.1458e-06
0.0000e+00
1.9789e-05
9.5367e-07
1.8096e-04
7.1526e-06
9.5367e-07
6.9141e-06
0.0000e+00
9.5367e-07
0.0000e+00
2.0027e-05
9.5367e-07
1.0920e-04
0.0000e+00
9.5367e-07
0.0000e+00
2.0981e-05
9.5367e-07
0.0000e+00
2.0027e-05
1.9073e-06
0.0000e+00
2.1219e-05
1.9073e-06
0.0000e+00
2.0027e-05
9.5367e-07
2.6894e-04
0.0000e+00
1.9073e-06
1.9073e-06
0.0000e+00
9.5367e-07
0.0000e+00
3.2902e-05
9.5367e-07
0.0000e+00
2.0027e-05
9.5367e-07
0.0000e+00
2.0027e-05
9.5367e-07
0.0000e+00
2.0027e-05
9.5367e-07
0.0000e+00
2.0027e-05
9.5367e-07
2.1291e-04
9.5367e-07
2.1458e-06
1.0014e-05
0.0000e+00
9.5367e-07
1.9503e-04
0.0000e+00
1.1921e-06
0.0000e+00
2.0981e-05
9.5367e-07
0.0000e+00
2.9087e-05
1.9073e-06
0.0000e+00
2.0981e-05
1.4264e-01
