8.4190e-03
2.9087e-05
0.0000e+00
1.8096e-04
4.0531e-06
0.0000e+00
9.5844e-05
2.8610e-06
6.2943e-05
9.5367e-07
3.0994e-06
0.0000e+00
9.4891e-05
1.9073e-06
0.0000e+00
9.2983e-05
2.8610e-06
0.0000e+00
9.2983e-05
1.9073e-06
0.0000e+00
8.7976e-05
3.8147e-06
0.0000e+00
8.7976e-05
5.0068e-06
0.0000e+00
9.9897e-05
3.0994e-06
2.6829e-03
9.5367e-07
3.0994e-06
0.0000e+00
1.0085e-04
2.8610e-06
0.0000e+00
1.0490e-04
2.8610e-06
1.0395e-04
1.1921e-06
2.1458e-06
0.0000e+00
9.7036e-05
2.8610e-06
0.0000e+00
9.4891e-05
2.8610e-06
0.0000e+00
9.3937e-05
4.0531e-06
0.0000e+00
1.2898e-04
2.8610e-06
0.0000e+00
9.4891e-05
2.8610e-06
0.0000e+00
1.4997e-04
6.9141e-06
0.0000e+00
1.1802e-04
3.0994e-06
0.0000e+00
9.9897e-05
3.0994e-06
0.0000e+00
9.5844e-05
1.9073e-06
0.0000e+00
9.4891e-05
1.9073e-06
0.0000e+00
9.4891e-05
4.0531e-06
0.0000e+00
9.7036e-05
3.0994e-06
0.0000e+00
1.0395e-04
2.8610e-06
2.6941e-05
1.9073e-06
2.1458e-06
0.0000e+00
1.0705e-04
2.8610e-06
0.0000e+00
9.4891e-05
1.9073e-06
1.9073e-05
1.1921e-06
4.0531e-06
0.0000e+00
9.7036e-05
1.9073e-06
1.2875e-05
9.5367e-07
4.0531e-06
0.0000e+00
9.5129e-05
3.0994e-06
0.0000e+00
1.2302e-04
3.0994e-06
0.0000e+00
9.2030e-05
3.0994e-06
5.1022e-05
9.5367e-07
2.1458e-06
0.0000e+00
6.6996e-05
1.9073e-06
0.0000e+00
5.4836e-05
1.9073e-06
0.0000e+00
5.5075e-05
2.1458e-06
0.0000e+00
5.5075e-05
2.1458e-06
0.0000e+00
5.4121e-05
3.0994e-06
0.0000e+00
7.9155e-05
3.0994e-06
6.9809e-04
9.5367e-07
2.1458e-06
0.0000e+00
5.7936e-05
2.1458e-06
0.0000e+00
5.2929e-05
1.9073e-06
0.0000e+00
5.3883e-05
1.9073e-06
0.0000e+00
5.3883e-05
1.9073e-06
0.0000e+00
5.2929e-05
1.9073e-06
0.0000e+00
5.5075e-05
1.9073e-06
0.0000e+00
7.4148e-05
3.8147e-06
0.0000e+00
5.4836e-05
3.0994e-06
0.0000e+00
5.3883e-05
6.9141e-06
0.0000e+00
5.4121e-05
2.8610e-06
5.3406e-04
9.5367e-07
1.9073e-06
0.0000e+00
5.6982e-05
2.1458e-06
0.0000e+00
5.3883e-05
1.9073e-06
0.0000e+00
5.3883e-05
1.9073e-06
0.0000e+00
7.2956e-05
2.8610e-06
0.0000e+00
5.4836e-05
2.1458e-06
5.2595e-04
1.1921e-06
2.1458e-06
0.0000e+00
5.6982e-05
1.9073e-06
0.0000e+00
5.3883e-05
1.9073e-06
0.0000e+00
5.3883e-05
1.9073e-06
9.2030e-05
1.1921e-06
2.1458e-06
0.0000e+00
5.5075e-05
1.9073e-06
0.0000e+00
5.4121e-05
1.9073e-06
0.0000e+00
5.6982e-05
1.9073e-06
3.7909e-04
1.1921e-06
2.1458e-06
0.0000e+00
5.6028e-05
2.8610e-06
1.8001e-04
0.0000e+00
1.9073e-06
0.0000e+00
5.6982e-05
1.9073e-06
0.0000e+00
5.3883e-05
1.9073e-06
0.0000e+00
5.3167e-05
2.1458e-06
0.0000e+00
5.3883e-05
2.1458e-06
0.0000e+00
7.3910e-05
1.9073e-06
0.0000e+00
6.1989e-05
2.1458e-06
0.0000e+00
5.2929e-05
1.9073e-06
5.5218e-04
9.5367e-07
1.9073e-06
0.0000e+00
5.6028e-05
1.9073e-06
0.0000e+00
5.5075e-05
1.9073e-06
0.0000e+00
5.3883e-05
1.9073e-06
1.5283e-04
9.5367e-07
1.9073e-06
0.0000e+00
5.8174e-05
3.0994e-06
4.0531e-06
9.5367e-07
1.1921e-06
0.0000e+00
5.6028e-05
2.1458e-06
0.0000e+00
5.4121e-05
2.1458e-06
0.0000e+00
5.3883e-05
1.9073e-06
0.0000e+00
5.2929e-05
1.9073e-06
0.0000e+00
5.1975e-05
2.1458e-06
0.0000e+00
5.3883e-05
2.1458e-06
0.0000e+00
5.2929e-05
1.9073e-06
0.0000e+00
6.8903e-05
1.9073e-06
0.0000e+00
5.4121e-05
1.9073e-06
0.0000e+00
5.2214e-05
2.1458e-06
1.8690e-03
1.1921e-06
2.1458e-06
0.0000e+00
5.6982e-05
1.9073e-06
0.0000e+00
5.1975e-05
9.5367e-07
5.9605e-06
1.1921e-06
2.1458e-06
0.0000e+00
5.6028e-05
1.9073e-06
0.0000e+00
5.4121e-05
1.9073e-06
5.4836e-05
9.5367e-07
9.5367e-07
0.0000e+00
5.7936e-05
1.9073e-06
0.0000e+00
5.3883e-05
1.9073e-06
0.0000e+00
5.5790e-05
2.1458e-06
5.9390e-04
9.5367e-07
2.1458e-06
6.9141e-06
9.5367e-07
2.1458e-06
0.0000e+00
5.6982e-05
9.5367e-07
0.0000e+00
5.4836e-05
2.1458e-06
0.0000e+00
5.3883e-05
1.9073e-06
0.0000e+00
5.6982e-05
2.1458e-06
0.0000e+00
5.3883e-05
1.9073e-06
0.0000e+00
5.2929e-05
9.5367e-07
0.0000e+00
5.2214e-05
9.5367e-07
0.0000e+00
5.2929e-05
1.9073e-06
0.0000e+00
5.2929e-05
9.5367e-07
0.0000e+00
5.3167e-05
2.1458e-06
0.0000e+00
7.0095e-05
1.9073e-06
0.0000e+00
5.4836e-05
2.1458e-06
0.0000e+00
5.3883e-05
2.1458e-06
5.5385e-04
9.5367e-07
1.9073e-06
0.0000e+00
5.8174e-05
2.1458e-06
0.0000e+00
5.2929e-05
9.5367e-07
0.0000e+00
5.3883e-05
1.9073e-06
0.0000e+00
5.2929e-05
2.8610e-06
5.8413e-04
1.1921e-06
2.1458e-06
0.0000e+00
8.0109e-05
3.0994e-06
0.0000e+00
5.5075e-05
2.1458e-06
0.0000e+00
5.4121e-05
1.1921e-06
0.0000e+00
5.4121e-05
9.5367e-07
0.0000e+00
5.3883e-05
1.9073e-06
1.4687e-04
9.5367e-07
1.9073e-06
0.0000e+00
5.6028e-05
2.1458e-06
0.0000e+00
5.2929e-05
9.5367e-07
0.0000e+00
8.0824e-05
2.1458e-06
0.0000e+00
5.5075e-05
2.1458e-06
0.0000e+00
5.4121e-05
2.1458e-06
0.0000e+00
5.4121e-05
1.1921e-06
3.3593e-04
9.5367e-07
9.5367e-07
0.0000e+00
5.6028e-05
2.1458e-06
0.0000e+00
5.3883e-05
2.1458e-06
0.0000e+00
5.3883e-05
1.9073e-06
0.0000e+00
7.2956e-05
2.8610e-06
0.0000e+00
5.6028e-05
1.9073e-06
0.0000e+00
5.3883e-05
1.9073e-06
1.6499e-04
9.5367e-07
1.9073e-06
1.3399e-04
1.1921e-06
2.1458e-06
5.0068e-06
9.5367e-07
1.9073e-06
0.0000e+00
5.6982e-05
2.1458e-06
0.0000e+00
5.3883e-05
1.9073e-06
5.0068e-06
9.5367e-07
2.1458e-06
0.0000e+00
5.5075e-05
3.0994e-06
9.2030e-05
9.5367e-07
1.9073e-06
0.0000e+00
5.6982e-05
1.9073e-06
0.0000e+00
5.5075e-05
1.9073e-06
0.0000e+00
5.5075e-05
1.9073e-06
0.0000e+00
5.4121e-05
2.1458e-06
0.0000e+00
5.2929e-05
2.1458e-06
0.0000e+00
5.3883e-05
1.9073e-06
1.0469e-03
9.5367e-07
3.0994e-06
7.1526e-06
9.5367e-07
2.8610e-06
0.0000e+00
1.0204e-04
2.8610e-06
0.0000e+00
6.2943e-05
2.1458e-06
0.0000e+00
5.3883e-05
1.9073e-06
0.0000e+00
5.5075e-05
1.9073e-06
1.8501e-04
9.5367e-07
1.9073e-06
0.0000e+00
5.5075e-05
1.9073e-06
7.1526e-06
9.5367e-07
1.9073e-06
0.0000e+00
5.5075e-05
1.9073e-06
0.0000e+00
5.2929e-05
2.8610e-06
0.0000e+00
5.6982e-05
2.1458e-06
0.0000e+00
5.2929e-05
1.9073e-06
0.0000e+00
5.3883e-05
1.9073e-06
1.2016e-04
9.5367e-07
1.9073e-06
0.0000e+00
5.4836e-05
1.9073e-06
0.0000e+00
6.1989e-05
2.1458e-06
0.0000e+00
5.2929e-05
1.9073e-06
0.0000e+00
5.3883e-05
2.1458e-06
0.0000e+00
5.6982e-05
1.9073e-06
0.0000e+00
5.3883e-05
1.9073e-06
5.9700e-04
9.5367e-07
1.9073e-06
0.0000e+00
6.1989e-05
9.5367e-07
0.0000e+00
5.3883e-05
1.9073e-06
0.0000e+00
5.2929e-05
1.9073e-06
0.0000e+00
5.5075e-05
2.1458e-06
0.0000e+00
5.3167e-05
2.8610e-06
1.3113e-05
0.0000e+00
1.9073e-06
0.0000e+00
5.7936e-05
9.5367e-07
0.0000e+00
5.4121e-05
3.8147e-06
0.0000e+00
5.2929e-05
1.9073e-06
0.0000e+00
5.3883e-05
1.9073e-06
0.0000e+00
5.4121e-05
2.1458e-06
0.0000e+00
5.3167e-05
2.1458e-06
0.0000e+00
5.2929e-05
3.0994e-06
0.0000e+00
5.7936e-05
1.9073e-06
0.0000e+00
6.1989e-05
2.1458e-06
0.0000e+00
5.2929e-05
1.9073e-06
0.0000e+00
5.4121e-05
2.1458e-06
5.9199e-04
1.1921e-06
2.1458e-06
5.6982e-05
9.5367e-07
9.5367e-07
0.0000e+00
5.6028e-05
2.1458e-06
0.0000e+00
5.9128e-05
1.9073e-06
0.0000e+00
7.1049e-05
1.9073e-06
0.0000e+00
5.6982e-05
1.9073e-06
0.0000e+00
5.2929e-05
1.9073e-06
3.1209e-04
9.5367e-07
2.1458e-06
0.0000e+00
5.6028e-05
2.1458e-06
4.1389e-04
9.5367e-07
1.9073e-06
6.1989e-06
9.5367e-07
1.9073e-06
0.0000e+00
5.6028e-05
1.9073e-06
0.0000e+00
5.2929e-05
1.9073e-06
0.0000e+00
5.4121e-05
3.0994e-06
0.0000e+00
5.6982e-05
1.9073e-06
0.0000e+00
5.4121e-05
2.1458e-06
0.0000e+00
5.5075e-05
1.9073e-06
0.0000e+00
5.4121e-05
2.1458e-06
0.0000e+00
5.2929e-05
1.9073e-06
0.0000e+00
5.2929e-05
1.9073e-06
0.0000e+00
8.1062e-05
3.0994e-06
0.0000e+00
1.2517e-04
3.8147e-06
0.0000e+00
9.2983e-05
3.0994e-06
0.0000e+00
9.6083e-05
3.0994e-06
0.0000e+00
9.4175e-05
2.8610e-06
0.0000e+00
9.1076e-05
2.8610e-06
3.7789e-04
9.5367e-07
3.0994e-06
0.0000e+00
6.7949e-05
1.9073e-06
0.0000e+00
5.4836e-05
1.9073e-06
0.0000e+00
7.3910e-05
2.8610e-06
0.0000e+00
5.6982e-05
2.1458e-06
2.1887e-04
0.0000e+00
1.9073e-06
0.0000e+00
5.5075e-05
1.9073e-06
0.0000e+00
5.2929e-05
1.9073e-06
0.0000e+00
5.6028e-05
1.9073e-06
3.8147e-05
9.5367e-07
1.9073e-06
0.0000e+00
5.4836e-05
1.9073e-06
0.0000e+00
5.4836e-05
1.9073e-06
0.0000e+00
8.2016e-05
3.0994e-06
0.0000e+00
5.5075e-05
2.1458e-06
0.0000e+00
5.3167e-05
2.1458e-06
2.7299e-04
9.5367e-07
1.9073e-06
0.0000e+00
5.4836e-05
1.9073e-06
0.0000e+00
5.3883e-05
9.5367e-07
0.0000e+00
5.3883e-05
9.5367e-07
0.0000e+00
5.2929e-05
1.9073e-06
2.3413e-04
0.0000e+00
3.0994e-06
3.8886e-04
9.5367e-07
1.9073e-06
0.0000e+00
5.9128e-05
9.5367e-07
0.0000e+00
5.2929e-05
2.1458e-06
0.0000e+00
5.3883e-05
2.8610e-06
0.0000e+00
5.6982e-05
2.1458e-06
0.0000e+00
5.2929e-05
1.9073e-06
0.0000e+00
5.3883e-05
1.9073e-06
2.1100e-04
9.5367e-07
1.9073e-06
8.7976e-05
9.5367e-07
2.1458e-06
3.6955e-05
9.5367e-07
9.5367e-07
3.2187e-04
1.1921e-06
2.1458e-06
0.0000e+00
5.7936e-05
1.1921e-06
0.0000e+00
5.2929e-05
1.9073e-06
0.0000e+00
5.3883e-05
1.9073e-06
0.0000e+00
5.5075e-05
1.9073e-06
0.0000e+00
6.0081e-05
1.9073e-06
0.0000e+00
5.2929e-05
1.9073e-06
0.0000e+00
7.2002e-05
2.1458e-06
2.3890e-04
1.1921e-06
2.1458e-06
0.0000e+00
5.6028e-05
9.5367e-07
5.0068e-06
1.1921e-06
1.1921e-06
0.0000e+00
7.7009e-05
2.8610e-06
0.0000e+00
5.2929e-05
1.9073e-06
0.0000e+00
5.3167e-05
2.1458e-06
0.0000e+00
5.3883e-05
2.1458e-06
0.0000e+00
5.3883e-05
2.1458e-06
0.0000e+00
6.5088e-05
1.9073e-06
0.0000e+00
5.3167e-05
2.1458e-06
0.0000e+00
5.4121e-05
2.1458e-06
0.0000e+00
5.3883e-05
2.1458e-06
0.0000e+00
5.2929e-05
1.9073e-06
0.0000e+00
5.2929e-05
1.9073e-06
0.0000e+00
5.4121e-05
1.9073e-06
0.0000e+00
6.6996e-05
2.1458e-06
9.3293e-04
1.1921e-06
1.9073e-06
0.0000e+00
5.7936e-05
2.1458e-06
0.0000e+00
5.3883e-05
2.1458e-06
0.0000e+00
5.4836e-05
9.5367e-07
1.2875e-05
1.1921e-06
2.1458e-06
0.0000e+00
5.6028e-05
2.8610e-06
5.6028e-05
9.5367e-07
2.8610e-06
0.0000e+00
1.0490e-04
3.0994e-06
5.9605e-06
9.5367e-07
2.1458e-06
0.0000e+00
1.2207e-04
4.0531e-06
0.0000e+00
9.6083e-05
3.0994e-06
0.0000e+00
9.4891e-05
2.8610e-06
0.0000e+00
9.4891e-05
1.9073e-06
0.0000e+00
9.3937e-05
2.8610e-06
0.0000e+00
9.2030e-05
2.8610e-06
1.5020e-05
2.1458e-06
3.0994e-06
0.0000e+00
1.0300e-04
2.8610e-06
0.0000e+00
1.1992e-04
4.0531e-06
0.0000e+00
9.4175e-05
3.0994e-06
0.0000e+00
9.5129e-05
2.8610e-06
0.0000e+00
9.4891e-05
1.9073e-06
0.0000e+00
9.3937e-05
1.9073e-06
0.0000e+00
8.7976e-05
1.9073e-06
0.0000e+00
5.6028e-05
1.9073e-06
0.0000e+00
6.1035e-05
3.0994e-06
0.0000e+00
5.6028e-05
3.0994e-06
0.0000e+00
5.4836e-05
1.9073e-06
0.0000e+00
5.3883e-05
1.9073e-06
2.4581e-04
0.0000e+00
9.5367e-07
0.0000e+00
5.5075e-05
1.9073e-06
0.0000e+00
5.2929e-05
1.9073e-06
0.0000e+00
5.4121e-05
1.9073e-06
0.0000e+00
5.3167e-05
1.9073e-06
0.0000e+00
5.6982e-05
2.1458e-06
0.0000e+00
5.5075e-05
1.9073e-06
0.0000e+00
6.1035e-05
1.9073e-06
0.0000e+00
5.2929e-05
1.9073e-06
0.0000e+00
5.3167e-05
2.1458e-06
0.0000e+00
5.2929e-05
1.9073e-06
3.7384e-04
9.5367e-07
1.9073e-06
0.0000e+00
5.6982e-05
1.9073e-06
0.0000e+00
8.0824e-05
2.1458e-06
0.0000e+00
5.5075e-05
1.9073e-06
0.0000e+00
5.4121e-05
2.1458e-06
0.0000e+00
6.1035e-05
2.1458e-06
0.0000e+00
5.2929e-05
1.9073e-06
0.0000e+00
5.3883e-05
1.9073e-06
3.1209e-04
0.0000e+00
2.1458e-06
1.6499e-04
0.0000e+00
1.9073e-06
0.0000e+00
5.3883e-05
1.9073e-06
0.0000e+00
5.6982e-05
9.5367e-07
0.0000e+00
5.3883e-05
1.9073e-06
0.0000e+00
6.1035e-05
2.1458e-06
6.6900e-04
0.0000e+00
1.9073e-06
5.9605e-06
9.5367e-07
1.9073e-06
0.0000e+00
5.6028e-05
1.9073e-06
0.0000e+00
5.4836e-05
1.9073e-06
0.0000e+00
5.3883e-05
1.9073e-06
2.5415e-04
9.5367e-07
1.9073e-06
3.0041e-05
9.5367e-07
1.9073e-06
0.0000e+00
5.7936e-05
1.9073e-06
2.5034e-05
1.1921e-06
2.1458e-06
0.0000e+00
5.3883e-05
2.1458e-06
4.0531e-06
9.5367e-07
9.5367e-07
0.0000e+00
5.5075e-05
1.9073e-06
0.0000e+00
5.4121e-05
9.5367e-07
0.0000e+00
5.4121e-05
2.1458e-06
2.7895e-04
9.5367e-07
1.9073e-06
0.0000e+00
7.2956e-05
2.1458e-06
0.0000e+00
5.7936e-05
1.9073e-06
0.0000e+00
5.3883e-05
1.9073e-06
0.0000e+00
5.3883e-05
1.9073e-06
0.0000e+00
5.4121e-05
1.9073e-06
4.4799e-04
1.1921e-06
1.1921e-06
0.0000e+00
5.5075e-05
9.5367e-07
1.6928e-05
0.0000e+00
1.9073e-06
0.0000e+00
5.6982e-05
2.1458e-06
0.0000e+00
7.6056e-05
1.9073e-06
0.0000e+00
5.5075e-05
1.9073e-06
0.0000e+00
5.3883e-05
1.9073e-06
0.0000e+00
5.5075e-05
1.9073e-06
0.0000e+00
5.3167e-05
3.0994e-06
0.0000e+00
5.4121e-05
2.1458e-06
0.0000e+00
5.3883e-05
1.9073e-06
0.0000e+00
5.3883e-05
1.9073e-06
0.0000e+00
5.6982e-05
2.1458e-06
0.0000e+00
5.4121e-05
3.0994e-06
0.0000e+00
9.1791e-05
2.8610e-06
0.0000e+00
1.0204e-04
2.8610e-06
0.0000e+00
9.2983e-05
2.1458e-06
0.0000e+00
9.1076e-05
4.0531e-06
0.0000e+00
9.2983e-05
2.8610e-06
4.8494e-04
9.5367e-07
2.8610e-06
0.0000e+00
6.2943e-05
2.1458e-06
0.0000e+00
5.6982e-05
3.0994e-06
0.0000e+00
5.4121e-05
1.1921e-06
3.6955e-05
0.0000e+00
1.1921e-06
4.5061e-05
9.5367e-07
1.9073e-06
0.0000e+00
5.7220e-05
2.1458e-06
0.0000e+00
5.5075e-05
2.1458e-06
0.0000e+00
5.3883e-05
1.9073e-06
0.0000e+00
7.4863e-05
2.8610e-06
7.5483e-04
9.5367e-07
1.9073e-06
0.0000e+00
5.8174e-05
2.1458e-06
0.0000e+00
5.3167e-05
1.1921e-06
5.0068e-06
0.0000e+00
1.9073e-06
0.0000e+00
5.4836e-05
1.9073e-06
0.0000e+00
5.3883e-05
1.9073e-06
0.0000e+00
5.5075e-05
1.9073e-06
0.0000e+00
5.4121e-05
9.5367e-07
0.0000e+00
8.0109e-05
3.0994e-06
0.0000e+00
5.4836e-05
1.9073e-06
0.0000e+00
5.3883e-05
9.5367e-07
0.0000e+00
5.3883e-05
1.9073e-06
0.0000e+00
5.4121e-05
1.9073e-06
0.0000e+00
5.3167e-05
2.1458e-06
0.0000e+00
5.2929e-05
1.9073e-06
0.0000e+00
6.4850e-05
2.1458e-06
5.3596e-04
9.5367e-07
9.5367e-07
2.8396e-04
1.1921e-06
2.1458e-06
0.0000e+00
5.8889e-05
1.9073e-06
0.0000e+00
5.2929e-05
9.5367e-07
0.0000e+00
5.1975e-05
1.9073e-06
1.0967e-05
0.0000e+00
1.9073e-06
0.0000e+00
5.6028e-05
2.1458e-06
0.0000e+00
5.4121e-05
2.1458e-06
0.0000e+00
5.3883e-05
3.0994e-06
0.0000e+00
5.6982e-05
1.9073e-06
0.0000e+00
5.9843e-05
2.1458e-06
0.0000e+00
5.2929e-05
1.9073e-06
0.0000e+00
5.3167e-05
9.5367e-07
3.3140e-05
9.5367e-07
1.9073e-06
0.0000e+00
5.6982e-05
2.1458e-06
0.0000e+00
5.3883e-05
1.9073e-06
0.0000e+00
5.3883e-05
1.9073e-06
1.5812e-03
9.5367e-07
2.1458e-06
0.0000e+00
5.8889e-05
9.5367e-07
0.0000e+00
5.3883e-05
1.9073e-06
0.0000e+00
5.4836e-05
1.9073e-06
0.0000e+00
5.3883e-05
1.9073e-06
0.0000e+00
5.3883e-05
1.9073e-06
0.0000e+00
5.2929e-05
1.9073e-06
0.0000e+00
5.5075e-05
2.8610e-06
0.0000e+00
5.6982e-05
2.1458e-06
0.0000e+00
5.4121e-05
1.9073e-06
0.0000e+00
5.4121e-05
1.9073e-06
0.0000e+00
8.6069e-05
3.0994e-06
0.0000e+00
1.0300e-04
3.0994e-06
0.0000e+00
9.2030e-05
2.8610e-06
0.0000e+00
9.0837e-05
2.8610e-06
0.0000e+00
1.1301e-04
2.8610e-06
1.2183e-04
9.5367e-07
3.0994e-06
0.0000e+00
9.5129e-05
2.8610e-06
0.0000e+00
9.6083e-05
2.8610e-06
3.7599e-04
9.5367e-07
2.8610e-06
0.0000e+00
5.8174e-05
9.5367e-07
3.5000e-04
1.1921e-06
9.5367e-07
0.0000e+00
5.6028e-05
1.9073e-06
0.0000e+00
5.4121e-05
9.5367e-07
7.6056e-05
0.0000e+00
2.1458e-06
0.0000e+00
8.4877e-05
3.0994e-06
0.0000e+00
5.5075e-05
2.1458e-06
0.0000e+00
5.3883e-05
2.1458e-06
0.0000e+00
5.2929e-05
1.9073e-06
0.0000e+00
5.3883e-05
1.9073e-06
0.0000e+00
5.4121e-05
1.9073e-06
0.0000e+00
5.4121e-05
1.9073e-06
2.6703e-04
1.1921e-06
2.1458e-06
0.0000e+00
7.4863e-05
2.1458e-06
0.0000e+00
5.3883e-05
1.9073e-06
0.0000e+00
5.3883e-05
1.9073e-06
0.0000e+00
5.4121e-05
1.9073e-06
0.0000e+00
5.1975e-05
2.1458e-06
2.2888e-04
0.0000e+00
2.1458e-06
0.0000e+00
5.6982e-05
1.9073e-06
0.0000e+00
5.5075e-05
1.9073e-06
0.0000e+00
7.2002e-05
3.0994e-06
0.0000e+00
5.4121e-05
2.1458e-06
0.0000e+00
5.4121e-05
2.1458e-06
0.0000e+00
5.4121e-05
2.1458e-06
0.0000e+00
5.2929e-05
2.1458e-06
5.4598e-04
9.5367e-07
1.9073e-06
0.0000e+00
5.6982e-05
1.9073e-06
0.0000e+00
5.3167e-05
2.1458e-06
1.0014e-05
9.5367e-07
1.9073e-06
1.8883e-04
1.1921e-06
2.1458e-06
0.0000e+00
5.6982e-05
1.9073e-06
0.0000e+00
6.1035e-05
2.1458e-06
2.6894e-04
1.1921e-06
2.1458e-06
0.0000e+00
5.6028e-05
2.1458e-06
0.0000e+00
5.4121e-05
2.1458e-06
0.0000e+00
5.5075e-05
2.1458e-06
0.0000e+00
5.4121e-05
2.1458e-06
9.8944e-05
9.5367e-07
2.1458e-06
0.0000e+00
7.3910e-05
2.1458e-06
5.0068e-06
9.5367e-07
9.5367e-07
0.0000e+00
5.6028e-05
1.9073e-06
0.0000e+00
5.3883e-05
1.9073e-06
0.0000e+00
6.1035e-05
2.1458e-06
5.4002e-04
1.1921e-06
2.1458e-06
0.0000e+00
5.6982e-05
1.9073e-06
0.0000e+00
5.5075e-05
1.9073e-06
0.0000e+00
5.4121e-05
2.8610e-06
0.0000e+00
5.7220e-05
2.1458e-06
3.8099e-04
9.5367e-07
2.1458e-06
0.0000e+00
5.5075e-05
2.1458e-06
5.9605e-06
1.1921e-06
2.1458e-06
0.0000e+00
5.3883e-05
1.9073e-06
0.0000e+00
5.3883e-05
1.9073e-06
0.0000e+00
5.3883e-05
1.9073e-06
0.0000e+00
5.2929e-05
1.9073e-06
0.0000e+00
7.2956e-05
1.9073e-06
0.0000e+00
8.8930e-05
3.0994e-06
0.0000e+00
1.0204e-04
3.0994e-06
2.7800e-04
1.9073e-06
3.0994e-06
0.0000e+00
9.3937e-05
3.0994e-06
0.0000e+00
9.2030e-05
3.0994e-06
0.0000e+00
9.0837e-05
2.8610e-06
0.0000e+00
1.0109e-04
4.0531e-06
0.0000e+00
1.2898e-04
3.0994e-06
0.0000e+00
9.3937e-05
3.0994e-06
0.0000e+00
9.5844e-05
1.9073e-06
1.8835e-05
9.5367e-07
2.1458e-06
0.0000e+00
9.7036e-05
3.0994e-06
8.2970e-05
9.5367e-07
3.0994e-06
0.0000e+00
9.2983e-05
2.8610e-06
0.0000e+00
9.2983e-05
3.0994e-06
0.0000e+00
1.0014e-04
3.8147e-06
0.0000e+00
9.7036e-05
3.0994e-06
0.0000e+00
9.2983e-05
4.0531e-06
0.0000e+00
9.6083e-05
2.8610e-06
1.2875e-05
9.5367e-07
1.9073e-06
1.1110e-04
2.1458e-06
2.8610e-06
1.4067e-05
1.9073e-06
2.8610e-06
0.0000e+00
9.3937e-05
3.0994e-06
0.0000e+00
6.7949e-05
2.1458e-06
0.0000e+00
5.2929e-05
1.9073e-06
1.2398e-04
9.5367e-07
2.1458e-06
0.0000e+00
5.7936e-05
2.1458e-06
0.0000e+00
5.3883e-05
2.1458e-06
0.0000e+00
5.6028e-05
2.1458e-06
0.0000e+00
5.5075e-05
2.1458e-06
2.3293e-04
1.1921e-06
2.1458e-06
5.9605e-06
9.5367e-07
2.1458e-06
0.0000e+00
5.6028e-05
2.1458e-06
0.0000e+00
5.3883e-05
2.1458e-06
0.0000e+00
7.2002e-05
1.9073e-06
0.0000e+00
6.0081e-05
2.8610e-06
0.0000e+00
5.4836e-05
1.9073e-06
0.0000e+00
5.2929e-05
9.5367e-07
0.0000e+00
5.4121e-05
1.9073e-06
0.0000e+00
5.4121e-05
9.5367e-07
2.1935e-05
9.5367e-07
2.1458e-06
0.0000e+00
5.6982e-05
1.9073e-06
0.0000e+00
7.0810e-05
2.1458e-06
0.0000e+00
5.5075e-05
9.5367e-07
0.0000e+00
5.4121e-05
1.9073e-06
0.0000e+00
5.4121e-05
2.1458e-06
0.0000e+00
5.2929e-05
1.1921e-06
8.3995e-04
0.0000e+00
2.1458e-06
6.9141e-06
9.5367e-07
2.1458e-06
0.0000e+00
5.7936e-05
1.9073e-06
0.0000e+00
5.2929e-05
3.0994e-06
0.0000e+00
5.7936e-05
9.5367e-07
0.0000e+00
5.4836e-05
1.0014e-05
0.0000e+00
5.4836e-05
9.5367e-07
0.0000e+00
5.3883e-05
2.8610e-06
0.0000e+00
5.3883e-05
1.9073e-06
0.0000e+00
5.4121e-05
1.9073e-06
0.0000e+00
5.4121e-05
1.1921e-06
0.0000e+00
7.1049e-05
2.1458e-06
0.0000e+00
5.4121e-05
1.9073e-06
5.9605e-04
9.5367e-07
2.1458e-06
0.0000e+00
5.6982e-05
9.5367e-07
0.0000e+00
5.2929e-05
1.9073e-06
0.0000e+00
5.4121e-05
1.9073e-06
0.0000e+00
5.3167e-05
2.1458e-06
0.0000e+00
5.1975e-05
2.1458e-06
0.0000e+00
7.3910e-05
2.8610e-06
0.0000e+00
5.5790e-05
2.1458e-06
0.0000e+00
5.4836e-05
2.1458e-06
0.0000e+00
5.2929e-05
1.9073e-06
0.0000e+00
5.2929e-05
9.5367e-07
0.0000e+00
5.2929e-05
2.1458e-06
0.0000e+00
5.9843e-05
2.1458e-06
0.0000e+00
5.3883e-05
2.1458e-06
0.0000e+00
5.6028e-05
1.9073e-06
0.0000e+00
5.4121e-05
2.1458e-06
2.5201e-04
0.0000e+00
1.9073e-06
0.0000e+00
5.4836e-05
1.9073e-06
2.3842e-05
0.0000e+00
2.1458e-06
0.0000e+00
5.4121e-05
2.1458e-06
3.9101e-05
9.5367e-07
1.9073e-06
0.0000e+00
5.4836e-05
1.9073e-06
0.0000e+00
5.3883e-05
1.9073e-06
0.0000e+00
7.5102e-05
2.1458e-06
1.9073e-05
9.5367e-07
1.9073e-06
0.0000e+00
5.7936e-05
1.9073e-06
0.0000e+00
5.4121e-05
9.5367e-07
0.0000e+00
5.4121e-05
2.1458e-06
0.0000e+00
5.3883e-05
2.1458e-06
0.0000e+00
5.3883e-05
1.9073e-06
7.8678e-06
0.0000e+00
2.1458e-06
9.5844e-05
0.0000e+00
2.1458e-06
0.0000e+00
7.2956e-05
1.9073e-06
0.0000e+00
5.5075e-05
2.1458e-06
0.0000e+00
5.3883e-05
1.9073e-06
0.0000e+00
5.3883e-05
9.5367e-07
0.0000e+00
5.3883e-05
1.9073e-06
1.2159e-05
0.0000e+00
1.9073e-06
0.0000e+00
6.1989e-05
2.1458e-06
0.0000e+00
5.2929e-05
1.9073e-06
1.0967e-05
9.5367e-07
2.1458e-06
0.0000e+00
5.9128e-05
2.1458e-06
9.4891e-05
0.0000e+00
9.5367e-07
0.0000e+00
5.5075e-05
9.5367e-07
4.5061e-05
9.5367e-07
1.9073e-06
1.2875e-05
1.1921e-06
1.1921e-06
0.0000e+00
5.5075e-05
1.9073e-06
0.0000e+00
5.4121e-05
2.1458e-06
0.0000e+00
5.4121e-05
1.1921e-06
0.0000e+00
5.2929e-05
2.1458e-06
0.0000e+00
5.6982e-05
1.9073e-06
0.0000e+00
5.3883e-05
1.9073e-06
0.0000e+00
6.1035e-05
2.1458e-06
0.0000e+00
5.3883e-05
1.9073e-06
0.0000e+00
5.3883e-05
1.9073e-06
7.4148e-05
9.5367e-07
1.9073e-06
0.0000e+00
5.5790e-05
2.1458e-06
0.0000e+00
5.3883e-05
1.9073e-06
0.0000e+00
5.6028e-05
2.1458e-06
0.0000e+00
5.2929e-05
2.1458e-06
0.0000e+00
5.3883e-05
2.1458e-06
0.0000e+00
5.2929e-05
9.5367e-07
0.0000e+00
5.1975e-05
9.5367e-07
0.0000e+00
5.1975e-05
9.5367e-07
0.0000e+00
5.3883e-05
1.9073e-06
0.0000e+00
7.4863e-05
2.1458e-06
0.0000e+00
5.6028e-05
1.9073e-06
0.0000e+00
5.4121e-05
9.5367e-07
0.0000e+00
5.3167e-05
2.1458e-06
0.0000e+00
5.4121e-05
1.1921e-06
0.0000e+00
5.6982e-05
1.9073e-06
0.0000e+00
5.5075e-05
1.9073e-06
1.5020e-05
0.0000e+00
2.1458e-06
6.2943e-05
0.0000e+00
9.5367e-07
0.0000e+00
7.9155e-05
3.0994e-06
0.0000e+00
5.4121e-05
9.5367e-07
0.0000e+00
5.4121e-05
2.1458e-06
0.0000e+00
5.3883e-05
2.1458e-06
2.7895e-05
9.5367e-07
1.9073e-06
7.1049e-05
1.1921e-06
1.9073e-06
4.6968e-05
9.5367e-07
2.1458e-06
0.0000e+00
5.7936e-05
2.1458e-06
0.0000e+00
5.2929e-05
1.9073e-06
0.0000e+00
7.2956e-05
2.1458e-06
0.0000e+00
5.4121e-05
2.1458e-06
0.0000e+00
5.2929e-05
1.9073e-06
0.0000e+00
5.3883e-05
1.9073e-06
0.0000e+00
5.2929e-05
1.9073e-06
0.0000e+00
5.3167e-05
2.1458e-06
0.0000e+00
5.2929e-05
1.9073e-06
0.0000e+00
5.3883e-05
2.1458e-06
0.0000e+00
5.6028e-05
1.9073e-06
1.0014e-05
1.1921e-06
1.1921e-06
5.6982e-05
9.5367e-07
1.1921e-06
0.0000e+00
5.5075e-05
2.1458e-06
0.0000e+00
5.1975e-05
1.9073e-06
0.0000e+00
5.4121e-05
1.9073e-06
0.0000e+00
5.4121e-05
1.9073e-06
0.0000e+00
5.4121e-05
2.1458e-06
7.8678e-06
0.0000e+00
9.5367e-07
0.0000e+00
7.3195e-05
3.0994e-06
0.0000e+00
5.5075e-05
2.1458e-06
0.0000e+00
5.2929e-05
2.1458e-06
2.1935e-05
1.1921e-06
2.1458e-06
0.0000e+00
5.6028e-05
1.9073e-06
0.0000e+00
5.3883e-05
1.9073e-06
7.0095e-05
9.5367e-07
1.9073e-06
0.0000e+00
6.1989e-05
1.9073e-06
0.0000e+00
5.3167e-05
1.9073e-06
3.9816e-05
9.5367e-07
9.5367e-07
0.0000e+00
5.9128e-05
2.1458e-06
0.0000e+00
5.5075e-05
2.1458e-06
6.1035e-05
0.0000e+00
1.9073e-06
5.3883e-05
0.0000e+00
1.9073e-06
0.0000e+00
5.5790e-05
2.1458e-06
0.0000e+00
5.3883e-05
1.9073e-06
0.0000e+00
5.3883e-05
9.5367e-07
0.0000e+00
5.3883e-05
2.8610e-06
0.0000e+00
5.6982e-05
2.1458e-06
0.0000e+00
5.3167e-05
2.1458e-06
0.0000e+00
5.3883e-05
2.1458e-06
0.0000e+00
5.3883e-05
2.1458e-06
0.0000e+00
5.1975e-05
1.9073e-06
0.0000e+00
5.3167e-05
2.1458e-06
0.0000e+00
5.2929e-05
2.1458e-06
0.0000e+00
6.8903e-05
2.1458e-06
0.0000e+00
5.4121e-05
2.1458e-06
0.0000e+00
5.2929e-05
1.9073e-06
1.0014e-05
9.5367e-07
1.9073e-06
0.0000e+00
5.6028e-05
1.9073e-06
0.0000e+00
5.4121e-05
1.9073e-06
0.0000e+00
5.4121e-05
2.1458e-06
0.0000e+00
5.4121e-05
2.1458e-06
0.0000e+00
7.7009e-05
1.9073e-06
0.0000e+00
6.3181e-05
2.1458e-06
0.0000e+00
5.5075e-05
1.9073e-06
0.0000e+00
5.5075e-05
1.9073e-06
0.0000e+00
5.4121e-05
1.9073e-06
0.0000e+00
5.4121e-05
2.1458e-06
0.0000e+00
5.2929e-05
2.1458e-06
0.0000e+00
5.3883e-05
1.9073e-06
2.7895e-05
1.5020e-05
2.1458e-06
5.5075e-05
9.5367e-07
1.9073e-06
0.0000e+00
5.9128e-05
1.9073e-06
0.0000e+00
5.4121e-05
1.9073e-06
0.0000e+00
5.2929e-05
2.1458e-06
4.8876e-05
9.5367e-07
2.1458e-06
0.0000e+00
5.6028e-05
1.9073e-06
0.0000e+00
6.1035e-05
1.9073e-06
3.6955e-05
9.5367e-07
1.9073e-06
0.0000e+00
5.5075e-05
2.1458e-06
5.0068e-06
0.0000e+00
1.9073e-06
1.0085e-04
1.1921e-06
2.1458e-06
0.0000e+00
5.6982e-05
1.9073e-06
0.0000e+00
5.4121e-05
9.5367e-07
0.0000e+00
5.4121e-05
1.9073e-06
0.0000e+00
5.4121e-05
2.1458e-06
0.0000e+00
5.2929e-05
1.9073e-06
0.0000e+00
5.3883e-05
1.9073e-06
1.6212e-05
9.5367e-07
1.9073e-06
0.0000e+00
5.6982e-05
1.9073e-06
0.0000e+00
5.4121e-05
2.1458e-06
0.0000e+00
6.1035e-05
1.9073e-06
0.0000e+00
5.3883e-05
1.9073e-06
0.0000e+00
5.4121e-05
1.9073e-06
0.0000e+00
5.3167e-05
1.1921e-06
0.0000e+00
5.3883e-05
9.5367e-07
0.0000e+00
7.1049e-05
3.0994e-06
0.0000e+00
5.4121e-05
2.1458e-06
0.0000e+00
5.2929e-05
1.9073e-06
3.9101e-05
9.5367e-07
2.1458e-06
0.0000e+00
5.6028e-05
9.5367e-07
0.0000e+00
5.4121e-05
2.1458e-06
2.7895e-05
9.5367e-07
2.1458e-06
0.0000e+00
5.5075e-05
9.5367e-07
0.0000e+00
5.4121e-05
3.0994e-06
0.0000e+00
6.3896e-05
2.8610e-06
0.0000e+00
5.4121e-05
1.9073e-06
2.5988e-05
1.1921e-06
2.1458e-06
0.0000e+00
5.5075e-05
2.1458e-06
6.9141e-06
0.0000e+00
2.1458e-06
0.0000e+00
5.5075e-05
2.1458e-06
0.0000e+00
5.2929e-05
1.9073e-06
0.0000e+00
5.2929e-05
1.9073e-06
0.0000e+00
5.4121e-05
1.9073e-06
0.0000e+00
5.6028e-05
1.9073e-06
0.0000e+00
5.2929e-05
1.9073e-06
0.0000e+00
5.4121e-05
2.1458e-06
0.0000e+00
5.2929e-05
1.9073e-06
0.0000e+00
5.4121e-05
2.1458e-06
0.0000e+00
5.1975e-05
1.9073e-06
0.0000e+00
6.1989e-05
1.9073e-06
0.0000e+00
7.2002e-05
1.9073e-06
0.0000e+00
5.4121e-05
9.5367e-07
0.0000e+00
5.6028e-05
1.9073e-06
0.0000e+00
5.4121e-05
1.9073e-06
0.0000e+00
5.4121e-05
2.1458e-06
2.9087e-05
9.5367e-07
9.5367e-07
0.0000e+00
5.5790e-05
2.1458e-06
0.0000e+00
5.3883e-05
2.1458e-06
0.0000e+00
6.7949e-05
2.8610e-06
0.0000e+00
5.6982e-05
2.1458e-06
0.0000e+00
5.1975e-05
1.9073e-06
0.0000e+00
5.1975e-05
1.9073e-06
0.0000e+00
5.9128e-05
1.9073e-06
0.0000e+00
5.5075e-05
1.9073e-06
5.7936e-05
9.5367e-07
1.9073e-06
0.0000e+00
5.6028e-05
1.9073e-06
1.0014e-05
9.5367e-07
1.9073e-06
0.0000e+00
7.4148e-05
3.0994e-06
0.0000e+00
5.5075e-05
2.1458e-06
0.0000e+00
5.2929e-05
2.1458e-06
0.0000e+00
5.3883e-05
9.5367e-07
0.0000e+00
5.4836e-05
3.0994e-06
0.0000e+00
6.7949e-05
2.1458e-06
2.5034e-05
9.5367e-07
9.5367e-07
7.9155e-05
9.5367e-07
1.9073e-06
7.1526e-06
0.0000e+00
1.9073e-06
0.0000e+00
7.7009e-05
2.8610e-06
0.0000e+00
5.4836e-05
9.5367e-07
0.0000e+00
5.3883e-05
1.9073e-06
0.0000e+00
5.5075e-05
9.5367e-07
0.0000e+00
5.4121e-05
1.9073e-06
0.0000e+00
5.4121e-05
2.1458e-06
5.6028e-05
9.5367e-07
2.1458e-06
4.5061e-05
9.5367e-07
1.9073e-06
0.0000e+00
5.6982e-05
1.9073e-06
5.0068e-06
9.5367e-07
1.9073e-06
0.0000e+00
5.6982e-05
2.1458e-06
0.0000e+00
5.3883e-05
2.1458e-06
2.0027e-05
9.5367e-07
1.9073e-06
0.0000e+00
5.6028e-05
1.9073e-06
0.0000e+00
5.2929e-05
1.9073e-06
0.0000e+00
6.1035e-05
1.9073e-06
1.0896e-04
9.5367e-07
1.9073e-06
0.0000e+00
5.5075e-05
3.0994e-06
0.0000e+00
5.6982e-05
1.9073e-06
0.0000e+00
5.3167e-05
2.1458e-06
0.0000e+00
5.2929e-05
9.5367e-07
0.0000e+00
5.2929e-05
2.1458e-06
0.0000e+00
5.3167e-05
1.9073e-06
0.0000e+00
5.1975e-05
1.9073e-06
2.9087e-05
9.5367e-07
1.9073e-06
0.0000e+00
5.3883e-05
1.9073e-06
0.0000e+00
7.6056e-05
1.9073e-06
0.0000e+00
5.4836e-05
1.9073e-06
0.0000e+00
6.0081e-05
1.9073e-06
0.0000e+00
5.1975e-05
1.9073e-06
0.0000e+00
5.2929e-05
1.1921e-06
5.8889e-05
1.1921e-06
2.1458e-06
0.0000e+00
5.6982e-05
9.5367e-07
5.0068e-06
1.1921e-06
1.9073e-06
0.0000e+00
5.3883e-05
1.9073e-06
3.6955e-05
9.5367e-07
1.9073e-06
0.0000e+00
5.7936e-05
1.9073e-06
7.9155e-05
9.5367e-07
1.9073e-06
4.1008e-05
9.5367e-07
2.1458e-06
0.0000e+00
5.6028e-05
1.9073e-06
3.5048e-05
1.1921e-06
2.1458e-06
7.3910e-05
9.5367e-07
2.1458e-06
0.0000e+00
6.3896e-05
2.1458e-06
0.0000e+00
5.2929e-05
1.9073e-06
0.0000e+00
5.2929e-05
2.8610e-06
0.0000e+00
5.7220e-05
2.1458e-06
0.0000e+00
5.5075e-05
2.1458e-06
0.0000e+00
5.5075e-05
2.1458e-06
0.0000e+00
5.3883e-05
1.9073e-06
3.6955e-05
9.5367e-07
1.9073e-06
0.0000e+00
5.5075e-05
1.9073e-06
0.0000e+00
5.4836e-05
1.9073e-06
2.0981e-05
0.0000e+00
9.5367e-07
0.0000e+00
7.9870e-05
1.9073e-06
1.1921e-05
1.1921e-06
2.1458e-06
0.0000e+00
5.7936e-05
1.9073e-06
0.0000e+00
5.3883e-05
1.9073e-06
0.0000e+00
5.6028e-05
2.1458e-06
0.0000e+00
5.2929e-05
2.1458e-06
0.0000e+00
5.4836e-05
1.1921e-06
6.1035e-05
0.0000e+00
1.9073e-06
0.0000e+00
5.5075e-05
1.9073e-06
0.0000e+00
7.1049e-05
1.9073e-06
9.0599e-06
9.5367e-07
9.5367e-07
0.0000e+00
5.6982e-05
1.9073e-06
1.0300e-04
9.5367e-07
1.9073e-06
0.0000e+00
5.6028e-05
1.9073e-06
4.6968e-05
9.5367e-07
1.9073e-06
0.0000e+00
5.5075e-05
1.9073e-06
4.0054e-05
9.5367e-07
2.1458e-06
5.1022e-05
0.0000e+00
1.9073e-06
1.0014e-05
9.5367e-07
9.5367e-07
0.0000e+00
5.7936e-05
1.9073e-06
0.0000e+00
5.5075e-05
1.9073e-06
0.0000e+00
5.2929e-05
1.9073e-06
0.0000e+00
5.4121e-05
2.1458e-06
0.0000e+00
5.2929e-05
1.9073e-06
0.0000e+00
5.2929e-05
1.9073e-06
6.6996e-05
9.5367e-07
9.5367e-07
0.0000e+00
5.6028e-05
1.9073e-06
0.0000e+00
5.2929e-05
2.1458e-06
0.0000e+00
5.6982e-05
1.9073e-06
1.0014e-05
9.5367e-07
1.9073e-06
0.0000e+00
5.5075e-05
1.9073e-06
8.0109e-05
0.0000e+00
2.1458e-06
0.0000e+00
5.6982e-05
1.9073e-06
3.3140e-05
9.5367e-07
1.9073e-06
0.0000e+00
5.2929e-05
1.9073e-06
0.0000e+00
5.3167e-05
2.1458e-06
0.0000e+00
5.2929e-05
1.9073e-06
0.0000e+00
7.2956e-05
2.1458e-06
0.0000e+00
5.3167e-05
1.1921e-06
0.0000e+00
5.2929e-05
1.9073e-06
1.2875e-05
1.1921e-06
1.1921e-06
0.0000e+00
5.6028e-05
1.9073e-06
0.0000e+00
5.4121e-05
9.5367e-07
0.0000e+00
5.3167e-05
2.1458e-06
0.0000e+00
5.5075e-05
9.5367e-07
0.0000e+00
7.2002e-05
2.8610e-06
0.0000e+00
5.4836e-05
1.9073e-06
0.0000e+00
5.4836e-05
2.1458e-06
0.0000e+00
5.4836e-05
2.1458e-06
0.0000e+00
5.4836e-05
2.1458e-06
2.3842e-05
0.0000e+00
1.9073e-06
0.0000e+00
5.6028e-05
9.5367e-07
0.0000e+00
5.2214e-05
2.1458e-06
0.0000e+00
7.6056e-05
2.8610e-06
8.7023e-05
1.1921e-06
2.1458e-06
0.0000e+00
5.6028e-05
1.9073e-06
0.0000e+00
5.3167e-05
2.1458e-06
0.0000e+00
5.4121e-05
2.1458e-06
0.0000e+00
5.4121e-05
2.1458e-06
3.0041e-05
0.0000e+00
3.0994e-06
0.0000e+00
5.6028e-05
2.1458e-06
0.0000e+00
5.2929e-05
1.9073e-06
0.0000e+00
7.3910e-05
1.9073e-06
0.0000e+00
5.4121e-05
1.9073e-06
5.0068e-06
0.0000e+00
2.1458e-06
0.0000e+00
5.6028e-05
9.5367e-07
0.0000e+00
5.4121e-05
1.1921e-06
0.0000e+00
5.2929e-05
1.9073e-06
0.0000e+00
5.6028e-05
1.9073e-06
0.0000e+00
5.2929e-05
1.9073e-06
0.0000e+00
7.2002e-05
1.9073e-06
0.0000e+00
5.4836e-05
1.9073e-06
0.0000e+00
5.2929e-05
1.9073e-06
6.2943e-05
9.5367e-07
1.9073e-06
0.0000e+00
5.6028e-05
9.5367e-07
0.0000e+00
5.4121e-05
1.9073e-06
0.0000e+00
5.3167e-05
2.1458e-06
0.0000e+00
5.3883e-05
1.9073e-06
0.0000e+00
7.2956e-05
1.9073e-06
0.0000e+00
5.4121e-05
1.9073e-06
0.0000e+00
5.3167e-05
2.1458e-06
0.0000e+00
5.2929e-05
1.9073e-06
0.0000e+00
5.2929e-05
1.9073e-06
0.0000e+00
5.3167e-05
2.1458e-06
0.0000e+00
5.4121e-05
1.1921e-06
0.0000e+00
5.3883e-05
1.9073e-06
0.0000e+00
5.6982e-05
2.1458e-06
0.0000e+00
5.3883e-05
2.1458e-06
0.0000e+00
5.2929e-05
1.9073e-06
5.0068e-06
9.5367e-07
2.1458e-06
0.0000e+00
5.5075e-05
2.1458e-06
3.0994e-05
9.5367e-07
2.1458e-06
0.0000e+00
5.3883e-05
1.1921e-06
0.0000e+00
5.3883e-05
2.1458e-06
0.0000e+00
6.8903e-05
1.9073e-06
0.0000e+00
5.6982e-05
1.9073e-06
0.0000e+00
5.3167e-05
2.1458e-06
0.0000e+00
5.5075e-05
2.1458e-06
0.0000e+00
5.2929e-05
1.9073e-06
1.5974e-05
9.5367e-07
1.9073e-06
0.0000e+00
5.4836e-05
1.9073e-06
0.0000e+00
5.2929e-05
1.9073e-06
0.0000e+00
7.2002e-05
3.0994e-06
0.0000e+00
5.6982e-05
1.9073e-06
0.0000e+00
5.4121e-05
1.9073e-06
0.0000e+00
5.4121e-05
2.1458e-06
0.0000e+00
5.2929e-05
1.9073e-06
0.0000e+00
5.1975e-05
2.1458e-06
0.0000e+00
5.4121e-05
2.1458e-06
0.0000e+00
5.2929e-05
9.5367e-07
0.0000e+00
6.9857e-05
2.8610e-06
0.0000e+00
5.4836e-05
1.9073e-06
8.5831e-05
9.5367e-07
1.9073e-06
0.0000e+00
5.5075e-05
1.9073e-06
0.0000e+00
5.5075e-05
2.1458e-06
0.0000e+00
5.4836e-05
2.1458e-06
0.0000e+00
5.2929e-05
1.9073e-06
0.0000e+00
5.3883e-05
1.9073e-06
0.0000e+00
7.4148e-05
3.0994e-06
0.0000e+00
5.4121e-05
2.1458e-06
0.0000e+00
5.4121e-05
2.1458e-06
0.0000e+00
5.4121e-05
2.1458e-06
0.0000e+00
5.3167e-05
2.1458e-06
0.0000e+00
5.4121e-05
9.5367e-07
0.0000e+00
5.3883e-05
9.5367e-07
0.0000e+00
5.3883e-05
2.1458e-06
0.0000e+00
5.6028e-05
1.9073e-06
5.9605e-06
9.5367e-07
1.9073e-06
0.0000e+00
5.6028e-05
1.9073e-06
0.0000e+00
5.2929e-05
1.9073e-06
0.0000e+00
5.4121e-05
1.9073e-06
0.0000e+00
5.4121e-05
2.1458e-06
0.0000e+00
5.2929e-05
9.5367e-07
0.0000e+00
5.3883e-05
2.1458e-06
0.0000e+00
5.6028e-05
9.5367e-07
6.9141e-05
9.5367e-07
1.9073e-06
0.0000e+00
5.6028e-05
1.9073e-06
5.0068e-06
9.5367e-07
1.9073e-06
0.0000e+00
5.5075e-05
9.5367e-07
0.0000e+00
5.3167e-05
2.1458e-06
0.0000e+00
5.3167e-05
2.1458e-06
0.0000e+00
5.2929e-05
1.9073e-06
0.0000e+00
7.7009e-05
3.0994e-06
0.0000e+00
5.6982e-05
9.5367e-07
0.0000e+00
5.3167e-05
9.5367e-07
0.0000e+00
5.4121e-05
2.1458e-06
0.0000e+00
5.2929e-05
9.5367e-07
0.0000e+00
5.3883e-05
1.9073e-06
0.0000e+00
5.2214e-05
2.1458e-06
0.0000e+00
5.2929e-05
1.9073e-06
4.1008e-05
1.3828e-05
2.1458e-06
0.0000e+00
5.8174e-05
2.1458e-06
0.0000e+00
5.3883e-05
2.1458e-06
0.0000e+00
5.3883e-05
9.5367e-07
2.9802e-05
9.5367e-07
1.9073e-06
0.0000e+00
5.4121e-05
1.9073e-06
9.0599e-06
9.5367e-07
9.5367e-07
0.0000e+00
6.2943e-05
1.9073e-06
0.0000e+00
5.4121e-05
1.9073e-06
0.0000e+00
7.2002e-05
2.1458e-06
0.0000e+00
5.3883e-05
2.1458e-06
0.0000e+00
5.3883e-05
2.1458e-06
0.0000e+00
5.3883e-05
1.9073e-06
0.0000e+00
5.2929e-05
9.5367e-07
5.6028e-05
0.0000e+00
2.1458e-06
0.0000e+00
5.5075e-05
2.1458e-06
0.0000e+00
5.3883e-05
2.1458e-06
0.0000e+00
7.1049e-05
3.0994e-06
0.0000e+00
5.4121e-05
2.1458e-06
0.0000e+00
5.1975e-05
1.9073e-06
0.0000e+00
5.9843e-05
1.9073e-06
4.6968e-05
9.5367e-07
1.9073e-06
0.0000e+00
5.8174e-05
2.1458e-06
0.0000e+00
5.4121e-05
2.1458e-06
4.0054e-05
9.5367e-07
9.5367e-07
0.0000e+00
5.5075e-05
1.9073e-06
0.0000e+00
5.6028e-05
2.1458e-06
0.0000e+00
5.3883e-05
2.1458e-06
0.0000e+00
5.2929e-05
1.1149e-01
