6.0611e-03
3.0849e-03
0.0000e+00
1.2398e-04
6.1035e-05
2.6941e-05
9.5367e-07
8.3923e-05
4.1962e-05
9.5367e-07
4.0054e-05
0.0000e+00
6.1989e-05
4.7922e-05
0.0000e+00
5.6982e-05
4.9829e-05
0.0000e+00
5.6028e-05
4.8876e-05
0.0000e+00
5.5075e-05
4.6968e-05
5.0068e-06
9.5367e-07
1.3995e-04
2.9051e-03
9.5367e-07
5.0068e-06
0.0000e+00
9.0122e-05
1.9073e-06
0.0000e+00
7.2002e-05
4.0531e-06
0.0000e+00
5.6028e-05
1.1921e-05
0.0000e+00
5.6028e-05
2.1458e-06
0.0000e+00
5.5075e-05
3.8862e-05
0.0000e+00
5.4836e-05
5.6982e-05
0.0000e+00
5.5790e-05
1.0109e-04
9.0599e-06
9.5367e-07
1.3590e-04
0.0000e+00
7.9870e-05
3.3140e-05
0.0000e+00
5.7936e-05
1.1706e-04
0.0000e+00
1.0014e-04
2.1935e-05
0.0000e+00
9.3937e-05
9.0599e-06
0.0000e+00
9.5844e-05
3.8147e-06
0.0000e+00
9.3937e-05
4.0531e-06
0.0000e+00
9.4891e-05
3.9101e-05
0.0000e+00
9.6083e-05
3.8147e-06
3.4094e-05
9.5367e-07
2.5034e-05
0.0000e+00
9.7036e-05
5.0068e-06
0.0000e+00
9.4891e-05
4.0531e-06
0.0000e+00
9.5129e-05
4.0531e-06
0.0000e+00
9.6083e-05
8.8215e-06
0.0000e+00
9.2983e-05
4.0531e-06
0.0000e+00
9.2030e-05
1.1921e-05
6.9141e-06
9.5367e-07
3.0994e-06
4.6015e-05
2.1458e-06
2.8610e-06
0.0000e+00
1.9002e-04
9.0599e-06
0.0000e+00
1.0109e-04
1.4067e-05
0.0000e+00
9.5129e-05
1.1921e-05
0.0000e+00
9.5844e-05
4.0531e-06
0.0000e+00
9.5844e-05
1.3113e-05
7.1526e-06
1.1921e-06
5.9605e-06
0.0000e+00
9.6083e-05
6.9141e-06
0.0000e+00
9.5129e-05
1.0967e-05
0.0000e+00
1.3113e-04
7.7009e-05
0.0000e+00
9.4891e-05
3.8147e-06
0.0000e+00
9.2983e-05
4.0531e-06
0.0000e+00
9.5844e-05
1.0967e-05
0.0000e+00
9.3222e-05
2.8610e-06
2.7895e-05
9.5367e-07
3.0994e-06
5.9128e-05
9.5367e-07
3.0994e-06
0.0000e+00
9.6083e-05
3.0994e-06
0.0000e+00
1.0180e-04
5.0068e-06
1.5974e-05
1.9073e-06
2.8610e-06
0.0000e+00
9.4891e-05
1.0014e-05
0.0000e+00
9.4891e-05
2.4080e-05
4.9829e-05
9.5367e-07
4.0531e-06
9.7990e-05
9.5367e-07
1.9073e-06
0.0000e+00
9.2030e-05
3.8147e-06
0.0000e+00
8.8930e-05
1.3828e-05
0.0000e+00
6.3896e-05
2.1458e-06
0.0000e+00
5.6028e-05
2.8992e-04
0.0000e+00
5.8174e-05
2.1458e-06
0.0000e+00
5.5075e-05
2.1458e-06
0.0000e+00
5.4121e-05
2.1458e-06
0.0000e+00
5.5075e-05
3.9101e-05
2.4915e-04
9.5367e-07
1.9073e-06
0.0000e+00
5.6028e-05
1.1921e-06
2.3890e-04
0.0000e+00
2.1458e-06
5.0068e-06
9.5367e-07
1.0014e-05
0.0000e+00
5.6982e-05
2.8610e-06
0.0000e+00
7.3910e-05
1.0800e-04
0.0000e+00
5.4836e-05
1.9073e-06
0.0000e+00
5.4836e-05
2.1458e-06
0.0000e+00
5.5075e-05
1.9073e-06
0.0000e+00
5.4836e-05
1.9073e-06
0.0000e+00
6.1989e-05
2.8610e-06
0.0000e+00
5.5790e-05
7.1526e-06
0.0000e+00
5.3883e-05
3.0994e-06
0.0000e+00
5.8174e-05
4.7898e-04
2.3127e-05
9.5367e-07
3.2902e-05
0.0000e+00
5.6028e-05
2.1458e-06
0.0000e+00
5.5075e-05
3.0994e-06
0.0000e+00
6.1035e-05
9.5844e-05
0.0000e+00
5.4836e-05
2.0981e-05
5.0068e-06
9.5367e-07
2.1458e-06
2.8896e-04
1.1921e-06
2.1458e-06
0.0000e+00
5.5075e-05
1.9073e-06
0.0000e+00
5.6028e-05
1.9073e-06
0.0000e+00
5.2929e-05
9.5367e-07
0.0000e+00
5.4121e-05
3.0994e-06
1.4641e-03
1.1921e-06
3.0994e-06
8.1062e-06
9.5367e-07
9.5367e-07
0.0000e+00
6.1035e-05
9.5367e-07
0.0000e+00
5.5075e-05
2.1458e-06
0.0000e+00
5.5075e-05
9.5367e-07
0.0000e+00
7.3910e-05
1.7500e-04
5.0068e-06
1.1921e-06
5.1022e-05
5.0068e-06
9.5367e-07
4.7922e-05
4.0531e-06
1.1921e-06
8.1062e-06
0.0000e+00
5.8174e-05
3.0994e-06
0.0000e+00
5.6028e-05
1.5020e-05
0.0000e+00
5.3883e-05
5.0068e-06
0.0000e+00
5.4121e-05
3.8147e-06
4.1986e-04
9.5367e-07
2.1458e-06
0.0000e+00
5.5075e-05
9.5367e-07
0.0000e+00
7.2002e-05
1.6093e-04
0.0000e+00
5.5790e-05
3.0994e-06
0.0000e+00
5.3883e-05
2.1458e-06
0.0000e+00
5.4836e-05
1.9073e-06
0.0000e+00
5.3883e-05
1.9073e-06
0.0000e+00
5.3883e-05
1.9073e-06
0.0000e+00
5.3883e-05
1.9073e-06
0.0000e+00
5.4836e-05
2.8610e-06
2.2316e-04
9.5367e-07
9.5367e-07
0.0000e+00
5.7936e-05
1.9073e-06
0.0000e+00
8.1062e-05
2.8610e-06
0.0000e+00
9.3937e-05
3.8147e-06
0.0000e+00
9.5129e-05
7.8678e-06
0.0000e+00
9.3937e-05
6.9141e-06
0.0000e+00
9.3937e-05
8.1062e-06
0.0000e+00
9.7990e-05
5.0068e-06
0.0000e+00
1.0419e-04
5.0068e-06
0.0000e+00
6.1035e-05
6.9141e-06
0.0000e+00
6.3181e-05
3.0994e-06
0.0000e+00
5.5075e-05
1.1206e-05
0.0000e+00
5.6982e-05
3.8004e-04
5.9605e-06
1.1921e-06
7.5102e-05
0.0000e+00
5.6028e-05
1.9073e-06
0.0000e+00
5.4836e-05
4.0531e-06
0.0000e+00
5.6028e-05
1.9073e-06
4.7684e-06
9.5367e-07
2.4796e-05
0.0000e+00
6.1989e-05
9.2983e-05
0.0000e+00
5.5075e-05
3.0994e-06
0.0000e+00
5.4121e-05
2.1458e-06
1.9193e-04
1.1921e-06
2.1458e-06
0.0000e+00
5.6982e-05
1.9073e-06
0.0000e+00
5.4121e-05
1.9073e-06
0.0000e+00
7.2002e-05
9.0599e-06
0.0000e+00
5.8174e-05
1.4400e-04
0.0000e+00
6.1989e-05
3.0994e-06
0.0000e+00
5.5075e-05
1.9073e-06
0.0000e+00
5.5075e-05
1.9073e-06
0.0000e+00
5.3883e-05
1.7881e-05
0.0000e+00
5.3883e-05
2.8610e-06
0.0000e+00
5.3883e-05
1.9073e-06
0.0000e+00
7.2002e-05
9.5844e-05
0.0000e+00
5.4836e-05
8.2016e-05
4.0531e-06
9.5367e-07
1.9073e-06
0.0000e+00
5.4836e-05
4.0531e-06
5.1975e-05
0.0000e+00
9.5367e-07
2.8610e-06
9.5367e-07
2.1458e-06
0.0000e+00
6.1989e-05
2.0027e-05
0.0000e+00
5.5075e-05
4.3154e-05
0.0000e+00
5.5075e-05
4.0531e-06
0.0000e+00
7.1049e-05
9.0599e-06
8.2302e-04
0.0000e+00
1.9073e-06
0.0000e+00
5.7936e-05
1.9073e-06
0.0000e+00
5.3883e-05
1.9073e-06
0.0000e+00
5.4836e-05
9.5367e-07
0.0000e+00
5.3883e-05
2.1291e-04
0.0000e+00
5.3883e-05
1.9073e-06
0.0000e+00
5.3883e-05
5.3883e-05
2.1982e-04
9.5367e-07
4.0531e-06
0.0000e+00
5.8174e-05
2.1458e-06
0.0000e+00
5.5075e-05
2.8610e-06
1.0014e-05
9.5367e-07
1.9073e-06
1.3614e-04
9.5367e-07
9.5367e-07
0.0000e+00
5.6028e-05
1.9073e-06
4.0531e-06
1.1921e-06
1.1921e-06
0.0000e+00
5.5075e-05
2.1458e-06
0.0000e+00
5.5075e-05
2.1458e-06
0.0000e+00
5.2929e-05
1.9073e-06
0.0000e+00
8.9884e-05
5.0068e-06
0.0000e+00
9.9897e-05
4.0531e-06
0.0000e+00
9.7036e-05
1.0967e-05
0.0000e+00
9.2030e-05
4.0531e-06
0.0000e+00
9.1076e-05
8.1062e-06
0.0000e+00
9.0122e-05
1.0014e-05
2.0027e-05
9.5367e-07
3.0994e-06
0.0000e+00
9.5844e-05
3.0994e-06
0.0000e+00
1.2612e-04
1.2493e-04
0.0000e+00
6.0081e-05
2.1458e-06
0.0000e+00
5.6028e-05
2.8610e-06
0.0000e+00
5.4836e-05
1.9073e-06
0.0000e+00
5.4836e-05
1.9073e-06
0.0000e+00
5.2929e-05
1.1921e-05
0.0000e+00
5.3883e-05
1.9073e-06
0.0000e+00
5.4836e-05
3.0994e-06
0.0000e+00
5.6028e-05
1.9073e-06
0.0000e+00
5.3883e-05
1.9073e-06
0.0000e+00
5.3883e-05
1.9073e-06
0.0000e+00
5.3883e-05
9.5367e-07
0.0000e+00
5.4121e-05
1.9073e-06
0.0000e+00
5.4121e-05
2.8610e-06
0.0000e+00
5.4836e-05
9.5367e-07
6.0582e-04
9.5367e-07
2.8610e-06
6.1989e-06
9.5367e-07
9.5367e-07
0.0000e+00
5.6982e-05
1.9073e-06
0.0000e+00
5.3883e-05
1.9073e-06
0.0000e+00
5.5075e-05
2.1458e-06
0.0000e+00
6.1035e-05
1.9073e-06
0.0000e+00
5.4121e-05
2.1458e-06
4.2415e-04
1.1921e-06
3.0994e-06
0.0000e+00
5.8889e-05
1.9073e-06
0.0000e+00
7.4863e-05
2.8610e-06
0.0000e+00
5.6982e-05
3.0994e-06
0.0000e+00
5.4121e-05
3.0994e-06
0.0000e+00
5.4121e-05
2.1505e-04
5.0068e-06
9.5367e-07
1.9073e-06
0.0000e+00
5.5075e-05
2.8610e-06
0.0000e+00
5.4836e-05
1.9073e-06
5.2214e-05
9.5367e-07
2.0027e-05
3.1304e-04
9.5367e-07
9.5367e-07
0.0000e+00
7.2002e-05
2.1458e-06
6.9141e-06
1.1921e-06
1.1921e-06
1.4091e-04
9.5367e-07
1.1921e-06
0.0000e+00
5.6982e-05
1.9073e-06
5.0068e-06
0.0000e+00
9.5367e-07
0.0000e+00
5.5075e-05
2.1458e-06
0.0000e+00
5.2929e-05
2.1458e-06
0.0000e+00
5.3883e-05
9.0599e-06
0.0000e+00
5.4121e-05
2.1458e-06
0.0000e+00
5.4121e-05
3.0994e-06
0.0000e+00
5.6028e-05
4.4823e-05
0.0000e+00
5.5075e-05
3.3307e-04
0.0000e+00
5.5075e-05
1.4067e-05
0.0000e+00
5.3883e-05
2.8610e-06
0.0000e+00
5.2929e-05
2.2888e-05
0.0000e+00
5.3883e-05
4.0531e-06
0.0000e+00
5.4121e-05
1.6904e-04
5.0068e-06
0.0000e+00
3.4809e-05
3.8147e-06
9.5367e-07
4.9114e-05
3.0994e-06
9.5367e-07
5.2929e-05
0.0000e+00
5.6982e-05
2.1458e-06
3.2902e-04
0.0000e+00
1.9073e-06
0.0000e+00
5.3883e-05
1.9073e-06
0.0000e+00
5.2929e-05
1.9073e-06
0.0000e+00
5.4121e-05
9.5367e-07
0.0000e+00
5.4121e-05
2.1458e-06
9.0599e-06
9.5367e-07
1.9073e-06
0.0000e+00
7.2002e-05
3.0994e-06
0.0000e+00
5.6028e-05
1.9073e-06
0.0000e+00
5.3883e-05
1.9073e-06
2.5105e-04
9.5367e-07
1.9073e-06
0.0000e+00
5.6028e-05
5.0068e-06
0.0000e+00
5.4836e-05
3.1400e-04
5.0068e-06
0.0000e+00
5.5075e-05
0.0000e+00
5.5075e-05
1.9073e-06
0.0000e+00
5.5075e-05
3.0994e-06
0.0000e+00
8.1062e-05
2.8610e-06
0.0000e+00
5.5075e-05
2.8610e-06
2.5702e-04
0.0000e+00
1.9073e-06
0.0000e+00
5.6028e-05
2.1458e-06
8.1062e-06
0.0000e+00
2.0027e-05
0.0000e+00
5.5075e-05
2.1458e-06
0.0000e+00
5.4121e-05
2.5511e-04
0.0000e+00
5.6028e-05
5.9605e-06
0.0000e+00
5.2929e-05
3.0994e-06
0.0000e+00
5.6028e-05
1.9073e-06
2.3508e-04
0.0000e+00
2.1458e-06
0.0000e+00
5.5075e-05
2.1458e-06
3.2902e-05
9.5367e-07
1.1921e-06
0.0000e+00
5.6028e-05
9.5367e-07
0.0000e+00
5.4121e-05
2.8133e-05
0.0000e+00
5.4121e-05
4.0531e-06
0.0000e+00
5.3167e-05
2.1458e-06
4.6968e-05
1.1921e-06
2.1458e-06
0.0000e+00
5.7936e-05
1.9073e-06
0.0000e+00
5.3883e-05
4.0531e-06
0.0000e+00
5.7936e-05
2.1458e-06
5.0068e-06
9.5367e-07
1.5020e-05
8.1062e-06
0.0000e+00
5.7936e-05
0.0000e+00
5.4836e-05
2.1458e-06
0.0000e+00
5.5075e-05
2.1458e-06
0.0000e+00
5.2929e-05
9.5367e-07
0.0000e+00
7.5817e-05
3.0994e-06
5.6100e-04
1.1921e-06
1.9073e-06
0.0000e+00
6.1989e-05
2.1458e-06
0.0000e+00
5.5075e-05
9.5367e-07
0.0000e+00
5.5075e-05
3.5191e-04
9.0599e-06
1.1921e-06
4.8161e-05
0.0000e+00
5.5075e-05
1.9073e-06
0.0000e+00
5.5075e-05
1.9073e-06
0.0000e+00
5.3883e-05
2.8610e-06
0.0000e+00
5.6982e-05
1.9073e-06
0.0000e+00
6.0797e-05
3.0994e-06
0.0000e+00
5.5075e-05
2.6941e-05
5.9605e-06
0.0000e+00
1.8120e-05
3.9101e-05
0.0000e+00
9.7036e-05
0.0000e+00
5.6028e-05
5.7936e-05
0.0000e+00
5.4121e-05
5.8889e-05
0.0000e+00
5.3883e-05
5.8889e-05
0.0000e+00
5.5075e-05
4.3869e-05
5.0068e-06
1.1921e-06
1.0300e-04
0.0000e+00
6.3896e-05
1.9073e-06
0.0000e+00
5.4836e-05
3.6001e-05
0.0000e+00
5.4836e-05
8.2016e-05
0.0000e+00
5.4121e-05
5.8174e-05
0.0000e+00
5.5075e-05
5.6982e-05
0.0000e+00
5.4836e-05
5.7936e-05
0.0000e+00
5.3883e-05
4.1962e-05
0.0000e+00
5.6982e-05
3.5048e-05
2.8205e-04
9.5367e-07
2.1458e-06
0.0000e+00
5.6028e-05
9.5367e-07
1.0705e-04
0.0000e+00
9.5367e-07
0.0000e+00
5.5075e-05
2.1458e-06
0.0000e+00
5.2929e-05
1.9073e-06
0.0000e+00
5.2929e-05
1.9073e-06
0.0000e+00
5.3883e-05
1.9073e-06
0.0000e+00
7.7009e-05
3.0994e-06
0.0000e+00
5.5075e-05
5.9605e-06
0.0000e+00
5.6028e-05
1.9073e-06
0.0000e+00
6.2943e-05
1.9073e-06
0.0000e+00
5.3883e-05
2.8610e-06
0.0000e+00
5.4836e-05
2.1458e-06
0.0000e+00
5.3883e-05
2.1458e-06
0.0000e+00
5.3883e-05
3.0994e-06
0.0000e+00
5.7936e-05
3.0994e-06
0.0000e+00
5.5075e-05
2.2507e-04
0.0000e+00
5.5075e-05
3.8147e-06
0.0000e+00
5.5075e-05
3.0041e-05
0.0000e+00
9.1076e-05
3.0994e-06
0.0000e+00
9.2030e-05
7.1526e-06
0.0000e+00
9.2030e-05
8.1062e-06
0.0000e+00
1.1420e-04
3.8147e-06
0.0000e+00
9.3937e-05
5.0068e-06
6.9141e-06
9.5367e-07
2.8610e-06
0.0000e+00
9.1076e-05
4.8161e-05
0.0000e+00
9.3937e-05
4.0531e-06
0.0000e+00
5.6982e-05
2.1458e-06
0.0000e+00
6.1989e-05
1.9073e-06
0.0000e+00
5.4836e-05
1.9073e-06
0.0000e+00
7.3910e-05
5.6911e-04
0.0000e+00
5.6982e-05
1.9073e-06
0.0000e+00
5.5790e-05
2.1458e-06
0.0000e+00
5.3883e-05
2.1458e-06
0.0000e+00
5.5075e-05
2.1458e-06
0.0000e+00
5.4121e-05
1.6403e-04
0.0000e+00
5.3883e-05
1.9073e-06
0.0000e+00
5.4121e-05
1.9073e-06
5.9605e-06
1.1921e-06
1.9073e-06
3.2187e-05
0.0000e+00
4.0531e-06
0.0000e+00
5.7936e-05
1.9073e-06
0.0000e+00
5.3883e-05
1.9073e-06
0.0000e+00
5.3883e-05
1.9073e-06
0.0000e+00
5.3167e-05
1.9073e-06
0.0000e+00
5.3167e-05
1.8001e-04
0.0000e+00
5.6028e-05
2.0027e-05
0.0000e+00
5.4121e-05
3.0994e-06
5.4193e-04
0.0000e+00
8.1062e-06
0.0000e+00
5.6028e-05
9.5367e-07
0.0000e+00
5.3883e-05
1.9073e-06
0.0000e+00
6.0081e-05
1.9073e-06
0.0000e+00
5.6982e-05
5.9605e-06
0.0000e+00
5.3883e-05
3.0994e-06
0.0000e+00
5.3883e-05
2.1458e-06
0.0000e+00
5.3883e-05
3.0994e-06
0.0000e+00
5.8174e-05
2.1458e-06
2.0981e-05
0.0000e+00
1.1921e-06
0.0000e+00
5.5075e-05
2.1458e-06
2.5606e-04
9.5367e-07
5.9605e-06
0.0000e+00
5.5075e-05
9.5367e-07
0.0000e+00
5.4121e-05
2.1458e-06
0.0000e+00
6.1989e-05
1.9073e-06
0.0000e+00
5.5075e-05
9.5367e-07
0.0000e+00
7.6056e-05
2.8610e-06
0.0000e+00
5.3883e-05
3.0994e-06
4.4990e-04
1.1921e-06
2.1458e-06
0.0000e+00
5.5075e-05
1.1921e-06
0.0000e+00
5.3167e-05
9.5367e-07
6.6042e-05
0.0000e+00
6.9141e-06
0.0000e+00
5.7220e-05
2.1458e-06
0.0000e+00
5.5075e-05
2.1458e-06
0.0000e+00
5.6982e-05
4.0531e-06
0.0000e+00
5.6028e-05
1.9073e-06
0.0000e+00
5.4836e-05
2.1458e-06
4.0531e-06
0.0000e+00
2.8610e-06
5.7220e-05
9.5367e-07
9.5367e-07
0.0000e+00
5.6028e-05
1.9073e-06
3.3092e-04
9.5367e-07
1.9073e-06
3.8195e-04
9.5367e-07
1.9073e-06
0.0000e+00
5.6028e-05
1.1206e-04
0.0000e+00
5.6028e-05
5.9605e-06
0.0000e+00
7.0095e-05
2.8610e-06
0.0000e+00
5.6982e-05
1.9073e-06
0.0000e+00
5.4121e-05
8.8215e-06
0.0000e+00
5.3883e-05
1.9073e-06
0.0000e+00
5.4121e-05
1.9073e-06
3.3116e-04
1.1921e-06
1.9073e-06
0.0000e+00
5.3883e-05
1.9073e-06
0.0000e+00
5.4836e-05
9.5367e-07
0.0000e+00
5.4836e-05
2.1458e-06
0.0000e+00
5.6982e-05
9.5367e-07
0.0000e+00
5.5075e-05
1.9073e-06
0.0000e+00
5.4121e-05
5.0068e-06
0.0000e+00
5.4121e-05
2.1458e-06
0.0000e+00
5.4121e-05
3.0994e-06
0.0000e+00
5.4121e-05
1.3590e-04
0.0000e+00
5.4121e-05
2.3198e-04
0.0000e+00
7.2002e-05
2.8610e-06
4.0531e-06
0.0000e+00
3.2902e-05
0.0000e+00
5.6028e-05
1.9073e-06
0.0000e+00
5.6028e-05
2.1458e-06
0.0000e+00
5.4121e-05
2.1458e-06
0.0000e+00
5.4121e-05
2.1458e-06
4.0531e-06
9.5367e-07
2.0981e-05
0.0000e+00
5.5075e-05
9.0599e-06
0.0000e+00
5.5075e-05
2.8610e-06
0.0000e+00
5.6028e-05
2.1458e-06
0.0000e+00
5.4121e-05
2.1458e-06
0.0000e+00
5.4121e-05
2.1458e-06
0.0000e+00
5.4121e-05
2.1458e-06
0.0000e+00
5.5075e-05
1.9073e-06
0.0000e+00
5.5075e-05
1.9073e-06
0.0000e+00
5.4121e-05
1.5039e-03
0.0000e+00
7.2956e-05
3.0994e-06
0.0000e+00
5.5075e-05
2.1458e-06
0.0000e+00
5.4121e-05
2.1458e-06
0.0000e+00
5.4121e-05
2.1458e-06
0.0000e+00
5.5075e-05
1.9073e-06
0.0000e+00
5.3167e-05
2.1458e-06
0.0000e+00
5.4121e-05
4.0531e-06
5.0068e-06
9.5367e-07
5.3167e-05
1.6904e-04
9.5367e-07
1.9073e-06
0.0000e+00
5.7936e-05
9.5367e-07
3.1996e-04
9.5367e-07
1.9073e-06
0.0000e+00
5.5075e-05
9.5367e-07
0.0000e+00
5.3167e-05
2.1458e-06
0.0000e+00
5.4121e-05
2.1458e-06
0.0000e+00
5.5075e-05
3.0994e-06
5.0068e-06
9.5367e-07
1.7166e-05
0.0000e+00
5.5075e-05
5.5790e-05
3.8147e-06
0.0000e+00
1.0109e-04
0.0000e+00
7.4148e-05
3.0780e-04
0.0000e+00
5.7936e-05
1.9073e-06
0.0000e+00
5.3883e-05
2.9898e-04
5.0068e-06
9.5367e-07
5.1975e-05
0.0000e+00
5.5075e-05
1.9073e-06
0.0000e+00
5.3883e-05
2.5034e-05
0.0000e+00
6.1035e-05
2.7180e-05
0.0000e+00
5.5075e-05
1.9073e-06
0.0000e+00
7.2002e-05
3.0994e-06
8.7023e-05
9.5367e-07
9.5367e-07
0.0000e+00
5.5790e-05
2.1458e-06
0.0000e+00
5.3883e-05
2.1458e-06
0.0000e+00
5.3883e-05
2.1458e-06
0.0000e+00
5.2929e-05
1.5807e-04
0.0000e+00
5.4121e-05
2.1219e-05
0.0000e+00
5.3883e-05
2.1458e-06
1.4305e-04
9.5367e-07
1.9073e-06
2.2888e-05
9.5367e-07
2.1458e-06
0.0000e+00
5.6982e-05
2.8610e-06
0.0000e+00
5.5075e-05
8.7976e-05
1.0300e-04
1.1921e-06
1.1921e-06
4.0531e-06
9.5367e-07
2.8610e-06
0.0000e+00
5.6028e-05
1.8120e-05
0.0000e+00
5.4121e-05
3.0994e-06
0.0000e+00
5.5075e-05
1.9073e-06
0.0000e+00
5.5075e-05
3.8147e-06
0.0000e+00
5.6028e-05
2.1458e-06
0.0000e+00
6.1035e-05
4.6802e-04
0.0000e+00
5.5075e-05
3.0994e-06
0.0000e+00
5.4121e-05
1.9073e-06
0.0000e+00
5.3167e-05
2.1458e-06
0.0000e+00
5.4121e-05
1.1611e-04
0.0000e+00
5.3167e-05
7.1526e-06
0.0000e+00
6.9141e-05
3.0994e-06
0.0000e+00
5.6028e-05
2.0409e-04
0.0000e+00
5.3167e-05
3.0994e-06
0.0000e+00
5.3167e-05
2.1458e-06
0.0000e+00
5.4121e-05
2.1458e-06
0.0000e+00
5.5075e-05
1.9073e-06
0.0000e+00
5.3167e-05
4.7207e-05
8.3923e-05
0.0000e+00
2.1458e-06
0.0000e+00
5.6028e-05
3.0994e-06
0.0000e+00
6.2943e-05
9.0599e-06
0.0000e+00
5.4121e-05
2.1458e-06
0.0000e+00
5.6982e-05
6.9141e-06
0.0000e+00
5.4121e-05
3.9721e-04
0.0000e+00
5.6028e-05
1.9073e-06
0.0000e+00
5.4121e-05
1.9073e-06
0.0000e+00
5.3167e-05
2.0027e-05
0.0000e+00
7.2002e-05
2.8610e-06
0.0000e+00
5.5790e-05
3.0804e-04
0.0000e+00
5.4121e-05
3.0994e-06
0.0000e+00
5.4121e-05
2.1458e-06
0.0000e+00
5.3883e-05
1.9073e-06
0.0000e+00
5.6028e-05
2.1458e-06
0.0000e+00
5.5075e-05
1.9073e-06
0.0000e+00
5.4121e-05
5.0068e-06
0.0000e+00
5.6028e-05
2.1458e-06
0.0000e+00
5.3883e-05
2.1458e-06
0.0000e+00
5.8889e-05
5.5075e-05
0.0000e+00
5.4121e-05
2.4605e-04
0.0000e+00
5.4121e-05
5.6982e-05
0.0000e+00
5.4121e-05
5.5075e-05
0.0000e+00
5.3167e-05
5.5075e-05
0.0000e+00
7.0095e-05
6.0081e-05
0.0000e+00
6.2943e-05
8.2970e-05
0.0000e+00
5.3883e-05
5.6982e-05
5.0068e-06
1.1921e-06
1.0705e-04
0.0000e+00
5.5790e-05
2.1458e-06
0.0000e+00
5.3883e-05
4.0054e-05
0.0000e+00
5.4121e-05
4.8161e-05
0.0000e+00
5.4121e-05
5.6028e-05
0.0000e+00
5.2214e-05
4.2200e-05
0.0000e+00
6.2943e-05
7.9870e-05
0.0000e+00
5.5075e-05
5.8174e-05
0.0000e+00
5.3883e-05
5.4121e-05
5.0068e-06
9.5367e-07
1.0490e-04
0.0000e+00
5.4836e-05
1.9073e-06
0.0000e+00
5.3883e-05
5.1975e-05
0.0000e+00
5.5075e-05
1.9073e-06
1.6999e-04
9.5367e-07
9.5367e-07
0.0000e+00
8.0109e-05
3.0994e-06
6.4135e-05
9.5367e-07
9.5367e-07
5.0068e-06
0.0000e+00
3.2902e-05
5.0068e-06
0.0000e+00
5.4121e-05
0.0000e+00
5.6982e-05
1.9073e-06
0.0000e+00
5.4836e-05
1.9073e-06
0.0000e+00
5.5075e-05
2.1458e-06
0.0000e+00
5.4121e-05
1.7810e-04
0.0000e+00
5.5075e-05
2.1458e-06
0.0000e+00
7.1049e-05
2.8610e-06
0.0000e+00
5.6028e-05
2.1458e-06
0.0000e+00
6.1035e-05
1.9073e-06
5.0068e-06
9.5367e-07
9.5367e-07
0.0000e+00
5.6028e-05
2.8610e-06
0.0000e+00
5.2929e-05
1.9073e-06
2.0504e-04
9.5367e-07
9.5367e-07
0.0000e+00
5.5075e-05
9.5367e-07
0.0000e+00
5.5075e-05
9.5367e-07
0.0000e+00
7.0810e-05
4.0531e-06
5.4097e-04
1.9073e-06
3.0994e-06
0.0000e+00
9.2983e-05
4.0531e-06
0.0000e+00
9.6083e-05
3.0994e-06
0.0000e+00
9.2983e-05
3.0994e-06
1.4067e-05
1.9073e-06
2.1458e-06
0.0000e+00
9.2030e-05
3.0994e-06
0.0000e+00
9.8944e-05
5.0068e-06
0.0000e+00
1.0014e-04
5.0068e-06
0.0000e+00
9.2983e-05
8.1062e-06
2.1100e-04
9.5367e-07
3.0994e-06
0.0000e+00
9.4175e-05
2.8610e-06
0.0000e+00
9.2030e-05
1.9073e-06
0.0000e+00
9.4891e-05
1.9073e-06
0.0000e+00
7.1049e-05
3.0994e-06
5.9605e-06
9.5367e-07
1.1921e-06
4.0531e-06
0.0000e+00
1.9073e-06
0.0000e+00
6.3181e-05
3.0994e-06
0.0000e+00
5.9128e-05
2.1458e-06
0.0000e+00
5.5075e-05
1.9073e-06
0.0000e+00
5.5075e-05
1.9073e-06
0.0000e+00
5.4121e-05
1.9073e-06
1.6928e-05
0.0000e+00
2.1458e-06
0.0000e+00
5.4121e-05
2.1458e-06
3.0994e-06
0.0000e+00
2.4080e-05
0.0000e+00
5.5075e-05
2.1935e-05
0.0000e+00
7.2002e-05
3.0994e-06
0.0000e+00
5.5075e-05
2.1458e-06
0.0000e+00
5.4121e-05
2.1458e-06
4.0531e-06
9.5367e-07
3.0994e-05
0.0000e+00
5.4121e-05
1.9073e-06
0.0000e+00
6.0797e-05
1.9073e-06
0.0000e+00
5.5075e-05
1.3113e-05
0.0000e+00
5.4121e-05
3.0994e-06
0.0000e+00
7.1049e-05
2.8610e-06
0.0000e+00
5.5075e-05
1.8096e-04
0.0000e+00
5.5075e-05
9.5367e-07
0.0000e+00
5.5075e-05
2.1458e-06
0.0000e+00
5.4121e-05
2.1458e-06
0.0000e+00
5.4121e-05
1.9073e-06
0.0000e+00
5.3883e-05
2.1458e-06
0.0000e+00
5.3883e-05
3.0994e-06
0.0000e+00
5.8174e-05
2.1458e-06
0.0000e+00
5.5075e-05
3.0994e-06
0.0000e+00
5.4121e-05
1.9073e-06
0.0000e+00
5.4121e-05
1.9073e-06
3.8147e-06
9.5367e-07
2.1458e-06
0.0000e+00
5.5075e-05
2.1458e-06
2.8610e-06
0.0000e+00
2.4796e-05
0.0000e+00
5.4836e-05
2.1458e-06
0.0000e+00
7.2002e-05
3.0994e-06
0.0000e+00
5.6028e-05
1.9073e-06
4.8876e-05
1.1921e-06
2.1458e-06
0.0000e+00
5.4121e-05
2.1458e-06
0.0000e+00
5.4121e-05
1.9073e-06
0.0000e+00
5.3883e-05
1.9073e-06
0.0000e+00
6.0797e-05
3.0994e-06
5.0068e-06
9.5367e-07
9.0599e-06
0.0000e+00
5.5075e-05
1.9073e-06
0.0000e+00
7.3195e-05
3.0994e-06
5.9128e-05
9.5367e-07
1.9073e-06
0.0000e+00
5.6982e-05
1.9073e-06
0.0000e+00
5.5075e-05
1.9073e-06
0.0000e+00
5.3883e-05
1.9073e-06
0.0000e+00
5.4836e-05
1.9073e-06
0.0000e+00
5.3883e-05
9.5367e-07
0.0000e+00
5.3883e-05
1.9073e-06
0.0000e+00
7.1764e-05
3.0994e-06
4.0531e-06
0.0000e+00
1.9073e-06
0.0000e+00
5.4836e-05
1.9073e-06
0.0000e+00
6.0081e-05
3.0994e-06
0.0000e+00
5.4121e-05
2.1458e-06
0.0000e+00
5.4121e-05
9.5367e-07
3.0994e-06
9.5367e-07
3.8862e-05
0.0000e+00
5.5075e-05
2.0981e-05
3.8147e-06
9.5367e-07
5.1022e-05
4.0531e-06
9.5367e-07
5.2214e-05
0.0000e+00
5.7936e-05
1.9073e-06
0.0000e+00
5.3883e-05
1.9073e-06
3.0994e-06
9.5367e-07
4.9114e-05
0.0000e+00
5.5075e-05
3.0994e-06
0.0000e+00
5.5075e-05
1.9073e-06
0.0000e+00
5.4121e-05
1.9073e-06
4.0531e-06
0.0000e+00
4.5061e-05
0.0000e+00
6.0081e-05
1.9073e-05
0.0000e+00
7.1049e-05
3.0994e-06
0.0000e+00
5.6028e-05
3.0994e-06
0.0000e+00
5.5075e-05
2.1458e-06
0.0000e+00
5.4121e-05
2.1458e-06
0.0000e+00
5.8174e-05
3.0994e-06
0.0000e+00
5.5075e-05
1.9073e-06
0.0000e+00
5.4836e-05
1.9073e-06
4.0531e-06
1.1921e-06
4.0531e-06
3.8147e-05
9.5367e-07
4.1962e-05
0.0000e+00
7.0095e-05
2.8610e-06
4.0531e-06
1.1921e-06
3.3140e-05
2.4080e-05
0.0000e+00
3.0994e-05
0.0000e+00
6.2943e-05
3.0994e-06
0.0000e+00
5.4121e-05
2.1458e-06
0.0000e+00
5.5075e-05
1.9073e-06
4.0531e-06
9.5367e-07
3.4094e-05
0.0000e+00
5.6028e-05
2.1458e-06
6.7949e-05
9.5367e-07
2.1458e-06
0.0000e+00
5.4121e-05
2.8610e-06
0.0000e+00
5.6028e-05
2.1458e-06
4.0531e-06
0.0000e+00
2.8849e-05
0.0000e+00
5.5075e-05
2.1458e-06
0.0000e+00
5.5075e-05
2.1458e-06
0.0000e+00
5.6028e-05
2.1458e-06
4.0531e-06
0.0000e+00
6.1035e-05
0.0000e+00
5.5075e-05
3.0994e-06
4.0531e-06
0.0000e+00
2.1458e-06
0.0000e+00
5.6028e-05
1.2875e-05
0.0000e+00
5.5790e-05
2.1458e-06
2.0981e-05
9.5367e-07
6.9141e-06
0.0000e+00
5.4836e-05
1.9073e-06
0.0000e+00
5.5075e-05
1.9073e-06
0.0000e+00
5.5075e-05
1.9073e-06
2.8610e-06
9.5367e-07
1.9073e-06
0.0000e+00
5.6028e-05
2.0027e-05
0.0000e+00
5.4121e-05
2.1458e-06
0.0000e+00
6.7949e-05
3.0994e-06
0.0000e+00
5.6982e-05
1.9073e-06
0.0000e+00
5.3883e-05
1.9073e-06
5.8174e-05
0.0000e+00
1.9073e-06
0.0000e+00
6.1989e-05
3.0994e-06
0.0000e+00
5.4121e-05
1.9073e-06
7.0095e-05
0.0000e+00
9.5367e-07
0.0000e+00
7.2002e-05
4.0531e-06
4.0531e-06
9.5367e-07
1.9073e-06
4.2915e-05
0.0000e+00
1.9073e-06
0.0000e+00
7.7009e-05
2.8610e-06
0.0000e+00
5.3883e-05
1.9073e-06
0.0000e+00
5.2929e-05
2.1458e-06
4.0531e-06
9.5367e-07
3.1948e-05
0.0000e+00
5.4836e-05
2.1458e-06
0.0000e+00
5.3883e-05
1.6928e-05
0.0000e+00
5.5075e-05
4.0531e-06
1.8120e-05
9.5367e-07
3.6001e-05
0.0000e+00
6.1989e-05
4.0531e-06
0.0000e+00
5.6028e-05
1.9073e-06
0.0000e+00
5.4121e-05
1.9073e-06
0.0000e+00
5.4121e-05
2.1458e-06
0.0000e+00
5.5075e-05
2.1458e-06
0.0000e+00
5.4121e-05
2.1458e-06
0.0000e+00
5.4121e-05
1.1921e-06
0.0000e+00
5.4121e-05
2.1458e-06
0.0000e+00
6.6996e-05
2.8610e-06
0.0000e+00
5.5790e-05
2.1458e-06
0.0000e+00
5.3883e-05
1.9073e-06
0.0000e+00
5.2929e-05
1.9073e-06
0.0000e+00
5.3883e-05
1.9073e-06
0.0000e+00
5.9843e-05
1.9073e-06
4.0531e-06
9.5367e-07
5.9605e-06
0.0000e+00
5.5075e-05
3.0994e-06
0.0000e+00
5.4121e-05
2.8610e-06
0.0000e+00
5.6028e-05
2.1458e-06
0.0000e+00
5.5075e-05
2.1458e-06
0.0000e+00
5.2929e-05
2.1458e-06
0.0000e+00
5.3883e-05
2.1458e-06
0.0000e+00
5.4836e-05
1.9073e-06
0.0000e+00
5.4836e-05
1.9073e-06
0.0000e+00
5.4836e-05
1.9073e-06
0.0000e+00
7.2956e-05
2.8610e-06
0.0000e+00
5.4836e-05
1.9073e-06
5.0068e-06
9.5367e-07
2.1458e-06
0.0000e+00
5.5075e-05
1.9073e-06
0.0000e+00
6.1989e-05
2.1458e-06
0.0000e+00
5.3883e-05
2.1458e-06
0.0000e+00
5.4836e-05
4.0531e-06
4.0531e-06
9.5367e-07
9.5367e-07
0.0000e+00
5.4836e-05
3.5048e-05
0.0000e+00
5.6982e-05
1.9073e-06
1.6928e-05
1.1921e-06
3.6001e-05
0.0000e+00
5.4836e-05
1.9073e-06
0.0000e+00
5.3883e-05
1.9073e-06
0.0000e+00
5.4836e-05
1.9073e-06
0.0000e+00
5.3883e-05
1.9073e-06
0.0000e+00
5.4836e-05
1.9073e-06
0.0000e+00
5.3883e-05
2.8610e-06
0.0000e+00
6.1989e-05
2.8610e-06
0.0000e+00
5.3883e-05
1.9073e-06
0.0000e+00
5.3883e-05
1.9073e-06
0.0000e+00
5.3883e-05
1.9073e-06
0.0000e+00
5.4121e-05
1.9073e-06
0.0000e+00
5.4121e-05
2.1458e-06
0.0000e+00
5.2929e-05
2.1458e-06
0.0000e+00
6.8903e-05
3.0994e-06
0.0000e+00
5.5075e-05
3.0994e-06
5.0068e-06
9.5367e-07
2.1458e-06
0.0000e+00
5.6028e-05
1.9073e-06
0.0000e+00
5.4121e-05
3.0994e-06
0.0000e+00
5.3167e-05
2.1458e-06
0.0000e+00
5.2929e-05
1.9073e-06
0.0000e+00
5.3883e-05
3.0994e-06
0.0000e+00
7.2002e-05
2.1458e-06
0.0000e+00
5.6982e-05
1.9073e-06
0.0000e+00
5.5075e-05
1.9073e-06
4.0531e-06
1.1921e-06
1.1921e-06
0.0000e+00
5.6028e-05
2.1458e-06
0.0000e+00
5.5075e-05
9.5367e-07
0.0000e+00
5.4121e-05
2.1458e-06
1.7881e-05
0.0000e+00
2.1458e-06
0.0000e+00
5.5075e-05
1.9073e-06
0.0000e+00
7.1049e-05
2.8610e-06
0.0000e+00
5.4836e-05
1.9073e-06
0.0000e+00
5.2929e-05
1.9073e-06
0.0000e+00
5.3883e-05
1.9073e-06
0.0000e+00
5.4121e-05
1.9073e-06
0.0000e+00
6.0081e-05
1.9073e-06
0.0000e+00
5.4836e-05
5.9605e-06
0.0000e+00
5.4121e-05
3.0994e-06
0.0000e+00
5.6982e-05
2.1458e-06
0.0000e+00
5.6982e-05
3.0994e-06
5.0068e-06
1.1921e-06
1.5020e-05
7.0095e-05
9.5367e-07
9.5367e-07
0.0000e+00
5.6028e-05
2.1458e-06
0.0000e+00
5.4121e-05
1.1921e-06
0.0000e+00
5.5075e-05
2.1458e-06
0.0000e+00
5.5075e-05
1.1921e-06
0.0000e+00
7.0095e-05
3.0994e-06
3.0994e-05
1.1921e-06
2.1458e-06
0.0000e+00
6.4135e-05
2.1458e-06
0.0000e+00
5.5075e-05
2.1458e-06
4.0531e-06
0.0000e+00
2.0981e-05
0.0000e+00
5.4121e-05
7.8678e-06
0.0000e+00
5.5075e-05
1.9073e-06
0.0000e+00
5.3883e-05
1.9073e-06
0.0000e+00
5.3167e-05
1.9073e-06
5.2929e-05
1.4067e-05
3.0994e-06
0.0000e+00
5.6982e-05
3.0994e-06
0.0000e+00
5.5075e-05
2.1458e-06
0.0000e+00
5.4121e-05
2.1458e-06
0.0000e+00
5.3883e-05
2.1458e-06
4.0531e-06
9.5367e-07
1.9073e-06
0.0000e+00
5.3883e-05
2.6941e-05
0.0000e+00
5.4836e-05
2.1458e-06
0.0000e+00
5.4121e-05
2.8610e-06
0.0000e+00
5.7220e-05
3.0994e-06
0.0000e+00
5.5075e-05
2.1458e-06
0.0000e+00
5.4121e-05
2.1458e-06
0.0000e+00
5.4121e-05
2.1458e-06
0.0000e+00
5.5075e-05
1.9073e-06
0.0000e+00
5.3883e-05
1.9073e-06
4.0531e-06
9.5367e-07
1.9073e-06
0.0000e+00
5.4121e-05
6.1989e-06
4.0531e-06
9.5367e-07
2.8610e-06
0.0000e+00
5.6982e-05
2.1458e-06
0.0000e+00
5.2929e-05
3.0994e-06
0.0000e+00
5.4121e-05
2.1458e-06
0.0000e+00
5.3883e-05
2.1458e-06
0.0000e+00
6.0081e-05
2.1458e-06
0.0000e+00
5.4121e-05
2.1458e-06
0.0000e+00
5.4121e-05
1.0014e-05
0.0000e+00
5.6028e-05
1.7166e-05
0.0000e+00
5.4121e-05
5.0068e-06
6.1035e-05
9.5367e-07
1.9073e-06
0.0000e+00
5.6028e-05
2.1458e-06
0.0000e+00
5.2929e-05
2.1458e-06
0.0000e+00
5.2929e-05
2.1458e-06
0.0000e+00
5.4836e-05
1.1921e-06
0.0000e+00
5.3883e-05
2.8610e-06
0.0000e+00
5.5790e-05
3.0994e-06
3.8862e-05
9.5367e-07
9.5367e-07
4.0531e-06
0.0000e+00
2.1458e-06
0.0000e+00
5.6028e-05
1.9073e-06
0.0000e+00
5.5075e-05
9.5367e-07
0.0000e+00
5.5075e-05
1.9073e-06
0.0000e+00
5.2929e-05
1.9073e-06
0.0000e+00
5.4121e-05
2.1458e-06
0.0000e+00
7.1049e-05
2.8610e-06
0.0000e+00
5.6982e-05
2.1458e-06
0.0000e+00
5.4121e-05
3.0994e-06
0.0000e+00
5.4121e-05
2.1458e-06
0.0000e+00
5.3883e-05
2.1458e-06
0.0000e+00
5.3883e-05
1.9073e-06
0.0000e+00
5.3883e-05
1.9073e-06
0.0000e+00
5.3883e-05
9.5367e-07
3.8147e-06
9.5367e-07
2.8610e-06
5.0068e-06
9.5367e-07
3.5048e-05
0.0000e+00
5.8889e-05
2.1458e-06
0.0000e+00
5.2929e-05
1.1921e-05
6.1989e-05
9.5367e-07
1.9073e-06
3.0994e-06
0.0000e+00
4.5061e-05
0.0000e+00
5.5075e-05
2.1458e-06
0.0000e+00
5.4121e-05
2.1458e-06
0.0000e+00
5.3883e-05
1.9073e-06
0.0000e+00
5.3883e-05
2.8610e-06
4.0531e-06
9.5367e-07
2.1935e-05
0.0000e+00
5.6982e-05
1.9073e-06
0.0000e+00
5.4121e-05
1.9073e-06
3.0994e-06
0.0000e+00
3.0994e-06
0.0000e+00
5.5075e-05
5.0068e-06
7.7963e-05
0.0000e+00
1.9073e-06
0.0000e+00
5.6028e-05
2.1458e-06
0.0000e+00
5.5075e-05
2.1458e-06
0.0000e+00
5.2929e-05
3.0994e-06
0.0000e+00
5.6028e-05
1.9073e-06
0.0000e+00
5.3883e-05
1.9073e-06
2.3127e-05
9.5367e-07
1.6928e-05
4.0531e-06
1.1921e-06
6.9141e-06
0.0000e+00
5.6028e-05
3.0994e-06
0.0000e+00
5.4121e-05
5.2929e-05
0.0000e+00
5.5075e-05
3.8147e-06
0.0000e+00
5.3883e-05
1.9073e-06
0.0000e+00
6.9141e-05
3.0994e-06
0.0000e+00
6.1989e-05
2.1458e-06
0.0000e+00
5.5075e-05
2.1458e-06
0.0000e+00
5.5075e-05
8.1062e-06
5.0068e-06
9.5367e-07
9.5367e-07
0.0000e+00
5.4836e-05
1.9073e-06
3.8147e-06
9.5367e-07
1.7881e-05
0.0000e+00
5.5075e-05
1.9073e-06
9.3937e-05
9.5367e-07
9.5367e-07
0.0000e+00
5.4836e-05
4.0531e-06
3.8147e-06
0.0000e+00
2.8610e-06
0.0000e+00
5.4836e-05
1.9073e-06
0.0000e+00
5.3883e-05
1.5020e-05
0.0000e+00
5.4121e-05
7.1526e-06
0.0000e+00
5.2929e-05
9.5367e-07
2.9802e-05
0.0000e+00
1.9073e-06
0.0000e+00
6.2943e-05
4.0531e-06
0.0000e+00
5.4121e-05
4.0531e-06
0.0000e+00
7.2002e-05
3.0994e-06
0.0000e+00
5.4121e-05
1.9073e-06
0.0000e+00
5.4121e-05
1.9073e-06
5.9605e-06
1.1921e-06
5.0068e-06
0.0000e+00
5.4836e-05
2.0981e-05
0.0000e+00
5.4121e-05
1.9073e-06
0.0000e+00
5.4121e-05
2.1458e-06
0.0000e+00
5.6028e-05
1.9073e-06
0.0000e+00
6.9141e-05
2.8610e-06
0.0000e+00
5.3883e-05
1.9073e-06
0.0000e+00
5.4121e-05
1.9073e-06
0.0000e+00
6.1035e-05
1.9073e-06
0.0000e+00
5.3883e-05
1.9073e-06
0.0000e+00
5.3167e-05
2.1458e-06
0.0000e+00
5.6982e-05
3.0994e-06
0.0000e+00
5.3883e-05
2.1458e-06
0.0000e+00
7.0095e-05
3.0994e-06
0.0000e+00
5.4121e-05
3.0994e-06
4.0531e-06
9.5367e-07
9.5367e-07
0.0000e+00
5.3883e-05
2.1458e-06
0.0000e+00
5.4121e-05
2.1458e-06
0.0000e+00
5.4121e-05
1.8120e-05
0.0000e+00
5.5075e-05
1.9073e-06
0.0000e+00
5.4121e-05
1.9073e-06
0.0000e+00
7.0095e-05
2.8610e-06
0.0000e+00
6.0797e-05
2.1458e-06
0.0000e+00
5.3883e-05
2.1458e-06
0.0000e+00
5.3883e-05
2.1458e-06
3.8147e-06
9.5367e-07
3.8147e-06
0.0000e+00
5.3883e-05
2.0981e-05
0.0000e+00
5.6028e-05
1.9073e-06
0.0000e+00
5.3883e-05
1.9073e-06
0.0000e+00
6.9857e-05
3.0994e-06
0.0000e+00
5.4121e-05
2.1458e-06
0.0000e+00
5.5075e-05
1.9073e-06
4.0531e-06
0.0000e+00
1.9073e-06
0.0000e+00
5.4836e-05
1.9073e-06
0.0000e+00
5.3883e-05
1.9073e-06
0.0000e+00
5.4836e-05
9.5367e-07
0.0000e+00
5.3883e-05
2.8610e-06
0.0000e+00
7.1049e-05
3.0994e-06
0.0000e+00
5.4121e-05
1.9073e-06
0.0000e+00
5.5075e-05
1.9073e-06
0.0000e+00
5.3167e-05
2.1458e-06
0.0000e+00
5.2929e-05
2.1458e-06
0.0000e+00
5.2929e-05
1.9073e-06
0.0000e+00
5.3883e-05
1.9073e-06
0.0000e+00
5.4121e-05
2.8610e-06
1.5974e-05
9.5367e-07
2.1935e-05
2.8849e-05
9.5367e-07
2.3127e-05
3.2187e-05
9.5367e-07
2.2173e-05
0.0000e+00
5.6982e-05
1.9073e-06
0.0000e+00
5.4836e-05
1.5020e-05
0.0000e+00
6.0081e-05
5.0068e-06
0.0000e+00
5.4121e-05
2.1458e-06
0.0000e+00
5.3883e-05
1.9073e-06
3.8147e-06
9.5367e-07
2.1458e-06
0.0000e+00
7.2002e-05
4.0531e-06
0.0000e+00
5.5075e-05
2.1458e-06
0.0000e+00
5.4121e-05
2.1458e-06
0.0000e+00
5.2929e-05
1.9073e-06
0.0000e+00
5.5075e-05
2.1458e-06
0.0000e+00
5.2929e-05
1.9073e-06
8.7976e-05
9.5367e-07
9.5367e-07
0.0000e+00
5.6028e-05
2.1458e-06
0.0000e+00
7.0095e-05
3.0994e-06
0.0000e+00
6.3181e-05
3.0994e-06
0.0000e+00
5.5075e-05
1.9073e-06
0.0000e+00
5.5075e-05
7.8678e-06
0.0000e+00
5.3883e-05
2.1458e-06
0.0000e+00
5.3883e-05
2.1458e-06
5.0068e-06
9.5367e-07
9.5367e-07
0.0000e+00
5.5075e-05
1.9073e-06
0.0000e+00
5.2929e-05
3.0994e-06
3.0994e-06
0.0000e+00
3.0994e-06
0.0000e+00
5.6982e-05
1.9073e-06
0.0000e+00
5.5075e-05
2.8610e-06
0.0000e+00
5.4836e-05
1.9073e-06
0.0000e+00
5.3883e-05
2.1458e-06
0.0000e+00
5.4836e-05
1.0014e-05
0.0000e+00
5.5075e-05
1.9073e-06
0.0000e+00
6.1989e-05
4.0531e-06
0.0000e+00
5.6028e-05
1.9073e-06
4.0531e-06
9.5367e-07
2.8849e-05
0.0000e+00
5.4836e-05
2.1458e-06
0.0000e+00
5.3883e-05
2.0027e-05
0.0000e+00
5.4121e-05
1.9073e-06
0.0000e+00
5.3167e-05
2.1458e-06
0.0000e+00
5.4121e-05
2.1458e-06
3.8147e-05
9.5367e-07
1.5974e-05
0.0000e+00
7.1049e-05
2.8610e-06
0.0000e+00
5.6028e-05
2.1458e-06
0.0000e+00
5.5075e-05
2.1458e-06
1.6928e-05
9.5367e-07
3.4094e-05
0.0000e+00
6.1035e-05
1.9073e-06
0.0000e+00
5.5075e-05
1.9073e-06
6.9141e-06
1.1921e-06
5.0068e-06
0.0000e+00
5.5075e-05
1.9073e-06
0.0000e+00
5.4121e-05
2.8610e-06
0.0000e+00
5.6028e-05
2.1458e-06
5.0068e-06
9.5367e-07
4.0054e-05
0.0000e+00
5.5075e-05
3.0994e-06
0.0000e+00
5.3167e-05
2.0027e-05
0.0000e+00
5.4836e-05
4.0531e-06
0.0000e+00
5.3883e-05
1.9073e-06
0.0000e+00
5.3883e-05
1.9073e-06
0.0000e+00
5.5075e-05
1.9073e-06
2.2173e-05
0.0000e+00
1.9073e-06
0.0000e+00
5.6982e-05
1.9073e-06
4.0531e-06
1.1921e-06
2.9087e-05
3.3140e-05
9.5367e-07
2.3842e-05
0.0000e+00
5.6028e-05
2.1458e-06
0.0000e+00
5.4121e-05
2.1458e-06
0.0000e+00
5.2929e-05
2.1458e-06
4.0531e-06
9.5367e-07
4.3869e-05
5.4121e-05
9.5367e-07
9.5367e-07
0.0000e+00
5.4836e-05
1.9073e-06
0.0000e+00
6.9857e-05
3.0994e-06
0.0000e+00
5.3883e-05
2.1458e-06
0.0000e+00
5.3883e-05
1.9073e-06
0.0000e+00
5.3883e-05
1.9073e-06
0.0000e+00
5.3883e-05
1.9073e-06
0.0000e+00
6.0081e-05
1.9073e-06
0.0000e+00
5.5075e-05
5.9605e-06
4.0531e-06
9.5367e-07
1.9073e-06
2.2888e-05
0.0000e+00
2.1458e-06
0.0000e+00
5.7936e-05
1.9073e-06
0.0000e+00
5.3883e-05
1.9073e-06
1.2898e-04
1.1921e-06
1.1921e-06
0.0000e+00
5.6028e-05
1.9073e-06
0.0000e+00
5.5075e-05
2.8610e-06
0.0000e+00
5.4121e-05
1.9073e-06
0.0000e+00
5.5075e-05
3.0994e-06
3.0994e-06
0.0000e+00
9.5367e-07
0.0000e+00
6.9857e-05
2.8610e-06
0.0000e+00
5.6028e-05
2.1458e-06
0.0000e+00
6.0081e-05
1.9073e-06
4.0531e-06
0.0000e+00
1.5974e-05
0.0000e+00
5.7936e-05
8.8215e-06
0.0000e+00
5.4836e-05
4.0531e-06
0.0000e+00
5.4121e-05
2.1458e-06
0.0000e+00
5.4121e-05
2.1458e-06
5.9605e-06
1.1921e-06
5.2929e-05
0.0000e+00
6.9857e-05
2.8610e-06
2.8610e-06
9.5367e-07
3.6001e-05
2.8610e-06
9.5367e-07
1.1211e-01
