8.3811e-03
4.9114e-05
1.2999e-03
1.0967e-05
7.8678e-06
0.0000e+00
1.4615e-04
2.1458e-06
0.0000e+00
1.0014e-04
2.1458e-06
4.3392e-04
9.5367e-07
1.9073e-06
0.0000e+00
9.9897e-05
1.9073e-06
0.0000e+00
9.2983e-05
9.5367e-07
0.0000e+00
9.2983e-05
2.1458e-06
0.0000e+00
9.2983e-05
1.9073e-06
5.9605e-06
9.5367e-07
2.8610e-06
0.0000e+00
1.2994e-04
1.0014e-05
0.0000e+00
1.2898e-04
1.0967e-05
0.0000e+00
9.9897e-05
9.0599e-06
0.0000e+00
9.7990e-05
3.0994e-06
0.0000e+00
9.6083e-05
7.8678e-06
0.0000e+00
9.5129e-05
6.9141e-06
0.0000e+00
1.0800e-04
3.0994e-06
0.0000e+00
1.2207e-04
1.0967e-05
0.0000e+00
6.6996e-05
6.1989e-06
7.8678e-06
1.9073e-06
9.5367e-07
0.0000e+00
5.6982e-05
2.1458e-06
0.0000e+00
5.7936e-05
5.1975e-05
2.8610e-06
9.5367e-07
1.0800e-04
0.0000e+00
5.3883e-05
5.6982e-05
0.0000e+00
5.4836e-05
9.2030e-05
0.0000e+00
5.5075e-05
4.0054e-05
0.0000e+00
5.8174e-05
6.2227e-05
1.1921e-05
9.5367e-07
4.7922e-05
1.0490e-04
0.0000e+00
5.0068e-06
0.0000e+00
5.6982e-05
5.4836e-05
0.0000e+00
5.4836e-05
3.0994e-06
0.0000e+00
5.5075e-05
4.1008e-05
5.0068e-06
9.5367e-07
5.0068e-05
0.0000e+00
5.6028e-05
1.5092e-04
0.0000e+00
5.4121e-05
3.3140e-05
0.0000e+00
7.5102e-05
3.0994e-06
0.0000e+00
6.3181e-05
2.0027e-05
0.0000e+00
5.4836e-05
1.9073e-06
0.0000e+00
5.4836e-05
2.4080e-05
2.8396e-04
9.5367e-07
9.5367e-07
0.0000e+00
5.6982e-05
1.9073e-06
0.0000e+00
5.4836e-05
2.4700e-04
4.0531e-06
1.1921e-06
1.0896e-04
0.0000e+00
5.7936e-05
6.1989e-05
4.0531e-06
0.0000e+00
1.0300e-04
0.0000e+00
5.7936e-05
5.1022e-05
0.0000e+00
5.5075e-05
3.7909e-05
4.0531e-06
0.0000e+00
1.0610e-04
2.5034e-05
0.0000e+00
8.8930e-05
0.0000e+00
5.6982e-05
2.1458e-06
2.7108e-04
9.5367e-07
9.5367e-07
0.0000e+00
5.6982e-05
2.1458e-06
0.0000e+00
5.3883e-05
2.1458e-06
0.0000e+00
7.2956e-05
3.6955e-05
0.0000e+00
5.6028e-05
1.9073e-06
5.9605e-06
0.0000e+00
7.4863e-05
0.0000e+00
5.5075e-05
5.6982e-05
0.0000e+00
5.3883e-05
2.2197e-04
0.0000e+00
5.5075e-05
7.7963e-05
0.0000e+00
5.5075e-05
9.5367e-07
0.0000e+00
5.5075e-05
7.3910e-05
0.0000e+00
7.4863e-05
6.3896e-05
0.0000e+00
5.6028e-05
6.3181e-05
0.0000e+00
5.2929e-05
5.7936e-05
0.0000e+00
5.3883e-05
1.3089e-04
0.0000e+00
5.6028e-05
8.2970e-05
5.9605e-06
9.5367e-07
1.0705e-04
4.0531e-06
9.5367e-07
1.1396e-04
0.0000e+00
5.6028e-05
5.9128e-05
0.0000e+00
5.2929e-05
7.9155e-05
0.0000e+00
5.6982e-05
5.8889e-05
0.0000e+00
5.3883e-05
1.9073e-06
0.0000e+00
6.1035e-05
5.6028e-05
0.0000e+00
5.4121e-05
6.1035e-05
0.0000e+00
5.3883e-05
5.6982e-05
0.0000e+00
5.4121e-05
6.5088e-05
0.0000e+00
5.4121e-05
2.1458e-06
5.3883e-05
9.5367e-07
6.7949e-05
0.0000e+00
5.7936e-05
5.6982e-05
0.0000e+00
5.5075e-05
6.5088e-05
2.7180e-05
9.5367e-07
8.0824e-05
0.0000e+00
9.2983e-05
1.0967e-05
0.0000e+00
9.3937e-05
8.1062e-06
0.0000e+00
9.0122e-05
6.9141e-06
0.0000e+00
9.3937e-05
1.1921e-05
0.0000e+00
9.3937e-05
3.2187e-05
5.9605e-06
9.5367e-07
6.1035e-05
0.0000e+00
8.8930e-05
4.0531e-06
0.0000e+00
5.6028e-05
7.1526e-06
0.0000e+00
5.3883e-05
5.9128e-05
0.0000e+00
5.5075e-05
6.0081e-05
0.0000e+00
5.5075e-05
9.7704e-04
0.0000e+00
6.1035e-05
2.8610e-06
6.8188e-05
9.5367e-07
6.9141e-06
0.0000e+00
5.5075e-05
2.8610e-06
0.0000e+00
5.6982e-05
1.2088e-04
0.0000e+00
5.5790e-05
2.1458e-06
4.0531e-06
9.5367e-07
5.3883e-05
0.0000e+00
5.6982e-05
6.1989e-06
0.0000e+00
5.5075e-05
3.0994e-06
0.0000e+00
5.4121e-05
3.0994e-06
0.0000e+00
5.5075e-05
3.0994e-06
3.8314e-04
0.0000e+00
9.5367e-07
0.0000e+00
7.6056e-05
1.9073e-06
0.0000e+00
5.4836e-05
9.5367e-07
0.0000e+00
5.4836e-05
1.6093e-04
0.0000e+00
5.6028e-05
2.1458e-06
0.0000e+00
5.5075e-05
2.1458e-06
4.0531e-06
9.5367e-07
4.7922e-05
3.8147e-06
9.5367e-07
7.5102e-05
0.0000e+00
5.5075e-05
1.9073e-06
0.0000e+00
5.4121e-05
3.0994e-06
0.0000e+00
5.6982e-05
9.5367e-07
0.0000e+00
5.4836e-05
1.9073e-06
0.0000e+00
5.4836e-05
1.9073e-06
0.0000e+00
5.3883e-05
1.9073e-06
0.0000e+00
5.5075e-05
1.2875e-05
2.3580e-04
9.5367e-07
9.5367e-07
0.0000e+00
5.6982e-05
9.5367e-07
0.0000e+00
5.2929e-05
2.9492e-04
4.0531e-06
1.1921e-06
3.5048e-05
0.0000e+00
5.7936e-05
1.9073e-06
7.4863e-05
9.5367e-07
9.5367e-07
0.0000e+00
5.6982e-05
3.5596e-04
0.0000e+00
5.6028e-05
3.0994e-06
0.0000e+00
5.6982e-05
8.9884e-05
0.0000e+00
5.3883e-05
6.1989e-05
0.0000e+00
5.5075e-05
8.0109e-05
0.0000e+00
5.4121e-05
2.8610e-06
0.0000e+00
5.6982e-05
2.1458e-06
0.0000e+00
5.5075e-05
1.9073e-06
5.0068e-06
1.1921e-06
4.6015e-05
0.0000e+00
5.6028e-05
1.4114e-04
4.6015e-05
9.5367e-07
9.0599e-06
4.0531e-06
9.5367e-07
5.1975e-05
0.0000e+00
5.4121e-05
2.9087e-05
0.0000e+00
5.5075e-05
1.9503e-04
4.0531e-06
9.5367e-07
1.9073e-06
4.0531e-06
9.5367e-07
3.1948e-05
0.0000e+00
6.0081e-05
2.1458e-06
0.0000e+00
5.4121e-05
5.0068e-06
0.0000e+00
5.3883e-05
1.9073e-06
0.0000e+00
5.4121e-05
1.1277e-04
0.0000e+00
5.3883e-05
4.0531e-06
0.0000e+00
5.4121e-05
2.3127e-05
5.0068e-06
0.0000e+00
5.3883e-05
0.0000e+00
5.5075e-05
3.6001e-05
0.0000e+00
7.2002e-05
3.0994e-06
0.0000e+00
9.2030e-05
5.0068e-06
0.0000e+00
9.3937e-05
1.1921e-05
0.0000e+00
9.1791e-05
4.0531e-06
0.0000e+00
9.2983e-05
1.0967e-05
0.0000e+00
9.2983e-05
3.0994e-06
0.0000e+00
9.5129e-05
1.0967e-05
0.0000e+00
1.1492e-04
1.3113e-05
0.0000e+00
8.1778e-05
3.0994e-06
0.0000e+00
5.5075e-05
9.0599e-06
4.9400e-04
9.5367e-07
9.5367e-07
0.0000e+00
5.6982e-05
2.1458e-06
0.0000e+00
5.4836e-05
3.1948e-05
0.0000e+00
5.3883e-05
9.5367e-07
0.0000e+00
5.3883e-05
5.6028e-05
0.0000e+00
7.2956e-05
3.0994e-06
0.0000e+00
5.8174e-05
1.9073e-06
0.0000e+00
5.3883e-05
1.9073e-06
0.0000e+00
5.4836e-05
1.2493e-04
0.0000e+00
5.4836e-05
3.0994e-06
0.0000e+00
5.4121e-05
1.1921e-06
8.3923e-05
1.1921e-06
1.1921e-06
0.0000e+00
5.5075e-05
1.1921e-06
3.7289e-04
9.5367e-07
1.1921e-06
0.0000e+00
7.5102e-05
3.0994e-06
0.0000e+00
5.4121e-05
2.8610e-06
0.0000e+00
5.3883e-05
1.9073e-06
0.0000e+00
5.5075e-05
2.1458e-06
0.0000e+00
5.2929e-05
2.1458e-06
0.0000e+00
5.2929e-05
1.9073e-06
0.0000e+00
5.2929e-05
1.8001e-04
0.0000e+00
5.4121e-05
7.1526e-06
0.0000e+00
5.7936e-05
2.5988e-05
0.0000e+00
6.0797e-05
5.6982e-05
6.1989e-06
0.0000e+00
1.0490e-04
5.0068e-06
9.5367e-07
1.0490e-04
0.0000e+00
5.6028e-05
5.4836e-05
0.0000e+00
5.3883e-05
5.5075e-05
7.8678e-06
9.5367e-07
2.8849e-05
0.0000e+00
5.6028e-05
7.5102e-05
0.0000e+00
5.4121e-05
4.9114e-05
5.9605e-06
1.1921e-06
3.6001e-05
0.0000e+00
6.2943e-05
3.0994e-06
0.0000e+00
5.4121e-05
9.5367e-07
0.0000e+00
5.3883e-05
1.9073e-06
0.0000e+00
5.4836e-05
9.5367e-07
0.0000e+00
5.3883e-05
1.9073e-06
0.0000e+00
5.5075e-05
7.8678e-06
0.0000e+00
5.3883e-05
1.9073e-06
2.4486e-04
0.0000e+00
2.1458e-06
0.0000e+00
5.6982e-05
9.5367e-07
0.0000e+00
5.5075e-05
2.8610e-06
3.0994e-06
0.0000e+00
4.0531e-06
0.0000e+00
6.1989e-05
1.9073e-06
0.0000e+00
5.3883e-05
3.0589e-04
0.0000e+00
5.4836e-05
2.1458e-06
1.0586e-04
9.5367e-07
1.9073e-06
0.0000e+00
5.6028e-05
1.9073e-06
0.0000e+00
7.2956e-05
6.9141e-06
5.0068e-06
9.5367e-07
9.5367e-07
0.0000e+00
5.6982e-05
3.0518e-04
0.0000e+00
5.6028e-05
1.9073e-06
0.0000e+00
5.4121e-05
2.1458e-06
0.0000e+00
5.4121e-05
2.1458e-06
4.0531e-06
9.5367e-07
4.3869e-05
0.0000e+00
5.4836e-05
1.9073e-05
0.0000e+00
5.3883e-05
3.1304e-04
0.0000e+00
6.2943e-05
1.9073e-06
0.0000e+00
5.4121e-05
1.9073e-06
0.0000e+00
5.4121e-05
8.1062e-06
0.0000e+00
5.5075e-05
2.1458e-06
0.0000e+00
5.4121e-05
6.9141e-06
0.0000e+00
5.5075e-05
1.9073e-06
0.0000e+00
5.2929e-05
5.9605e-06
0.0000e+00
7.3195e-05
3.0994e-06
0.0000e+00
5.4121e-05
5.9605e-06
5.0068e-06
9.5367e-07
1.9073e-06
0.0000e+00
5.6028e-05
3.1304e-04
0.0000e+00
9.2030e-05
3.0994e-06
1.9908e-04
2.1458e-06
2.1458e-06
0.0000e+00
9.7990e-05
2.1458e-06
0.0000e+00
9.5129e-05
2.8610e-06
0.0000e+00
9.5844e-05
4.0531e-06
0.0000e+00
9.2030e-05
5.0068e-06
0.0000e+00
5.6028e-05
2.1458e-06
0.0000e+00
5.5075e-05
2.1458e-06
0.0000e+00
5.3167e-05
2.1458e-06
0.0000e+00
5.5075e-05
2.1458e-06
0.0000e+00
5.6028e-05
2.1458e-06
0.0000e+00
5.4121e-05
6.1989e-06
0.0000e+00
8.1062e-05
3.0994e-06
5.8174e-05
0.0000e+00
2.2888e-05
0.0000e+00
5.8174e-05
5.1022e-05
3.8147e-06
9.5367e-07
1.0800e-04
0.0000e+00
5.5075e-05
5.6028e-05
0.0000e+00
6.2227e-05
2.1458e-06
4.0531e-06
9.5367e-07
7.9870e-05
0.0000e+00
5.5075e-05
5.5075e-05
0.0000e+00
5.4121e-05
2.0099e-04
0.0000e+00
5.2929e-05
6.6042e-05
0.0000e+00
5.9128e-05
6.0081e-05
4.0531e-06
1.1921e-06
9.5129e-05
0.0000e+00
1.4496e-04
5.0068e-06
7.1526e-06
9.5367e-07
1.0967e-05
0.0000e+00
9.6083e-05
4.0531e-06
0.0000e+00
9.5129e-05
5.0068e-06
0.0000e+00
9.3937e-05
3.0994e-06
0.0000e+00
9.2983e-05
9.0599e-06
0.0000e+00
1.1992e-04
5.0068e-06
0.0000e+00
7.6056e-05
2.8610e-06
5.9605e-06
0.0000e+00
1.9073e-06
0.0000e+00
6.5088e-05
2.8610e-06
0.0000e+00
5.4836e-05
6.9141e-06
0.0000e+00
5.5790e-05
2.1458e-06
0.0000e+00
5.3883e-05
3.0994e-06
1.7881e-04
9.5367e-07
9.5367e-07
0.0000e+00
5.6028e-05
3.8147e-06
0.0000e+00
5.6982e-05
2.1458e-06
0.0000e+00
5.6028e-05
1.9073e-06
4.0531e-06
0.0000e+00
9.0599e-06
4.0531e-06
9.5367e-07
5.1022e-05
0.0000e+00
5.5075e-05
1.9073e-06
0.0000e+00
5.3883e-05
1.9073e-06
0.0000e+00
6.1989e-05
2.1458e-06
0.0000e+00
5.4121e-05
2.1458e-06
0.0000e+00
7.2002e-05
2.8610e-06
2.8896e-04
0.0000e+00
1.9073e-06
4.0531e-06
1.1921e-06
1.0014e-05
0.0000e+00
5.7936e-05
2.5988e-05
0.0000e+00
5.4121e-05
3.0994e-06
0.0000e+00
5.5075e-05
2.1458e-06
0.0000e+00
5.5075e-05
5.5814e-04
0.0000e+00
5.6028e-05
8.9884e-05
0.0000e+00
5.4836e-05
2.5988e-05
0.0000e+00
7.3195e-05
5.3167e-05
0.0000e+00
5.5075e-05
2.1458e-06
0.0000e+00
5.4121e-05
2.1458e-06
0.0000e+00
6.0081e-05
1.9073e-06
0.0000e+00
5.4121e-05
1.9073e-06
1.0967e-05
1.1921e-06
4.3154e-05
0.0000e+00
5.5075e-05
9.5367e-07
0.0000e+00
5.4121e-05
1.9073e-05
0.0000e+00
7.4148e-05
3.4809e-05
0.0000e+00
5.6028e-05
5.6982e-05
0.0000e+00
5.3883e-05
5.8889e-05
0.0000e+00
5.3883e-05
5.7936e-05
0.0000e+00
5.2929e-05
5.6028e-05
6.9141e-06
0.0000e+00
4.1962e-05
0.0000e+00
5.6982e-05
4.2915e-05
0.0000e+00
5.4836e-05
8.1062e-05
0.0000e+00
7.2956e-05
3.9101e-05
0.0000e+00
5.6028e-05
5.6028e-05
0.0000e+00
5.5075e-05
5.5790e-05
0.0000e+00
5.3883e-05
5.7936e-05
3.5000e-04
9.5367e-07
9.5367e-07
0.0000e+00
5.6028e-05
9.5367e-07
0.0000e+00
5.3883e-05
1.9073e-06
0.0000e+00
5.2929e-05
5.0068e-06
0.0000e+00
7.3910e-05
2.8610e-06
0.0000e+00
5.6028e-05
1.1921e-06
0.0000e+00
5.4121e-05
5.9605e-06
2.7084e-04
0.0000e+00
1.1921e-06
0.0000e+00
6.2943e-05
9.5367e-07
0.0000e+00
5.4121e-05
1.9073e-06
0.0000e+00
5.4121e-05
9.7752e-06
0.0000e+00
5.4836e-05
5.6982e-05
0.0000e+00
7.2002e-05
6.0081e-05
0.0000e+00
5.6982e-05
5.6028e-05
5.0068e-06
9.5367e-07
1.0395e-04
0.0000e+00
5.6028e-05
5.1975e-05
0.0000e+00
5.5075e-05
9.5367e-07
0.0000e+00
5.5075e-05
1.9073e-06
0.0000e+00
6.0797e-05
2.1458e-06
0.0000e+00
5.4121e-05
2.1458e-06
3.1805e-04
9.5367e-07
9.5367e-07
4.9114e-05
0.0000e+00
2.1458e-06
0.0000e+00
5.7936e-05
9.5367e-07
1.2207e-04
1.1921e-06
9.5367e-07
0.0000e+00
5.4836e-05
1.1921e-06
0.0000e+00
6.8903e-05
1.9073e-06
0.0000e+00
1.0395e-04
4.0531e-06
7.1526e-06
9.5367e-07
3.0994e-06
0.0000e+00
9.0837e-05
3.0994e-06
0.0000e+00
9.2030e-05
5.0068e-06
0.0000e+00
1.2088e-04
3.0994e-06
0.0000e+00
9.2983e-05
1.5998e-04
0.0000e+00
9.3937e-05
4.0531e-06
0.0000e+00
5.6982e-05
1.1802e-04
0.0000e+00
5.6028e-05
1.9073e-06
0.0000e+00
5.5075e-05
2.8849e-05
0.0000e+00
5.4836e-05
3.0994e-06
0.0000e+00
5.3883e-05
3.0994e-06
0.0000e+00
5.9128e-05
1.7810e-04
0.0000e+00
5.5075e-05
2.2888e-05
0.0000e+00
5.3883e-05
1.9073e-06
0.0000e+00
5.4836e-05
1.9073e-06
0.0000e+00
6.0797e-05
2.1458e-06
5.9605e-06
9.5367e-07
9.5367e-07
0.0000e+00
5.6028e-05
7.1526e-06
0.0000e+00
5.5075e-05
3.0994e-06
3.5191e-04
1.9789e-05
3.0994e-06
0.0000e+00
5.9128e-05
1.1921e-06
0.0000e+00
5.3883e-05
9.5367e-07
1.3494e-04
9.5367e-07
1.9073e-06
5.0068e-06
9.5367e-07
1.0967e-05
0.0000e+00
6.0081e-05
2.1458e-06
0.0000e+00
5.6028e-05
1.6928e-05
0.0000e+00
5.5075e-05
5.4836e-05
3.5906e-04
1.1921e-06
1.1921e-06
4.0531e-06
0.0000e+00
9.5367e-07
1.2898e-04
9.5367e-07
1.9073e-06
0.0000e+00
5.8889e-05
1.9073e-06
0.0000e+00
5.6028e-05
3.0994e-06
0.0000e+00
6.1035e-05
1.9073e-06
0.0000e+00
5.4836e-05
1.9073e-06
5.0068e-06
0.0000e+00
2.8610e-06
0.0000e+00
5.5790e-05
3.0994e-06
0.0000e+00
5.4121e-05
2.8706e-04
0.0000e+00
5.4836e-05
3.0994e-06
4.0531e-06
9.5367e-07
5.6982e-05
0.0000e+00
5.6982e-05
2.1458e-06
0.0000e+00
5.5075e-05
2.2173e-05
0.0000e+00
5.4836e-05
4.0531e-06
0.0000e+00
6.1035e-05
1.9073e-06
0.0000e+00
5.3883e-05
3.0994e-06
0.0000e+00
5.4836e-05
2.1458e-06
5.0068e-06
1.1921e-06
2.7180e-05
0.0000e+00
7.3910e-05
3.0994e-06
0.0000e+00
5.5075e-05
2.1458e-06
0.0000e+00
5.4121e-05
1.1921e-06
0.0000e+00
5.5075e-05
2.1458e-06
4.0531e-06
9.5367e-07
4.7922e-05
0.0000e+00
5.5075e-05
1.9073e-06
0.0000e+00
5.5075e-05
9.5367e-07
0.0000e+00
5.5075e-05
6.7878e-04
0.0000e+00
7.2956e-05
3.0994e-06
0.0000e+00
5.6982e-05
1.9073e-06
0.0000e+00
5.4836e-05
1.9073e-06
1.0014e-05
0.0000e+00
9.5367e-07
0.0000e+00
5.6028e-05
1.9073e-06
4.1986e-04
9.5367e-07
2.1458e-06
4.0531e-06
9.5367e-07
9.5367e-07
0.0000e+00
5.6982e-05
9.5367e-07
0.0000e+00
5.6028e-05
9.5367e-07
4.0531e-06
0.0000e+00
2.2173e-05
0.0000e+00
7.5102e-05
3.0994e-06
2.5010e-04
0.0000e+00
9.5367e-07
0.0000e+00
5.6982e-05
2.5797e-04
0.0000e+00
5.6028e-05
2.1458e-06
0.0000e+00
5.2929e-05
1.9073e-06
0.0000e+00
5.3883e-05
1.9073e-06
4.0531e-06
1.1921e-06
4.0531e-06
0.0000e+00
5.6028e-05
4.0531e-06
1.9073e-05
9.5367e-07
5.6028e-05
4.0531e-06
0.0000e+00
9.0599e-06
0.0000e+00
5.7936e-05
1.9073e-06
0.0000e+00
5.3883e-05
2.8610e-06
0.0000e+00
5.4836e-05
5.1594e-04
0.0000e+00
5.5075e-05
3.0994e-06
0.0000e+00
5.5075e-05
2.1458e-06
0.0000e+00
5.4121e-05
2.1458e-06
0.0000e+00
5.3883e-05
8.2707e-04
0.0000e+00
7.2956e-05
3.0994e-06
0.0000e+00
5.5075e-05
2.1458e-06
0.0000e+00
5.5075e-05
1.1921e-06
0.0000e+00
5.3883e-05
1.7715e-04
5.7936e-05
1.1921e-06
3.0994e-06
0.0000e+00
5.6982e-05
2.1458e-06
0.0000e+00
5.3883e-05
1.9073e-06
2.1482e-04
0.0000e+00
2.1458e-06
0.0000e+00
5.5075e-05
1.9073e-06
0.0000e+00
5.6028e-05
1.9073e-06
3.8147e-06
9.5367e-07
4.5776e-05
0.0000e+00
5.5075e-05
2.1458e-06
0.0000e+00
5.4121e-05
2.2602e-04
0.0000e+00
5.4836e-05
1.0014e-05
0.0000e+00
5.5075e-05
1.9073e-06
0.0000e+00
5.4121e-05
1.0300e-04
0.0000e+00
5.5075e-05
2.1458e-06
0.0000e+00
7.2002e-05
1.9073e-06
0.0000e+00
5.4836e-05
2.1458e-06
0.0000e+00
5.3883e-05
2.1458e-06
0.0000e+00
5.5075e-05
2.9111e-04
0.0000e+00
9.8944e-05
4.0531e-06
0.0000e+00
9.6083e-05
3.0994e-06
0.0000e+00
9.5129e-05
4.7684e-06
0.0000e+00
9.3937e-05
5.9605e-06
0.0000e+00
9.5844e-05
2.8610e-06
6.9141e-06
9.5367e-07
1.9073e-06
0.0000e+00
9.2983e-05
5.0068e-06
0.0000e+00
5.8174e-05
3.0994e-06
4.0531e-06
9.5367e-07
8.6784e-05
0.0000e+00
5.6982e-05
5.6982e-05
0.0000e+00
5.5075e-05
5.3167e-05
0.0000e+00
5.6028e-05
4.4823e-05
0.0000e+00
7.7009e-05
3.3855e-05
0.0000e+00
5.5790e-05
5.1975e-05
5.0068e-06
0.0000e+00
1.8835e-05
0.0000e+00
5.6028e-05
1.9073e-06
0.0000e+00
5.3883e-05
1.9073e-06
0.0000e+00
5.3883e-05
1.5020e-05
0.0000e+00
6.1035e-05
6.0081e-05
0.0000e+00
5.4836e-05
1.9073e-06
2.8610e-06
0.0000e+00
6.4850e-05
5.0068e-06
9.5367e-07
9.9897e-05
4.0531e-06
9.5367e-07
1.0300e-04
4.0531e-06
1.1921e-06
1.0395e-04
0.0000e+00
5.7936e-05
8.2970e-05
0.0000e+00
5.5075e-05
3.8147e-05
5.0068e-06
9.5367e-07
5.2929e-05
0.0000e+00
5.5790e-05
9.7990e-05
0.0000e+00
5.4121e-05
2.1458e-06
0.0000e+00
5.1975e-05
1.9073e-06
0.0000e+00
7.3910e-05
1.3590e-04
0.0000e+00
5.8174e-05
1.9073e-06
2.0504e-04
0.0000e+00
1.9073e-06
0.0000e+00
5.6028e-05
1.9073e-06
4.0531e-06
1.1921e-06
1.0014e-05
0.0000e+00
6.1989e-05
2.1458e-06
0.0000e+00
5.5075e-05
4.0531e-06
0.0000e+00
5.6028e-05
2.1696e-04
0.0000e+00
5.3167e-05
4.0531e-06
4.0531e-06
1.5974e-05
3.2902e-05
0.0000e+00
5.8889e-05
6.8903e-05
1.0610e-04
9.5367e-07
1.9073e-06
0.0000e+00
5.5790e-05
1.9073e-06
2.8610e-06
0.0000e+00
1.1921e-06
0.0000e+00
5.3883e-05
2.1458e-06
0.0000e+00
6.1035e-05
2.6298e-04
0.0000e+00
5.5075e-05
2.1458e-06
0.0000e+00
5.3883e-05
1.9073e-06
0.0000e+00
7.2956e-05
1.5593e-04
0.0000e+00
5.5075e-05
2.8610e-06
0.0000e+00
5.4836e-05
1.1921e-05
0.0000e+00
5.2929e-05
2.0981e-05
5.0068e-06
9.5367e-07
5.2929e-05
0.0000e+00
5.5790e-05
3.1805e-04
3.0994e-06
9.5367e-07
5.1975e-05
0.0000e+00
5.6028e-05
3.0994e-06
4.0531e-06
9.5367e-07
4.9829e-05
2.8610e-06
1.1921e-06
3.6001e-05
3.8147e-06
9.5367e-07
1.9073e-06
0.0000e+00
5.9128e-05
3.2997e-04
0.0000e+00
5.6028e-05
7.6056e-05
2.0027e-05
0.0000e+00
5.7220e-05
3.8147e-06
9.5367e-07
4.9829e-05
0.0000e+00
5.6028e-05
2.1458e-06
0.0000e+00
5.4121e-05
2.1458e-06
0.0000e+00
5.5075e-05
4.6015e-05
7.6056e-05
1.1921e-06
3.0994e-05
0.0000e+00
6.9141e-05
6.1989e-05
0.0000e+00
5.7936e-05
8.2016e-05
0.0000e+00
5.6028e-05
5.6982e-05
0.0000e+00
5.3883e-05
6.0081e-05
0.0000e+00
5.3883e-05
2.1458e-06
0.0000e+00
5.4836e-05
4.1962e-05
0.0000e+00
5.4121e-05
4.7922e-05
8.2970e-05
0.0000e+00
2.5988e-05
0.0000e+00
5.6028e-05
3.9101e-05
4.0531e-06
0.0000e+00
1.3804e-04
0.0000e+00
5.8174e-05
5.5075e-05
0.0000e+00
5.5075e-05
5.1975e-05
0.0000e+00
5.4121e-05
5.7220e-05
0.0000e+00
5.5075e-05
3.0994e-06
0.0000e+00
5.5075e-05
5.1022e-05
0.0000e+00
5.4836e-05
3.0994e-06
0.0000e+00
5.4836e-05
5.9605e-06
0.0000e+00
9.4175e-05
4.0531e-06
0.0000e+00
9.4175e-05
2.8610e-06
0.0000e+00
9.2983e-05
3.0994e-06
0.0000e+00
9.2030e-05
4.0531e-06
0.0000e+00
9.6083e-05
3.6955e-05
0.0000e+00
9.7036e-05
2.8610e-06
0.0000e+00
9.4891e-05
1.0967e-05
0.0000e+00
1.1182e-04
4.0531e-06
0.0000e+00
6.4135e-05
2.8610e-06
5.0068e-06
0.0000e+00
5.0068e-06
0.0000e+00
5.6028e-05
2.1458e-06
0.0000e+00
5.5075e-05
5.0068e-06
0.0000e+00
5.4836e-05
2.1458e-06
0.0000e+00
5.4836e-05
2.1458e-06
0.0000e+00
5.3883e-05
4.0531e-06
0.0000e+00
7.4148e-05
3.0994e-06
0.0000e+00
5.6028e-05
7.8678e-06
0.0000e+00
5.3883e-05
5.6982e-05
4.6706e-04
9.5367e-07
9.5367e-07
0.0000e+00
5.6982e-05
1.1921e-06
0.0000e+00
5.2929e-05
9.5367e-07
0.0000e+00
5.2929e-05
1.1921e-06
0.0000e+00
5.2929e-05
1.9073e-06
1.5283e-04
9.5367e-07
1.9073e-06
5.0068e-06
9.5367e-07
1.4067e-05
0.0000e+00
6.0081e-05
1.9073e-06
0.0000e+00
5.4836e-05
9.5844e-05
0.0000e+00
6.1989e-05
1.9073e-06
0.0000e+00
5.4121e-05
1.9073e-06
4.0531e-06
9.5367e-07
2.4080e-05
0.0000e+00
5.5075e-05
2.1458e-06
0.0000e+00
5.5075e-05
1.9073e-06
0.0000e+00
7.1049e-05
2.8610e-06
5.6291e-04
1.1921e-06
2.1458e-06
0.0000e+00
6.3896e-05
1.9073e-06
0.0000e+00
5.3883e-05
1.9073e-06
0.0000e+00
5.4836e-05
9.5367e-07
0.0000e+00
5.4836e-05
2.8610e-06
0.0000e+00
5.3883e-05
1.9073e-06
4.0531e-06
0.0000e+00
1.9073e-06
0.0000e+00
5.3883e-05
1.9073e-06
0.0000e+00
7.5102e-05
2.8610e-06
0.0000e+00
5.4836e-05
1.9073e-06
2.0027e-05
9.5367e-07
1.0967e-05
0.0000e+00
5.5075e-05
3.0994e-06
0.0000e+00
5.4121e-05
1.7881e-05
0.0000e+00
5.4121e-05
5.0068e-06
0.0000e+00
5.3883e-05
4.0531e-06
0.0000e+00
6.1035e-05
2.1791e-04
0.0000e+00
7.2956e-05
3.0994e-06
0.0000e+00
5.6028e-05
2.1458e-06
0.0000e+00
5.5075e-05
2.1458e-06
0.0000e+00
5.4121e-05
2.1458e-06
4.0531e-06
0.0000e+00
4.0531e-06
0.0000e+00
5.4121e-05
2.0981e-05
0.0000e+00
5.3883e-05
1.9073e-06
0.0000e+00
5.3883e-05
1.9073e-06
0.0000e+00
7.7963e-05
3.0994e-06
0.0000e+00
5.6028e-05
8.1062e-06
0.0000e+00
5.5075e-05
3.0994e-06
1.4067e-05
9.5367e-07
9.5367e-07
0.0000e+00
5.5075e-05
1.9073e-06
0.0000e+00
5.4121e-05
2.1458e-06
0.0000e+00
5.1975e-05
1.9073e-06
0.0000e+00
5.4121e-05
1.9073e-06
0.0000e+00
7.1049e-05
2.8610e-06
0.0000e+00
5.5075e-05
1.9073e-06
0.0000e+00
5.4121e-05
2.1458e-06
0.0000e+00
5.2929e-05
1.9073e-06
0.0000e+00
5.4836e-05
1.9073e-06
4.0531e-06
1.1921e-06
4.0531e-06
3.0994e-06
9.5367e-07
5.1022e-05
0.0000e+00
5.6028e-05
1.8835e-05
0.0000e+00
6.1035e-05
3.0994e-06
0.0000e+00
5.8174e-05
2.1458e-06
0.0000e+00
5.6028e-05
1.9073e-06
0.0000e+00
5.3883e-05
9.5367e-07
0.0000e+00
5.4121e-05
9.5367e-07
0.0000e+00
5.4121e-05
1.9073e-06
0.0000e+00
5.3167e-05
2.1458e-06
0.0000e+00
5.5075e-05
2.1458e-06
0.0000e+00
6.7949e-05
3.0994e-06
0.0000e+00
5.6982e-05
1.9073e-06
0.0000e+00
5.3883e-05
2.8610e-06
0.0000e+00
5.3883e-05
1.9073e-06
0.0000e+00
5.4121e-05
5.9605e-06
0.0000e+00
5.5075e-05
2.8610e-06
0.0000e+00
5.6028e-05
5.0068e-06
0.0000e+00
5.5075e-05
1.9073e-06
3.8147e-06
9.5367e-07
1.9073e-06
0.0000e+00
5.6982e-05
3.0994e-06
0.0000e+00
5.6028e-05
1.9073e-06
0.0000e+00
5.4836e-05
1.9073e-06
0.0000e+00
5.2929e-05
9.5367e-07
0.0000e+00
5.4121e-05
1.9073e-06
0.0000e+00
5.4121e-05
1.9073e-06
0.0000e+00
5.4121e-05
2.1458e-06
0.0000e+00
7.0095e-05
3.0994e-06
0.0000e+00
5.5075e-05
1.9073e-06
0.0000e+00
5.5075e-05
1.9073e-06
0.0000e+00
6.1035e-05
3.0994e-06
0.0000e+00
5.6028e-05
2.1458e-06
1.0014e-05
9.5367e-07
9.5367e-07
0.0000e+00
5.4836e-05
2.1458e-06
2.8610e-06
1.1921e-06
3.7193e-05
0.0000e+00
5.5075e-05
3.0994e-06
0.0000e+00
5.7936e-05
1.9073e-06
0.0000e+00
5.6982e-05
3.0994e-06
0.0000e+00
5.6028e-05
2.1458e-06
0.0000e+00
5.4121e-05
2.1458e-06
0.0000e+00
5.3883e-05
9.5367e-07
0.0000e+00
5.3883e-05
9.5367e-07
3.0994e-06
9.5367e-07
3.5048e-05
0.0000e+00
5.6028e-05
3.0994e-06
0.0000e+00
6.2943e-05
2.1458e-06
0.0000e+00
5.6028e-05
1.9073e-06
0.0000e+00
5.4121e-05
2.1458e-06
0.0000e+00
5.5075e-05
1.9073e-06
0.0000e+00
5.4121e-05
1.9073e-06
4.0531e-06
0.0000e+00
3.0994e-06
0.0000e+00
5.2929e-05
2.1935e-05
0.0000e+00
5.4836e-05
3.0994e-06
0.0000e+00
5.7936e-05
1.9073e-06
0.0000e+00
5.4121e-05
9.5367e-07
0.0000e+00
5.5075e-05
2.1458e-06
0.0000e+00
5.2929e-05
3.0994e-06
2.8610e-06
0.0000e+00
2.5988e-05
9.0599e-06
9.5367e-07
6.1989e-05
0.0000e+00
6.3181e-05
2.1458e-06
0.0000e+00
5.4121e-05
1.9073e-06
0.0000e+00
7.2002e-05
2.8610e-06
0.0000e+00
5.6028e-05
1.9073e-06
0.0000e+00
5.3883e-05
1.9073e-06
0.0000e+00
5.3883e-05
1.9073e-06
3.0994e-06
9.5367e-07
1.5974e-05
0.0000e+00
5.5075e-05
1.9073e-06
0.0000e+00
5.4121e-05
2.8610e-06
0.0000e+00
5.3883e-05
1.9073e-06
0.0000e+00
5.5075e-05
2.8610e-06
0.0000e+00
5.5790e-05
2.1458e-06
0.0000e+00
5.3883e-05
2.1458e-06
0.0000e+00
5.4836e-05
9.5367e-07
0.0000e+00
6.1035e-05
2.1458e-06
0.0000e+00
5.4121e-05
1.9073e-06
3.8147e-06
0.0000e+00
1.4782e-05
0.0000e+00
5.5075e-05
2.1458e-06
0.0000e+00
5.4121e-05
3.0994e-06
0.0000e+00
5.6028e-05
1.9073e-06
0.0000e+00
5.3883e-05
1.9073e-06
3.0994e-06
0.0000e+00
5.1975e-05
4.0531e-06
0.0000e+00
5.1975e-05
3.0994e-06
9.5367e-07
4.0531e-06
0.0000e+00
5.6028e-05
1.9073e-06
0.0000e+00
5.5075e-05
1.9073e-06
0.0000e+00
5.4121e-05
1.5974e-05
0.0000e+00
5.4121e-05
3.0994e-06
4.0531e-06
9.5367e-07
4.1008e-05
0.0000e+00
5.7936e-05
2.1935e-05
4.0531e-06
1.1921e-06
5.4121e-05
0.0000e+00
5.5075e-05
3.0994e-06
0.0000e+00
5.4121e-05
1.9073e-06
0.0000e+00
5.4121e-05
1.1921e-06
0.0000e+00
5.3883e-05
9.5367e-07
2.8610e-06
9.5367e-07
4.1008e-05
0.0000e+00
5.4836e-05
2.8610e-06
0.0000e+00
7.3910e-05
3.0994e-06
0.0000e+00
5.6028e-05
2.1458e-06
0.0000e+00
5.5075e-05
1.9073e-06
0.0000e+00
5.5075e-05
1.9073e-06
0.0000e+00
5.3883e-05
1.9073e-06
0.0000e+00
6.1035e-05
3.0994e-06
0.0000e+00
5.5075e-05
2.1458e-06
0.0000e+00
7.0095e-05
3.0994e-06
0.0000e+00
5.6982e-05
1.9073e-06
0.0000e+00
5.3883e-05
1.9073e-06
0.0000e+00
5.4836e-05
1.9073e-06
5.0068e-06
9.5367e-07
3.8147e-06
0.0000e+00
5.3883e-05
2.1935e-05
0.0000e+00
5.4836e-05
5.0068e-06
0.0000e+00
5.3883e-05
2.1458e-06
0.0000e+00
5.4836e-05
2.8610e-06
0.0000e+00
5.6028e-05
2.1458e-06
0.0000e+00
5.4121e-05
2.1458e-06
0.0000e+00
5.3883e-05
2.1458e-06
3.0994e-06
0.0000e+00
1.9073e-06
3.0994e-06
9.5367e-07
6.2943e-05
4.0531e-06
1.1921e-06
5.4121e-05
4.0531e-06
0.0000e+00
5.0068e-05
0.0000e+00
5.6982e-05
1.9073e-06
0.0000e+00
5.4836e-05
1.9073e-06
1.5974e-05
9.5367e-07
2.3127e-05
0.0000e+00
5.7936e-05
1.9073e-06
2.8610e-06
1.1921e-06
2.0027e-05
0.0000e+00
5.6028e-05
1.5974e-05
0.0000e+00
5.2929e-05
1.9073e-06
4.0531e-06
1.1921e-06
3.6001e-05
3.8147e-06
9.5367e-07
5.0068e-05
0.0000e+00
5.5790e-05
1.9073e-06
0.0000e+00
6.1035e-05
2.1458e-06
0.0000e+00
5.4121e-05
1.9073e-06
0.0000e+00
5.8174e-05
2.1458e-06
0.0000e+00
5.3883e-05
2.1458e-06
0.0000e+00
5.2929e-05
1.9073e-06
0.0000e+00
5.2929e-05
1.9073e-06
4.0531e-06
9.5367e-07
4.1008e-05
0.0000e+00
5.5075e-05
1.9073e-06
0.0000e+00
5.3883e-05
9.5367e-07
0.0000e+00
5.4121e-05
2.1458e-06
0.0000e+00
5.6982e-05
1.9073e-06
0.0000e+00
5.5075e-05
1.9073e-06
0.0000e+00
5.5075e-05
1.9073e-06
0.0000e+00
5.4121e-05
1.9073e-06
4.0531e-06
1.1921e-06
4.6015e-05
0.0000e+00
5.4836e-05
1.0967e-05
0.0000e+00
5.5075e-05
1.9073e-06
0.0000e+00
5.3883e-05
1.9073e-06
0.0000e+00
7.2002e-05
3.0994e-06
0.0000e+00
5.5075e-05
1.9073e-06
0.0000e+00
5.4121e-05
1.1921e-06
4.0531e-06
9.5367e-07
4.7922e-05
0.0000e+00
5.6028e-05
3.8147e-06
0.0000e+00
5.3883e-05
1.9073e-06
0.0000e+00
5.3883e-05
1.9073e-06
2.8610e-06
0.0000e+00
9.5367e-07
0.0000e+00
5.3883e-05
3.0994e-06
0.0000e+00
5.7936e-05
2.1458e-06
0.0000e+00
5.5075e-05
2.1458e-06
0.0000e+00
5.1975e-05
1.9073e-06
0.0000e+00
5.4121e-05
9.5367e-07
0.0000e+00
5.4121e-05
2.1458e-06
0.0000e+00
5.4121e-05
2.1458e-06
2.8610e-06
9.5367e-07
2.1458e-06
0.0000e+00
5.6982e-05
2.1458e-06
0.0000e+00
5.6982e-05
1.9073e-06
0.0000e+00
5.4121e-05
1.9073e-06
0.0000e+00
5.4121e-05
1.9073e-06
0.0000e+00
5.4121e-05
9.5367e-07
3.0994e-06
9.5367e-07
5.3883e-05
0.0000e+00
5.5075e-05
4.0531e-06
0.0000e+00
5.3167e-05
1.9073e-06
0.0000e+00
5.4836e-05
3.0994e-06
0.0000e+00
5.6982e-05
1.9073e-06
0.0000e+00
5.3883e-05
1.9073e-06
0.0000e+00
5.3883e-05
1.9073e-06
0.0000e+00
5.3883e-05
1.9073e-06
0.0000e+00
5.5075e-05
9.5367e-07
0.0000e+00
5.5075e-05
1.9073e-06
0.0000e+00
5.3883e-05
1.9073e-06
4.0531e-06
1.1921e-06
1.9073e-06
0.0000e+00
5.6028e-05
2.1458e-06
0.0000e+00
5.4121e-05
2.1458e-06
0.0000e+00
5.4836e-05
1.9073e-06
0.0000e+00
5.3883e-05
1.9073e-06
0.0000e+00
5.3883e-05
1.2875e-05
0.0000e+00
5.5075e-05
1.2159e-05
0.0000e+00
5.4836e-05
3.0994e-06
0.0000e+00
6.7949e-05
3.0994e-06
0.0000e+00
5.6982e-05
1.9073e-06
0.0000e+00
5.4836e-05
9.5367e-07
0.0000e+00
5.4836e-05
9.5367e-07
0.0000e+00
5.3883e-05
1.9073e-06
0.0000e+00
5.4121e-05
2.1458e-06
0.0000e+00
5.4121e-05
2.1458e-06
0.0000e+00
5.3883e-05
3.0994e-06
0.0000e+00
7.0095e-05
3.0994e-06
0.0000e+00
5.6028e-05
1.9073e-06
0.0000e+00
5.4121e-05
1.9073e-06
0.0000e+00
5.3883e-05
1.9073e-06
5.0068e-06
0.0000e+00
9.5367e-07
0.0000e+00
5.5075e-05
2.1458e-06
4.0531e-06
9.5367e-07
3.0994e-06
3.0994e-06
0.0000e+00
6.9857e-05
0.0000e+00
5.3883e-05
1.9073e-06
0.0000e+00
7.7009e-05
3.0994e-06
0.0000e+00
5.4121e-05
2.1458e-06
0.0000e+00
5.5075e-05
1.9073e-06
0.0000e+00
5.3883e-05
9.5367e-07
0.0000e+00
5.2929e-05
2.1458e-06
0.0000e+00
5.5075e-05
2.1458e-06
0.0000e+00
5.2929e-05
1.9073e-06
0.0000e+00
5.2929e-05
1.9073e-06
0.0000e+00
6.3896e-05
1.9073e-06
0.0000e+00
5.5075e-05
1.9073e-06
0.0000e+00
5.3167e-05
2.1458e-06
0.0000e+00
5.2929e-05
1.9073e-06
2.8610e-06
0.0000e+00
1.0014e-05
0.0000e+00
5.3883e-05
1.9073e-06
0.0000e+00
5.5075e-05
1.9073e-06
0.0000e+00
5.5075e-05
2.8610e-06
0.0000e+00
5.6982e-05
1.9073e-06
0.0000e+00
5.5075e-05
1.9073e-06
0.0000e+00
5.4121e-05
1.9073e-06
0.0000e+00
5.4121e-05
3.0994e-06
0.0000e+00
5.4121e-05
9.5367e-07
0.0000e+00
5.4121e-05
6.9141e-06
0.0000e+00
6.1035e-05
2.1458e-06
0.0000e+00
7.1049e-05
6.9141e-06
0.0000e+00
5.6982e-05
1.9073e-06
3.8147e-06
9.5367e-07
4.0531e-06
0.0000e+00
5.5075e-05
2.1458e-06
4.0531e-06
9.5367e-07
1.9073e-06
0.0000e+00
5.5075e-05
1.9073e-06
5.4121e-05
9.5367e-07
9.5367e-07
2.1935e-05
9.5367e-07
2.8849e-05
0.0000e+00
5.4836e-05
1.9073e-06
0.0000e+00
5.3883e-05
1.9073e-05
0.0000e+00
7.1049e-05
1.9073e-06
0.0000e+00
5.5075e-05
1.9073e-06
3.0994e-06
0.0000e+00
4.0054e-05
0.0000e+00
5.6982e-05
3.0994e-06
2.8610e-06
9.5367e-07
4.5061e-05
0.0000e+00
5.3883e-05
1.0014e-05
0.0000e+00
5.5075e-05
1.9073e-06
0.0000e+00
5.5075e-05
1.8835e-05
0.0000e+00
5.4836e-05
3.0994e-06
0.0000e+00
5.6982e-05
3.0994e-06
0.0000e+00
5.4121e-05
9.5367e-07
0.0000e+00
5.4121e-05
2.1458e-06
0.0000e+00
5.5075e-05
2.1458e-06
4.0531e-06
9.5367e-07
2.8610e-06
0.0000e+00
5.3883e-05
1.9073e-06
0.0000e+00
5.3883e-05
9.5367e-07
0.0000e+00
5.3883e-05
3.0994e-06
0.0000e+00
6.2943e-05
1.9073e-06
0.0000e+00
5.4836e-05
1.9073e-06
0.0000e+00
5.3883e-05
2.8610e-06
0.0000e+00
5.4836e-05
9.5367e-07
0.0000e+00
5.4836e-05
5.0068e-06
0.0000e+00
5.5075e-05
1.9073e-06
0.0000e+00
5.4121e-05
1.9073e-06
4.0531e-06
9.5367e-07
2.8610e-06
0.0000e+00
5.7936e-05
1.9073e-06
2.8610e-06
1.1921e-06
9.5367e-07
0.0000e+00
5.5075e-05
1.1921e-06
0.0000e+00
5.4121e-05
2.1458e-06
4.0531e-06
9.5367e-07
4.2915e-05
1.1802e-04
9.5367e-07
2.1458e-06
0.0000e+00
6.2943e-05
2.8610e-06
0.0000e+00
5.5790e-05
9.5367e-07
0.0000e+00
5.3883e-05
1.9073e-06
0.0000e+00
7.3910e-05
2.8610e-06
0.0000e+00
5.6028e-05
1.1921e-06
0.0000e+00
5.5075e-05
2.1458e-06
0.0000e+00
5.5075e-05
1.1921e-06
0.0000e+00
5.4121e-05
3.0994e-06
4.0531e-06
9.5367e-07
9.5367e-07
0.0000e+00
5.5075e-05
1.9073e-06
0.0000e+00
5.4836e-05
9.5367e-07
0.0000e+00
7.7963e-05
2.8610e-06
3.8147e-06
1.1921e-06
1.1921e-06
2.8610e-06
9.5367e-07
4.0054e-05
4.0531e-06
1.1921e-06
5.0068e-05
4.0531e-06
9.5367e-07
4.5061e-05
0.0000e+00
5.6982e-05
2.1458e-06
2.8610e-06
9.5367e-07
5.4121e-05
3.0994e-06
0.0000e+00
5.5075e-05
0.0000e+00
5.6982e-05
1.9073e-06
0.0000e+00
5.3883e-05
1.9073e-06
0.0000e+00
5.4836e-05
2.1458e-06
0.0000e+00
5.7936e-05
1.9073e-06
0.0000e+00
5.5075e-05
1.9073e-06
0.0000e+00
5.3883e-05
1.9073e-06
4.0531e-06
1.1921e-06
5.0068e-06
6.5088e-05
0.0000e+00
1.9073e-06
0.0000e+00
5.6028e-05
2.1458e-06
0.0000e+00
5.5075e-05
2.1458e-06
0.0000e+00
5.5075e-05
1.9073e-06
0.0000e+00
5.4121e-05
3.0994e-06
0.0000e+00
5.6982e-05
1.9073e-06
0.0000e+00
5.3883e-05
1.9073e-06
4.0531e-06
1.1921e-06
4.3154e-05
0.0000e+00
5.5075e-05
1.9073e-06
0.0000e+00
5.4121e-05
2.1458e-06
0.0000e+00
5.2929e-05
3.0994e-06
0.0000e+00
5.6028e-05
1.9073e-06
0.0000e+00
5.4121e-05
2.1458e-06
0.0000e+00
5.6982e-05
1.9073e-06
0.0000e+00
5.5075e-05
1.1921e-06
0.0000e+00
5.4121e-05
2.1458e-06
0.0000e+00
6.1989e-05
1.9073e-06
0.0000e+00
5.5075e-05
9.5367e-07
0.0000e+00
5.5075e-05
1.9073e-06
0.0000e+00
5.4836e-05
1.9073e-06
0.0000e+00
7.5817e-05
6.9141e-06
0.0000e+00
5.6028e-05
2.1458e-06
0.0000e+00
5.6028e-05
5.0068e-06
0.0000e+00
5.5075e-05
2.1458e-06
5.0068e-06
9.5367e-07
9.5367e-07
0.0000e+00
5.4836e-05
1.9073e-06
0.0000e+00
5.4836e-05
1.9073e-06
0.0000e+00
5.3883e-05
1.9073e-06
0.0000e+00
7.1049e-05
2.8610e-06
0.0000e+00
5.6028e-05
2.1458e-06
0.0000e+00
5.6028e-05
2.8610e-06
0.0000e+00
5.2929e-05
1.9073e-06
0.0000e+00
5.4121e-05
2.1458e-06
4.0531e-06
0.0000e+00
9.5367e-07
0.0000e+00
5.4121e-05
1.9073e-06
0.0000e+00
5.4121e-05
2.1458e-06
0.0000e+00
5.3883e-05
4.0531e-06
0.0000e+00
5.7936e-05
1.9073e-06
3.8147e-06
0.0000e+00
9.5367e-07
3.0994e-06
9.5367e-07
6.9141e-06
0.0000e+00
5.6028e-05
1.9073e-06
0.0000e+00
5.3883e-05
4.0531e-06
0.0000e+00
5.3883e-05
3.0994e-06
0.0000e+00
5.4121e-05
2.1458e-06
0.0000e+00
5.2929e-05
2.1458e-06
0.0000e+00
7.9870e-05
4.0531e-06
0.0000e+00
5.6028e-05
2.1458e-06
0.0000e+00
5.4121e-05
2.1458e-06
0.0000e+00
5.3883e-05
1.9073e-06
0.0000e+00
5.3883e-05
2.3842e-05
0.0000e+00
5.3883e-05
1.9073e-06
0.0000e+00
5.5790e-05
1.9073e-06
0.0000e+00
5.3883e-05
2.8610e-06
0.0000e+00
5.7220e-05
1.9073e-06
0.0000e+00
5.3883e-05
9.5367e-07
0.0000e+00
5.2929e-05
1.9073e-06
0.0000e+00
5.3167e-05
1.5974e-05
0.0000e+00
5.4836e-05
1.9073e-06
0.0000e+00
6.1035e-05
3.0994e-06
4.0531e-06
9.5367e-07
5.0068e-06
0.0000e+00
5.5075e-05
1.9073e-06
0.0000e+00
5.6982e-05
2.1458e-06
0.0000e+00
5.5075e-05
2.1458e-06
0.0000e+00
5.4121e-05
1.9073e-06
2.9802e-05
9.5367e-07
2.0981e-05
0.0000e+00
5.6028e-05
1.9073e-06
4.0531e-06
9.5367e-07
6.2943e-05
0.0000e+00
5.4836e-05
3.0994e-06
0.0000e+00
5.3883e-05
1.9073e-06
0.0000e+00
6.8903e-05
2.8610e-06
0.0000e+00
5.5790e-05
9.5367e-07
3.8147e-06
9.5367e-07
3.6001e-05
3.8147e-06
9.5367e-07
4.4823e-05
0.0000e+00
5.6028e-05
8.1062e-06
0.0000e+00
5.5075e-05
1.7881e-05
1.5020e-05
1.1921e-06
4.3154e-05
0.0000e+00
5.6028e-05
1.9073e-06
0.0000e+00
5.4121e-05
1.9073e-06
0.0000e+00
5.5075e-05
2.8610e-06
0.0000e+00
5.6982e-05
1.9073e-06
0.0000e+00
5.5075e-05
1.9073e-06
0.0000e+00
5.5075e-05
2.1458e-06
0.0000e+00
5.4121e-05
9.5367e-07
3.8147e-06
0.0000e+00
2.2888e-05
0.0000e+00
5.5075e-05
1.9073e-06
0.0000e+00
5.4121e-05
1.9073e-06
0.0000e+00
5.3883e-05
3.0994e-06
0.0000e+00
5.6982e-05
1.9073e-06
0.0000e+00
5.5075e-05
1.9073e-06
0.0000e+00
5.6028e-05
1.9073e-06
0.0000e+00
5.3883e-05
3.0994e-06
0.0000e+00
5.3883e-05
1.9073e-06
0.0000e+00
5.2929e-05
2.1458e-06
0.0000e+00
5.4121e-05
2.1458e-06
0.0000e+00
7.0095e-05
3.0994e-06
0.0000e+00
5.5075e-05
1.9073e-06
0.0000e+00
5.4121e-05
1.9073e-06
7.1526e-06
9.5367e-07
3.0994e-06
0.0000e+00
5.6028e-05
5.9605e-06
0.0000e+00
6.1035e-05
1.9073e-06
0.0000e+00
5.5075e-05
1.9073e-06
0.0000e+00
5.3883e-05
1.9073e-06
0.0000e+00
7.4148e-05
7.1526e-06
0.0000e+00
5.5075e-05
2.1458e-06
0.0000e+00
5.5075e-05
1.1921e-06
7.8678e-06
9.5367e-07
9.5367e-07
0.0000e+00
5.5075e-05
2.8610e-06
0.0000e+00
5.4836e-05
1.9073e-06
0.0000e+00
5.3883e-05
9.5367e-07
0.0000e+00
5.4121e-05
9.5367e-07
0.0000e+00
7.0095e-05
2.8610e-06
0.0000e+00
5.5790e-05
2.1458e-06
4.0531e-06
9.5367e-07
1.9073e-06
3.0994e-06
9.5367e-07
4.7922e-05
0.0000e+00
6.1989e-05
3.0994e-06
0.0000e+00
5.5075e-05
4.0531e-06
0.0000e+00
5.6982e-05
3.0994e-06
0.0000e+00
5.4121e-05
2.1458e-06
0.0000e+00
5.3883e-05
2.8610e-06
0.0000e+00
5.6982e-05
2.1458e-06
0.0000e+00
5.3167e-05
1.9073e-06
2.8610e-06
0.0000e+00
2.0981e-05
0.0000e+00
5.5075e-05
2.1458e-06
0.0000e+00
5.6982e-05
1.1014e-01
