2.3911e-03
1.2207e-04
1.6928e-05
2.1458e-06
7.8678e-06
0.0000e+00
4.1008e-05
9.5367e-07
0.0000e+00
2.5034e-05
9.5367e-07
2.0711e-03
0.0000e+00
1.9073e-06
0.0000e+00
2.4080e-05
9.5367e-07
0.0000e+00
2.2888e-05
0.0000e+00
0.0000e+00
2.1935e-05
9.5367e-07
0.0000e+00
2.2173e-05
1.0991e-04
2.1458e-06
9.5367e-07
2.2888e-05
0.0000e+00
2.3842e-05
9.5367e-07
0.0000e+00
2.1935e-05
4.1008e-05
2.1458e-06
9.5367e-07
2.0981e-05
0.0000e+00
2.2888e-05
1.1921e-06
0.0000e+00
2.1935e-05
3.6955e-05
1.0514e-04
0.0000e+00
9.5367e-07
0.0000e+00
2.1935e-05
9.5367e-07
0.0000e+00
2.1935e-05
0.0000e+00
1.1921e-06
0.0000e+00
1.1921e-06
5.9605e-06
0.0000e+00
4.0531e-06
0.0000e+00
2.4080e-05
6.8903e-05
0.0000e+00
2.2173e-05
8.2970e-05
0.0000e+00
2.1935e-05
0.0000e+00
0.0000e+00
2.2173e-05
0.0000e+00
0.0000e+00
2.1935e-05
5.0068e-06
0.0000e+00
2.5034e-05
1.1921e-06
0.0000e+00
2.1935e-05
1.5020e-05
0.0000e+00
3.1948e-05
6.5088e-05
0.0000e+00
2.2173e-05
9.5367e-07
0.0000e+00
2.1935e-05
1.1921e-06
1.9073e-06
0.0000e+00
2.1458e-06
0.0000e+00
2.1935e-05
1.1921e-06
1.9073e-06
0.0000e+00
1.6928e-05
9.5844e-05
0.0000e+00
0.0000e+00
0.0000e+00
2.1935e-05
9.5367e-07
0.0000e+00
2.2173e-05
0.0000e+00
0.0000e+00
2.9087e-05
1.0300e-04
0.0000e+00
2.0981e-05
2.1458e-06
0.0000e+00
2.1935e-05
9.5367e-07
1.9073e-06
0.0000e+00
2.0027e-05
9.5367e-07
0.0000e+00
2.0027e-05
7.8917e-05
0.0000e+00
0.0000e+00
4.0054e-05
0.0000e+00
9.5367e-07
0.0000e+00
2.2888e-05
0.0000e+00
0.0000e+00
2.0981e-05
5.6601e-04
0.0000e+00
2.1935e-05
9.5367e-07
0.0000e+00
2.3127e-05
0.0000e+00
0.0000e+00
2.2173e-05
0.0000e+00
0.0000e+00
2.1935e-05
9.5367e-07
0.0000e+00
2.1935e-05
2.5392e-04
3.0994e-06
0.0000e+00
2.1935e-05
6.4135e-05
0.0000e+00
0.0000e+00
0.0000e+00
2.5034e-05
2.2173e-05
0.0000e+00
2.2888e-05
1.0014e-05
0.0000e+00
2.9087e-05
9.5367e-07
0.0000e+00
2.2173e-05
3.5048e-05
7.8678e-06
0.0000e+00
1.4067e-05
2.1458e-06
0.0000e+00
2.0027e-05
0.0000e+00
2.1935e-05
1.1921e-06
0.0000e+00
2.1935e-05
9.5367e-07
0.0000e+00
2.2173e-05
0.0000e+00
0.0000e+00
2.1935e-05
1.0300e-04
0.0000e+00
2.2173e-05
5.0783e-05
0.0000e+00
2.7895e-05
3.0994e-06
0.0000e+00
2.0981e-05
1.1921e-06
0.0000e+00
2.1935e-05
5.0068e-06
1.0896e-04
0.0000e+00
0.0000e+00
9.5367e-07
0.0000e+00
0.0000e+00
0.0000e+00
2.1935e-05
0.0000e+00
2.1458e-06
0.0000e+00
2.8610e-06
0.0000e+00
2.1935e-05
1.9073e-06
0.0000e+00
2.1935e-05
2.1458e-06
0.0000e+00
2.8849e-05
1.5187e-04
0.0000e+00
2.2173e-05
0.0000e+00
0.0000e+00
2.1935e-05
3.0994e-06
0.0000e+00
2.0981e-05
9.5367e-07
0.0000e+00
2.2173e-05
1.9073e-06
0.0000e+00
2.2173e-05
9.5367e-07
0.0000e+00
2.0981e-05
2.1458e-06
0.0000e+00
2.2888e-05
9.5367e-07
0.0000e+00
2.1935e-05
1.9073e-06
2.1458e-06
9.5367e-07
9.5367e-07
0.0000e+00
2.2888e-05
1.9073e-06
1.9073e-06
0.0000e+00
1.1921e-06
0.0000e+00
2.1935e-05
2.1005e-04
0.0000e+00
2.1935e-05
1.1921e-06
0.0000e+00
2.0981e-05
9.5367e-07
2.1458e-06
0.0000e+00
2.6941e-05
3.6001e-05
9.5367e-07
9.5367e-07
0.0000e+00
3.0041e-05
2.1458e-06
1.9073e-06
0.0000e+00
9.5367e-07
0.0000e+00
2.3127e-05
3.8147e-06
0.0000e+00
2.1935e-05
9.5367e-07
0.0000e+00
2.2173e-05
2.8610e-06
0.0000e+00
2.2173e-05
5.8484e-04
3.0994e-06
9.5367e-07
1.9073e-05
0.0000e+00
2.1935e-05
7.8678e-06
0.0000e+00
2.1935e-05
9.5367e-07
2.3127e-05
0.0000e+00
0.0000e+00
9.5367e-07
0.0000e+00
2.8610e-06
0.0000e+00
2.2888e-05
2.2173e-05
0.0000e+00
2.1935e-05
9.5367e-07
0.0000e+00
2.1935e-05
9.5367e-07
0.0000e+00
2.1935e-05
1.1921e-06
0.0000e+00
2.0981e-05
9.0599e-06
1.9073e-06
9.5367e-07
2.0981e-05
1.9073e-06
0.0000e+00
2.0027e-05
0.0000e+00
2.2173e-05
1.9073e-06
0.0000e+00
2.3127e-05
0.0000e+00
2.7800e-04
9.5367e-07
9.5367e-07
0.0000e+00
2.3127e-05
0.0000e+00
0.0000e+00
2.2173e-05
2.4796e-05
0.0000e+00
2.3127e-05
2.0981e-05
4.4107e-05
9.5367e-07
9.5367e-07
0.0000e+00
2.1935e-05
1.1921e-06
4.1962e-05
0.0000e+00
9.5367e-07
0.0000e+00
2.1935e-05
9.5367e-07
4.0531e-06
9.5367e-07
9.5367e-07
0.0000e+00
2.2888e-05
9.5367e-07
6.1989e-06
0.0000e+00
9.5367e-07
6.6113e-04
0.0000e+00
9.5367e-07
3.0994e-06
9.5367e-07
0.0000e+00
2.1458e-06
0.0000e+00
0.0000e+00
0.0000e+00
2.5034e-05
9.5367e-07
1.9073e-06
1.1921e-06
9.5367e-07
0.0000e+00
2.3127e-05
1.1921e-06
1.9073e-06
0.0000e+00
3.0994e-06
0.0000e+00
2.1935e-05
9.5367e-07
0.0000e+00
3.0994e-05
9.5367e-07
0.0000e+00
2.1935e-05
9.5367e-07
0.0000e+00
2.1935e-05
1.6499e-04
0.0000e+00
2.0981e-05
3.3855e-05
0.0000e+00
2.0981e-05
9.0599e-06
2.2173e-05
0.0000e+00
0.0000e+00
0.0000e+00
2.2173e-05
2.1458e-06
0.0000e+00
2.1935e-05
1.1921e-06
8.7976e-05
0.0000e+00
0.0000e+00
0.0000e+00
2.2888e-05
0.0000e+00
0.0000e+00
2.1935e-05
9.5367e-07
0.0000e+00
2.1935e-05
3.0994e-06
1.9073e-06
0.0000e+00
2.1458e-06
0.0000e+00
2.1935e-05
0.0000e+00
2.8610e-06
9.5367e-07
9.5367e-07
9.5367e-07
0.0000e+00
2.0981e-05
0.0000e+00
2.2173e-05
9.5367e-07
0.0000e+00
2.1935e-05
2.1458e-06
0.0000e+00
2.3842e-05
3.0994e-06
1.4091e-04
9.5367e-07
0.0000e+00
0.0000e+00
2.1935e-05
6.4135e-05
0.0000e+00
2.1935e-05
9.5367e-07
1.1921e-06
0.0000e+00
2.6941e-05
0.0000e+00
2.1935e-05
8.3923e-05
0.0000e+00
2.1935e-05
0.0000e+00
9.5367e-07
0.0000e+00
2.0027e-05
2.1458e-06
0.0000e+00
2.0027e-05
4.5061e-05
0.0000e+00
9.5367e-07
0.0000e+00
2.2888e-05
9.5367e-07
0.0000e+00
2.2173e-05
4.1962e-05
0.0000e+00
2.1935e-05
9.5367e-07
0.0000e+00
2.0981e-05
2.1458e-06
0.0000e+00
2.1935e-05
1.9073e-06
0.0000e+00
2.1935e-05
1.9073e-06
2.3127e-05
0.0000e+00
2.1458e-06
5.0068e-06
9.5367e-07
1.9073e-05
0.0000e+00
2.2888e-05
3.8147e-06
2.1458e-06
0.0000e+00
2.0981e-05
0.0000e+00
2.3127e-05
0.0000e+00
0.0000e+00
2.1935e-05
1.1921e-06
0.0000e+00
2.1935e-05
8.5115e-05
1.9073e-06
0.0000e+00
2.0027e-05
0.0000e+00
2.3127e-05
9.5367e-07
0.0000e+00
2.1935e-05
0.0000e+00
0.0000e+00
2.1935e-05
1.8001e-04
1.9073e-06
1.1921e-06
1.0967e-05
1.9073e-06
1.1921e-06
2.0981e-05
0.0000e+00
2.3842e-05
1.1921e-06
7.2002e-05
0.0000e+00
9.5367e-07
0.0000e+00
2.2888e-05
0.0000e+00
0.0000e+00
2.0981e-05
0.0000e+00
0.0000e+00
2.0981e-05
0.0000e+00
0.0000e+00
2.2173e-05
2.8610e-06
5.5504e-04
0.0000e+00
0.0000e+00
0.0000e+00
2.2888e-05
9.5367e-07
0.0000e+00
2.3127e-05
9.5367e-07
0.0000e+00
2.1935e-05
9.5367e-07
0.0000e+00
2.1935e-05
9.5367e-07
1.4997e-04
0.0000e+00
1.1921e-06
0.0000e+00
2.2888e-05
9.5367e-07
0.0000e+00
2.2173e-05
9.5367e-07
0.0000e+00
2.1935e-05
9.5367e-07
0.0000e+00
2.0981e-05
9.5367e-07
0.0000e+00
2.3127e-05
5.3883e-05
0.0000e+00
2.2173e-05
0.0000e+00
0.0000e+00
2.0981e-05
0.0000e+00
0.0000e+00
2.2173e-05
0.0000e+00
0.0000e+00
2.5034e-05
9.5367e-07
0.0000e+00
2.0981e-05
9.5367e-07
6.5303e-04
0.0000e+00
1.1921e-06
0.0000e+00
2.1935e-05
0.0000e+00
0.0000e+00
2.9802e-05
0.0000e+00
1.9073e-06
9.5367e-07
9.5367e-07
0.0000e+00
2.3127e-05
0.0000e+00
9.5367e-07
0.0000e+00
0.0000e+00
1.9073e-06
0.0000e+00
5.0068e-06
2.4486e-04
0.0000e+00
0.0000e+00
0.0000e+00
2.1935e-05
0.0000e+00
0.0000e+00
2.0981e-05
0.0000e+00
0.0000e+00
2.0981e-05
9.5367e-07
2.1458e-06
0.0000e+00
9.5367e-07
0.0000e+00
3.1948e-05
9.5367e-07
0.0000e+00
2.0981e-05
9.5367e-07
0.0000e+00
2.1935e-05
9.5367e-07
0.0000e+00
2.0981e-05
8.2016e-05
0.0000e+00
2.1935e-05
2.5034e-05
0.0000e+00
2.1935e-05
6.0081e-05
9.5367e-07
0.0000e+00
2.0981e-05
0.0000e+00
2.1935e-05
1.1206e-05
1.9073e-06
9.5367e-07
2.8610e-06
0.0000e+00
2.4080e-05
1.9073e-05
0.0000e+00
2.1935e-05
2.0027e-05
0.0000e+00
2.1935e-05
3.2902e-05
0.0000e+00
2.1935e-05
2.1935e-05
0.0000e+00
2.1935e-05
2.0981e-05
0.0000e+00
2.2173e-05
0.0000e+00
0.0000e+00
2.1935e-05
1.1921e-06
7.8917e-05
0.0000e+00
0.0000e+00
0.0000e+00
3.0994e-05
0.0000e+00
1.9073e-06
9.5367e-07
2.1458e-06
0.0000e+00
2.1935e-05
5.0068e-06
4.2915e-05
0.0000e+00
5.0068e-06
0.0000e+00
2.1935e-05
2.0027e-05
0.0000e+00
2.1935e-05
1.9073e-05
0.0000e+00
2.0981e-05
2.0027e-05
0.0000e+00
2.2173e-05
1.9073e-06
0.0000e+00
2.1935e-05
5.9605e-06
0.0000e+00
2.2888e-05
1.1921e-06
5.6028e-05
9.5367e-07
9.5367e-07
0.0000e+00
2.1935e-05
5.6982e-05
0.0000e+00
2.1935e-05
2.2888e-05
0.0000e+00
2.2173e-05
2.0981e-05
0.0000e+00
2.0981e-05
2.1219e-05
0.0000e+00
2.1935e-05
9.5367e-07
0.0000e+00
2.0981e-05
3.0994e-06
0.0000e+00
2.2888e-05
1.9789e-05
9.5367e-07
0.0000e+00
4.8161e-05
0.0000e+00
2.1935e-05
9.5367e-07
0.0000e+00
2.0981e-05
1.4067e-05
2.1458e-06
0.0000e+00
4.1008e-05
0.0000e+00
2.4080e-05
2.0981e-05
0.0000e+00
2.1935e-05
2.0027e-05
9.5367e-07
0.0000e+00
4.4823e-05
0.0000e+00
2.1935e-05
2.3842e-05
0.0000e+00
2.8849e-05
2.4080e-05
6.4135e-05
0.0000e+00
0.0000e+00
0.0000e+00
2.1935e-05
9.5367e-07
0.0000e+00
2.0981e-05
5.9605e-06
0.0000e+00
2.1935e-05
1.9073e-05
0.0000e+00
2.1935e-05
4.8161e-05
0.0000e+00
2.1935e-05
9.5367e-07
0.0000e+00
2.2173e-05
7.8678e-06
0.0000e+00
2.9087e-05
1.9073e-06
0.0000e+00
2.3127e-05
9.5367e-07
0.0000e+00
2.2173e-05
9.5367e-07
0.0000e+00
2.1935e-05
1.9073e-05
8.0109e-05
0.0000e+00
9.5367e-07
0.0000e+00
2.1935e-05
0.0000e+00
0.0000e+00
2.1935e-05
9.5367e-07
0.0000e+00
2.1935e-05
1.1921e-06
0.0000e+00
2.7895e-05
8.1062e-06
0.0000e+00
2.1935e-05
2.0027e-05
0.0000e+00
2.0981e-05
2.0027e-05
0.0000e+00
2.0981e-05
1.9073e-06
0.0000e+00
2.1935e-05
5.9605e-06
0.0000e+00
2.2173e-05
9.5367e-07
0.0000e+00
2.1935e-05
9.5367e-07
0.0000e+00
2.2173e-05
3.0994e-06
1.9073e-06
0.0000e+00
4.0054e-05
0.0000e+00
2.3127e-05
2.0981e-05
0.0000e+00
2.1935e-05
2.0981e-05
9.5367e-07
9.5367e-07
4.1008e-05
9.5367e-07
0.0000e+00
5.2929e-05
0.0000e+00
2.1935e-05
1.9789e-05
0.0000e+00
2.1935e-05
2.0027e-05
0.0000e+00
2.1935e-05
2.2173e-05
0.0000e+00
2.0981e-05
1.1921e-06
1.9073e-06
9.5367e-07
2.4080e-05
0.0000e+00
2.3127e-05
1.8835e-05
0.0000e+00
2.1935e-05
2.0981e-05
1.4901e-04
9.5367e-07
9.5367e-07
0.0000e+00
2.2173e-05
9.5367e-07
4.0531e-06
9.5367e-07
9.5367e-07
0.0000e+00
2.5034e-05
9.5367e-07
0.0000e+00
2.1935e-05
9.5367e-07
9.5367e-07
0.0000e+00
3.3855e-05
0.0000e+00
3.0041e-05
1.5020e-05
9.5367e-07
0.0000e+00
3.8862e-05
0.0000e+00
2.1935e-05
3.0041e-05
0.0000e+00
2.0981e-05
1.9073e-05
0.0000e+00
2.1935e-05
8.0824e-05
0.0000e+00
2.2173e-05
2.0027e-05
0.0000e+00
2.1935e-05
9.5367e-07
0.0000e+00
2.1935e-05
1.1921e-05
0.0000e+00
2.9087e-05
1.4067e-05
0.0000e+00
2.2888e-05
1.0610e-04
1.9073e-06
1.1921e-06
9.5367e-07
3.0994e-06
9.5367e-07
1.8835e-05
0.0000e+00
2.2888e-05
1.8120e-05
0.0000e+00
2.0981e-05
2.1935e-05
1.9073e-06
0.0000e+00
4.1008e-05
0.0000e+00
2.1935e-05
2.1219e-05
0.0000e+00
2.1935e-05
2.0981e-05
0.0000e+00
2.5988e-05
8.8215e-06
0.0000e+00
2.2888e-05
2.0027e-05
1.9073e-06
9.5367e-07
5.3883e-05
0.0000e+00
2.2173e-05
2.1935e-05
0.0000e+00
2.2173e-05
2.0027e-05
0.0000e+00
2.1935e-05
2.0981e-05
0.0000e+00
2.2173e-05
2.0981e-05
0.0000e+00
2.0981e-05
2.1219e-05
0.0000e+00
2.1935e-05
1.1921e-06
0.0000e+00
2.2888e-05
0.0000e+00
0.0000e+00
2.1935e-05
0.0000e+00
0.0000e+00
2.1935e-05
2.2173e-05
1.9073e-06
0.0000e+00
2.0027e-05
0.0000e+00
2.1935e-05
1.1921e-05
0.0000e+00
2.2173e-05
2.1935e-05
0.0000e+00
2.0981e-05
2.2173e-05
0.0000e+00
2.1935e-05
1.5974e-05
0.0000e+00
2.1935e-05
2.0981e-05
0.0000e+00
2.2173e-05
6.9141e-06
9.5367e-07
0.0000e+00
3.0994e-05
0.0000e+00
2.1935e-05
2.0981e-05
0.0000e+00
2.2173e-05
1.9073e-06
0.0000e+00
2.1935e-05
1.2159e-05
0.0000e+00
2.1935e-05
9.5367e-07
0.0000e+00
2.2173e-05
3.0994e-06
1.9073e-06
0.0000e+00
3.9101e-05
0.0000e+00
2.3127e-05
2.3842e-05
0.0000e+00
2.0981e-05
2.0027e-05
1.9073e-06
1.1921e-06
5.3883e-05
0.0000e+00
2.2173e-05
1.1921e-06
0.0000e+00
2.1935e-05
1.0014e-05
0.0000e+00
2.2173e-05
2.1935e-05
0.0000e+00
2.1935e-05
2.0981e-05
1.3804e-04
0.0000e+00
0.0000e+00
0.0000e+00
3.0041e-05
9.5367e-07
1.9073e-06
9.5367e-07
1.1921e-06
1.9073e-06
0.0000e+00
2.0027e-05
0.0000e+00
2.2173e-05
9.5367e-07
0.0000e+00
2.2173e-05
1.0014e-05
8.6069e-05
9.5367e-07
9.5367e-07
0.0000e+00
2.1935e-05
2.7180e-05
0.0000e+00
2.2888e-05
9.5367e-07
2.1458e-06
0.0000e+00
9.0599e-06
0.0000e+00
2.1935e-05
1.2875e-05
0.0000e+00
2.5988e-05
2.7180e-05
0.0000e+00
2.1935e-05
1.0014e-05
0.0000e+00
2.1935e-05
9.5367e-07
0.0000e+00
2.1935e-05
2.1458e-06
0.0000e+00
2.1935e-05
4.6968e-05
3.0994e-06
0.0000e+00
3.8862e-05
9.5367e-07
0.0000e+00
4.0054e-05
0.0000e+00
2.1935e-05
2.2173e-05
1.9073e-06
0.0000e+00
3.2902e-05
2.1458e-06
9.5367e-07
2.0027e-05
0.0000e+00
2.2888e-05
1.8120e-05
0.0000e+00
2.0981e-05
2.0981e-05
0.0000e+00
2.0981e-05
9.5367e-07
0.0000e+00
2.1935e-05
2.1458e-06
0.0000e+00
2.1935e-05
9.5367e-07
0.0000e+00
2.0981e-05
1.2016e-04
0.0000e+00
2.1935e-05
9.5367e-07
0.0000e+00
3.0041e-05
1.1921e-06
0.0000e+00
2.1935e-05
4.0531e-06
1.1921e-06
0.0000e+00
9.5367e-07
0.0000e+00
2.3127e-05
1.0180e-04
0.0000e+00
2.2888e-05
2.1935e-05
0.0000e+00
2.1935e-05
1.9073e-06
0.0000e+00
2.1935e-05
1.5974e-05
1.9073e-06
0.0000e+00
4.1962e-05
0.0000e+00
2.1935e-05
1.2875e-05
0.0000e+00
2.3127e-05
9.5367e-07
2.1458e-06
9.5367e-07
2.5034e-05
1.9073e-06
0.0000e+00
2.0027e-05
9.5367e-07
0.0000e+00
4.3869e-05
0.0000e+00
2.1935e-05
2.0981e-05
0.0000e+00
2.1935e-05
0.0000e+00
0.0000e+00
2.0981e-05
9.0599e-06
1.9073e-06
9.5367e-07
4.3154e-05
0.0000e+00
2.1935e-05
2.0981e-05
0.0000e+00
3.0041e-05
1.3113e-05
0.0000e+00
2.2888e-05
7.1526e-06
0.0000e+00
2.1935e-05
2.3127e-05
0.0000e+00
2.1935e-05
3.2902e-05
0.0000e+00
2.0981e-05
1.1921e-06
0.0000e+00
2.1935e-05
1.1921e-05
1.9073e-06
0.0000e+00
4.1008e-05
0.0000e+00
2.2173e-05
2.0981e-05
0.0000e+00
2.6941e-05
3.0994e-06
9.5367e-07
0.0000e+00
2.1219e-05
0.0000e+00
2.2888e-05
1.5974e-05
2.1458e-06
0.0000e+00
4.6015e-05
0.0000e+00
2.1935e-05
3.3140e-05
0.0000e+00
2.1935e-05
2.2173e-05
0.0000e+00
2.1935e-05
2.1935e-05
2.1458e-06
0.0000e+00
4.0054e-05
0.0000e+00
2.1935e-05
2.0981e-05
0.0000e+00
2.1935e-05
1.2875e-05
0.0000e+00
2.3127e-05
2.0027e-05
2.8610e-06
0.0000e+00
2.0981e-05
0.0000e+00
2.1935e-05
2.0027e-05
0.0000e+00
2.1935e-05
2.1935e-05
0.0000e+00
2.1935e-05
9.5367e-07
0.0000e+00
2.2173e-05
6.9141e-06
0.0000e+00
2.0981e-05
2.1219e-05
0.0000e+00
2.0981e-05
9.5367e-07
0.0000e+00
2.2888e-05
6.9141e-06
0.0000e+00
2.1935e-05
9.5367e-07
0.0000e+00
2.1935e-05
2.2173e-05
5.0068e-06
9.5367e-07
4.6968e-05
0.0000e+00
2.1935e-05
2.4080e-05
4.0531e-06
0.0000e+00
3.9101e-05
0.0000e+00
2.2888e-05
2.1219e-05
1.9073e-06
9.5367e-07
4.6015e-05
0.0000e+00
2.1935e-05
1.0014e-05
0.0000e+00
2.3127e-05
1.9789e-05
9.5367e-07
0.0000e+00
4.1962e-05
0.0000e+00
2.3127e-05
9.5367e-07
0.0000e+00
2.1935e-05
2.0027e-05
2.1458e-06
0.0000e+00
3.9816e-05
0.0000e+00
2.1935e-05
2.0027e-05
0.0000e+00
2.1935e-05
1.1921e-06
0.0000e+00
2.1935e-05
1.0967e-05
0.0000e+00
2.8133e-05
1.4067e-05
0.0000e+00
2.2888e-05
1.8835e-05
0.0000e+00
2.2173e-05
2.0027e-05
0.0000e+00
2.1935e-05
3.2187e-05
1.9073e-06
0.0000e+00
4.1008e-05
0.0000e+00
2.1935e-05
2.2173e-05
0.0000e+00
2.0981e-05
2.0981e-05
0.0000e+00
2.2173e-05
2.0981e-05
0.0000e+00
2.1935e-05
1.5020e-05
0.0000e+00
2.4796e-05
9.5367e-07
0.0000e+00
2.0981e-05
5.9605e-06
2.1458e-06
0.0000e+00
2.0027e-05
1.9073e-06
0.0000e+00
4.2915e-05
0.0000e+00
2.2888e-05
0.0000e+00
0.0000e+00
2.1935e-05
0.0000e+00
0.0000e+00
2.2173e-05
1.5020e-05
0.0000e+00
2.0981e-05
2.0981e-05
1.9073e-06
0.0000e+00
3.3140e-05
0.0000e+00
2.2888e-05
9.0122e-05
0.0000e+00
2.1935e-05
2.1458e-06
0.0000e+00
2.1935e-05
9.5367e-07
0.0000e+00
2.1935e-05
1.1921e-06
0.0000e+00
2.0981e-05
9.5367e-07
0.0000e+00
2.2173e-05
4.0531e-06
0.0000e+00
2.1935e-05
2.0981e-05
6.3896e-05
0.0000e+00
0.0000e+00
0.0000e+00
2.9087e-05
9.5367e-07
0.0000e+00
2.1935e-05
0.0000e+00
4.8876e-05
9.5367e-07
1.1921e-06
1.5974e-05
0.0000e+00
9.0599e-06
0.0000e+00
2.1935e-05
2.0981e-05
0.0000e+00
2.2173e-05
2.0027e-05
0.0000e+00
2.4080e-05
9.5367e-07
1.9073e-06
0.0000e+00
2.3842e-05
0.0000e+00
2.1935e-05
3.3855e-05
0.0000e+00
3.1948e-05
1.1921e-06
0.0000e+00
2.1935e-05
9.0599e-06
0.0000e+00
2.1935e-05
2.2173e-05
1.9073e-06
0.0000e+00
5.1975e-05
2.1458e-06
9.5367e-07
4.2915e-05
0.0000e+00
2.1935e-05
0.0000e+00
0.0000e+00
2.1935e-05
1.1921e-06
0.0000e+00
2.1935e-05
1.0014e-05
0.0000e+00
2.0981e-05
1.4782e-05
0.0000e+00
2.4080e-05
5.9605e-06
0.0000e+00
2.2173e-05
1.0967e-05
0.0000e+00
2.0981e-05
2.0981e-05
0.0000e+00
2.1935e-05
0.0000e+00
0.0000e+00
2.2173e-05
2.5034e-05
0.0000e+00
2.1935e-05
2.0981e-05
0.0000e+00
2.2173e-05
9.0599e-06
0.0000e+00
2.9087e-05
1.4067e-05
0.0000e+00
2.2888e-05
2.0981e-05
0.0000e+00
2.1219e-05
2.0981e-05
0.0000e+00
2.1935e-05
2.4080e-05
0.0000e+00
2.4080e-05
9.5367e-07
0.0000e+00
2.1935e-05
2.8610e-06
0.0000e+00
2.0981e-05
3.1948e-05
0.0000e+00
2.2888e-05
9.5367e-07
0.0000e+00
2.2173e-05
5.9605e-06
9.5367e-07
0.0000e+00
3.9816e-05
0.0000e+00
2.1935e-05
2.0027e-05
0.0000e+00
2.1935e-05
2.1935e-05
0.0000e+00
2.1935e-05
2.2173e-05
0.0000e+00
2.3127e-05
2.5034e-05
0.0000e+00
2.1935e-05
3.0994e-05
0.0000e+00
2.2173e-05
2.2888e-05
0.0000e+00
2.8133e-05
1.4067e-05
0.0000e+00
2.1935e-05
2.0027e-05
1.1921e-05
0.0000e+00
2.8849e-05
3.0994e-06
9.5367e-07
4.0054e-05
0.0000e+00
2.2888e-05
1.1921e-06
0.0000e+00
2.1935e-05
1.1921e-05
0.0000e+00
2.2173e-05
1.9073e-06
5.8889e-05
1.1921e-06
9.5367e-07
1.9073e-06
0.0000e+00
2.0981e-05
0.0000e+00
2.1935e-05
1.3113e-05
0.0000e+00
2.5034e-05
1.5974e-05
1.9073e-06
1.1921e-06
4.1008e-05
5.5790e-05
1.1921e-06
9.5367e-07
9.0599e-06
9.5367e-07
2.1935e-05
9.5367e-07
1.1921e-06
5.1975e-05
0.0000e+00
2.1935e-05
2.0981e-05
1.9073e-06
0.0000e+00
3.9101e-05
0.0000e+00
2.1935e-05
9.5367e-07
0.0000e+00
2.0981e-05
1.0967e-05
9.5367e-07
0.0000e+00
4.0054e-05
0.0000e+00
3.0994e-05
9.5367e-07
0.0000e+00
2.2173e-05
9.5367e-07
9.5367e-07
0.0000e+00
4.0054e-05
0.0000e+00
2.1935e-05
3.0041e-05
0.0000e+00
2.1935e-05
2.2173e-05
0.0000e+00
2.1935e-05
2.0981e-05
2.1458e-06
9.5367e-07
4.1008e-05
0.0000e+00
2.1935e-05
2.0027e-05
9.5367e-07
9.5367e-07
4.1008e-05
0.0000e+00
2.1935e-05
1.7166e-05
0.0000e+00
2.1935e-05
2.0027e-05
0.0000e+00
2.5034e-05
1.1921e-06
0.0000e+00
2.0981e-05
2.3127e-05
9.5367e-07
0.0000e+00
4.1008e-05
0.0000e+00
2.2173e-05
9.5367e-07
0.0000e+00
2.1935e-05
2.2173e-05
0.0000e+00
2.0981e-05
1.1921e-05
0.0000e+00
2.0981e-05
1.3113e-05
0.0000e+00
2.3127e-05
1.9789e-05
0.0000e+00
2.0981e-05
3.0994e-05
0.0000e+00
2.1935e-05
2.2173e-05
0.0000e+00
2.0981e-05
9.5367e-07
0.0000e+00
2.1219e-05
8.8215e-06
0.0000e+00
2.3127e-05
2.1935e-05
0.0000e+00
2.1935e-05
2.0981e-05
9.5367e-07
0.0000e+00
3.4809e-05
0.0000e+00
2.2888e-05
9.5367e-07
1.1921e-06
9.5367e-07
4.0054e-05
1.9073e-06
0.0000e+00
4.8161e-05
0.0000e+00
2.1935e-05
0.0000e+00
0.0000e+00
2.2173e-05
1.0967e-05
9.5367e-07
0.0000e+00
3.8862e-05
1.1921e-06
9.5367e-07
3.9101e-05
4.9829e-05
1.1921e-06
0.0000e+00
0.0000e+00
2.2888e-05
1.3113e-05
0.0000e+00
2.1935e-05
1.5020e-05
0.0000e+00
2.2888e-05
3.2902e-05
0.0000e+00
2.1935e-05
2.1458e-06
2.8610e-06
0.0000e+00
2.8133e-05
0.0000e+00
2.2888e-05
2.0981e-05
0.0000e+00
2.2173e-05
2.0981e-05
5.0068e-06
0.0000e+00
3.7909e-05
0.0000e+00
2.2173e-05
2.0027e-05
9.5367e-07
0.0000e+00
4.1008e-05
0.0000e+00
2.2888e-05
3.0041e-05
0.0000e+00
2.9087e-05
1.5020e-05
9.5367e-07
0.0000e+00
4.0054e-05
0.0000e+00
2.3127e-05
1.8835e-05
9.5367e-07
9.5367e-07
4.1008e-05
2.8610e-06
1.1921e-06
2.0027e-05
0.0000e+00
2.2888e-05
1.2875e-05
0.0000e+00
2.0981e-05
2.1935e-05
9.5367e-07
0.0000e+00
5.4836e-05
0.0000e+00
2.2173e-05
2.0981e-05
1.9073e-06
0.0000e+00
4.2915e-05
1.9073e-06
0.0000e+00
1.4067e-05
6.9141e-06
0.0000e+00
1.8835e-05
0.0000e+00
2.2888e-05
0.0000e+00
0.0000e+00
2.2173e-05
1.6928e-05
0.0000e+00
2.1935e-05
9.5367e-07
0.0000e+00
2.1935e-05
4.6015e-05
0.0000e+00
2.2173e-05
9.5367e-07
0.0000e+00
2.0981e-05
1.6928e-05
0.0000e+00
2.0981e-05
1.5020e-05
0.0000e+00
2.3127e-05
2.0027e-05
0.0000e+00
2.1935e-05
2.1935e-05
0.0000e+00
2.2173e-05
2.2173e-05
0.0000e+00
2.1935e-05
2.1935e-05
1.9073e-06
0.0000e+00
2.0027e-05
0.0000e+00
2.2173e-05
1.0967e-05
0.0000e+00
2.0981e-05
9.0122e-05
0.0000e+00
2.1935e-05
3.0994e-05
0.0000e+00
3.0041e-05
1.3113e-05
0.0000e+00
2.1935e-05
2.0981e-05
0.0000e+00
2.1935e-05
2.3127e-05
0.0000e+00
2.4796e-05
1.8835e-05
0.0000e+00
2.2173e-05
9.5367e-07
2.1458e-06
0.0000e+00
2.5988e-05
9.5367e-07
0.0000e+00
4.3869e-05
0.0000e+00
2.1935e-05
3.1233e-05
0.0000e+00
2.1935e-05
9.5367e-07
1.9073e-06
0.0000e+00
2.3127e-05
0.0000e+00
2.3127e-05
1.9789e-05
0.0000e+00
2.1935e-05
2.0981e-05
0.0000e+00
2.1935e-05
1.1921e-06
0.0000e+00
2.1935e-05
9.0599e-06
0.0000e+00
2.1935e-05
2.0027e-05
0.0000e+00
2.0981e-05
1.9789e-05
9.5367e-07
0.0000e+00
5.2929e-05
0.0000e+00
2.9087e-05
9.5367e-07
0.0000e+00
2.1935e-05
3.0994e-06
0.0000e+00
2.1935e-05
9.5367e-07
0.0000e+00
2.1935e-05
9.0599e-06
9.5367e-07
9.5367e-07
4.1008e-05
0.0000e+00
2.3127e-05
1.3018e-04
0.0000e+00
2.1935e-05
9.5367e-07
0.0000e+00
2.1935e-05
9.5367e-07
0.0000e+00
2.9802e-05
9.5367e-07
0.0000e+00
2.1935e-05
1.1921e-04
1.9073e-06
0.0000e+00
2.8133e-05
0.0000e+00
2.2888e-05
9.5367e-07
1.9073e-06
0.0000e+00
0.0000e+00
0.0000e+00
2.2888e-05
0.0000e+00
3.8147e-06
0.0000e+00
3.1948e-05
9.5367e-07
0.0000e+00
3.9816e-05
0.0000e+00
2.1935e-05
3.2902e-05
0.0000e+00
2.2173e-05
9.5367e-07
0.0000e+00
2.9087e-05
9.5367e-07
0.0000e+00
2.1935e-05
9.5367e-07
0.0000e+00
2.1935e-05
2.1935e-05
2.1458e-06
0.0000e+00
4.0054e-05
0.0000e+00
2.1935e-05
2.0027e-05
0.0000e+00
2.0981e-05
1.5092e-04
1.9073e-06
0.0000e+00
2.0981e-05
0.0000e+00
2.1935e-05
5.6028e-05
0.0000e+00
2.4080e-05
9.5367e-07
0.0000e+00
2.1935e-05
1.1921e-06
1.9073e-06
9.5367e-07
1.9073e-05
0.0000e+00
2.1935e-05
2.1458e-06
2.8610e-06
0.0000e+00
2.0981e-05
0.0000e+00
2.1935e-05
9.5367e-07
1.1921e-06
0.0000e+00
1.5020e-05
0.0000e+00
2.1935e-05
1.5402e-04
1.1921e-06
9.5367e-07
5.3883e-05
0.0000e+00
2.2173e-05
2.1935e-05
1.1921e-06
9.5367e-07
4.1008e-05
0.0000e+00
2.9802e-05
9.5367e-07
0.0000e+00
2.1935e-05
3.0994e-06
0.0000e+00
2.1935e-05
2.0981e-05
9.5367e-07
0.0000e+00
4.1008e-05
0.0000e+00
2.3127e-05
1.8835e-05
0.0000e+00
2.1935e-05
3.0041e-05
1.9073e-06
0.0000e+00
2.0027e-05
0.0000e+00
2.1935e-05
1.5020e-05
0.0000e+00
2.0981e-05
1.4067e-05
0.0000e+00
2.2888e-05
2.0027e-05
9.0599e-06
9.5367e-07
3.1948e-05
0.0000e+00
2.1935e-05
2.0027e-05
2.8610e-06
0.0000e+00
1.9073e-05
0.0000e+00
2.2173e-05
1.2875e-05
0.0000e+00
2.0981e-05
9.5367e-07
1.9073e-06
9.5367e-07
4.1008e-05
0.0000e+00
2.2173e-05
2.0027e-05
0.0000e+00
2.1935e-05
1.3113e-05
0.0000e+00
2.2888e-05
2.0981e-05
0.0000e+00
2.1935e-05
2.2173e-05
0.0000e+00
2.0981e-05
9.5367e-07
1.9073e-06
0.0000e+00
2.0027e-05
9.5367e-07
0.0000e+00
3.0994e-05
0.0000e+00
2.1935e-05
1.9073e-06
0.0000e+00
2.2173e-05
2.0981e-05
0.0000e+00
2.2888e-05
2.0027e-05
0.0000e+00
2.2173e-05
2.1458e-06
0.0000e+00
2.2888e-05
9.5367e-07
0.0000e+00
2.2173e-05
1.7881e-05
0.0000e+00
2.2173e-05
2.0981e-05
0.0000e+00
2.1935e-05
2.0981e-05
0.0000e+00
2.2173e-05
2.1935e-05
0.0000e+00
2.1935e-05
3.0041e-05
0.0000e+00
2.1219e-05
1.9073e-05
0.0000e+00
3.4094e-05
7.8678e-06
0.0000e+00
2.1935e-05
9.5367e-07
9.5367e-07
0.0000e+00
3.3855e-05
0.0000e+00
2.2173e-05
2.0027e-05
1.9073e-06
9.5367e-07
4.0054e-05
0.0000e+00
2.1935e-05
2.0981e-05
0.0000e+00
2.2173e-05
3.2902e-05
0.0000e+00
2.2173e-05
9.0599e-06
0.0000e+00
2.1935e-05
9.5367e-07
0.0000e+00
2.2888e-05
2.1458e-06
6.1035e-05
9.5367e-07
9.5367e-07
3.0994e-06
0.0000e+00
1.9073e-05
0.0000e+00
2.2888e-05
0.0000e+00
0.0000e+00
2.0981e-05
1.1921e-05
0.0000e+00
2.0981e-05
2.1219e-05
0.0000e+00
2.1935e-05
3.0994e-05
0.0000e+00
2.1935e-05
2.1458e-06
0.0000e+00
2.7895e-05
1.1921e-06
0.0000e+00
2.1935e-05
2.0027e-05
0.0000e+00
2.0981e-05
9.5367e-07
0.0000e+00
2.1935e-05
1.1921e-05
0.0000e+00
2.2173e-05
2.0981e-05
2.0027e-05
0.0000e+00
2.1935e-05
1.1921e-06
0.0000e+00
4.8876e-05
1.1921e-06
0.0000e+00
4.1008e-05
0.0000e+00
2.1935e-05
9.5367e-07
0.0000e+00
2.1935e-05
5.9605e-06
0.0000e+00
2.1935e-05
1.5020e-05
0.0000e+00
2.0981e-05
2.2888e-05
0.0000e+00
2.2173e-05
2.0981e-05
5.0068e-06
9.5367e-07
3.7909e-05
1.9073e-06
0.0000e+00
4.1008e-05
0.0000e+00
2.2173e-05
2.8849e-05
0.0000e+00
2.1219e-05
2.1458e-06
0.0000e+00
2.0981e-05
1.5974e-05
9.5367e-07
9.5367e-07
3.3855e-05
0.0000e+00
2.3127e-05
2.0027e-05
0.0000e+00
2.1935e-05
2.0981e-05
0.0000e+00
2.0981e-05
9.5367e-07
0.0000e+00
2.1935e-05
1.0967e-05
2.1458e-06
0.0000e+00
2.1935e-05
0.0000e+00
2.2173e-05
1.6928e-05
9.5367e-07
1.1921e-06
4.1962e-05
0.0000e+00
2.0981e-05
2.1458e-06
0.0000e+00
2.8849e-05
2.1458e-06
0.0000e+00
2.1935e-05
2.0027e-05
5.1975e-05
1.1921e-06
9.5367e-07
0.0000e+00
2.2888e-05
9.0599e-06
0.0000e+00
2.0981e-05
2.4796e-05
0.0000e+00
2.1935e-05
4.0054e-05
0.0000e+00
2.1935e-05
2.1458e-06
7.8678e-06
9.5367e-07
2.4080e-05
9.5367e-07
0.0000e+00
4.0054e-05
0.0000e+00
3.0994e-05
9.5367e-07
9.5367e-07
0.0000e+00
1.9073e-05
0.0000e+00
2.3127e-05
2.0027e-05
0.0000e+00
2.1935e-05
2.1935e-05
0.0000e+00
2.3127e-05
2.0981e-05
2.8610e-06
0.0000e+00
2.0027e-05
0.0000e+00
2.1935e-05
2.0027e-05
0.0000e+00
2.1935e-05
2.1458e-06
0.0000e+00
2.1935e-05
1.0967e-05
0.0000e+00
3.0994e-05
1.0967e-05
0.0000e+00
2.1935e-05
2.0981e-05
0.0000e+00
2.2173e-05
2.0981e-05
0.0000e+00
2.2888e-05
2.0981e-05
0.0000e+00
2.1935e-05
2.0027e-05
0.0000e+00
2.2888e-05
3.0041e-05
0.0000e+00
2.2173e-05
1.1492e-04
4.0531e-06
9.5367e-07
1.9073e-05
1.9073e-06
9.5367e-07
1.1206e-05
1.9073e-06
9.5367e-07
0.0000e+00
0.0000e+00
2.3127e-05
1.0967e-05
0.0000e+00
2.2173e-05
2.0027e-05
0.0000e+00
2.1935e-05
8.7023e-05
2.1458e-06
0.0000e+00
2.7895e-05
0.0000e+00
2.3127e-05
9.7752e-06
0.0000e+00
2.1935e-05
2.0981e-05
2.1458e-06
0.0000e+00
4.0054e-05
0.0000e+00
2.1935e-05
1.5974e-05
0.0000e+00
2.3127e-05
2.0027e-05
0.0000e+00
2.1935e-05
2.2173e-05
0.0000e+00
2.1935e-05
0.0000e+00
0.0000e+00
2.0981e-05
0.0000e+00
0.0000e+00
2.0981e-05
2.0027e-05
1.9073e-06
9.5367e-07
4.0054e-05
2.1458e-06
9.5367e-07
4.0054e-05
0.0000e+00
2.1935e-05
5.0068e-06
0.0000e+00
2.8849e-05
9.5367e-07
0.0000e+00
2.1935e-05
1.9073e-05
0.0000e+00
2.1935e-05
1.1921e-06
0.0000e+00
2.1935e-05
7.9870e-05
0.0000e+00
2.1935e-05
9.5367e-07
0.0000e+00
2.0981e-05
0.0000e+00
5.0068e-06
9.5367e-07
2.4080e-05
1.9073e-06
0.0000e+00
4.0054e-05
0.0000e+00
2.1935e-05
2.0981e-05
0.0000e+00
3.1948e-05
1.2875e-05
2.1458e-06
0.0000e+00
1.9073e-05
0.0000e+00
2.1935e-05
1.2159e-05
0.0000e+00
2.1935e-05
2.0981e-05
0.0000e+00
2.2173e-05
3.0041e-05
0.0000e+00
2.1935e-05
2.0981e-05
9.5367e-07
0.0000e+00
4.2200e-05
1.9073e-06
0.0000e+00
4.0054e-05
0.0000e+00
2.1935e-05
9.5367e-07
0.0000e+00
3.0994e-05
9.5367e-07
3.0994e-06
0.0000e+00
3.6955e-05
0.0000e+00
2.3127e-05
2.0981e-05
0.0000e+00
2.1935e-05
3.2187e-05
0.0000e+00
2.2888e-05
2.0981e-05
0.0000e+00
2.1935e-05
9.5367e-07
0.0000e+00
2.0981e-05
1.1921e-06
0.0000e+00
2.1935e-05
1.5020e-05
1.9073e-06
0.0000e+00
3.2902e-05
0.0000e+00
2.3127e-05
1.7881e-05
0.0000e+00
2.1935e-05
9.5367e-07
9.5367e-07
0.0000e+00
1.1921e-05
0.0000e+00
2.1935e-05
2.9087e-05
0.0000e+00
2.1935e-05
1.1921e-06
0.0000e+00
2.1935e-05
1.2875e-05
2.1458e-06
0.0000e+00
4.1008e-05
0.0000e+00
2.1935e-05
1.1921e-06
9.5367e-07
0.0000e+00
3.3140e-05
0.0000e+00
3.0041e-05
1.3828e-05
0.0000e+00
2.2173e-05
2.0981e-05
0.0000e+00
2.1935e-05
1.1921e-06
0.0000e+00
2.0981e-05
1.1921e-05
0.0000e+00
2.2173e-05
9.5367e-07
0.0000e+00
2.1935e-05
2.0695e-04
0.0000e+00
2.5034e-05
1.8120e-05
2.4080e-05
0.0000e+00
1.6928e-05
0.0000e+00
3.1233e-05
1.5020e-05
0.0000e+00
2.1935e-05
2.0981e-05
2.1458e-06
9.5367e-07
4.1008e-05
0.0000e+00
2.0981e-05
9.5367e-07
0.0000e+00
2.2173e-05
1.2875e-05
0.0000e+00
2.2173e-05
4.3154e-05
0.0000e+00
2.1935e-05
2.3127e-05
0.0000e+00
2.0981e-05
2.0981e-05
0.0000e+00
2.8133e-05
9.5367e-07
0.0000e+00
2.3127e-05
3.8147e-06
0.0000e+00
2.1935e-05
2.0313e-04
0.0000e+00
2.1935e-05
9.5367e-07
0.0000e+00
2.1935e-05
2.8896e-04
0.0000e+00
2.1935e-05
2.4796e-05
0.0000e+00
2.1935e-05
3.2902e-05
0.0000e+00
2.2173e-05
2.2888e-05
0.0000e+00
2.9087e-05
1.3113e-05
0.0000e+00
2.1935e-05
8.1062e-06
0.0000e+00
2.1935e-05
9.0599e-06
0.0000e+00
2.1935e-05
2.1935e-05
0.0000e+00
2.1935e-05
0.0000e+00
0.0000e+00
2.2173e-05
1.0967e-05
0.0000e+00
2.1935e-05
9.5367e-07
0.0000e+00
2.1935e-05
1.3113e-05
0.0000e+00
2.2888e-05
2.9111e-04
0.0000e+00
2.1935e-05
2.3127e-05
0.0000e+00
2.1935e-05
2.3127e-05
0.0000e+00
2.1935e-05
2.0027e-05
0.0000e+00
2.2173e-05
2.8610e-06
0.0000e+00
2.3127e-05
2.7895e-05
0.0000e+00
2.1935e-05
2.1935e-05
1.9073e-06
0.0000e+00
3.1948e-05
0.0000e+00
2.3127e-05
3.1948e-05
0.0000e+00
2.2173e-05
2.1887e-04
0.0000e+00
2.2173e-05
9.5367e-07
0.0000e+00
2.0981e-05
1.0967e-05
0.0000e+00
2.2173e-05
2.0027e-05
0.0000e+00
2.1935e-05
2.0981e-05
0.0000e+00
2.1935e-05
8.1062e-05
0.0000e+00
2.8849e-05
9.5367e-07
0.0000e+00
2.1935e-05
9.5367e-07
2.1458e-06
0.0000e+00
7.1526e-06
0.0000e+00
2.1935e-05
2.1458e-06
1.5998e-04
9.5367e-07
9.5367e-07
0.0000e+00
2.1935e-05
0.0000e+00
1.9073e-06
0.0000e+00
8.8215e-06
0.0000e+00
2.1935e-05
2.1935e-05
3.0994e-06
0.0000e+00
4.1008e-05
0.0000e+00
2.1935e-05
1.3828e-05
0.0000e+00
2.2888e-05
2.0981e-05
0.0000e+00
2.1935e-05
2.1935e-05
0.0000e+00
2.2173e-05
3.4189e-04
0.0000e+00
2.2173e-05
9.5367e-07
0.0000e+00
2.0981e-05
0.0000e+00
1.1921e-06
0.0000e+00
3.0041e-05
0.0000e+00
2.1935e-05
2.2173e-05
0.0000e+00
2.0981e-05
6.1989e-05
0.0000e+00
2.2888e-05
4.0054e-05
0.0000e+00
2.1935e-05
2.7895e-05
0.0000e+00
2.2173e-05
2.1458e-06
1.9073e-06
9.5367e-07
3.2187e-05
0.0000e+00
2.1935e-05
1.0014e-05
9.5367e-07
0.0000e+00
2.7895e-05
2.7204e-04
9.5367e-07
1.1921e-06
0.0000e+00
2.1935e-05
0.0000e+00
0.0000e+00
2.0981e-05
0.0000e+00
0.0000e+00
3.0041e-05
9.5367e-07
0.0000e+00
2.1935e-05
9.5367e-07
0.0000e+00
2.1935e-05
9.5367e-07
2.1458e-06
0.0000e+00
2.0981e-05
0.0000e+00
2.1935e-05
1.1921e-06
0.0000e+00
2.0981e-05
5.2929e-05
0.0000e+00
2.0981e-05
1.9073e-06
0.0000e+00
2.0981e-05
0.0000e+00
0.0000e+00
2.8849e-05
3.0994e-06
0.0000e+00
2.4080e-05
3.9196e-04
0.0000e+00
2.3127e-05
9.5367e-07
0.0000e+00
2.1935e-05
9.5367e-07
3.0994e-06
9.5367e-07
9.5367e-07
0.0000e+00
2.1935e-05
8.1062e-06
0.0000e+00
2.1935e-05
9.5367e-07
0.0000e+00
2.2173e-05
9.5367e-07
0.0000e+00
3.0041e-05
9.5367e-07
1.0204e-04
9.5367e-07
9.5367e-07
0.0000e+00
2.1935e-05
0.0000e+00
0.0000e+00
2.2173e-05
2.7990e-04
0.0000e+00
2.1935e-05
9.5367e-07
0.0000e+00
2.0981e-05
9.5367e-07
0.0000e+00
2.2173e-05
5.1022e-05
0.0000e+00
2.1935e-05
2.2888e-05
0.0000e+00
3.1948e-05
1.1921e-05
0.0000e+00
2.1935e-05
2.0981e-05
0.0000e+00
2.1935e-05
2.1935e-05
0.0000e+00
2.0981e-05
2.0981e-05
0.0000e+00
2.2173e-05
2.4080e-05
0.0000e+00
2.1935e-05
4.1008e-05
0.0000e+00
2.1935e-05
1.0014e-05
0.0000e+00
2.2173e-05
1.9073e-06
0.0000e+00
2.8133e-05
2.1935e-05
4.2915e-05
1.1921e-06
9.5367e-07
0.0000e+00
2.1935e-05
1.7166e-05
0.0000e+00
2.2888e-05
3.0994e-05
0.0000e+00
2.1935e-05
1.0014e-05
0.0000e+00
2.1935e-05
2.1219e-05
0.0000e+00
2.1935e-05
2.1935e-05
0.0000e+00
2.0981e-05
2.9087e-05
0.0000e+00
3.0994e-05
1.6308e-04
0.0000e+00
2.1935e-05
2.2173e-05
0.0000e+00
2.1935e-05
2.3127e-05
0.0000e+00
2.1935e-05
2.1935e-05
0.0000e+00
2.1219e-05
2.1935e-05
0.0000e+00
2.1935e-05
1.1921e-06
0.0000e+00
2.1935e-05
1.4901e-04
0.0000e+00
2.1935e-05
1.0967e-05
0.0000e+00
2.3127e-05
6.9141e-06
0.0000e+00
2.2173e-05
1.5974e-05
0.0000e+00
2.1935e-05
2.0981e-05
3.0994e-06
0.0000e+00
2.0027e-05
0.0000e+00
2.1935e-05
1.2159e-05
0.0000e+00
2.1935e-05
2.1219e-05
0.0000e+00
2.1935e-05
9.5367e-07
0.0000e+00
2.2173e-05
9.5367e-07
1.7691e-04
1.1921e-06
9.5367e-07
0.0000e+00
2.4080e-05
1.1921e-06
1.9073e-06
0.0000e+00
3.0994e-06
0.0000e+00
2.3127e-05
9.5367e-07
0.0000e+00
2.0981e-05
9.5367e-07
0.0000e+00
2.2173e-05
9.5367e-07
0.0000e+00
2.1935e-05
1.1921e-06
9.5367e-07
9.5367e-07
3.0994e-06
2.8396e-04
9.5367e-07
9.5367e-07
0.0000e+00
2.2173e-05
0.0000e+00
2.1458e-06
9.5367e-07
1.0014e-05
0.0000e+00
2.3127e-05
1.9073e-06
0.0000e+00
2.1935e-05
0.0000e+00
0.0000e+00
2.1935e-05
1.9073e-06
0.0000e+00
2.0981e-05
1.1921e-06
0.0000e+00
2.1935e-05
3.8099e-04
0.0000e+00
2.1935e-05
2.1458e-06
0.0000e+00
2.1935e-05
9.5367e-07
0.0000e+00
2.1935e-05
0.0000e+00
9.5367e-07
0.0000e+00
2.0027e-05
0.0000e+00
2.1935e-05
0.0000e+00
0.0000e+00
2.1935e-05
9.5367e-07
0.0000e+00
2.1219e-05
0.0000e+00
0.0000e+00
2.1935e-05
9.5367e-07
0.0000e+00
2.0981e-05
0.0000e+00
0.0000e+00
2.0981e-05
2.9302e-04
0.0000e+00
2.2888e-05
0.0000e+00
0.0000e+00
2.0981e-05
8.8215e-06
0.0000e+00
2.0981e-05
1.9073e-06
0.0000e+00
2.2173e-05
9.5367e-07
0.0000e+00
2.1935e-05
4.0531e-06
0.0000e+00
2.5034e-05
0.0000e+00
0.0000e+00
2.1935e-05
9.5367e-07
0.0000e+00
2.9087e-05
9.5367e-07
8.1062e-06
0.0000e+00
9.5367e-07
0.0000e+00
2.2173e-05
7.8678e-06
0.0000e+00
2.1935e-05
1.9073e-06
3.0994e-06
0.0000e+00
1.9073e-05
1.9073e-06
0.0000e+00
1.8835e-05
0.0000e+00
2.2173e-05
9.5367e-07
0.0000e+00
2.1935e-05
1.1921e-06
1.2875e-05
0.0000e+00
7.8678e-06
0.0000e+00
2.2173e-05
9.5367e-07
8.1062e-06
0.0000e+00
1.5020e-05
0.0000e+00
2.3127e-05
9.5367e-07
0.0000e+00
2.0981e-05
1.1921e-06
0.0000e+00
2.1935e-05
9.5367e-07
0.0000e+00
2.1935e-05
4.4990e-04
0.0000e+00
2.2173e-05
0.0000e+00
0.0000e+00
2.4080e-05
3.6001e-05
9.5367e-07
0.0000e+00
2.0981e-05
0.0000e+00
2.1935e-05
5.0068e-06
0.0000e+00
2.2888e-05
8.7976e-05
2.1458e-06
0.0000e+00
2.9087e-05
1.9073e-06
0.0000e+00
2.0981e-05
0.0000e+00
2.1935e-05
9.5367e-07
0.0000e+00
2.1935e-05
2.8610e-06
0.0000e+00
2.2173e-05
9.5367e-07
9.5367e-07
0.0000e+00
9.5367e-07
0.0000e+00
2.2173e-05
9.5367e-07
9.5367e-07
1.1921e-06
2.5034e-05
0.0000e+00
2.8849e-05
3.5691e-04
0.0000e+00
2.1935e-05
9.5367e-07
0.0000e+00
2.1935e-05
9.5367e-07
0.0000e+00
2.2173e-05
9.5367e-07
0.0000e+00
2.0981e-05
9.5367e-07
0.0000e+00
2.5034e-05
9.5367e-07
1.9073e-06
0.0000e+00
9.5367e-07
0.0000e+00
2.1935e-05
9.5367e-07
0.0000e+00
2.9087e-05
9.5367e-07
0.0000e+00
2.2173e-05
1.0800e-04
0.0000e+00
2.1935e-05
2.1458e-06
0.0000e+00
2.1935e-05
9.5367e-07
0.0000e+00
2.2173e-05
9.5367e-07
1.6999e-04
0.0000e+00
0.0000e+00
0.0000e+00
2.1935e-05
0.0000e+00
0.0000e+00
2.0981e-05
1.1921e-06
6.3896e-04
9.5367e-07
9.5367e-07
0.0000e+00
2.2888e-05
9.5367e-07
0.0000e+00
2.1935e-05
4.4107e-05
9.5367e-07
0.0000e+00
2.1219e-05
0.0000e+00
2.1935e-05
9.0599e-06
0.0000e+00
2.1935e-05
2.1458e-06
0.0000e+00
2.1935e-05
5.1022e-05
0.0000e+00
2.0981e-05
1.1921e-06
0.0000e+00
2.0981e-05
1.9073e-06
0.0000e+00
2.9087e-05
9.5367e-07
2.1458e-06
9.5367e-07
2.0981e-05
0.0000e+00
2.2173e-05
0.0000e+00
0.0000e+00
2.1935e-05
1.3208e-04
0.0000e+00
2.1935e-05
5.9605e-06
0.0000e+00
2.1935e-05
9.5367e-07
0.0000e+00
2.0981e-05
2.6417e-04
0.0000e+00
2.2888e-05
1.1921e-06
0.0000e+00
3.1948e-05
9.5367e-07
0.0000e+00
2.1935e-05
9.5367e-07
0.0000e+00
2.1935e-05
0.0000e+00
9.5367e-07
0.0000e+00
1.1921e-06
1.8835e-05
0.0000e+00
2.8610e-06
0.0000e+00
2.1935e-05
0.0000e+00
0.0000e+00
2.1935e-05
1.2159e-05
0.0000e+00
2.1935e-05
9.5367e-07
0.0000e+00
2.2173e-05
9.5367e-07
0.0000e+00
2.2173e-05
9.5367e-07
0.0000e+00
2.1935e-05
0.0000e+00
0.0000e+00
2.1935e-05
5.3191e-04
0.0000e+00
2.2888e-05
9.5367e-07
0.0000e+00
2.2173e-05
9.5367e-07
0.0000e+00
2.1935e-05
7.1526e-06
1.9073e-06
9.5367e-07
9.5367e-07
1.9073e-06
0.0000e+00
2.0027e-05
1.1921e-06
0.0000e+00
1.3113e-05
0.0000e+00
2.2888e-05
9.5367e-07
1.9073e-06
0.0000e+00
1.8120e-05
1.9073e-06
0.0000e+00
1.8835e-05
0.0000e+00
2.2173e-05
0.0000e+00
0.0000e+00
2.1935e-05
1.1921e-06
0.0000e+00
2.0981e-05
0.0000e+00
0.0000e+00
2.0981e-05
0.0000e+00
0.0000e+00
2.1935e-05
6.1202e-04
1.9073e-06
1.1921e-06
1.9789e-05
0.0000e+00
3.1948e-05
9.5367e-07
9.0122e-05
0.0000e+00
0.0000e+00
0.0000e+00
2.2173e-05
2.8610e-06
2.1458e-06
0.0000e+00
2.0981e-05
0.0000e+00
2.2173e-05
8.8215e-06
9.5367e-07
9.5367e-07
1.1921e-05
0.0000e+00
2.2173e-05
2.9802e-05
0.0000e+00
2.0981e-05
2.8610e-06
2.9087e-05
0.0000e+00
0.0000e+00
0.0000e+00
2.2173e-05
9.5367e-07
2.1458e-06
9.5367e-07
3.0994e-06
0.0000e+00
2.2888e-05
1.1921e-06
0.0000e+00
2.1935e-05
0.0000e+00
0.0000e+00
2.2173e-05
0.0000e+00
0.0000e+00
2.1935e-05
4.3106e-04
1.9073e-06
1.1921e-06
2.0027e-05
1.9073e-06
9.5367e-07
2.0027e-05
2.1458e-06
0.0000e+00
1.9073e-05
0.0000e+00
2.2888e-05
1.1921e-06
0.0000e+00
2.9802e-05
1.5402e-04
0.0000e+00
2.1935e-05
9.5367e-07
0.0000e+00
2.1935e-05
0.0000e+00
3.0994e-06
0.0000e+00
9.5367e-07
2.1458e-06
0.0000e+00
2.5988e-05
5.9605e-06
0.0000e+00
1.6212e-05
0.0000e+00
2.2888e-05
1.9503e-04
0.0000e+00
2.2173e-05
0.0000e+00
0.0000e+00
2.1935e-05
9.5367e-07
0.0000e+00
2.6941e-05
2.3127e-05
0.0000e+00
2.2888e-05
1.1921e-06
0.0000e+00
2.1935e-05
9.5367e-07
0.0000e+00
2.2173e-05
9.5367e-07
0.0000e+00
2.0981e-05
0.0000e+00
0.0000e+00
2.0981e-05
3.0994e-06
0.0000e+00
2.1935e-05
9.5367e-07
0.0000e+00
2.1935e-05
1.9073e-06
0.0000e+00
2.9802e-05
2.1458e-06
0.0000e+00
2.1935e-05
1.9908e-04
0.0000e+00
2.1935e-05
2.1458e-06
9.5367e-07
0.0000e+00
1.9789e-05
0.0000e+00
2.1935e-05
0.0000e+00
0.0000e+00
2.2173e-05
1.1921e-06
1.4591e-04
0.0000e+00
0.0000e+00
7.3910e-05
0.0000e+00
0.0000e+00
1.1921e-06
0.0000e+00
3.8147e-06
1.1921e-06
0.0000e+00
2.9087e-05
1.9073e-06
0.0000e+00
1.5974e-05
0.0000e+00
2.2888e-05
0.0000e+00
0.0000e+00
2.1935e-05
9.5367e-07
0.0000e+00
2.0981e-05
9.5367e-07
0.0000e+00
2.0981e-05
9.5367e-07
3.5191e-04
1.1921e-06
9.5367e-07
1.9073e-06
0.0000e+00
1.9073e-06
2.1458e-06
0.0000e+00
2.0981e-05
2.1458e-06
0.0000e+00
2.0027e-05
9.5367e-07
0.0000e+00
2.0027e-05
1.1921e-06
0.0000e+00
2.0981e-05
0.0000e+00
2.1935e-05
9.5367e-07
0.0000e+00
2.2173e-05
9.5367e-07
1.9073e-06
0.0000e+00
4.0531e-06
0.0000e+00
2.2173e-05
9.5367e-07
0.0000e+00
2.0981e-05
9.5367e-07
0.0000e+00
2.1935e-05
1.1921e-06
0.0000e+00
2.2888e-05
3.0994e-06
0.0000e+00
2.1935e-05
1.1921e-06
3.2687e-04
0.0000e+00
0.0000e+00
0.0000e+00
3.0994e-05
1.9073e-06
0.0000e+00
2.1935e-05
0.0000e+00
0.0000e+00
2.2173e-05
0.0000e+00
0.0000e+00
2.1935e-05
0.0000e+00
0.0000e+00
2.0981e-05
9.5367e-07
0.0000e+00
2.1935e-05
3.0994e-06
2.0027e-05
0.0000e+00
9.5367e-07
0.0000e+00
2.2173e-05
9.5367e-07
0.0000e+00
3.0041e-05
9.5367e-07
1.0967e-05
0.0000e+00
0.0000e+00
9.5367e-07
0.0000e+00
2.0027e-05
0.0000e+00
2.1935e-05
9.5367e-07
0.0000e+00
2.1935e-05
1.1921e-06
0.0000e+00
2.0981e-05
9.5367e-07
0.0000e+00
2.2173e-05
1.1921e-06
0.0000e+00
2.0981e-05
9.5367e-07
0.0000e+00
2.0981e-05
9.4199e-04
0.0000e+00
2.3127e-05
9.5367e-07
0.0000e+00
2.1935e-05
9.5367e-07
0.0000e+00
2.0981e-05
8.2970e-05
0.0000e+00
2.1935e-05
1.1921e-06
0.0000e+00
2.1935e-05
9.5367e-07
2.1458e-06
9.5367e-07
1.4067e-05
0.0000e+00
2.1935e-05
9.5367e-07
0.0000e+00
2.0981e-05
1.1921e-06
0.0000e+00
2.1935e-05
4.8161e-05
0.0000e+00
2.1935e-05
9.5367e-07
0.0000e+00
2.1935e-05
1.0014e-05
0.0000e+00
2.0981e-05
1.9073e-06
0.0000e+00
2.2173e-05
1.4901e-04
0.0000e+00
2.2888e-05
9.5367e-07
0.0000e+00
2.1935e-05
1.1921e-06
0.0000e+00
2.8849e-05
1.1921e-06
1.8787e-04
0.0000e+00
0.0000e+00
1.9073e-06
0.0000e+00
0.0000e+00
0.0000e+00
2.3842e-05
9.5367e-07
0.0000e+00
2.2173e-05
9.5367e-07
0.0000e+00
2.0981e-05
0.0000e+00
0.0000e+00
2.0981e-05
0.0000e+00
0.0000e+00
2.0981e-05
9.5367e-07
0.0000e+00
2.2173e-05
7.7009e-05
0.0000e+00
3.0994e-05
9.5367e-07
0.0000e+00
2.1935e-05
0.0000e+00
1.3828e-05
1.1921e-06
5.0068e-06
0.0000e+00
2.1935e-05
1.9073e-06
3.7217e-04
0.0000e+00
0.0000e+00
0.0000e+00
2.1935e-05
0.0000e+00
0.0000e+00
2.1935e-05
9.5367e-07
0.0000e+00
2.1219e-05
0.0000e+00
8.4877e-05
0.0000e+00
0.0000e+00
0.0000e+00
3.2902e-05
9.5367e-07
0.0000e+00
2.1935e-05
1.0705e-04
0.0000e+00
2.1935e-05
9.5367e-07
0.0000e+00
2.1935e-05
9.5367e-07
1.9073e-06
0.0000e+00
6.1989e-06
1.9073e-06
9.5367e-07
2.0027e-05
0.0000e+00
2.2173e-05
6.9141e-06
0.0000e+00
2.1935e-05
1.1921e-06
0.0000e+00
2.1935e-05
9.5367e-07
1.1921e-06
0.0000e+00
1.0014e-05
0.0000e+00
2.2888e-05
1.1921e-06
0.0000e+00
2.1935e-05
5.0068e-06
2.1458e-06
0.0000e+00
2.1935e-05
9.5367e-07
0.0000e+00
0.0000e+00
3.1948e-05
0.0000e+00
0.0000e+00
9.5367e-07
0.0000e+00
4.0531e-06
0.0000e+00
2.2888e-05
9.5367e-07
0.0000e+00
2.0981e-05
0.0000e+00
1.9073e-06
0.0000e+00
2.0027e-05
0.0000e+00
2.8849e-05
1.1921e-06
4.0531e-06
0.0000e+00
9.0599e-06
0.0000e+00
2.2888e-05
9.5367e-07
0.0000e+00
2.1935e-05
7.8201e-04
0.0000e+00
2.0981e-05
2.8610e-06
0.0000e+00
2.1935e-05
1.8191e-04
0.0000e+00
2.2173e-05
9.0599e-06
0.0000e+00
2.1935e-05
1.9073e-06
0.0000e+00
2.9087e-05
9.5367e-07
1.0967e-05
0.0000e+00
5.0068e-06
9.7036e-05
0.0000e+00
0.0000e+00
0.0000e+00
2.2888e-05
9.5367e-07
2.1458e-06
9.5367e-07
9.5367e-07
5.0068e-06
0.0000e+00
0.0000e+00
2.1458e-06
0.0000e+00
3.0994e-06
4.1962e-05
0.0000e+00
0.0000e+00
0.0000e+00
2.3127e-05
9.5367e-07
0.0000e+00
2.0981e-05
1.1921e-06
0.0000e+00
2.1935e-05
0.0000e+00
0.0000e+00
2.9087e-05
9.5367e-07
1.2159e-05
0.0000e+00
3.8147e-06
2.1458e-06
0.0000e+00
2.0027e-05
9.5367e-07
0.0000e+00
2.0027e-05
0.0000e+00
2.2888e-05
0.0000e+00
6.5613e-04
0.0000e+00
9.5367e-07
0.0000e+00
2.3127e-05
9.5367e-07
2.1458e-06
9.5367e-07
1.9073e-06
0.0000e+00
2.3127e-05
1.1921e-05
0.0000e+00
2.3127e-05
9.5367e-07
3.0994e-06
0.0000e+00
1.0014e-05
0.0000e+00
2.3842e-05
0.0000e+00
9.5367e-07
0.0000e+00
1.8120e-05
0.0000e+00
2.1935e-05
9.5367e-07
0.0000e+00
2.1219e-05
4.0531e-06
0.0000e+00
2.1935e-05
0.0000e+00
0.0000e+00
2.2173e-05
1.9073e-06
0.0000e+00
2.1935e-05
9.5367e-07
0.0000e+00
2.1935e-05
3.0994e-06
0.0000e+00
2.8849e-05
4.6420e-04
0.0000e+00
2.1935e-05
5.4121e-05
0.0000e+00
2.1935e-05
9.5367e-07
2.1458e-06
0.0000e+00
1.9073e-05
0.0000e+00
2.1935e-05
1.1921e-06
0.0000e+00
2.1935e-05
9.5367e-07
1.9073e-06
1.1921e-06
9.5367e-07
0.0000e+00
2.1935e-05
1.0014e-05
0.0000e+00
2.2173e-05
1.1921e-06
0.0000e+00
2.1935e-05
9.5367e-07
0.0000e+00
2.0981e-05
9.5367e-07
1.9073e-06
1.1921e-06
7.8678e-06
2.1458e-06
9.5367e-07
2.0027e-05
0.0000e+00
2.1935e-05
9.5367e-07
0.0000e+00
2.1935e-05
0.0000e+00
0.0000e+00
2.1935e-05
9.5367e-07
0.0000e+00
2.1219e-05
1.9073e-06
0.0000e+00
2.9087e-05
9.5367e-07
0.0000e+00
2.0981e-05
0.0000e+00
0.0000e+00
2.0981e-05
9.5367e-07
0.0000e+00
2.1935e-05
1.1921e-06
0.0000e+00
2.0981e-05
0.0000e+00
2.1458e-06
0.0000e+00
7.2596e-02
