2.4419e-03
1.9073e-05
0.0000e+00
4.3154e-05
8.8215e-06
1.0967e-05
9.5367e-07
1.9073e-06
2.0871e-03
9.5367e-07
2.1458e-06
0.0000e+00
2.5988e-05
9.5367e-07
0.0000e+00
2.3127e-05
9.5367e-07
0.0000e+00
2.5034e-05
9.5367e-07
0.0000e+00
2.2888e-05
9.5367e-07
0.0000e+00
2.1935e-05
1.0395e-04
3.0994e-06
9.5367e-07
2.3842e-05
0.0000e+00
2.3842e-05
1.1921e-06
0.0000e+00
2.1935e-05
4.0054e-05
0.0000e+00
2.1935e-05
9.5367e-07
3.2902e-05
0.0000e+00
9.5367e-07
0.0000e+00
2.2888e-05
9.5367e-07
0.0000e+00
2.5034e-05
9.5367e-07
2.2173e-05
0.0000e+00
1.9073e-06
0.0000e+00
2.4080e-05
6.6996e-05
3.4094e-05
0.0000e+00
9.5367e-07
0.0000e+00
2.3127e-05
9.5367e-07
0.0000e+00
2.1935e-05
5.3883e-05
0.0000e+00
2.2173e-05
9.5367e-07
0.0000e+00
2.1935e-05
1.1921e-06
0.0000e+00
2.1935e-05
1.9073e-06
0.0000e+00
2.3127e-05
9.5367e-07
0.0000e+00
2.1935e-05
9.5367e-07
0.0000e+00
2.7895e-05
9.5367e-07
0.0000e+00
2.2888e-05
1.6999e-04
0.0000e+00
2.3127e-05
1.9073e-06
0.0000e+00
2.1935e-05
1.1921e-06
0.0000e+00
2.1935e-05
0.0000e+00
0.0000e+00
2.2173e-05
9.5367e-07
0.0000e+00
2.2173e-05
2.1458e-06
0.0000e+00
2.1935e-05
2.1458e-06
0.0000e+00
3.0994e-05
3.0041e-05
4.0531e-06
9.5367e-07
2.6941e-05
0.0000e+00
2.1935e-05
1.1420e-04
0.0000e+00
2.1935e-05
1.9073e-06
1.3828e-05
0.0000e+00
5.9605e-06
0.0000e+00
2.2888e-05
2.1458e-06
0.0000e+00
2.0981e-05
9.5367e-07
0.0000e+00
2.1935e-05
1.9073e-06
0.0000e+00
2.2173e-05
1.9073e-06
0.0000e+00
2.2173e-05
4.0531e-06
0.0000e+00
2.1935e-05
2.1458e-06
1.9073e-06
0.0000e+00
3.0994e-06
0.0000e+00
2.2888e-05
3.0994e-06
0.0000e+00
2.0981e-05
1.9073e-06
9.0790e-04
0.0000e+00
1.1921e-06
0.0000e+00
2.2888e-05
3.0994e-06
0.0000e+00
2.1935e-05
4.0531e-06
0.0000e+00
3.0041e-05
1.9073e-06
0.0000e+00
2.2173e-05
9.5367e-07
0.0000e+00
2.0981e-05
1.1921e-06
2.8610e-06
0.0000e+00
9.5367e-07
0.0000e+00
2.4080e-05
1.4091e-04
0.0000e+00
2.2888e-05
1.9073e-06
2.1458e-06
0.0000e+00
1.9073e-05
2.9802e-05
0.0000e+00
9.5367e-07
1.2589e-04
1.1921e-06
9.5367e-07
0.0000e+00
2.1935e-05
9.5367e-07
2.1458e-06
0.0000e+00
9.5367e-07
0.0000e+00
2.3127e-05
4.8876e-05
1.0014e-05
0.0000e+00
2.0027e-05
9.5367e-07
0.0000e+00
2.0027e-05
0.0000e+00
2.1935e-05
5.0068e-06
0.0000e+00
2.0981e-05
1.1921e-06
8.9884e-05
0.0000e+00
1.1921e-06
0.0000e+00
2.1935e-05
9.5367e-07
0.0000e+00
2.0981e-05
1.1921e-06
0.0000e+00
2.1935e-05
5.0068e-06
0.0000e+00
2.1935e-05
9.5367e-07
0.0000e+00
2.1219e-05
1.9073e-06
0.0000e+00
2.2173e-05
9.5367e-07
0.0000e+00
2.1935e-05
3.0994e-06
0.0000e+00
2.1935e-05
9.5367e-07
0.0000e+00
2.8133e-05
3.0994e-06
0.0000e+00
2.2888e-05
9.5367e-07
3.0994e-06
0.0000e+00
1.1921e-06
0.0000e+00
2.2888e-05
1.1921e-06
2.8610e-06
0.0000e+00
1.0967e-05
1.5211e-04
9.5367e-07
9.5367e-07
2.0099e-04
0.0000e+00
1.1921e-06
0.0000e+00
2.2888e-05
0.0000e+00
0.0000e+00
2.1935e-05
9.5367e-07
0.0000e+00
2.0981e-05
1.1921e-06
7.2002e-05
0.0000e+00
9.5367e-07
0.0000e+00
2.1935e-05
1.1921e-06
1.9073e-06
9.5367e-07
1.1921e-06
3.8147e-06
0.0000e+00
0.0000e+00
2.0027e-05
9.5367e-07
9.5367e-07
0.0000e+00
2.3127e-05
9.5367e-07
0.0000e+00
2.1935e-05
9.5367e-07
0.0000e+00
2.1935e-05
4.0531e-06
0.0000e+00
2.1935e-05
9.5367e-07
0.0000e+00
2.0981e-05
2.8610e-06
6.5207e-04
0.0000e+00
1.1921e-06
2.8610e-06
0.0000e+00
9.5367e-07
0.0000e+00
3.0041e-05
9.5367e-07
0.0000e+00
2.1935e-05
9.5367e-07
1.9073e-06
0.0000e+00
6.1989e-06
0.0000e+00
2.1935e-05
9.5367e-07
0.0000e+00
2.2173e-05
9.5367e-07
0.0000e+00
2.1935e-05
1.1921e-06
0.0000e+00
2.1935e-05
9.5367e-07
0.0000e+00
2.2173e-05
9.5367e-07
1.5020e-05
9.5367e-07
8.1062e-06
2.5082e-04
0.0000e+00
9.5367e-07
0.0000e+00
2.3127e-05
9.5367e-07
0.0000e+00
2.2173e-05
1.1921e-06
0.0000e+00
2.0981e-05
9.5367e-07
0.0000e+00
2.2173e-05
9.5367e-07
0.0000e+00
2.0981e-05
8.1062e-05
0.0000e+00
2.1935e-05
1.0967e-05
0.0000e+00
2.2173e-05
9.5367e-07
0.0000e+00
2.7895e-05
9.5367e-07
0.0000e+00
2.1935e-05
3.0994e-06
0.0000e+00
2.1935e-05
1.1921e-06
0.0000e+00
2.1935e-05
9.5367e-07
0.0000e+00
2.2173e-05
1.9073e-06
0.0000e+00
2.1935e-05
1.1921e-06
0.0000e+00
2.1935e-05
9.5367e-07
6.2609e-04
0.0000e+00
1.1921e-06
3.8147e-06
9.5367e-07
9.5367e-07
8.8215e-06
0.0000e+00
0.0000e+00
2.1458e-06
9.5367e-07
5.9605e-06
0.0000e+00
2.4080e-05
9.5367e-07
0.0000e+00
2.1935e-05
1.1921e-06
0.0000e+00
2.0981e-05
9.5367e-07
0.0000e+00
2.2173e-05
0.0000e+00
0.0000e+00
2.1935e-05
1.7405e-04
0.0000e+00
2.1935e-05
3.5048e-05
0.0000e+00
2.8133e-05
1.9073e-06
0.0000e+00
2.2173e-05
9.5367e-07
0.0000e+00
2.1935e-05
9.5367e-07
0.0000e+00
2.0981e-05
9.5367e-07
0.0000e+00
2.1935e-05
9.5367e-07
0.0000e+00
2.1935e-05
9.5367e-07
0.0000e+00
2.2173e-05
9.5367e-07
0.0000e+00
2.1935e-05
8.1062e-06
0.0000e+00
2.8849e-05
1.9073e-06
0.0000e+00
2.1935e-05
1.1921e-06
0.0000e+00
2.0981e-05
9.5367e-07
0.0000e+00
2.0981e-05
3.8147e-06
0.0000e+00
2.2173e-05
9.5367e-07
0.0000e+00
2.3127e-05
4.7684e-06
0.0000e+00
2.0981e-05
9.5367e-07
0.0000e+00
2.1935e-05
9.5367e-07
0.0000e+00
2.2173e-05
2.0385e-04
1.9789e-05
1.1921e-06
1.9073e-06
0.0000e+00
2.1935e-05
6.9141e-06
0.0000e+00
2.1935e-05
9.5367e-07
0.0000e+00
2.1935e-05
9.5367e-07
0.0000e+00
2.0981e-05
9.5367e-07
8.7976e-05
9.5367e-07
0.0000e+00
0.0000e+00
2.1935e-05
0.0000e+00
0.0000e+00
2.8133e-05
9.5367e-07
0.0000e+00
2.0981e-05
9.5367e-07
0.0000e+00
2.0981e-05
9.5367e-07
0.0000e+00
2.2173e-05
5.6028e-05
0.0000e+00
2.1935e-05
1.9073e-06
0.0000e+00
2.2173e-05
9.5367e-07
0.0000e+00
2.0981e-05
1.1921e-06
0.0000e+00
2.1935e-05
9.5367e-07
0.0000e+00
2.5034e-05
1.1921e-06
4.5776e-05
0.0000e+00
9.5367e-07
0.0000e+00
2.2888e-05
1.1921e-06
0.0000e+00
2.1935e-05
9.5367e-07
0.0000e+00
2.1219e-05
9.5367e-07
0.0000e+00
2.0981e-05
1.1921e-06
0.0000e+00
2.1935e-05
9.5367e-07
0.0000e+00
2.0981e-05
1.1921e-06
0.0000e+00
3.0041e-05
2.7490e-04
1.9073e-06
1.1921e-06
2.0981e-05
0.0000e+00
2.1935e-05
9.5367e-07
3.0994e-06
0.0000e+00
8.1062e-06
0.0000e+00
2.1935e-05
9.5367e-07
0.0000e+00
2.1935e-05
9.5367e-07
0.0000e+00
2.0981e-05
9.5367e-07
6.3396e-04
0.0000e+00
1.1921e-06
0.0000e+00
2.4080e-05
9.5367e-07
1.9073e-06
0.0000e+00
1.1921e-06
0.0000e+00
2.2888e-05
9.5367e-07
2.1458e-06
9.5367e-07
9.5367e-07
0.0000e+00
2.1935e-05
9.5367e-07
5.9605e-06
0.0000e+00
1.1921e-06
0.0000e+00
2.2888e-05
9.5367e-07
0.0000e+00
2.0981e-05
9.5367e-07
1.9073e-06
9.5367e-07
1.1921e-06
0.0000e+00
2.1935e-05
9.5367e-07
0.0000e+00
2.0981e-05
9.5367e-07
0.0000e+00
2.2173e-05
9.5367e-07
0.0000e+00
2.1935e-05
9.5367e-07
0.0000e+00
2.0981e-05
9.5367e-07
2.4509e-04
9.5367e-07
9.5367e-07
5.5075e-05
9.5367e-07
9.5367e-07
0.0000e+00
2.3127e-05
9.5367e-07
0.0000e+00
2.0981e-05
0.0000e+00
8.8215e-06
9.5367e-07
1.1921e-06
9.5367e-07
0.0000e+00
0.0000e+00
0.0000e+00
3.0994e-05
9.5367e-07
0.0000e+00
2.0981e-05
0.0000e+00
0.0000e+00
2.0981e-05
1.1921e-06
0.0000e+00
2.0981e-05
9.5367e-07
0.0000e+00
2.0981e-05
1.1921e-06
7.0190e-04
9.5367e-07
9.5367e-07
0.0000e+00
2.3127e-05
9.5367e-07
0.0000e+00
2.4080e-05
9.5367e-07
0.0000e+00
2.9087e-05
9.5367e-07
0.0000e+00
2.3127e-05
0.0000e+00
0.0000e+00
2.1935e-05
1.1921e-06
0.0000e+00
2.0981e-05
4.0531e-06
0.0000e+00
2.1935e-05
1.8811e-04
1.9073e-06
0.0000e+00
4.2915e-05
0.0000e+00
2.1935e-05
1.9073e-05
0.0000e+00
2.0981e-05
2.1219e-05
0.0000e+00
2.7895e-05
1.1921e-06
0.0000e+00
2.2888e-05
1.5020e-05
1.9073e-06
1.1921e-06
4.1962e-05
8.1062e-05
0.0000e+00
9.5367e-07
0.0000e+00
2.2888e-05
1.1921e-06
0.0000e+00
2.0981e-05
1.5020e-05
0.0000e+00
2.1935e-05
2.0981e-05
0.0000e+00
2.2173e-05
9.5367e-07
1.9073e-06
1.1921e-06
5.9605e-06
0.0000e+00
2.0981e-05
1.5974e-05
0.0000e+00
2.2888e-05
1.1921e-06
0.0000e+00
2.5034e-05
2.1935e-05
7.8917e-05
1.1921e-06
9.5367e-07
0.0000e+00
2.2888e-05
9.5367e-07
2.1458e-06
0.0000e+00
2.8133e-05
0.0000e+00
2.2888e-05
2.0027e-05
0.0000e+00
2.1935e-05
2.0027e-05
0.0000e+00
2.2173e-05
9.5367e-07
0.0000e+00
3.0041e-05
3.0994e-06
0.0000e+00
2.2888e-05
9.5367e-07
0.0000e+00
2.1935e-05
1.6928e-05
0.0000e+00
2.2173e-05
7.6056e-05
1.9073e-06
0.0000e+00
3.9816e-05
0.0000e+00
2.2173e-05
2.0981e-05
1.9073e-06
0.0000e+00
4.1008e-05
2.8610e-06
0.0000e+00
1.0014e-05
0.0000e+00
2.3127e-05
2.0981e-05
0.0000e+00
2.1935e-05
1.4782e-05
2.1458e-06
0.0000e+00
4.8161e-05
0.0000e+00
2.2888e-05
9.5367e-07
0.0000e+00
2.1935e-05
1.1921e-05
0.0000e+00
2.1935e-05
2.0981e-05
2.8610e-06
9.5367e-07
4.1008e-05
2.1458e-06
0.0000e+00
4.0054e-05
0.0000e+00
2.3127e-05
2.3842e-05
1.0681e-04
1.1921e-06
1.1921e-06
0.0000e+00
2.1935e-05
9.5367e-07
0.0000e+00
3.0994e-05
2.1458e-06
1.9073e-06
0.0000e+00
5.9605e-06
0.0000e+00
2.1935e-05
2.0027e-05
2.1458e-06
9.5367e-07
4.0054e-05
0.0000e+00
2.1935e-05
4.9114e-05
1.9073e-06
9.5367e-07
5.9605e-06
2.2888e-05
0.0000e+00
2.0027e-05
1.9073e-06
0.0000e+00
9.0599e-06
0.0000e+00
2.1935e-05
2.0981e-05
0.0000e+00
2.2173e-05
1.9073e-06
0.0000e+00
2.7895e-05
1.2875e-05
0.0000e+00
2.2888e-05
2.0027e-05
0.0000e+00
2.1935e-05
9.5367e-07
0.0000e+00
2.0981e-05
1.0967e-05
1.9073e-06
1.1921e-06
3.9816e-05
0.0000e+00
2.1219e-05
2.0981e-05
0.0000e+00
2.0981e-05
2.0027e-05
0.0000e+00
2.5034e-05
1.6928e-05
0.0000e+00
2.1935e-05
2.1458e-06
0.0000e+00
2.2888e-05
1.1921e-06
0.0000e+00
2.1935e-05
9.5367e-07
0.0000e+00
2.2173e-05
9.5367e-07
9.5367e-07
0.0000e+00
2.8133e-05
0.0000e+00
2.1935e-05
2.0981e-05
2.1458e-06
0.0000e+00
4.1008e-05
9.5367e-07
0.0000e+00
4.1962e-05
2.1458e-06
9.5367e-07
4.1008e-05
0.0000e+00
2.0981e-05
3.3140e-05
0.0000e+00
2.9087e-05
1.3828e-05
9.5367e-07
0.0000e+00
4.0054e-05
0.0000e+00
2.1935e-05
2.0981e-05
0.0000e+00
2.1935e-05
9.5367e-07
0.0000e+00
2.0981e-05
1.1921e-05
0.0000e+00
2.1935e-05
2.0981e-05
0.0000e+00
2.0981e-05
2.0027e-05
0.0000e+00
2.0981e-05
3.0041e-05
0.0000e+00
2.8133e-05
1.2875e-05
8.5115e-05
0.0000e+00
1.1921e-06
1.9073e-06
0.0000e+00
9.5367e-07
1.1921e-06
9.5367e-07
3.5048e-05
8.8215e-06
0.0000e+00
3.2902e-05
0.0000e+00
2.1935e-05
2.1935e-05
0.0000e+00
2.1935e-05
2.0981e-05
1.1921e-06
0.0000e+00
5.0068e-05
0.0000e+00
2.0981e-05
2.0027e-05
0.0000e+00
2.0981e-05
8.1062e-05
0.0000e+00
2.9087e-05
1.3113e-05
0.0000e+00
2.2888e-05
2.1458e-06
1.9073e-06
9.5367e-07
3.0041e-05
0.0000e+00
2.0981e-05
2.0981e-05
0.0000e+00
2.1935e-05
2.3127e-05
0.0000e+00
2.0981e-05
2.0981e-05
4.8161e-05
9.5367e-07
5.0068e-06
0.0000e+00
2.2888e-05
3.4094e-05
9.5367e-07
0.0000e+00
4.1962e-05
0.0000e+00
2.7895e-05
1.4067e-05
0.0000e+00
2.3127e-05
1.7881e-05
0.0000e+00
2.1935e-05
2.0027e-05
6.7949e-05
9.5367e-07
1.1921e-06
0.0000e+00
2.1935e-05
9.5367e-07
0.0000e+00
2.0981e-05
2.6941e-05
0.0000e+00
2.0981e-05
2.2888e-05
0.0000e+00
2.0981e-05
2.1219e-05
0.0000e+00
2.0981e-05
1.5020e-05
0.0000e+00
2.2173e-05
2.0981e-05
0.0000e+00
2.1935e-05
2.1219e-05
0.0000e+00
2.1935e-05
9.5367e-07
0.0000e+00
2.2173e-05
9.5367e-07
0.0000e+00
2.1935e-05
7.1526e-06
0.0000e+00
2.1935e-05
2.2173e-05
0.0000e+00
2.1935e-05
9.5367e-07
2.5988e-05
0.0000e+00
1.9073e-06
0.0000e+00
2.3127e-05
2.1935e-05
3.0994e-06
9.5367e-07
4.0054e-05
9.5367e-07
0.0000e+00
4.1962e-05
5.0068e-06
1.1921e-06
3.7909e-05
0.0000e+00
2.1935e-05
9.5367e-07
7.8678e-06
0.0000e+00
3.0041e-05
0.0000e+00
2.1935e-05
2.1935e-05
0.0000e+00
2.2173e-05
9.5367e-07
8.1062e-06
0.0000e+00
2.2888e-05
3.0994e-06
0.0000e+00
9.0599e-06
1.0967e-05
0.0000e+00
3.0994e-05
0.0000e+00
3.0994e-05
1.0014e-05
9.5367e-07
0.0000e+00
4.4823e-05
0.0000e+00
2.3127e-05
2.0027e-05
0.0000e+00
2.1935e-05
3.4094e-05
0.0000e+00
2.1935e-05
1.1921e-06
0.0000e+00
2.0981e-05
1.0014e-05
0.0000e+00
2.0981e-05
2.0981e-05
0.0000e+00
2.1935e-05
2.0981e-05
0.0000e+00
2.8133e-05
1.4067e-05
0.0000e+00
2.1935e-05
2.0981e-05
0.0000e+00
2.2173e-05
2.0981e-05
0.0000e+00
2.1935e-05
4.6015e-05
0.0000e+00
2.2173e-05
9.5367e-07
0.0000e+00
2.1935e-05
1.2159e-05
0.0000e+00
2.0981e-05
2.0981e-05
0.0000e+00
2.1935e-05
1.4067e-05
0.0000e+00
2.2888e-05
1.8120e-05
3.6001e-05
0.0000e+00
5.0068e-06
1.9073e-06
9.5367e-07
4.0054e-05
0.0000e+00
2.1935e-05
3.2187e-05
2.8610e-06
0.0000e+00
9.0599e-06
0.0000e+00
2.2173e-05
9.5367e-07
0.0000e+00
2.2173e-05
2.1219e-05
0.0000e+00
2.0981e-05
4.6968e-05
0.0000e+00
2.1935e-05
1.1921e-05
0.0000e+00
2.2888e-05
1.9073e-05
0.0000e+00
2.1935e-05
2.2173e-05
0.0000e+00
2.1935e-05
2.0981e-05
0.0000e+00
2.1935e-05
1.1921e-06
0.0000e+00
2.1935e-05
1.8120e-05
1.9073e-06
9.5367e-07
3.9816e-05
2.1458e-06
0.0000e+00
8.1062e-06
1.9073e-06
0.0000e+00
7.1526e-06
3.5048e-05
9.5367e-07
7.8678e-06
0.0000e+00
3.0041e-05
1.5020e-05
1.1921e-06
0.0000e+00
4.0054e-05
0.0000e+00
2.2888e-05
1.8835e-05
0.0000e+00
2.2888e-05
2.3127e-05
0.0000e+00
2.1935e-05
2.7895e-05
0.0000e+00
2.1935e-05
1.0300e-04
0.0000e+00
2.6941e-05
1.6928e-05
0.0000e+00
2.1935e-05
9.5367e-07
4.0531e-06
0.0000e+00
3.2902e-05
0.0000e+00
3.1948e-05
1.1921e-05
9.5367e-07
0.0000e+00
4.0054e-05
2.1458e-06
0.0000e+00
1.0967e-05
0.0000e+00
2.2888e-05
9.5367e-07
0.0000e+00
2.1935e-05
5.0068e-06
0.0000e+00
2.2173e-05
3.3855e-05
0.0000e+00
2.2173e-05
2.0981e-05
0.0000e+00
2.1935e-05
1.1921e-06
0.0000e+00
2.0981e-05
2.1458e-06
1.9073e-06
9.5367e-07
4.2200e-05
0.0000e+00
2.2888e-05
2.0027e-05
0.0000e+00
2.2173e-05
2.0981e-05
1.9073e-06
0.0000e+00
1.1921e-05
0.0000e+00
2.1935e-05
3.9101e-05
9.5367e-07
0.0000e+00
5.1975e-05
0.0000e+00
2.0981e-05
9.5367e-07
2.8133e-05
0.0000e+00
6.9141e-06
0.0000e+00
2.2173e-05
2.2888e-05
0.0000e+00
2.9087e-05
1.4067e-05
0.0000e+00
2.1935e-05
9.5367e-07
0.0000e+00
2.1935e-05
5.9605e-06
0.0000e+00
2.1935e-05
2.0981e-05
0.0000e+00
2.1219e-05
2.5988e-05
0.0000e+00
2.0981e-05
3.3140e-05
2.8610e-06
1.1921e-06
3.9816e-05
0.0000e+00
2.0981e-05
2.2888e-05
2.1458e-06
9.5367e-07
4.0054e-05
0.0000e+00
3.0041e-05
1.2875e-05
2.1458e-06
0.0000e+00
4.1008e-05
0.0000e+00
2.2888e-05
2.0027e-05
0.0000e+00
2.1935e-05
0.0000e+00
2.9087e-05
0.0000e+00
1.3113e-05
0.0000e+00
2.1935e-05
2.1935e-05
0.0000e+00
2.1935e-05
9.5367e-07
2.1458e-06
0.0000e+00
2.5988e-05
0.0000e+00
2.1935e-05
2.0027e-05
1.9073e-06
0.0000e+00
1.1921e-06
0.0000e+00
2.1935e-05
2.5988e-05
0.0000e+00
2.0981e-05
9.5367e-07
1.9073e-06
1.1921e-06
4.1008e-05
0.0000e+00
2.1935e-05
3.0994e-05
0.0000e+00
2.1935e-05
2.3127e-05
0.0000e+00
2.1935e-05
1.9073e-05
0.0000e+00
2.1935e-05
2.3127e-05
1.9073e-06
0.0000e+00
4.6015e-05
0.0000e+00
3.7909e-05
5.9605e-06
0.0000e+00
2.1935e-05
2.0981e-05
0.0000e+00
2.2173e-05
2.0981e-05
0.0000e+00
2.0981e-05
1.1921e-06
0.0000e+00
2.0981e-05
2.0027e-05
0.0000e+00
2.1935e-05
2.0981e-05
5.2214e-05
0.0000e+00
9.5367e-07
0.0000e+00
2.1935e-05
9.5367e-07
0.0000e+00
2.7895e-05
9.5367e-07
0.0000e+00
2.0981e-05
1.3113e-05
0.0000e+00
2.0981e-05
2.0981e-05
0.0000e+00
2.1935e-05
2.0981e-05
3.0994e-05
0.0000e+00
2.1935e-05
0.0000e+00
2.1935e-05
2.0027e-05
0.0000e+00
2.1935e-05
2.2173e-05
0.0000e+00
2.1935e-05
2.1935e-05
0.0000e+00
2.9087e-05
1.3113e-05
1.9073e-06
0.0000e+00
4.0054e-05
3.0994e-06
9.5367e-07
9.0599e-06
0.0000e+00
2.5034e-05
1.7881e-05
0.0000e+00
2.2173e-05
9.5367e-07
0.0000e+00
2.1935e-05
2.3127e-05
3.0994e-06
9.5367e-07
8.8215e-06
0.0000e+00
2.1935e-05
5.9605e-06
0.0000e+00
2.2173e-05
2.0981e-05
0.0000e+00
2.8849e-05
1.3113e-05
0.0000e+00
2.3127e-05
1.9789e-05
0.0000e+00
2.1935e-05
2.0027e-05
0.0000e+00
2.1935e-05
2.0027e-05
0.0000e+00
2.2173e-05
4.7922e-05
0.0000e+00
2.2173e-05
2.1458e-06
0.0000e+00
2.1935e-05
1.1921e-06
0.0000e+00
2.1935e-05
9.0599e-06
9.7036e-05
5.9605e-06
9.5367e-07
2.1458e-06
0.0000e+00
9.5367e-07
0.0000e+00
2.2888e-05
9.5367e-07
6.7949e-05
9.5367e-07
9.5367e-07
0.0000e+00
2.1935e-05
9.5367e-07
0.0000e+00
2.0981e-05
1.1921e-06
0.0000e+00
2.1935e-05
1.0967e-05
0.0000e+00
2.1219e-05
2.0027e-05
0.0000e+00
2.0981e-05
9.5367e-07
0.0000e+00
3.4094e-05
2.1458e-06
0.0000e+00
2.1935e-05
1.5974e-05
0.0000e+00
2.1935e-05
9.0599e-06
0.0000e+00
2.1935e-05
2.3127e-05
0.0000e+00
2.0981e-05
2.3127e-05
0.0000e+00
2.1935e-05
3.2902e-05
0.0000e+00
2.2173e-05
2.2888e-05
0.0000e+00
2.2173e-05
9.5367e-07
0.0000e+00
2.3127e-05
9.5367e-07
0.0000e+00
2.0981e-05
3.0994e-06
6.8903e-05
0.0000e+00
9.5367e-07
0.0000e+00
2.1935e-05
9.5367e-07
0.0000e+00
2.0981e-05
9.5367e-07
1.9073e-06
0.0000e+00
3.0994e-05
0.0000e+00
2.1935e-05
9.5367e-07
0.0000e+00
2.2173e-05
2.5034e-05
0.0000e+00
2.7895e-05
1.5020e-05
0.0000e+00
2.2173e-05
9.0599e-06
4.4107e-05
0.0000e+00
0.0000e+00
2.1458e-06
0.0000e+00
3.7909e-05
0.0000e+00
2.2173e-05
2.0027e-05
0.0000e+00
2.1935e-05
2.1935e-05
0.0000e+00
2.0981e-05
9.5367e-07
0.0000e+00
2.5034e-05
5.9605e-06
0.0000e+00
2.1935e-05
3.1948e-05
0.0000e+00
3.0994e-05
1.9073e-06
2.1458e-06
9.5367e-07
2.5988e-05
0.0000e+00
2.2888e-05
2.0981e-05
1.9073e-06
9.5367e-07
4.0054e-05
0.0000e+00
2.2888e-05
2.3127e-05
0.0000e+00
2.0981e-05
2.2173e-05
0.0000e+00
2.1935e-05
3.0041e-05
0.0000e+00
2.1935e-05
3.0041e-05
0.0000e+00
2.1935e-05
1.7881e-05
0.0000e+00
2.2173e-05
1.8835e-05
0.0000e+00
2.1935e-05
2.0981e-05
0.0000e+00
2.0981e-05
2.0981e-05
0.0000e+00
2.2173e-05
2.0027e-05
1.9073e-06
0.0000e+00
1.1206e-05
1.1921e-05
0.0000e+00
3.0994e-05
0.0000e+00
2.2173e-05
9.5367e-07
0.0000e+00
2.0981e-05
1.9073e-05
0.0000e+00
2.9087e-05
1.2875e-05
0.0000e+00
2.0981e-05
2.0981e-05
0.0000e+00
2.1935e-05
2.0027e-05
0.0000e+00
2.1935e-05
2.0981e-05
0.0000e+00
2.1935e-05
2.4080e-05
0.0000e+00
2.0981e-05
2.0981e-05
0.0000e+00
2.0981e-05
3.2187e-05
0.0000e+00
2.1935e-05
1.6212e-05
0.0000e+00
2.2888e-05
1.9073e-05
0.0000e+00
2.0981e-05
1.1921e-06
0.0000e+00
2.0981e-05
1.1921e-05
0.0000e+00
2.0981e-05
2.0981e-05
0.0000e+00
2.0981e-05
9.5367e-07
0.0000e+00
2.2173e-05
1.1921e-05
0.0000e+00
2.0981e-05
2.0981e-05
0.0000e+00
2.0981e-05
2.3127e-05
1.9073e-06
9.5367e-07
4.2200e-05
0.0000e+00
2.1935e-05
2.0027e-05
0.0000e+00
2.2173e-05
2.1935e-05
0.0000e+00
2.0981e-05
2.0981e-05
0.0000e+00
2.2173e-05
2.0981e-05
0.0000e+00
2.0981e-05
2.2173e-05
1.9073e-06
0.0000e+00
4.1008e-05
0.0000e+00
2.2173e-05
5.0068e-06
3.8147e-06
0.0000e+00
3.4094e-05
0.0000e+00
2.2888e-05
2.0027e-05
2.1458e-06
0.0000e+00
1.0967e-05
0.0000e+00
2.1935e-05
2.0027e-05
0.0000e+00
2.0981e-05
2.1935e-05
0.0000e+00
2.2173e-05
2.0981e-05
0.0000e+00
2.1935e-05
2.1935e-05
0.0000e+00
2.0981e-05
3.0041e-05
0.0000e+00
2.1935e-05
2.3127e-05
0.0000e+00
2.9802e-05
9.5367e-07
0.0000e+00
2.1935e-05
9.5367e-07
9.5367e-07
0.0000e+00
4.0054e-05
0.0000e+00
2.1935e-05
2.0981e-05
0.0000e+00
2.0981e-05
2.1935e-05
0.0000e+00
2.2173e-05
9.5367e-07
3.0994e-06
9.5367e-07
4.0054e-05
0.0000e+00
2.1935e-05
2.9087e-05
0.0000e+00
2.0981e-05
9.5367e-07
0.0000e+00
2.1935e-05
4.0531e-06
0.0000e+00
2.1935e-05
2.0027e-05
2.1458e-06
9.5367e-07
4.0054e-05
0.0000e+00
2.1935e-05
2.0027e-05
2.6941e-05
0.0000e+00
1.5020e-05
0.0000e+00
2.1935e-05
2.0981e-05
9.5367e-07
0.0000e+00
5.4121e-05
0.0000e+00
2.1935e-05
1.1921e-06
0.0000e+00
2.0981e-05
2.1458e-06
2.0027e-05
0.0000e+00
2.1935e-05
0.0000e+00
2.3127e-05
2.0981e-05
0.0000e+00
2.1935e-05
2.0981e-05
0.0000e+00
2.2173e-05
2.0027e-05
0.0000e+00
2.0981e-05
2.1935e-05
0.0000e+00
2.1935e-05
3.0994e-05
0.0000e+00
2.0981e-05
2.3127e-05
0.0000e+00
2.1935e-05
2.0027e-05
0.0000e+00
2.9087e-05
1.2875e-05
0.0000e+00
2.1935e-05
2.0027e-05
0.0000e+00
2.1935e-05
1.1921e-06
1.9073e-06
0.0000e+00
3.2902e-05
5.7220e-05
9.5367e-07
9.5367e-07
0.0000e+00
2.1935e-05
1.9789e-05
0.0000e+00
2.2173e-05
2.0981e-05
1.9073e-06
0.0000e+00
4.4823e-05
0.0000e+00
2.2173e-05
9.5367e-07
0.0000e+00
3.1948e-05
2.1458e-06
1.9073e-06
0.0000e+00
7.1526e-06
0.0000e+00
2.2888e-05
2.4080e-05
0.0000e+00
2.1935e-05
1.1921e-06
0.0000e+00
2.1935e-05
4.6968e-05
1.9073e-06
0.0000e+00
6.9141e-06
0.0000e+00
2.1935e-05
3.0994e-05
0.0000e+00
2.2173e-05
2.1935e-05
0.0000e+00
2.1935e-05
1.4067e-05
1.9073e-06
0.0000e+00
4.0054e-05
0.0000e+00
2.3127e-05
2.0981e-05
0.0000e+00
2.0981e-05
2.1935e-05
0.0000e+00
2.2173e-05
9.5367e-07
0.0000e+00
2.1935e-05
1.3113e-05
0.0000e+00
2.1935e-05
9.0122e-05
0.0000e+00
2.1935e-05
3.1948e-05
0.0000e+00
2.1219e-05
2.1935e-05
0.0000e+00
3.0041e-05
1.3113e-05
5.0068e-06
0.0000e+00
3.8862e-05
2.1458e-06
0.0000e+00
4.1008e-05
0.0000e+00
2.3127e-05
9.5367e-07
0.0000e+00
2.2173e-05
5.9605e-06
0.0000e+00
2.0981e-05
2.4080e-05
9.5367e-07
0.0000e+00
5.2214e-05
2.8610e-06
0.0000e+00
9.0599e-06
0.0000e+00
2.1935e-05
2.0981e-05
9.5367e-07
0.0000e+00
4.1008e-05
0.0000e+00
3.2187e-05
1.0014e-05
0.0000e+00
2.1935e-05
9.5367e-07
0.0000e+00
2.1935e-05
9.0599e-06
1.9073e-06
9.5367e-07
4.0054e-05
0.0000e+00
2.1935e-05
1.9789e-05
0.0000e+00
2.1935e-05
3.2902e-05
0.0000e+00
2.2173e-05
9.5367e-07
0.0000e+00
2.0981e-05
1.2159e-05
0.0000e+00
2.6941e-05
1.1921e-06
0.0000e+00
2.2888e-05
2.1458e-06
0.0000e+00
2.1935e-05
2.0027e-05
0.0000e+00
2.1935e-05
2.0981e-05
0.0000e+00
2.0981e-05
9.5367e-07
1.1110e-04
0.0000e+00
0.0000e+00
0.0000e+00
2.1935e-05
2.3127e-05
0.0000e+00
2.1935e-05
2.0981e-05
1.1420e-04
0.0000e+00
0.0000e+00
2.5034e-05
0.0000e+00
9.5367e-07
1.5020e-05
0.0000e+00
0.0000e+00
1.2875e-05
9.5367e-07
3.0994e-06
0.0000e+00
2.3127e-05
2.1935e-05
0.0000e+00
2.1935e-05
2.0981e-05
0.0000e+00
2.0981e-05
3.2902e-05
3.0994e-06
0.0000e+00
9.0599e-06
0.0000e+00
2.2888e-05
1.1921e-06
0.0000e+00
2.1935e-05
1.9073e-05
0.0000e+00
2.0981e-05
1.5020e-05
0.0000e+00
2.3127e-05
1.9073e-05
0.0000e+00
2.1935e-05
2.0027e-05
0.0000e+00
2.2173e-05
1.8835e-05
1.3399e-04
0.0000e+00
9.5367e-07
0.0000e+00
2.2888e-05
9.5367e-07
1.9073e-06
9.5367e-07
9.0599e-06
0.0000e+00
2.1935e-05
1.9789e-05
0.0000e+00
2.1935e-05
2.0981e-05
2.1458e-06
0.0000e+00
6.9141e-06
0.0000e+00
2.9802e-05
1.1921e-05
0.0000e+00
2.1935e-05
2.2888e-05
2.8133e-05
0.0000e+00
1.4067e-05
0.0000e+00
2.1935e-05
1.5402e-04
0.0000e+00
2.0981e-05
3.3855e-05
0.0000e+00
2.2173e-05
2.2888e-05
0.0000e+00
2.1935e-05
1.9789e-05
0.0000e+00
2.1935e-05
9.5367e-07
2.1458e-06
0.0000e+00
2.3127e-05
0.0000e+00
2.3127e-05
1.8835e-05
9.5367e-07
0.0000e+00
4.0054e-05
2.3127e-05
0.0000e+00
1.7881e-05
0.0000e+00
2.1935e-05
3.0994e-05
0.0000e+00
2.1935e-05
1.1921e-06
0.0000e+00
2.0981e-05
1.4067e-05
0.0000e+00
2.1935e-05
2.3127e-05
0.0000e+00
2.1935e-05
2.0981e-05
0.0000e+00
3.0994e-05
1.0967e-05
0.0000e+00
2.1935e-05
2.0027e-05
0.0000e+00
2.0981e-05
9.5367e-07
1.1921e-06
0.0000e+00
3.1948e-05
0.0000e+00
2.1935e-05
9.5367e-07
0.0000e+00
2.0981e-05
2.0981e-05
0.0000e+00
2.1219e-05
2.0981e-05
0.0000e+00
2.1935e-05
2.0981e-05
0.0000e+00
2.9802e-05
1.4067e-05
0.0000e+00
2.1935e-05
2.2173e-05
0.0000e+00
2.1935e-05
9.5367e-07
0.0000e+00
2.2173e-05
9.5367e-07
0.0000e+00
2.0981e-05
1.0967e-05
0.0000e+00
2.1935e-05
9.5367e-07
0.0000e+00
2.1219e-05
2.0981e-05
0.0000e+00
2.0981e-05
1.0014e-05
0.0000e+00
2.3127e-05
9.5367e-07
0.0000e+00
2.2173e-05
5.9605e-06
0.0000e+00
2.1935e-05
2.0981e-05
0.0000e+00
2.1219e-05
2.0981e-05
0.0000e+00
2.0981e-05
2.0981e-05
0.0000e+00
2.1219e-05
2.1935e-05
1.9073e-06
0.0000e+00
4.7922e-05
2.1458e-06
0.0000e+00
4.1008e-05
0.0000e+00
2.1935e-05
1.2875e-05
0.0000e+00
2.3127e-05
9.5367e-07
0.0000e+00
2.0981e-05
1.2875e-05
0.0000e+00
2.0981e-05
2.0981e-05
0.0000e+00
2.1935e-05
2.0027e-05
1.9073e-06
1.1921e-06
3.9816e-05
0.0000e+00
2.2173e-05
3.2902e-05
0.0000e+00
2.2173e-05
9.5367e-07
0.0000e+00
2.1935e-05
9.5367e-07
1.1921e-06
0.0000e+00
2.9087e-05
0.0000e+00
2.2888e-05
1.9073e-05
0.0000e+00
2.1935e-05
2.0981e-05
0.0000e+00
2.0981e-05
9.5367e-07
0.0000e+00
2.1935e-05
1.3113e-05
1.9073e-06
0.0000e+00
4.1008e-05
1.9073e-06
0.0000e+00
5.0068e-05
0.0000e+00
2.0981e-05
9.5367e-07
0.0000e+00
2.0981e-05
1.9073e-06
0.0000e+00
2.2888e-05
2.0027e-05
0.0000e+00
2.1935e-05
1.1921e-06
6.7949e-05
0.0000e+00
9.5367e-07
0.0000e+00
2.1935e-05
9.5367e-07
0.0000e+00
2.1935e-05
4.0531e-06
0.0000e+00
2.5034e-05
2.5988e-05
0.0000e+00
2.2173e-05
2.1935e-05
3.0994e-06
0.0000e+00
1.1921e-05
0.0000e+00
2.9087e-05
1.3113e-05
0.0000e+00
2.1935e-05
1.5974e-05
1.2159e-05
0.0000e+00
3.1948e-05
0.0000e+00
2.2173e-05
2.0981e-05
0.0000e+00
2.0981e-05
2.1935e-05
0.0000e+00
2.0981e-05
2.1935e-05
0.0000e+00
2.0981e-05
2.8849e-05
0.0000e+00
2.2173e-05
9.5367e-07
0.0000e+00
2.1935e-05
5.9605e-06
0.0000e+00
2.1935e-05
2.0027e-05
0.0000e+00
2.1935e-05
2.0981e-05
0.0000e+00
2.0981e-05
2.1935e-05
0.0000e+00
2.1935e-05
1.1921e-06
0.0000e+00
2.0981e-05
1.0967e-05
0.0000e+00
2.0981e-05
9.5367e-07
0.0000e+00
2.1935e-05
2.0027e-05
0.0000e+00
2.9087e-05
1.5974e-05
0.0000e+00
2.1935e-05
9.5367e-07
0.0000e+00
2.0981e-05
9.0599e-06
9.5367e-07
0.0000e+00
4.0054e-05
0.0000e+00
2.5034e-05
1.9073e-05
0.0000e+00
2.1935e-05
2.0981e-05
0.0000e+00
2.1935e-05
2.5988e-05
2.1458e-06
0.0000e+00
6.0081e-05
0.0000e+00
2.0981e-05
2.1458e-06
1.9073e-06
9.5367e-07
2.4080e-05
0.0000e+00
2.2888e-05
2.0027e-05
0.0000e+00
2.1935e-05
9.5367e-07
0.0000e+00
2.0981e-05
9.0599e-06
0.0000e+00
2.0981e-05
2.0981e-05
1.9073e-06
0.0000e+00
4.1008e-05
0.0000e+00
2.2173e-05
2.0981e-05
0.0000e+00
2.0981e-05
9.5367e-07
0.0000e+00
2.7895e-05
1.5020e-05
0.0000e+00
2.1935e-05
9.5367e-07
1.9073e-06
0.0000e+00
3.0994e-05
0.0000e+00
2.2173e-05
2.0981e-05
0.0000e+00
2.1935e-05
2.1935e-05
0.0000e+00
2.3127e-05
2.0981e-05
1.4400e-04
1.1921e-06
9.5367e-07
0.0000e+00
2.3842e-05
9.5367e-07
0.0000e+00
2.1935e-05
9.5367e-07
0.0000e+00
3.0041e-05
4.0531e-06
0.0000e+00
2.1935e-05
9.5367e-07
0.0000e+00
2.1935e-05
9.5367e-07
0.0000e+00
2.0981e-05
1.9073e-05
4.9829e-05
1.1921e-06
9.5367e-07
0.0000e+00
2.1935e-05
1.2159e-05
0.0000e+00
2.1935e-05
8.7023e-05
0.0000e+00
2.1935e-05
9.5367e-07
0.0000e+00
2.8849e-05
1.0967e-05
0.0000e+00
2.1935e-05
2.0027e-05
0.0000e+00
2.1935e-05
2.1219e-05
0.0000e+00
2.0981e-05
2.1935e-05
0.0000e+00
2.1219e-05
2.1935e-05
1.9073e-06
1.1921e-06
4.0770e-05
0.0000e+00
2.1935e-05
9.5367e-07
0.0000e+00
2.2173e-05
9.5367e-07
0.0000e+00
2.7895e-05
1.1921e-05
0.0000e+00
2.0981e-05
2.0027e-05
0.0000e+00
2.2173e-05
2.0981e-05
0.0000e+00
2.1935e-05
9.5367e-07
0.0000e+00
2.2173e-05
1.0014e-05
1.9073e-06
0.0000e+00
3.9101e-05
0.0000e+00
2.1935e-05
1.1921e-06
0.0000e+00
2.0981e-05
1.1921e-05
0.0000e+00
3.0994e-05
1.1921e-05
0.0000e+00
2.1935e-05
3.3140e-05
0.0000e+00
2.0981e-05
2.2173e-05
0.0000e+00
2.1935e-05
2.0027e-05
0.0000e+00
2.0981e-05
2.0981e-05
0.0000e+00
2.0981e-05
2.1935e-05
0.0000e+00
2.2173e-05
9.5367e-07
0.0000e+00
2.0981e-05
7.1526e-06
0.0000e+00
2.1935e-05
1.9073e-05
9.5367e-07
0.0000e+00
4.8876e-05
0.0000e+00
2.1935e-05
2.0981e-05
9.5367e-07
0.0000e+00
3.9816e-05
0.0000e+00
2.1935e-05
2.0981e-05
2.8610e-06
1.1921e-06
6.9141e-06
0.0000e+00
2.1935e-05
2.2173e-05
0.0000e+00
2.1935e-05
2.1935e-05
0.0000e+00
2.2173e-05
1.5020e-05
0.0000e+00
2.3127e-05
3.0994e-05
0.0000e+00
2.3842e-05
1.8835e-05
0.0000e+00
2.0981e-05
9.5367e-07
4.0531e-06
0.0000e+00
6.9141e-06
0.0000e+00
2.2173e-05
2.5034e-05
1.9073e-06
0.0000e+00
4.0054e-05
1.9073e-06
0.0000e+00
3.9816e-05
0.0000e+00
2.0981e-05
9.5367e-07
0.0000e+00
2.0981e-05
9.5367e-07
0.0000e+00
3.1948e-05
1.0967e-05
0.0000e+00
2.1935e-05
1.1921e-06
0.0000e+00
2.1935e-05
1.0967e-05
0.0000e+00
2.0981e-05
2.0981e-05
0.0000e+00
2.1935e-05
9.5367e-07
0.0000e+00
2.0981e-05
1.4067e-05
0.0000e+00
2.0981e-05
2.1935e-05
0.0000e+00
2.2173e-05
1.5974e-05
0.0000e+00
2.2888e-05
1.1921e-06
2.4295e-04
0.0000e+00
0.0000e+00
0.0000e+00
2.1935e-05
0.0000e+00
0.0000e+00
2.1935e-05
1.1921e-06
5.6028e-05
0.0000e+00
9.5367e-07
0.0000e+00
2.3127e-05
1.9073e-06
5.0068e-06
0.0000e+00
3.8147e-05
0.0000e+00
2.1935e-05
2.0027e-05
2.1458e-06
9.5367e-07
3.9816e-05
2.8610e-06
9.5367e-07
1.9073e-06
8.1062e-05
0.0000e+00
1.1921e-06
0.0000e+00
2.2888e-05
2.1458e-06
0.0000e+00
2.1935e-05
2.3127e-05
0.0000e+00
2.1935e-05
2.0027e-05
0.0000e+00
2.2173e-05
9.5367e-07
2.5105e-04
0.0000e+00
9.5367e-07
0.0000e+00
2.0981e-05
1.1921e-06
0.0000e+00
2.1935e-05
9.5367e-07
0.0000e+00
2.9087e-05
2.6798e-04
0.0000e+00
2.3127e-05
2.2888e-05
2.1458e-06
9.5367e-07
5.1975e-05
2.1458e-06
0.0000e+00
4.1962e-05
2.1458e-06
0.0000e+00
4.0054e-05
0.0000e+00
2.1935e-05
9.5367e-07
0.0000e+00
2.3127e-05
1.5020e-05
1.9073e-06
0.0000e+00
4.0770e-05
0.0000e+00
2.1935e-05
9.5367e-07
2.1458e-06
0.0000e+00
3.0041e-05
0.0000e+00
2.1935e-05
9.5367e-07
0.0000e+00
2.3127e-05
8.8215e-06
0.0000e+00
2.1935e-05
2.9206e-04
0.0000e+00
2.1935e-05
2.4080e-05
0.0000e+00
2.1935e-05
2.5988e-05
2.1458e-06
0.0000e+00
3.7909e-05
4.0531e-06
9.5367e-07
1.0014e-05
0.0000e+00
2.3127e-05
3.6955e-05
0.0000e+00
2.1935e-05
2.3127e-05
0.0000e+00
3.0994e-05
1.1921e-05
2.8205e-04
0.0000e+00
0.0000e+00
0.0000e+00
2.2888e-05
1.9073e-06
0.0000e+00
2.2173e-05
9.5367e-07
0.0000e+00
2.0981e-05
1.1921e-06
0.0000e+00
2.1935e-05
2.0027e-05
1.3185e-04
0.0000e+00
9.5367e-07
1.9073e-06
9.5367e-07
1.1206e-05
0.0000e+00
2.1935e-05
9.5367e-07
0.0000e+00
2.9087e-05
9.5367e-07
0.0000e+00
2.1935e-05
9.5367e-07
4.0531e-06
9.5367e-07
7.1526e-06
0.0000e+00
2.1935e-05
2.2888e-05
0.0000e+00
2.5034e-05
2.6226e-05
0.0000e+00
2.1935e-05
7.7963e-05
0.0000e+00
2.0981e-05
2.2888e-05
0.0000e+00
2.1935e-05
2.2173e-05
0.0000e+00
2.9087e-05
1.4782e-05
0.0000e+00
2.2888e-05
2.0981e-05
0.0000e+00
2.2173e-05
2.1935e-05
0.0000e+00
2.2173e-05
2.0981e-05
3.3593e-04
0.0000e+00
9.5367e-07
0.0000e+00
2.3127e-05
9.5367e-07
0.0000e+00
2.2173e-05
1.6928e-05
0.0000e+00
2.0981e-05
2.2173e-05
0.0000e+00
2.9802e-05
5.8889e-05
0.0000e+00
2.2888e-05
3.9101e-05
0.0000e+00
2.0981e-05
2.9087e-05
0.0000e+00
2.0981e-05
1.1921e-06
0.0000e+00
2.1935e-05
1.1921e-05
1.9073e-06
0.0000e+00
6.1989e-06
0.0000e+00
2.1935e-05
3.1948e-05
0.0000e+00
2.0981e-05
2.0981e-05
0.0000e+00
2.1935e-05
1.4782e-05
0.0000e+00
2.2888e-05
2.0027e-05
0.0000e+00
2.1935e-05
1.6713e-04
0.0000e+00
2.0981e-05
2.4080e-05
2.8610e-06
0.0000e+00
6.9141e-06
0.0000e+00
2.2888e-05
2.0981e-05
0.0000e+00
2.2173e-05
9.5367e-07
0.0000e+00
2.1935e-05
2.2173e-05
0.0000e+00
2.1935e-05
1.5020e-05
0.0000e+00
2.2173e-05
1.9073e-06
0.0000e+00
2.1219e-05
2.1935e-05
0.0000e+00
2.1935e-05
2.2173e-05
0.0000e+00
2.2888e-05
5.9128e-05
0.0000e+00
2.1935e-05
2.5034e-05
0.0000e+00
2.0981e-05
2.1935e-05
0.0000e+00
2.0981e-05
2.2173e-05
0.0000e+00
3.0994e-05
2.2888e-05
0.0000e+00
2.1935e-05
2.0981e-05
1.8501e-04
0.0000e+00
0.0000e+00
0.0000e+00
2.1935e-05
0.0000e+00
1.8001e-04
9.5367e-07
1.1921e-06
0.0000e+00
2.1935e-05
9.5367e-07
0.0000e+00
2.2173e-05
9.5367e-07
0.0000e+00
2.1935e-05
1.0014e-05
0.0000e+00
2.1935e-05
2.6417e-04
9.5367e-07
0.0000e+00
4.1962e-05
1.9073e-06
0.0000e+00
4.1008e-05
0.0000e+00
2.3127e-05
2.0027e-05
9.3937e-05
0.0000e+00
1.1921e-06
0.0000e+00
2.1935e-05
9.5367e-07
0.0000e+00
2.0981e-05
9.5367e-07
0.0000e+00
2.1935e-05
3.4094e-05
0.0000e+00
2.0981e-05
9.5367e-07
3.0994e-06
0.0000e+00
2.9087e-05
0.0000e+00
2.9087e-05
2.1935e-05
0.0000e+00
2.3127e-05
1.8835e-05
0.0000e+00
2.2173e-05
2.0027e-05
0.0000e+00
2.0981e-05
2.0981e-05
1.5306e-04
0.0000e+00
0.0000e+00
1.9073e-06
0.0000e+00
0.0000e+00
2.0027e-05
0.0000e+00
0.0000e+00
2.0981e-05
0.0000e+00
9.5367e-07
0.0000e+00
2.2888e-05
1.5116e-04
0.0000e+00
2.1935e-05
2.3127e-05
0.0000e+00
3.5048e-05
1.0014e-05
1.9073e-06
9.5367e-07
4.1962e-05
0.0000e+00
2.3127e-05
2.0981e-05
0.0000e+00
2.1935e-05
1.1921e-06
0.0000e+00
2.1935e-05
1.4806e-04
6.9141e-06
0.0000e+00
3.6955e-05
0.0000e+00
2.1935e-05
1.1921e-06
0.0000e+00
2.0981e-05
2.4080e-05
0.0000e+00
2.1935e-05
1.4067e-05
0.0000e+00
2.2173e-05
9.5367e-07
0.0000e+00
2.1935e-05
1.2159e-05
9.5367e-07
0.0000e+00
4.2200e-05
0.0000e+00
2.1935e-05
9.5367e-07
0.0000e+00
2.0981e-05
1.0967e-05
0.0000e+00
2.4080e-05
8.8215e-06
0.0000e+00
2.1935e-05
1.0014e-05
0.0000e+00
2.0981e-05
1.1301e-04
9.5367e-07
0.0000e+00
9.5367e-07
0.0000e+00
2.2888e-05
9.5367e-07
0.0000e+00
2.1935e-05
1.1921e-06
0.0000e+00
2.1935e-05
9.5367e-07
0.0000e+00
2.0981e-05
1.1921e-06
0.0000e+00
2.1935e-05
9.5367e-07
1.1921e-06
0.0000e+00
2.0027e-05
0.0000e+00
2.1935e-05
2.6202e-04
1.2875e-05
1.1921e-06
1.0967e-05
9.5367e-07
0.0000e+00
1.5020e-05
0.0000e+00
2.2888e-05
9.5367e-07
0.0000e+00
2.2173e-05
9.5367e-07
0.0000e+00
2.1935e-05
9.5367e-07
0.0000e+00
2.0981e-05
9.5367e-07
5.0068e-06
0.0000e+00
9.5367e-07
0.0000e+00
2.1935e-05
9.5367e-07
0.0000e+00
2.2173e-05
7.8678e-06
4.2105e-04
0.0000e+00
9.5367e-07
0.0000e+00
3.0994e-05
9.5367e-07
0.0000e+00
2.1935e-05
0.0000e+00
2.1458e-06
0.0000e+00
0.0000e+00
1.0014e-05
0.0000e+00
9.5367e-07
0.0000e+00
2.1935e-05
3.1495e-04
0.0000e+00
2.0981e-05
1.9073e-06
0.0000e+00
2.1935e-05
7.8678e-06
0.0000e+00
2.2173e-05
1.9073e-06
0.0000e+00
2.0981e-05
1.9073e-06
0.0000e+00
2.2888e-05
1.1921e-06
2.2888e-05
0.0000e+00
9.5367e-07
0.0000e+00
2.3127e-05
1.9073e-06
3.0994e-06
9.5367e-07
4.0531e-06
0.0000e+00
2.1935e-05
1.1921e-06
3.4809e-05
0.0000e+00
0.0000e+00
0.0000e+00
2.1935e-05
9.5367e-07
0.0000e+00
2.0981e-05
9.5367e-07
9.5367e-07
0.0000e+00
1.8835e-05
8.1062e-06
9.5367e-07
1.5020e-05
0.0000e+00
3.0994e-05
1.9073e-06
0.0000e+00
2.2173e-05
9.5367e-07
0.0000e+00
2.1935e-05
0.0000e+00
9.5367e-07
0.0000e+00
2.0981e-05
0.0000e+00
2.1935e-05
9.5367e-07
0.0000e+00
2.0981e-05
9.5367e-07
0.0000e+00
2.0981e-05
9.5367e-07
0.0000e+00
2.1935e-05
1.1921e-06
4.5586e-04
0.0000e+00
9.5367e-07
0.0000e+00
2.3127e-05
4.6015e-05
0.0000e+00
2.1935e-05
1.1921e-06
1.9073e-06
0.0000e+00
3.1948e-05
0.0000e+00
2.0981e-05
5.0068e-06
0.0000e+00
2.1935e-05
1.9073e-06
0.0000e+00
2.2173e-05
9.5367e-07
0.0000e+00
2.3127e-05
9.5367e-07
0.0000e+00
2.1935e-05
5.3883e-05
0.0000e+00
2.3127e-05
9.5367e-07
0.0000e+00
2.2173e-05
1.6928e-05
0.0000e+00
2.2888e-05
2.1458e-06
0.0000e+00
2.2888e-05
6.1989e-06
0.0000e+00
2.1935e-05
9.5367e-07
3.6716e-04
9.5367e-07
0.0000e+00
0.0000e+00
2.3127e-05
9.5367e-07
0.0000e+00
2.1935e-05
9.5367e-07
0.0000e+00
2.1935e-05
9.5367e-07
0.0000e+00
2.1935e-05
9.5367e-07
1.2875e-05
0.0000e+00
9.5367e-07
1.3900e-04
0.0000e+00
0.0000e+00
0.0000e+00
2.1935e-05
9.5367e-07
0.0000e+00
2.2173e-05
9.5367e-07
0.0000e+00
2.1935e-05
1.1921e-06
0.0000e+00
2.1935e-05
9.5367e-07
0.0000e+00
2.8133e-05
9.5367e-07
0.0000e+00
2.2173e-05
9.5367e-07
0.0000e+00
2.0981e-05
9.5367e-07
1.1921e-04
9.5367e-07
9.5367e-07
0.0000e+00
2.1935e-05
9.5367e-07
0.0000e+00
2.1935e-05
9.5367e-07
0.0000e+00
2.0981e-05
7.1096e-04
1.9073e-06
0.0000e+00
2.0027e-05
0.0000e+00
2.2888e-05
9.5367e-07
0.0000e+00
3.0994e-05
2.1458e-06
0.0000e+00
2.1935e-05
5.0068e-05
0.0000e+00
2.1935e-05
2.1458e-06
1.9073e-06
9.5367e-07
2.0027e-05
0.0000e+00
2.1935e-05
9.0599e-06
0.0000e+00
2.0981e-05
1.9073e-06
0.0000e+00
2.0981e-05
9.5367e-07
0.0000e+00
2.0981e-05
9.5367e-07
0.0000e+00
3.0041e-05
1.9073e-06
0.0000e+00
2.1935e-05
1.1206e-04
0.0000e+00
2.1935e-05
2.8014e-04
0.0000e+00
2.1935e-05
1.1921e-06
1.9073e-06
0.0000e+00
9.5367e-07
0.0000e+00
2.0981e-05
1.0014e-05
1.6928e-05
0.0000e+00
5.0068e-06
0.0000e+00
2.2888e-05
2.1458e-06
0.0000e+00
2.0981e-05
1.9073e-06
0.0000e+00
2.1935e-05
9.5367e-07
0.0000e+00
2.1935e-05
9.5367e-07
0.0000e+00
2.0981e-05
9.5367e-07
1.9073e-06
0.0000e+00
3.8147e-06
0.0000e+00
2.0981e-05
9.5367e-07
1.9073e-06
1.1921e-06
9.5367e-07
0.0000e+00
2.1935e-05
7.1526e-06
1.9073e-06
0.0000e+00
9.5367e-07
0.0000e+00
2.0981e-05
1.9073e-06
0.0000e+00
2.9087e-05
6.9141e-06
0.0000e+00
2.2173e-05
9.5367e-07
0.0000e+00
2.1935e-05
1.1921e-06
0.0000e+00
2.0981e-05
9.5367e-07
0.0000e+00
2.1935e-05
9.5367e-07
0.0000e+00
2.1935e-05
9.5367e-07
0.0000e+00
2.2173e-05
5.5695e-04
0.0000e+00
2.1935e-05
9.5367e-07
0.0000e+00
2.2888e-05
9.5367e-07
0.0000e+00
2.2173e-05
9.5367e-07
1.0014e-05
9.5367e-07
9.5367e-07
0.0000e+00
2.2173e-05
9.5367e-07
6.2108e-04
0.0000e+00
9.5367e-07
2.1458e-06
0.0000e+00
0.0000e+00
0.0000e+00
2.3127e-05
9.5367e-07
0.0000e+00
2.1935e-05
1.1802e-04
0.0000e+00
2.2173e-05
1.1921e-06
5.9843e-05
0.0000e+00
1.1921e-06
0.0000e+00
2.3842e-05
1.1921e-06
0.0000e+00
2.0981e-05
9.5367e-07
2.1458e-06
9.5367e-07
9.5367e-07
0.0000e+00
2.1935e-05
9.5367e-07
0.0000e+00
2.1935e-05
9.5367e-07
1.7166e-05
0.0000e+00
9.5367e-07
1.9073e-06
1.1921e-06
8.8215e-06
2.3842e-05
9.5367e-07
1.1921e-06
4.1962e-05
0.0000e+00
9.5367e-07
0.0000e+00
2.9087e-05
1.9073e-06
0.0000e+00
2.3127e-05
3.8147e-06
0.0000e+00
2.0981e-05
9.5367e-07
0.0000e+00
2.0981e-05
9.5367e-07
0.0000e+00
2.0981e-05
9.5367e-07
0.0000e+00
2.0981e-05
1.9073e-06
0.0000e+00
2.1935e-05
9.5367e-07
0.0000e+00
2.1935e-05
2.8610e-06
0.0000e+00
2.7895e-05
9.5367e-07
0.0000e+00
2.2173e-05
5.3382e-04
0.0000e+00
2.2888e-05
9.5367e-07
0.0000e+00
2.2173e-05
2.1696e-04
0.0000e+00
2.0981e-05
9.5367e-07
0.0000e+00
2.0981e-05
9.5367e-07
0.0000e+00
2.0981e-05
9.5367e-07
0.0000e+00
2.0981e-05
1.9073e-06
0.0000e+00
2.3127e-05
9.5367e-07
1.9073e-06
0.0000e+00
1.0967e-05
0.0000e+00
2.2888e-05
1.1921e-06
0.0000e+00
2.1935e-05
9.5367e-07
0.0000e+00
2.2173e-05
9.5367e-07
0.0000e+00
2.4080e-05
1.9073e-06
0.0000e+00
2.1935e-05
1.1921e-06
0.0000e+00
2.1935e-05
2.3508e-04
1.9073e-06
0.0000e+00
2.2173e-05
0.0000e+00
2.3842e-05
1.1921e-06
9.5367e-07
9.5367e-07
9.5367e-07
1.8001e-04
0.0000e+00
9.5367e-07
0.0000e+00
2.2888e-05
1.1921e-06
0.0000e+00
2.1935e-05
0.0000e+00
0.0000e+00
2.0981e-05
2.0981e-05
0.0000e+00
2.2173e-05
1.0014e-05
1.9073e-06
9.5367e-07
2.0981e-05
2.1458e-06
0.0000e+00
9.5367e-07
0.0000e+00
2.2888e-05
9.5367e-07
1.2159e-05
0.0000e+00
5.0068e-06
2.6941e-05
0.0000e+00
0.0000e+00
0.0000e+00
2.1935e-05
9.5367e-07
0.0000e+00
2.1935e-05
9.5367e-07
0.0000e+00
2.0981e-05
1.1921e-06
0.0000e+00
2.1935e-05
3.1304e-04
0.0000e+00
2.1935e-05
1.1921e-06
0.0000e+00
2.9087e-05
9.5367e-07
0.0000e+00
2.3127e-05
9.5367e-07
0.0000e+00
2.1935e-05
9.5367e-07
0.0000e+00
2.0981e-05
9.5367e-07
0.0000e+00
2.0981e-05
1.1921e-06
0.0000e+00
2.1935e-05
0.0000e+00
3.4308e-04
9.5367e-07
9.5367e-07
0.0000e+00
2.2888e-05
9.5367e-07
1.9073e-06
0.0000e+00
0.0000e+00
0.0000e+00
2.8849e-05
9.5367e-07
0.0000e+00
2.2888e-05
9.5367e-07
0.0000e+00
2.1935e-05
9.5367e-07
0.0000e+00
2.5034e-05
9.5367e-07
1.1921e-06
0.0000e+00
0.0000e+00
9.5367e-07
0.0000e+00
9.5367e-07
0.0000e+00
2.2888e-05
1.1921e-06
0.0000e+00
2.0981e-05
9.0599e-06
0.0000e+00
2.0981e-05
9.5367e-07
0.0000e+00
2.1935e-05
9.5367e-07
0.0000e+00
2.1935e-05
0.0000e+00
0.0000e+00
2.1935e-05
9.5367e-07
0.0000e+00
2.2173e-05
1.1921e-06
1.0014e-05
0.0000e+00
0.0000e+00
1.1921e-06
0.0000e+00
3.0994e-06
0.0000e+00
2.2888e-05
9.5367e-07
0.0000e+00
2.1935e-05
7.8678e-06
0.0000e+00
2.9802e-05
1.1921e-06
9.8896e-04
9.5367e-07
9.5367e-07
1.1921e-05
9.5367e-07
0.0000e+00
0.0000e+00
2.2888e-05
1.0204e-04
0.0000e+00
2.1935e-05
1.1921e-06
0.0000e+00
2.0981e-05
9.5367e-07
0.0000e+00
2.2173e-05
9.5367e-07
0.0000e+00
2.1935e-05
9.5367e-07
1.0967e-05
0.0000e+00
9.5367e-07
0.0000e+00
2.9087e-05
9.5367e-07
0.0000e+00
2.2888e-05
9.5367e-07
2.4104e-04
0.0000e+00
0.0000e+00
0.0000e+00
2.5988e-05
9.5367e-07
2.1458e-06
9.5367e-07
9.5367e-07
2.0981e-05
0.0000e+00
0.0000e+00
0.0000e+00
2.1935e-05
0.0000e+00
0.0000e+00
2.2173e-05
1.1921e-06
0.0000e+00
2.1935e-05
9.5367e-07
0.0000e+00
2.0981e-05
1.1921e-06
0.0000e+00
2.1935e-05
9.5367e-07
0.0000e+00
2.2173e-05
9.5367e-07
0.0000e+00
2.1935e-05
9.5367e-07
2.5892e-04
0.0000e+00
0.0000e+00
0.0000e+00
2.2173e-05
9.5367e-07
0.0000e+00
2.0981e-05
9.5367e-07
0.0000e+00
2.1935e-05
9.5367e-07
0.0000e+00
2.1935e-05
9.5367e-07
1.9073e-06
1.1921e-06
9.5367e-07
2.8849e-05
0.0000e+00
9.5367e-07
0.0000e+00
2.2888e-05
1.1921e-06
0.0000e+00
2.1935e-05
9.5367e-07
1.1921e-06
0.0000e+00
6.9141e-06
4.6110e-04
9.5367e-07
9.5367e-07
0.0000e+00
2.2173e-05
9.5367e-07
0.0000e+00
2.0981e-05
0.0000e+00
0.0000e+00
2.0981e-05
9.5367e-07
0.0000e+00
2.0981e-05
7.3910e-05
0.0000e+00
2.4080e-05
9.5367e-07
0.0000e+00
2.0981e-05
0.0000e+00
0.0000e+00
2.1935e-05
9.5367e-07
5.0068e-06
0.0000e+00
2.1935e-05
0.0000e+00
2.1935e-05
1.1921e-06
0.0000e+00
2.1935e-05
9.5367e-07
0.0000e+00
2.2173e-05
9.5367e-07
1.9073e-06
0.0000e+00
1.2159e-05
9.5367e-07
0.0000e+00
9.5367e-07
0.0000e+00
2.3127e-05
9.5367e-07
0.0000e+00
2.1935e-05
1.1921e-06
0.0000e+00
2.0981e-05
9.5367e-07
0.0000e+00
2.0981e-05
1.1921e-06
2.1935e-05
0.0000e+00
9.5367e-07
0.0000e+00
2.2173e-05
9.5367e-07
0.0000e+00
2.0981e-05
1.1921e-06
8.1491e-04
0.0000e+00
9.5367e-07
0.0000e+00
3.0994e-05
9.5367e-07
0.0000e+00
2.1935e-05
9.5367e-07
0.0000e+00
2.2173e-05
9.5367e-07
0.0000e+00
2.1935e-05
1.1921e-06
0.0000e+00
2.1935e-05
1.6499e-04
1.5020e-05
0.0000e+00
1.5974e-05
0.0000e+00
2.1935e-05
9.5367e-07
0.0000e+00
2.2173e-05
2.8610e-06
0.0000e+00
2.9087e-05
9.5367e-07
0.0000e+00
2.2888e-05
9.5367e-07
0.0000e+00
2.1219e-05
9.5367e-07
7.0095e-05
0.0000e+00
9.5367e-07
0.0000e+00
2.1935e-05
1.1921e-06
0.0000e+00
2.1935e-05
9.5367e-07
0.0000e+00
2.0981e-05
1.1921e-06
0.0000e+00
2.0981e-05
9.5367e-07
1.0014e-05
0.0000e+00
0.0000e+00
2.6941e-05
5.9605e-06
9.5367e-07
0.0000e+00
2.2888e-05
9.5367e-07
0.0000e+00
2.1935e-05
9.5367e-07
0.0000e+00
2.2173e-05
1.9073e-06
0.0000e+00
2.0981e-05
1.1921e-06
0.0000e+00
2.1935e-05
9.5367e-07
0.0000e+00
2.0981e-05
9.5367e-07
0.0000e+00
2.0981e-05
9.5367e-07
0.0000e+00
2.9087e-05
9.5367e-07
0.0000e+00
2.1935e-05
9.5367e-07
0.0000e+00
2.0981e-05
1.1921e-06
6.1393e-04
0.0000e+00
9.5367e-07
0.0000e+00
2.2888e-05
9.5367e-07
0.0000e+00
2.1219e-05
9.5367e-07
1.5974e-05
0.0000e+00
0.0000e+00
0.0000e+00
2.1935e-05
9.5367e-07
0.0000e+00
2.0981e-05
9.5367e-07
0.0000e+00
2.3127e-05
0.0000e+00
0.0000e+00
2.0981e-05
0.0000e+00
5.2619e-04
0.0000e+00
9.5367e-07
2.1458e-06
9.5367e-07
9.5367e-07
0.0000e+00
2.2888e-05
9.5367e-07
3.0041e-05
9.5367e-07
9.5367e-07
0.0000e+00
2.0981e-05
1.1921e-06
3.0994e-05
0.0000e+00
9.5367e-07
0.0000e+00
2.2173e-05
1.1921e-06
0.0000e+00
3.0041e-05
9.5367e-07
1.0014e-05
0.0000e+00
0.0000e+00
0.0000e+00
2.1935e-05
1.5020e-05
1.9073e-05
0.0000e+00
1.5020e-05
0.0000e+00
2.1935e-05
9.5367e-07
1.3828e-05
1.1921e-06
9.5367e-07
9.0599e-06
9.5367e-07
6.9141e-06
1.9073e-06
1.1921e-06
1.1921e-06
0.0000e+00
2.1935e-05
2.0027e-05
0.0000e+00
2.2173e-05
1.9073e-06
7.8678e-06
0.0000e+00
7.8678e-06
0.0000e+00
2.1935e-05
9.5367e-07
1.9073e-05
0.0000e+00
0.0000e+00
0.0000e+00
2.2173e-05
9.5367e-07
0.0000e+00
2.0981e-05
9.5367e-07
3.0994e-06
0.0000e+00
0.0000e+00
0.0000e+00
2.1935e-05
7.2523e-02
