2.5830e-03
2.3749e-03
0.0000e+00
4.1008e-05
3.3140e-05
0.0000e+00
2.5988e-05
2.5034e-05
0.0000e+00
2.3842e-05
2.7180e-05
0.0000e+00
2.1935e-05
2.4080e-05
0.0000e+00
2.3842e-05
2.5988e-05
0.0000e+00
2.2888e-05
2.1935e-05
1.1921e-05
1.1921e-06
3.2902e-05
3.0994e-06
0.0000e+00
6.3896e-05
0.0000e+00
3.6955e-05
1.0967e-05
0.0000e+00
2.2173e-05
9.5367e-07
0.0000e+00
2.3127e-05
0.0000e+00
0.0000e+00
2.1935e-05
1.3113e-05
1.9073e-06
0.0000e+00
4.1962e-05
0.0000e+00
2.1935e-05
9.5367e-07
0.0000e+00
2.1935e-05
2.2173e-05
0.0000e+00
2.1935e-05
2.7180e-05
9.5367e-07
0.0000e+00
4.5061e-05
0.0000e+00
2.1935e-05
2.0981e-05
0.0000e+00
2.2173e-05
2.5034e-05
1.9073e-06
0.0000e+00
4.3869e-05
0.0000e+00
2.2173e-05
2.5034e-05
1.9073e-06
0.0000e+00
4.1008e-05
6.1989e-06
0.0000e+00
1.1921e-05
0.0000e+00
2.3127e-05
5.0068e-05
0.0000e+00
2.1935e-05
0.0000e+00
0.0000e+00
2.4796e-05
9.5367e-07
0.0000e+00
3.0994e-05
3.2902e-05
0.0000e+00
2.3127e-05
9.5367e-07
0.0000e+00
2.2173e-05
2.8849e-05
0.0000e+00
2.3127e-05
2.1935e-05
0.0000e+00
2.3127e-05
2.3842e-05
0.0000e+00
2.1935e-05
2.3127e-05
0.0000e+00
2.2888e-05
2.5034e-05
0.0000e+00
2.1935e-05
1.6212e-05
0.0000e+00
2.2888e-05
3.6955e-05
0.0000e+00
2.1935e-05
0.0000e+00
5.9605e-06
0.0000e+00
5.9605e-06
1.9073e-06
1.1921e-06
4.1962e-05
0.0000e+00
2.2888e-05
2.4080e-05
0.0000e+00
2.2173e-05
2.2888e-05
1.9073e-06
0.0000e+00
4.2915e-05
1.1921e-06
0.0000e+00
4.4823e-05
0.0000e+00
2.1935e-05
3.4094e-05
0.0000e+00
3.0041e-05
1.6928e-05
0.0000e+00
2.3127e-05
2.7895e-05
7.1406e-04
0.0000e+00
3.0994e-06
0.0000e+00
2.3127e-05
9.5367e-07
9.5367e-07
0.0000e+00
3.5048e-05
2.1458e-06
9.5367e-07
4.4107e-05
0.0000e+00
2.1935e-05
2.1935e-05
0.0000e+00
2.1935e-05
2.5988e-05
2.1458e-06
0.0000e+00
6.0081e-05
0.0000e+00
2.2888e-05
0.0000e+00
0.0000e+00
3.0994e-05
2.8610e-06
0.0000e+00
2.3127e-05
9.5367e-07
0.0000e+00
2.1935e-05
1.1921e-06
0.0000e+00
2.1935e-05
9.0599e-06
9.5367e-07
0.0000e+00
4.1008e-05
0.0000e+00
2.3842e-05
6.3896e-05
0.0000e+00
2.1935e-05
2.2888e-05
0.0000e+00
2.2173e-05
3.4809e-05
0.0000e+00
2.8849e-05
2.1458e-06
0.0000e+00
2.1935e-05
0.0000e+00
0.0000e+00
2.1935e-05
8.1062e-06
0.0000e+00
2.1935e-05
1.1921e-06
0.0000e+00
2.1935e-05
8.1062e-06
0.0000e+00
2.0981e-05
4.4107e-05
0.0000e+00
2.1935e-05
9.5367e-07
0.0000e+00
2.3127e-05
1.5020e-05
0.0000e+00
2.3127e-05
3.0041e-05
2.8610e-06
0.0000e+00
6.9141e-06
0.0000e+00
2.1935e-05
2.2888e-05
0.0000e+00
2.1935e-05
2.4080e-05
3.6001e-05
0.0000e+00
7.1526e-06
0.0000e+00
2.5034e-05
9.5367e-07
1.9073e-06
0.0000e+00
2.5988e-05
0.0000e+00
2.2888e-05
9.5367e-07
0.0000e+00
2.1219e-05
1.9073e-06
0.0000e+00
2.3127e-05
1.6093e-04
0.0000e+00
2.2173e-05
3.2902e-05
0.0000e+00
2.2173e-05
2.0027e-05
0.0000e+00
2.0981e-05
0.0000e+00
0.0000e+00
2.2173e-05
1.0014e-05
2.8610e-06
1.1921e-06
3.9816e-05
0.0000e+00
2.2173e-05
2.0027e-05
0.0000e+00
2.1935e-05
2.2173e-05
0.0000e+00
2.8849e-05
1.8120e-05
0.0000e+00
2.2888e-05
2.1219e-05
0.0000e+00
2.1935e-05
3.0994e-05
0.0000e+00
2.3127e-05
2.0981e-05
0.0000e+00
2.1935e-05
2.0981e-05
3.0994e-06
9.5367e-07
7.1526e-06
0.0000e+00
2.1935e-05
4.3201e-04
2.1458e-06
9.5367e-07
4.3869e-05
0.0000e+00
2.2888e-05
1.2875e-05
2.1458e-06
0.0000e+00
4.0054e-05
0.0000e+00
2.3127e-05
3.0994e-05
0.0000e+00
2.1935e-05
2.3127e-05
0.0000e+00
2.1935e-05
2.4080e-05
0.0000e+00
2.2888e-05
2.4080e-05
3.0994e-06
0.0000e+00
4.2915e-05
0.0000e+00
2.1935e-05
9.5367e-07
5.0068e-06
0.0000e+00
6.9141e-06
3.0041e-05
9.5367e-07
1.4067e-05
0.0000e+00
3.0041e-05
1.4067e-05
0.0000e+00
2.2888e-05
3.2187e-05
1.9073e-06
0.0000e+00
4.1008e-05
0.0000e+00
2.1935e-05
2.2173e-05
9.5367e-07
0.0000e+00
4.4107e-05
5.0068e-06
0.0000e+00
1.0967e-05
9.5367e-07
0.0000e+00
4.1008e-05
2.1458e-06
9.5367e-07
4.1962e-05
0.0000e+00
2.4080e-05
2.0981e-05
0.0000e+00
2.1935e-05
3.0994e-05
0.0000e+00
2.2173e-05
1.3113e-05
0.0000e+00
2.2888e-05
2.1219e-05
0.0000e+00
2.2888e-05
2.4080e-05
0.0000e+00
2.1935e-05
2.3127e-05
0.0000e+00
2.1935e-05
2.2888e-05
4.7994e-04
9.5367e-07
9.5367e-07
0.0000e+00
2.2173e-05
0.0000e+00
0.0000e+00
2.0981e-05
1.1921e-06
0.0000e+00
2.1935e-05
1.9073e-06
0.0000e+00
2.3127e-05
2.1458e-06
0.0000e+00
2.2888e-05
9.5367e-07
0.0000e+00
3.0994e-05
6.9141e-06
1.0204e-04
0.0000e+00
0.0000e+00
9.5367e-07
0.0000e+00
0.0000e+00
0.0000e+00
2.3842e-05
3.6001e-05
0.0000e+00
2.2173e-05
3.2902e-05
0.0000e+00
2.2173e-05
9.5367e-07
1.9073e-06
9.5367e-07
2.0027e-05
0.0000e+00
2.4080e-05
9.5367e-07
2.1458e-06
0.0000e+00
2.6941e-05
0.0000e+00
2.2888e-05
9.5367e-07
0.0000e+00
2.1935e-05
5.9605e-06
9.5367e-07
0.0000e+00
4.1962e-05
3.0994e-06
9.5367e-07
6.9141e-06
0.0000e+00
2.2888e-05
2.1935e-05
2.0027e-05
0.0000e+00
3.5048e-05
0.0000e+00
2.2173e-05
2.1935e-05
0.0000e+00
2.9087e-05
1.5020e-05
0.0000e+00
2.3127e-05
2.0027e-05
0.0000e+00
2.1935e-05
2.8133e-05
0.0000e+00
2.0981e-05
2.1935e-05
0.0000e+00
2.1219e-05
2.0981e-05
0.0000e+00
2.1935e-05
3.0994e-05
0.0000e+00
2.2173e-05
9.5367e-07
1.9073e-06
1.1921e-06
2.9802e-05
0.0000e+00
2.7895e-05
1.5020e-05
0.0000e+00
2.3127e-05
1.9073e-05
1.9073e-06
9.5367e-07
4.1008e-05
0.0000e+00
2.2888e-05
2.0981e-05
0.0000e+00
2.2173e-05
2.0981e-05
1.9073e-06
0.0000e+00
4.1008e-05
0.0000e+00
2.3127e-05
3.0994e-05
0.0000e+00
2.1935e-05
9.5367e-07
0.0000e+00
2.1935e-05
9.5367e-07
0.0000e+00
2.8133e-05
9.5367e-07
0.0000e+00
2.2173e-05
9.5367e-07
1.3399e-04
0.0000e+00
0.0000e+00
0.0000e+00
2.2888e-05
0.0000e+00
0.0000e+00
2.0981e-05
1.1921e-06
0.0000e+00
2.0981e-05
9.5367e-07
0.0000e+00
2.1935e-05
9.5367e-07
0.0000e+00
2.0981e-05
9.5367e-07
4.0531e-06
0.0000e+00
9.5367e-07
1.9073e-06
9.5367e-07
4.1008e-05
0.0000e+00
2.2888e-05
1.8120e-05
1.7691e-04
0.0000e+00
0.0000e+00
9.5367e-07
0.0000e+00
9.5367e-07
0.0000e+00
2.2173e-05
9.5367e-07
0.0000e+00
2.1935e-05
7.1526e-06
0.0000e+00
2.1935e-05
3.0041e-05
0.0000e+00
2.2173e-05
2.0027e-05
9.5367e-07
0.0000e+00
4.0054e-05
0.0000e+00
2.9087e-05
1.2875e-05
0.0000e+00
2.1935e-05
2.1935e-05
0.0000e+00
2.0981e-05
4.7588e-04
2.1458e-06
9.5367e-07
2.1935e-05
0.0000e+00
2.3127e-05
2.0981e-05
0.0000e+00
2.1935e-05
2.2173e-05
0.0000e+00
2.1935e-05
3.2902e-05
0.0000e+00
2.0981e-05
2.1935e-05
0.0000e+00
2.9087e-05
1.3113e-05
0.0000e+00
2.2888e-05
2.0027e-05
0.0000e+00
2.2173e-05
9.5367e-07
0.0000e+00
2.1935e-05
1.0014e-05
0.0000e+00
2.2173e-05
2.1935e-05
0.0000e+00
2.0981e-05
2.2173e-05
0.0000e+00
2.1935e-05
9.5367e-07
2.1458e-06
9.5367e-07
3.7909e-05
4.0531e-06
0.0000e+00
1.0967e-05
0.0000e+00
2.8849e-05
1.3113e-05
0.0000e+00
2.1935e-05
9.5367e-07
6.2990e-04
0.0000e+00
9.5367e-07
1.9073e-06
0.0000e+00
1.1921e-06
0.0000e+00
2.3842e-05
0.0000e+00
0.0000e+00
2.1935e-05
0.0000e+00
0.0000e+00
2.2173e-05
9.5367e-07
6.8903e-05
0.0000e+00
1.3828e-05
0.0000e+00
2.2173e-05
2.8610e-06
0.0000e+00
3.2187e-05
9.5367e-07
0.0000e+00
2.2173e-05
0.0000e+00
0.0000e+00
2.1935e-05
2.1458e-06
1.9073e-06
0.0000e+00
1.1921e-06
5.0068e-06
0.0000e+00
7.8678e-06
1.2898e-04
0.0000e+00
0.0000e+00
0.0000e+00
2.3127e-05
0.0000e+00
1.1992e-04
0.0000e+00
9.5367e-07
0.0000e+00
2.3127e-05
0.0000e+00
3.0994e-06
9.5367e-07
1.0014e-05
0.0000e+00
3.0041e-05
1.5974e-05
0.0000e+00
2.2173e-05
1.7881e-05
0.0000e+00
2.2173e-05
2.2173e-05
0.0000e+00
2.0981e-05
8.1062e-06
0.0000e+00
2.1935e-05
1.5974e-05
0.0000e+00
2.2173e-05
2.0981e-05
0.0000e+00
2.1935e-05
5.9128e-05
0.0000e+00
2.1935e-05
9.5367e-07
0.0000e+00
2.3127e-05
5.9605e-06
0.0000e+00
2.1935e-05
2.0981e-05
0.0000e+00
2.1935e-05
9.5367e-07
0.0000e+00
2.2173e-05
9.5367e-07
0.0000e+00
2.0981e-05
9.0599e-06
1.9073e-06
0.0000e+00
2.0981e-05
0.0000e+00
2.2888e-05
2.5034e-05
0.0000e+00
2.1935e-05
4.6968e-05
2.1458e-06
0.0000e+00
1.9073e-05
0.0000e+00
2.2888e-05
1.0014e-05
0.0000e+00
2.1935e-05
1.5974e-05
9.5367e-07
0.0000e+00
3.9816e-05
3.0994e-06
9.5367e-07
2.0027e-05
0.0000e+00
2.1935e-05
1.2159e-05
1.9073e-06
0.0000e+00
2.0981e-05
0.0000e+00
2.1935e-05
1.5974e-05
0.0000e+00
2.1935e-05
7.6056e-05
0.0000e+00
2.1935e-05
1.5974e-05
0.0000e+00
2.2888e-05
2.0027e-05
0.0000e+00
2.1935e-05
2.2173e-05
0.0000e+00
2.1935e-05
9.5367e-07
0.0000e+00
2.2173e-05
1.0967e-05
0.0000e+00
2.1935e-05
2.1935e-05
0.0000e+00
2.1935e-05
2.9087e-05
1.9073e-06
0.0000e+00
2.7180e-05
9.5367e-07
0.0000e+00
2.5034e-05
0.0000e+00
2.9087e-05
1.4067e-05
1.9073e-06
9.5367e-07
4.2915e-05
9.5367e-07
0.0000e+00
4.1962e-05
0.0000e+00
2.2173e-05
2.5034e-05
0.0000e+00
2.0981e-05
8.7023e-05
0.0000e+00
2.1935e-05
1.1921e-06
0.0000e+00
2.1935e-05
1.1921e-05
0.0000e+00
2.0981e-05
1.9073e-06
0.0000e+00
2.0981e-05
9.5367e-07
0.0000e+00
2.3127e-05
1.6928e-05
0.0000e+00
2.2888e-05
4.8161e-05
0.0000e+00
2.1935e-05
9.5367e-07
0.0000e+00
2.2173e-05
5.9605e-06
0.0000e+00
2.2173e-05
0.0000e+00
0.0000e+00
2.1935e-05
1.0967e-05
2.1458e-06
0.0000e+00
2.5988e-05
0.0000e+00
2.2173e-05
1.1921e-05
0.0000e+00
2.9087e-05
1.5020e-05
0.0000e+00
2.1935e-05
9.5367e-07
7.8917e-05
0.0000e+00
0.0000e+00
0.0000e+00
2.2173e-05
0.0000e+00
0.0000e+00
2.0981e-05
1.1921e-06
5.8889e-05
0.0000e+00
9.5367e-07
2.1458e-06
9.5367e-07
1.4067e-05
0.0000e+00
2.1935e-05
1.0014e-05
3.0994e-06
9.5367e-07
2.0027e-05
0.0000e+00
2.2888e-05
9.5367e-07
0.0000e+00
2.3127e-05
9.5367e-07
0.0000e+00
2.2888e-05
1.1921e-06
0.0000e+00
2.0981e-05
1.7881e-05
0.0000e+00
2.2173e-05
2.0981e-05
0.0000e+00
2.0981e-05
2.0981e-05
0.0000e+00
2.1935e-05
2.0981e-05
0.0000e+00
2.1935e-05
3.4094e-05
1.9073e-06
1.1921e-06
3.4094e-05
0.0000e+00
2.2888e-05
2.0027e-05
0.0000e+00
2.3127e-05
2.0981e-05
0.0000e+00
2.1935e-05
9.5367e-07
0.0000e+00
2.2173e-05
1.0967e-05
2.0790e-04
0.0000e+00
9.5367e-07
0.0000e+00
2.2888e-05
9.5367e-07
2.1458e-06
9.5367e-07
9.5367e-07
0.0000e+00
2.1935e-05
9.5367e-07
0.0000e+00
2.1935e-05
2.1458e-06
0.0000e+00
2.2888e-05
3.0994e-06
0.0000e+00
2.1935e-05
1.1921e-06
0.0000e+00
2.5034e-05
9.5367e-07
1.9193e-04
0.0000e+00
0.0000e+00
0.0000e+00
2.1935e-05
0.0000e+00
0.0000e+00
2.0981e-05
0.0000e+00
0.0000e+00
2.0981e-05
0.0000e+00
2.1458e-06
9.5367e-07
7.8678e-06
0.0000e+00
3.0994e-05
1.3113e-05
0.0000e+00
2.1935e-05
9.5367e-07
0.0000e+00
2.0981e-05
1.0014e-05
0.0000e+00
2.2173e-05
1.3804e-04
0.0000e+00
2.1935e-05
9.5367e-07
0.0000e+00
2.2173e-05
9.5367e-07
0.0000e+00
2.1935e-05
0.0000e+00
1.9073e-06
9.5367e-07
1.8120e-05
0.0000e+00
2.9087e-05
5.0068e-06
9.5367e-07
0.0000e+00
4.0054e-05
0.0000e+00
2.2173e-05
1.9073e-05
0.0000e+00
2.0981e-05
7.8917e-05
0.0000e+00
2.1935e-05
9.5367e-07
0.0000e+00
2.5034e-05
0.0000e+00
0.0000e+00
2.1935e-05
1.1921e-05
2.1458e-06
0.0000e+00
4.1008e-05
0.0000e+00
2.2173e-05
1.4067e-05
0.0000e+00
2.1935e-05
2.0981e-05
0.0000e+00
2.1935e-05
2.0981e-05
0.0000e+00
2.1935e-05
2.2173e-05
0.0000e+00
2.0981e-05
9.5367e-07
0.0000e+00
2.1935e-05
0.0000e+00
4.9114e-05
9.5367e-07
9.5367e-07
0.0000e+00
2.1935e-05
1.1921e-06
0.0000e+00
2.1935e-05
9.5367e-07
0.0000e+00
2.8849e-05
5.9605e-06
0.0000e+00
2.3127e-05
2.0981e-05
0.0000e+00
2.1935e-05
2.0981e-05
0.0000e+00
2.1935e-05
2.1935e-05
0.0000e+00
2.0981e-05
2.1935e-05
2.1458e-06
0.0000e+00
2.0027e-05
0.0000e+00
2.1935e-05
1.7166e-05
9.5367e-07
0.0000e+00
4.1962e-05
0.0000e+00
2.2173e-05
9.5367e-07
2.1458e-06
0.0000e+00
2.2888e-05
0.0000e+00
2.2888e-05
0.0000e+00
0.0000e+00
2.2173e-05
1.0014e-05
1.9073e-06
0.0000e+00
4.0054e-05
0.0000e+00
2.3127e-05
2.3842e-05
0.0000e+00
2.1935e-05
2.0027e-05
0.0000e+00
2.0981e-05
3.5048e-05
0.0000e+00
2.2173e-05
2.1458e-06
0.0000e+00
3.0994e-05
1.1396e-04
0.0000e+00
2.3127e-05
1.2875e-05
1.1921e-06
0.0000e+00
9.5367e-07
0.0000e+00
2.3127e-05
1.9073e-06
1.9073e-06
1.1921e-06
1.9789e-05
0.0000e+00
2.1935e-05
9.5367e-07
0.0000e+00
2.2173e-05
3.8862e-05
0.0000e+00
2.2173e-05
0.0000e+00
0.0000e+00
2.1935e-05
8.5831e-05
0.0000e+00
2.1935e-05
9.5367e-07
0.0000e+00
2.2173e-05
1.1921e-06
0.0000e+00
2.1935e-05
9.5367e-07
0.0000e+00
2.2173e-05
9.5367e-07
0.0000e+00
2.1935e-05
1.9073e-05
0.0000e+00
2.1935e-05
3.0994e-05
0.0000e+00
2.1935e-05
9.5367e-07
2.1458e-06
0.0000e+00
2.0027e-05
0.0000e+00
3.0041e-05
4.0531e-06
0.0000e+00
2.1935e-05
4.6015e-05
2.1458e-06
0.0000e+00
4.0054e-05
0.0000e+00
2.1935e-05
1.8120e-05
0.0000e+00
2.1935e-05
2.1219e-05
1.9073e-06
9.5367e-07
4.0054e-05
0.0000e+00
2.2173e-05
9.5367e-07
8.7976e-05
9.5367e-07
0.0000e+00
0.0000e+00
2.0981e-05
9.5367e-07
0.0000e+00
2.9087e-05
1.9073e-06
0.0000e+00
2.1935e-05
2.8610e-06
0.0000e+00
2.2173e-05
9.5367e-07
0.0000e+00
2.1935e-05
1.1921e-06
0.0000e+00
2.1935e-05
9.5367e-07
0.0000e+00
2.2173e-05
6.3896e-05
0.0000e+00
2.3842e-05
1.1921e-06
0.0000e+00
2.1935e-05
9.5367e-07
0.0000e+00
2.1935e-05
1.0109e-04
1.9073e-06
9.5367e-07
4.3154e-05
0.0000e+00
2.5988e-05
9.5367e-07
0.0000e+00
2.1935e-05
1.2159e-05
9.5367e-07
0.0000e+00
4.3154e-05
0.0000e+00
2.2888e-05
2.0981e-05
0.0000e+00
2.2173e-05
9.5367e-07
0.0000e+00
2.1935e-05
9.5367e-07
0.0000e+00
2.9802e-05
2.1458e-06
0.0000e+00
2.1935e-05
2.1935e-05
6.9857e-05
0.0000e+00
0.0000e+00
0.0000e+00
2.1935e-05
9.5367e-07
0.0000e+00
2.2173e-05
2.0981e-05
0.0000e+00
2.1935e-05
1.1921e-06
0.0000e+00
2.0981e-05
9.5367e-07
1.1921e-06
0.0000e+00
4.1008e-05
0.0000e+00
2.1935e-05
9.5367e-07
0.0000e+00
2.2888e-05
2.4080e-05
0.0000e+00
2.2173e-05
3.1948e-05
2.1458e-06
9.5367e-07
2.6941e-05
0.0000e+00
2.2888e-05
3.8147e-06
0.0000e+00
2.1935e-05
2.2888e-05
3.0994e-06
0.0000e+00
4.1008e-05
0.0000e+00
2.1935e-05
1.9073e-06
0.0000e+00
2.1935e-05
8.1062e-06
0.0000e+00
2.9087e-05
1.5974e-05
0.0000e+00
2.3127e-05
2.1935e-05
9.5367e-07
0.0000e+00
5.1975e-05
0.0000e+00
2.1935e-05
2.1219e-05
9.5367e-07
0.0000e+00
4.1962e-05
0.0000e+00
2.2173e-05
2.0027e-05
0.0000e+00
2.1935e-05
2.0027e-05
0.0000e+00
2.1935e-05
2.0981e-05
9.5367e-07
0.0000e+00
4.0054e-05
0.0000e+00
2.1935e-05
9.5367e-07
0.0000e+00
2.1935e-05
1.3113e-05
1.9073e-06
0.0000e+00
3.9816e-05
0.0000e+00
2.1935e-05
9.5367e-07
2.1458e-06
0.0000e+00
2.6941e-05
0.0000e+00
2.2173e-05
2.0027e-05
0.0000e+00
2.1935e-05
9.5367e-07
0.0000e+00
2.2173e-05
1.5020e-05
0.0000e+00
2.1935e-05
1.9073e-06
0.0000e+00
3.6001e-05
8.1062e-06
0.0000e+00
2.1935e-05
2.9087e-05
2.1458e-06
9.5367e-07
4.2915e-05
0.0000e+00
2.3127e-05
2.1935e-05
0.0000e+00
2.1935e-05
2.1219e-05
0.0000e+00
2.2888e-05
2.5988e-05
0.0000e+00
2.1935e-05
2.1935e-05
9.5367e-07
0.0000e+00
3.9816e-05
0.0000e+00
2.2888e-05
1.1921e-05
0.0000e+00
2.3127e-05
8.1062e-06
0.0000e+00
2.1935e-05
1.0967e-05
0.0000e+00
2.2173e-05
1.9789e-05
0.0000e+00
2.1935e-05
3.2902e-05
0.0000e+00
2.2173e-05
9.5367e-07
1.9073e-06
1.1921e-06
2.7180e-05
9.5367e-07
0.0000e+00
3.3140e-05
9.5367e-07
0.0000e+00
4.0054e-05
0.0000e+00
2.3127e-05
1.4067e-05
0.0000e+00
2.1935e-05
3.0994e-05
0.0000e+00
2.1935e-05
2.0027e-05
3.6001e-05
9.5367e-07
7.1526e-06
0.0000e+00
2.1935e-05
2.0027e-05
1.1921e-06
0.0000e+00
4.1008e-05
0.0000e+00
2.1935e-05
2.0981e-05
0.0000e+00
2.0981e-05
9.5367e-07
0.0000e+00
2.1935e-05
1.2159e-05
0.0000e+00
3.0994e-05
9.5367e-07
0.0000e+00
2.2888e-05
1.0014e-05
0.0000e+00
2.1935e-05
8.8215e-06
0.0000e+00
2.2173e-05
0.0000e+00
9.5367e-07
0.0000e+00
2.5988e-05
0.0000e+00
2.1935e-05
2.0027e-05
0.0000e+00
2.2173e-05
2.0027e-05
0.0000e+00
2.1935e-05
2.0981e-05
0.0000e+00
2.2173e-05
6.0081e-05
0.0000e+00
2.2888e-05
1.1921e-06
0.0000e+00
2.1935e-05
9.5367e-07
0.0000e+00
2.2173e-05
9.5367e-07
0.0000e+00
2.0981e-05
7.1526e-06
0.0000e+00
2.0981e-05
8.2970e-05
0.0000e+00
2.2173e-05
9.5367e-07
0.0000e+00
2.0981e-05
1.1921e-06
0.0000e+00
3.0041e-05
2.0027e-05
0.0000e+00
2.1935e-05
0.0000e+00
1.1921e-06
0.0000e+00
1.9073e-05
9.5367e-07
0.0000e+00
3.0994e-05
4.4107e-05
0.0000e+00
9.5367e-07
0.0000e+00
2.2173e-05
0.0000e+00
1.9073e-06
1.1921e-06
3.0041e-05
0.0000e+00
2.1935e-05
1.5020e-05
0.0000e+00
2.3127e-05
7.8678e-06
0.0000e+00
2.2173e-05
1.4067e-05
0.0000e+00
2.2173e-05
2.0981e-05
0.0000e+00
2.1935e-05
3.1948e-05
0.0000e+00
2.1935e-05
2.3127e-05
0.0000e+00
2.1935e-05
9.0599e-06
0.0000e+00
2.1935e-05
9.5367e-07
2.1458e-06
0.0000e+00
2.0027e-05
0.0000e+00
2.1935e-05
4.7922e-05
0.0000e+00
2.1935e-05
9.5367e-07
0.0000e+00
2.3127e-05
9.5367e-07
0.0000e+00
2.1935e-05
2.1458e-06
0.0000e+00
2.1935e-05
9.5367e-07
9.6798e-05
0.0000e+00
0.0000e+00
8.1062e-06
9.5367e-07
9.5367e-07
1.9073e-06
0.0000e+00
9.0599e-06
0.0000e+00
2.3127e-05
2.2888e-05
0.0000e+00
2.1935e-05
1.7881e-05
1.1921e-06
0.0000e+00
4.0054e-05
0.0000e+00
2.7895e-05
1.5020e-05
1.9073e-06
9.5367e-07
2.0027e-05
2.5988e-05
0.0000e+00
4.0531e-06
0.0000e+00
2.3127e-05
3.0994e-05
0.0000e+00
2.1935e-05
8.8215e-06
0.0000e+00
2.1935e-05
5.0068e-06
0.0000e+00
2.1935e-05
2.2173e-05
1.9073e-06
9.5367e-07
4.0054e-05
0.0000e+00
2.1935e-05
2.2888e-05
0.0000e+00
2.9087e-05
1.5020e-05
2.1458e-06
0.0000e+00
4.5061e-05
0.0000e+00
2.2888e-05
2.9087e-05
1.1921e-06
0.0000e+00
4.2915e-05
9.5367e-07
0.0000e+00
4.1008e-05
0.0000e+00
2.1935e-05
2.0981e-05
0.0000e+00
2.1935e-05
1.9789e-05
0.0000e+00
2.1935e-05
2.0027e-05
0.0000e+00
2.1935e-05
1.1921e-06
1.9073e-06
0.0000e+00
3.1948e-05
0.0000e+00
2.9087e-05
9.5367e-07
0.0000e+00
2.2173e-05
1.1921e-05
0.0000e+00
2.1935e-05
2.0981e-05
0.0000e+00
2.1935e-05
2.0027e-05
0.0000e+00
2.0981e-05
2.0027e-05
0.0000e+00
2.0981e-05
2.2173e-05
0.0000e+00
2.1935e-05
2.3127e-05
0.0000e+00
2.1935e-05
1.1921e-05
0.0000e+00
2.2173e-05
3.1948e-05
1.9073e-06
0.0000e+00
4.1962e-05
0.0000e+00
2.1935e-05
2.0027e-05
0.0000e+00
2.1935e-05
2.8610e-06
4.0054e-05
9.5367e-07
9.5367e-07
0.0000e+00
2.2173e-05
1.1921e-05
0.0000e+00
2.3127e-05
9.5367e-07
1.9073e-06
0.0000e+00
3.0041e-05
0.0000e+00
2.3127e-05
1.5020e-05
1.9073e-06
9.5367e-07
4.9114e-05
0.0000e+00
2.3127e-05
2.2173e-05
6.6042e-05
0.0000e+00
0.0000e+00
0.0000e+00
2.1935e-05
9.5367e-07
0.0000e+00
2.1935e-05
1.7881e-05
0.0000e+00
2.0981e-05
2.1935e-05
0.0000e+00
2.1935e-05
2.2173e-05
0.0000e+00
2.0981e-05
2.0981e-05
0.0000e+00
2.8133e-05
9.5367e-07
0.0000e+00
2.3127e-05
2.0027e-05
0.0000e+00
2.4080e-05
1.7881e-05
0.0000e+00
2.0981e-05
9.5367e-07
0.0000e+00
2.1935e-05
1.3113e-05
0.0000e+00
2.1935e-05
2.1935e-05
0.0000e+00
2.1935e-05
2.0981e-05
0.0000e+00
2.1935e-05
1.5020e-05
0.0000e+00
2.2888e-05
2.9087e-05
0.0000e+00
2.0981e-05
2.2173e-05
1.9073e-06
9.5367e-07
2.9087e-05
0.0000e+00
2.2173e-05
1.1921e-06
0.0000e+00
2.0981e-05
2.0981e-05
0.0000e+00
2.2173e-05
2.0981e-05
0.0000e+00
2.1935e-05
1.9789e-05
0.0000e+00
2.1935e-05
9.5367e-07
0.0000e+00
2.9087e-05
1.3113e-05
1.9073e-06
0.0000e+00
4.9114e-05
1.9073e-06
0.0000e+00
2.7180e-05
0.0000e+00
2.1935e-05
4.0531e-06
0.0000e+00
2.2173e-05
1.9789e-05
0.0000e+00
2.2173e-05
2.0027e-05
0.0000e+00
2.1935e-05
2.0981e-05
0.0000e+00
2.2173e-05
2.1935e-05
1.9073e-06
0.0000e+00
4.1008e-05
0.0000e+00
3.1948e-05
2.4080e-05
0.0000e+00
2.1935e-05
9.5367e-07
0.0000e+00
2.1935e-05
8.1062e-06
0.0000e+00
2.1935e-05
2.0981e-05
0.0000e+00
2.2173e-05
2.0027e-05
0.0000e+00
2.1935e-05
2.0981e-05
2.1458e-06
0.0000e+00
4.0054e-05
9.5367e-07
0.0000e+00
4.1008e-05
0.0000e+00
2.1935e-05
1.9073e-05
1.9073e-06
1.1921e-06
4.0054e-05
0.0000e+00
2.2888e-05
2.0027e-05
1.9073e-06
1.1921e-06
4.1008e-05
0.0000e+00
2.2888e-05
1.9073e-05
0.0000e+00
2.1935e-05
1.1921e-06
0.0000e+00
2.1935e-05
1.2875e-05
0.0000e+00
2.1935e-05
3.6001e-05
0.0000e+00
2.2173e-05
1.9789e-05
0.0000e+00
2.7895e-05
1.4067e-05
0.0000e+00
2.1935e-05
2.3842e-05
0.0000e+00
2.2173e-05
1.9073e-06
0.0000e+00
2.2173e-05
8.1062e-06
0.0000e+00
2.1935e-05
1.1921e-06
6.1035e-05
0.0000e+00
0.0000e+00
0.0000e+00
2.1935e-05
9.5367e-07
0.0000e+00
2.1935e-05
1.5974e-05
0.0000e+00
3.0041e-05
9.5367e-07
0.0000e+00
2.2888e-05
8.1062e-06
0.0000e+00
2.2888e-05
2.0981e-05
2.1458e-06
0.0000e+00
4.1008e-05
0.0000e+00
2.2888e-05
2.0981e-05
0.0000e+00
2.2173e-05
2.3127e-05
9.5367e-07
0.0000e+00
4.0770e-05
0.0000e+00
2.1935e-05
9.5367e-07
0.0000e+00
2.2173e-05
1.0014e-05
0.0000e+00
2.9087e-05
8.2016e-05
1.9073e-06
0.0000e+00
4.9829e-05
0.0000e+00
2.2173e-05
2.1935e-05
0.0000e+00
2.0981e-05
2.1935e-05
0.0000e+00
2.0981e-05
2.2173e-05
0.0000e+00
2.0981e-05
2.1935e-05
0.0000e+00
2.0981e-05
2.8610e-06
0.0000e+00
2.5034e-05
4.0531e-06
0.0000e+00
3.0041e-05
1.5974e-05
0.0000e+00
2.2173e-05
3.3140e-05
0.0000e+00
2.0981e-05
2.1458e-06
0.0000e+00
2.2888e-05
9.0599e-06
0.0000e+00
2.1935e-05
1.9789e-05
0.0000e+00
2.1935e-05
2.0027e-05
1.9073e-06
0.0000e+00
2.0981e-05
9.5367e-07
0.0000e+00
2.8133e-05
1.9073e-06
9.5367e-07
4.0054e-05
1.1921e-06
9.5367e-07
3.5048e-05
0.0000e+00
2.2888e-05
3.1948e-05
0.0000e+00
2.2173e-05
9.5367e-07
0.0000e+00
2.0981e-05
1.2159e-05
0.0000e+00
2.1935e-05
7.1526e-06
0.0000e+00
2.1935e-05
9.0599e-06
0.0000e+00
2.1935e-05
1.4067e-05
0.0000e+00
2.0981e-05
2.1219e-05
1.9073e-06
0.0000e+00
2.0981e-05
0.0000e+00
3.0041e-05
8.2016e-05
0.0000e+00
2.2173e-05
2.1935e-05
0.0000e+00
2.1935e-05
2.0981e-05
0.0000e+00
2.4796e-05
8.9884e-05
0.0000e+00
2.2173e-05
1.2875e-05
0.0000e+00
2.2888e-05
9.5367e-07
1.9073e-06
9.5367e-07
1.7881e-05
0.0000e+00
2.3127e-05
6.9141e-06
9.5367e-07
0.0000e+00
3.2187e-05
0.0000e+00
2.2888e-05
3.1948e-05
0.0000e+00
2.1935e-05
9.5367e-07
0.0000e+00
2.0981e-05
9.5367e-07
0.0000e+00
2.1935e-05
8.1062e-06
9.5367e-07
0.0000e+00
4.1008e-05
0.0000e+00
2.1935e-05
2.0027e-05
0.0000e+00
2.1935e-05
1.8501e-04
0.0000e+00
2.0981e-05
9.5367e-07
0.0000e+00
2.2173e-05
9.5367e-07
0.0000e+00
2.0981e-05
0.0000e+00
0.0000e+00
2.0981e-05
9.5367e-07
0.0000e+00
2.1935e-05
3.0994e-06
4.6015e-05
9.5367e-07
9.5367e-07
0.0000e+00
2.3842e-05
1.1921e-06
0.0000e+00
2.1935e-05
9.5367e-07
1.9073e-05
0.0000e+00
2.1458e-06
0.0000e+00
2.1935e-05
5.9605e-06
0.0000e+00
2.1935e-05
1.5402e-04
0.0000e+00
2.2173e-05
3.3855e-05
2.1458e-06
0.0000e+00
4.1962e-05
1.1921e-06
0.0000e+00
4.1008e-05
0.0000e+00
2.1935e-05
9.5367e-07
1.1921e-06
0.0000e+00
3.0994e-05
0.0000e+00
2.3127e-05
3.0994e-05
0.0000e+00
2.1935e-05
1.0967e-05
0.0000e+00
2.2173e-05
1.4067e-05
1.9073e-06
0.0000e+00
4.9114e-05
0.0000e+00
2.3127e-05
9.5367e-07
0.0000e+00
2.1935e-05
1.4067e-05
0.0000e+00
2.0981e-05
2.2173e-05
9.5367e-07
0.0000e+00
4.1962e-05
0.0000e+00
2.1219e-05
2.2888e-05
2.1458e-06
9.5367e-07
4.1008e-05
0.0000e+00
2.2888e-05
9.5367e-07
0.0000e+00
2.1935e-05
4.0531e-06
0.0000e+00
2.3127e-05
0.0000e+00
0.0000e+00
2.1935e-05
1.9789e-05
0.0000e+00
2.0981e-05
2.0981e-05
0.0000e+00
2.1935e-05
2.1219e-05
1.9073e-06
9.5367e-07
4.1008e-05
0.0000e+00
2.2173e-05
2.0981e-05
1.9073e-06
1.1921e-06
2.0981e-05
0.0000e+00
2.1935e-05
1.9073e-06
0.0000e+00
2.2173e-05
9.5367e-07
2.1458e-06
0.0000e+00
1.7881e-05
0.0000e+00
2.4080e-05
2.0027e-05
0.0000e+00
2.0981e-05
2.0027e-05
2.1458e-06
9.5367e-07
2.1935e-05
0.0000e+00
2.1935e-05
6.9141e-06
0.0000e+00
2.2173e-05
1.7881e-05
2.1458e-06
0.0000e+00
4.1008e-05
0.0000e+00
2.1935e-05
2.0981e-05
1.1921e-06
0.0000e+00
4.1008e-05
0.0000e+00
3.0041e-05
2.0981e-05
0.0000e+00
2.2173e-05
2.0981e-05
1.6928e-05
0.0000e+00
2.5034e-05
0.0000e+00
2.4796e-05
6.1989e-06
0.0000e+00
2.1935e-05
6.9141e-06
2.1458e-06
9.5367e-07
4.0054e-05
0.0000e+00
2.1935e-05
2.0027e-05
0.0000e+00
2.1935e-05
1.9789e-05
5.6028e-05
1.1921e-06
9.5367e-07
0.0000e+00
3.0041e-05
9.5367e-07
1.9073e-06
0.0000e+00
1.8835e-05
0.0000e+00
2.2888e-05
9.0599e-06
0.0000e+00
2.1935e-05
2.0027e-05
0.0000e+00
2.2173e-05
2.0027e-05
0.0000e+00
2.0981e-05
1.0014e-05
4.3154e-05
0.0000e+00
9.5367e-07
0.0000e+00
2.1935e-05
2.1458e-06
0.0000e+00
2.1935e-05
3.0041e-05
0.0000e+00
2.9087e-05
9.5367e-07
1.9073e-06
1.1921e-06
2.0981e-05
0.0000e+00
2.1935e-05
5.5075e-05
0.0000e+00
2.0981e-05
1.1921e-06
0.0000e+00
2.0981e-05
1.3113e-05
0.0000e+00
2.1935e-05
1.9073e-06
0.0000e+00
2.0981e-05
1.9073e-06
0.0000e+00
2.2173e-05
2.9802e-05
0.0000e+00
3.3855e-05
1.0014e-05
0.0000e+00
2.2173e-05
9.5367e-07
0.0000e+00
2.1935e-05
3.8147e-05
0.0000e+00
2.1935e-05
1.9073e-06
2.1458e-06
0.0000e+00
3.1948e-05
0.0000e+00
2.2173e-05
2.1935e-05
0.0000e+00
2.1935e-05
2.2173e-05
0.0000e+00
2.0981e-05
2.1935e-05
2.1458e-06
0.0000e+00
4.1008e-05
0.0000e+00
2.4080e-05
9.5367e-07
0.0000e+00
2.2173e-05
1.5020e-05
0.0000e+00
2.1935e-05
2.1935e-05
2.1458e-06
9.5367e-07
4.1008e-05
1.2875e-05
0.0000e+00
2.8849e-05
2.1458e-06
0.0000e+00
2.0027e-05
0.0000e+00
2.1935e-05
1.0967e-05
0.0000e+00
2.1935e-05
1.0014e-05
1.9073e-06
9.5367e-07
2.9087e-05
0.0000e+00
2.9087e-05
1.5020e-05
1.9073e-06
0.0000e+00
2.0027e-05
0.0000e+00
2.2888e-05
7.9155e-05
0.0000e+00
2.2888e-05
9.5367e-07
0.0000e+00
2.4080e-05
9.5367e-07
0.0000e+00
2.0981e-05
9.5367e-07
3.6955e-05
0.0000e+00
0.0000e+00
0.0000e+00
2.1935e-05
3.4094e-05
2.8610e-06
1.1921e-06
2.6941e-05
0.0000e+00
2.1935e-05
1.9073e-06
0.0000e+00
2.2888e-05
1.5020e-05
1.9073e-06
0.0000e+00
2.0027e-05
1.0014e-05
0.0000e+00
2.0027e-05
0.0000e+00
2.3127e-05
1.9073e-05
0.0000e+00
2.1935e-05
2.0981e-05
2.1458e-06
0.0000e+00
4.1008e-05
0.0000e+00
2.2888e-05
9.0599e-06
0.0000e+00
2.2173e-05
1.2875e-05
0.0000e+00
2.2173e-05
9.5367e-07
0.0000e+00
2.4080e-05
2.8610e-06
0.0000e+00
2.2173e-05
2.0027e-05
1.9073e-06
0.0000e+00
3.9816e-05
0.0000e+00
2.1935e-05
2.0981e-05
0.0000e+00
2.2888e-05
1.2207e-04
1.0300e-04
0.0000e+00
1.1921e-06
0.0000e+00
2.2888e-05
9.5367e-07
9.5367e-07
0.0000e+00
1.8120e-05
0.0000e+00
2.2888e-05
9.5367e-07
0.0000e+00
2.1935e-05
1.1921e-06
0.0000e+00
2.1935e-05
9.5367e-07
0.0000e+00
2.0981e-05
9.5367e-07
0.0000e+00
2.1935e-05
9.5367e-07
0.0000e+00
2.2173e-05
7.2002e-05
0.0000e+00
2.1935e-05
6.9141e-06
0.0000e+00
2.1935e-05
1.2159e-05
0.0000e+00
2.6941e-05
1.3113e-05
0.0000e+00
2.3127e-05
2.0981e-05
0.0000e+00
2.1935e-05
2.1935e-05
2.1458e-06
0.0000e+00
4.0054e-05
0.0000e+00
2.1935e-05
2.0981e-05
0.0000e+00
2.1935e-05
0.0000e+00
9.5367e-07
0.0000e+00
2.0027e-05
0.0000e+00
2.1935e-05
1.6928e-05
0.0000e+00
2.1935e-05
2.0981e-05
2.1458e-06
9.5367e-07
3.3140e-05
0.0000e+00
2.2888e-05
9.5367e-07
0.0000e+00
2.1935e-05
1.3113e-05
0.0000e+00
2.1935e-05
2.0027e-05
0.0000e+00
2.3127e-05
9.5367e-07
0.0000e+00
2.1935e-05
1.0967e-05
0.0000e+00
2.1935e-05
5.5075e-05
0.0000e+00
2.1935e-05
1.0014e-05
0.0000e+00
2.9802e-05
9.5367e-07
0.0000e+00
2.1935e-05
2.0027e-05
0.0000e+00
2.1935e-05
2.0981e-05
0.0000e+00
2.0981e-05
2.1935e-05
0.0000e+00
2.0981e-05
9.5367e-07
0.0000e+00
2.1935e-05
1.0967e-05
1.9073e-06
9.5367e-07
4.0054e-05
0.0000e+00
2.2173e-05
2.9087e-05
0.0000e+00
3.0041e-05
1.1921e-05
0.0000e+00
2.1935e-05
2.0027e-05
0.0000e+00
2.1935e-05
2.0027e-05
0.0000e+00
2.1935e-05
2.1458e-06
1.9073e-06
9.5367e-07
2.9087e-05
0.0000e+00
2.1935e-05
2.0981e-05
9.5367e-07
0.0000e+00
4.1008e-05
0.0000e+00
2.2173e-05
3.1948e-05
0.0000e+00
2.0981e-05
2.2173e-05
0.0000e+00
3.3855e-05
9.5367e-07
0.0000e+00
2.1935e-05
9.5367e-07
0.0000e+00
2.2173e-05
0.0000e+00
0.0000e+00
2.0981e-05
2.3127e-05
0.0000e+00
2.1935e-05
1.8120e-05
0.0000e+00
2.0981e-05
9.5367e-07
0.0000e+00
2.1935e-05
7.8678e-06
0.0000e+00
2.0981e-05
6.9141e-06
0.0000e+00
2.4080e-05
9.5367e-07
0.0000e+00
2.0981e-05
1.0014e-05
0.0000e+00
2.1935e-05
2.0027e-05
0.0000e+00
2.1935e-05
1.1921e-06
0.0000e+00
2.1935e-05
1.4067e-05
0.0000e+00
2.1935e-05
2.0981e-05
0.0000e+00
2.2173e-05
2.0981e-05
3.0994e-06
0.0000e+00
1.5020e-05
0.0000e+00
2.1935e-05
2.2221e-04
0.0000e+00
2.1935e-05
9.5367e-07
2.1458e-06
0.0000e+00
1.9073e-05
0.0000e+00
2.2888e-05
3.6001e-05
0.0000e+00
2.2173e-05
4.0531e-06
1.9073e-06
0.0000e+00
3.8147e-05
0.0000e+00
2.1935e-05
1.4806e-04
0.0000e+00
2.1935e-05
1.0014e-05
0.0000e+00
3.0041e-05
9.5367e-07
0.0000e+00
2.1935e-05
0.0000e+00
0.0000e+00
2.1935e-05
1.1921e-06
2.4295e-04
9.5367e-07
9.5367e-07
0.0000e+00
2.3127e-05
9.5367e-07
0.0000e+00
2.1935e-05
9.5367e-07
2.1458e-06
0.0000e+00
9.5367e-07
0.0000e+00
2.3127e-05
0.0000e+00
0.0000e+00
2.1935e-05
4.0531e-06
0.0000e+00
2.2888e-05
2.6107e-04
2.1458e-06
0.0000e+00
4.3869e-05
9.5367e-07
9.5367e-07
5.2929e-05
2.1458e-06
0.0000e+00
4.2915e-05
2.1458e-06
0.0000e+00
4.1008e-05
0.0000e+00
2.1935e-05
1.1921e-06
1.9073e-06
0.0000e+00
3.5048e-05
0.0000e+00
2.1935e-05
2.2173e-05
1.9073e-06
0.0000e+00
2.0027e-05
2.1458e-06
0.0000e+00
3.0994e-05
0.0000e+00
2.2888e-05
1.0014e-05
0.0000e+00
3.0041e-05
3.0208e-04
2.1458e-06
0.0000e+00
2.0027e-05
1.9073e-06
9.5367e-07
3.3140e-05
0.0000e+00
2.1935e-05
2.5034e-05
0.0000e+00
2.2173e-05
1.6928e-05
0.0000e+00
2.5034e-05
9.5367e-07
0.0000e+00
2.1935e-05
2.5988e-05
0.0000e+00
2.2173e-05
2.1935e-05
0.0000e+00
2.1935e-05
1.2875e-05
0.0000e+00
2.2173e-05
2.6107e-04
0.0000e+00
2.1935e-05
1.9073e-06
0.0000e+00
2.0981e-05
9.5367e-07
0.0000e+00
2.0981e-05
9.5367e-07
1.9073e-06
9.5367e-07
3.9101e-05
0.0000e+00
2.2888e-05
1.1110e-04
0.0000e+00
2.1935e-05
1.1921e-06
1.9073e-06
0.0000e+00
3.2902e-05
0.0000e+00
2.8849e-05
1.1921e-06
0.0000e+00
2.2888e-05
1.1921e-06
0.0000e+00
2.1935e-05
9.5367e-07
0.0000e+00
2.0981e-05
9.5367e-07
1.1516e-04
0.0000e+00
0.0000e+00
0.0000e+00
2.2173e-05
4.0531e-06
0.0000e+00
2.0981e-05
2.1935e-05
1.1921e-06
0.0000e+00
4.1008e-05
0.0000e+00
2.1935e-05
2.2173e-05
0.0000e+00
3.0994e-05
1.4067e-05
1.9073e-06
9.5367e-07
4.1962e-05
0.0000e+00
2.3127e-05
2.0981e-05
0.0000e+00
2.1935e-05
3.1614e-04
0.0000e+00
2.1935e-05
1.9073e-06
7.1526e-06
0.0000e+00
3.0994e-05
0.0000e+00
2.1935e-05
9.7990e-05
0.0000e+00
2.1935e-05
9.5367e-07
0.0000e+00
2.2888e-05
2.0981e-05
2.1458e-06
9.5367e-07
4.7922e-05
0.0000e+00
2.3127e-05
9.5367e-07
0.0000e+00
2.1935e-05
1.1206e-05
0.0000e+00
2.1935e-05
9.5367e-07
0.0000e+00
2.1935e-05
1.7881e-05
0.0000e+00
2.2173e-05
2.0027e-05
2.4509e-04
9.5367e-07
9.5367e-07
1.9073e-06
0.0000e+00
1.1921e-05
3.0994e-06
0.0000e+00
2.0981e-05
0.0000e+00
3.0041e-05
4.0531e-06
0.0000e+00
2.1935e-05
1.1921e-06
0.0000e+00
2.2888e-05
6.9141e-06
0.0000e+00
2.1935e-05
0.0000e+00
0.0000e+00
2.1935e-05
2.2173e-05
1.9073e-06
0.0000e+00
4.1962e-05
0.0000e+00
2.2173e-05
2.8610e-06
2.1458e-06
9.5367e-07
4.1008e-05
0.0000e+00
2.1935e-05
1.5020e-05
0.0000e+00
2.2888e-05
5.7936e-05
3.1495e-04
0.0000e+00
0.0000e+00
0.0000e+00
2.1935e-05
4.0531e-06
1.5903e-04
0.0000e+00
0.0000e+00
3.0994e-06
0.0000e+00
9.5367e-07
1.3113e-05
9.5367e-07
9.5367e-07
0.0000e+00
2.3127e-05
0.0000e+00
1.9073e-06
0.0000e+00
9.5367e-07
0.0000e+00
2.1935e-05
5.4121e-05
0.0000e+00
2.1935e-05
9.5367e-07
0.0000e+00
2.3127e-05
0.0000e+00
0.0000e+00
2.1935e-05
2.1458e-06
0.0000e+00
2.0981e-05
2.7108e-04
0.0000e+00
2.1935e-05
2.3127e-05
0.0000e+00
2.1935e-05
2.1935e-05
3.2187e-05
0.0000e+00
1.0967e-05
0.0000e+00
2.2173e-05
7.2956e-05
0.0000e+00
2.1935e-05
2.1458e-06
0.0000e+00
3.1948e-05
9.5367e-07
0.0000e+00
2.2173e-05
2.2888e-05
2.1458e-06
0.0000e+00
2.0027e-05
0.0000e+00
2.1935e-05
9.0599e-06
0.0000e+00
2.1935e-05
6.8188e-05
1.9073e-06
9.5367e-07
2.0981e-05
0.0000e+00
2.1935e-05
0.0000e+00
0.0000e+00
2.1935e-05
2.0981e-05
0.0000e+00
2.2173e-05
1.2612e-04
9.5367e-07
0.0000e+00
2.0027e-05
0.0000e+00
2.4080e-05
9.5367e-07
9.5367e-07
0.0000e+00
1.9073e-06
0.0000e+00
2.1935e-05
1.4901e-04
0.0000e+00
2.2888e-05
2.2173e-05
0.0000e+00
2.1935e-05
2.2173e-05
0.0000e+00
2.1935e-05
2.1935e-05
1.1921e-06
0.0000e+00
4.1008e-05
0.0000e+00
2.1935e-05
9.5367e-07
0.0000e+00
2.2888e-05
1.3709e-04
0.0000e+00
2.0981e-05
2.3127e-05
0.0000e+00
2.1935e-05
2.1458e-06
0.0000e+00
2.1935e-05
2.3127e-05
8.4877e-05
0.0000e+00
9.5367e-07
0.0000e+00
2.1935e-05
1.1921e-06
1.9073e-06
0.0000e+00
9.5367e-07
0.0000e+00
2.2173e-05
1.0014e-05
1.9073e-06
0.0000e+00
2.6941e-05
0.0000e+00
3.0041e-05
1.6904e-04
0.0000e+00
2.2888e-05
9.5367e-07
3.8147e-06
0.0000e+00
9.5367e-07
0.0000e+00
2.1935e-05
9.5367e-07
0.0000e+00
2.1935e-05
0.0000e+00
1.9073e-06
9.5367e-07
2.0027e-05
2.6703e-04
9.5367e-07
9.5367e-07
0.0000e+00
2.3127e-05
0.0000e+00
0.0000e+00
2.1935e-05
9.5367e-07
2.1458e-06
9.5367e-07
9.5367e-07
0.0000e+00
2.2888e-05
0.0000e+00
0.0000e+00
2.0981e-05
9.5367e-07
1.9073e-06
0.0000e+00
1.1921e-05
0.0000e+00
2.1935e-05
1.1921e-06
3.6097e-04
0.0000e+00
0.0000e+00
0.0000e+00
2.2173e-05
0.0000e+00
0.0000e+00
2.0981e-05
0.0000e+00
0.0000e+00
2.1935e-05
3.6001e-05
0.0000e+00
3.0041e-05
9.5367e-07
4.7922e-05
0.0000e+00
9.5367e-07
0.0000e+00
2.1935e-05
0.0000e+00
9.5367e-07
0.0000e+00
9.5367e-07
0.0000e+00
2.1935e-05
9.0599e-06
1.9073e-06
1.1921e-06
1.9789e-05
0.0000e+00
2.1935e-05
0.0000e+00
0.0000e+00
2.0981e-05
8.8215e-06
0.0000e+00
2.2173e-05
2.7704e-04
0.0000e+00
2.1935e-05
1.1921e-06
0.0000e+00
2.2888e-05
9.5367e-07
0.0000e+00
2.1935e-05
1.9073e-06
0.0000e+00
2.2173e-05
7.8678e-06
4.0531e-06
0.0000e+00
1.9073e-05
0.0000e+00
2.1935e-05
5.9605e-06
0.0000e+00
2.1935e-05
9.0599e-06
0.0000e+00
2.4080e-05
9.5367e-07
0.0000e+00
2.1935e-05
9.5367e-07
1.9073e-06
0.0000e+00
9.0599e-06
1.9073e-06
9.5367e-07
1.3113e-05
0.0000e+00
2.2888e-05
9.5367e-07
0.0000e+00
2.2173e-05
3.8147e-06
2.1458e-06
9.5367e-07
2.0027e-05
0.0000e+00
2.1935e-05
3.8147e-06
1.9073e-06
0.0000e+00
2.8133e-05
1.9073e-06
0.0000e+00
1.9073e-05
0.0000e+00
2.2173e-05
9.5367e-07
0.0000e+00
2.1935e-05
9.5367e-07
4.6206e-04
0.0000e+00
9.5367e-07
0.0000e+00
2.3127e-05
0.0000e+00
0.0000e+00
2.1935e-05
9.5367e-07
0.0000e+00
2.2173e-05
0.0000e+00
0.0000e+00
2.1935e-05
3.4094e-05
0.0000e+00
2.1935e-05
2.1458e-06
0.0000e+00
2.5034e-05
9.0599e-06
0.0000e+00
2.1935e-05
9.5367e-07
0.0000e+00
2.2888e-05
9.5367e-07
0.0000e+00
2.1935e-05
9.5367e-07
0.0000e+00
2.0981e-05
1.1921e-06
0.0000e+00
2.0981e-05
5.8889e-05
0.0000e+00
2.1935e-05
1.9073e-06
0.0000e+00
2.1219e-05
1.6928e-05
1.9073e-06
0.0000e+00
2.2888e-05
0.0000e+00
2.3127e-05
9.5367e-07
0.0000e+00
2.2173e-05
9.5367e-07
0.0000e+00
2.1935e-05
3.4404e-04
2.1458e-06
0.0000e+00
2.0981e-05
0.0000e+00
2.2173e-05
6.9141e-06
0.0000e+00
2.1935e-05
1.9073e-06
1.9073e-06
1.1921e-06
2.0027e-05
0.0000e+00
2.1935e-05
9.5367e-07
0.0000e+00
2.2173e-05
1.1301e-04
0.0000e+00
3.0041e-05
1.9073e-06
2.1458e-06
0.0000e+00
1.3113e-05
1.9073e-06
0.0000e+00
1.8120e-05
0.0000e+00
2.3842e-05
8.1062e-06
9.5367e-07
9.5367e-07
2.1219e-05
0.0000e+00
2.1935e-05
9.5367e-07
1.4210e-04
0.0000e+00
0.0000e+00
0.0000e+00
2.1935e-05
9.5367e-07
0.0000e+00
2.1935e-05
9.5367e-07
1.9073e-06
9.5367e-07
1.1921e-06
0.0000e+00
2.2888e-05
6.9809e-04
0.0000e+00
2.1935e-05
7.8678e-06
0.0000e+00
2.2173e-05
9.5367e-07
0.0000e+00
2.0981e-05
7.1049e-05
1.9073e-06
0.0000e+00
2.0981e-05
0.0000e+00
2.1935e-05
9.5367e-07
0.0000e+00
2.2173e-05
9.5367e-07
0.0000e+00
2.0981e-05
1.1921e-06
0.0000e+00
2.1935e-05
9.5367e-07
0.0000e+00
2.2888e-05
1.3113e-04
1.9073e-06
0.0000e+00
1.9789e-05
0.0000e+00
2.3127e-05
6.9141e-06
0.0000e+00
2.2173e-05
9.5367e-07
0.0000e+00
2.0981e-05
2.4390e-04
0.0000e+00
2.1935e-05
1.1921e-06
0.0000e+00
2.1935e-05
3.0994e-06
1.9073e-06
9.5367e-07
2.0981e-05
2.1458e-06
0.0000e+00
1.1921e-05
0.0000e+00
2.3127e-05
1.1921e-06
0.0000e+00
2.1935e-05
1.0967e-05
0.0000e+00
2.1219e-05
9.5367e-07
0.0000e+00
2.1935e-05
0.0000e+00
0.0000e+00
2.1935e-05
9.5367e-07
0.0000e+00
2.0981e-05
1.1921e-06
5.0068e-06
9.5367e-07
9.5367e-07
0.0000e+00
2.1935e-05
9.5367e-07
0.0000e+00
2.3127e-05
9.5367e-07
0.0000e+00
2.0981e-05
9.5367e-07
0.0000e+00
2.2173e-05
9.5367e-07
0.0000e+00
2.1935e-05
9.5367e-07
0.0000e+00
2.0981e-05
0.0000e+00
0.0000e+00
2.1935e-05
1.1921e-06
0.0000e+00
2.0981e-05
9.5367e-07
0.0000e+00
2.1935e-05
4.8685e-04
0.0000e+00
2.2888e-05
1.7166e-05
0.0000e+00
2.1935e-05
1.0967e-05
0.0000e+00
2.2173e-05
1.0014e-05
0.0000e+00
2.0981e-05
1.9073e-06
0.0000e+00
2.0981e-05
9.5367e-07
0.0000e+00
2.1935e-05
9.5367e-07
0.0000e+00
2.1935e-05
9.5367e-07
0.0000e+00
2.8849e-05
5.8222e-04
0.0000e+00
2.1935e-05
0.0000e+00
0.0000e+00
2.2173e-05
9.5367e-07
0.0000e+00
2.1935e-05
9.8944e-05
0.0000e+00
2.2173e-05
9.0599e-06
0.0000e+00
2.1935e-05
4.0054e-05
0.0000e+00
2.1935e-05
2.1458e-06
1.9073e-06
0.0000e+00
2.0981e-05
0.0000e+00
2.8849e-05
1.1921e-06
9.5367e-07
0.0000e+00
1.2159e-05
0.0000e+00
2.2888e-05
0.0000e+00
0.0000e+00
2.2173e-05
9.5367e-07
0.0000e+00
2.1935e-05
4.7684e-06
0.0000e+00
2.2888e-05
9.5367e-07
9.5367e-07
0.0000e+00
2.0027e-05
0.0000e+00
2.1935e-05
0.0000e+00
0.0000e+00
2.1935e-05
3.8886e-04
2.1935e-05
6.9141e-06
9.5367e-07
0.0000e+00
2.4080e-05
0.0000e+00
5.0068e-06
0.0000e+00
5.0068e-06
0.0000e+00
2.2173e-05
1.5020e-05
0.0000e+00
2.1935e-05
1.5903e-04
8.1062e-06
0.0000e+00
1.5020e-05
0.0000e+00
2.2888e-05
9.5367e-07
0.0000e+00
2.6941e-05
2.1458e-06
0.0000e+00
2.4080e-05
4.0531e-06
0.0000e+00
3.0041e-05
1.6689e-04
0.0000e+00
2.2173e-05
0.0000e+00
0.0000e+00
2.1935e-05
1.1921e-06
0.0000e+00
2.1935e-05
6.9141e-06
0.0000e+00
2.1935e-05
9.5367e-07
0.0000e+00
2.2173e-05
9.5367e-07
0.0000e+00
2.0981e-05
1.1921e-06
0.0000e+00
2.1935e-05
1.1921e-06
0.0000e+00
2.2888e-05
9.5367e-07
0.0000e+00
2.1935e-05
9.5367e-07
2.6011e-04
9.5367e-07
0.0000e+00
1.4067e-05
0.0000e+00
0.0000e+00
0.0000e+00
2.3127e-05
0.0000e+00
0.0000e+00
2.1935e-05
0.0000e+00
0.0000e+00
2.1935e-05
9.5367e-07
0.0000e+00
2.1935e-05
1.1921e-06
0.0000e+00
3.0041e-05
1.3089e-04
0.0000e+00
2.1935e-05
9.5367e-07
0.0000e+00
2.1935e-05
9.5367e-07
0.0000e+00
2.0981e-05
1.9789e-05
0.0000e+00
2.1935e-05
9.0599e-06
0.0000e+00
2.1935e-05
9.5367e-07
0.0000e+00
2.0981e-05
9.5367e-07
2.1458e-06
9.5367e-07
8.8215e-06
0.0000e+00
2.6941e-05
9.5367e-07
0.0000e+00
2.2173e-05
9.5367e-07
0.0000e+00
2.1935e-05
9.5367e-07
0.0000e+00
2.0981e-05
9.5367e-07
3.2115e-04
9.5367e-07
9.5367e-07
0.0000e+00
2.3127e-05
6.9141e-06
0.0000e+00
2.1935e-05
2.1458e-06
0.0000e+00
2.1935e-05
9.0599e-06
0.0000e+00
3.0041e-05
9.5367e-07
0.0000e+00
2.1935e-05
9.5367e-07
0.0000e+00
2.2173e-05
9.5367e-07
0.0000e+00
2.1935e-05
3.1900e-04
2.1458e-06
0.0000e+00
3.0041e-05
0.0000e+00
2.2888e-05
9.5367e-07
5.0068e-06
9.5367e-07
3.0994e-06
9.5367e-07
0.0000e+00
2.1935e-05
0.0000e+00
2.4080e-05
1.1921e-06
0.0000e+00
2.1935e-05
9.5367e-07
0.0000e+00
2.1935e-05
9.5367e-07
0.0000e+00
2.1935e-05
0.0000e+00
0.0000e+00
2.2173e-05
9.5367e-07
0.0000e+00
2.4080e-05
9.5367e-07
0.0000e+00
2.0981e-05
9.5367e-07
2.1458e-06
9.5367e-07
9.0599e-06
0.0000e+00
2.1935e-05
9.5367e-07
0.0000e+00
2.1935e-05
9.5367e-07
9.5367e-07
0.0000e+00
0.0000e+00
0.0000e+00
2.2888e-05
0.0000e+00
0.0000e+00
2.1935e-05
0.0000e+00
0.0000e+00
2.2173e-05
0.0000e+00
0.0000e+00
2.1935e-05
0.0000e+00
3.8147e-06
0.0000e+00
9.5367e-07
0.0000e+00
2.2888e-05
9.6703e-04
0.0000e+00
2.2173e-05
9.5367e-07
0.0000e+00
3.0994e-05
9.5367e-07
0.0000e+00
2.1935e-05
9.5367e-07
0.0000e+00
2.2173e-05
6.8903e-05
0.0000e+00
2.0981e-05
9.5367e-07
0.0000e+00
2.0981e-05
9.5367e-07
0.0000e+00
2.2173e-05
9.5367e-07
9.0122e-05
0.0000e+00
0.0000e+00
0.0000e+00
2.1935e-05
0.0000e+00
9.5367e-07
0.0000e+00
1.1921e-06
1.9073e-06
9.5367e-07
0.0000e+00
0.0000e+00
2.2888e-05
1.8311e-04
1.4067e-05
0.0000e+00
1.1921e-05
0.0000e+00
2.2173e-05
9.5367e-07
0.0000e+00
2.4080e-05
9.5367e-07
0.0000e+00
2.1935e-05
1.1921e-06
0.0000e+00
2.0981e-05
9.5367e-07
0.0000e+00
2.1935e-05
1.1921e-06
0.0000e+00
2.8849e-05
1.3304e-04
0.0000e+00
2.2173e-05
9.5367e-07
0.0000e+00
2.1935e-05
1.1921e-06
0.0000e+00
2.1935e-05
1.0610e-04
1.9073e-06
0.0000e+00
2.0027e-05
0.0000e+00
2.2173e-05
9.5367e-07
0.0000e+00
2.1935e-05
0.0000e+00
0.0000e+00
2.1935e-05
9.5367e-07
2.5415e-04
9.5367e-07
9.5367e-07
0.0000e+00
3.0994e-05
9.5367e-07
0.0000e+00
2.2173e-05
0.0000e+00
0.0000e+00
2.0981e-05
0.0000e+00
0.0000e+00
2.1219e-05
0.0000e+00
0.0000e+00
2.1935e-05
9.5367e-07
0.0000e+00
2.3842e-05
1.5998e-04
0.0000e+00
2.1935e-05
9.5367e-07
2.1458e-06
9.5367e-07
1.9073e-05
0.0000e+00
3.6955e-05
1.9073e-06
0.0000e+00
2.2173e-05
6.7949e-05
0.0000e+00
2.0981e-05
2.8610e-06
0.0000e+00
2.0981e-05
9.5367e-07
1.9073e-06
9.5367e-07
1.9789e-05
1.9073e-06
9.5367e-07
2.5034e-05
0.0000e+00
2.1935e-05
1.1921e-06
9.5367e-07
0.0000e+00
2.0027e-05
0.0000e+00
2.2173e-05
6.9141e-06
0.0000e+00
2.9087e-05
9.5367e-07
0.0000e+00
2.2173e-05
9.5367e-07
0.0000e+00
2.1935e-05
2.8610e-06
0.0000e+00
2.2173e-05
0.0000e+00
9.5367e-07
0.0000e+00
2.1458e-06
0.0000e+00
2.1935e-05
0.0000e+00
9.5367e-07
0.0000e+00
5.9605e-06
0.0000e+00
2.1935e-05
9.5367e-07
0.0000e+00
2.2173e-05
5.9605e-06
0.0000e+00
2.9087e-05
7.7581e-04
0.0000e+00
2.2888e-05
9.0599e-06
0.0000e+00
2.1935e-05
1.1921e-06
0.0000e+00
2.1935e-05
9.5367e-07
0.0000e+00
2.1219e-05
9.5367e-07
0.0000e+00
2.1935e-05
1.6403e-04
0.0000e+00
2.2173e-05
7.1526e-06
1.6928e-05
0.0000e+00
1.3113e-05
0.0000e+00
3.0994e-05
9.5367e-07
9.5367e-07
0.0000e+00
1.3113e-05
0.0000e+00
2.1935e-05
3.0994e-06
1.9073e-06
9.5367e-07
2.1219e-05
0.0000e+00
2.1935e-05
4.6015e-05
0.0000e+00
2.1935e-05
9.5367e-07
0.0000e+00
2.1935e-05
7.1526e-06
0.0000e+00
2.1935e-05
0.0000e+00
0.0000e+00
2.1935e-05
1.9073e-06
0.0000e+00
2.2888e-05
0.0000e+00
9.5367e-07
0.0000e+00
8.1062e-06
0.0000e+00
2.1935e-05
2.1458e-06
0.0000e+00
2.1935e-05
1.1921e-06
0.0000e+00
2.1935e-05
1.9073e-06
0.0000e+00
2.1935e-05
9.5367e-07
0.0000e+00
2.1935e-05
9.5367e-07
0.0000e+00
2.1219e-05
2.8610e-06
0.0000e+00
2.2888e-05
9.5367e-07
0.0000e+00
2.2173e-05
9.5367e-07
0.0000e+00
2.0981e-05
0.0000e+00
9.5367e-07
0.0000e+00
1.9073e-05
0.0000e+00
2.1935e-05
5.9414e-04
0.0000e+00
2.1935e-05
9.5367e-07
0.0000e+00
2.0981e-05
9.5367e-07
0.0000e+00
2.2173e-05
9.5367e-07
0.0000e+00
2.3127e-05
9.5367e-07
2.1458e-06
9.5367e-07
1.2875e-05
1.1921e-06
0.0000e+00
2.0981e-05
0.0000e+00
2.2173e-05
5.1093e-04
0.0000e+00
2.1935e-05
9.5367e-07
0.0000e+00
2.1935e-05
9.5367e-07
0.0000e+00
2.2173e-05
1.9073e-06
0.0000e+00
2.2173e-05
9.5367e-07
0.0000e+00
3.0041e-05
9.5367e-07
2.1458e-06
0.0000e+00
2.0027e-05
0.0000e+00
2.4080e-05
7.8678e-06
0.0000e+00
2.2173e-05
2.8610e-06
0.0000e+00
2.1935e-05
1.1921e-06
0.0000e+00
2.1935e-05
9.5367e-07
1.1921e-06
0.0000e+00
2.0981e-05
0.0000e+00
2.1935e-05
1.1921e-06
0.0000e+00
2.1935e-05
0.0000e+00
0.0000e+00
2.9087e-05
9.5367e-07
0.0000e+00
2.3127e-05
9.5367e-07
0.0000e+00
2.2888e-05
9.5367e-07
2.1458e-06
0.0000e+00
9.5367e-07
1.9073e-06
1.1921e-06
1.5974e-05
1.9073e-06
0.0000e+00
2.0981e-05
0.0000e+00
2.3127e-05
9.5367e-07
9.5367e-07
0.0000e+00
1.8835e-05
0.0000e+00
2.2173e-05
9.5367e-07
0.0000e+00
2.0981e-05
9.5367e-07
0.0000e+00
2.2888e-05
7.3044e-02
