8.7891e-03
4.1962e-05
4.5061e-05
1.0014e-05
3.8147e-06
0.0000e+00
1.4496e-04
4.0531e-06
2.5988e-05
1.9073e-06
5.0068e-06
0.0000e+00
1.1897e-04
3.8147e-06
1.1921e-05
9.5367e-07
3.0994e-06
1.1206e-04
9.5367e-07
2.8610e-06
0.0000e+00
1.0300e-04
2.1458e-06
0.0000e+00
9.7990e-05
4.0531e-06
1.4067e-05
2.1458e-06
3.0994e-06
2.0027e-05
9.5367e-07
3.6001e-05
9.2983e-05
2.1458e-06
2.8610e-06
0.0000e+00
9.8944e-05
4.0531e-06
0.0000e+00
1.0514e-04
1.0014e-05
0.0000e+00
9.7036e-05
4.0531e-06
0.0000e+00
9.2983e-05
7.8678e-06
2.0027e-05
9.5367e-07
2.1458e-06
0.0000e+00
9.6798e-05
1.9073e-06
9.0599e-06
9.5367e-07
1.9073e-06
3.8147e-06
9.5367e-07
6.1989e-06
8.7976e-05
9.5367e-07
2.1458e-06
0.0000e+00
1.2016e-04
2.8610e-06
1.0300e-04
1.9073e-06
1.9073e-06
3.9101e-05
9.5367e-07
2.8610e-06
9.7990e-05
1.1921e-06
2.8610e-06
9.7036e-05
9.5367e-07
1.9073e-06
3.8862e-05
1.1921e-06
2.1458e-06
0.0000e+00
9.6083e-05
3.0994e-06
7.1526e-06
9.5367e-07
8.1062e-06
0.0000e+00
9.6083e-05
4.0531e-06
0.0000e+00
9.7036e-05
4.0531e-06
0.0000e+00
9.5844e-05
2.8610e-06
5.0068e-06
1.1921e-06
5.0068e-06
0.0000e+00
9.5129e-05
1.5020e-05
0.0000e+00
9.5129e-05
4.0531e-06
0.0000e+00
9.4175e-05
2.8610e-06
0.0000e+00
9.5844e-05
2.8610e-06
0.0000e+00
9.2983e-05
2.8610e-06
0.0000e+00
9.7036e-05
1.0967e-05
0.0000e+00
9.5844e-05
1.9073e-06
6.9141e-06
9.5367e-07
8.1062e-06
0.0000e+00
9.6083e-05
3.0994e-06
0.0000e+00
8.9884e-05
1.0014e-05
5.9605e-06
9.5367e-07
6.9141e-06
5.0068e-06
1.9073e-06
3.0994e-06
0.0000e+00
9.2030e-05
9.0599e-06
0.0000e+00
9.2030e-05
3.0994e-06
1.5807e-04
2.1458e-06
3.0994e-06
0.0000e+00
9.7990e-05
1.9073e-06
0.0000e+00
9.7990e-05
4.0531e-06
0.0000e+00
1.0204e-04
1.1206e-05
1.0014e-05
1.1921e-06
1.9073e-06
0.0000e+00
9.3937e-05
4.0531e-06
1.0967e-05
1.9073e-06
2.1458e-06
9.0599e-06
2.1458e-06
1.9073e-06
9.0599e-06
1.9073e-06
1.9073e-06
8.8215e-06
9.5367e-07
5.9605e-06
0.0000e+00
9.2030e-05
2.8610e-06
0.0000e+00
9.7036e-05
5.0068e-06
2.5034e-05
9.5367e-07
1.9073e-06
1.8120e-05
1.1921e-06
1.9073e-06
5.0068e-06
2.1935e-05
1.0967e-05
0.0000e+00
9.7036e-05
3.0994e-06
0.0000e+00
9.5844e-05
7.1526e-06
0.0000e+00
9.5129e-05
2.8610e-06
0.0000e+00
9.3937e-05
8.4877e-05
1.0490e-04
9.5367e-07
1.9073e-06
0.0000e+00
9.2983e-05
3.3140e-05
0.0000e+00
9.0837e-05
3.0994e-06
0.0000e+00
9.1076e-05
4.0531e-06
0.0000e+00
9.5129e-05
7.8678e-06
0.0000e+00
9.3937e-05
2.1458e-06
0.0000e+00
9.5844e-05
8.1062e-06
0.0000e+00
9.6083e-05
2.8610e-06
7.8678e-06
9.5367e-07
4.0531e-06
0.0000e+00
9.6798e-05
7.8678e-06
0.0000e+00
1.0395e-04
3.0994e-06
6.9141e-06
1.9073e-06
2.1458e-06
0.0000e+00
1.2016e-04
8.1062e-06
0.0000e+00
9.4175e-05
6.9141e-06
0.0000e+00
9.3937e-05
3.0994e-06
0.0000e+00
9.2983e-05
3.0994e-06
0.0000e+00
9.5129e-05
3.0994e-06
0.0000e+00
9.7036e-05
3.0994e-06
0.0000e+00
1.0300e-04
1.0014e-05
0.0000e+00
9.7990e-05
8.1062e-06
0.0000e+00
9.9897e-05
5.9605e-06
5.9605e-06
1.1921e-06
6.9141e-06
0.0000e+00
9.7036e-05
6.9141e-06
0.0000e+00
9.4891e-05
2.8610e-06
5.9605e-06
2.1458e-06
2.1458e-06
5.9605e-06
9.5367e-07
2.4080e-05
0.0000e+00
9.4175e-05
3.0994e-06
0.0000e+00
9.9182e-05
4.0531e-06
1.5974e-05
1.9073e-06
2.1458e-06
5.9605e-06
1.9073e-06
2.1458e-06
7.0095e-05
2.5034e-05
1.9073e-06
0.0000e+00
9.5844e-05
3.0994e-06
0.0000e+00
9.2983e-05
2.8610e-06
0.0000e+00
9.2030e-05
4.0531e-06
5.9605e-06
9.5367e-07
1.9073e-06
9.0599e-06
9.5367e-07
1.9073e-06
1.5974e-05
9.5367e-07
1.9073e-06
1.1015e-04
2.1458e-06
1.9073e-06
1.2279e-04
9.5367e-07
3.0994e-06
0.0000e+00
9.5129e-05
3.0994e-06
0.0000e+00
9.5129e-05
3.0994e-06
0.0000e+00
9.6798e-05
2.8610e-06
5.9605e-06
1.1921e-06
1.9073e-06
0.0000e+00
9.2983e-05
7.8678e-06
0.0000e+00
9.3937e-05
3.0994e-06
5.0068e-06
0.0000e+00
2.8610e-06
0.0000e+00
9.2983e-05
5.0068e-06
2.6941e-05
9.5367e-07
2.8610e-06
0.0000e+00
9.6083e-05
3.0994e-06
0.0000e+00
9.6083e-05
5.0068e-06
0.0000e+00
9.4175e-05
2.8610e-06
0.0000e+00
9.2030e-05
2.8610e-06
0.0000e+00
9.3937e-05
3.0994e-06
7.1526e-06
1.9073e-06
5.9605e-06
5.8174e-05
9.5367e-07
3.0994e-06
1.2612e-04
1.1921e-06
3.0994e-06
5.9605e-06
9.5367e-07
1.9073e-06
0.0000e+00
9.6083e-05
2.8610e-06
0.0000e+00
9.3937e-05
6.1035e-05
1.0800e-04
1.9073e-06
3.0994e-06
0.0000e+00
1.2612e-04
2.8610e-06
0.0000e+00
9.5129e-05
3.8147e-06
1.1921e-05
9.5367e-07
3.0994e-06
8.1062e-06
9.5367e-07
1.3113e-05
0.0000e+00
1.0586e-04
3.0994e-06
0.0000e+00
9.2983e-05
2.8610e-06
5.9605e-06
2.1458e-06
7.1526e-06
0.0000e+00
9.3937e-05
2.8610e-06
0.0000e+00
9.6083e-05
6.9141e-06
5.9605e-06
2.1458e-06
3.0994e-06
1.0967e-05
9.5367e-07
2.8610e-06
0.0000e+00
9.5844e-05
2.8610e-06
0.0000e+00
9.3937e-05
8.1062e-06
8.1062e-05
1.1921e-06
1.9073e-06
0.0000e+00
1.0586e-04
2.1458e-06
0.0000e+00
9.5129e-05
3.0994e-06
0.0000e+00
9.2030e-05
3.8147e-06
5.9605e-06
9.5367e-07
1.9073e-06
5.0068e-06
9.5367e-07
2.5034e-05
4.0531e-06
1.9073e-06
2.8610e-06
0.0000e+00
9.5129e-05
1.9073e-06
0.0000e+00
9.1076e-05
2.8610e-06
0.0000e+00
9.1076e-05
8.4877e-05
0.0000e+00
1.0490e-04
3.0994e-06
7.1526e-06
9.5367e-07
2.1458e-06
0.0000e+00
9.5129e-05
1.9073e-06
0.0000e+00
9.5129e-05
3.0994e-06
0.0000e+00
9.2983e-05
2.1458e-06
0.0000e+00
1.2684e-04
4.0531e-06
0.0000e+00
9.5844e-05
4.0531e-06
0.0000e+00
9.6083e-05
3.8147e-06
0.0000e+00
1.0705e-04
2.8610e-06
6.9141e-06
9.5367e-07
3.0994e-06
0.0000e+00
9.6083e-05
1.0014e-05
0.0000e+00
9.5129e-05
3.0994e-06
0.0000e+00
9.6083e-05
2.1458e-06
0.0000e+00
1.1611e-04
4.0531e-06
6.9141e-06
9.5367e-07
2.8610e-06
5.0068e-06
9.5367e-07
3.0994e-06
0.0000e+00
9.4175e-05
3.0994e-06
0.0000e+00
9.2983e-05
2.8610e-06
0.0000e+00
9.4891e-05
4.0531e-06
0.0000e+00
9.0837e-05
3.0994e-06
0.0000e+00
1.0109e-04
8.1062e-06
0.0000e+00
9.7036e-05
6.9141e-06
6.1989e-06
1.9073e-06
1.9073e-06
6.1989e-06
9.5367e-07
3.0994e-06
0.0000e+00
9.5129e-05
3.0994e-06
0.0000e+00
9.2030e-05
1.8120e-05
0.0000e+00
1.0419e-04
1.9073e-06
3.8147e-06
9.5367e-07
1.1921e-06
0.0000e+00
9.4175e-05
1.9073e-06
5.9605e-06
9.5367e-07
5.9605e-06
0.0000e+00
9.4891e-05
3.0994e-06
0.0000e+00
9.1076e-05
4.0531e-06
0.0000e+00
9.6083e-05
3.0994e-06
5.9605e-06
9.5367e-07
3.0994e-06
9.7036e-05
9.5367e-07
1.9073e-06
5.0068e-06
1.9073e-06
3.0994e-06
0.0000e+00
9.2030e-05
8.4877e-05
0.0000e+00
9.2030e-05
3.0994e-06
0.0000e+00
9.6083e-05
1.9073e-06
0.0000e+00
9.2983e-05
4.0531e-06
5.9605e-06
9.5367e-07
3.0994e-06
0.0000e+00
1.1802e-04
3.0994e-06
5.0068e-06
9.5367e-07
2.1458e-06
5.0068e-06
9.5367e-07
1.9073e-06
0.0000e+00
9.4891e-05
7.1526e-06
0.0000e+00
9.1791e-05
3.0994e-06
1.0300e-04
9.5367e-07
1.9073e-06
5.9605e-06
9.5367e-07
2.1458e-06
0.0000e+00
9.2983e-05
7.3910e-05
6.1989e-06
9.5367e-07
5.3167e-05
0.0000e+00
9.5844e-05
2.1458e-06
0.0000e+00
1.1587e-04
4.0531e-06
6.9141e-06
1.1921e-06
2.8610e-06
0.0000e+00
9.4891e-05
3.0994e-06
0.0000e+00
1.0180e-04
2.1458e-06
0.0000e+00
8.9884e-05
3.0994e-06
5.9605e-06
9.5367e-07
3.0994e-06
5.0068e-06
1.1921e-06
1.9073e-06
2.2173e-05
9.5367e-07
6.1989e-06
0.0000e+00
9.1076e-05
1.7881e-04
0.0000e+00
9.5129e-05
2.8610e-06
0.0000e+00
1.2088e-04
3.0994e-06
0.0000e+00
9.6083e-05
2.8610e-06
0.0000e+00
9.2030e-05
3.0994e-06
0.0000e+00
9.3937e-05
2.8610e-06
0.0000e+00
9.7036e-05
3.8147e-06
1.9073e-05
9.5367e-07
3.0994e-06
5.0068e-06
9.5367e-07
2.1458e-06
5.0068e-06
1.1921e-06
2.8610e-06
0.0000e+00
9.5844e-05
5.3167e-05
0.0000e+00
1.2016e-04
2.8610e-06
0.0000e+00
9.3937e-05
3.0994e-06
0.0000e+00
9.7990e-05
3.0994e-06
0.0000e+00
9.2030e-05
2.1458e-06
0.0000e+00
9.1076e-05
5.0068e-06
0.0000e+00
9.7990e-05
2.8610e-06
6.9141e-06
9.5367e-07
3.0994e-06
0.0000e+00
9.2030e-05
3.0994e-06
0.0000e+00
1.1802e-04
3.8147e-06
0.0000e+00
9.7036e-05
2.1458e-06
0.0000e+00
1.0085e-04
3.0994e-06
5.9605e-06
9.5367e-07
3.0994e-06
0.0000e+00
9.6083e-05
3.0994e-06
5.9605e-06
2.1458e-06
1.9073e-06
0.0000e+00
9.1076e-05
5.0068e-06
0.0000e+00
9.7036e-05
5.0068e-06
0.0000e+00
9.2983e-05
3.0994e-06
0.0000e+00
1.2112e-04
5.0068e-06
0.0000e+00
9.2983e-05
2.8610e-06
0.0000e+00
1.0085e-04
3.0994e-06
0.0000e+00
9.0837e-05
4.0531e-06
0.0000e+00
9.0837e-05
5.0068e-06
0.0000e+00
9.4891e-05
3.0994e-06
0.0000e+00
9.5129e-05
3.0994e-06
0.0000e+00
9.5129e-05
2.8610e-06
5.9605e-06
1.9073e-06
2.8610e-06
0.0000e+00
9.3937e-05
2.8610e-06
0.0000e+00
1.0204e-04
3.0994e-06
0.0000e+00
9.1076e-05
4.0531e-06
0.0000e+00
9.4175e-05
5.0068e-06
0.0000e+00
9.4891e-05
3.0994e-06
0.0000e+00
9.2983e-05
3.8147e-06
0.0000e+00
9.6083e-05
4.0531e-06
0.0000e+00
9.7036e-05
4.0531e-06
1.1730e-03
1.9073e-06
3.0994e-06
1.6928e-05
9.5367e-07
1.9073e-06
5.0068e-06
9.5367e-07
2.8610e-06
0.0000e+00
1.0610e-04
1.9073e-06
5.0068e-06
9.5367e-07
9.5367e-07
0.0000e+00
9.5844e-05
1.9073e-06
7.1526e-06
9.5367e-07
3.0994e-06
0.0000e+00
9.5844e-05
1.0967e-05
5.0068e-06
9.5367e-07
2.1458e-06
0.0000e+00
9.4175e-05
4.0531e-06
0.0000e+00
9.4891e-05
3.3140e-05
7.2002e-05
9.5367e-07
3.0994e-06
5.0068e-06
1.9073e-06
2.8610e-06
1.6689e-04
9.5367e-07
2.1458e-06
5.0068e-06
1.1921e-06
2.8610e-06
0.0000e+00
9.3937e-05
2.8610e-06
0.0000e+00
9.3937e-05
2.1458e-06
0.0000e+00
9.2030e-05
5.0068e-06
0.0000e+00
9.2983e-05
2.8610e-06
0.0000e+00
1.2612e-04
5.0068e-06
0.0000e+00
9.2030e-05
2.8610e-06
5.9605e-06
9.5367e-07
4.0531e-06
2.2888e-05
9.5367e-07
1.9073e-06
0.0000e+00
9.6083e-05
2.8610e-06
9.5844e-05
9.5367e-07
1.9073e-06
8.8930e-05
1.1921e-06
1.9073e-06
5.9605e-06
9.5367e-07
2.8610e-06
0.0000e+00
9.7036e-05
4.0531e-06
6.9141e-06
2.1458e-06
2.8610e-06
3.0303e-04
9.5367e-07
2.1458e-06
0.0000e+00
9.5129e-05
2.8610e-06
6.9141e-06
2.1458e-06
1.9073e-06
0.0000e+00
9.3937e-05
2.8610e-06
0.0000e+00
9.2983e-05
4.0531e-06
0.0000e+00
9.5844e-05
2.8610e-06
0.0000e+00
9.5844e-05
3.8147e-06
0.0000e+00
1.0395e-04
4.0531e-06
5.9605e-06
9.5367e-07
1.9073e-06
0.0000e+00
9.7036e-05
3.0994e-06
5.0068e-06
2.1458e-06
5.0068e-06
0.0000e+00
9.1791e-05
2.8610e-06
5.9605e-06
1.1921e-06
2.8610e-06
5.0068e-06
9.5367e-07
2.1458e-06
0.0000e+00
9.2030e-05
3.0994e-06
0.0000e+00
9.2030e-05
4.0531e-06
3.0112e-04
2.1458e-06
2.8610e-06
8.0824e-05
9.5367e-07
9.5367e-07
5.0068e-06
9.5367e-07
1.9073e-06
0.0000e+00
9.3937e-05
9.7036e-05
8.6069e-05
1.1921e-06
1.9073e-06
4.7684e-06
9.5367e-07
2.1458e-06
2.0409e-04
1.1921e-06
1.9073e-06
0.0000e+00
9.8944e-05
2.8610e-06
0.0000e+00
9.6083e-05
2.8610e-06
0.0000e+00
9.6083e-05
3.0994e-06
0.0000e+00
9.3937e-05
2.8610e-06
5.9605e-06
1.1921e-06
1.9073e-06
0.0000e+00
9.7036e-05
2.8610e-06
8.8215e-06
9.5367e-07
1.9073e-06
5.0068e-06
9.5367e-07
3.0994e-06
0.0000e+00
9.3937e-05
3.0994e-06
0.0000e+00
9.7990e-05
3.0994e-06
0.0000e+00
1.0514e-04
4.0531e-06
0.0000e+00
9.2030e-05
4.0531e-06
0.0000e+00
9.8944e-05
3.0994e-06
0.0000e+00
9.3937e-05
2.8610e-06
0.0000e+00
9.3937e-05
2.8610e-06
7.8678e-06
2.1458e-06
1.9073e-06
0.0000e+00
9.3937e-05
2.8610e-06
5.9605e-06
9.5367e-07
2.8610e-06
5.0068e-06
9.5367e-07
3.0994e-06
0.0000e+00
9.7036e-05
3.0994e-06
0.0000e+00
1.0300e-04
2.8610e-06
5.9605e-06
9.5367e-07
2.8610e-06
2.5034e-05
9.5367e-07
2.1458e-06
4.0531e-06
9.5367e-07
6.9141e-06
0.0000e+00
9.2983e-05
4.0531e-06
0.0000e+00
8.9169e-05
3.0994e-06
0.0000e+00
9.2030e-05
1.0800e-04
1.5187e-04
9.5367e-07
1.9073e-06
0.0000e+00
1.0896e-04
2.1458e-06
1.9073e-05
9.5367e-07
1.9073e-06
0.0000e+00
9.4891e-05
3.0994e-06
7.1526e-06
9.5367e-07
2.1458e-06
9.7990e-05
1.9073e-06
9.5367e-07
0.0000e+00
9.3937e-05
3.0994e-06
0.0000e+00
9.2983e-05
2.8610e-06
4.0531e-06
9.5367e-07
2.1458e-06
0.0000e+00
9.5129e-05
2.8610e-06
4.6968e-05
2.1458e-06
4.0531e-06
7.9155e-05
9.5367e-07
2.1458e-06
0.0000e+00
9.5129e-05
1.9073e-06
0.0000e+00
9.2030e-05
4.0531e-06
0.0000e+00
9.5129e-05
4.0531e-06
1.2875e-05
9.5367e-07
1.9073e-06
0.0000e+00
9.2983e-05
3.0994e-06
5.0068e-06
1.9073e-06
3.0994e-06
0.0000e+00
9.2983e-05
3.0994e-06
0.0000e+00
9.6083e-05
5.0068e-06
0.0000e+00
1.0514e-04
2.8610e-06
6.9141e-06
9.5367e-07
1.9073e-06
4.0531e-06
9.5367e-07
2.3842e-05
6.6042e-05
9.5367e-07
3.0994e-06
0.0000e+00
9.5129e-05
2.8610e-06
5.9605e-06
9.5367e-07
2.1458e-06
1.6618e-04
9.5367e-07
1.9073e-06
0.0000e+00
9.4891e-05
3.0994e-06
0.0000e+00
9.2983e-05
2.8610e-06
5.9605e-06
9.5367e-07
2.8610e-06
0.0000e+00
1.0085e-04
4.0531e-06
0.0000e+00
9.6083e-05
2.8610e-06
0.0000e+00
9.1076e-05
2.8610e-06
0.0000e+00
9.3937e-05
3.0994e-06
5.9605e-06
9.5367e-07
3.0994e-06
4.0531e-06
9.5367e-07
9.5367e-07
0.0000e+00
9.4891e-05
4.0531e-06
5.0068e-06
9.5367e-07
1.9073e-06
0.0000e+00
9.6083e-05
3.0994e-06
5.9605e-06
9.5367e-07
3.0994e-06
2.2388e-04
9.5367e-07
3.0994e-06
0.0000e+00
9.5844e-05
2.8610e-06
0.0000e+00
1.0109e-04
2.8610e-06
5.0068e-06
9.5367e-07
3.0994e-06
0.0000e+00
9.2983e-05
1.9073e-06
5.0068e-06
9.5367e-07
2.8610e-06
3.8147e-06
9.5367e-07
2.1458e-06
0.0000e+00
9.3937e-05
3.0994e-06
0.0000e+00
9.3222e-05
4.0531e-06
6.1989e-06
9.5367e-07
4.0531e-06
0.0000e+00
9.7036e-05
4.0531e-06
0.0000e+00
9.2030e-05
4.0531e-06
0.0000e+00
9.1076e-05
2.8610e-06
0.0000e+00
9.2030e-05
3.8147e-06
1.5974e-05
1.1921e-06
2.1458e-06
4.0531e-06
2.1458e-06
1.9073e-06
0.0000e+00
9.5844e-05
3.0994e-06
7.1526e-06
9.5367e-07
3.0994e-06
5.0068e-06
9.5367e-07
1.9073e-06
0.0000e+00
9.2030e-05
1.2398e-04
0.0000e+00
1.2302e-04
4.0531e-06
0.0000e+00
8.8930e-05
3.0994e-06
6.1989e-06
9.5367e-07
3.0994e-06
1.6928e-05
9.5367e-07
1.1921e-06
0.0000e+00
9.4175e-05
1.9073e-06
5.0068e-06
9.5367e-07
2.8610e-06
0.0000e+00
9.4891e-05
3.0994e-06
0.0000e+00
9.3937e-05
4.7684e-06
0.0000e+00
9.5129e-05
3.0994e-06
0.0000e+00
1.1396e-04
3.8147e-06
7.8678e-06
9.5367e-07
1.9073e-06
8.9884e-05
9.5367e-07
2.1458e-06
0.0000e+00
9.5129e-05
2.8610e-06
5.0068e-06
9.5367e-07
2.1458e-06
5.0068e-06
9.5367e-07
2.8610e-06
2.2888e-05
9.5367e-07
5.9605e-06
0.0000e+00
9.2983e-05
5.0068e-05
0.0000e+00
9.5844e-05
4.7684e-06
7.8678e-06
9.5367e-07
2.8610e-06
5.0068e-06
9.5367e-07
3.2902e-05
2.8419e-04
1.9073e-06
2.1458e-06
0.0000e+00
1.2088e-04
3.0994e-06
0.0000e+00
9.6083e-05
4.0531e-06
0.0000e+00
9.2030e-05
4.0531e-06
0.0000e+00
9.3937e-05
5.0068e-06
6.1989e-06
1.9073e-06
3.0994e-06
0.0000e+00
1.0610e-04
3.0994e-06
0.0000e+00
9.4175e-05
4.0531e-06
0.0000e+00
9.3937e-05
2.8610e-06
0.0000e+00
1.1992e-04
3.0994e-06
0.0000e+00
9.1076e-05
3.0994e-06
5.9605e-06
9.5367e-07
3.0994e-06
0.0000e+00
9.3222e-05
4.0531e-06
5.0068e-06
1.9073e-06
1.9073e-06
0.0000e+00
9.2983e-05
2.8610e-06
0.0000e+00
9.2030e-05
2.8610e-06
5.0068e-06
9.5367e-07
3.0994e-06
0.0000e+00
9.4891e-05
4.0531e-06
0.0000e+00
1.1992e-04
4.0531e-06
6.1989e-06
1.9073e-06
2.1458e-06
5.0068e-06
1.9073e-06
2.8610e-06
0.0000e+00
9.2983e-05
3.0994e-06
0.0000e+00
9.2983e-05
3.0994e-06
0.0000e+00
9.2983e-05
2.8610e-06
5.0068e-06
1.1921e-06
4.0531e-06
5.0068e-06
9.5367e-07
1.9073e-06
1.5092e-04
1.9073e-06
3.0994e-06
5.0068e-06
2.1458e-06
9.5367e-07
0.0000e+00
9.3937e-05
7.7963e-05
0.0000e+00
1.1897e-04
3.0994e-06
5.0068e-06
9.5367e-07
6.9141e-06
0.0000e+00
9.6083e-05
2.8610e-06
5.9605e-06
9.5367e-07
3.0994e-06
9.2030e-05
1.9073e-06
1.9073e-06
0.0000e+00
9.5844e-05
4.0531e-06
7.1526e-06
9.5367e-07
2.1458e-06
2.1601e-04
9.5367e-07
9.5367e-07
0.0000e+00
9.5844e-05
1.9073e-06
4.0531e-06
9.5367e-07
2.1458e-06
5.0068e-06
1.1921e-06
2.8610e-06
0.0000e+00
1.2207e-04
3.0994e-06
0.0000e+00
9.0837e-05
2.8610e-06
1.7166e-05
2.1458e-06
1.9073e-06
5.9605e-06
9.5367e-07
7.1526e-06
0.0000e+00
9.5844e-05
4.0531e-06
1.2898e-04
1.9073e-06
2.1458e-06
0.0000e+00
9.6083e-05
3.0994e-06
0.0000e+00
9.5129e-05
2.8610e-06
5.9605e-06
2.1458e-06
3.0994e-06
5.0068e-06
9.5367e-07
2.1458e-06
6.5088e-05
9.5367e-07
2.1458e-06
0.0000e+00
1.2398e-04
4.0531e-06
0.0000e+00
9.2983e-05
5.0068e-06
5.9605e-06
1.9073e-06
2.8610e-06
0.0000e+00
9.6083e-05
2.8610e-06
0.0000e+00
1.0395e-04
3.0994e-06
3.8147e-06
9.5367e-07
2.1458e-06
0.0000e+00
9.5129e-05
3.0994e-06
5.0068e-06
9.5367e-07
1.9073e-06
0.0000e+00
9.4891e-05
2.1458e-06
5.9605e-06
9.5367e-07
4.0531e-06
6.7949e-05
9.5367e-07
1.9073e-06
0.0000e+00
9.4891e-05
3.0994e-06
0.0000e+00
9.4891e-05
5.0068e-06
0.0000e+00
9.4891e-05
3.0994e-06
0.0000e+00
1.0014e-04
2.8610e-06
5.0068e-06
1.1921e-06
1.9073e-06
0.0000e+00
9.6083e-05
2.8610e-06
5.0068e-06
9.5367e-07
1.9073e-06
0.0000e+00
9.2983e-05
5.0068e-06
0.0000e+00
9.4891e-05
4.0531e-06
0.0000e+00
9.1791e-05
3.0994e-06
0.0000e+00
9.3937e-05
5.0068e-06
8.1062e-06
9.5367e-07
3.0994e-06
5.9605e-06
9.5367e-07
2.8610e-06
0.0000e+00
1.0109e-04
2.8610e-06
5.9605e-06
9.5367e-07
2.8610e-06
0.0000e+00
9.3937e-05
2.1458e-06
0.0000e+00
9.1076e-05
4.0531e-06
5.0068e-06
9.5367e-07
3.0994e-06
4.0531e-06
9.5367e-07
1.9073e-06
4.0531e-06
9.5367e-07
1.8120e-05
4.0531e-06
1.1921e-06
3.6001e-05
6.1989e-05
9.5367e-07
9.5367e-07
4.0531e-06
9.5367e-07
8.1062e-06
0.0000e+00
1.0395e-04
4.0531e-06
0.0000e+00
1.0419e-04
2.8610e-06
6.9141e-06
9.5367e-07
1.9073e-06
0.0000e+00
9.4891e-05
2.8610e-06
0.0000e+00
9.2983e-05
1.9073e-06
0.0000e+00
1.2898e-04
4.0531e-06
0.0000e+00
9.2030e-05
2.8610e-06
6.9141e-06
1.1921e-06
1.9073e-06
1.3828e-05
1.9073e-06
1.9073e-06
6.1989e-06
9.5367e-07
3.0994e-06
0.0000e+00
9.3222e-05
2.8610e-06
2.2101e-04
1.1921e-06
1.9073e-06
0.0000e+00
9.6083e-05
1.9073e-06
0.0000e+00
9.4891e-05
3.0994e-06
0.0000e+00
9.4891e-05
4.0531e-06
1.6928e-05
2.1458e-06
1.9073e-06
5.0068e-06
9.5367e-07
3.0994e-06
1.4901e-04
1.1921e-06
1.9073e-06
0.0000e+00
9.8944e-05
2.1458e-06
5.9605e-06
9.5367e-07
3.0994e-06
5.6028e-05
9.5367e-07
2.1458e-06
4.0531e-06
1.1921e-06
1.3828e-05
9.4891e-05
9.5367e-07
1.9073e-06
0.0000e+00
9.6083e-05
2.8610e-06
0.0000e+00
9.2983e-05
3.0994e-06
0.0000e+00
9.2030e-05
4.0531e-06
0.0000e+00
1.2016e-04
4.0531e-06
5.9605e-06
9.5367e-07
1.9073e-06
5.9605e-06
1.1921e-06
1.9073e-06
0.0000e+00
9.2030e-05
4.0531e-06
0.0000e+00
9.4175e-05
4.0531e-06
6.8188e-05
9.5367e-07
1.9073e-06
0.0000e+00
9.2983e-05
3.0994e-06
0.0000e+00
9.2983e-05
4.0531e-06
1.2159e-05
2.1458e-06
1.9073e-06
5.0068e-06
9.5367e-07
2.1458e-06
0.0000e+00
1.1802e-04
2.5034e-05
5.0068e-06
9.5367e-07
3.6001e-05
0.0000e+00
9.5844e-05
2.8610e-06
0.0000e+00
9.9897e-05
3.0994e-06
1.0514e-04
1.1921e-06
2.8610e-06
6.1989e-06
9.5367e-07
2.1458e-06
0.0000e+00
9.5129e-05
4.0531e-06
0.0000e+00
9.0122e-05
2.8610e-06
6.9141e-06
1.1921e-06
1.9073e-06
0.0000e+00
9.2983e-05
1.9073e-06
5.0068e-06
2.4080e-05
4.0531e-06
6.9141e-06
9.5367e-07
3.0994e-06
0.0000e+00
9.4175e-05
2.8610e-06
0.0000e+00
1.0204e-04
2.4080e-04
0.0000e+00
9.1076e-05
2.8610e-06
0.0000e+00
9.3937e-05
3.0994e-06
0.0000e+00
9.2983e-05
2.8610e-06
3.0994e-05
9.5367e-07
2.1458e-06
0.0000e+00
9.5129e-05
4.0531e-06
5.9605e-06
9.5367e-07
5.0068e-06
0.0000e+00
1.0991e-04
4.0531e-06
4.4107e-05
2.1458e-06
1.9073e-06
0.0000e+00
9.5844e-05
2.1458e-06
8.2016e-05
1.1921e-06
1.9073e-06
0.0000e+00
9.4891e-05
2.1458e-06
0.0000e+00
9.2983e-05
2.1458e-06
0.0000e+00
9.1076e-05
3.0994e-06
0.0000e+00
9.2983e-05
4.0531e-06
0.0000e+00
1.3089e-04
4.0531e-06
5.9605e-06
1.1921e-06
2.8610e-06
5.9605e-06
1.1921e-06
2.1458e-06
0.0000e+00
9.2983e-05
2.3127e-05
0.0000e+00
9.3937e-05
2.8610e-06
6.9141e-06
1.1921e-06
1.9073e-06
5.0068e-06
9.5367e-07
3.3140e-05
1.1611e-04
9.5367e-07
2.1458e-06
0.0000e+00
9.7036e-05
3.0994e-06
9.4891e-05
9.5367e-07
2.1458e-06
0.0000e+00
1.0109e-04
1.9073e-06
1.5020e-05
9.5367e-07
4.0531e-06
0.0000e+00
9.5129e-05
6.4850e-05
0.0000e+00
9.6083e-05
3.0994e-06
0.0000e+00
9.2983e-05
2.8610e-06
6.9141e-06
1.1921e-06
2.8610e-06
0.0000e+00
9.3937e-05
3.0994e-06
4.0531e-06
9.5367e-07
2.1458e-06
4.0531e-06
9.5367e-07
1.8835e-05
2.5034e-05
1.1921e-06
1.9073e-05
0.0000e+00
9.9897e-05
3.0994e-06
0.0000e+00
1.1683e-04
4.0531e-06
0.0000e+00
9.2983e-05
4.0531e-06
5.9605e-06
1.9073e-06
9.5367e-07
0.0000e+00
9.5129e-05
2.8610e-06
0.0000e+00
9.3937e-05
3.0994e-06
0.0000e+00
9.2983e-05
3.0994e-06
0.0000e+00
8.8930e-05
4.0531e-06
5.0068e-06
9.5367e-07
2.1458e-06
2.1935e-05
9.5367e-07
1.9073e-06
0.0000e+00
1.2493e-04
2.8610e-06
0.0000e+00
9.7036e-05
2.8610e-06
0.0000e+00
9.3937e-05
2.8610e-06
0.0000e+00
9.2983e-05
3.0994e-06
5.9605e-06
9.5367e-07
3.0994e-06
0.0000e+00
9.2983e-05
1.9073e-06
5.0068e-06
9.5367e-07
2.1458e-06
0.0000e+00
9.4175e-05
3.8147e-06
0.0000e+00
9.2983e-05
3.0994e-06
0.0000e+00
1.2803e-04
6.1989e-06
0.0000e+00
9.5129e-05
3.0994e-06
0.0000e+00
9.2983e-05
2.8610e-06
5.0068e-06
9.5367e-07
2.8610e-06
5.0068e-06
1.9073e-06
6.1989e-06
5.0068e-06
9.5367e-07
2.8610e-06
0.0000e+00
9.2983e-05
8.1062e-05
0.0000e+00
9.6083e-05
3.0994e-06
0.0000e+00
9.2983e-05
3.0994e-06
0.0000e+00
1.3113e-04
5.0068e-06
5.0068e-06
9.5367e-07
2.1458e-06
0.0000e+00
9.5129e-05
3.8147e-06
4.0531e-06
9.5367e-07
3.0994e-06
0.0000e+00
9.5844e-05
5.0068e-06
6.1989e-06
9.5367e-07
3.0994e-06
0.0000e+00
9.2983e-05
2.8610e-06
0.0000e+00
9.2030e-05
4.0531e-06
0.0000e+00
9.4891e-05
3.0994e-06
5.9605e-06
9.5367e-07
3.0994e-06
5.0068e-06
9.5367e-07
2.8610e-06
0.0000e+00
1.0204e-04
3.0994e-06
1.7166e-05
1.9073e-06
1.9073e-06
5.0068e-06
9.5367e-07
3.0994e-06
0.0000e+00
9.5844e-05
2.2388e-04
9.9897e-05
9.5367e-07
2.1458e-06
0.0000e+00
9.5129e-05
2.8610e-06
0.0000e+00
9.2983e-05
3.0994e-06
0.0000e+00
1.0014e-04
4.0531e-06
5.9605e-06
9.5367e-07
3.0994e-06
0.0000e+00
1.2398e-04
7.8678e-06
0.0000e+00
9.4891e-05
4.0531e-06
7.1526e-06
2.1458e-06
9.5367e-07
5.0068e-06
9.5367e-07
1.9073e-06
0.0000e+00
9.2983e-05
2.8610e-06
0.0000e+00
9.3937e-05
3.0994e-06
0.0000e+00
9.6083e-05
3.0994e-06
0.0000e+00
9.1076e-05
2.8610e-06
0.0000e+00
9.6083e-05
4.0531e-06
5.0068e-06
9.5367e-07
2.1458e-06
5.0068e-06
1.1921e-06
2.8610e-06
0.0000e+00
9.7036e-05
3.0994e-06
0.0000e+00
9.2030e-05
3.0994e-06
4.1008e-05
9.5367e-07
1.1921e-06
0.0000e+00
9.6083e-05
1.9073e-06
0.0000e+00
9.6083e-05
3.8147e-06
0.0000e+00
9.3937e-05
4.0531e-06
0.0000e+00
1.5402e-04
4.0531e-06
0.0000e+00
1.2589e-04
5.0068e-06
0.0000e+00
9.3937e-05
4.0531e-06
0.0000e+00
9.2030e-05
3.0994e-06
0.0000e+00
9.8944e-05
3.0994e-06
5.9605e-06
1.9073e-06
3.0994e-06
0.0000e+00
9.4175e-05
3.0994e-06
0.0000e+00
9.3937e-05
4.0531e-06
0.0000e+00
9.2983e-05
2.8610e-06
6.9141e-06
1.1921e-06
4.0531e-06
5.0068e-06
9.5367e-07
3.0994e-06
0.0000e+00
9.5129e-05
1.9073e-06
0.0000e+00
9.2983e-05
3.0994e-06
9.0599e-06
9.5367e-07
3.0994e-06
0.0000e+00
9.1791e-05
3.0994e-06
1.1301e-04
9.5367e-07
1.9073e-06
0.0000e+00
9.5129e-05
2.8610e-06
6.9141e-06
9.5367e-07
1.9073e-06
0.0000e+00
1.0204e-04
3.0994e-06
0.0000e+00
1.1897e-04
3.0994e-06
0.0000e+00
9.2030e-05
3.0994e-06
0.0000e+00
9.0837e-05
3.0994e-06
4.0531e-06
9.5367e-07
4.0531e-06
0.0000e+00
9.9182e-05
2.8610e-06
0.0000e+00
9.4891e-05
2.8610e-06
0.0000e+00
9.3937e-05
3.0994e-06
0.0000e+00
1.0300e-04
3.0994e-06
5.9605e-06
9.5367e-07
1.9073e-06
5.0068e-06
2.5034e-05
2.8610e-06
0.0000e+00
9.3937e-05
4.0531e-06
0.0000e+00
9.2030e-05
2.8610e-06
6.6996e-05
1.1921e-06
2.1458e-06
0.0000e+00
9.5129e-05
2.8610e-06
6.9141e-06
9.5367e-07
1.9073e-06
5.9605e-06
9.5367e-07
3.0994e-06
6.9141e-06
1.9073e-06
2.8610e-06
3.8791e-04
9.5367e-07
3.0994e-06
8.8930e-05
9.5367e-07
9.5367e-07
0.0000e+00
9.7990e-05
2.1458e-06
5.9605e-06
9.5367e-07
3.0994e-06
0.0000e+00
9.6083e-05
4.0531e-06
5.9605e-06
9.5367e-07
3.0994e-06
5.9605e-06
9.5367e-07
2.8610e-06
5.0068e-06
9.5367e-07
3.0994e-06
0.0000e+00
9.5844e-05
1.2207e-04
0.0000e+00
9.2983e-05
3.0994e-06
0.0000e+00
9.3937e-05
3.0994e-06
0.0000e+00
9.5129e-05
1.9073e-06
0.0000e+00
9.1076e-05
5.0068e-06
1.5020e-05
9.5367e-07
3.0994e-06
0.0000e+00
9.6798e-05
4.0531e-06
0.0000e+00
9.2983e-05
4.0531e-06
5.9605e-06
9.5367e-07
1.9073e-06
3.0041e-05
9.5367e-07
2.1458e-06
0.0000e+00
1.0395e-04
2.8610e-06
3.8147e-06
9.5367e-07
3.3140e-05
3.0994e-05
9.5367e-07
7.1526e-06
0.0000e+00
9.2030e-05
3.0994e-06
0.0000e+00
9.4175e-05
3.0994e-06
0.0000e+00
1.1706e-04
4.0531e-06
6.9141e-06
9.5367e-07
3.0994e-06
0.0000e+00
9.6083e-05
3.0994e-06
0.0000e+00
9.5129e-05
2.1458e-06
1.6928e-05
9.5367e-07
1.9073e-06
0.0000e+00
1.0204e-04
2.1458e-06
0.0000e+00
9.1791e-05
3.0994e-06
0.0000e+00
9.2030e-05
2.8610e-06
4.7684e-06
9.5367e-07
3.0994e-06
0.0000e+00
1.2302e-04
5.0068e-06
0.0000e+00
9.6083e-05
2.8610e-06
6.9141e-06
9.5367e-07
3.0994e-06
5.0068e-06
1.1921e-06
2.8610e-06
0.0000e+00
9.4891e-05
3.0994e-06
0.0000e+00
1.0300e-04
1.9073e-06
5.0068e-06
9.5367e-07
3.0994e-06
0.0000e+00
9.2983e-05
3.0994e-06
5.0068e-06
9.5367e-07
3.0994e-06
5.0068e-06
2.1458e-06
1.9073e-06
0.0000e+00
1.1802e-04
1.3304e-04
0.0000e+00
9.6798e-05
4.0531e-06
0.0000e+00
9.0837e-05
4.0531e-06
0.0000e+00
9.3937e-05
3.0994e-06
3.8147e-06
9.5367e-07
2.1458e-06
3.0994e-06
2.1458e-06
2.1458e-06
0.0000e+00
9.1076e-05
3.0994e-06
0.0000e+00
9.1791e-05
3.0994e-06
5.9605e-06
9.5367e-07
5.0068e-06
0.0000e+00
9.2983e-05
2.8610e-06
0.0000e+00
9.1076e-05
4.0531e-06
5.9605e-06
9.5367e-07
2.8610e-06
0.0000e+00
9.2983e-05
3.0994e-06
5.9605e-06
9.5367e-07
3.0994e-06
2.1291e-04
9.5367e-07
2.1458e-06
0.0000e+00
9.5129e-05
2.1458e-06
0.0000e+00
9.2983e-05
3.0994e-06
0.0000e+00
9.0837e-05
3.0994e-06
0.0000e+00
9.2983e-05
2.8610e-06
0.0000e+00
9.7036e-05
4.0531e-06
5.9605e-06
2.1458e-06
2.8610e-06
1.5020e-05
9.5367e-07
4.0531e-06
0.0000e+00
9.7990e-05
3.0994e-06
0.0000e+00
1.0109e-04
3.0994e-06
6.1989e-06
9.5367e-07
3.0994e-06
0.0000e+00
9.5129e-05
2.8610e-06
0.0000e+00
9.4175e-05
3.0994e-06
0.0000e+00
9.5129e-05
5.9605e-06
0.0000e+00
9.5844e-05
3.0994e-06
0.0000e+00
9.3222e-05
3.0994e-06
0.0000e+00
9.2983e-05
4.0531e-06
0.0000e+00
1.0204e-04
4.0531e-06
0.0000e+00
9.4891e-05
3.0994e-06
0.0000e+00
9.4175e-05
2.8610e-06
0.0000e+00
9.8944e-05
2.8610e-06
0.0000e+00
9.3937e-05
3.0994e-06
5.0068e-06
1.9073e-06
2.1458e-06
4.0531e-06
1.1921e-06
1.9073e-06
5.0068e-06
9.5367e-07
3.0994e-06
0.0000e+00
9.4891e-05
4.0531e-06
0.0000e+00
9.1076e-05
2.8610e-06
0.0000e+00
1.0109e-04
2.2888e-05
0.0000e+00
9.4891e-05
3.0994e-06
5.9605e-06
1.9073e-06
3.0994e-06
0.0000e+00
9.2983e-05
3.0994e-06
0.0000e+00
1.1778e-04
4.0531e-06
0.0000e+00
9.5129e-05
1.9073e-06
0.0000e+00
9.2983e-05
5.0068e-06
0.0000e+00
9.7990e-05
1.9073e-06
5.9605e-06
1.1921e-06
3.0994e-06
5.0068e-06
9.5367e-07
3.0994e-06
0.0000e+00
9.1076e-05
3.0994e-06
0.0000e+00
9.2983e-05
2.8610e-06
0.0000e+00
9.4891e-05
3.0994e-06
0.0000e+00
1.1706e-04
4.0531e-06
0.0000e+00
8.9884e-05
3.0994e-06
0.0000e+00
9.5844e-05
4.0531e-06
5.9605e-06
9.5367e-07
2.1458e-06
0.0000e+00
9.3937e-05
4.0531e-06
0.0000e+00
9.7036e-05
2.8610e-06
0.0000e+00
9.2983e-05
3.0994e-06
0.0000e+00
9.6083e-05
3.0994e-06
5.0068e-06
9.5367e-07
3.0994e-06
0.0000e+00
9.7990e-05
3.8147e-06
1.6928e-05
9.5367e-07
1.9073e-06
5.9605e-06
1.1921e-06
1.9073e-06
0.0000e+00
9.2983e-05
2.8610e-06
0.0000e+00
9.7036e-05
2.8610e-06
5.9605e-06
9.5367e-07
3.0994e-06
0.0000e+00
1.0514e-04
2.8610e-06
5.9605e-06
9.5367e-07
1.9073e-06
0.0000e+00
9.0122e-05
3.0994e-06
0.0000e+00
1.2016e-04
4.0531e-06
5.9605e-06
9.5367e-07
1.9073e-06
0.0000e+00
8.9884e-05
1.9073e-06
0.0000e+00
9.1076e-05
3.0994e-06
7.1526e-06
9.5367e-07
1.9073e-06
0.0000e+00
9.3937e-05
5.0068e-06
0.0000e+00
9.4891e-05
2.8610e-06
0.0000e+00
9.9897e-05
3.0994e-06
3.8147e-06
9.5367e-07
3.0994e-06
0.0000e+00
1.1802e-04
3.8147e-06
5.9605e-06
1.1921e-06
3.0994e-06
0.0000e+00
9.7990e-05
3.0994e-06
0.0000e+00
9.2983e-05
3.8147e-06
5.9605e-06
2.1458e-06
9.5367e-07
0.0000e+00
9.4891e-05
2.8610e-06
1.5974e-05
1.1921e-06
3.0994e-06
6.1989e-06
9.5367e-07
3.0994e-06
0.0000e+00
9.2983e-05
3.0994e-06
1.8597e-04
9.5367e-07
1.9073e-06
1.1396e-04
2.1458e-06
1.9073e-06
4.7684e-06
9.5367e-07
1.9073e-06
7.4863e-05
9.5367e-07
2.1458e-06
0.0000e+00
9.5129e-05
1.9073e-06
0.0000e+00
9.4891e-05
3.0994e-06
0.0000e+00
9.4175e-05
4.0531e-06
0.0000e+00
1.0204e-04
3.0994e-06
0.0000e+00
9.3937e-05
3.8147e-06
5.9605e-06
1.9073e-06
4.0531e-06
5.0068e-06
9.5367e-07
3.0994e-06
0.0000e+00
9.7990e-05
3.0994e-06
0.0000e+00
9.7990e-05
2.8610e-06
5.9605e-06
9.5367e-07
1.9073e-06
0.0000e+00
9.4891e-05
3.0994e-06
0.0000e+00
9.4891e-05
4.0531e-06
0.0000e+00
9.3937e-05
2.8610e-06
0.0000e+00
9.5129e-05
2.8610e-06
0.0000e+00
9.2983e-05
3.0994e-06
7.1526e-06
9.5367e-07
3.0994e-06
0.0000e+00
1.1611e-04
4.0531e-06
0.0000e+00
9.3937e-05
2.8610e-06
0.0000e+00
9.3937e-05
2.8610e-06
0.0000e+00
9.3937e-05
3.0994e-06
0.0000e+00
9.5129e-05
2.8610e-06
5.0068e-06
1.1921e-06
3.0994e-06
0.0000e+00
9.3937e-05
2.8610e-06
0.0000e+00
9.4175e-05
2.8610e-06
0.0000e+00
1.2207e-04
4.0531e-06
0.0000e+00
9.7990e-05
2.8610e-06
5.0068e-06
9.5367e-07
3.0994e-06
0.0000e+00
9.5129e-05
4.0531e-06
6.9141e-06
9.5367e-07
2.1458e-06
5.9605e-06
1.9073e-06
2.8610e-06
0.0000e+00
9.7036e-05
2.8610e-06
0.0000e+00
1.0204e-04
2.8610e-06
0.0000e+00
9.2983e-05
2.6941e-05
0.0000e+00
9.4891e-05
4.0531e-06
0.0000e+00
9.2030e-05
3.0994e-06
0.0000e+00
9.2983e-05
4.0531e-06
0.0000e+00
9.4891e-05
3.0994e-06
5.0068e-06
9.5367e-07
3.8147e-06
0.0000e+00
9.3937e-05
4.0531e-06
0.0000e+00
1.0490e-04
2.8610e-06
0.0000e+00
9.3937e-05
3.0994e-06
0.0000e+00
9.1076e-05
4.0531e-06
7.1526e-06
9.5367e-07
2.1458e-06
0.0000e+00
9.7036e-05
4.0531e-06
0.0000e+00
9.2030e-05
4.0531e-06
0.0000e+00
9.2030e-05
3.0994e-06
0.0000e+00
8.9169e-05
4.0531e-06
0.0000e+00
9.1076e-05
3.8147e-06
1.5974e-05
9.5367e-07
2.8610e-06
5.0068e-06
9.5367e-07
2.1458e-06
0.0000e+00
9.6083e-05
6.9141e-06
0.0000e+00
9.9182e-05
5.0068e-06
6.9141e-06
9.5367e-07
2.8610e-06
5.0068e-06
9.5367e-07
1.9073e-06
0.0000e+00
9.1076e-05
4.0531e-06
0.0000e+00
9.1076e-05
8.7976e-05
1.2088e-04
1.9073e-06
3.0994e-06
0.0000e+00
1.1015e-04
3.0994e-06
0.0000e+00
9.2983e-05
3.8147e-06
0.0000e+00
9.3937e-05
4.0531e-06
7.1526e-06
2.1458e-06
3.0994e-06
0.0000e+00
9.9897e-05
3.0994e-06
5.9605e-06
9.5367e-07
1.9073e-06
5.0068e-06
9.5367e-07
2.3127e-05
0.0000e+00
9.2030e-05
3.0994e-06
0.0000e+00
9.1076e-05
3.0994e-06
5.0068e-06
2.1458e-06
2.8610e-06
0.0000e+00
1.0204e-04
5.0068e-06
9.4891e-05
1.9073e-06
3.0994e-06
0.0000e+00
9.6083e-05
5.0068e-06
0.0000e+00
9.3937e-05
1.9073e-06
0.0000e+00
8.9884e-05
4.0531e-06
0.0000e+00
9.2030e-05
2.8610e-06
8.8215e-06
9.5367e-07
1.9073e-06
0.0000e+00
8.8930e-05
1.9073e-06
0.0000e+00
9.3937e-05
5.0068e-06
0.0000e+00
9.6083e-05
3.8147e-06
1.7881e-05
9.5367e-07
9.5367e-07
5.9605e-06
1.1921e-06
2.8610e-06
0.0000e+00
1.1706e-04
4.0531e-06
0.0000e+00
9.2983e-05
3.0994e-06
5.9605e-06
1.9073e-06
3.0994e-06
0.0000e+00
9.4175e-05
3.0994e-06
1.4067e-05
9.5367e-07
1.9073e-06
0.0000e+00
9.5844e-05
2.8610e-06
3.8147e-06
9.5367e-07
2.7895e-05
0.0000e+00
1.0610e-04
4.0531e-06
4.0531e-06
9.5367e-07
3.0994e-06
5.9605e-06
9.5367e-07
3.0994e-06
0.0000e+00
1.1992e-04
2.8610e-06
4.0531e-06
9.5367e-07
3.0994e-06
5.0068e-06
1.9073e-06
1.9073e-06
0.0000e+00
9.3937e-05
3.0994e-06
0.0000e+00
9.2030e-05
2.8610e-06
8.8215e-06
9.5367e-07
2.4080e-05
0.0000e+00
9.7990e-05
3.0994e-06
6.1989e-06
9.5367e-07
2.1458e-06
0.0000e+00
9.2030e-05
3.0994e-06
1.5974e-05
9.5367e-07
2.8610e-06
0.0000e+00
1.1992e-04
4.0531e-06
7.7963e-05
2.1458e-06
1.9073e-06
0.0000e+00
9.4891e-05
2.1458e-06
0.0000e+00
9.4175e-05
2.1458e-06
0.0000e+00
9.2983e-05
1.9073e-06
0.0000e+00
9.2030e-05
2.8610e-06
5.9605e-06
1.1921e-06
2.1458e-06
1.5020e-05
9.5367e-07
1.9073e-06
6.9141e-06
1.1921e-06
9.5367e-07
0.0000e+00
1.0419e-04
2.1458e-06
0.0000e+00
1.1897e-04
4.0531e-06
7.8678e-06
9.5367e-07
3.0994e-06
5.9605e-06
9.5367e-07
1.9073e-06
5.0068e-06
9.5367e-07
3.0994e-06
2.7394e-04
9.5367e-07
1.1921e-06
3.6001e-05
9.5367e-07
9.5367e-07
6.1989e-05
1.1921e-06
1.9073e-06
0.0000e+00
9.9897e-05
4.0531e-06
0.0000e+00
1.0300e-04
3.0994e-06
0.0000e+00
8.9884e-05
4.0531e-06
5.0068e-06
9.5367e-07
2.8610e-06
0.0000e+00
1.1992e-04
4.0531e-06
0.0000e+00
9.2030e-05
1.9073e-06
0.0000e+00
9.0837e-05
3.0994e-06
0.0000e+00
9.4891e-05
3.0994e-06
0.0000e+00
9.9182e-05
3.8147e-06
0.0000e+00
9.9897e-05
2.8610e-06
1.1001e-03
9.5367e-07
2.8610e-06
6.1989e-06
1.9073e-06
2.8610e-06
0.0000e+00
9.2030e-05
1.9073e-06
0.0000e+00
9.2030e-05
1.9073e-06
0.0000e+00
9.2030e-05
1.9073e-06
8.1062e-06
1.1921e-06
1.9073e-06
1.1921e-05
1.1921e-06
2.1458e-06
9.2983e-05
1.9073e-06
1.9073e-06
0.0000e+00
9.6083e-05
1.9073e-06
0.0000e+00
9.8944e-05
4.0531e-06
1.2302e-04
9.5367e-07
1.9073e-06
0.0000e+00
9.4891e-05
2.1458e-06
0.0000e+00
1.1897e-04
3.0994e-06
0.0000e+00
9.2983e-05
3.0994e-06
0.0000e+00
9.1076e-05
4.0531e-06
0.0000e+00
9.1076e-05
3.0994e-06
0.0000e+00
9.0122e-05
4.0531e-06
0.0000e+00
9.8944e-05
2.8610e-06
0.0000e+00
9.2983e-05
4.0531e-06
5.9605e-06
9.5367e-07
2.1458e-06
0.0000e+00
1.2112e-04
4.0531e-06
0.0000e+00
9.2030e-05
3.0994e-06
5.9605e-06
2.1458e-06
2.8610e-06
0.0000e+00
9.6083e-05
2.8610e-06
5.9605e-06
9.5367e-07
3.0994e-06
5.0068e-06
9.5367e-07
4.1962e-05
0.0000e+00
9.1791e-05
3.8147e-06
5.9605e-06
1.1921e-06
4.0531e-06
0.0000e+00
9.6083e-05
4.0531e-06
7.7009e-05
1.1921e-06
2.1458e-06
0.0000e+00
9.2983e-05
1.9073e-06
0.0000e+00
9.7036e-05
4.0531e-06
0.0000e+00
9.2983e-05
4.0531e-06
5.9605e-06
9.5367e-07
2.8610e-06
0.0000e+00
9.2030e-05
2.8610e-06
6.9141e-06
2.1458e-06
2.8610e-06
1.5688e-04
1.9073e-06
1.9073e-06
0.0000e+00
9.3937e-05
2.1458e-06
5.9605e-06
9.5367e-07
1.9073e-06
5.0068e-06
9.5367e-07
2.0981e-05
0.0000e+00
9.2983e-05
5.0068e-06
5.7936e-05
9.5367e-07
1.9073e-06
9.3937e-05
1.1921e-06
1.9073e-06
4.7684e-06
9.5367e-07
1.9073e-06
0.0000e+00
9.7036e-05
4.0531e-06
8.6069e-05
9.5367e-07
9.5367e-07
0.0000e+00
1.0085e-04
3.0994e-05
5.9605e-06
9.5367e-07
1.9073e-06
1.0681e-04
1.9073e-06
1.9073e-06
0.0000e+00
9.3937e-05
4.0531e-06
0.0000e+00
9.7036e-05
2.8610e-06
0.0000e+00
1.2398e-04
3.8147e-06
1.5020e-05
9.5367e-07
2.1458e-06
5.9605e-06
9.5367e-07
2.1458e-06
1.6928e-05
9.5367e-07
1.1921e-05
0.0000e+00
9.7036e-05
4.0531e-06
0.0000e+00
9.1076e-05
5.0068e-05
5.3167e-05
9.5367e-07
1.9073e-06
4.7684e-06
9.5367e-07
1.8120e-05
0.0000e+00
9.4175e-05
2.8610e-06
0.0000e+00
9.3937e-05
2.9087e-05
0.0000e+00
9.1076e-05
3.8147e-06
5.9605e-06
1.9073e-06
3.0994e-05
0.0000e+00
9.4891e-05
4.0531e-06
0.0000e+00
1.0085e-04
7.7009e-05
0.0000e+00
9.2030e-05
2.8610e-06
1.0395e-04
9.5367e-07
1.9073e-06
5.0068e-06
9.5367e-07
3.0994e-06
9.2030e-05
2.1458e-06
9.5367e-07
3.9101e-05
1.1921e-06
1.9073e-06
5.0068e-06
9.5367e-07
3.0994e-06
1.8597e-04
9.5367e-07
2.1458e-06
4.4107e-05
9.5367e-07
1.9073e-06
0.0000e+00
1.2493e-04
2.8610e-06
5.9605e-06
2.1458e-06
3.0994e-06
0.0000e+00
9.3937e-05
2.8610e-06
0.0000e+00
9.4891e-05
3.8147e-06
6.9141e-06
9.5367e-07
1.9073e-06
0.0000e+00
9.2983e-05
2.8610e-06
5.9605e-06
9.5367e-07
1.9073e-06
2.8133e-05
9.5367e-07
1.9073e-06
0.0000e+00
9.2983e-05
5.0068e-06
0.0000e+00
9.5129e-05
2.8610e-06
1.5712e-04
9.5367e-07
2.1458e-06
0.0000e+00
9.5844e-05
3.0994e-06
0.0000e+00
9.2983e-05
2.8610e-06
0.0000e+00
9.2030e-05
2.8610e-06
5.0068e-06
2.1458e-06
2.8610e-06
7.8678e-06
9.5367e-07
1.8120e-05
1.4067e-05
1.1921e-06
2.0981e-05
0.0000e+00
9.8944e-05
4.0531e-06
0.0000e+00
9.2983e-05
3.0994e-06
0.0000e+00
9.4175e-05
2.8610e-06
5.9605e-06
1.1921e-06
1.9073e-06
5.0068e-06
9.5367e-07
2.1458e-06
0.0000e+00
9.9182e-05
2.8610e-06
0.0000e+00
9.9897e-05
2.8610e-06
3.8147e-06
9.5367e-07
3.0994e-06
0.0000e+00
9.5129e-05
3.0994e-06
0.0000e+00
9.3937e-05
3.0994e-06
0.0000e+00
9.4175e-05
2.8610e-06
0.0000e+00
1.0490e-04
5.0068e-06
0.0000e+00
9.4175e-05
2.8610e-06
0.0000e+00
9.2030e-05
4.0531e-06
5.9605e-06
9.5367e-07
3.0994e-06
0.0000e+00
9.4175e-05
2.8610e-06
5.9605e-06
9.5367e-07
2.1458e-06
0.0000e+00
9.4175e-05
2.8610e-06
0.0000e+00
9.1076e-05
3.0994e-06
0.0000e+00
9.7036e-05
2.8610e-06
0.0000e+00
1.2302e-04
4.0531e-06
1.4067e-05
9.5367e-07
1.9073e-06
0.0000e+00
9.6083e-05
2.1458e-06
0.0000e+00
9.7036e-05
3.0994e-06
5.0068e-06
9.5367e-07
3.0994e-06
5.0068e-06
1.1921e-06
3.0994e-06
0.0000e+00
9.3937e-05
2.8610e-06
0.0000e+00
9.5129e-05
3.0994e-06
0.0000e+00
9.4891e-05
2.8610e-06
0.0000e+00
1.2016e-04
4.0531e-06
5.9605e-06
9.5367e-07
3.7909e-05
4.0531e-06
1.1921e-06
2.8610e-06
0.0000e+00
9.6083e-05
1.9073e-06
5.0068e-06
9.5367e-07
1.9073e-06
0.0000e+00
9.3937e-05
3.0994e-06
5.9605e-06
9.5367e-07
3.0994e-06
0.0000e+00
9.2983e-05
3.0994e-06
0.0000e+00
9.2983e-05
4.0531e-06
1.6618e-04
9.5367e-07
2.1458e-06
0.0000e+00
1.0610e-04
3.0994e-06
0.0000e+00
9.7036e-05
3.0994e-06
1.4067e-05
1.1921e-06
1.9073e-06
5.0068e-06
1.9073e-06
2.1458e-06
0.0000e+00
9.2983e-05
3.0994e-06
5.9128e-05
2.1458e-06
2.1458e-06
9.2030e-05
1.1921e-06
1.9073e-06
0.0000e+00
9.6083e-05
3.0994e-06
0.0000e+00
9.2030e-05
4.0531e-06
8.1062e-06
9.5367e-07
2.1458e-06
0.0000e+00
1.0300e-04
3.8147e-06
0.0000e+00
9.6083e-05
2.8610e-06
0.0000e+00
9.8944e-05
3.0994e-06
5.9605e-06
9.5367e-07
3.0994e-06
0.0000e+00
9.4175e-05
4.0531e-06
0.0000e+00
9.2983e-05
4.0531e-06
0.0000e+00
9.2983e-05
4.0531e-06
7.1526e-06
9.5367e-07
3.0994e-06
5.8889e-05
9.5367e-07
1.9073e-06
4.0531e-06
9.5367e-07
2.1458e-06
0.0000e+00
1.2898e-04
2.8610e-06
4.7684e-06
9.5367e-07
3.0994e-06
4.0531e-06
9.5367e-07
1.9073e-06
0.0000e+00
9.5844e-05
4.0531e-06
0.0000e+00
9.3937e-05
2.8610e-06
5.9605e-06
1.1921e-06
3.0994e-06
5.0068e-06
9.5367e-07
4.0531e-06
4.0531e-06
1.1921e-06
1.9073e-06
0.0000e+00
9.0837e-05
1.0991e-04
0.0000e+00
1.0204e-04
4.0531e-06
0.0000e+00
1.2207e-04
5.0068e-06
0.0000e+00
9.1791e-05
3.0994e-06
0.0000e+00
9.7036e-05
3.0994e-06
7.1526e-06
9.5367e-07
2.1458e-06
0.0000e+00
9.5129e-05
2.8610e-06
5.9605e-06
1.1921e-06
3.0994e-06
0.0000e+00
9.4891e-05
3.0994e-06
5.9605e-06
9.5367e-07
2.8610e-06
0.0000e+00
9.7990e-05
4.0531e-06
0.0000e+00
9.4891e-05
5.0068e-06
0.0000e+00
1.0586e-04
5.0068e-06
0.0000e+00
9.4891e-05
2.8610e-06
0.0000e+00
9.3937e-05
1.9073e-06
0.0000e+00
9.2030e-05
3.0994e-06
0.0000e+00
9.1076e-05
3.8147e-06
5.9605e-06
2.1458e-06
1.9073e-06
4.0531e-06
9.5367e-07
1.9073e-06
0.0000e+00
9.8944e-05
4.0531e-06
5.0068e-06
1.1921e-06
4.0531e-06
0.0000e+00
1.0109e-04
4.0531e-06
5.9605e-06
9.5367e-07
3.0994e-06
1.3113e-05
9.5367e-07
2.1458e-06
5.0068e-06
1.1921e-06
9.5367e-07
0.0000e+00
9.4891e-05
2.1458e-06
0.0000e+00
9.2030e-05
2.1458e-06
6.9141e-06
9.5367e-07
3.0994e-06
1.2803e-04
9.5367e-07
9.5367e-07
0.0000e+00
9.6798e-05
3.0994e-06
0.0000e+00
9.1076e-05
6.1989e-06
0.0000e+00
1.0395e-04
5.0068e-06
0.0000e+00
9.5129e-05
3.8147e-06
0.0000e+00
9.3937e-05
3.0994e-06
0.0000e+00
9.2983e-05
3.0994e-06
0.0000e+00
9.4175e-05
2.8610e-06
0.0000e+00
9.6083e-05
4.0531e-06
0.0000e+00
9.8944e-05
3.0994e-06
1.5020e-05
9.5367e-07
2.1458e-06
5.9605e-06
2.6941e-05
3.0994e-06
6.6996e-05
9.5367e-07
9.5367e-07
0.0000e+00
9.4891e-05
3.0994e-06
0.0000e+00
9.7036e-05
1.1921e-06
0.0000e+00
9.1076e-05
1.9073e-06
5.9605e-06
9.5367e-07
5.0068e-06
3.8147e-06
9.5367e-07
4.0054e-05
5.0068e-06
9.5367e-07
3.6001e-05
0.0000e+00
9.3937e-05
2.8610e-06
4.0531e-06
9.5367e-07
2.1458e-06
0.0000e+00
9.2030e-05
4.0531e-06
6.9141e-06
1.1921e-06
3.8147e-06
3.3855e-05
9.5367e-07
2.8610e-06
0.0000e+00
9.4891e-05
4.0531e-06
3.6955e-05
2.1458e-06
1.0014e-05
8.2970e-05
9.5367e-07
1.9073e-06
0.0000e+00
9.3937e-05
3.0994e-06
0.0000e+00
9.3937e-05
3.0994e-06
1.0014e-05
1.1921e-06
1.9073e-06
5.0068e-06
9.5367e-07
2.1458e-06
1.8811e-04
9.5367e-07
1.9073e-06
0.0000e+00
1.0180e-04
5.0068e-06
0.0000e+00
9.8944e-05
4.0531e-06
0.0000e+00
9.0837e-05
2.8610e-06
5.9605e-06
9.5367e-07
2.8610e-06
0.0000e+00
9.4891e-05
3.0994e-06
0.0000e+00
9.2983e-05
3.0994e-06
0.0000e+00
9.2983e-05
4.0531e-06
5.0068e-06
2.1458e-06
2.1458e-06
3.0994e-06
9.5367e-07
3.0994e-06
3.0994e-05
9.5367e-07
9.5367e-07
0.0000e+00
1.2803e-04
2.8610e-06
0.0000e+00
9.7036e-05
4.0531e-06
0.0000e+00
9.2030e-05
2.8610e-06
0.0000e+00
9.4891e-05
3.0994e-06
0.0000e+00
9.6798e-05
2.8610e-06
5.0068e-06
9.5367e-07
3.0994e-06
5.0068e-06
9.5367e-07
2.8610e-06
0.0000e+00
9.3937e-05
1.9073e-06
3.7193e-05
1.9073e-06
3.0994e-06
0.0000e+00
9.4175e-05
3.8147e-06
0.0000e+00
9.6083e-05
4.0531e-06
0.0000e+00
9.6083e-05
3.0994e-06
0.0000e+00
9.4175e-05
3.0994e-06
5.9605e-06
1.9073e-06
2.8610e-06
0.0000e+00
9.5129e-05
3.8147e-06
5.9605e-06
1.1921e-06
2.8610e-06
0.0000e+00
9.3937e-05
3.0994e-06
0.0000e+00
9.2030e-05
4.0531e-06
6.1989e-06
1.9073e-06
4.0531e-06
7.1526e-06
9.5367e-07
2.1458e-06
0.0000e+00
1.0419e-04
3.0994e-06
5.7936e-05
9.5367e-07
3.0994e-06
6.9141e-05
9.5367e-07
9.5367e-07
0.0000e+00
9.3937e-05
4.0531e-06
1.3113e-05
9.5367e-07
2.1458e-06
5.9605e-06
9.5367e-07
3.0994e-06
0.0000e+00
9.2030e-05
3.0994e-06
0.0000e+00
9.7036e-05
2.1458e-06
0.0000e+00
9.4175e-05
5.0068e-06
5.9605e-06
9.5367e-07
4.0531e-06
0.0000e+00
1.0610e-04
4.0531e-06
0.0000e+00
9.1076e-05
3.0994e-06
5.9605e-06
9.5367e-07
2.1458e-06
5.9605e-06
9.5367e-07
2.8610e-06
9.6798e-05
9.5367e-07
3.0994e-06
8.7976e-05
9.5367e-07
2.1458e-06
0.0000e+00
9.6083e-05
1.9073e-06
5.0068e-06
9.5367e-07
3.0994e-06
0.0000e+00
9.2983e-05
4.0531e-06
5.9605e-06
9.5367e-07
9.0599e-06
5.0068e-06
1.1921e-06
4.0531e-06
1.8597e-04
9.5367e-07
1.9073e-06
0.0000e+00
9.7990e-05
2.8610e-06
0.0000e+00
9.2983e-05
3.0994e-06
5.0068e-06
9.5367e-07
3.0994e-06
0.0000e+00
9.4175e-05
2.8610e-06
3.8147e-06
9.5367e-07
3.0994e-06
0.0000e+00
9.7990e-05
4.0531e-06
0.0000e+00
9.2030e-05
2.8610e-06
5.9605e-06
9.5367e-07
1.9073e-06
2.8610e-06
9.5367e-07
1.9073e-05
6.9141e-06
9.5367e-07
3.2902e-05
0.0000e+00
9.2983e-05
3.0994e-06
0.0000e+00
9.4175e-05
2.8610e-06
3.8147e-06
9.5367e-07
4.0531e-06
0.0000e+00
9.4891e-05
3.0994e-06
0.0000e+00
9.2983e-05
3.8147e-06
0.0000e+00
9.2030e-05
3.0994e-06
0.0000e+00
9.4175e-05
3.8147e-06
5.9605e-06
1.1921e-06
3.0994e-06
0.0000e+00
1.0586e-04
3.8147e-06
1.2875e-05
1.9073e-06
2.1458e-06
0.0000e+00
9.7036e-05
3.0994e-06
0.0000e+00
9.4175e-05
2.8610e-06
5.0068e-06
1.1921e-06
2.8610e-06
5.0068e-06
9.5367e-07
1.9073e-06
0.0000e+00
9.0122e-05
3.0994e-06
5.0068e-06
9.5367e-07
1.9073e-06
0.0000e+00
9.2030e-05
1.9073e-06
5.9605e-06
1.9073e-06
2.1458e-06
0.0000e+00
1.1802e-04
4.0531e-06
0.0000e+00
1.0705e-04
4.0531e-06
0.0000e+00
9.3222e-05
2.8610e-06
0.0000e+00
9.4891e-05
3.0994e-06
0.0000e+00
9.5129e-05
3.0994e-06
5.9605e-06
1.1921e-06
2.1458e-06
0.0000e+00
9.3937e-05
1.9073e-06
0.0000e+00
9.2030e-05
2.8610e-06
5.0068e-06
1.1921e-06
4.0531e-06
5.9605e-06
9.5367e-07
1.9073e-06
5.0068e-06
1.9073e-06
3.0994e-06
0.0000e+00
1.0610e-04
4.0531e-06
6.9141e-06
9.5367e-07
3.0994e-06
0.0000e+00
9.3937e-05
4.0531e-06
0.0000e+00
9.2030e-05
9.2030e-05
0.0000e+00
9.1076e-05
2.8610e-06
0.0000e+00
8.8930e-05
3.0994e-06
0.0000e+00
9.0122e-05
5.0068e-06
7.1526e-06
2.1458e-06
3.0994e-06
5.9605e-06
9.5367e-07
2.1458e-06
0.0000e+00
1.0395e-04
4.0531e-06
1.3018e-04
9.5367e-07
3.0994e-06
9.2030e-05
9.5367e-07
1.9073e-06
0.0000e+00
9.4891e-05
2.1458e-06
0.0000e+00
9.2983e-05
3.0994e-06
0.0000e+00
9.0837e-05
3.0994e-06
5.0068e-06
9.5367e-07
2.1458e-06
5.0068e-06
9.5367e-07
2.3842e-05
0.0000e+00
9.4891e-05
4.0531e-06
1.2875e-05
9.5367e-07
3.0994e-06
5.0068e-06
9.5367e-07
2.8610e-06
2.2292e-04
9.5367e-07
1.9073e-06
9.4175e-05
9.5367e-07
9.5367e-07
0.0000e+00
9.4891e-05
3.0994e-06
5.9605e-06
9.5367e-07
2.1458e-06
5.0068e-06
1.1921e-06
2.5034e-05
0.0000e+00
9.4175e-05
3.0994e-06
5.9605e-06
1.1921e-06
1.9073e-06
2.0409e-04
9.5367e-07
1.9073e-06
0.0000e+00
9.7036e-05
1.9073e-06
8.5831e-05
9.5367e-07
2.8610e-06
0.0000e+00
1.0109e-04
3.0994e-06
0.0000e+00
9.4891e-05
2.1458e-06
0.0000e+00
9.2030e-05
3.0994e-06
0.0000e+00
9.0837e-05
4.0531e-06
7.1526e-06
1.1921e-06
1.9073e-06
5.0068e-06
1.9073e-06
3.5048e-05
0.0000e+00
9.2983e-05
2.8610e-06
1.0967e-05
9.5367e-07
1.9073e-06
0.0000e+00
9.2030e-05
3.0041e-05
1.0681e-04
9.5367e-07
3.0994e-06
5.0068e-06
9.5367e-07
2.8610e-06
0.0000e+00
9.6083e-05
2.8610e-06
0.0000e+00
9.1076e-05
4.0531e-06
0.0000e+00
9.7990e-05
5.0068e-06
1.0800e-04
9.5367e-07
2.8610e-06
0.0000e+00
9.4891e-05
3.0994e-06
0.0000e+00
9.3937e-05
3.0994e-06
0.0000e+00
9.6083e-05
2.8610e-06
0.0000e+00
1.1802e-04
5.0068e-06
6.9141e-06
9.5367e-07
3.0994e-06
0.0000e+00
9.2983e-05
3.8147e-06
0.0000e+00
9.6083e-05
2.8610e-06
6.9141e-06
9.5367e-07
2.8610e-06
0.0000e+00
1.0204e-04
3.0994e-06
8.0109e-05
2.1458e-06
1.9073e-06
6.1989e-06
9.5367e-07
3.0994e-06
0.0000e+00
9.2030e-05
3.0994e-06
0.0000e+00
9.2030e-05
4.0531e-06
0.0000e+00
9.3937e-05
3.0994e-06
0.0000e+00
9.2030e-05
3.0994e-06
0.0000e+00
9.2030e-05
4.0531e-06
0.0000e+00
9.4891e-05
3.8147e-06
6.9141e-06
9.5367e-07
2.8610e-06
8.9884e-05
1.9073e-06
1.9073e-06
0.0000e+00
9.3937e-05
2.1458e-06
0.0000e+00
9.1076e-05
3.0994e-06
5.0068e-06
1.9073e-06
2.1458e-06
0.0000e+00
1.1897e-04
3.8147e-06
9.0599e-06
9.5367e-07
1.9073e-06
0.0000e+00
9.3937e-05
1.9073e-06
0.0000e+00
9.6083e-05
2.8610e-06
6.9141e-06
1.9073e-06
2.8610e-06
0.0000e+00
1.0395e-04
3.0994e-06
0.0000e+00
9.1076e-05
3.0994e-06
5.9605e-06
9.5367e-07
3.0994e-06
5.0068e-06
1.1921e-06
2.5034e-05
0.0000e+00
9.2983e-05
2.8849e-05
0.0000e+00
9.4891e-05
1.9073e-06
0.0000e+00
9.2030e-05
3.0994e-06
0.0000e+00
9.0837e-05
4.0531e-06
0.0000e+00
9.2983e-05
4.0531e-06
6.9141e-06
9.5367e-07
1.9073e-06
0.0000e+00
9.3937e-05
3.0994e-06
6.1989e-06
9.5367e-07
1.9073e-06
0.0000e+00
9.2983e-05
2.8610e-06
1.5974e-05
9.5367e-07
3.0994e-06
6.9141e-06
1.1921e-06
1.9073e-06
0.0000e+00
9.4891e-05
2.8610e-06
0.0000e+00
9.2983e-05
5.0068e-06
7.0095e-05
1.1921e-06
1.9073e-06
5.0068e-06
9.5367e-07
2.1458e-06
0.0000e+00
9.4175e-05
5.0068e-06
0.0000e+00
1.0014e-04
2.8610e-06
6.9141e-06
9.5367e-07
5.9605e-06
0.0000e+00
9.1791e-05
2.8610e-06
0.0000e+00
8.9884e-05
5.0068e-06
6.6996e-05
9.5367e-07
3.0994e-06
0.0000e+00
9.6798e-05
3.0994e-06
2.5988e-05
9.5367e-07
2.1458e-06
9.4891e-05
1.9073e-06
2.1458e-06
5.0068e-06
1.1921e-06
1.9073e-06
1.1206e-04
9.5367e-07
2.1458e-06
0.0000e+00
9.5129e-05
2.8610e-06
0.0000e+00
9.5844e-05
3.0994e-06
0.0000e+00
8.9884e-05
2.1458e-06
5.0068e-06
9.5367e-07
1.9073e-06
0.0000e+00
1.2183e-04
3.8147e-06
5.0068e-06
9.5367e-07
1.9073e-06
0.0000e+00
9.4891e-05
1.9073e-06
0.0000e+00
9.3937e-05
2.8610e-06
0.0000e+00
9.9897e-05
4.0531e-06
0.0000e+00
9.2030e-05
3.0994e-06
6.9141e-06
9.5367e-07
3.8147e-06
0.0000e+00
1.0204e-04
3.0994e-06
0.0000e+00
9.2983e-05
2.8610e-06
0.0000e+00
1.1587e-04
4.0531e-06
5.9605e-06
2.1458e-06
2.8610e-06
5.0068e-06
1.9073e-06
2.1458e-06
5.0068e-06
1.1921e-06
2.8610e-06
1.0300e-04
1.9073e-06
3.0994e-06
8.5115e-05
2.1458e-06
1.9073e-06
0.0000e+00
9.6083e-05
9.5367e-07
0.0000e+00
9.6083e-05
3.8147e-06
0.0000e+00
9.3937e-05
3.0994e-06
0.0000e+00
9.2030e-05
1.9073e-06
5.0068e-06
9.5367e-07
5.0068e-06
0.0000e+00
9.8944e-05
3.0994e-06
0.0000e+00
9.2983e-05
4.0531e-06
7.1526e-06
1.9073e-06
3.0994e-06
0.0000e+00
9.3937e-05
3.8147e-06
0.0000e+00
9.2983e-05
4.0531e-06
5.9605e-06
9.5367e-07
2.8610e-06
5.0068e-06
9.5367e-07
4.3154e-05
0.0000e+00
9.2030e-05
3.0994e-06
0.0000e+00
9.1791e-05
3.8147e-06
0.0000e+00
9.8944e-05
3.0994e-06
3.8147e-06
9.5367e-07
2.1458e-06
5.9605e-06
9.5367e-07
1.9073e-06
0.0000e+00
9.6083e-05
2.8610e-06
0.0000e+00
9.2983e-05
1.9073e-06
5.0068e-06
9.5367e-07
1.9073e-06
0.0000e+00
9.1791e-05
1.9073e-06
5.9605e-06
9.5367e-07
2.8610e-06
0.0000e+00
9.3937e-05
3.0994e-06
0.0000e+00
1.1683e-04
4.7684e-06
0.0000e+00
9.6083e-05
4.0531e-06
0.0000e+00
9.3937e-05
3.0994e-06
0.0000e+00
9.5129e-05
2.8610e-06
0.0000e+00
1.0395e-04
4.0531e-06
0.0000e+00
9.2983e-05
2.8610e-06
0.0000e+00
9.8944e-05
3.0994e-06
0.0000e+00
9.5844e-05
2.8610e-06
0.0000e+00
1.2493e-04
3.0994e-06
5.0068e-06
9.5367e-07
3.8147e-06
0.0000e+00
9.6083e-05
2.8610e-06
0.0000e+00
9.5129e-05
3.8147e-06
0.0000e+00
9.8944e-05
5.0068e-06
1.5974e-05
9.5367e-07
2.1458e-06
5.9605e-06
9.5367e-07
1.9073e-06
0.0000e+00
9.2983e-05
5.9605e-06
1.6212e-05
9.5367e-07
2.4080e-05
0.0000e+00
9.4891e-05
4.0531e-06
5.0068e-06
9.5367e-07
2.1458e-06
5.0068e-06
9.5367e-07
1.2875e-05
0.0000e+00
9.4891e-05
2.8610e-06
3.8147e-06
9.5367e-07
1.3113e-05
0.0000e+00
9.6083e-05
3.0994e-06
0.0000e+00
9.5129e-05
4.0531e-06
0.0000e+00
1.0204e-04
4.0531e-06
2.7895e-05
9.5367e-07
1.9073e-06
0.0000e+00
9.2030e-05
3.0994e-06
0.0000e+00
9.2983e-05
2.8610e-06
0.0000e+00
9.3937e-05
3.0994e-06
5.9605e-06
9.5367e-07
2.1458e-06
0.0000e+00
9.2983e-05
3.0994e-06
6.1989e-06
9.5367e-07
3.0994e-06
0.0000e+00
9.0122e-05
5.0068e-06
6.9141e-06
2.1458e-06
3.0994e-06
2.4486e-04
9.5367e-07
1.1921e-06
0.0000e+00
9.6083e-05
2.1458e-06
5.0068e-06
9.5367e-07
2.8610e-06
5.0068e-06
9.5367e-07
4.1008e-05
0.0000e+00
1.1992e-04
1.9073e-05
0.0000e+00
9.2030e-05
2.8610e-06
0.0000e+00
9.2030e-05
5.0068e-06
0.0000e+00
9.5129e-05
2.9802e-05
5.9605e-06
1.1921e-06
3.4809e-05
0.0000e+00
9.4891e-05
3.0994e-06
0.0000e+00
9.2030e-05
4.0531e-06
0.0000e+00
9.1791e-05
3.8147e-06
0.0000e+00
1.1802e-04
5.0068e-06
0.0000e+00
9.5129e-05
3.8147e-06
0.0000e+00
9.4175e-05
3.0994e-06
0.0000e+00
9.7990e-05
2.8610e-06
5.9605e-06
1.1921e-06
1.9073e-06
0.0000e+00
9.4891e-05
2.8610e-06
5.9605e-06
9.5367e-07
3.0994e-06
0.0000e+00
9.5844e-05
4.0531e-06
0.0000e+00
9.0837e-05
5.0068e-06
6.9141e-06
2.1458e-06
2.8610e-06
5.0068e-06
1.9073e-06
2.1458e-06
4.0531e-06
9.5367e-07
1.9073e-06
0.0000e+00
9.6798e-05
1.9073e-06
6.1989e-06
9.5367e-07
3.0994e-06
0.0000e+00
9.4175e-05
2.8610e-06
0.0000e+00
1.0490e-04
4.0531e-06
0.0000e+00
9.1791e-05
3.0994e-06
0.0000e+00
9.2983e-05
1.9073e-06
0.0000e+00
9.3937e-05
5.0068e-06
0.0000e+00
9.7036e-05
3.0994e-06
0.0000e+00
9.7036e-05
4.0531e-06
0.0000e+00
9.5844e-05
4.0531e-06
0.0000e+00
9.7990e-05
3.0994e-06
0.0000e+00
1.0300e-04
3.0994e-06
0.0000e+00
9.8228e-05
2.8610e-06
5.9605e-06
2.1458e-06
1.9073e-06
0.0000e+00
9.2030e-05
3.8147e-06
6.9141e-06
1.1921e-06
1.9073e-06
0.0000e+00
9.2030e-05
2.8610e-06
5.9605e-06
9.5367e-07
3.0994e-06
0.0000e+00
9.4891e-05
3.0994e-06
9.1076e-05
9.5367e-07
1.9073e-06
0.0000e+00
1.0300e-04
2.8610e-06
0.0000e+00
9.5129e-05
2.8610e-06
0.0000e+00
9.3937e-05
3.0994e-06
0.0000e+00
9.1076e-05
2.1458e-06
5.9605e-06
2.3842e-05
4.0531e-06
5.9605e-06
9.5367e-07
2.8610e-06
5.9605e-06
9.5367e-07
1.9073e-06
0.0000e+00
9.5844e-05
1.9073e-06
0.0000e+00
9.2983e-05
2.1458e-06
0.0000e+00
9.5129e-05
4.0531e-06
0.0000e+00
1.0204e-04
5.0068e-06
0.0000e+00
9.3937e-05
3.0994e-06
0.0000e+00
9.2983e-05
2.8610e-06
0.0000e+00
1.1802e-04
4.0531e-06
0.0000e+00
9.6083e-05
3.0994e-06
5.0068e-06
1.9073e-06
2.1458e-06
0.0000e+00
9.7036e-05
5.0068e-06
3.8147e-06
1.9073e-06
3.0994e-06
5.0068e-06
9.5367e-07
3.0994e-06
0.0000e+00
9.2983e-05
2.8610e-06
0.0000e+00
9.3937e-05
3.0994e-06
0.0000e+00
9.7036e-05
5.0068e-06
0.0000e+00
1.2302e-04
4.0531e-06
0.0000e+00
9.1076e-05
4.0531e-06
0.0000e+00
8.9884e-05
3.0994e-06
5.0068e-06
9.5367e-07
3.0994e-06
0.0000e+00
9.4891e-05
3.0994e-06
0.0000e+00
9.1076e-05
3.0994e-06
0.0000e+00
1.0610e-04
3.0994e-06
5.0068e-06
9.5367e-07
3.0994e-06
5.0068e-06
9.5367e-07
9.5367e-07
3.9816e-05
1.9073e-06
2.8610e-06
0.0000e+00
9.7036e-05
1.9073e-06
0.0000e+00
9.3937e-05
2.1458e-06
1.4067e-05
9.5367e-07
2.1458e-06
5.9605e-06
9.5367e-07
1.9073e-06
0.0000e+00
9.2983e-05
1.9073e-06
1.0967e-05
2.1458e-06
2.1458e-06
0.0000e+00
9.4175e-05
4.0531e-06
0.0000e+00
9.9897e-05
4.0531e-06
5.0068e-06
1.9073e-06
2.1458e-06
4.0531e-06
9.5367e-07
2.8610e-06
0.0000e+00
1.1992e-04
3.1233e-05
1.1921e-05
1.9073e-06
2.7180e-05
5.9605e-06
1.1921e-06
3.4809e-05
5.0068e-06
9.5367e-07
2.1458e-06
0.0000e+00
9.2030e-05
3.0994e-06
0.0000e+00
8.8930e-05
3.0994e-06
5.0068e-06
9.5367e-07
3.0994e-06
1.9002e-04
9.5367e-07
1.9073e-06
0.0000e+00
9.4891e-05
2.8610e-06
1.5593e-04
1.1921e-06
1.9073e-06
0.0000e+00
9.5129e-05
3.0994e-06
7.1526e-06
9.5367e-07
3.0994e-06
5.0068e-06
9.5367e-07
2.2888e-05
0.0000e+00
9.3937e-05
3.0994e-06
5.0068e-06
1.9073e-06
2.1458e-06
5.0068e-06
9.5367e-07
3.0041e-05
0.0000e+00
9.5844e-05
2.8610e-06
0.0000e+00
1.0395e-04
3.0994e-06
0.0000e+00
9.4175e-05
4.0531e-06
0.0000e+00
9.4891e-05
4.0531e-06
7.1526e-06
9.5367e-07
3.0994e-06
0.0000e+00
1.0014e-04
1.9073e-06
0.0000e+00
9.3937e-05
4.0531e-06
0.0000e+00
9.2030e-05
1.9073e-06
0.0000e+00
9.2030e-05
3.0994e-06
0.0000e+00
1.0204e-04
3.0994e-06
6.1989e-06
1.9073e-06
2.1458e-06
0.0000e+00
9.4891e-05
3.0994e-06
5.9605e-06
9.5367e-07
3.0994e-06
0.0000e+00
9.3937e-05
4.0531e-06
0.0000e+00
9.8944e-05
4.0531e-06
5.9605e-06
9.5367e-07
3.0994e-06
5.0068e-06
2.1458e-06
1.9073e-06
0.0000e+00
9.5844e-05
1.9073e-06
2.8610e-06
1.9073e-06
1.5974e-05
0.0000e+00
9.4891e-05
2.8610e-06
6.9141e-06
1.1921e-06
3.0994e-06
0.0000e+00
1.0180e-04
3.0994e-06
0.0000e+00
9.2983e-05
2.8610e-06
4.0531e-06
1.9073e-06
3.0994e-06
1.7881e-05
1.9073e-06
2.0981e-05
0.0000e+00
9.2983e-05
4.0531e-06
0.0000e+00
9.3937e-05
3.0994e-06
0.0000e+00
9.2030e-05
3.0994e-06
0.0000e+00
9.3937e-05
5.0068e-06
0.0000e+00
9.4175e-05
3.0994e-06
0.0000e+00
1.0395e-04
3.0994e-06
0.0000e+00
8.9884e-05
5.0068e-06
0.0000e+00
1.1706e-04
4.0531e-06
6.9141e-06
9.5367e-07
2.1458e-06
5.9605e-06
1.1921e-06
1.9073e-06
0.0000e+00
9.1791e-05
1.9073e-06
0.0000e+00
9.2983e-05
4.0531e-06
5.9605e-06
1.1921e-06
1.9073e-06
0.0000e+00
9.3937e-05
4.0531e-06
0.0000e+00
9.3937e-05
2.1458e-06
5.9605e-06
9.5367e-07
3.0994e-06
0.0000e+00
9.5129e-05
4.0531e-06
0.0000e+00
9.7036e-05
2.8610e-06
0.0000e+00
9.4891e-05
4.0531e-06
0.0000e+00
9.4891e-05
1.9073e-06
6.1989e-06
9.5367e-07
1.9073e-06
0.0000e+00
9.2983e-05
2.1458e-06
0.0000e+00
9.2030e-05
4.0531e-06
0.0000e+00
9.1076e-05
4.0531e-06
5.0068e-06
9.5367e-07
2.8610e-06
0.0000e+00
1.2994e-04
3.0994e-06
0.0000e+00
9.7990e-05
4.0531e-06
1.3113e-05
9.5367e-07
1.9073e-06
0.0000e+00
9.3937e-05
3.0994e-06
0.0000e+00
9.4175e-05
4.0531e-06
0.0000e+00
9.0837e-05
2.1458e-06
5.0068e-06
9.5367e-07
3.0994e-06
0.0000e+00
9.5129e-05
3.8147e-06
0.0000e+00
1.0204e-04
5.0068e-06
0.0000e+00
9.2983e-05
5.0068e-06
0.0000e+00
9.2983e-05
4.0531e-06
0.0000e+00
9.5129e-05
3.0994e-06
0.0000e+00
1.0014e-04
2.8610e-06
0.0000e+00
9.6083e-05
3.0994e-06
5.0068e-06
1.1921e-06
1.9073e-06
0.0000e+00
9.5129e-05
3.8147e-06
5.9605e-06
9.5367e-07
3.0994e-06
0.0000e+00
1.0085e-04
4.0531e-06
0.0000e+00
9.3937e-05
3.0994e-06
6.8903e-05
9.5367e-07
2.1458e-06
9.3937e-05
9.5367e-07
9.5367e-07
0.0000e+00
9.4891e-05
3.0994e-06
1.2302e-04
9.5367e-07
9.5367e-07
0.0000e+00
9.7990e-05
3.0994e-06
1.0967e-05
9.5367e-07
1.9073e-06
5.0068e-06
9.5367e-07
1.6928e-05
8.2016e-05
9.5367e-07
1.9073e-06
0.0000e+00
9.5844e-05
3.0994e-06
0.0000e+00
1.2302e-04
5.0068e-06
0.0000e+00
9.2983e-05
4.0531e-06
1.7166e-05
1.9073e-06
3.0994e-06
0.0000e+00
9.4175e-05
4.8876e-05
0.0000e+00
9.3937e-05
3.8147e-06
3.3855e-05
9.5367e-07
3.0994e-06
0.0000e+00
1.0705e-04
3.0994e-06
5.9605e-06
9.5367e-07
2.1458e-06
0.0000e+00
9.5129e-05
2.8610e-06
0.0000e+00
1.2398e-04
4.0531e-06
6.1989e-06
9.5367e-07
3.0994e-06
0.0000e+00
9.6083e-05
3.0994e-06
5.0068e-06
9.5367e-07
3.0994e-06
0.0000e+00
9.2030e-05
4.0531e-06
0.0000e+00
9.2030e-05
5.6028e-05
1.0800e-04
2.1458e-06
1.9073e-06
5.0068e-06
9.5367e-07
3.0994e-06
0.0000e+00
9.2983e-05
3.0994e-06
1.2422e-04
9.5367e-07
3.0994e-06
0.0000e+00
9.6798e-05
1.9073e-06
1.5974e-05
1.9073e-06
1.9073e-06
0.0000e+00
9.6083e-05
1.9073e-06
5.9605e-06
9.5367e-07
3.0994e-06
0.0000e+00
9.3937e-05
3.0994e-06
0.0000e+00
9.1076e-05
2.8610e-06
1.3685e-04
1.9073e-06
2.1458e-06
7.2956e-05
1.1921e-06
9.5367e-07
0.0000e+00
9.7990e-05
1.9073e-06
0.0000e+00
9.2030e-05
1.9073e-06
0.0000e+00
1.1897e-04
4.0531e-06
0.0000e+00
9.2030e-05
3.0994e-06
1.3113e-05
1.1921e-06
1.9073e-06
6.1989e-06
1.9073e-06
9.5367e-07
3.6001e-05
1.9073e-06
2.1458e-06
0.0000e+00
1.1015e-04
1.9073e-06
0.0000e+00
9.4891e-05
3.0994e-06
0.0000e+00
9.1076e-05
4.0531e-06
0.0000e+00
8.9884e-05
3.0994e-06
0.0000e+00
1.1516e-04
4.0531e-06
0.0000e+00
9.6083e-05
3.0994e-06
0.0000e+00
9.4175e-05
2.8610e-06
0.0000e+00
9.9897e-05
2.8610e-06
7.1526e-06
9.5367e-07
1.9073e-06
0.0000e+00
9.3937e-05
1.9073e-06
0.0000e+00
9.2983e-05
3.8147e-06
0.0000e+00
9.3937e-05
3.0994e-06
0.0000e+00
9.2030e-05
5.0068e-06
5.9605e-06
9.5367e-07
1.9073e-06
4.0531e-06
9.5367e-07
2.1458e-06
2.0027e-05
1.1921e-06
2.1458e-06
0.0000e+00
9.4175e-05
2.8610e-06
8.9884e-05
9.5367e-07
9.5367e-07
0.0000e+00
1.0586e-04
3.0994e-06
0.0000e+00
8.9884e-05
3.0994e-06
0.0000e+00
9.0837e-05
3.0994e-06
0.0000e+00
9.0837e-05
2.8610e-06
0.0000e+00
1.1396e-04
3.8147e-06
0.0000e+00
9.1076e-05
3.0994e-06
5.9605e-06
1.1921e-06
3.0994e-06
5.0068e-06
9.5367e-07
2.5988e-05
0.0000e+00
9.2030e-05
3.0994e-06
0.0000e+00
9.1076e-05
2.8610e-06
5.9605e-06
1.9073e-06
2.8610e-06
5.0068e-06
2.1458e-06
3.0994e-06
0.0000e+00
9.2030e-05
1.9073e-06
0.0000e+00
9.2030e-05
5.0068e-06
1.0896e-04
9.5367e-07
2.8610e-06
1.1921e-05
9.5367e-07
1.9073e-06
0.0000e+00
9.6083e-05
5.7936e-05
1.4067e-05
9.5367e-07
3.0994e-05
0.0000e+00
1.0109e-04
5.5075e-05
0.0000e+00
9.3937e-05
7.1526e-06
0.0000e+00
9.5129e-05
5.0068e-06
4.0054e-05
9.5367e-07
1.9073e-06
3.7909e-05
1.1921e-06
1.9073e-06
5.0068e-06
9.5367e-07
1.9073e-06
1.5306e-04
9.5367e-07
9.5367e-07
0.0000e+00
1.2207e-04
3.0994e-06
0.0000e+00
9.2983e-05
4.0531e-06
0.0000e+00
9.4175e-05
2.8610e-06
0.0000e+00
9.5844e-05
1.9073e-06
0.0000e+00
9.2983e-05
4.0531e-06
0.0000e+00
9.2983e-05
3.0994e-06
0.0000e+00
9.4175e-05
2.8610e-06
0.0000e+00
9.4891e-05
5.0068e-06
1.5020e-05
1.9073e-06
2.1458e-06
5.0068e-06
9.5367e-07
3.0994e-06
0.0000e+00
1.0610e-04
3.0994e-06
0.0000e+00
9.1076e-05
2.1458e-06
5.9605e-06
9.5367e-07
4.0531e-06
4.0531e-06
2.1458e-06
1.9073e-06
0.0000e+00
9.1791e-05
1.0395e-04
0.0000e+00
9.7036e-05
2.8610e-06
0.0000e+00
9.2983e-05
3.0994e-06
0.0000e+00
9.3222e-05
4.0531e-06
0.0000e+00
9.4891e-05
3.0994e-06
7.1526e-06
1.9073e-06
3.0994e-06
0.0000e+00
9.5129e-05
4.0531e-06
0.0000e+00
9.2030e-05
3.0994e-06
0.0000e+00
9.2983e-05
2.8610e-06
0.0000e+00
9.7036e-05
2.8610e-06
0.0000e+00
9.2983e-05
3.0994e-06
0.0000e+00
9.0837e-05
3.8147e-06
7.8678e-06
1.9073e-06
3.0994e-06
0.0000e+00
9.9182e-05
3.0994e-06
4.0531e-06
9.5367e-07
1.9073e-06
0.0000e+00
9.2983e-05
4.0531e-06
0.0000e+00
9.4175e-05
2.8610e-06
0.0000e+00
9.3937e-05
2.8610e-06
3.8147e-06
9.5367e-07
3.0994e-06
0.0000e+00
9.4175e-05
2.8610e-06
0.0000e+00
9.7036e-05
3.8147e-06
0.0000e+00
9.7036e-05
4.0531e-06
6.9141e-06
9.5367e-07
3.0994e-06
5.9605e-06
9.5367e-07
1.9073e-06
0.0000e+00
1.0300e-04
4.0531e-06
6.9141e-06
2.1458e-06
1.9073e-06
0.0000e+00
9.2030e-05
2.8610e-06
5.0068e-06
9.5367e-07
2.1458e-06
1.3018e-04
9.5367e-07
3.0994e-06
0.0000e+00
9.2030e-05
4.0531e-06
0.0000e+00
9.0837e-05
4.0531e-06
0.0000e+00
1.2112e-04
5.0068e-06
0.0000e+00
9.4891e-05
2.8610e-06
0.0000e+00
9.3937e-05
4.0531e-06
6.9141e-06
2.1458e-06
1.9073e-06
9.2030e-05
9.5367e-07
1.9073e-06
9.2030e-05
1.9073e-06
1.9073e-06
3.7193e-05
2.1458e-06
3.8147e-06
7.2002e-05
1.9073e-06
1.1921e-06
1.1706e-04
2.1458e-06
9.5367e-07
3.8147e-06
1.9073e-06
1.1921e-06
0.0000e+00
1.0204e-04
3.0994e-06
0.0000e+00
1.3208e-04
4.0531e-06
0.0000e+00
9.4891e-05
3.0994e-06
0.0000e+00
9.2983e-05
3.0994e-06
0.0000e+00
9.2983e-05
4.0531e-06
0.0000e+00
9.2030e-05
5.0068e-06
0.0000e+00
9.4891e-05
3.0994e-06
0.0000e+00
9.1791e-05
5.0068e-06
0.0000e+00
9.4175e-05
4.0531e-06
0.0000e+00
9.2983e-05
2.8610e-06
0.0000e+00
9.2030e-05
3.0994e-06
1.9073e-05
9.5367e-07
2.1458e-06
0.0000e+00
9.4175e-05
1.9073e-06
4.7684e-06
1.9073e-06
9.5367e-07
0.0000e+00
9.6083e-05
3.0994e-06
0.0000e+00
9.6083e-05
4.0531e-06
0.0000e+00
1.0014e-04
4.0531e-06
5.9605e-06
9.5367e-07
4.0531e-06
5.9605e-06
9.5367e-07
1.0014e-05
0.0000e+00
9.7990e-05
3.0994e-06
0.0000e+00
9.2983e-05
3.0994e-06
5.9605e-06
9.5367e-07
1.9073e-06
0.0000e+00
9.6083e-05
3.0994e-06
5.9605e-06
9.5367e-07
2.1458e-06
0.0000e+00
9.6083e-05
1.9073e-06
0.0000e+00
9.4891e-05
5.0068e-06
6.9141e-06
9.5367e-07
1.9073e-06
4.0531e-06
9.5367e-07
3.0994e-06
8.9884e-05
1.1921e-06
2.8610e-06
0.0000e+00
1.0300e-04
3.0994e-06
0.0000e+00
9.2030e-05
3.0994e-06
5.0068e-06
9.5367e-07
3.0994e-06
1.0014e-05
9.5367e-07
1.1921e-06
5.0068e-06
1.9073e-06
2.8610e-06
9.6083e-05
9.5367e-07
2.1458e-06
0.0000e+00
9.5129e-05
4.0531e-06
0.0000e+00
9.7036e-05
3.0994e-06
4.0531e-06
1.1921e-06
2.1458e-06
5.0068e-06
9.5367e-07
1.2875e-05
0.0000e+00
1.1992e-04
4.0531e-06
7.1526e-06
9.5367e-07
1.9073e-06
5.0068e-06
9.5367e-07
3.0994e-06
2.2292e-04
9.5367e-07
2.1458e-06
0.0000e+00
9.6083e-05
3.0994e-06
6.9141e-06
1.9073e-06
1.9073e-06
0.0000e+00
9.3937e-05
4.0531e-06
0.0000e+00
9.5129e-05
3.0994e-06
5.9605e-06
9.5367e-07
2.8610e-06
5.0068e-06
9.5367e-07
2.1458e-06
0.0000e+00
9.2030e-05
3.5048e-05
0.0000e+00
1.1992e-04
4.0531e-06
7.1526e-06
1.9073e-06
3.0994e-06
1.5497e-04
9.5367e-07
2.1458e-06
0.0000e+00
9.3222e-05
1.9073e-06
0.0000e+00
9.4891e-05
3.0994e-06
1.1396e-04
9.5367e-07
1.9073e-06
0.0000e+00
9.4891e-05
2.1458e-06
0.0000e+00
1.0204e-04
3.0994e-06
0.0000e+00
9.4175e-05
2.8610e-06
0.0000e+00
1.1706e-04
5.0068e-06
0.0000e+00
9.2030e-05
3.0994e-06
0.0000e+00
9.1076e-05
3.0994e-06
8.1062e-06
9.5367e-07
3.0994e-06
0.0000e+00
9.5129e-05
2.1458e-06
0.0000e+00
9.5129e-05
4.0531e-06
5.0068e-06
9.5367e-07
2.1458e-06
0.0000e+00
1.0610e-04
4.0531e-06
5.9605e-06
9.5367e-07
2.8610e-06
5.0068e-06
9.5367e-07
3.0994e-06
0.0000e+00
9.2983e-05
3.0994e-06
6.9141e-06
9.5367e-07
2.1458e-06
0.0000e+00
9.5129e-05
3.3140e-05
5.0068e-06
9.5367e-07
3.8147e-05
0.0000e+00
9.4175e-05
3.0994e-06
0.0000e+00
9.2983e-05
3.0994e-06
0.0000e+00
9.4891e-05
4.0531e-06
0.0000e+00
9.9897e-05
3.0994e-06
0.0000e+00
1.1683e-04
3.8147e-06
0.0000e+00
9.6083e-05
2.8610e-06
0.0000e+00
9.3937e-05
4.0531e-06
0.0000e+00
9.2030e-05
4.0531e-06
0.0000e+00
9.2983e-05
3.0994e-06
0.0000e+00
9.3937e-05
2.8610e-06
0.0000e+00
9.2983e-05
3.0994e-06
5.0068e-06
1.9073e-06
3.0994e-06
0.0000e+00
9.0122e-05
4.0531e-06
5.9605e-06
9.5367e-07
3.0994e-06
0.0000e+00
9.2030e-05
3.8147e-06
0.0000e+00
9.3937e-05
4.0531e-06
5.9605e-06
9.5367e-07
1.9073e-06
5.0068e-06
9.5367e-07
2.1458e-06
0.0000e+00
9.8944e-05
3.0994e-06
5.0068e-06
9.5367e-07
2.1458e-06
3.0994e-06
9.5367e-07
1.9073e-06
0.0000e+00
9.5844e-05
3.8147e-06
1.0014e-05
2.1458e-06
8.1062e-06
0.0000e+00
1.2684e-04
4.0531e-06
0.0000e+00
9.4175e-05
2.8610e-06
5.9605e-06
9.5367e-07
2.8610e-06
6.1035e-05
9.5367e-07
1.1921e-06
0.0000e+00
9.4175e-05
2.8610e-06
0.0000e+00
9.4891e-05
2.8610e-06
7.8678e-06
9.5367e-07
1.9073e-06
1.1516e-04
1.1921e-06
1.9073e-06
0.0000e+00
9.4891e-05
3.0994e-06
1.0109e-04
9.5367e-07
2.8610e-06
0.0000e+00
9.6083e-05
4.0531e-06
0.0000e+00
9.7036e-05
4.0531e-06
6.1989e-06
9.5367e-07
2.1458e-06
0.0000e+00
9.4175e-05
3.8147e-06
5.9605e-06
1.1921e-06
3.0994e-06
5.0068e-06
9.5367e-07
1.9073e-06
0.0000e+00
9.2030e-05
2.8610e-06
0.0000e+00
9.0837e-05
3.0994e-06
5.9605e-06
9.5367e-07
1.9073e-06
4.2915e-05
9.5367e-07
1.9073e-06
1.6403e-04
1.1921e-06
1.9073e-06
0.0000e+00
1.3089e-04
2.1458e-06
8.1062e-06
9.5367e-07
3.0994e-06
0.0000e+00
9.6083e-05
2.8610e-06
7.6056e-05
2.1458e-06
1.9073e-06
8.1062e-06
9.5367e-07
2.1458e-06
5.0068e-06
9.5367e-07
1.3828e-05
4.0531e-06
9.5367e-07
3.4094e-05
0.0000e+00
9.7990e-05
4.1008e-05
0.0000e+00
1.0490e-04
3.0994e-06
5.0068e-06
1.1921e-06
1.9073e-06
3.6001e-05
1.1921e-06
2.8610e-06
0.0000e+00
1.2088e-04
3.0994e-06
0.0000e+00
9.6798e-05
2.8610e-06
0.0000e+00
9.5844e-05
3.0994e-06
0.0000e+00
9.1791e-05
3.0994e-06
0.0000e+00
8.9884e-05
3.0994e-06
5.0068e-06
1.9073e-06
2.1458e-06
0.0000e+00
1.0896e-04
2.8610e-06
5.9605e-06
1.9073e-06
3.0994e-06
0.0000e+00
9.0837e-05
2.1458e-06
6.1989e-06
9.5367e-07
4.0531e-06
0.0000e+00
9.0837e-05
2.8610e-06
0.0000e+00
9.3937e-05
3.0994e-06
0.0000e+00
8.9884e-05
4.0531e-06
0.0000e+00
9.3937e-05
3.0994e-06
0.0000e+00
9.0122e-05
4.0531e-06
5.9605e-06
9.5367e-07
2.1458e-06
5.0068e-06
1.1921e-06
2.4796e-05
7.7009e-05
9.5367e-07
1.9073e-06
9.0122e-05
9.5367e-07
1.9073e-06
0.0000e+00
1.2207e-04
1.9073e-06
0.0000e+00
9.5844e-05
2.8610e-06
0.0000e+00
9.7036e-05
3.8147e-06
5.0068e-06
9.5367e-07
1.9073e-06
0.0000e+00
9.1791e-05
3.0994e-06
6.1989e-06
9.5367e-07
3.0994e-06
5.9605e-06
9.5367e-07
2.8610e-06
0.0000e+00
9.2983e-05
2.8610e-06
5.0068e-06
9.5367e-07
3.0994e-06
0.0000e+00
9.2030e-05
4.0531e-06
1.5020e-05
1.9073e-06
2.1458e-06
0.0000e+00
9.1076e-05
4.0531e-06
0.0000e+00
9.5844e-05
5.0068e-06
0.0000e+00
9.2983e-05
1.9073e-06
6.9141e-06
9.5367e-07
2.8610e-06
0.0000e+00
9.3937e-05
2.1458e-06
0.0000e+00
9.2983e-05
2.8610e-06
5.0068e-06
9.5367e-07
2.8610e-06
1.0014e-05
9.5367e-07
1.9073e-06
0.0000e+00
1.1992e-04
4.0531e-06
0.0000e+00
9.2983e-05
4.0531e-06
0.0000e+00
9.7036e-05
4.0531e-06
7.1526e-06
9.5367e-07
2.1458e-06
0.0000e+00
9.5129e-05
3.0994e-06
0.0000e+00
9.1076e-05
4.0531e-06
5.0068e-06
9.5367e-07
2.1458e-06
0.0000e+00
9.7990e-05
3.0994e-06
4.0531e-06
9.5367e-07
3.0994e-06
5.0068e-06
1.1921e-06
2.8610e-06
9.1791e-05
9.5367e-07
3.0994e-06
6.4135e-05
9.5367e-07
2.1458e-06
0.0000e+00
9.4175e-05
2.1458e-06
0.0000e+00
9.4175e-05
9.7752e-06
0.0000e+00
9.2030e-05
3.0994e-06
5.1022e-05
9.5367e-07
1.9073e-06
0.0000e+00
9.3937e-05
2.8610e-06
0.0000e+00
9.4891e-05
3.0994e-06
0.0000e+00
1.0300e-04
2.8610e-06
0.0000e+00
1.2088e-04
5.0068e-06
0.0000e+00
9.2030e-05
2.8610e-06
9.0599e-06
2.1458e-06
9.5367e-07
5.0068e-06
9.5367e-07
9.5367e-07
0.0000e+00
9.6083e-05
2.8610e-06
0.0000e+00
9.2983e-05
4.0531e-06
0.0000e+00
9.5129e-05
2.8610e-06
0.0000e+00
9.4891e-05
3.0994e-06
5.0068e-06
1.9073e-06
2.1458e-06
0.0000e+00
1.1587e-04
5.0068e-06
5.9605e-06
9.5367e-07
1.9073e-06
0.0000e+00
8.9884e-05
3.0994e-06
0.0000e+00
9.4891e-05
3.0994e-06
0.0000e+00
9.4175e-05
3.0994e-06
0.0000e+00
9.2983e-05
2.8610e-06
0.0000e+00
9.2030e-05
4.0531e-06
0.0000e+00
9.6083e-05
3.0994e-06
0.0000e+00
1.2612e-04
4.0531e-06
0.0000e+00
9.6083e-05
3.0994e-06
0.0000e+00
9.7036e-05
3.0994e-06
5.9605e-06
9.5367e-07
1.9073e-06
0.0000e+00
9.6083e-05
2.8610e-06
4.0531e-06
9.5367e-07
4.0531e-06
5.9605e-06
9.5367e-07
1.9073e-06
5.9605e-06
9.5367e-07
3.0994e-06
0.0000e+00
9.4891e-05
2.1458e-06
0.0000e+00
9.2030e-05
3.0994e-06
0.0000e+00
1.2898e-04
5.0068e-06
0.0000e+00
9.4175e-05
2.8610e-06
0.0000e+00
9.2983e-05
2.8610e-06
0.0000e+00
9.8944e-05
2.8610e-06
5.0068e-06
9.5367e-07
2.1458e-06
5.9605e-06
9.5367e-07
2.1458e-06
0.0000e+00
9.6083e-05
1.5020e-05
0.0000e+00
9.7036e-05
3.0994e-06
5.9605e-06
9.5367e-07
2.8610e-06
0.0000e+00
1.1897e-04
3.8147e-06
0.0000e+00
1.0490e-04
3.0994e-06
0.0000e+00
9.3937e-05
2.8610e-06
0.0000e+00
9.3937e-05
3.0994e-06
0.0000e+00
9.2983e-05
2.8610e-06
0.0000e+00
9.2030e-05
3.8147e-06
0.0000e+00
9.4891e-05
2.8610e-06
0.0000e+00
9.2983e-05
3.8147e-06
0.0000e+00
1.0300e-04
4.0531e-06
0.0000e+00
9.5129e-05
4.0531e-06
0.0000e+00
9.4175e-05
3.8147e-06
0.0000e+00
9.2030e-05
2.8610e-06
0.0000e+00
9.9897e-05
2.8610e-06
6.1989e-06
1.9073e-06
2.1458e-06
0.0000e+00
9.8228e-05
2.8610e-06
0.0000e+00
9.5844e-05
4.0531e-06
6.1989e-06
1.9073e-06
3.0994e-06
0.0000e+00
1.0705e-04
3.0994e-06
0.0000e+00
9.4175e-05
4.0531e-06
0.0000e+00
9.2983e-05
4.0531e-06
0.0000e+00
9.4175e-05
2.8610e-06
0.0000e+00
9.6083e-05
3.8147e-06
0.0000e+00
9.2983e-05
3.0994e-06
5.9605e-06
9.5367e-07
3.0994e-06
5.9605e-06
9.5367e-07
1.9073e-06
0.0000e+00
1.2398e-04
4.0531e-06
0.0000e+00
1.0800e-04
2.8610e-06
5.0068e-06
1.9073e-06
1.9073e-06
0.0000e+00
9.7990e-05
2.8610e-06
0.0000e+00
9.3937e-05
4.0531e-06
6.1989e-06
9.5367e-07
2.1458e-06
4.0531e-06
1.1921e-06
1.9073e-06
0.0000e+00
9.3937e-05
4.0531e-06
0.0000e+00
9.4891e-05
4.0531e-06
0.0000e+00
1.2207e-04
4.0531e-06
0.0000e+00
9.3937e-05
5.9605e-06
0.0000e+00
9.6798e-05
3.8147e-06
0.0000e+00
1.0014e-04
2.2562e-01
