6.5930e-03
2.3842e-05
2.1601e-03
5.9605e-06
1.9073e-06
0.0000e+00
9.5844e-05
2.8610e-06
0.0000e+00
6.1035e-05
1.9073e-06
1.2493e-04
9.5367e-07
2.1458e-06
9.2983e-05
9.5367e-07
2.1458e-06
0.0000e+00
5.8889e-05
2.1458e-06
1.7691e-04
9.5367e-07
9.5367e-07
0.0000e+00
5.6028e-05
9.5367e-07
9.4175e-05
9.5367e-07
1.9073e-06
0.0000e+00
5.5790e-05
3.0994e-06
0.0000e+00
5.8889e-05
2.1458e-06
0.0000e+00
5.4836e-05
2.1458e-06
0.0000e+00
5.5075e-05
1.9073e-06
0.0000e+00
6.2943e-05
3.0994e-06
2.0790e-04
9.5367e-07
1.9073e-06
0.0000e+00
5.7936e-05
1.9073e-06
0.0000e+00
5.5075e-05
1.9073e-06
0.0000e+00
5.4836e-05
2.1458e-06
0.0000e+00
5.6982e-05
1.9073e-06
0.0000e+00
5.4836e-05
2.1458e-06
0.0000e+00
5.2929e-05
1.9073e-06
0.0000e+00
5.3883e-05
9.5367e-07
0.0000e+00
5.3883e-05
1.9073e-06
0.0000e+00
5.2929e-05
2.8610e-06
0.0000e+00
6.2943e-05
2.1458e-06
0.0000e+00
6.6996e-05
2.1458e-06
5.0402e-04
9.5367e-07
9.5367e-07
0.0000e+00
6.3896e-05
2.1458e-06
0.0000e+00
5.5075e-05
2.1458e-06
1.6212e-04
9.5367e-07
9.5367e-07
0.0000e+00
6.1989e-05
2.1458e-06
0.0000e+00
5.2929e-05
9.5367e-07
2.9802e-05
9.5367e-07
1.9073e-06
3.0994e-06
9.5367e-07
1.1921e-06
2.8586e-04
9.5367e-07
2.1458e-06
1.0610e-04
9.5367e-07
1.9073e-06
0.0000e+00
8.1778e-05
2.1458e-06
0.0000e+00
5.4121e-05
9.5367e-07
1.4496e-04
1.1921e-06
1.1921e-06
0.0000e+00
6.1989e-05
1.9073e-06
0.0000e+00
5.4121e-05
9.5367e-07
5.6982e-05
9.5367e-07
1.9073e-06
0.0000e+00
5.7220e-05
2.1458e-06
0.0000e+00
5.3883e-05
1.9073e-06
2.9898e-04
9.5367e-07
9.5367e-07
5.0068e-06
9.5367e-07
1.9073e-06
0.0000e+00
5.7936e-05
1.9073e-06
0.0000e+00
5.4121e-05
1.9073e-06
2.7609e-04
9.5367e-07
1.9073e-06
0.0000e+00
5.6982e-05
9.5367e-07
0.0000e+00
5.4121e-05
2.1458e-06
0.0000e+00
5.4121e-05
2.1458e-06
2.3985e-04
9.5367e-07
9.5367e-07
2.3127e-05
0.0000e+00
1.9073e-06
2.5034e-05
0.0000e+00
2.1458e-06
2.1935e-05
0.0000e+00
1.9073e-06
0.0000e+00
5.8889e-05
1.9073e-06
0.0000e+00
5.3167e-05
1.1921e-06
0.0000e+00
5.2929e-05
7.8678e-06
0.0000e+00
5.5075e-05
2.1458e-06
0.0000e+00
5.2929e-05
1.9073e-06
0.0000e+00
5.4121e-05
9.5367e-07
0.0000e+00
5.3167e-05
2.1458e-06
0.0000e+00
7.1049e-05
1.9073e-06
4.1699e-04
1.1921e-06
2.1458e-06
0.0000e+00
5.6982e-05
1.9073e-06
2.0003e-04
9.5367e-07
1.9073e-06
4.0531e-06
0.0000e+00
2.1458e-06
2.8610e-06
9.5367e-07
9.5367e-07
0.0000e+00
5.6982e-05
9.5367e-07
0.0000e+00
5.3883e-05
9.5367e-07
0.0000e+00
5.3883e-05
1.9073e-06
2.6321e-04
9.5367e-07
9.5367e-07
0.0000e+00
7.2002e-05
2.1458e-06
0.0000e+00
5.6028e-05
1.9073e-06
1.9217e-04
9.5367e-07
2.1458e-06
0.0000e+00
5.6982e-05
1.9073e-06
0.0000e+00
5.5075e-05
1.9073e-06
4.0531e-06
0.0000e+00
1.1921e-06
2.3603e-04
9.5367e-07
1.9073e-06
0.0000e+00
5.4836e-05
1.9073e-06
0.0000e+00
5.2929e-05
1.9073e-06
0.0000e+00
5.3167e-05
1.9073e-06
0.0000e+00
5.5790e-05
1.1921e-06
0.0000e+00
5.3883e-05
2.1458e-06
0.0000e+00
5.3883e-05
1.9073e-06
0.0000e+00
5.3883e-05
9.5367e-07
0.0000e+00
5.9843e-05
1.9073e-06
5.3096e-04
0.0000e+00
9.5367e-07
2.1315e-04
9.5367e-07
1.9073e-06
0.0000e+00
5.6028e-05
1.9073e-06
0.0000e+00
7.2002e-05
1.9073e-06
0.0000e+00
5.5075e-05
1.9073e-06
0.0000e+00
5.4121e-05
2.1458e-06
0.0000e+00
5.2929e-05
9.5367e-07
0.0000e+00
5.3883e-05
9.5367e-07
0.0000e+00
5.3167e-05
2.1458e-06
1.6809e-04
9.5367e-07
1.9073e-06
5.2214e-05
9.5367e-07
9.5367e-07
0.0000e+00
5.5075e-05
1.9073e-06
0.0000e+00
5.6028e-05
2.1458e-06
0.0000e+00
5.3167e-05
2.1458e-06
0.0000e+00
5.3883e-05
1.9073e-06
0.0000e+00
5.3883e-05
1.9073e-06
3.0088e-04
0.0000e+00
2.1458e-06
5.2929e-05
1.1921e-06
9.5367e-07
0.0000e+00
5.6982e-05
1.9073e-06
0.0000e+00
5.3883e-05
9.5367e-07
9.9182e-05
0.0000e+00
1.9073e-06
1.0014e-04
1.5974e-05
1.9073e-06
0.0000e+00
5.7936e-05
1.9073e-06
0.0000e+00
5.5075e-05
2.1458e-06
0.0000e+00
6.0081e-05
2.1458e-06
0.0000e+00
5.5075e-05
2.1458e-06
3.0899e-04
1.1921e-06
2.1458e-06
0.0000e+00
5.6028e-05
9.5367e-07
0.0000e+00
5.3167e-05
2.1458e-06
6.3896e-05
9.5367e-07
1.9073e-06
1.6713e-04
0.0000e+00
1.9073e-06
0.0000e+00
5.6028e-05
1.9073e-06
0.0000e+00
5.5075e-05
1.9073e-06
0.0000e+00
5.4121e-05
1.9073e-06
7.2002e-05
1.1921e-06
1.1921e-06
2.8586e-04
9.5367e-07
1.9073e-06
0.0000e+00
5.7936e-05
1.9073e-06
1.1301e-04
9.5367e-07
2.1458e-06
0.0000e+00
5.5075e-05
1.9073e-06
1.6308e-04
0.0000e+00
9.5367e-07
2.5988e-05
9.5367e-07
2.1458e-06
0.0000e+00
5.6982e-05
1.9073e-06
0.0000e+00
5.4121e-05
9.5367e-07
0.0000e+00
5.2929e-05
2.1458e-06
8.2970e-05
9.5367e-07
9.5367e-07
0.0000e+00
5.4836e-05
2.1458e-06
0.0000e+00
5.4836e-05
2.1458e-06
1.8382e-04
9.5367e-07
1.9073e-06
4.0531e-06
9.5367e-07
9.5367e-07
0.0000e+00
5.3883e-05
9.5367e-07
0.0000e+00
7.2956e-05
1.9073e-06
0.0000e+00
5.5075e-05
1.9073e-06
0.0000e+00
6.0081e-05
1.9073e-06
0.0000e+00
5.3167e-05
2.1458e-06
3.8099e-04
9.5367e-07
1.9073e-06
0.0000e+00
5.4836e-05
2.1458e-06
6.9141e-06
1.1921e-06
2.1458e-06
0.0000e+00
5.3883e-05
1.9073e-06
1.2493e-04
9.5367e-07
1.9073e-06
2.4295e-04
9.5367e-07
2.1458e-06
8.1062e-06
9.5367e-07
9.5367e-07
1.1992e-04
0.0000e+00
2.1458e-06
0.0000e+00
5.9128e-05
2.1458e-06
6.9141e-06
1.1921e-06
2.1458e-06
2.0027e-05
0.0000e+00
1.9073e-06
0.0000e+00
5.7220e-05
2.1458e-06
0.0000e+00
5.3883e-05
9.5367e-07
0.0000e+00
5.1975e-05
1.9073e-06
0.0000e+00
5.3167e-05
2.1458e-06
0.0000e+00
6.9141e-05
2.1458e-06
0.0000e+00
5.5075e-05
2.1458e-06
0.0000e+00
5.3883e-05
1.1921e-06
4.0698e-04
9.5367e-07
2.1458e-06
2.0027e-05
9.5367e-07
1.9073e-06
4.2105e-04
0.0000e+00
2.1458e-06
2.0981e-05
9.5367e-07
9.5367e-07
0.0000e+00
5.4836e-05
9.5367e-07
0.0000e+00
5.2929e-05
1.9073e-06
0.0000e+00
5.4121e-05
1.9073e-06
9.2983e-05
1.5974e-05
1.9073e-06
0.0000e+00
5.8174e-05
2.1458e-06
0.0000e+00
5.5075e-05
2.1458e-06
0.0000e+00
5.2929e-05
1.9073e-06
2.9898e-04
9.5367e-07
1.9073e-06
4.0531e-06
0.0000e+00
2.1458e-06
2.3484e-04
9.5367e-07
9.5367e-07
0.0000e+00
5.5790e-05
2.1458e-06
0.0000e+00
5.1975e-05
1.9073e-06
7.7009e-05
9.5367e-07
1.9073e-06
7.1049e-05
9.5367e-07
2.1458e-06
0.0000e+00
6.0081e-05
9.5367e-07
0.0000e+00
5.2929e-05
1.1921e-06
1.3900e-04
9.5367e-07
9.5367e-07
0.0000e+00
5.4836e-05
9.5367e-07
0.0000e+00
5.2929e-05
1.9073e-06
1.3494e-04
9.5367e-07
9.5367e-07
2.0695e-04
0.0000e+00
1.9073e-06
0.0000e+00
5.6028e-05
9.5367e-07
6.5088e-05
9.5367e-07
2.1458e-06
2.0027e-05
0.0000e+00
1.9073e-06
1.7381e-04
9.5367e-07
1.9073e-06
0.0000e+00
5.6982e-05
1.9073e-06
0.0000e+00
5.5075e-05
1.9073e-06
0.0000e+00
5.4121e-05
9.5367e-07
5.0068e-06
9.5367e-07
1.1921e-06
0.0000e+00
5.5075e-05
9.5367e-07
0.0000e+00
5.2929e-05
2.1458e-06
2.6703e-04
9.5367e-07
1.9073e-06
1.8907e-04
1.1921e-06
1.9073e-06
0.0000e+00
7.1049e-05
1.9073e-06
0.0000e+00
5.6028e-05
1.9073e-06
5.0068e-05
9.5367e-07
1.9073e-06
1.4496e-04
0.0000e+00
9.5367e-07
4.0531e-06
1.1921e-06
2.1458e-06
1.3089e-04
9.5367e-07
1.9073e-06
0.0000e+00
5.7220e-05
2.1458e-06
1.5688e-04
9.5367e-07
1.1921e-06
2.0981e-05
0.0000e+00
1.9073e-06
0.0000e+00
5.4836e-05
1.9073e-06
2.7800e-04
9.5367e-07
1.9073e-06
0.0000e+00
5.5075e-05
1.9073e-06
5.6982e-05
9.5367e-07
1.9073e-06
0.0000e+00
5.8174e-05
2.1458e-06
0.0000e+00
6.0081e-05
1.1921e-06
0.0000e+00
5.4121e-05
9.5367e-07
5.6028e-05
9.5367e-07
1.9073e-06
0.0000e+00
5.6028e-05
1.1921e-06
0.0000e+00
5.4121e-05
9.5367e-07
2.8896e-04
9.5367e-07
1.9073e-06
1.7309e-04
9.5367e-07
2.1458e-06
0.0000e+00
7.2002e-05
3.0994e-06
0.0000e+00
5.6982e-05
9.5367e-07
0.0000e+00
6.1035e-05
1.9073e-06
8.3923e-05
9.5367e-07
9.5367e-07
2.0981e-05
0.0000e+00
2.1458e-06
0.0000e+00
5.4121e-05
2.1458e-06
0.0000e+00
5.2929e-05
2.1458e-06
0.0000e+00
5.3883e-05
9.5367e-07
0.0000e+00
5.3883e-05
1.9073e-06
2.0885e-04
9.5367e-07
2.8610e-06
1.5211e-04
9.5367e-07
9.5367e-07
0.0000e+00
5.7936e-05
9.5367e-07
9.4175e-05
9.5367e-07
1.9073e-06
2.7490e-04
9.5367e-07
2.1458e-06
4.0531e-06
0.0000e+00
9.5367e-07
0.0000e+00
5.6982e-05
1.9073e-06
8.4877e-05
1.1921e-06
2.1458e-06
0.0000e+00
5.5075e-05
2.1458e-06
0.0000e+00
5.5075e-05
9.5367e-07
2.5797e-04
0.0000e+00
9.5367e-07
2.1219e-05
9.5367e-07
2.8610e-06
2.4796e-05
9.5367e-07
1.9073e-06
9.1076e-05
9.5367e-07
9.5367e-07
0.0000e+00
5.7936e-05
1.9073e-06
7.5102e-05
9.5367e-07
1.9073e-06
4.7207e-04
1.1921e-06
2.1458e-06
0.0000e+00
5.5075e-05
9.5367e-07
0.0000e+00
6.1989e-05
1.9073e-06
4.7922e-05
1.1921e-06
2.1458e-06
1.0490e-04
9.5367e-07
1.9073e-06
0.0000e+00
5.8889e-05
9.5367e-07
5.0068e-05
9.5367e-07
1.9073e-06
1.3828e-05
0.0000e+00
3.0994e-06
1.0967e-05
2.1458e-06
1.9073e-06
0.0000e+00
6.1989e-05
1.9073e-06
0.0000e+00
5.3883e-05
9.5367e-07
0.0000e+00
5.4121e-05
9.5367e-07
0.0000e+00
5.1975e-05
1.9073e-06
0.0000e+00
5.2929e-05
1.9073e-06
0.0000e+00
5.3167e-05
9.5367e-07
1.6611e-03
9.5367e-07
1.9073e-06
1.0681e-04
9.5367e-07
1.9073e-06
8.1062e-06
0.0000e+00
9.5367e-07
0.0000e+00
5.8889e-05
1.9073e-06
2.2507e-04
9.5367e-07
2.1458e-06
0.0000e+00
5.6028e-05
1.9073e-06
0.0000e+00
5.3167e-05
2.1458e-06
0.0000e+00
5.2929e-05
1.9073e-06
1.3995e-04
9.5367e-07
9.5367e-07
3.8147e-06
9.5367e-07
2.1458e-06
2.0909e-04
9.5367e-07
1.9073e-06
5.1975e-05
9.5367e-07
1.9073e-06
0.0000e+00
5.5075e-05
2.1458e-06
0.0000e+00
5.6982e-05
9.5367e-07
1.6308e-04
9.5367e-07
1.1921e-06
0.0000e+00
5.6982e-05
1.9073e-06
0.0000e+00
5.3167e-05
2.1458e-06
0.0000e+00
5.3883e-05
1.9073e-06
0.0000e+00
5.2929e-05
9.5367e-07
0.0000e+00
5.4121e-05
9.5367e-07
2.5892e-04
1.1921e-06
2.1458e-06
0.0000e+00
7.3910e-05
1.9073e-06
5.8889e-05
9.5367e-07
2.1458e-06
0.0000e+00
6.2943e-05
9.5367e-07
0.0000e+00
5.4121e-05
9.5367e-07
3.6001e-04
9.5367e-07
9.5367e-07
0.0000e+00
5.4836e-05
9.5367e-07
6.1989e-06
9.5367e-07
1.9073e-06
0.0000e+00
5.5075e-05
9.5367e-07
8.1062e-05
9.5367e-07
1.1921e-06
3.0994e-06
9.5367e-07
9.5367e-07
0.0000e+00
7.2956e-05
2.1458e-06
4.0531e-06
9.5367e-07
1.9073e-06
0.0000e+00
5.5075e-05
1.9073e-06
1.5020e-05
0.0000e+00
1.9073e-06
5.1904e-04
9.5367e-07
9.5367e-07
2.0981e-05
9.5367e-07
9.5367e-07
3.9101e-05
9.5367e-07
9.5367e-07
0.0000e+00
5.6028e-05
1.9073e-06
0.0000e+00
5.2929e-05
1.9073e-06
0.0000e+00
5.5075e-05
1.9073e-06
4.4513e-04
9.5367e-07
1.9073e-06
1.9479e-04
0.0000e+00
1.9073e-06
0.0000e+00
5.8889e-05
1.9073e-06
0.0000e+00
5.3167e-05
2.1458e-06
0.0000e+00
5.5075e-05
1.1921e-06
0.0000e+00
5.3883e-05
9.5367e-07
2.3198e-04
9.5367e-07
1.9073e-06
0.0000e+00
5.6028e-05
2.1458e-06
0.0000e+00
5.3883e-05
9.5367e-07
0.0000e+00
5.2929e-05
1.9073e-06
2.2292e-04
9.5367e-07
9.5367e-07
0.0000e+00
5.7936e-05
1.9073e-06
0.0000e+00
5.5075e-05
9.5367e-07
0.0000e+00
5.4121e-05
9.5367e-07
0.0000e+00
5.4121e-05
2.1458e-06
1.8191e-04
0.0000e+00
9.5367e-07
0.0000e+00
5.6028e-05
1.9073e-06
0.0000e+00
5.4121e-05
9.5367e-07
3.0994e-05
9.5367e-07
1.9073e-06
0.0000e+00
5.7936e-05
1.9073e-06
0.0000e+00
5.3167e-05
2.1458e-06
2.9588e-04
9.5367e-07
1.9073e-06
0.0000e+00
5.5075e-05
1.9073e-06
0.0000e+00
5.4121e-05
9.5367e-07
6.0081e-05
9.5367e-07
1.9073e-06
0.0000e+00
6.2943e-05
9.5367e-07
1.8001e-04
9.5367e-07
1.1921e-06
0.0000e+00
5.3883e-05
2.1458e-06
6.9141e-06
9.5367e-07
1.9073e-06
3.6001e-05
1.1921e-06
2.1458e-06
0.0000e+00
5.6982e-05
1.9073e-06
3.2878e-04
9.5367e-07
9.5367e-07
0.0000e+00
5.6028e-05
1.9073e-06
0.0000e+00
5.3883e-05
9.5367e-07
0.0000e+00
6.0081e-05
1.9073e-06
1.6308e-04
0.0000e+00
2.1458e-06
1.3185e-04
9.5367e-07
1.9073e-06
0.0000e+00
5.5075e-05
9.5367e-07
8.0109e-05
9.5367e-07
2.1458e-06
0.0000e+00
5.7936e-05
1.9073e-06
0.0000e+00
5.4121e-05
1.9073e-06
1.0896e-04
0.0000e+00
1.9073e-06
0.0000e+00
5.6028e-05
1.9073e-06
0.0000e+00
5.4121e-05
2.1458e-06
0.0000e+00
5.3167e-05
9.5367e-07
2.2483e-04
0.0000e+00
9.5367e-07
0.0000e+00
5.5075e-05
1.9073e-06
0.0000e+00
7.1049e-05
9.5367e-07
1.1110e-04
9.5367e-07
1.9073e-06
0.0000e+00
5.6982e-05
1.1921e-06
7.3910e-05
9.5367e-07
1.1921e-06
0.0000e+00
5.5075e-05
9.5367e-07
0.0000e+00
5.4121e-05
1.1921e-06
2.6894e-04
1.1921e-06
2.1458e-06
0.0000e+00
5.6028e-05
1.9073e-06
0.0000e+00
5.3167e-05
1.1921e-06
0.0000e+00
5.2929e-05
2.1458e-06
0.0000e+00
5.6982e-05
1.9073e-06
0.0000e+00
5.3167e-05
9.5367e-07
0.0000e+00
5.1975e-05
1.9073e-06
2.3007e-04
1.1921e-06
9.5367e-07
0.0000e+00
5.6028e-05
2.1458e-06
0.0000e+00
6.1035e-05
2.1458e-06
5.0068e-06
1.1921e-06
2.1458e-06
0.0000e+00
5.5075e-05
2.1458e-06
1.6904e-04
0.0000e+00
2.1458e-06
0.0000e+00
5.6982e-05
1.9073e-06
0.0000e+00
5.3167e-05
2.1458e-06
0.0000e+00
5.5075e-05
1.1921e-06
0.0000e+00
5.2929e-05
1.9073e-06
1.7905e-04
1.1921e-06
2.1458e-06
1.2207e-04
0.0000e+00
1.9073e-06
0.0000e+00
6.1989e-05
1.1921e-06
5.0068e-06
9.5367e-07
1.9073e-06
3.1400e-04
1.1921e-06
2.1458e-06
0.0000e+00
7.3910e-05
2.1458e-06
0.0000e+00
5.5075e-05
1.9073e-06
0.0000e+00
5.1975e-05
2.1458e-06
0.0000e+00
5.4836e-05
9.5367e-07
9.2983e-05
9.5367e-07
9.5367e-07
1.0204e-04
1.1921e-06
2.1458e-06
0.0000e+00
6.2943e-05
1.9073e-06
9.5129e-05
9.5367e-07
1.9073e-06
5.0783e-05
0.0000e+00
1.9073e-06
0.0000e+00
5.6028e-05
1.9073e-06
0.0000e+00
7.2002e-05
1.9073e-06
0.0000e+00
5.5075e-05
1.9073e-06
0.0000e+00
5.3883e-05
9.5367e-07
2.3603e-04
1.1921e-06
2.1458e-06
6.5088e-05
9.5367e-07
1.9073e-06
1.9073e-05
1.1921e-06
9.5367e-07
2.3603e-04
9.5367e-07
1.9073e-06
0.0000e+00
5.8174e-05
2.1458e-06
0.0000e+00
5.5075e-05
1.1921e-06
0.0000e+00
5.3883e-05
9.5367e-07
0.0000e+00
7.2002e-05
2.1458e-06
8.1062e-05
9.5367e-07
9.5367e-07
0.0000e+00
5.6028e-05
1.9073e-06
1.0300e-04
9.5367e-07
1.9073e-06
7.1049e-05
1.1921e-06
9.5367e-07
1.4496e-04
9.5367e-07
2.1458e-06
0.0000e+00
5.6982e-05
9.5367e-07
1.5497e-04
9.5367e-07
9.5367e-07
0.0000e+00
5.4836e-05
9.5367e-07
7.3910e-05
0.0000e+00
1.9073e-06
0.0000e+00
5.4836e-05
1.9073e-06
5.8889e-05
1.1921e-06
2.1458e-06
0.0000e+00
5.7936e-05
9.5367e-07
1.5402e-04
1.1921e-06
2.1458e-06
4.0531e-06
9.5367e-07
9.5367e-07
1.1897e-04
9.5367e-07
1.9073e-06
0.0000e+00
5.6028e-05
9.5367e-07
0.0000e+00
5.4121e-05
1.9073e-06
0.0000e+00
5.4121e-05
9.5367e-07
2.3293e-04
1.1921e-06
2.1458e-06
1.7881e-05
0.0000e+00
2.1458e-06
0.0000e+00
7.1049e-05
2.8610e-06
0.0000e+00
5.6982e-05
2.1458e-06
3.1185e-04
0.0000e+00
9.5367e-07
0.0000e+00
5.6028e-05
1.9073e-06
8.1062e-06
9.5367e-07
9.5367e-07
5.7220e-05
9.5367e-07
9.5367e-07
7.4148e-05
9.5367e-07
1.9073e-06
0.0000e+00
5.6028e-05
9.5367e-07
4.8161e-05
0.0000e+00
9.5367e-07
0.0000e+00
5.4836e-05
1.9073e-06
2.7585e-04
9.5367e-07
9.5367e-07
4.0531e-06
9.5367e-07
2.1458e-06
0.0000e+00
5.6982e-05
1.9073e-06
0.0000e+00
5.4121e-05
9.5367e-07
2.3007e-04
9.5367e-07
1.9073e-06
0.0000e+00
5.6982e-05
2.1458e-06
0.0000e+00
5.2929e-05
1.9073e-06
4.7684e-06
9.5367e-07
1.9073e-06
0.0000e+00
5.5075e-05
1.9073e-06
0.0000e+00
5.1975e-05
2.1458e-06
0.0000e+00
7.1049e-05
2.1458e-06
3.2687e-04
9.5367e-07
1.9073e-06
0.0000e+00
6.6042e-05
1.9073e-06
0.0000e+00
5.5075e-05
9.5367e-07
2.6202e-04
9.5367e-07
2.1458e-06
1.0300e-04
0.0000e+00
1.1921e-06
0.0000e+00
5.6028e-05
9.5367e-07
6.6996e-05
9.5367e-07
2.1458e-06
0.0000e+00
5.6028e-05
2.1458e-06
0.0000e+00
5.3883e-05
2.1458e-06
0.0000e+00
5.5075e-05
1.9073e-06
1.1015e-04
9.5367e-07
1.9073e-06
0.0000e+00
5.6982e-05
2.1458e-06
8.6069e-05
9.5367e-07
1.9073e-06
0.0000e+00
5.5075e-05
9.5367e-07
1.8406e-04
9.5367e-07
2.1458e-06
0.0000e+00
5.4836e-05
9.5367e-07
0.0000e+00
5.2929e-05
1.9073e-06
0.0000e+00
5.3883e-05
9.5367e-07
1.3614e-04
1.5974e-05
2.1458e-06
0.0000e+00
5.6982e-05
1.9073e-06
0.0000e+00
6.0081e-05
1.9073e-06
1.9312e-04
0.0000e+00
9.5367e-07
0.0000e+00
5.6028e-05
2.1458e-06
0.0000e+00
5.4121e-05
2.1458e-06
0.0000e+00
5.3883e-05
9.5367e-07
0.0000e+00
5.3883e-05
1.9073e-06
0.0000e+00
5.3167e-05
2.1458e-06
0.0000e+00
5.6982e-05
1.9073e-06
0.0000e+00
5.3167e-05
2.1458e-06
0.0000e+00
5.5075e-05
9.5367e-07
1.4997e-04
9.5367e-07
3.0994e-06
0.0000e+00
6.1989e-05
9.5367e-07
7.2956e-05
9.5367e-07
1.9073e-06
1.9002e-04
9.5367e-07
2.1458e-06
0.0000e+00
5.3883e-05
1.9073e-06
7.4863e-05
0.0000e+00
2.1458e-06
0.0000e+00
7.7009e-05
2.1458e-06
0.0000e+00
5.4121e-05
2.1458e-06
0.0000e+00
5.5075e-05
1.1921e-06
0.0000e+00
5.2929e-05
9.5367e-07
1.0705e-04
9.5367e-07
1.9073e-06
0.0000e+00
5.6028e-05
1.9073e-06
0.0000e+00
5.3883e-05
1.9073e-06
0.0000e+00
5.6028e-05
1.9073e-06
0.0000e+00
7.2002e-05
2.1458e-06
0.0000e+00
5.4121e-05
2.1458e-06
2.2602e-04
9.5367e-07
2.1458e-06
4.0531e-06
9.5367e-07
1.9073e-06
0.0000e+00
5.5075e-05
1.9073e-06
0.0000e+00
5.3167e-05
2.1458e-06
3.1400e-04
0.0000e+00
1.9073e-06
0.0000e+00
5.7936e-05
1.9073e-06
0.0000e+00
5.3883e-05
9.5367e-07
1.1301e-04
9.5367e-07
1.9073e-06
0.0000e+00
5.6982e-05
2.1458e-06
0.0000e+00
5.4121e-05
1.1921e-06
0.0000e+00
5.2929e-05
9.5367e-07
0.0000e+00
5.2929e-05
1.9073e-06
0.0000e+00
5.1975e-05
1.1921e-06
0.0000e+00
5.2929e-05
9.5367e-07
5.1975e-05
0.0000e+00
1.9073e-06
9.1076e-05
0.0000e+00
1.1921e-06
1.0896e-04
9.5367e-07
2.1458e-06
0.0000e+00
8.4877e-05
1.9073e-06
0.0000e+00
5.2929e-05
9.5367e-07
0.0000e+00
5.4121e-05
1.9073e-06
6.9141e-06
9.5367e-07
1.9073e-06
0.0000e+00
5.5075e-05
9.5367e-07
0.0000e+00
5.1975e-05
1.1921e-06
2.3484e-04
0.0000e+00
1.9073e-06
0.0000e+00
5.5075e-05
1.9073e-06
0.0000e+00
5.5075e-05
1.9073e-06
0.0000e+00
5.8889e-05
1.9073e-06
2.8801e-04
0.0000e+00
9.5367e-07
4.0531e-06
9.5367e-07
1.9073e-06
0.0000e+00
5.4121e-05
1.9073e-06
2.2197e-04
9.5367e-07
1.9073e-06
0.0000e+00
5.5075e-05
2.1458e-06
0.0000e+00
5.4121e-05
9.5367e-07
1.9193e-04
1.1921e-06
2.1458e-06
0.0000e+00
5.6028e-05
1.9073e-06
0.0000e+00
7.0095e-05
1.9073e-06
0.0000e+00
5.6982e-05
2.1458e-06
0.0000e+00
5.4836e-05
9.5367e-07
1.1396e-04
9.5367e-07
9.5367e-07
0.0000e+00
5.4836e-05
1.9073e-06
1.0586e-04
1.1921e-06
1.1921e-06
0.0000e+00
5.4121e-05
2.1458e-06
1.5998e-04
9.5367e-07
1.9073e-06
1.1992e-04
1.1921e-06
2.1458e-06
0.0000e+00
5.6028e-05
1.9073e-06
0.0000e+00
7.2002e-05
1.9073e-06
6.5088e-05
0.0000e+00
1.1921e-06
0.0000e+00
5.5075e-05
2.1458e-06
0.0000e+00
5.2929e-05
1.9073e-06
1.4901e-04
9.5367e-07
9.5367e-07
1.6499e-04
0.0000e+00
1.1921e-06
0.0000e+00
5.5075e-05
1.1921e-06
0.0000e+00
5.2929e-05
2.1458e-06
0.0000e+00
5.4836e-05
9.5367e-07
0.0000e+00
6.7949e-05
1.9073e-06
1.7715e-04
9.5367e-07
1.9073e-06
4.0531e-06
9.5367e-07
9.5367e-07
0.0000e+00
5.6028e-05
2.1458e-06
1.7405e-04
9.5367e-07
1.9073e-06
0.0000e+00
5.5075e-05
1.9073e-06
7.3195e-05
9.5367e-07
1.9073e-06
4.8161e-05
0.0000e+00
9.5367e-07
0.0000e+00
5.4121e-05
9.5367e-07
4.1890e-04
9.5367e-07
1.9073e-06
0.0000e+00
5.7220e-05
2.1458e-06
8.4877e-05
9.5367e-07
1.9073e-06
8.7976e-05
1.1921e-06
2.1458e-06
0.0000e+00
5.7936e-05
1.9073e-06
0.0000e+00
5.3883e-05
9.5367e-07
0.0000e+00
5.4121e-05
1.9073e-06
8.7023e-05
1.1921e-06
9.5367e-07
0.0000e+00
5.6028e-05
1.9073e-06
4.0531e-06
9.5367e-07
2.1458e-06
0.0000e+00
5.3883e-05
1.9073e-06
0.0000e+00
5.2929e-05
2.1458e-06
0.0000e+00
5.7936e-05
1.9073e-06
2.9302e-04
9.5367e-07
1.9073e-06
0.0000e+00
5.6028e-05
1.9073e-06
0.0000e+00
5.3883e-05
9.5367e-07
0.0000e+00
5.3167e-05
2.1458e-06
3.2401e-04
0.0000e+00
9.5367e-07
1.3685e-04
1.1921e-06
2.1458e-06
0.0000e+00
5.6982e-05
1.9073e-06
0.0000e+00
5.3167e-05
2.1458e-06
0.0000e+00
5.6982e-05
9.5367e-07
0.0000e+00
5.1975e-05
2.1458e-06
0.0000e+00
5.4121e-05
9.5367e-07
0.0000e+00
5.2929e-05
9.5367e-07
1.2708e-04
9.5367e-07
2.1458e-06
0.0000e+00
6.3896e-05
1.9073e-06
3.4499e-04
0.0000e+00
1.9073e-06
4.9114e-05
0.0000e+00
1.9073e-06
7.8201e-05
9.5367e-07
9.5367e-07
1.0109e-04
9.5367e-07
1.9073e-06
0.0000e+00
7.4148e-05
1.9073e-06
0.0000e+00
5.5075e-05
1.9073e-06
0.0000e+00
5.4121e-05
9.5367e-07
0.0000e+00
5.3167e-05
1.1921e-06
0.0000e+00
5.4121e-05
9.5367e-07
0.0000e+00
5.3883e-05
1.9073e-06
3.0041e-05
1.1921e-06
9.5367e-07
0.0000e+00
5.5075e-05
1.9073e-06
4.0531e-06
9.5367e-07
2.1458e-06
4.0531e-06
9.5367e-07
9.5367e-07
3.9005e-04
1.1921e-06
9.5367e-07
3.8147e-06
9.5367e-07
9.5367e-07
0.0000e+00
5.6982e-05
1.9073e-06
0.0000e+00
5.1975e-05
2.1458e-06
0.0000e+00
5.2929e-05
9.5367e-07
3.3283e-04
9.5367e-07
1.9073e-06
0.0000e+00
5.6982e-05
9.5367e-07
7.7963e-05
9.5367e-07
9.5367e-07
0.0000e+00
5.3883e-05
1.9073e-06
0.0000e+00
8.2016e-05
1.9073e-06
0.0000e+00
5.4836e-05
2.1458e-06
0.0000e+00
5.3883e-05
9.5367e-07
0.0000e+00
5.3883e-05
1.9073e-06
4.6015e-05
9.5367e-07
1.9073e-06
0.0000e+00
6.1989e-05
2.1458e-06
0.0000e+00
5.5075e-05
2.1458e-06
0.0000e+00
5.3883e-05
2.1458e-06
3.4904e-04
9.5367e-07
1.9073e-06
8.1062e-06
9.5367e-07
1.9073e-06
1.9598e-04
9.5367e-07
9.5367e-07
0.0000e+00
5.6982e-05
1.9073e-06
0.0000e+00
5.4121e-05
9.5367e-07
0.0000e+00
6.1035e-05
1.9073e-06
0.0000e+00
5.5075e-05
9.5367e-07
0.0000e+00
5.4121e-05
1.1921e-06
0.0000e+00
5.2929e-05
9.5367e-07
0.0000e+00
7.2002e-05
1.9073e-06
2.3317e-04
9.5367e-07
1.9073e-06
4.0531e-06
9.5367e-07
2.1458e-06
0.0000e+00
5.6982e-05
1.9073e-06
0.0000e+00
5.5075e-05
1.9073e-06
0.0000e+00
5.4121e-05
9.5367e-07
0.0000e+00
5.2929e-05
2.1458e-06
1.5187e-04
9.5367e-07
1.9073e-06
0.0000e+00
5.6982e-05
1.9073e-06
0.0000e+00
7.2956e-05
2.1458e-06
4.0793e-04
9.5367e-07
2.1458e-06
0.0000e+00
5.6982e-05
1.9073e-06
4.0531e-06
9.5367e-07
1.1921e-06
1.8597e-04
9.5367e-07
2.1458e-06
0.0000e+00
6.2943e-05
1.9073e-06
0.0000e+00
5.3167e-05
9.5367e-07
0.0000e+00
5.3167e-05
1.1921e-06
1.2589e-04
9.5367e-07
2.1458e-06
1.9407e-04
9.5367e-07
1.9073e-06
1.9073e-05
9.5367e-07
1.1921e-06
4.1962e-05
9.5367e-07
1.9073e-06
0.0000e+00
5.8174e-05
2.1458e-06
0.0000e+00
5.4121e-05
2.1458e-06
1.2898e-04
9.5367e-07
1.9073e-06
0.0000e+00
6.3896e-05
9.5367e-07
0.0000e+00
5.4121e-05
1.9073e-06
0.0000e+00
5.4121e-05
2.1458e-06
0.0000e+00
5.3883e-05
2.1458e-06
0.0000e+00
5.1975e-05
1.9073e-06
0.0000e+00
5.4836e-05
1.9073e-06
2.1791e-04
0.0000e+00
2.1458e-06
0.0000e+00
5.6982e-05
1.9073e-06
0.0000e+00
5.5075e-05
1.9073e-06
0.0000e+00
5.4121e-05
9.5367e-07
0.0000e+00
5.4121e-05
1.1921e-06
0.0000e+00
6.1035e-05
2.1458e-06
2.0194e-04
1.1921e-06
2.1458e-06
0.0000e+00
7.2956e-05
1.9073e-06
0.0000e+00
5.6028e-05
2.1458e-06
4.1103e-04
9.5367e-07
2.1458e-06
0.0000e+00
5.6028e-05
2.1458e-06
0.0000e+00
5.3883e-05
9.5367e-07
0.0000e+00
5.5075e-05
9.5367e-07
2.3198e-04
1.1921e-06
9.5367e-07
4.0531e-06
0.0000e+00
1.9073e-06
1.1516e-04
9.5367e-07
1.9073e-06
0.0000e+00
5.6028e-05
9.5367e-07
0.0000e+00
7.2002e-05
2.1458e-06
0.0000e+00
5.4121e-05
2.1458e-06
2.2912e-04
9.5367e-07
1.9073e-06
7.7009e-05
1.1921e-06
2.1458e-06
0.0000e+00
5.6982e-05
9.5367e-07
1.2708e-04
9.5367e-07
9.5367e-07
4.0531e-06
9.5367e-07
2.1458e-06
1.6689e-04
0.0000e+00
2.1458e-06
0.0000e+00
5.6028e-05
1.1921e-06
0.0000e+00
5.1975e-05
9.5367e-07
9.0122e-05
9.5367e-07
2.1458e-06
6.9141e-06
0.0000e+00
2.1458e-06
0.0000e+00
5.6982e-05
9.5367e-07
3.2401e-04
9.5367e-07
1.9073e-06
0.0000e+00
5.7936e-05
2.1458e-06
6.6042e-05
0.0000e+00
1.9073e-06
1.0514e-04
0.0000e+00
1.9073e-06
0.0000e+00
5.5790e-05
2.1458e-06
0.0000e+00
5.3883e-05
9.5367e-07
1.3590e-04
9.5367e-07
1.9073e-06
2.0027e-05
0.0000e+00
9.5367e-07
2.0027e-05
1.1921e-06
9.5367e-07
0.0000e+00
7.3910e-05
1.9073e-06
0.0000e+00
6.1989e-05
9.5367e-07
0.0000e+00
5.3883e-05
9.5367e-07
0.0000e+00
5.2929e-05
1.9073e-06
4.5896e-04
9.5367e-07
1.9073e-06
0.0000e+00
5.6028e-05
1.9073e-06
7.1049e-05
9.5367e-07
2.1458e-06
1.9073e-05
9.5367e-07
1.9073e-06
2.4104e-04
0.0000e+00
1.1921e-06
0.0000e+00
5.6028e-05
1.9073e-06
0.0000e+00
7.2002e-05
1.9073e-06
1.0705e-04
0.0000e+00
2.1458e-06
0.0000e+00
5.6028e-05
9.5367e-07
0.0000e+00
5.5075e-05
9.5367e-07
1.5402e-04
9.5367e-07
9.5367e-07
0.0000e+00
5.3883e-05
9.5367e-07
0.0000e+00
5.2929e-05
9.5367e-07
0.0000e+00
5.2929e-05
9.5367e-07
2.2101e-04
9.5367e-07
2.1458e-06
0.0000e+00
7.3910e-05
2.1458e-06
0.0000e+00
5.3883e-05
9.5367e-07
6.6996e-05
9.5367e-07
9.5367e-07
0.0000e+00
5.6028e-05
9.5367e-07
6.3181e-05
9.5367e-07
3.0994e-06
1.6689e-04
9.5367e-07
1.9073e-06
0.0000e+00
6.1035e-05
9.5367e-07
0.0000e+00
5.3167e-05
2.1458e-06
0.0000e+00
5.3167e-05
1.1921e-06
1.6499e-04
1.1921e-06
2.1458e-06
0.0000e+00
5.8889e-05
9.5367e-07
6.9141e-06
1.1921e-06
2.1458e-06
0.0000e+00
5.3883e-05
1.9073e-06
7.7009e-05
9.5367e-07
1.9073e-06
0.0000e+00
5.5075e-05
9.5367e-07
2.6703e-04
0.0000e+00
1.1921e-06
2.0981e-05
0.0000e+00
9.5367e-07
0.0000e+00
5.4836e-05
1.9073e-06
1.5497e-04
9.5367e-07
1.9073e-06
3.4809e-05
9.5367e-07
1.9073e-06
4.3154e-05
9.5367e-07
9.5367e-07
0.0000e+00
7.5102e-05
1.9073e-06
2.8133e-05
9.5367e-07
9.5367e-07
2.7490e-04
9.5367e-07
2.1458e-06
0.0000e+00
5.6982e-05
1.9073e-06
3.5048e-05
0.0000e+00
1.9073e-06
0.0000e+00
5.4836e-05
9.5367e-07
0.0000e+00
5.3883e-05
1.9073e-06
0.0000e+00
5.4836e-05
2.1458e-06
1.5402e-04
9.5367e-07
1.9073e-06
7.5102e-05
0.0000e+00
1.9073e-06
1.0800e-04
9.5367e-07
1.9073e-06
5.0068e-06
9.5367e-07
1.9073e-06
0.0000e+00
5.9128e-05
1.9073e-06
1.8406e-04
9.5367e-07
1.9073e-06
3.8147e-06
9.5367e-07
1.9073e-06
0.0000e+00
5.6982e-05
1.9073e-06
0.0000e+00
5.3883e-05
1.9073e-06
0.0000e+00
5.4121e-05
9.5367e-07
2.3603e-04
1.1921e-06
2.1458e-06
0.0000e+00
5.6028e-05
2.1458e-06
2.4104e-04
9.5367e-07
2.1458e-06
0.0000e+00
5.6982e-05
1.9073e-06
0.0000e+00
5.5075e-05
9.5367e-07
0.0000e+00
5.6028e-05
1.9073e-06
0.0000e+00
5.3883e-05
1.9073e-06
1.1206e-04
1.1921e-06
1.9073e-06
1.9813e-04
9.5367e-07
9.5367e-07
0.0000e+00
5.8174e-05
2.1458e-06
0.0000e+00
5.3167e-05
2.1458e-06
0.0000e+00
7.3910e-05
2.1458e-06
0.0000e+00
5.6028e-05
1.9073e-06
0.0000e+00
5.4121e-05
2.1458e-06
7.7009e-05
9.5367e-07
1.9073e-06
0.0000e+00
5.4836e-05
1.9073e-06
6.9141e-06
9.5367e-07
1.9073e-06
0.0000e+00
5.5790e-05
9.5367e-07
0.0000e+00
5.3883e-05
1.9073e-06
0.0000e+00
5.9843e-05
2.1458e-06
0.0000e+00
7.2002e-05
2.1458e-06
0.0000e+00
5.3167e-05
2.1458e-06
6.1202e-04
9.5367e-07
9.5367e-07
1.1706e-04
1.1921e-06
2.1458e-06
5.0068e-06
9.5367e-07
1.1921e-06
2.3389e-04
9.5367e-07
2.1458e-06
0.0000e+00
5.6982e-05
1.9073e-06
0.0000e+00
5.3883e-05
9.5367e-07
6.1989e-05
1.1921e-06
9.5367e-07
0.0000e+00
5.5075e-05
9.5367e-07
1.5903e-04
9.5367e-07
2.1458e-06
6.9141e-06
1.1921e-06
2.1458e-06
0.0000e+00
5.6028e-05
1.9073e-06
2.4509e-04
9.5367e-07
2.1458e-06
2.8849e-05
9.5367e-07
9.5367e-07
1.1301e-04
9.5367e-07
9.5367e-07
0.0000e+00
5.6982e-05
1.1921e-06
7.2956e-05
0.0000e+00
1.9073e-06
1.9789e-05
9.5367e-07
1.9073e-06
0.0000e+00
5.6028e-05
9.5367e-07
4.9114e-05
9.5367e-07
1.9073e-06
0.0000e+00
5.5075e-05
9.5367e-07
0.0000e+00
7.2002e-05
1.9073e-06
0.0000e+00
5.5075e-05
9.5367e-07
0.0000e+00
5.2929e-05
9.5367e-07
2.9397e-04
9.5367e-07
1.9073e-06
0.0000e+00
5.6982e-05
2.1458e-06
0.0000e+00
5.4121e-05
2.1458e-06
0.0000e+00
5.1975e-05
1.9073e-06
2.9612e-04
0.0000e+00
9.5367e-07
6.1989e-05
0.0000e+00
1.9073e-06
3.6955e-05
9.5367e-07
1.9073e-06
0.0000e+00
5.8174e-05
8.1062e-06
1.2493e-04
9.5367e-07
1.9073e-06
7.1049e-05
9.5367e-07
9.5367e-07
5.6028e-05
1.1921e-06
2.1458e-06
1.3709e-04
9.5367e-07
1.9073e-06
0.0000e+00
5.8174e-05
2.1458e-06
0.0000e+00
5.2929e-05
1.9073e-06
0.0000e+00
5.4121e-05
1.9073e-06
0.0000e+00
5.5075e-05
9.5367e-07
3.1948e-05
9.5367e-07
1.9073e-06
0.0000e+00
7.5102e-05
2.1458e-06
0.0000e+00
5.4121e-05
1.1921e-06
0.0000e+00
6.1035e-05
9.5367e-07
2.4295e-04
0.0000e+00
1.1921e-06
0.0000e+00
5.5075e-05
2.1458e-06
1.0705e-04
9.5367e-07
2.1458e-06
0.0000e+00
5.5075e-05
2.1458e-06
0.0000e+00
5.2929e-05
9.5367e-07
1.2779e-04
0.0000e+00
1.9073e-06
0.0000e+00
7.2956e-05
2.1458e-06
6.9857e-05
9.5367e-07
9.5367e-07
0.0000e+00
6.1989e-05
9.5367e-07
0.0000e+00
5.4836e-05
2.1458e-06
0.0000e+00
5.3883e-05
9.5367e-07
0.0000e+00
5.3883e-05
1.9073e-06
0.0000e+00
5.4836e-05
1.9073e-06
2.5201e-04
9.5367e-07
1.9073e-06
0.0000e+00
5.5075e-05
2.1458e-06
1.3399e-04
0.0000e+00
1.9073e-06
0.0000e+00
5.7936e-05
9.5367e-07
7.7009e-05
9.5367e-07
2.1458e-06
0.0000e+00
5.6028e-05
9.5367e-07
0.0000e+00
5.1975e-05
1.9073e-06
0.0000e+00
5.3883e-05
1.9073e-06
0.0000e+00
5.3167e-05
9.5367e-07
0.0000e+00
5.2929e-05
9.5367e-07
3.4904e-04
1.1921e-06
1.9073e-06
0.0000e+00
5.8174e-05
1.1921e-06
0.0000e+00
5.4121e-05
2.1458e-06
4.2915e-05
1.1921e-06
2.1458e-06
0.0000e+00
6.1989e-05
1.9073e-06
0.0000e+00
5.3167e-05
1.1921e-06
0.0000e+00
5.2929e-05
1.9073e-06
0.0000e+00
5.2929e-05
1.9073e-06
0.0000e+00
5.4121e-05
9.5367e-07
0.0000e+00
7.2002e-05
2.1458e-06
3.5000e-04
9.5367e-07
1.9073e-06
0.0000e+00
5.6982e-05
2.1458e-06
0.0000e+00
5.3883e-05
2.1458e-06
2.9802e-04
9.5367e-07
9.5367e-07
0.0000e+00
5.5790e-05
2.1458e-06
0.0000e+00
5.2929e-05
9.5367e-07
0.0000e+00
5.4121e-05
9.5367e-07
0.0000e+00
5.1975e-05
1.9073e-06
2.6894e-04
9.5367e-07
9.5367e-07
1.9073e-05
9.5367e-07
2.1458e-06
0.0000e+00
5.6982e-05
1.9073e-06
0.0000e+00
6.0081e-05
1.9073e-06
2.5511e-04
9.5367e-07
9.5367e-07
0.0000e+00
5.5075e-05
1.9073e-06
7.0095e-05
0.0000e+00
9.5367e-07
0.0000e+00
5.5075e-05
2.1458e-06
7.7963e-05
9.5367e-07
1.9073e-06
0.0000e+00
5.3883e-05
3.0994e-06
1.7405e-04
9.5367e-07
2.1458e-06
0.0000e+00
7.1049e-05
2.1458e-06
0.0000e+00
5.4121e-05
2.1458e-06
0.0000e+00
5.3167e-05
2.1458e-06
0.0000e+00
5.3883e-05
1.9073e-06
0.0000e+00
5.1975e-05
2.1458e-06
0.0000e+00
5.4121e-05
1.9073e-06
0.0000e+00
5.2929e-05
1.9073e-06
2.9206e-04
9.5367e-07
2.1458e-06
4.0531e-06
9.5367e-07
1.9073e-06
0.0000e+00
5.8174e-05
2.1458e-06
0.0000e+00
5.4121e-05
1.1921e-06
3.5906e-04
9.5367e-07
1.9073e-06
0.0000e+00
5.9128e-05
2.1458e-06
6.7949e-05
1.1921e-06
2.1458e-06
2.0027e-05
9.5367e-07
9.5367e-07
4.2200e-05
9.5367e-07
9.5367e-07
2.7108e-04
9.5367e-07
1.9073e-06
0.0000e+00
5.5075e-05
1.9073e-06
0.0000e+00
5.6982e-05
2.1458e-06
0.0000e+00
5.3883e-05
1.9073e-06
4.2200e-05
9.5367e-07
1.9073e-06
0.0000e+00
5.6028e-05
1.9073e-06
0.0000e+00
5.5075e-05
1.9073e-06
3.1304e-04
0.0000e+00
2.1458e-06
0.0000e+00
5.3883e-05
1.9073e-06
4.7684e-06
9.5367e-07
9.5367e-07
0.0000e+00
5.6028e-05
1.9073e-06
0.0000e+00
7.3195e-05
2.1458e-06
1.0014e-05
0.0000e+00
1.9073e-06
0.0000e+00
6.1989e-05
1.1921e-06
3.4904e-04
9.5367e-07
9.5367e-07
0.0000e+00
5.5790e-05
1.1921e-06
6.3896e-05
1.1921e-06
1.1921e-06
1.2207e-04
0.0000e+00
1.9073e-06
0.0000e+00
5.6028e-05
1.9073e-06
3.8147e-06
9.5367e-07
1.9073e-06
1.8597e-04
9.5367e-07
9.5367e-07
0.0000e+00
5.6982e-05
2.1458e-06
0.0000e+00
5.6028e-05
1.9073e-06
1.3304e-04
1.1921e-06
2.1458e-06
4.0531e-06
9.5367e-07
1.9073e-06
0.0000e+00
5.6028e-05
9.5367e-07
0.0000e+00
5.2929e-05
9.5367e-07
0.0000e+00
5.1975e-05
2.1458e-06
0.0000e+00
5.1975e-05
9.5367e-07
2.7299e-04
9.5367e-07
9.5367e-07
0.0000e+00
5.9843e-05
1.9073e-06
5.0068e-06
1.1921e-06
2.1458e-06
0.0000e+00
5.6982e-05
9.5367e-07
8.7023e-05
9.5367e-07
2.1458e-06
0.0000e+00
5.6028e-05
1.9073e-06
0.0000e+00
5.3167e-05
2.1458e-06
6.8903e-05
9.5367e-07
1.9073e-06
4.0531e-06
9.5367e-07
1.9073e-06
2.1315e-04
0.0000e+00
1.9073e-06
0.0000e+00
5.6028e-05
2.1458e-06
0.0000e+00
5.4121e-05
2.1458e-06
0.0000e+00
5.6028e-05
1.9073e-06
0.0000e+00
6.1989e-05
1.9073e-06
0.0000e+00
5.3883e-05
1.9073e-06
1.4186e-04
1.1921e-06
2.1458e-06
0.0000e+00
5.5075e-05
2.1458e-06
0.0000e+00
5.3883e-05
9.5367e-07
6.0797e-05
0.0000e+00
9.5367e-07
0.0000e+00
5.5075e-05
9.5367e-07
0.0000e+00
5.4121e-05
1.9073e-06
0.0000e+00
5.7936e-05
1.9073e-06
0.0000e+00
5.5075e-05
1.9073e-06
0.0000e+00
5.4121e-05
9.5367e-07
0.0000e+00
5.4121e-05
2.1458e-06
2.9111e-04
0.0000e+00
1.9073e-06
7.5817e-05
9.5367e-07
9.5367e-07
2.0981e-05
0.0000e+00
2.1458e-06
1.8835e-05
0.0000e+00
9.5367e-07
0.0000e+00
5.6982e-05
1.9073e-06
0.0000e+00
7.5102e-05
1.9073e-06
0.0000e+00
5.4121e-05
1.9073e-06
2.9707e-04
9.5367e-07
1.9073e-06
0.0000e+00
6.2943e-05
1.9073e-06
0.0000e+00
5.4121e-05
2.1458e-06
0.0000e+00
5.5075e-05
1.1921e-06
0.0000e+00
5.2929e-05
1.9073e-06
5.7220e-05
0.0000e+00
9.5367e-07
0.0000e+00
5.5075e-05
1.9073e-06
6.2943e-05
9.5367e-07
9.5367e-07
0.0000e+00
5.7936e-05
9.5367e-07
0.0000e+00
5.3167e-05
2.1458e-06
0.0000e+00
5.2929e-05
1.9073e-06
0.0000e+00
5.4121e-05
1.9073e-06
0.0000e+00
5.3167e-05
2.1458e-06
0.0000e+00
5.2929e-05
1.9073e-06
0.0000e+00
5.8889e-05
1.9073e-06
0.0000e+00
5.5075e-05
1.9073e-06
0.0000e+00
5.5075e-05
5.0068e-06
0.0000e+00
5.3167e-05
2.1458e-06
0.0000e+00
5.2929e-05
1.9073e-06
1.8172e-03
9.5367e-07
9.5367e-07
0.0000e+00
5.7936e-05
1.9073e-06
5.0068e-06
9.5367e-07
1.9073e-06
2.8992e-04
9.5367e-07
1.1921e-06
1.0800e-04
9.5367e-07
1.9073e-06
4.0531e-06
0.0000e+00
1.9073e-06
1.2302e-04
0.0000e+00
1.9073e-06
0.0000e+00
5.7936e-05
1.9073e-06
0.0000e+00
6.1989e-05
1.9073e-06
1.5497e-04
9.5367e-07
1.9073e-06
0.0000e+00
5.4121e-05
1.9073e-06
0.0000e+00
5.4121e-05
1.1921e-06
4.6015e-05
0.0000e+00
1.9073e-06
0.0000e+00
5.5075e-05
1.9073e-06
7.1049e-05
1.1921e-06
2.1458e-06
2.8610e-04
0.0000e+00
1.9073e-06
0.0000e+00
7.2002e-05
2.1458e-06
5.7936e-05
1.1921e-06
2.1458e-06
0.0000e+00
5.6982e-05
1.9073e-06
0.0000e+00
5.4121e-05
1.9073e-06
0.0000e+00
5.4121e-05
9.5367e-07
0.0000e+00
5.1975e-05
1.9073e-06
0.0000e+00
5.3883e-05
1.9073e-06
1.9622e-04
9.5367e-07
9.5367e-07
0.0000e+00
5.4121e-05
1.9073e-06
5.0068e-06
1.1921e-06
9.5367e-07
2.1601e-04
0.0000e+00
1.9073e-06
0.0000e+00
6.3896e-05
1.9073e-06
0.0000e+00
5.3167e-05
2.1458e-06
1.8501e-04
0.0000e+00
1.9073e-06
0.0000e+00
5.4836e-05
1.9073e-06
0.0000e+00
5.3167e-05
2.1458e-06
0.0000e+00
5.5075e-05
2.1458e-06
0.0000e+00
5.2929e-05
1.1921e-06
0.0000e+00
7.2956e-05
1.9073e-06
0.0000e+00
5.4121e-05
1.9073e-06
0.0000e+00
5.4121e-05
2.1458e-06
3.5501e-04
9.5367e-07
2.1458e-06
6.9141e-06
0.0000e+00
1.1921e-06
0.0000e+00
5.5075e-05
9.5367e-07
1.7405e-04
9.5367e-07
2.1458e-06
0.0000e+00
5.6982e-05
1.9073e-06
8.2970e-05
9.5367e-07
1.9073e-06
0.0000e+00
5.6028e-05
2.8610e-06
9.1076e-05
0.0000e+00
2.1458e-06
0.0000e+00
5.7936e-05
9.5367e-07
0.0000e+00
6.1035e-05
1.9073e-06
2.0885e-04
9.5367e-07
1.1921e-06
0.0000e+00
5.5075e-05
2.1458e-06
0.0000e+00
5.3167e-05
9.5367e-07
3.8147e-06
0.0000e+00
9.5367e-07
2.3603e-04
0.0000e+00
9.5367e-07
1.0681e-04
9.5367e-07
1.9073e-06
0.0000e+00
5.6028e-05
2.1458e-06
0.0000e+00
5.6982e-05
1.9073e-06
2.3484e-04
9.5367e-07
9.5367e-07
5.0068e-06
9.5367e-07
2.1458e-06
0.0000e+00
5.6028e-05
2.1458e-06
1.7095e-04
0.0000e+00
2.1458e-06
0.0000e+00
5.5075e-05
2.1458e-06
0.0000e+00
5.1975e-05
1.9073e-06
0.0000e+00
5.2214e-05
2.1458e-06
0.0000e+00
5.2929e-05
1.9073e-06
0.0000e+00
5.5790e-05
1.9073e-06
0.0000e+00
5.2929e-05
9.5367e-07
2.7919e-04
9.5367e-07
1.9073e-06
3.4094e-05
0.0000e+00
2.1458e-06
2.3842e-05
0.0000e+00
2.1458e-06
1.8096e-04
0.0000e+00
1.1921e-06
0.0000e+00
5.6028e-05
1.9073e-06
7.0095e-05
9.5367e-07
1.9073e-06
0.0000e+00
5.4121e-05
9.5367e-07
0.0000e+00
5.3167e-05
1.9073e-06
0.0000e+00
7.2002e-05
2.1458e-06
0.0000e+00
6.1035e-05
2.1458e-06
3.2711e-04
9.5367e-07
1.9073e-06
0.0000e+00
5.4121e-05
1.9073e-06
1.0204e-04
9.5367e-07
1.1921e-06
1.0300e-04
9.5367e-07
1.9073e-06
0.0000e+00
5.5075e-05
9.5367e-07
0.0000e+00
5.2929e-05
9.5367e-07
4.0531e-06
0.0000e+00
9.5367e-07
1.2994e-04
9.5367e-07
2.1458e-06
0.0000e+00
7.3910e-05
1.9073e-06
0.0000e+00
5.3883e-05
1.9073e-06
0.0000e+00
5.3883e-05
1.9073e-06
0.0000e+00
5.3167e-05
9.5367e-07
0.0000e+00
5.4121e-05
1.1921e-06
0.0000e+00
5.2929e-05
1.9073e-06
1.8692e-04
9.5367e-07
2.1458e-06
0.0000e+00
5.4836e-05
1.1921e-06
0.0000e+00
7.2002e-05
1.9073e-06
1.6117e-04
9.5367e-07
1.9073e-06
1.0800e-04
9.5367e-07
1.9073e-06
1.0705e-04
9.5367e-07
1.9073e-06
1.8287e-04
1.1921e-06
2.1458e-06
0.0000e+00
5.7936e-05
9.5367e-07
7.5102e-05
9.5367e-07
1.9073e-06
1.1396e-04
9.5367e-07
9.5367e-07
0.0000e+00
5.5075e-05
9.5367e-07
0.0000e+00
5.5075e-05
1.9073e-06
0.0000e+00
5.4121e-05
2.1458e-06
0.0000e+00
5.6028e-05
1.9073e-06
0.0000e+00
5.5075e-05
1.9073e-06
1.2493e-04
9.5367e-07
9.5367e-07
0.0000e+00
5.6028e-05
9.5367e-07
0.0000e+00
5.3167e-05
1.1921e-06
0.0000e+00
5.2929e-05
1.9073e-06
2.7299e-04
9.5367e-07
1.9073e-06
1.0300e-04
9.5367e-07
2.1458e-06
1.4901e-04
9.5367e-07
2.1458e-06
0.0000e+00
7.2956e-05
1.9073e-06
7.1526e-06
0.0000e+00
9.5367e-07
0.0000e+00
5.4836e-05
2.1458e-06
7.7963e-05
9.5367e-07
1.9073e-06
3.0994e-05
9.5367e-07
9.5367e-07
0.0000e+00
5.5075e-05
1.9073e-06
5.0068e-05
1.1921e-06
9.5367e-07
0.0000e+00
5.3883e-05
1.9073e-06
0.0000e+00
5.2929e-05
9.5367e-07
0.0000e+00
5.3167e-05
2.1458e-06
0.0000e+00
7.2002e-05
1.9073e-06
0.0000e+00
5.4121e-05
1.9073e-06
0.0000e+00
6.1035e-05
1.9073e-06
3.8505e-04
1.1921e-06
2.1458e-06
0.0000e+00
5.3883e-05
1.1921e-06
0.0000e+00
5.3883e-05
2.1458e-06
0.0000e+00
5.2929e-05
1.9073e-06
5.0068e-06
9.5367e-07
2.1458e-06
3.2496e-04
9.5367e-07
1.9073e-06
1.3804e-04
9.5367e-07
2.1458e-06
9.1076e-05
0.0000e+00
1.9073e-06
0.0000e+00
6.0081e-05
1.9073e-06
0.0000e+00
5.4121e-05
2.1458e-06
0.0000e+00
5.2929e-05
9.5367e-07
2.4080e-05
9.5367e-07
9.5367e-07
2.0885e-04
0.0000e+00
9.5367e-07
0.0000e+00
5.5075e-05
2.1458e-06
0.0000e+00
5.2929e-05
1.9073e-06
0.0000e+00
5.9843e-05
1.9073e-06
1.3828e-05
9.5367e-07
1.9073e-06
0.0000e+00
5.6982e-05
1.1921e-06
0.0000e+00
5.3883e-05
2.1458e-06
0.0000e+00
5.6028e-05
1.1921e-06
0.0000e+00
5.4121e-05
9.5367e-07
0.0000e+00
5.1975e-05
1.9073e-06
0.0000e+00
5.4121e-05
2.1458e-06
0.0000e+00
5.4121e-05
1.1921e-06
2.8086e-04
0.0000e+00
1.9073e-06
0.0000e+00
5.9128e-05
1.9073e-06
0.0000e+00
6.1989e-05
1.9073e-06
3.2902e-05
1.1921e-06
2.1458e-06
1.0705e-04
0.0000e+00
1.9073e-06
2.1720e-04
9.5367e-07
1.9073e-06
8.1062e-06
9.5367e-07
1.9073e-06
0.0000e+00
5.6028e-05
1.9073e-06
6.7949e-05
9.5367e-07
1.9073e-06
0.0000e+00
5.2929e-05
1.9073e-06
0.0000e+00
5.2929e-05
2.1458e-06
0.0000e+00
5.6028e-05
1.9073e-06
0.0000e+00
5.3167e-05
1.9073e-06
0.0000e+00
5.8889e-05
1.9073e-06
0.0000e+00
5.3167e-05
2.1458e-06
0.0000e+00
5.3883e-05
1.9073e-06
5.9605e-06
0.0000e+00
2.1458e-06
0.0000e+00
5.6982e-05
1.9073e-06
0.0000e+00
5.4121e-05
1.9073e-06
0.0000e+00
5.6028e-05
2.1458e-06
0.0000e+00
5.5075e-05
9.5367e-07
0.0000e+00
5.2929e-05
1.9073e-06
0.0000e+00
5.4121e-05
1.9073e-06
0.0000e+00
5.3167e-05
2.1458e-06
0.0000e+00
5.2929e-05
1.9073e-06
0.0000e+00
5.3167e-05
1.1921e-06
0.0000e+00
6.8903e-05
2.1458e-06
5.9891e-04
0.0000e+00
1.1921e-06
0.0000e+00
5.6028e-05
1.9073e-06
0.0000e+00
5.4121e-05
2.1458e-06
0.0000e+00
5.4121e-05
2.1458e-06
0.0000e+00
5.3883e-05
2.1458e-06
1.3304e-04
9.5367e-07
1.9073e-06
0.0000e+00
5.6028e-05
1.9073e-06
1.2684e-04
9.5367e-07
2.1458e-06
0.0000e+00
7.8917e-05
2.1458e-06
9.0599e-06
9.5367e-07
9.5367e-07
4.0531e-06
9.5367e-07
2.1458e-06
0.0000e+00
5.7936e-05
1.9073e-06
0.0000e+00
5.4121e-05
1.9073e-06
0.0000e+00
5.5075e-05
1.9073e-06
0.0000e+00
5.2929e-05
2.1458e-06
0.0000e+00
5.4836e-05
2.1458e-06
0.0000e+00
5.3883e-05
1.9073e-06
7.1907e-04
0.0000e+00
2.1458e-06
0.0000e+00
5.9128e-05
2.1458e-06
0.0000e+00
5.3883e-05
2.1458e-06
6.2943e-05
1.1921e-06
1.1921e-06
0.0000e+00
5.5075e-05
1.1921e-06
0.0000e+00
5.3883e-05
2.1458e-06
0.0000e+00
5.9843e-05
1.9073e-06
0.0000e+00
5.6028e-05
2.1458e-06
1.4400e-04
9.5367e-07
9.5367e-07
0.0000e+00
7.2956e-05
1.9073e-06
0.0000e+00
5.4121e-05
1.9073e-06
0.0000e+00
5.4121e-05
1.1921e-06
1.1086e-04
9.5367e-07
1.1921e-06
0.0000e+00
5.5075e-05
2.1458e-06
7.8917e-05
9.5367e-07
1.1921e-06
0.0000e+00
5.5075e-05
2.1458e-06
1.7285e-04
9.5367e-07
1.9073e-06
5.0068e-06
1.1921e-06
2.1458e-06
0.0000e+00
5.6982e-05
3.0994e-06
0.0000e+00
5.6028e-05
9.5367e-07
7.3195e-05
9.5367e-07
1.9073e-06
2.1911e-04
9.5367e-07
9.5367e-07
6.9141e-05
1.1921e-06
1.9073e-06
0.0000e+00
5.9128e-05
9.5367e-07
0.0000e+00
5.4121e-05
1.1921e-06
0.0000e+00
5.2929e-05
1.9073e-06
0.0000e+00
5.4836e-05
1.9073e-06
2.8801e-04
9.5367e-07
9.5367e-07
0.0000e+00
7.7963e-05
2.1458e-06
0.0000e+00
5.3883e-05
2.1458e-06
0.0000e+00
5.3883e-05
1.9073e-06
0.0000e+00
5.2929e-05
1.9073e-06
0.0000e+00
5.4121e-05
2.1458e-06
2.1791e-04
0.0000e+00
9.5367e-07
0.0000e+00
5.5075e-05
9.5367e-07
8.5115e-05
9.5367e-07
1.9073e-06
3.8147e-06
0.0000e+00
2.1458e-06
0.0000e+00
5.6028e-05
1.9073e-06
9.9897e-05
9.5367e-07
1.9073e-06
0.0000e+00
5.6028e-05
2.1458e-06
0.0000e+00
5.5075e-05
9.5367e-07
2.5702e-04
9.5367e-07
1.9073e-06
0.0000e+00
5.6028e-05
2.1458e-06
5.9605e-06
9.5367e-07
9.5367e-07
0.0000e+00
5.4836e-05
9.5367e-07
1.6880e-04
9.5367e-07
1.9073e-06
0.0000e+00
5.5075e-05
1.9073e-06
0.0000e+00
7.2002e-05
1.9073e-06
0.0000e+00
5.4836e-05
9.5367e-07
7.2956e-05
0.0000e+00
9.5367e-07
0.0000e+00
5.5075e-05
1.9073e-06
1.2803e-04
1.1921e-06
2.1458e-06
0.0000e+00
5.5075e-05
2.1458e-06
1.5187e-04
9.5367e-07
9.5367e-07
2.1935e-05
1.1921e-06
1.1921e-06
0.0000e+00
5.5075e-05
9.5367e-07
0.0000e+00
6.1035e-05
1.9073e-06
0.0000e+00
5.6982e-05
1.9073e-06
0.0000e+00
5.2929e-05
2.1458e-06
1.7595e-04
0.0000e+00
1.9073e-06
0.0000e+00
5.3883e-05
1.9073e-06
0.0000e+00
5.5075e-05
9.5367e-07
2.5988e-05
1.1921e-06
2.1458e-06
0.0000e+00
5.5075e-05
9.5367e-07
0.0000e+00
5.1975e-05
1.9073e-06
2.3890e-04
9.5367e-07
1.9073e-06
5.0068e-06
9.5367e-07
1.9073e-06
0.0000e+00
5.7936e-05
9.5367e-07
2.7704e-04
9.5367e-07
2.1458e-06
5.0068e-06
9.5367e-07
9.5367e-07
0.0000e+00
5.6028e-05
9.5367e-07
0.0000e+00
5.3883e-05
1.9073e-06
0.0000e+00
5.1022e-05
9.5367e-07
0.0000e+00
5.3167e-05
1.1921e-06
8.9884e-05
1.1921e-06
2.1458e-06
2.0099e-04
1.1921e-06
1.9073e-06
0.0000e+00
7.7009e-05
1.9073e-06
0.0000e+00
5.3883e-05
9.5367e-07
6.6996e-05
1.1921e-06
2.1458e-06
0.0000e+00
5.5075e-05
2.1458e-06
0.0000e+00
5.3883e-05
9.5367e-07
7.1049e-05
1.1921e-06
1.1921e-06
0.0000e+00
5.5075e-05
2.1458e-06
5.3883e-05
0.0000e+00
1.9073e-06
5.1975e-05
0.0000e+00
1.1921e-06
2.7204e-04
9.5367e-07
1.9073e-06
0.0000e+00
7.2002e-05
1.9073e-06
0.0000e+00
5.4121e-05
9.5367e-07
0.0000e+00
5.2929e-05
9.5367e-07
1.4281e-04
9.5367e-07
2.1458e-06
0.0000e+00
5.6028e-05
1.9073e-06
5.7936e-05
9.5367e-07
9.5367e-07
0.0000e+00
5.4121e-05
2.1458e-06
0.0000e+00
5.2929e-05
9.5367e-07
0.0000e+00
5.2929e-05
1.9073e-06
0.0000e+00
7.1049e-05
1.9073e-06
0.0000e+00
5.4121e-05
1.9073e-06
0.0000e+00
6.2943e-05
1.9073e-06
0.0000e+00
5.5075e-05
1.9073e-06
0.0000e+00
5.4121e-05
1.1921e-06
0.0000e+00
5.2929e-05
9.5367e-07
0.0000e+00
5.3883e-05
1.9073e-06
0.0000e+00
5.3167e-05
1.9073e-06
0.0000e+00
5.6982e-05
1.9073e-06
0.0000e+00
5.2929e-05
1.9073e-06
0.0000e+00
5.4121e-05
2.1458e-06
0.0000e+00
5.2929e-05
1.9073e-06
0.0000e+00
5.3167e-05
1.1921e-06
4.2391e-04
9.5367e-07
1.9073e-06
0.0000e+00
5.7936e-05
2.1458e-06
2.5797e-04
9.5367e-07
1.9073e-06
3.8147e-06
9.5367e-07
1.9073e-06
0.0000e+00
5.8174e-05
1.1921e-06
0.0000e+00
5.3883e-05
9.5367e-07
2.1601e-04
9.5367e-07
1.9073e-06
2.0981e-05
9.5367e-07
1.1921e-06
0.0000e+00
5.6028e-05
1.9073e-06
0.0000e+00
5.2929e-05
9.5367e-07
0.0000e+00
5.2929e-05
9.5367e-07
0.0000e+00
5.3167e-05
1.1921e-06
2.8992e-04
1.1921e-06
1.1921e-06
0.0000e+00
7.2956e-05
2.1458e-06
1.3685e-04
0.0000e+00
2.1458e-06
0.0000e+00
5.5075e-05
1.9073e-06
0.0000e+00
5.4121e-05
1.9073e-06
0.0000e+00
5.4121e-05
1.9073e-06
0.0000e+00
5.3167e-05
1.1921e-06
0.0000e+00
5.2929e-05
1.9073e-06
0.0000e+00
5.3883e-05
1.9073e-06
2.8896e-04
0.0000e+00
1.9073e-06
9.1791e-05
9.5367e-07
2.1458e-06
0.0000e+00
5.6982e-05
1.9073e-06
7.3910e-05
9.5367e-07
9.5367e-07
0.0000e+00
5.4836e-05
2.1458e-06
0.0000e+00
5.9843e-05
9.5367e-07
1.7881e-05
0.0000e+00
1.1921e-06
0.0000e+00
5.5075e-05
2.1458e-06
0.0000e+00
5.4121e-05
2.1458e-06
0.0000e+00
5.3883e-05
2.1458e-06
0.0000e+00
5.6982e-05
1.9073e-06
2.8419e-04
9.5367e-07
1.9073e-06
2.9993e-04
9.5367e-07
2.1458e-06
0.0000e+00
5.6982e-05
2.1458e-06
0.0000e+00
5.4121e-05
2.1458e-06
0.0000e+00
5.2929e-05
1.9073e-06
1.7405e-04
9.5367e-07
1.9073e-06
0.0000e+00
5.6028e-05
9.5367e-07
1.0014e-04
9.5367e-07
1.9073e-06
4.0531e-06
0.0000e+00
9.5367e-07
0.0000e+00
7.4148e-05
2.1458e-06
2.6011e-04
9.5367e-07
1.9073e-06
0.0000e+00
5.4836e-05
1.9073e-06
0.0000e+00
5.4836e-05
9.5367e-07
2.0885e-04
9.5367e-07
1.9073e-06
0.0000e+00
5.5075e-05
9.5367e-07
5.5075e-05
9.5367e-07
1.9073e-06
0.0000e+00
5.6028e-05
2.1458e-06
0.0000e+00
5.4121e-05
9.5367e-07
2.3890e-04
1.1921e-06
1.9073e-06
4.1008e-05
9.5367e-07
1.9073e-06
1.8120e-05
9.5367e-07
1.9073e-06
0.0000e+00
5.9128e-05
2.1458e-06
1.5593e-04
9.5367e-07
9.5367e-07
0.0000e+00
5.5075e-05
9.5367e-07
0.0000e+00
5.4121e-05
1.9073e-06
0.0000e+00
5.4121e-05
2.1458e-06
2.6298e-04
1.1921e-06
9.5367e-07
0.0000e+00
5.5075e-05
1.1921e-06
4.0531e-06
9.5367e-07
1.9073e-06
0.0000e+00
5.6982e-05
7.1526e-06
0.0000e+00
5.6028e-05
1.9073e-06
0.0000e+00
5.4121e-05
1.9073e-06
2.7514e-04
9.5367e-07
1.9073e-06
1.0204e-04
1.1921e-06
2.1458e-06
2.5034e-05
9.5367e-07
9.5367e-07
0.0000e+00
5.7220e-05
2.1458e-06
2.9087e-05
9.5367e-07
1.9073e-06
1.7214e-04
9.5367e-07
9.5367e-07
0.0000e+00
5.6028e-05
1.9073e-06
1.7023e-04
9.5367e-07
2.1458e-06
5.0068e-06
9.5367e-07
9.5367e-07
1.1301e-04
9.5367e-07
2.1458e-06
0.0000e+00
5.7936e-05
1.9073e-06
1.5402e-04
9.5367e-07
9.5367e-07
0.0000e+00
5.3167e-05
2.1458e-06
0.0000e+00
5.3167e-05
2.1458e-06
4.0531e-06
9.5367e-07
1.9073e-06
0.0000e+00
5.5075e-05
1.9073e-06
0.0000e+00
5.4121e-05
1.1921e-06
0.0000e+00
7.2002e-05
1.9073e-06
2.8300e-04
9.5367e-07
9.5367e-07
4.0531e-06
9.5367e-07
1.9073e-06
0.0000e+00
5.6028e-05
2.1458e-06
1.2803e-04
9.5367e-07
1.9073e-06
3.0994e-06
0.0000e+00
1.9073e-06
0.0000e+00
5.4836e-05
1.9073e-06
0.0000e+00
5.2929e-05
1.9073e-06
0.0000e+00
5.3167e-05
2.1458e-06
2.8706e-04
9.5367e-07
9.5367e-07
1.0419e-04
9.5367e-07
9.5367e-07
2.0027e-05
9.5367e-07
2.1458e-06
0.0000e+00
5.6982e-05
1.9073e-06
1.2493e-04
9.5367e-07
1.9073e-06
0.0000e+00
5.4836e-05
1.9073e-06
3.8147e-06
9.5367e-07
1.9073e-06
0.0000e+00
5.4121e-05
9.5367e-07
0.0000e+00
5.4121e-05
2.1458e-06
2.4104e-04
9.5367e-07
1.9073e-06
0.0000e+00
6.2943e-05
1.9073e-06
0.0000e+00
5.2929e-05
1.9073e-06
0.0000e+00
5.6028e-05
1.1921e-06
1.7786e-04
9.5367e-07
9.5367e-07
0.0000e+00
5.5075e-05
9.5367e-07
1.0109e-04
0.0000e+00
9.5367e-07
0.0000e+00
5.3883e-05
9.5367e-07
7.5817e-05
0.0000e+00
9.5367e-07
1.0991e-04
9.5367e-07
9.5367e-07
3.0041e-05
0.0000e+00
1.9073e-06
0.0000e+00
6.2227e-05
2.1458e-06
0.0000e+00
5.3883e-05
1.9073e-06
0.0000e+00
7.2002e-05
1.9073e-06
1.1396e-04
9.5367e-07
1.9073e-06
0.0000e+00
5.6982e-05
1.9073e-06
0.0000e+00
5.4121e-05
9.5367e-07
2.8992e-04
9.5367e-07
9.5367e-07
2.0027e-05
9.5367e-07
9.5367e-07
0.0000e+00
5.4836e-05
9.5367e-07
0.0000e+00
5.2929e-05
9.5367e-07
0.0000e+00
6.1035e-05
1.9073e-06
0.0000e+00
7.2002e-05
2.1458e-06
0.0000e+00
5.5075e-05
2.1458e-06
1.7309e-04
9.5367e-07
1.9073e-06
2.1720e-04
9.5367e-07
1.9073e-06
0.0000e+00
5.6982e-05
9.5367e-07
9.0599e-06
1.1921e-06
2.1458e-06
0.0000e+00
5.6028e-05
2.1458e-06
7.3910e-05
9.5367e-07
1.9073e-06
0.0000e+00
5.6028e-05
1.9073e-06
2.6608e-04
9.5367e-07
2.1458e-06
0.0000e+00
7.3910e-05
2.1458e-06
0.0000e+00
5.3883e-05
9.5367e-07
0.0000e+00
5.2929e-05
1.9073e-06
0.0000e+00
5.3167e-05
9.5367e-07
0.0000e+00
5.2929e-05
2.1458e-06
1.7095e-04
0.0000e+00
9.5367e-07
1.1802e-04
0.0000e+00
9.5367e-07
0.0000e+00
6.3181e-05
1.9073e-06
0.0000e+00
5.4121e-05
1.1921e-06
3.3855e-05
1.3828e-05
2.1458e-06
9.1076e-05
0.0000e+00
1.9073e-06
3.0041e-05
1.1921e-06
9.5367e-07
9.9897e-05
9.5367e-07
2.1458e-06
0.0000e+00
5.7936e-05
1.9073e-06
4.0531e-06
0.0000e+00
1.1921e-06
0.0000e+00
5.4121e-05
2.1458e-06
3.0994e-06
0.0000e+00
1.9073e-06
0.0000e+00
5.4121e-05
1.9073e-06
2.4796e-04
9.5367e-07
1.9073e-06
0.0000e+00
5.5075e-05
1.9073e-06
0.0000e+00
7.2002e-05
1.9073e-06
0.0000e+00
5.3883e-05
9.5367e-07
4.7922e-04
9.5367e-07
1.9073e-06
1.0920e-04
9.5367e-07
1.9073e-06
0.0000e+00
5.6028e-05
9.5367e-07
0.0000e+00
5.9843e-05
2.1458e-06
1.4997e-04
0.0000e+00
9.5367e-07
1.2088e-04
1.1921e-06
1.1921e-06
0.0000e+00
5.5075e-05
9.5367e-07
0.0000e+00
5.5075e-05
2.1458e-06
0.0000e+00
5.6028e-05
9.5367e-07
0.0000e+00
5.4121e-05
1.9073e-06
8.6069e-05
9.5367e-07
1.9073e-06
0.0000e+00
5.6982e-05
1.1921e-06
4.0531e-06
0.0000e+00
9.5367e-07
1.2112e-04
9.5367e-07
1.9073e-06
1.2589e-04
1.1921e-06
2.1458e-06
0.0000e+00
5.6028e-05
1.9073e-06
0.0000e+00
5.3167e-05
2.1458e-06
2.1291e-04
1.1921e-06
9.5367e-07
0.0000e+00
7.2956e-05
2.1458e-06
0.0000e+00
5.4836e-05
2.1458e-06
6.1989e-05
9.5367e-07
9.5367e-07
0.0000e+00
5.4836e-05
2.1458e-06
3.6955e-05
9.5367e-07
1.9073e-06
0.0000e+00
5.5790e-05
2.1458e-06
0.0000e+00
6.1989e-05
1.9073e-06
6.5088e-05
0.0000e+00
1.9073e-06
3.3212e-04
9.5367e-07
1.9073e-06
0.0000e+00
5.4836e-05
1.9073e-06
1.4710e-04
9.5367e-07
1.9073e-06
4.0531e-06
0.0000e+00
9.5367e-07
0.0000e+00
5.7936e-05
1.9073e-06
2.9302e-04
9.5367e-07
9.5367e-07
0.0000e+00
5.5075e-05
9.5367e-07
7.5102e-05
9.5367e-07
9.5367e-07
4.0531e-06
0.0000e+00
1.1921e-06
0.0000e+00
5.3883e-05
2.1458e-06
0.0000e+00
5.3883e-05
1.9073e-06
2.8610e-06
0.0000e+00
2.1458e-06
0.0000e+00
7.2002e-05
1.9073e-06
0.0000e+00
5.6982e-05
1.9073e-06
0.0000e+00
5.3883e-05
1.9073e-06
4.2796e-04
0.0000e+00
1.9073e-06
0.0000e+00
5.6028e-05
1.9073e-06
0.0000e+00
5.2929e-05
1.9073e-06
4.6968e-05
9.5367e-07
2.1458e-06
0.0000e+00
5.4836e-05
2.1458e-06
0.0000e+00
5.2929e-05
9.5367e-07
0.0000e+00
7.2002e-05
2.1458e-06
1.3804e-04
9.5367e-07
9.5367e-07
0.0000e+00
5.6028e-05
9.5367e-07
0.0000e+00
5.3883e-05
9.5367e-07
0.0000e+00
5.4121e-05
1.9073e-06
1.0014e-04
9.5367e-07
1.9073e-06
2.0003e-04
0.0000e+00
2.1458e-06
2.0981e-05
9.5367e-07
2.1458e-06
0.0000e+00
5.6028e-05
2.1458e-06
2.8610e-06
0.0000e+00
1.9073e-06
1.1110e-04
0.0000e+00
1.9073e-06
0.0000e+00
7.3195e-05
2.1458e-06
0.0000e+00
5.5075e-05
9.5367e-07
1.0967e-05
0.0000e+00
1.1921e-06
5.6696e-04
0.0000e+00
9.5367e-07
8.8215e-06
9.5367e-07
1.1921e-06
1.4400e-04
9.5367e-07
9.5367e-07
0.0000e+00
5.6028e-05
2.1458e-06
0.0000e+00
5.2929e-05
1.9073e-06
5.9605e-06
0.0000e+00
1.9073e-06
0.0000e+00
5.6028e-05
1.9073e-06
2.3007e-04
1.1921e-06
1.9073e-06
0.0000e+00
5.8174e-05
2.1458e-06
0.0000e+00
5.2929e-05
1.9073e-06
5.6982e-05
9.5367e-07
1.9073e-06
0.0000e+00
5.6028e-05
9.5367e-07
0.0000e+00
5.4121e-05
1.9073e-06
0.0000e+00
5.2929e-05
2.1458e-06
0.0000e+00
5.2929e-05
1.9073e-06
2.1005e-04
9.5367e-07
1.1921e-06
1.0800e-04
9.5367e-07
1.9073e-06
1.0419e-04
9.5367e-07
1.9073e-06
0.0000e+00
5.7936e-05
1.9073e-06
0.0000e+00
5.3167e-05
9.5367e-07
9.7036e-05
9.5367e-07
9.5367e-07
4.0531e-06
1.1921e-06
2.1458e-06
0.0000e+00
5.5075e-05
1.9073e-06
0.0000e+00
5.5075e-05
1.9073e-06
0.0000e+00
5.5790e-05
9.5367e-07
0.0000e+00
5.3883e-05
1.9073e-06
0.0000e+00
7.2956e-05
2.1458e-06
0.0000e+00
5.5075e-05
2.1458e-06
0.0000e+00
5.4121e-05
2.1458e-06
3.7599e-04
9.5367e-07
1.1921e-06
4.0531e-06
9.5367e-07
1.9073e-06
2.2197e-04
0.0000e+00
1.9073e-06
0.0000e+00
5.6982e-05
9.5367e-07
0.0000e+00
5.3167e-05
2.1458e-06
1.3304e-04
0.0000e+00
1.9073e-06
1.9789e-05
0.0000e+00
1.9073e-06
0.0000e+00
7.4148e-05
8.1062e-06
0.0000e+00
5.5075e-05
1.9073e-06
0.0000e+00
5.5075e-05
9.5367e-07
0.0000e+00
5.5075e-05
9.5367e-07
0.0000e+00
5.3883e-05
1.9073e-06
0.0000e+00
5.4121e-05
1.9073e-06
0.0000e+00
5.4121e-05
1.1921e-06
0.0000e+00
5.3883e-05
2.1458e-06
0.0000e+00
5.6982e-05
1.9073e-06
3.7408e-04
9.5367e-07
1.9073e-06
3.8147e-06
9.5367e-07
9.5367e-07
0.0000e+00
5.7220e-05
2.1458e-06
0.0000e+00
5.2929e-05
1.9073e-06
2.4319e-04
9.5367e-07
9.5367e-07
0.0000e+00
5.4836e-05
1.9073e-06
0.0000e+00
5.3883e-05
1.9073e-06
7.1526e-06
0.0000e+00
9.5367e-07
0.0000e+00
7.1049e-05
1.9073e-06
0.0000e+00
5.6982e-05
1.9073e-06
1.0300e-04
0.0000e+00
2.1458e-06
0.0000e+00
5.5075e-05
1.1921e-06
0.0000e+00
6.0081e-05
1.9073e-06
0.0000e+00
5.6028e-05
1.1921e-06
0.0000e+00
5.2929e-05
1.9073e-06
4.3082e-04
9.5367e-07
9.5367e-07
0.0000e+00
5.5075e-05
1.9073e-06
0.0000e+00
7.2002e-05
1.9073e-06
0.0000e+00
5.2929e-05
9.5367e-07
0.0000e+00
5.2929e-05
1.9073e-06
0.0000e+00
5.4121e-05
7.1526e-06
0.0000e+00
5.5075e-05
1.9073e-06
5.3167e-05
9.5367e-07
1.9073e-06
1.5211e-04
9.5367e-07
1.9073e-06
1.3280e-04
9.5367e-07
2.1458e-06
0.0000e+00
5.6028e-05
2.1458e-06
0.0000e+00
7.2002e-05
1.9073e-06
0.0000e+00
5.4836e-05
1.9073e-06
7.1526e-06
9.5367e-07
1.9073e-06
5.1022e-05
1.1921e-06
2.1458e-06
0.0000e+00
5.5075e-05
1.9073e-06
0.0000e+00
5.4121e-05
2.1458e-06
0.0000e+00
6.0081e-05
1.9073e-06
0.0000e+00
5.5075e-05
9.5367e-07
0.0000e+00
5.2929e-05
2.8610e-06
0.0000e+00
5.6982e-05
1.1921e-06
4.3797e-04
1.1921e-06
2.1458e-06
1.0204e-04
0.0000e+00
1.9073e-06
0.0000e+00
5.5075e-05
1.9073e-06
4.9114e-05
9.5367e-07
9.5367e-07
7.0095e-05
9.5367e-07
1.9073e-06
3.8147e-06
0.0000e+00
1.9073e-06
2.1791e-04
9.5367e-07
1.9073e-06
0.0000e+00
5.6982e-05
9.5367e-07
0.0000e+00
5.2929e-05
1.9073e-06
0.0000e+00
7.0095e-05
1.9073e-06
1.0896e-04
9.5367e-07
1.9073e-06
0.0000e+00
5.6028e-05
1.9073e-06
0.0000e+00
5.3883e-05
1.9073e-06
2.1219e-05
0.0000e+00
1.9073e-06
1.4400e-04
9.5367e-07
1.9073e-06
4.0531e-06
0.0000e+00
2.1458e-06
1.1802e-04
9.5367e-07
1.9073e-06
0.0000e+00
5.8174e-05
2.1458e-06
2.8205e-04
0.0000e+00
9.5367e-07
7.1526e-06
9.5367e-07
9.5367e-07
0.0000e+00
5.5075e-05
2.1458e-06
1.5593e-04
9.5367e-07
1.1921e-06
4.0531e-06
9.5367e-07
9.5367e-07
1.2398e-04
9.5367e-07
9.5367e-07
0.0000e+00
5.8174e-05
2.1458e-06
1.5593e-04
1.1921e-06
9.5367e-07
0.0000e+00
5.4836e-05
2.1458e-06
0.0000e+00
5.4836e-05
1.9073e-06
0.0000e+00
5.2929e-05
9.5367e-07
2.3293e-04
0.0000e+00
9.5367e-07
8.1062e-06
0.0000e+00
1.9073e-06
0.0000e+00
7.4148e-05
1.9073e-06
5.0068e-06
0.0000e+00
1.9073e-06
0.0000e+00
5.6028e-05
1.9073e-06
1.7715e-04
9.5367e-07
1.9073e-06
8.2016e-05
9.5367e-07
1.9073e-06
0.0000e+00
5.6028e-05
9.5367e-07
0.0000e+00
5.3883e-05
1.9073e-06
1.8215e-04
9.5367e-07
1.9073e-06
0.0000e+00
5.6028e-05
1.9073e-06
2.1982e-04
9.5367e-07
2.1458e-06
0.0000e+00
7.1049e-05
1.9073e-06
0.0000e+00
5.5790e-05
2.1458e-06
5.0068e-06
0.0000e+00
1.9073e-06
0.0000e+00
5.5075e-05
1.9073e-06
0.0000e+00
5.3167e-05
1.1921e-06
0.0000e+00
5.3883e-05
2.1458e-06
1.8191e-04
1.1921e-06
2.1458e-06
0.0000e+00
5.5075e-05
2.1458e-06
3.1304e-04
9.5367e-07
9.5367e-07
0.0000e+00
5.3883e-05
3.0994e-06
4.0054e-05
0.0000e+00
1.9073e-06
2.1482e-04
9.5367e-07
1.9073e-06
0.0000e+00
5.7936e-05
9.5367e-07
0.0000e+00
5.3883e-05
1.9073e-06
0.0000e+00
5.3167e-05
2.1458e-06
0.0000e+00
5.3883e-05
9.5367e-07
3.1018e-04
9.5367e-07
1.9073e-06
0.0000e+00
5.6028e-05
2.1458e-06
0.0000e+00
5.2929e-05
9.5367e-07
0.0000e+00
5.6028e-05
9.5367e-07
0.0000e+00
5.3167e-05
2.1458e-06
0.0000e+00
5.3883e-05
9.5367e-07
0.0000e+00
5.2929e-05
9.5367e-07
0.0000e+00
5.3167e-05
2.1458e-06
3.7408e-04
9.5367e-07
1.9073e-06
0.0000e+00
5.9128e-05
2.1458e-06
0.0000e+00
5.4121e-05
1.9073e-06
9.6083e-05
9.5367e-07
9.5367e-07
0.0000e+00
5.6982e-05
9.5367e-07
3.2902e-05
9.5367e-07
1.9073e-06
0.0000e+00
5.4121e-05
9.5367e-07
0.0000e+00
5.3167e-05
9.5367e-07
2.1791e-04
9.5367e-07
9.5367e-07
0.0000e+00
5.5075e-05
9.5367e-07
4.0531e-06
9.5367e-07
1.9073e-06
2.6584e-04
0.0000e+00
1.9073e-06
0.0000e+00
5.6982e-05
9.5367e-07
0.0000e+00
7.2002e-05
1.9073e-06
0.0000e+00
5.4121e-05
2.1458e-06
0.0000e+00
5.2929e-05
1.9073e-06
0.0000e+00
5.3883e-05
1.9073e-06
0.0000e+00
5.2929e-05
9.5367e-07
0.0000e+00
5.3167e-05
1.1921e-06
2.8801e-04
9.5367e-07
1.9073e-06
7.6056e-05
1.1921e-06
2.1458e-06
0.0000e+00
6.2943e-05
2.8610e-06
0.0000e+00
5.5790e-05
2.1458e-06
0.0000e+00
5.3883e-05
1.9073e-06
0.0000e+00
5.3883e-05
9.5367e-07
2.3699e-04
1.1921e-06
2.1458e-06
5.1022e-05
9.5367e-07
9.5367e-07
3.9101e-05
9.5367e-07
2.1458e-06
0.0000e+00
7.3910e-05
1.9073e-06
0.0000e+00
5.3883e-05
1.9073e-06
0.0000e+00
5.5075e-05
1.9073e-06
7.1526e-06
9.5367e-07
9.5367e-07
3.8099e-04
0.0000e+00
9.5367e-07
5.9605e-06
9.5367e-07
9.5367e-07
4.0531e-06
9.5367e-07
9.5367e-07
0.0000e+00
5.9128e-05
1.9073e-06
3.3116e-04
9.5367e-07
9.5367e-07
8.6069e-05
0.0000e+00
1.9073e-06
1.1802e-04
9.5367e-07
2.1458e-06
0.0000e+00
5.6028e-05
9.5367e-07
7.2002e-05
0.0000e+00
9.5367e-07
0.0000e+00
5.6028e-05
1.9073e-06
0.0000e+00
7.1049e-05
1.9073e-06
0.0000e+00
5.6028e-05
2.1458e-06
0.0000e+00
5.2929e-05
2.1458e-06
0.0000e+00
5.3883e-05
9.5367e-07
0.0000e+00
5.1975e-05
1.9073e-06
1.8311e-04
9.5367e-07
1.9073e-06
0.0000e+00
5.5790e-05
2.1458e-06
1.6904e-04
9.5367e-07
1.9073e-06
0.0000e+00
5.6028e-05
2.1458e-06
0.0000e+00
7.2002e-05
1.9073e-06
3.7193e-05
0.0000e+00
1.9073e-06
1.3709e-04
9.5367e-07
1.9073e-06
3.8147e-06
0.0000e+00
9.5367e-07
3.6097e-04
9.5367e-07
1.9073e-06
0.0000e+00
5.7220e-05
9.5367e-07
0.0000e+00
6.0081e-05
2.1458e-06
1.1897e-04
9.5367e-07
1.9073e-06
4.7922e-05
0.0000e+00
1.9073e-06
2.0981e-05
9.5367e-07
9.5367e-07
0.0000e+00
5.6028e-05
1.9073e-06
0.0000e+00
7.2956e-05
1.9073e-06
0.0000e+00
5.5075e-05
1.9073e-06
0.0000e+00
5.4121e-05
1.1921e-06
3.2687e-04
9.5367e-07
9.5367e-07
0.0000e+00
6.1035e-05
1.9073e-06
1.6618e-04
9.5367e-07
1.9073e-06
1.1015e-04
9.5367e-07
9.5367e-07
0.0000e+00
5.3883e-05
1.9073e-06
0.0000e+00
5.4836e-05
1.9073e-06
0.0000e+00
6.8903e-05
9.5367e-07
5.1975e-05
9.5367e-07
1.9073e-06
0.0000e+00
5.8174e-05
2.1458e-06
0.0000e+00
5.3883e-05
2.1458e-06
1.8382e-04
9.5367e-07
1.9073e-06
2.1195e-04
0.0000e+00
1.9073e-06
0.0000e+00
5.8174e-05
2.1458e-06
1.1921e-05
1.1921e-06
2.1458e-06
7.2002e-05
9.5367e-07
9.5367e-07
2.3842e-05
0.0000e+00
1.1921e-06
0.0000e+00
5.4121e-05
2.1458e-06
0.0000e+00
7.8917e-05
2.1458e-06
0.0000e+00
5.3883e-05
2.1458e-06
3.1090e-04
9.5367e-07
2.1458e-06
1.1206e-04
9.5367e-07
9.5367e-07
0.0000e+00
5.6982e-05
2.1458e-06
0.0000e+00
5.3167e-05
2.1458e-06
2.4390e-04
1.1921e-06
2.1458e-06
4.0531e-06
9.5367e-07
9.5367e-07
1.2016e-04
0.0000e+00
1.9073e-06
0.0000e+00
5.6028e-05
9.5367e-07
0.0000e+00
6.8903e-05
1.9073e-06
0.0000e+00
5.5790e-05
1.9073e-06
0.0000e+00
5.9843e-05
1.9073e-06
1.4281e-04
9.5367e-07
1.9073e-06
5.0068e-06
9.5367e-07
2.1458e-06
0.0000e+00
5.3883e-05
1.9073e-06
0.0000e+00
5.2929e-05
9.5367e-07
0.0000e+00
5.2929e-05
9.5367e-07
0.0000e+00
5.3883e-05
1.9073e-06
4.5896e-04
0.0000e+00
1.9073e-06
0.0000e+00
5.7936e-05
2.1458e-06
7.4863e-05
9.5367e-07
9.5367e-07
0.0000e+00
5.4121e-05
2.1458e-06
0.0000e+00
5.3883e-05
1.9073e-06
0.0000e+00
5.4836e-05
9.5367e-07
0.0000e+00
5.2929e-05
9.5367e-07
2.0599e-04
0.0000e+00
1.9073e-06
5.6982e-05
9.5367e-07
1.9073e-06
0.0000e+00
5.6028e-05
3.0994e-06
0.0000e+00
5.6982e-05
1.9073e-06
0.0000e+00
5.4121e-05
1.9073e-06
2.0909e-04
9.5367e-07
2.1458e-06
0.0000e+00
5.4836e-05
2.1458e-06
0.0000e+00
5.3883e-05
9.5367e-07
0.0000e+00
5.2929e-05
9.5367e-07
2.1791e-04
9.5367e-07
2.1458e-06
1.0610e-04
9.5367e-07
1.9073e-06
5.4121e-05
9.5367e-07
1.9073e-06
1.1420e-04
9.5367e-07
2.1458e-06
0.0000e+00
5.8889e-05
1.9073e-06
0.0000e+00
5.4836e-05
9.5367e-07
0.0000e+00
5.2929e-05
1.9073e-06
0.0000e+00
5.6028e-05
9.5367e-07
0.0000e+00
5.6982e-05
1.9073e-06
0.0000e+00
5.4836e-05
9.5367e-07
0.0000e+00
5.2929e-05
9.5367e-07
0.0000e+00
7.3195e-05
2.8610e-06
1.0300e-04
9.5367e-07
2.1458e-06
3.2210e-04
0.0000e+00
1.9073e-06
0.0000e+00
5.7220e-05
2.1458e-06
0.0000e+00
5.2929e-05
1.9073e-06
1.0109e-04
0.0000e+00
2.1458e-06
0.0000e+00
5.5075e-05
1.9073e-06
5.6982e-05
9.5367e-07
1.9073e-06
0.0000e+00
5.5075e-05
1.9073e-06
0.0000e+00
5.2929e-05
9.5367e-07
0.0000e+00
7.2002e-05
1.9073e-06
0.0000e+00
5.5075e-05
2.1458e-06
0.0000e+00
5.4121e-05
2.1458e-06
0.0000e+00
5.3883e-05
1.1921e-06
0.0000e+00
5.8889e-05
2.1458e-06
0.0000e+00
5.1975e-05
1.9073e-06
4.6492e-04
9.5367e-07
9.5367e-07
3.7193e-05
9.5367e-07
9.5367e-07
3.5501e-04
0.0000e+00
1.9073e-06
0.0000e+00
7.6056e-05
1.9073e-06
4.5061e-05
0.0000e+00
1.1921e-06
0.0000e+00
5.5075e-05
9.5367e-07
1.2708e-04
9.5367e-07
1.9073e-06
0.0000e+00
5.5075e-05
1.9073e-06
0.0000e+00
5.3167e-05
2.1458e-06
7.6056e-05
9.5367e-07
9.5367e-07
0.0000e+00
5.5075e-05
1.9073e-06
0.0000e+00
5.4121e-05
9.5367e-07
0.0000e+00
7.0095e-05
1.9073e-06
0.0000e+00
5.6028e-05
9.5367e-07
0.0000e+00
6.1035e-05
2.1458e-06
0.0000e+00
5.2929e-05
9.5367e-07
0.0000e+00
5.2929e-05
1.9073e-06
0.0000e+00
5.3167e-05
9.5367e-07
1.9288e-04
1.1921e-06
1.1921e-06
0.0000e+00
5.5075e-05
2.1458e-06
3.1948e-05
1.1921e-06
9.5367e-07
1.8406e-04
9.5367e-07
1.9073e-06
0.0000e+00
5.7936e-05
1.9073e-06
0.0000e+00
5.3167e-05
1.1921e-06
5.0068e-06
0.0000e+00
9.5367e-07
1.4877e-04
9.5367e-07
1.9073e-06
2.0981e-05
9.5367e-07
1.9073e-06
0.0000e+00
5.6982e-05
9.5367e-07
2.0409e-04
1.1921e-06
2.1458e-06
1.0991e-04
1.1921e-06
2.1458e-06
0.0000e+00
5.6028e-05
2.1458e-06
0.0000e+00
5.4121e-05
1.9073e-06
0.0000e+00
5.6982e-05
9.5367e-07
7.7009e-05
9.5367e-07
9.5367e-07
1.3995e-04
9.5367e-07
9.5367e-07
1.0300e-04
9.5367e-07
1.1921e-06
5.1022e-05
9.5367e-07
9.5367e-07
0.0000e+00
5.6028e-05
9.5367e-07
0.0000e+00
5.3883e-05
9.5367e-07
0.0000e+00
5.3167e-05
2.1458e-06
0.0000e+00
5.2929e-05
1.9073e-06
0.0000e+00
7.0810e-05
1.9073e-06
4.0793e-04
1.1921e-06
2.1458e-06
6.6996e-05
0.0000e+00
1.1921e-06
0.0000e+00
5.7936e-05
1.9073e-06
0.0000e+00
5.3883e-05
1.9073e-06
4.0531e-06
0.0000e+00
1.1921e-06
0.0000e+00
5.3883e-05
2.1458e-06
0.0000e+00
5.4836e-05
9.5367e-07
1.8597e-04
9.5367e-07
9.5367e-07
0.0000e+00
5.5075e-05
1.9073e-06
0.0000e+00
7.2002e-05
2.1458e-06
3.0208e-04
9.5367e-07
9.5367e-07
0.0000e+00
5.6982e-05
2.1458e-06
4.0531e-06
9.5367e-07
1.9073e-06
1.1706e-04
0.0000e+00
9.5367e-07
1.5211e-04
9.5367e-07
9.5367e-07
0.0000e+00
5.4836e-05
1.9073e-06
0.0000e+00
5.2929e-05
1.9073e-06
5.0068e-06
0.0000e+00
2.1458e-06
2.8610e-06
9.5367e-07
2.1458e-06
0.0000e+00
5.4121e-05
2.1458e-06
0.0000e+00
5.5075e-05
1.9073e-06
2.8110e-04
9.5367e-07
9.5367e-07
0.0000e+00
5.6028e-05
9.5367e-07
0.0000e+00
5.3883e-05
1.9073e-06
0.0000e+00
5.2929e-05
1.9073e-06
1.8096e-04
9.5367e-07
9.5367e-07
0.0000e+00
5.6028e-05
1.9073e-06
0.0000e+00
5.4121e-05
1.9073e-06
6.6996e-05
1.1921e-06
2.1458e-06
0.0000e+00
7.2956e-05
1.9073e-06
6.6996e-05
9.5367e-07
2.1458e-06
1.8835e-05
0.0000e+00
1.9073e-06
0.0000e+00
5.6028e-05
9.5367e-07
0.0000e+00
5.2929e-05
9.5367e-07
0.0000e+00
5.3167e-05
1.9073e-06
0.0000e+00
5.1975e-05
1.9073e-06
0.0000e+00
5.4836e-05
9.5367e-07
4.2701e-04
9.5367e-07
9.5367e-07
1.0109e-04
9.5367e-07
3.0994e-06
9.2983e-05
1.1921e-06
2.1458e-06
0.0000e+00
5.8889e-05
1.9073e-06
0.0000e+00
5.2929e-05
1.9073e-06
0.0000e+00
5.3167e-05
2.1458e-06
1.3113e-04
9.5367e-07
9.5367e-07
0.0000e+00
5.5075e-05
2.1458e-06
1.3399e-04
9.5367e-07
1.1921e-06
0.0000e+00
5.3883e-05
1.1921e-06
1.8787e-04
1.1921e-06
2.1458e-06
0.0000e+00
7.6056e-05
2.1458e-06
0.0000e+00
5.4121e-05
2.1458e-06
0.0000e+00
5.3883e-05
1.9073e-06
0.0000e+00
5.3883e-05
1.9073e-06
0.0000e+00
5.4121e-05
2.1458e-06
0.0000e+00
5.1975e-05
1.9073e-06
0.0000e+00
5.4121e-05
9.5367e-07
2.6608e-04
0.0000e+00
9.5367e-07
0.0000e+00
7.2956e-05
1.9073e-06
4.2915e-05
9.5367e-07
9.5367e-07
0.0000e+00
6.2943e-05
1.9073e-06
0.0000e+00
5.2929e-05
1.9073e-06
0.0000e+00
5.3167e-05
1.9073e-06
0.0000e+00
5.1975e-05
9.5367e-07
2.8181e-04
9.5367e-07
1.9073e-06
0.0000e+00
5.7936e-05
1.9073e-06
0.0000e+00
5.2929e-05
2.1458e-06
0.0000e+00
5.6982e-05
1.9073e-06
0.0000e+00
5.4121e-05
1.9073e-06
1.4806e-04
9.5367e-07
2.1458e-06
0.0000e+00
5.6028e-05
1.9073e-06
0.0000e+00
5.4121e-05
9.5367e-07
0.0000e+00
5.4121e-05
1.1921e-06
0.0000e+00
5.3883e-05
1.9073e-06
0.0000e+00
5.2929e-05
1.9073e-06
0.0000e+00
5.5790e-05
2.1458e-06
4.1962e-05
9.5367e-07
1.9073e-06
0.0000e+00
5.4836e-05
1.9073e-06
0.0000e+00
5.3883e-05
1.9073e-06
0.0000e+00
5.3167e-05
1.1921e-06
3.7503e-04
0.0000e+00
1.9073e-06
6.9141e-06
9.5367e-07
1.9073e-06
1.1683e-04
0.0000e+00
2.1458e-06
1.0204e-04
9.5367e-07
1.9073e-06
1.3089e-04
0.0000e+00
2.1458e-06
3.8147e-06
0.0000e+00
2.1458e-06
0.0000e+00
7.6056e-05
2.1458e-06
0.0000e+00
5.4121e-05
2.1458e-06
2.1696e-04
9.5367e-07
1.9073e-06
0.0000e+00
5.6028e-05
1.9073e-06
0.0000e+00
5.4121e-05
2.1458e-06
0.0000e+00
5.4121e-05
9.5367e-07
5.9605e-06
9.5367e-07
1.9073e-06
2.2888e-04
9.5367e-07
2.1458e-06
0.0000e+00
5.3883e-05
1.9073e-06
0.0000e+00
7.1049e-05
2.1458e-06
1.2088e-04
9.5367e-07
2.1458e-06
0.0000e+00
5.6982e-05
9.5367e-07
7.1049e-05
0.0000e+00
1.9073e-06
0.0000e+00
6.1989e-05
1.1921e-06
0.0000e+00
5.4121e-05
9.5367e-07
0.0000e+00
5.1975e-05
1.9073e-06
0.0000e+00
5.4121e-05
1.1921e-06
7.9870e-05
0.0000e+00
2.1458e-06
3.0994e-06
0.0000e+00
9.5367e-07
3.0708e-04
0.0000e+00
1.1921e-06
2.0027e-05
0.0000e+00
9.5367e-07
0.0000e+00
5.8174e-05
2.1458e-06
0.0000e+00
5.3883e-05
1.9073e-06
0.0000e+00
5.2929e-05
1.9073e-06
0.0000e+00
6.1035e-05
1.9073e-06
2.7180e-05
0.0000e+00
1.9073e-06
0.0000e+00
5.6028e-05
1.9073e-06
0.0000e+00
5.3167e-05
9.5367e-07
0.0000e+00
7.2002e-05
2.1458e-06
0.0000e+00
5.4836e-05
2.1458e-06
0.0000e+00
5.3883e-05
9.5367e-07
0.0000e+00
5.1975e-05
9.5367e-07
0.0000e+00
5.3167e-05
1.1921e-06
0.0000e+00
5.2929e-05
1.9073e-06
0.0000e+00
5.4121e-05
1.9073e-06
0.0000e+00
6.6042e-05
1.9073e-06
0.0000e+00
5.6982e-05
1.9073e-06
2.8396e-04
9.5367e-07
9.5367e-07
3.3212e-04
0.0000e+00
1.9073e-06
0.0000e+00
5.7220e-05
1.9073e-06
0.0000e+00
5.2929e-05
1.9073e-06
1.3208e-04
9.5367e-07
1.9073e-06
1.2088e-04
1.1921e-06
2.1458e-06
0.0000e+00
5.6028e-05
9.5367e-07
0.0000e+00
5.3883e-05
1.9073e-06
0.0000e+00
7.0810e-05
1.9073e-06
0.0000e+00
5.3883e-05
1.9073e-06
0.0000e+00
5.1975e-05
1.9073e-06
1.4400e-04
9.5367e-07
9.5367e-07
0.0000e+00
5.6028e-05
1.9073e-06
0.0000e+00
5.4121e-05
2.1458e-06
4.0054e-05
0.0000e+00
1.9073e-06
0.0000e+00
5.4836e-05
1.9073e-06
2.3842e-05
1.1921e-06
2.1458e-06
0.0000e+00
6.9857e-05
2.1458e-06
3.1686e-04
9.5367e-07
1.9073e-06
0.0000e+00
5.8174e-05
2.1458e-06
0.0000e+00
5.3883e-05
9.5367e-07
0.0000e+00
5.3883e-05
9.5367e-07
0.0000e+00
5.3167e-05
2.1458e-06
1.0395e-04
1.1921e-06
2.1458e-06
1.0204e-04
0.0000e+00
1.9073e-06
0.0000e+00
5.4836e-05
1.9073e-06
0.0000e+00
6.9857e-05
2.1458e-06
0.0000e+00
5.7936e-05
1.9073e-06
1.0610e-04
9.5367e-07
2.1458e-06
0.0000e+00
5.5075e-05
2.1458e-06
4.0293e-04
1.1921e-06
9.5367e-07
1.9073e-05
9.5367e-07
1.9073e-06
0.0000e+00
5.6028e-05
9.5367e-07
0.0000e+00
5.3883e-05
1.9073e-06
0.0000e+00
5.4121e-05
1.9073e-06
0.0000e+00
5.7936e-05
2.1458e-06
1.5211e-04
9.5367e-07
1.9073e-06
0.0000e+00
5.9128e-05
2.1458e-06
0.0000e+00
5.5075e-05
2.1458e-06
2.3389e-04
9.5367e-07
1.9073e-06
1.3304e-04
9.5367e-07
1.9073e-06
0.0000e+00
5.6028e-05
2.1458e-06
0.0000e+00
5.2929e-05
1.9073e-06
0.0000e+00
5.4121e-05
9.5367e-07
1.2708e-04
9.5367e-07
2.1458e-06
0.0000e+00
8.2970e-05
1.9073e-06
0.0000e+00
5.3167e-05
2.1458e-06
0.0000e+00
5.4121e-05
2.1458e-06
0.0000e+00
5.3883e-05
9.5367e-07
0.0000e+00
5.2929e-05
1.9073e-06
6.1989e-05
1.1921e-06
1.1921e-06
1.8835e-05
9.5367e-07
9.5367e-07
0.0000e+00
5.4121e-05
2.1458e-06
1.0204e-04
9.5367e-07
1.9073e-06
3.0994e-06
0.0000e+00
2.1458e-06
0.0000e+00
5.7936e-05
9.5367e-07
0.0000e+00
5.4836e-05
9.5367e-07
2.1195e-04
9.5367e-07
2.1458e-06
0.0000e+00
5.5075e-05
2.1458e-06
6.6710e-04
9.5367e-07
9.5367e-07
9.0599e-06
0.0000e+00
9.5367e-07
1.9789e-05
9.5367e-07
9.5367e-07
0.0000e+00
5.6028e-05
1.9073e-06
5.5075e-05
9.5367e-07
9.5367e-07
0.0000e+00
5.3883e-05
2.1458e-06
0.0000e+00
7.2956e-05
1.9073e-06
0.0000e+00
5.7220e-05
1.1921e-06
0.0000e+00
5.2929e-05
2.1458e-06
0.0000e+00
5.2929e-05
9.5367e-07
0.0000e+00
5.3883e-05
1.9073e-06
0.0000e+00
5.2214e-05
1.1921e-06
4.8804e-04
9.5367e-07
1.9073e-06
0.0000e+00
5.6028e-05
2.1458e-06
0.0000e+00
7.2002e-05
1.9073e-06
0.0000e+00
5.2929e-05
1.9073e-06
1.3208e-04
9.5367e-07
1.9073e-06
4.7684e-06
9.5367e-07
9.5367e-07
1.8406e-04
0.0000e+00
1.9073e-06
2.1935e-05
9.5367e-07
9.5367e-07
0.0000e+00
5.4836e-05
1.9073e-06
0.0000e+00
6.1989e-05
2.2518e-01
