2.7311e-03
0.0000e+00
6.4850e-05
0.0000e+00
3.0994e-05
0.0000e+00
2.3842e-05
0.0000e+00
2.3127e-05
0.0000e+00
2.1935e-05
0.0000e+00
2.1935e-05
0.0000e+00
2.1935e-05
0.0000e+00
3.7193e-05
0.0000e+00
2.0981e-05
0.0000e+00
2.3127e-05
1.1921e-06
2.0981e-05
0.0000e+00
2.0981e-05
0.0000e+00
2.1935e-05
1.1921e-06
2.0981e-05
0.0000e+00
2.0981e-05
0.0000e+00
2.2173e-05
0.0000e+00
2.1935e-05
0.0000e+00
2.0981e-05
0.0000e+00
2.2173e-05
0.0000e+00
2.1935e-05
0.0000e+00
2.0981e-05
0.0000e+00
2.0981e-05
0.0000e+00
2.7895e-05
0.0000e+00
2.3127e-05
0.0000e+00
2.0981e-05
0.0000e+00
2.0981e-05
0.0000e+00
2.0981e-05
0.0000e+00
2.0981e-05
0.0000e+00
2.1219e-05
0.0000e+00
2.0981e-05
0.0000e+00
3.2902e-05
0.0000e+00
2.2173e-05
0.0000e+00
2.0981e-05
0.0000e+00
2.0981e-05
0.0000e+00
2.0981e-05
0.0000e+00
3.0994e-05
0.0000e+00
2.1935e-05
0.0000e+00
2.0981e-05
0.0000e+00
2.1935e-05
0.0000e+00
2.0981e-05
0.0000e+00
2.0981e-05
0.0000e+00
2.0981e-05
0.0000e+00
2.0981e-05
0.0000e+00
2.1935e-05
0.0000e+00
2.1935e-05
0.0000e+00
2.8133e-05
0.0000e+00
2.1935e-05
0.0000e+00
2.2173e-05
0.0000e+00
2.1935e-05
0.0000e+00
2.1935e-05
0.0000e+00
2.0981e-05
0.0000e+00
2.0981e-05
0.0000e+00
2.0981e-05
0.0000e+00
2.1935e-05
0.0000e+00
2.0981e-05
0.0000e+00
2.0981e-05
0.0000e+00
2.0981e-05
0.0000e+00
2.0981e-05
0.0000e+00
2.0981e-05
0.0000e+00
2.0981e-05
0.0000e+00
2.6941e-05
0.0000e+00
2.0981e-05
0.0000e+00
2.0981e-05
0.0000e+00
2.0981e-05
0.0000e+00
2.1935e-05
0.0000e+00
2.5034e-05
0.0000e+00
2.0981e-05
0.0000e+00
2.0981e-05
9.5367e-07
2.1935e-05
0.0000e+00
2.2173e-05
0.0000e+00
3.0994e-05
0.0000e+00
2.1935e-05
0.0000e+00
2.2173e-05
0.0000e+00
2.2173e-05
0.0000e+00
2.1935e-05
0.0000e+00
2.9087e-05
0.0000e+00
2.1935e-05
0.0000e+00
2.0981e-05
0.0000e+00
2.0981e-05
0.0000e+00
2.1935e-05
0.0000e+00
2.0981e-05
0.0000e+00
2.0981e-05
0.0000e+00
2.0981e-05
0.0000e+00
2.1935e-05
0.0000e+00
2.0981e-05
0.0000e+00
2.0027e-05
9.5367e-07
2.0981e-05
0.0000e+00
2.0981e-05
0.0000e+00
2.0981e-05
0.0000e+00
2.0981e-05
0.0000e+00
2.5988e-05
0.0000e+00
2.2173e-05
0.0000e+00
2.0981e-05
0.0000e+00
2.0981e-05
0.0000e+00
2.0027e-05
0.0000e+00
2.0981e-05
0.0000e+00
2.2173e-05
0.0000e+00
2.0981e-05
9.5367e-07
2.8849e-05
0.0000e+00
2.2173e-05
0.0000e+00
2.3842e-05
0.0000e+00
2.1219e-05
0.0000e+00
2.0027e-05
0.0000e+00
2.0981e-05
0.0000e+00
2.0981e-05
0.0000e+00
2.3127e-05
0.0000e+00
3.7193e-05
0.0000e+00
3.6955e-05
0.0000e+00
3.6955e-05
0.0000e+00
3.6955e-05
0.0000e+00
3.6955e-05
0.0000e+00
3.6955e-05
0.0000e+00
3.7909e-05
0.0000e+00
4.5061e-05
0.0000e+00
3.6955e-05
0.0000e+00
3.6001e-05
0.0000e+00
3.6001e-05
0.0000e+00
3.7193e-05
0.0000e+00
3.5048e-05
9.5367e-07
3.6955e-05
0.0000e+00
3.6955e-05
0.0000e+00
3.6001e-05
9.5367e-07
3.6001e-05
0.0000e+00
4.1008e-05
0.0000e+00
3.6001e-05
0.0000e+00
3.6001e-05
9.5367e-07
3.7193e-05
0.0000e+00
3.6001e-05
0.0000e+00
4.6968e-05
0.0000e+00
3.6001e-05
0.0000e+00
3.6955e-05
0.0000e+00
3.6955e-05
0.0000e+00
3.7909e-05
9.5367e-07
3.7193e-05
0.0000e+00
3.6955e-05
0.0000e+00
3.6955e-05
0.0000e+00
3.7909e-05
0.0000e+00
3.7909e-05
0.0000e+00
3.6955e-05
0.0000e+00
3.6001e-05
0.0000e+00
3.6001e-05
0.0000e+00
3.7193e-05
0.0000e+00
3.7909e-05
0.0000e+00
4.6015e-05
0.0000e+00
3.6955e-05
0.0000e+00
3.6001e-05
0.0000e+00
3.6001e-05
0.0000e+00
3.6955e-05
0.0000e+00
3.6955e-05
0.0000e+00
3.7193e-05
0.0000e+00
3.8147e-05
0.0000e+00
4.4823e-05
0.0000e+00
3.6955e-05
0.0000e+00
3.6955e-05
0.0000e+00
3.6001e-05
0.0000e+00
3.7193e-05
0.0000e+00
3.6955e-05
0.0000e+00
3.6955e-05
0.0000e+00
3.6955e-05
0.0000e+00
3.7909e-05
0.0000e+00
3.6001e-05
0.0000e+00
3.7193e-05
0.0000e+00
3.6955e-05
0.0000e+00
3.6001e-05
0.0000e+00
4.1008e-05
0.0000e+00
3.6955e-05
0.0000e+00
4.7207e-05
0.0000e+00
3.6955e-05
0.0000e+00
3.6955e-05
0.0000e+00
3.6955e-05
0.0000e+00
3.6955e-05
0.0000e+00
3.7193e-05
0.0000e+00
3.6001e-05
0.0000e+00
3.6001e-05
9.5367e-07
3.6001e-05
0.0000e+00
3.6001e-05
0.0000e+00
3.7193e-05
0.0000e+00
3.6001e-05
0.0000e+00
3.6001e-05
0.0000e+00
3.6001e-05
0.0000e+00
3.6955e-05
0.0000e+00
4.5061e-05
0.0000e+00
3.6001e-05
0.0000e+00
3.6001e-05
0.0000e+00
3.6001e-05
0.0000e+00
3.6001e-05
0.0000e+00
3.6955e-05
0.0000e+00
3.6955e-05
0.0000e+00
3.6955e-05
0.0000e+00
4.6968e-05
0.0000e+00
3.6955e-05
0.0000e+00
3.6955e-05
9.5367e-07
3.6955e-05
0.0000e+00
3.7909e-05
0.0000e+00
3.6001e-05
0.0000e+00
3.8147e-05
0.0000e+00
3.6955e-05
0.0000e+00
3.7193e-05
0.0000e+00
3.6955e-05
0.0000e+00
3.6955e-05
0.0000e+00
3.6001e-05
0.0000e+00
3.6955e-05
0.0000e+00
3.6955e-05
0.0000e+00
3.6001e-05
0.0000e+00
5.1022e-05
0.0000e+00
3.7193e-05
0.0000e+00
3.6955e-05
0.0000e+00
3.6001e-05
0.0000e+00
3.6955e-05
0.0000e+00
3.6001e-05
0.0000e+00
3.7193e-05
0.0000e+00
3.7909e-05
0.0000e+00
5.1975e-05
0.0000e+00
3.7909e-05
0.0000e+00
3.6001e-05
0.0000e+00
3.6955e-05
0.0000e+00
3.6955e-05
0.0000e+00
3.6955e-05
0.0000e+00
3.6955e-05
0.0000e+00
3.6955e-05
0.0000e+00
3.6955e-05
0.0000e+00
3.6001e-05
0.0000e+00
3.6955e-05
0.0000e+00
3.6955e-05
9.5367e-07
3.6955e-05
0.0000e+00
4.1962e-05
0.0000e+00
3.7193e-05
0.0000e+00
4.8876e-05
0.0000e+00
3.6001e-05
0.0000e+00
3.6001e-05
0.0000e+00
3.6001e-05
0.0000e+00
3.6001e-05
0.0000e+00
3.5048e-05
0.0000e+00
3.6001e-05
0.0000e+00
3.6001e-05
0.0000e+00
3.7909e-05
0.0000e+00
3.7909e-05
0.0000e+00
3.6001e-05
9.5367e-07
3.6955e-05
0.0000e+00
3.6001e-05
0.0000e+00
3.7909e-05
0.0000e+00
3.6001e-05
9.5367e-07
4.5061e-05
9.5367e-07
3.6001e-05
0.0000e+00
3.7193e-05
0.0000e+00
4.0054e-05
0.0000e+00
3.6001e-05
0.0000e+00
3.5048e-05
0.0000e+00
3.6001e-05
0.0000e+00
3.6001e-05
0.0000e+00
3.7909e-05
0.0000e+00
3.5763e-05
0.0000e+00
3.7193e-05
0.0000e+00
3.6001e-05
0.0000e+00
3.6001e-05
0.0000e+00
3.6955e-05
0.0000e+00
3.6001e-05
0.0000e+00
4.6015e-05
0.0000e+00
3.6001e-05
0.0000e+00
3.6001e-05
0.0000e+00
3.6001e-05
9.5367e-07
3.6001e-05
0.0000e+00
3.6955e-05
0.0000e+00
3.8147e-05
0.0000e+00
3.6955e-05
0.0000e+00
3.6955e-05
0.0000e+00
3.7193e-05
0.0000e+00
3.7193e-05
0.0000e+00
3.6955e-05
0.0000e+00
3.6955e-05
9.5367e-07
3.6955e-05
0.0000e+00
3.7193e-05
0.0000e+00
4.6968e-05
0.0000e+00
3.6001e-05
0.0000e+00
3.6001e-05
0.0000e+00
3.6001e-05
0.0000e+00
3.6001e-05
0.0000e+00
3.6955e-05
0.0000e+00
3.9101e-05
0.0000e+00
3.7909e-05
0.0000e+00
3.6955e-05
9.5367e-07
3.6001e-05
0.0000e+00
3.6001e-05
0.0000e+00
3.6955e-05
0.0000e+00
3.6001e-05
0.0000e+00
3.6001e-05
0.0000e+00
4.0054e-05
0.0000e+00
4.6968e-05
0.0000e+00
3.6955e-05
0.0000e+00
3.6001e-05
0.0000e+00
3.6955e-05
9.5367e-07
3.7909e-05
0.0000e+00
3.7193e-05
0.0000e+00
3.5048e-05
0.0000e+00
3.6955e-05
9.5367e-07
3.6955e-05
0.0000e+00
3.6955e-05
0.0000e+00
3.6001e-05
0.0000e+00
3.4809e-05
0.0000e+00
3.6001e-05
0.0000e+00
3.5048e-05
0.0000e+00
3.8147e-05
0.0000e+00
4.5061e-05
0.0000e+00
3.6001e-05
0.0000e+00
3.6001e-05
0.0000e+00
3.6001e-05
0.0000e+00
3.6955e-05
0.0000e+00
3.6001e-05
9.5367e-07
3.6001e-05
0.0000e+00
3.8147e-05
0.0000e+00
4.6968e-05
9.5367e-07
3.6001e-05
0.0000e+00
3.5048e-05
0.0000e+00
3.6001e-05
0.0000e+00
3.5048e-05
0.0000e+00
3.6001e-05
0.0000e+00
3.6955e-05
0.0000e+00
3.6955e-05
0.0000e+00
3.6955e-05
0.0000e+00
3.8147e-05
0.0000e+00
3.6955e-05
0.0000e+00
3.6955e-05
0.0000e+00
3.6001e-05
9.5367e-07
3.7193e-05
0.0000e+00
3.6955e-05
0.0000e+00
4.6015e-05
0.0000e+00
3.7193e-05
0.0000e+00
4.1008e-05
0.0000e+00
3.5048e-05
0.0000e+00
3.6001e-05
0.0000e+00
3.6001e-05
0.0000e+00
3.7193e-05
0.0000e+00
3.7909e-05
0.0000e+00
3.7909e-05
0.0000e+00
3.6955e-05
0.0000e+00
3.7193e-05
9.5367e-07
3.7909e-05
0.0000e+00
3.5048e-05
0.0000e+00
3.6001e-05
0.0000e+00
3.6001e-05
0.0000e+00
4.3869e-05
0.0000e+00
3.6001e-05
0.0000e+00
3.6955e-05
0.0000e+00
3.6955e-05
9.5367e-07
3.6955e-05
0.0000e+00
3.6955e-05
0.0000e+00
3.6955e-05
0.0000e+00
4.1008e-05
0.0000e+00
3.6001e-05
0.0000e+00
3.6001e-05
0.0000e+00
3.6955e-05
0.0000e+00
3.6955e-05
0.0000e+00
3.7193e-05
0.0000e+00
3.7193e-05
9.5367e-07
3.6955e-05
0.0000e+00
4.5061e-05
0.0000e+00
3.6955e-05
0.0000e+00
3.6955e-05
0.0000e+00
3.7193e-05
0.0000e+00
3.6955e-05
0.0000e+00
3.6955e-05
0.0000e+00
3.7909e-05
0.0000e+00
3.6955e-05
0.0000e+00
4.6015e-05
0.0000e+00
3.6955e-05
0.0000e+00
3.6001e-05
0.0000e+00
3.6001e-05
9.5367e-07
3.6955e-05
0.0000e+00
4.0054e-05
0.0000e+00
3.6001e-05
0.0000e+00
3.6955e-05
0.0000e+00
3.8147e-05
0.0000e+00
3.6955e-05
9.5367e-07
3.6955e-05
0.0000e+00
3.6001e-05
9.5367e-07
3.6955e-05
0.0000e+00
3.6001e-05
0.0000e+00
3.6001e-05
0.0000e+00
4.5061e-05
0.0000e+00
3.6001e-05
0.0000e+00
3.5048e-05
0.0000e+00
3.6001e-05
0.0000e+00
3.7193e-05
0.0000e+00
3.6955e-05
0.0000e+00
3.6001e-05
0.0000e+00
3.6955e-05
0.0000e+00
3.7909e-05
0.0000e+00
3.6955e-05
0.0000e+00
4.1008e-05
0.0000e+00
3.6001e-05
0.0000e+00
3.6001e-05
0.0000e+00
3.6001e-05
0.0000e+00
3.6955e-05
1.1921e-06
4.6968e-05
0.0000e+00
3.7909e-05
0.0000e+00
3.7193e-05
0.0000e+00
3.6955e-05
0.0000e+00
3.6955e-05
0.0000e+00
3.6955e-05
0.0000e+00
3.6955e-05
0.0000e+00
3.8147e-05
0.0000e+00
4.5061e-05
0.0000e+00
3.6955e-05
0.0000e+00
3.7193e-05
0.0000e+00
3.6955e-05
0.0000e+00
3.6955e-05
0.0000e+00
3.7193e-05
0.0000e+00
3.6001e-05
0.0000e+00
4.1008e-05
0.0000e+00
3.6955e-05
0.0000e+00
3.6955e-05
0.0000e+00
3.4809e-05
0.0000e+00
3.6955e-05
0.0000e+00
3.6001e-05
9.5367e-07
3.6955e-05
0.0000e+00
3.6955e-05
0.0000e+00
4.4107e-05
0.0000e+00
3.7909e-05
0.0000e+00
3.6955e-05
0.0000e+00
3.6955e-05
9.5367e-07
3.6955e-05
0.0000e+00
3.6955e-05
9.5367e-07
3.6955e-05
0.0000e+00
3.6955e-05
1.1921e-06
3.6001e-05
0.0000e+00
3.6001e-05
0.0000e+00
3.6001e-05
0.0000e+00
3.6001e-05
0.0000e+00
3.6955e-05
0.0000e+00
3.6001e-05
9.5367e-07
3.6955e-05
0.0000e+00
4.6968e-05
0.0000e+00
3.8147e-05
0.0000e+00
3.6955e-05
0.0000e+00
3.7193e-05
0.0000e+00
3.6955e-05
9.5367e-07
3.6955e-05
0.0000e+00
3.6955e-05
0.0000e+00
3.6955e-05
0.0000e+00
5.1975e-05
0.0000e+00
3.7193e-05
0.0000e+00
3.6955e-05
0.0000e+00
3.6955e-05
0.0000e+00
3.6955e-05
0.0000e+00
3.6001e-05
0.0000e+00
3.6955e-05
0.0000e+00
4.7922e-05
0.0000e+00
3.6955e-05
0.0000e+00
3.5048e-05
0.0000e+00
3.6955e-05
0.0000e+00
3.6001e-05
0.0000e+00
3.5048e-05
0.0000e+00
3.6955e-05
0.0000e+00
3.6001e-05
0.0000e+00
4.6015e-05
0.0000e+00
3.6955e-05
0.0000e+00
3.7909e-05
0.0000e+00
3.7193e-05
0.0000e+00
3.6955e-05
0.0000e+00
3.6955e-05
0.0000e+00
3.7193e-05
0.0000e+00
3.7909e-05
0.0000e+00
3.8147e-05
9.5367e-07
3.7909e-05
9.5367e-07
3.7193e-05
0.0000e+00
3.6955e-05
0.0000e+00
3.7193e-05
0.0000e+00
3.6955e-05
0.0000e+00
3.6955e-05
0.0000e+00
4.8876e-05
0.0000e+00
3.6001e-05
0.0000e+00
3.6001e-05
0.0000e+00
3.6001e-05
0.0000e+00
3.6001e-05
0.0000e+00
3.6955e-05
0.0000e+00
3.6955e-05
0.0000e+00
3.6955e-05
0.0000e+00
3.7909e-05
0.0000e+00
3.7193e-05
0.0000e+00
3.6001e-05
0.0000e+00
3.6001e-05
9.5367e-07
3.6955e-05
0.0000e+00
3.7193e-05
0.0000e+00
4.1008e-05
0.0000e+00
4.3869e-05
1.1921e-06
3.6955e-05
0.0000e+00
3.6001e-05
0.0000e+00
3.7909e-05
0.0000e+00
3.7193e-05
0.0000e+00
4.1008e-05
0.0000e+00
3.6001e-05
0.0000e+00
3.6955e-05
0.0000e+00
3.6001e-05
0.0000e+00
3.6001e-05
0.0000e+00
3.6955e-05
0.0000e+00
3.6955e-05
0.0000e+00
3.6955e-05
0.0000e+00
3.6001e-05
0.0000e+00
3.6955e-05
0.0000e+00
4.5061e-05
0.0000e+00
3.6001e-05
0.0000e+00
3.6955e-05
0.0000e+00
3.7909e-05
0.0000e+00
3.6955e-05
0.0000e+00
3.6001e-05
0.0000e+00
3.6955e-05
0.0000e+00
3.8147e-05
9.5367e-07
4.6015e-05
0.0000e+00
3.6955e-05
0.0000e+00
3.6001e-05
0.0000e+00
3.6001e-05
0.0000e+00
3.6001e-05
0.0000e+00
3.6001e-05
0.0000e+00
3.7193e-05
0.0000e+00
3.6001e-05
9.5367e-07
3.7909e-05
0.0000e+00
3.7193e-05
0.0000e+00
3.6001e-05
0.0000e+00
3.5048e-05
9.5367e-07
3.6001e-05
9.5367e-07
3.6001e-05
9.5367e-07
3.6955e-05
0.0000e+00
4.4107e-05
0.0000e+00
3.6001e-05
0.0000e+00
3.6001e-05
0.0000e+00
3.6001e-05
0.0000e+00
3.6001e-05
0.0000e+00
3.6001e-05
0.0000e+00
3.6001e-05
0.0000e+00
3.6001e-05
0.0000e+00
4.0054e-05
9.5367e-07
3.7193e-05
0.0000e+00
3.6001e-05
0.0000e+00
3.6955e-05
0.0000e+00
3.6955e-05
0.0000e+00
3.6955e-05
0.0000e+00
3.6955e-05
0.0000e+00
4.5061e-05
0.0000e+00
3.6955e-05
0.0000e+00
3.7193e-05
0.0000e+00
3.6001e-05
0.0000e+00
3.6001e-05
0.0000e+00
3.6955e-05
0.0000e+00
3.6955e-05
0.0000e+00
3.6955e-05
0.0000e+00
3.7909e-05
0.0000e+00
3.6001e-05
0.0000e+00
3.7193e-05
0.0000e+00
3.6001e-05
0.0000e+00
3.7909e-05
9.5367e-07
3.7193e-05
0.0000e+00
4.1008e-05
0.0000e+00
4.7922e-05
0.0000e+00
3.6955e-05
0.0000e+00
3.6955e-05
0.0000e+00
3.6955e-05
0.0000e+00
3.6955e-05
0.0000e+00
3.6001e-05
0.0000e+00
3.7193e-05
0.0000e+00
3.7909e-05
0.0000e+00
4.6015e-05
0.0000e+00
3.6001e-05
0.0000e+00
3.5048e-05
0.0000e+00
3.6001e-05
0.0000e+00
3.6001e-05
0.0000e+00
3.5048e-05
0.0000e+00
3.6001e-05
0.0000e+00
3.6001e-05
0.0000e+00
3.8147e-05
0.0000e+00
3.6955e-05
9.5367e-07
3.7909e-05
0.0000e+00
3.9816e-05
0.0000e+00
3.6001e-05
1.1921e-06
3.6001e-05
0.0000e+00
3.6001e-05
0.0000e+00
4.6015e-05
0.0000e+00
3.6955e-05
0.0000e+00
3.6955e-05
0.0000e+00
3.6001e-05
0.0000e+00
3.6001e-05
0.0000e+00
3.6001e-05
0.0000e+00
3.6955e-05
0.0000e+00
3.6001e-05
0.0000e+00
3.6001e-05
0.0000e+00
3.6001e-05
0.0000e+00
3.6955e-05
0.0000e+00
3.6955e-05
0.0000e+00
3.8147e-05
0.0000e+00
3.6955e-05
0.0000e+00
3.6955e-05
0.0000e+00
4.6968e-05
0.0000e+00
3.7909e-05
9.5367e-07
3.7193e-05
0.0000e+00
3.6955e-05
0.0000e+00
3.6955e-05
0.0000e+00
3.8147e-05
0.0000e+00
3.6001e-05
0.0000e+00
3.6001e-05
9.5367e-07
4.5061e-05
0.0000e+00
3.6955e-05
0.0000e+00
3.6001e-05
0.0000e+00
3.6955e-05
0.0000e+00
3.6955e-05
0.0000e+00
3.6001e-05
0.0000e+00
3.6001e-05
0.0000e+00
4.5061e-05
0.0000e+00
3.6001e-05
0.0000e+00
3.6955e-05
9.5367e-07
3.7193e-05
0.0000e+00
3.7193e-05
0.0000e+00
3.6955e-05
0.0000e+00
3.6001e-05
0.0000e+00
4.1008e-05
0.0000e+00
4.7922e-05
9.5367e-07
3.7193e-05
0.0000e+00
3.6955e-05
0.0000e+00
3.7909e-05
0.0000e+00
3.6955e-05
0.0000e+00
3.6955e-05
0.0000e+00
3.6955e-05
0.0000e+00
3.6001e-05
0.0000e+00
3.6955e-05
0.0000e+00
3.6955e-05
0.0000e+00
3.6001e-05
0.0000e+00
3.6955e-05
0.0000e+00
3.6955e-05
0.0000e+00
3.6001e-05
0.0000e+00
3.6001e-05
0.0000e+00
4.5061e-05
0.0000e+00
3.6001e-05
0.0000e+00
3.6001e-05
0.0000e+00
3.6955e-05
0.0000e+00
3.6001e-05
0.0000e+00
3.6955e-05
0.0000e+00
3.6001e-05
0.0000e+00
4.4107e-05
0.0000e+00
3.6955e-05
0.0000e+00
3.6955e-05
0.0000e+00
3.6001e-05
0.0000e+00
3.6001e-05
0.0000e+00
3.6955e-05
0.0000e+00
3.6001e-05
0.0000e+00
3.6955e-05
0.0000e+00
4.5061e-05
0.0000e+00
3.6001e-05
0.0000e+00
3.7193e-05
0.0000e+00
3.6955e-05
0.0000e+00
3.6955e-05
0.0000e+00
3.7193e-05
0.0000e+00
3.6955e-05
0.0000e+00
4.4107e-05
9.5367e-07
3.7909e-05
0.0000e+00
3.6955e-05
0.0000e+00
4.0054e-05
0.0000e+00
3.6001e-05
0.0000e+00
3.7909e-05
0.0000e+00
3.7193e-05
1.1921e-06
3.7909e-05
0.0000e+00
4.6968e-05
0.0000e+00
3.6001e-05
0.0000e+00
3.6955e-05
0.0000e+00
3.7909e-05
0.0000e+00
3.7193e-05
0.0000e+00
3.6955e-05
9.5367e-07
3.6955e-05
0.0000e+00
3.6955e-05
0.0000e+00
3.8147e-05
0.0000e+00
3.6955e-05
0.0000e+00
3.7193e-05
0.0000e+00
3.6955e-05
0.0000e+00
3.6955e-05
0.0000e+00
3.6955e-05
0.0000e+00
3.6001e-05
0.0000e+00
5.0068e-05
0.0000e+00
3.6955e-05
0.0000e+00
3.6001e-05
9.5367e-07
3.6955e-05
0.0000e+00
3.6955e-05
0.0000e+00
3.6955e-05
0.0000e+00
3.6955e-05
0.0000e+00
3.6001e-05
0.0000e+00
3.7909e-05
0.0000e+00
3.6955e-05
0.0000e+00
3.6955e-05
0.0000e+00
3.6955e-05
0.0000e+00
3.6955e-05
9.5367e-07
3.6955e-05
0.0000e+00
3.6955e-05
0.0000e+00
3.4809e-05
0.0000e+00
3.7909e-05
0.0000e+00
3.6955e-05
0.0000e+00
3.6001e-05
0.0000e+00
3.6955e-05
0.0000e+00
3.9816e-05
0.0000e+00
3.7193e-05
0.0000e+00
3.6001e-05
0.0000e+00
4.5776e-05
0.0000e+00
3.6955e-05
0.0000e+00
3.6955e-05
0.0000e+00
3.6001e-05
9.5367e-07
3.7193e-05
0.0000e+00
3.6001e-05
0.0000e+00
3.6955e-05
0.0000e+00
3.6001e-05
0.0000e+00
3.7909e-05
0.0000e+00
3.6955e-05
0.0000e+00
3.6955e-05
0.0000e+00
3.6955e-05
0.0000e+00
3.8147e-05
0.0000e+00
3.6001e-05
0.0000e+00
3.6955e-05
0.0000e+00
3.6955e-05
0.0000e+00
3.7909e-05
0.0000e+00
3.6001e-05
0.0000e+00
4.1008e-05
0.0000e+00
3.6001e-05
0.0000e+00
3.6955e-05
0.0000e+00
3.8147e-05
0.0000e+00
3.6955e-05
0.0000e+00
4.9829e-05
0.0000e+00
3.6955e-05
0.0000e+00
3.6001e-05
9.5367e-07
3.6955e-05
0.0000e+00
3.7193e-05
0.0000e+00
3.7193e-05
0.0000e+00
3.6001e-05
0.0000e+00
3.6955e-05
0.0000e+00
3.7909e-05
0.0000e+00
3.6955e-05
0.0000e+00
3.6955e-05
1.1921e-06
3.7909e-05
9.5367e-07
3.6001e-05
0.0000e+00
3.6001e-05
0.0000e+00
3.6955e-05
0.0000e+00
4.1008e-05
9.5367e-07
3.6955e-05
0.0000e+00
3.6001e-05
0.0000e+00
3.6001e-05
0.0000e+00
3.6955e-05
9.5367e-07
3.7193e-05
0.0000e+00
3.6955e-05
0.0000e+00
3.5048e-05
0.0000e+00
4.6015e-05
0.0000e+00
3.6955e-05
9.5367e-07
3.6955e-05
0.0000e+00
3.7193e-05
0.0000e+00
3.6001e-05
0.0000e+00
3.6001e-05
0.0000e+00
3.5048e-05
0.0000e+00
3.6955e-05
0.0000e+00
3.6955e-05
0.0000e+00
3.6001e-05
0.0000e+00
3.6001e-05
0.0000e+00
3.6001e-05
0.0000e+00
3.6955e-05
0.0000e+00
3.7193e-05
0.0000e+00
3.6001e-05
0.0000e+00
4.6015e-05
0.0000e+00
4.0054e-05
0.0000e+00
3.6955e-05
0.0000e+00
3.6955e-05
0.0000e+00
3.7193e-05
0.0000e+00
3.6955e-05
0.0000e+00
3.6955e-05
9.5367e-07
3.7909e-05
0.0000e+00
4.7922e-05
0.0000e+00
3.6955e-05
0.0000e+00
3.6001e-05
0.0000e+00
3.6955e-05
0.0000e+00
3.6955e-05
0.0000e+00
3.6955e-05
1.1921e-06
3.6001e-05
0.0000e+00
3.6001e-05
0.0000e+00
3.7909e-05
0.0000e+00
3.6001e-05
0.0000e+00
4.0054e-05
0.0000e+00
3.6955e-05
0.0000e+00
3.5048e-05
0.0000e+00
3.6001e-05
0.0000e+00
3.5763e-05
0.0000e+00
3.6001e-05
0.0000e+00
3.7909e-05
0.0000e+00
3.7909e-05
0.0000e+00
3.6955e-05
0.0000e+00
3.7193e-05
0.0000e+00
3.6955e-05
0.0000e+00
3.6955e-05
0.0000e+00
3.6955e-05
0.0000e+00
4.7207e-05
0.0000e+00
3.6001e-05
0.0000e+00
3.5048e-05
0.0000e+00
3.6955e-05
0.0000e+00
3.6955e-05
0.0000e+00
3.8147e-05
9.5367e-07
3.6001e-05
0.0000e+00
4.1008e-05
0.0000e+00
3.7909e-05
0.0000e+00
3.5048e-05
9.5367e-07
3.6001e-05
0.0000e+00
3.6955e-05
0.0000e+00
3.6955e-05
0.0000e+00
3.6955e-05
0.0000e+00
3.6001e-05
0.0000e+00
3.6001e-05
0.0000e+00
3.6955e-05
0.0000e+00
3.7193e-05
0.0000e+00
3.6955e-05
0.0000e+00
3.6955e-05
0.0000e+00
3.8147e-05
0.0000e+00
3.6001e-05
0.0000e+00
3.6955e-05
0.0000e+00
4.6015e-05
0.0000e+00
3.7909e-05
0.0000e+00
3.7909e-05
0.0000e+00
3.7909e-05
0.0000e+00
3.6955e-05
0.0000e+00
3.6955e-05
0.0000e+00
3.6001e-05
0.0000e+00
3.6001e-05
0.0000e+00
3.7909e-05
1.1921e-06
3.6955e-05
0.0000e+00
3.6001e-05
0.0000e+00
3.6955e-05
1.1921e-06
3.7909e-05
0.0000e+00
3.6955e-05
0.0000e+00
3.8147e-05
0.0000e+00
3.6955e-05
0.0000e+00
3.7909e-05
0.0000e+00
3.7193e-05
0.0000e+00
3.7909e-05
0.0000e+00
3.6001e-05
0.0000e+00
3.6955e-05
0.0000e+00
3.6955e-05
0.0000e+00
3.6955e-05
0.0000e+00
4.6015e-05
1.1921e-06
3.6001e-05
0.0000e+00
4.1008e-05
0.0000e+00
3.6001e-05
0.0000e+00
3.6001e-05
0.0000e+00
3.6955e-05
0.0000e+00
3.7193e-05
0.0000e+00
3.6001e-05
0.0000e+00
3.7909e-05
0.0000e+00
3.6955e-05
0.0000e+00
3.6955e-05
0.0000e+00
3.6001e-05
9.5367e-07
3.8147e-05
0.0000e+00
3.6955e-05
0.0000e+00
3.6955e-05
0.0000e+00
4.4107e-05
0.0000e+00
3.7193e-05
0.0000e+00
3.6955e-05
0.0000e+00
3.6955e-05
0.0000e+00
3.7193e-05
0.0000e+00
3.6955e-05
0.0000e+00
3.5048e-05
0.0000e+00
4.1008e-05
0.0000e+00
3.6001e-05
0.0000e+00
3.6001e-05
0.0000e+00
3.6001e-05
0.0000e+00
3.7193e-05
0.0000e+00
3.6001e-05
0.0000e+00
3.6001e-05
0.0000e+00
3.6955e-05
0.0000e+00
4.8161e-05
0.0000e+00
3.6001e-05
0.0000e+00
3.6955e-05
9.5367e-07
3.7193e-05
0.0000e+00
3.6955e-05
0.0000e+00
3.6001e-05
0.0000e+00
3.8862e-05
0.0000e+00
3.6955e-05
0.0000e+00
4.5061e-05
0.0000e+00
3.6001e-05
0.0000e+00
3.7909e-05
0.0000e+00
3.6955e-05
0.0000e+00
4.0054e-05
0.0000e+00
3.5048e-05
9.5367e-07
3.8147e-05
0.0000e+00
3.8147e-05
0.0000e+00
3.7909e-05
0.0000e+00
3.6955e-05
0.0000e+00
3.6001e-05
0.0000e+00
3.6955e-05
0.0000e+00
3.6955e-05
0.0000e+00
3.7193e-05
0.0000e+00
3.6955e-05
0.0000e+00
4.6968e-05
0.0000e+00
3.6001e-05
0.0000e+00
3.8147e-05
0.0000e+00
3.6955e-05
0.0000e+00
3.6955e-05
0.0000e+00
3.6955e-05
0.0000e+00
3.7909e-05
0.0000e+00
3.6001e-05
0.0000e+00
5.3883e-05
0.0000e+00
3.6955e-05
0.0000e+00
3.7909e-05
0.0000e+00
3.7193e-05
0.0000e+00
3.6001e-05
0.0000e+00
3.6955e-05
0.0000e+00
3.6001e-05
0.0000e+00
3.8147e-05
0.0000e+00
3.7193e-05
0.0000e+00
3.6001e-05
0.0000e+00
3.6001e-05
0.0000e+00
3.6001e-05
0.0000e+00
3.5048e-05
0.0000e+00
3.7909e-05
0.0000e+00
3.6001e-05
0.0000e+00
4.4823e-05
0.0000e+00
3.6001e-05
0.0000e+00
3.6001e-05
0.0000e+00
3.6001e-05
0.0000e+00
3.6955e-05
0.0000e+00
3.6955e-05
0.0000e+00
3.6955e-05
0.0000e+00
4.1008e-05
0.0000e+00
4.6968e-05
0.0000e+00
3.6955e-05
0.0000e+00
3.5048e-05
0.0000e+00
3.7193e-05
0.0000e+00
3.7909e-05
0.0000e+00
3.6001e-05
0.0000e+00
3.6001e-05
0.0000e+00
3.6001e-05
0.0000e+00
3.7909e-05
0.0000e+00
3.6955e-05
9.5367e-07
3.7193e-05
0.0000e+00
3.6955e-05
0.0000e+00
3.6955e-05
0.0000e+00
3.8147e-05
0.0000e+00
3.6955e-05
0.0000e+00
4.8161e-05
0.0000e+00
3.6001e-05
0.0000e+00
3.6001e-05
0.0000e+00
3.5048e-05
0.0000e+00
3.9816e-05
0.0000e+00
3.7193e-05
0.0000e+00
3.6001e-05
0.0000e+00
3.6001e-05
0.0000e+00
3.6955e-05
0.0000e+00
3.5048e-05
0.0000e+00
3.6001e-05
0.0000e+00
3.6955e-05
0.0000e+00
3.5048e-05
0.0000e+00
3.8147e-05
0.0000e+00
3.6955e-05
0.0000e+00
3.6955e-05
9.5367e-07
3.6955e-05
0.0000e+00
3.6001e-05
0.0000e+00
3.6001e-05
0.0000e+00
3.6001e-05
0.0000e+00
3.6001e-05
0.0000e+00
3.8147e-05
0.0000e+00
3.6955e-05
0.0000e+00
4.6968e-05
0.0000e+00
4.4107e-05
0.0000e+00
3.6001e-05
0.0000e+00
3.6955e-05
0.0000e+00
3.6001e-05
0.0000e+00
3.7909e-05
0.0000e+00
3.7909e-05
0.0000e+00
3.6955e-05
0.0000e+00
3.6001e-05
0.0000e+00
3.6001e-05
0.0000e+00
3.4809e-05
0.0000e+00
3.7193e-05
0.0000e+00
3.6955e-05
9.5367e-07
3.7909e-05
0.0000e+00
3.6955e-05
0.0000e+00
4.7922e-05
0.0000e+00
3.6001e-05
9.5367e-07
3.6001e-05
0.0000e+00
3.7193e-05
0.0000e+00
3.6001e-05
0.0000e+00
3.4809e-05
1.1921e-06
3.6955e-05
0.0000e+00
4.1962e-05
0.0000e+00
5.1022e-05
0.0000e+00
3.6001e-05
0.0000e+00
3.5048e-05
9.5367e-07
3.6001e-05
0.0000e+00
3.6001e-05
0.0000e+00
3.7193e-05
0.0000e+00
3.7909e-05
0.0000e+00
3.6001e-05
0.0000e+00
3.5048e-05
0.0000e+00
3.6001e-05
0.0000e+00
3.5048e-05
0.0000e+00
3.6001e-05
0.0000e+00
3.6001e-05
0.0000e+00
3.8147e-05
0.0000e+00
3.6001e-05
0.0000e+00
4.6015e-05
0.0000e+00
3.6001e-05
0.0000e+00
3.6001e-05
9.5367e-07
3.6001e-05
0.0000e+00
4.1962e-05
0.0000e+00
3.7193e-05
4.9734e-02
