3.4411e-03
0.0000e+00
5.7936e-05
0.0000e+00
4.1008e-05
1.1921e-06
3.8862e-05
0.0000e+00
5.1022e-05
0.0000e+00
4.1962e-05
0.0000e+00
4.1008e-05
0.0000e+00
4.1008e-05
0.0000e+00
6.1035e-05
0.0000e+00
4.1008e-05
0.0000e+00
4.0054e-05
0.0000e+00
4.0054e-05
0.0000e+00
3.9101e-05
0.0000e+00
3.8862e-05
0.0000e+00
4.0054e-05
0.0000e+00
3.9101e-05
0.0000e+00
4.2915e-05
9.5367e-07
4.0054e-05
0.0000e+00
4.0054e-05
0.0000e+00
4.1008e-05
0.0000e+00
4.0054e-05
0.0000e+00
3.9816e-05
0.0000e+00
4.0054e-05
0.0000e+00
5.6028e-05
0.0000e+00
4.1008e-05
0.0000e+00
3.9816e-05
0.0000e+00
4.0054e-05
0.0000e+00
3.9101e-05
0.0000e+00
3.8862e-05
0.0000e+00
4.0054e-05
0.0000e+00
4.0054e-05
0.0000e+00
4.0770e-05
0.0000e+00
3.9816e-05
9.5367e-07
4.0054e-05
0.0000e+00
3.9101e-05
0.0000e+00
3.9816e-05
9.5367e-07
4.0054e-05
0.0000e+00
3.9101e-05
0.0000e+00
5.5790e-05
0.0000e+00
4.1008e-05
0.0000e+00
3.9101e-05
0.0000e+00
6.5088e-05
0.0000e+00
4.0054e-05
0.0000e+00
3.7909e-05
0.0000e+00
3.7193e-05
0.0000e+00
3.4809e-05
0.0000e+00
5.2214e-05
0.0000e+00
3.6955e-05
9.5367e-07
3.8862e-05
0.0000e+00
3.7193e-05
0.0000e+00
3.7193e-05
0.0000e+00
3.6001e-05
0.0000e+00
3.6955e-05
0.0000e+00
3.6001e-05
0.0000e+00
3.6955e-05
0.0000e+00
3.6955e-05
9.5367e-07
3.8147e-05
0.0000e+00
3.6955e-05
0.0000e+00
3.6955e-05
0.0000e+00
3.6955e-05
0.0000e+00
3.6955e-05
9.5367e-07
5.1975e-05
0.0000e+00
3.7193e-05
0.0000e+00
3.7909e-05
0.0000e+00
3.6001e-05
0.0000e+00
3.6955e-05
0.0000e+00
3.6955e-05
0.0000e+00
3.6001e-05
0.0000e+00
3.6955e-05
0.0000e+00
3.6955e-05
0.0000e+00
3.6001e-05
0.0000e+00
3.6955e-05
0.0000e+00
3.6955e-05
0.0000e+00
3.6955e-05
0.0000e+00
3.6955e-05
0.0000e+00
3.6955e-05
0.0000e+00
4.6015e-05
0.0000e+00
3.6955e-05
0.0000e+00
3.8147e-05
0.0000e+00
3.6955e-05
0.0000e+00
3.7193e-05
0.0000e+00
4.0054e-05
0.0000e+00
3.6001e-05
0.0000e+00
3.6001e-05
0.0000e+00
4.6015e-05
0.0000e+00
3.7193e-05
0.0000e+00
3.6001e-05
0.0000e+00
3.6001e-05
0.0000e+00
3.6955e-05
0.0000e+00
3.6001e-05
0.0000e+00
3.6955e-05
0.0000e+00
4.5061e-05
0.0000e+00
3.6001e-05
0.0000e+00
3.6955e-05
0.0000e+00
3.6955e-05
0.0000e+00
3.6001e-05
9.5367e-07
3.6955e-05
0.0000e+00
3.6001e-05
0.0000e+00
3.6001e-05
0.0000e+00
4.7922e-05
0.0000e+00
3.6955e-05
0.0000e+00
3.6001e-05
0.0000e+00
3.6001e-05
0.0000e+00
3.6001e-05
0.0000e+00
3.6001e-05
0.0000e+00
3.6955e-05
0.0000e+00
3.6001e-05
0.0000e+00
3.8147e-05
0.0000e+00
3.7909e-05
0.0000e+00
3.6001e-05
0.0000e+00
3.6001e-05
1.1921e-06
3.6955e-05
0.0000e+00
3.6001e-05
0.0000e+00
3.6001e-05
9.5367e-07
4.5061e-05
0.0000e+00
3.7909e-05
0.0000e+00
3.7193e-05
0.0000e+00
3.6001e-05
0.0000e+00
3.6955e-05
0.0000e+00
3.6001e-05
9.5367e-07
3.6955e-05
0.0000e+00
3.6001e-05
9.5367e-07
4.1008e-05
0.0000e+00
3.6955e-05
0.0000e+00
3.6001e-05
0.0000e+00
3.6955e-05
0.0000e+00
3.6001e-05
0.0000e+00
3.6001e-05
0.0000e+00
3.7193e-05
0.0000e+00
4.6015e-05
0.0000e+00
3.6955e-05
0.0000e+00
3.6001e-05
0.0000e+00
3.6955e-05
0.0000e+00
3.6001e-05
0.0000e+00
3.6955e-05
0.0000e+00
3.6955e-05
9.5367e-07
3.6955e-05
0.0000e+00
3.6955e-05
0.0000e+00
3.6001e-05
0.0000e+00
3.6001e-05
0.0000e+00
3.6001e-05
0.0000e+00
3.4809e-05
1.1921e-06
3.6955e-05
0.0000e+00
3.9816e-05
0.0000e+00
4.9114e-05
0.0000e+00
3.6955e-05
0.0000e+00
3.6001e-05
0.0000e+00
3.6001e-05
0.0000e+00
3.6001e-05
0.0000e+00
3.4809e-05
0.0000e+00
3.6955e-05
0.0000e+00
3.6955e-05
0.0000e+00
3.6955e-05
0.0000e+00
3.6001e-05
0.0000e+00
3.5048e-05
0.0000e+00
3.7193e-05
0.0000e+00
3.7909e-05
9.5367e-07
3.6955e-05
0.0000e+00
3.6001e-05
0.0000e+00
4.6015e-05
0.0000e+00
3.7909e-05
0.0000e+00
3.6001e-05
0.0000e+00
3.4809e-05
0.0000e+00
4.0770e-05
0.0000e+00
3.6001e-05
0.0000e+00
3.6001e-05
0.0000e+00
3.6955e-05
0.0000e+00
4.6015e-05
0.0000e+00
3.6001e-05
0.0000e+00
3.6001e-05
0.0000e+00
3.7909e-05
0.0000e+00
3.6955e-05
9.5367e-07
3.7193e-05
0.0000e+00
3.6955e-05
0.0000e+00
3.6001e-05
9.5367e-07
3.6955e-05
0.0000e+00
3.5048e-05
9.5367e-07
3.6001e-05
0.0000e+00
3.6955e-05
9.5367e-07
3.7193e-05
0.0000e+00
3.6955e-05
0.0000e+00
3.6955e-05
0.0000e+00
4.9114e-05
9.5367e-07
3.6001e-05
0.0000e+00
3.7909e-05
0.0000e+00
3.6001e-05
9.5367e-07
3.6001e-05
9.5367e-07
3.6955e-05
0.0000e+00
3.6955e-05
0.0000e+00
3.6955e-05
0.0000e+00
3.6955e-05
0.0000e+00
3.6001e-05
0.0000e+00
3.8862e-05
0.0000e+00
3.6955e-05
0.0000e+00
3.6955e-05
9.5367e-07
3.6955e-05
9.5367e-07
3.6955e-05
0.0000e+00
4.4823e-05
0.0000e+00
3.6001e-05
0.0000e+00
3.6955e-05
0.0000e+00
3.6955e-05
0.0000e+00
3.6955e-05
0.0000e+00
3.6001e-05
0.0000e+00
3.7193e-05
0.0000e+00
3.9816e-05
0.0000e+00
3.6001e-05
0.0000e+00
3.6001e-05
0.0000e+00
3.7193e-05
0.0000e+00
3.6955e-05
0.0000e+00
3.6955e-05
0.0000e+00
3.6955e-05
0.0000e+00
3.6955e-05
0.0000e+00
4.6015e-05
9.5367e-07
3.6001e-05
0.0000e+00
3.6001e-05
0.0000e+00
3.7193e-05
0.0000e+00
3.6955e-05
0.0000e+00
3.8147e-05
0.0000e+00
3.6955e-05
0.0000e+00
3.6001e-05
9.5367e-07
3.6955e-05
0.0000e+00
3.6001e-05
0.0000e+00
3.7909e-05
0.0000e+00
3.6001e-05
0.0000e+00
4.1008e-05
0.0000e+00
3.6001e-05
0.0000e+00
3.6955e-05
0.0000e+00
5.2929e-05
0.0000e+00
3.7909e-05
0.0000e+00
3.7909e-05
0.0000e+00
3.6001e-05
0.0000e+00
3.6001e-05
0.0000e+00
3.6955e-05
9.5367e-07
3.6955e-05
0.0000e+00
3.6001e-05
0.0000e+00
4.6968e-05
0.0000e+00
3.6955e-05
0.0000e+00
3.6955e-05
0.0000e+00
3.7193e-05
0.0000e+00
3.6001e-05
0.0000e+00
3.6001e-05
0.0000e+00
3.6955e-05
0.0000e+00
3.6001e-05
0.0000e+00
3.7193e-05
0.0000e+00
4.0054e-05
0.0000e+00
3.7909e-05
0.0000e+00
3.7193e-05
0.0000e+00
3.6955e-05
9.5367e-07
3.6955e-05
0.0000e+00
3.7193e-05
0.0000e+00
4.6968e-05
0.0000e+00
3.5048e-05
0.0000e+00
3.6955e-05
0.0000e+00
3.8147e-05
0.0000e+00
3.6955e-05
0.0000e+00
3.6955e-05
0.0000e+00
3.7193e-05
0.0000e+00
3.6001e-05
0.0000e+00
3.6955e-05
0.0000e+00
3.7909e-05
9.5367e-07
3.7193e-05
9.5367e-07
3.6955e-05
0.0000e+00
3.6955e-05
0.0000e+00
3.6001e-05
0.0000e+00
4.1008e-05
0.0000e+00
3.6955e-05
9.5367e-07
3.6955e-05
0.0000e+00
3.5048e-05
0.0000e+00
3.7193e-05
0.0000e+00
3.6001e-05
9.5367e-07
3.6955e-05
0.0000e+00
3.6001e-05
0.0000e+00
3.7193e-05
0.0000e+00
4.6968e-05
0.0000e+00
3.6955e-05
0.0000e+00
3.6001e-05
0.0000e+00
3.6001e-05
0.0000e+00
3.4809e-05
0.0000e+00
3.6001e-05
0.0000e+00
3.6001e-05
0.0000e+00
3.6001e-05
0.0000e+00
3.6955e-05
0.0000e+00
3.7909e-05
0.0000e+00
3.6955e-05
0.0000e+00
3.6955e-05
0.0000e+00
3.6001e-05
0.0000e+00
3.6001e-05
0.0000e+00
3.6001e-05
0.0000e+00
3.7193e-05
0.0000e+00
3.6955e-05
0.0000e+00
3.6955e-05
0.0000e+00
3.6001e-05
0.0000e+00
3.6001e-05
0.0000e+00
3.6001e-05
1.1921e-06
3.6001e-05
0.0000e+00
3.6001e-05
0.0000e+00
4.6015e-05
0.0000e+00
3.6001e-05
0.0000e+00
3.6955e-05
0.0000e+00
3.6955e-05
0.0000e+00
3.6001e-05
0.0000e+00
3.6001e-05
0.0000e+00
3.6955e-05
0.0000e+00
3.6955e-05
0.0000e+00
3.6955e-05
0.0000e+00
4.0054e-05
0.0000e+00
3.7909e-05
0.0000e+00
3.7193e-05
0.0000e+00
3.6001e-05
0.0000e+00
3.6955e-05
0.0000e+00
3.6001e-05
0.0000e+00
4.5776e-05
0.0000e+00
3.6001e-05
0.0000e+00
3.7909e-05
0.0000e+00
3.6001e-05
0.0000e+00
3.6955e-05
0.0000e+00
3.7193e-05
0.0000e+00
3.6001e-05
0.0000e+00
3.6001e-05
0.0000e+00
3.6001e-05
0.0000e+00
3.7909e-05
0.0000e+00
3.6955e-05
0.0000e+00
3.7909e-05
0.0000e+00
3.6001e-05
0.0000e+00
3.6955e-05
0.0000e+00
4.0054e-05
0.0000e+00
4.5061e-05
0.0000e+00
3.6955e-05
0.0000e+00
3.7909e-05
0.0000e+00
3.7193e-05
0.0000e+00
3.6955e-05
0.0000e+00
3.6001e-05
0.0000e+00
3.6955e-05
0.0000e+00
3.6955e-05
0.0000e+00
4.6015e-05
0.0000e+00
3.6955e-05
0.0000e+00
3.6955e-05
0.0000e+00
3.7193e-05
0.0000e+00
3.6955e-05
0.0000e+00
3.6955e-05
0.0000e+00
3.6001e-05
0.0000e+00
3.6001e-05
0.0000e+00
3.6001e-05
0.0000e+00
3.7909e-05
0.0000e+00
3.7909e-05
0.0000e+00
3.6001e-05
0.0000e+00
3.6955e-05
0.0000e+00
3.6955e-05
0.0000e+00
3.6001e-05
0.0000e+00
4.9114e-05
0.0000e+00
3.6001e-05
9.5367e-07
3.6001e-05
0.0000e+00
3.6955e-05
0.0000e+00
3.6001e-05
0.0000e+00
3.6001e-05
0.0000e+00
3.6001e-05
0.0000e+00
3.6955e-05
0.0000e+00
3.6955e-05
0.0000e+00
3.6955e-05
0.0000e+00
3.6955e-05
0.0000e+00
3.6955e-05
0.0000e+00
3.6955e-05
0.0000e+00
3.6001e-05
0.0000e+00
3.6955e-05
0.0000e+00
4.5061e-05
0.0000e+00
3.7193e-05
0.0000e+00
4.1008e-05
0.0000e+00
3.6955e-05
0.0000e+00
3.6001e-05
0.0000e+00
3.6955e-05
0.0000e+00
3.6955e-05
0.0000e+00
3.6955e-05
0.0000e+00
3.6955e-05
0.0000e+00
3.6001e-05
0.0000e+00
3.6001e-05
0.0000e+00
3.6955e-05
0.0000e+00
3.6955e-05
0.0000e+00
3.6955e-05
0.0000e+00
3.6001e-05
0.0000e+00
4.6015e-05
0.0000e+00
3.6001e-05
0.0000e+00
3.6955e-05
0.0000e+00
3.6001e-05
0.0000e+00
3.6955e-05
0.0000e+00
3.6001e-05
0.0000e+00
3.6955e-05
0.0000e+00
4.0054e-05
0.0000e+00
4.7207e-05
0.0000e+00
3.7193e-05
0.0000e+00
3.6001e-05
0.0000e+00
3.6955e-05
0.0000e+00
3.7193e-05
0.0000e+00
3.6955e-05
0.0000e+00
3.6955e-05
0.0000e+00
3.7193e-05
0.0000e+00
3.6001e-05
0.0000e+00
3.6955e-05
0.0000e+00
3.7909e-05
0.0000e+00
3.8147e-05
0.0000e+00
3.6955e-05
0.0000e+00
3.7193e-05
0.0000e+00
3.6955e-05
0.0000e+00
4.6968e-05
0.0000e+00
3.6001e-05
0.0000e+00
3.6955e-05
0.0000e+00
3.6955e-05
0.0000e+00
3.9101e-05
0.0000e+00
3.5048e-05
0.0000e+00
3.6955e-05
0.0000e+00
3.6955e-05
0.0000e+00
3.6955e-05
9.5367e-07
3.7909e-05
0.0000e+00
3.7193e-05
0.0000e+00
3.6001e-05
9.5367e-07
3.6955e-05
0.0000e+00
3.6955e-05
0.0000e+00
3.6001e-05
0.0000e+00
4.8876e-05
0.0000e+00
3.6001e-05
0.0000e+00
3.7909e-05
0.0000e+00
3.5048e-05
0.0000e+00
3.6955e-05
0.0000e+00
3.6001e-05
0.0000e+00
3.7909e-05
0.0000e+00
3.6001e-05
0.0000e+00
3.6955e-05
0.0000e+00
3.8147e-05
0.0000e+00
3.6955e-05
0.0000e+00
3.6001e-05
0.0000e+00
3.6955e-05
0.0000e+00
3.6955e-05
0.0000e+00
3.6001e-05
0.0000e+00
4.7922e-05
0.0000e+00
3.6001e-05
0.0000e+00
3.6001e-05
0.0000e+00
3.5048e-05
0.0000e+00
3.4809e-05
0.0000e+00
3.6001e-05
0.0000e+00
3.6001e-05
0.0000e+00
3.6955e-05
0.0000e+00
3.7909e-05
0.0000e+00
3.6001e-05
0.0000e+00
3.6001e-05
0.0000e+00
3.6955e-05
0.0000e+00
3.8147e-05
0.0000e+00
3.6001e-05
0.0000e+00
3.6001e-05
0.0000e+00
5.0783e-05
0.0000e+00
3.7909e-05
0.0000e+00
3.6001e-05
0.0000e+00
3.6001e-05
0.0000e+00
3.6001e-05
9.5367e-07
3.6955e-05
0.0000e+00
3.5048e-05
0.0000e+00
3.6001e-05
0.0000e+00
3.8147e-05
0.0000e+00
3.7909e-05
0.0000e+00
3.7193e-05
0.0000e+00
3.6955e-05
0.0000e+00
3.6955e-05
0.0000e+00
3.7193e-05
0.0000e+00
3.6001e-05
0.0000e+00
4.6968e-05
0.0000e+00
3.7193e-05
0.0000e+00
3.7909e-05
0.0000e+00
3.6955e-05
1.1921e-06
3.6001e-05
0.0000e+00
3.9816e-05
0.0000e+00
3.6955e-05
0.0000e+00
3.6001e-05
0.0000e+00
3.6955e-05
0.0000e+00
3.6001e-05
9.5367e-07
3.6955e-05
0.0000e+00
3.6001e-05
0.0000e+00
3.5048e-05
0.0000e+00
3.6955e-05
0.0000e+00
3.6001e-05
0.0000e+00
4.5061e-05
0.0000e+00
3.6955e-05
0.0000e+00
3.6001e-05
0.0000e+00
3.6001e-05
0.0000e+00
3.6001e-05
0.0000e+00
3.6001e-05
0.0000e+00
3.6955e-05
0.0000e+00
3.6001e-05
0.0000e+00
4.6015e-05
0.0000e+00
3.6955e-05
0.0000e+00
3.6955e-05
0.0000e+00
3.6955e-05
0.0000e+00
3.6001e-05
0.0000e+00
3.6001e-05
0.0000e+00
3.6955e-05
9.5367e-07
3.6955e-05
9.5367e-07
3.6955e-05
0.0000e+00
3.8147e-05
0.0000e+00
3.7193e-05
9.5367e-07
3.6955e-05
0.0000e+00
3.6955e-05
0.0000e+00
3.6001e-05
0.0000e+00
3.6955e-05
0.0000e+00
4.6015e-05
0.0000e+00
3.6955e-05
0.0000e+00
3.7193e-05
0.0000e+00
3.6001e-05
0.0000e+00
3.6001e-05
0.0000e+00
3.6955e-05
0.0000e+00
3.6955e-05
0.0000e+00
3.6955e-05
0.0000e+00
4.0054e-05
9.5367e-07
3.6955e-05
0.0000e+00
3.6001e-05
0.0000e+00
3.6001e-05
0.0000e+00
3.6001e-05
0.0000e+00
3.6001e-05
0.0000e+00
3.6001e-05
0.0000e+00
4.5061e-05
0.0000e+00
3.6955e-05
0.0000e+00
3.6001e-05
0.0000e+00
3.6001e-05
0.0000e+00
3.7193e-05
0.0000e+00
3.6001e-05
0.0000e+00
3.6001e-05
0.0000e+00
3.6001e-05
0.0000e+00
4.9114e-05
0.0000e+00
3.6955e-05
0.0000e+00
3.6001e-05
0.0000e+00
3.6001e-05
0.0000e+00
3.6001e-05
0.0000e+00
4.1008e-05
0.0000e+00
3.6001e-05
0.0000e+00
3.6001e-05
9.5367e-07
3.7909e-05
0.0000e+00
3.6001e-05
0.0000e+00
3.6001e-05
0.0000e+00
3.6001e-05
9.5367e-07
3.6001e-05
0.0000e+00
3.5048e-05
0.0000e+00
3.6001e-05
0.0000e+00
4.6015e-05
0.0000e+00
3.6001e-05
0.0000e+00
3.6001e-05
0.0000e+00
3.6955e-05
0.0000e+00
3.6001e-05
0.0000e+00
3.6001e-05
0.0000e+00
3.6001e-05
0.0000e+00
3.6001e-05
0.0000e+00
3.6955e-05
0.0000e+00
3.8147e-05
0.0000e+00
3.6001e-05
0.0000e+00
4.0054e-05
0.0000e+00
3.5048e-05
0.0000e+00
3.6001e-05
0.0000e+00
3.6001e-05
0.0000e+00
4.8161e-05
0.0000e+00
3.6001e-05
0.0000e+00
3.5048e-05
0.0000e+00
3.6001e-05
0.0000e+00
3.6001e-05
0.0000e+00
3.6001e-05
0.0000e+00
3.6955e-05
0.0000e+00
3.6001e-05
9.5367e-07
3.6955e-05
0.0000e+00
3.6955e-05
9.5367e-07
3.6001e-05
0.0000e+00
3.6001e-05
0.0000e+00
3.6001e-05
0.0000e+00
3.6955e-05
0.0000e+00
3.6001e-05
0.0000e+00
4.7922e-05
0.0000e+00
4.0054e-05
0.0000e+00
3.6001e-05
0.0000e+00
3.6955e-05
0.0000e+00
3.6955e-05
0.0000e+00
3.6001e-05
0.0000e+00
3.6955e-05
0.0000e+00
3.6955e-05
0.0000e+00
3.6955e-05
0.0000e+00
3.6001e-05
0.0000e+00
3.6001e-05
0.0000e+00
3.6955e-05
0.0000e+00
3.6955e-05
0.0000e+00
3.7193e-05
0.0000e+00
3.6001e-05
0.0000e+00
4.7922e-05
0.0000e+00
3.6001e-05
0.0000e+00
3.6955e-05
0.0000e+00
3.6955e-05
0.0000e+00
3.6955e-05
9.5367e-07
3.7909e-05
0.0000e+00
4.0054e-05
9.5367e-07
3.6001e-05
0.0000e+00
3.6955e-05
9.5367e-07
3.6001e-05
0.0000e+00
3.6001e-05
0.0000e+00
3.6001e-05
0.0000e+00
3.6001e-05
0.0000e+00
3.6955e-05
0.0000e+00
3.6955e-05
0.0000e+00
4.8876e-05
0.0000e+00
3.8147e-05
0.0000e+00
3.6955e-05
0.0000e+00
3.7193e-05
0.0000e+00
3.6955e-05
0.0000e+00
3.6001e-05
0.0000e+00
3.6955e-05
0.0000e+00
3.6001e-05
0.0000e+00
3.6955e-05
0.0000e+00
3.7193e-05
0.0000e+00
3.7909e-05
0.0000e+00
4.0054e-05
0.0000e+00
3.6001e-05
0.0000e+00
3.6001e-05
9.5367e-07
3.7193e-05
0.0000e+00
4.6968e-05
0.0000e+00
3.6001e-05
0.0000e+00
3.6001e-05
0.0000e+00
3.6001e-05
0.0000e+00
3.6955e-05
0.0000e+00
3.6955e-05
0.0000e+00
3.6955e-05
0.0000e+00
3.6001e-05
0.0000e+00
4.5776e-05
0.0000e+00
3.4809e-05
0.0000e+00
3.6001e-05
0.0000e+00
3.6955e-05
0.0000e+00
3.6955e-05
1.1921e-06
3.6001e-05
1.1921e-06
3.7909e-05
0.0000e+00
4.6015e-05
0.0000e+00
3.6955e-05
0.0000e+00
3.9816e-05
0.0000e+00
3.6001e-05
0.0000e+00
3.6955e-05
0.0000e+00
3.6001e-05
0.0000e+00
3.5048e-05
0.0000e+00
3.5048e-05
0.0000e+00
4.6968e-05
9.5367e-07
3.7193e-05
0.0000e+00
3.6955e-05
0.0000e+00
3.6001e-05
0.0000e+00
3.6955e-05
0.0000e+00
3.6001e-05
0.0000e+00
3.5048e-05
0.0000e+00
3.6001e-05
0.0000e+00
3.7909e-05
0.0000e+00
3.6955e-05
0.0000e+00
3.6001e-05
0.0000e+00
3.6955e-05
9.5367e-07
3.8147e-05
0.0000e+00
3.6955e-05
0.0000e+00
3.9101e-05
0.0000e+00
5.0068e-05
0.0000e+00
3.7909e-05
0.0000e+00
3.4809e-05
0.0000e+00
3.7193e-05
0.0000e+00
3.5048e-05
0.0000e+00
3.6001e-05
0.0000e+00
3.5048e-05
0.0000e+00
3.6001e-05
0.0000e+00
3.7909e-05
0.0000e+00
3.6001e-05
0.0000e+00
3.6001e-05
0.0000e+00
3.6001e-05
1.1921e-06
3.6955e-05
9.5367e-07
3.6955e-05
0.0000e+00
3.6955e-05
0.0000e+00
4.6015e-05
0.0000e+00
3.5048e-05
0.0000e+00
3.7909e-05
0.0000e+00
3.6001e-05
0.0000e+00
3.6955e-05
0.0000e+00
3.6001e-05
0.0000e+00
3.7193e-05
0.0000e+00
3.6955e-05
0.0000e+00
4.6015e-05
0.0000e+00
3.6001e-05
9.5367e-07
3.6001e-05
9.5367e-07
3.7193e-05
0.0000e+00
3.7909e-05
0.0000e+00
3.6001e-05
0.0000e+00
3.7193e-05
9.5367e-07
3.6955e-05
9.5367e-07
3.8147e-05
0.0000e+00
3.6955e-05
0.0000e+00
3.6001e-05
0.0000e+00
3.5048e-05
0.0000e+00
3.6001e-05
0.0000e+00
3.6001e-05
0.0000e+00
3.6001e-05
9.5367e-07
4.8161e-05
0.0000e+00
3.6955e-05
0.0000e+00
4.0054e-05
0.0000e+00
3.6001e-05
9.5367e-07
3.6001e-05
0.0000e+00
3.5048e-05
0.0000e+00
3.6955e-05
0.0000e+00
3.5048e-05
0.0000e+00
3.6001e-05
0.0000e+00
3.6955e-05
0.0000e+00
3.6955e-05
0.0000e+00
3.6001e-05
0.0000e+00
3.6001e-05
0.0000e+00
3.6001e-05
0.0000e+00
3.6955e-05
0.0000e+00
4.7922e-05
0.0000e+00
3.6001e-05
0.0000e+00
3.7909e-05
0.0000e+00
3.6001e-05
0.0000e+00
3.6001e-05
0.0000e+00
3.6955e-05
0.0000e+00
3.6001e-05
0.0000e+00
4.0054e-05
0.0000e+00
4.7922e-05
0.0000e+00
3.6955e-05
0.0000e+00
3.6001e-05
0.0000e+00
3.6955e-05
9.5367e-07
3.6001e-05
0.0000e+00
3.7193e-05
0.0000e+00
3.6955e-05
0.0000e+00
3.6955e-05
0.0000e+00
3.6955e-05
0.0000e+00
3.5048e-05
0.0000e+00
3.6955e-05
0.0000e+00
3.7193e-05
0.0000e+00
3.6955e-05
9.5367e-07
3.6955e-05
0.0000e+00
3.7193e-05
0.0000e+00
4.6968e-05
0.0000e+00
3.5048e-05
0.0000e+00
3.7909e-05
0.0000e+00
3.6001e-05
0.0000e+00
3.6955e-05
0.0000e+00
3.6001e-05
0.0000e+00
3.6001e-05
0.0000e+00
3.6955e-05
0.0000e+00
3.6001e-05
0.0000e+00
3.6001e-05
0.0000e+00
3.6001e-05
0.0000e+00
3.6001e-05
0.0000e+00
3.6001e-05
0.0000e+00
3.6001e-05
0.0000e+00
3.6955e-05
0.0000e+00
4.5061e-05
0.0000e+00
3.6955e-05
0.0000e+00
3.6001e-05
0.0000e+00
3.6955e-05
0.0000e+00
3.6001e-05
0.0000e+00
3.6955e-05
0.0000e+00
3.4809e-05
0.0000e+00
3.6001e-05
0.0000e+00
4.6968e-05
0.0000e+00
3.6001e-05
0.0000e+00
4.0054e-05
0.0000e+00
3.6001e-05
9.5367e-07
3.6001e-05
0.0000e+00
3.6955e-05
1.1921e-06
3.7909e-05
0.0000e+00
3.6955e-05
1.1921e-06
3.6001e-05
0.0000e+00
3.4809e-05
0.0000e+00
3.8862e-05
0.0000e+00
3.7193e-05
0.0000e+00
3.6955e-05
0.0000e+00
3.6001e-05
0.0000e+00
3.6955e-05
0.0000e+00
4.6015e-05
0.0000e+00
3.6001e-05
0.0000e+00
3.6955e-05
0.0000e+00
3.6955e-05
0.0000e+00
3.8147e-05
0.0000e+00
3.6001e-05
0.0000e+00
3.8147e-05
0.0000e+00
3.9816e-05
0.0000e+00
3.6955e-05
0.0000e+00
3.6001e-05
0.0000e+00
3.6955e-05
0.0000e+00
3.6001e-05
0.0000e+00
3.6955e-05
0.0000e+00
3.6001e-05
0.0000e+00
3.7193e-05
0.0000e+00
4.5061e-05
0.0000e+00
3.6955e-05
0.0000e+00
3.5048e-05
0.0000e+00
3.7193e-05
0.0000e+00
3.6955e-05
0.0000e+00
3.6955e-05
0.0000e+00
3.6001e-05
0.0000e+00
3.6001e-05
0.0000e+00
4.6968e-05
0.0000e+00
3.6001e-05
0.0000e+00
3.8147e-05
0.0000e+00
3.6955e-05
0.0000e+00
4.0054e-05
0.0000e+00
3.6955e-05
0.0000e+00
3.6001e-05
0.0000e+00
4.5061e-05
0.0000e+00
3.6955e-05
0.0000e+00
3.4809e-05
0.0000e+00
3.6955e-05
0.0000e+00
3.6955e-05
0.0000e+00
3.8147e-05
0.0000e+00
3.6955e-05
0.0000e+00
3.6001e-05
0.0000e+00
4.7922e-05
0.0000e+00
3.6001e-05
0.0000e+00
3.6955e-05
0.0000e+00
3.7193e-05
0.0000e+00
3.6955e-05
0.0000e+00
3.6955e-05
0.0000e+00
3.6001e-05
0.0000e+00
4.7922e-05
0.0000e+00
3.6955e-05
0.0000e+00
3.5048e-05
0.0000e+00
4.0054e-05
0.0000e+00
3.6955e-05
1.1921e-06
3.6001e-05
0.0000e+00
3.6001e-05
0.0000e+00
3.6001e-05
0.0000e+00
4.5776e-05
0.0000e+00
3.6001e-05
0.0000e+00
3.6001e-05
0.0000e+00
3.7909e-05
0.0000e+00
3.6955e-05
0.0000e+00
3.6955e-05
0.0000e+00
3.6955e-05
0.0000e+00
3.6955e-05
0.0000e+00
3.6001e-05
0.0000e+00
3.6001e-05
0.0000e+00
3.5048e-05
0.0000e+00
3.6955e-05
0.0000e+00
3.6001e-05
0.0000e+00
3.6001e-05
0.0000e+00
3.6001e-05
1.1921e-06
5.1975e-05
0.0000e+00
3.7909e-05
9.5367e-07
3.8147e-05
0.0000e+00
3.7909e-05
0.0000e+00
3.6001e-05
0.0000e+00
3.6955e-05
0.0000e+00
3.6001e-05
0.0000e+00
3.6955e-05
0.0000e+00
3.6955e-05
0.0000e+00
3.6001e-05
1.1921e-06
3.6001e-05
0.0000e+00
3.7909e-05
0.0000e+00
3.7193e-05
0.0000e+00
3.6001e-05
0.0000e+00
3.6001e-05
0.0000e+00
4.6968e-05
0.0000e+00
3.6001e-05
0.0000e+00
3.6955e-05
0.0000e+00
3.5048e-05
0.0000e+00
3.7909e-05
0.0000e+00
4.0054e-05
9.5367e-07
3.8147e-05
0.0000e+00
3.7909e-05
0.0000e+00
4.9114e-05
0.0000e+00
3.6001e-05
0.0000e+00
3.6001e-05
0.0000e+00
3.6001e-05
0.0000e+00
3.6001e-05
0.0000e+00
3.7193e-05
0.0000e+00
3.6955e-05
0.0000e+00
3.7193e-05
0.0000e+00
3.7193e-05
0.0000e+00
3.6955e-05
0.0000e+00
3.6955e-05
0.0000e+00
3.6955e-05
9.5367e-07
3.6955e-05
0.0000e+00
3.6001e-05
0.0000e+00
3.6001e-05
0.0000e+00
5.0068e-05
0.0000e+00
3.6955e-05
0.0000e+00
3.6001e-05
0.0000e+00
3.6955e-05
9.5367e-07
3.7193e-05
0.0000e+00
3.6955e-05
0.0000e+00
3.6955e-05
0.0000e+00
3.6001e-05
0.0000e+00
3.6001e-05
0.0000e+00
3.6955e-05
0.0000e+00
3.6001e-05
0.0000e+00
3.7909e-05
0.0000e+00
3.6955e-05
0.0000e+00
3.6955e-05
0.0000e+00
3.6955e-05
9.5367e-07
4.6968e-05
0.0000e+00
3.6001e-05
0.0000e+00
3.6001e-05
0.0000e+00
3.6955e-05
0.0000e+00
3.6001e-05
0.0000e+00
3.6001e-05
0.0000e+00
3.6001e-05
0.0000e+00
3.6001e-05
0.0000e+00
5.3167e-05
0.0000e+00
3.6001e-05
0.0000e+00
3.6001e-05
0.0000e+00
3.8147e-05
0.0000e+00
3.6001e-05
0.0000e+00
3.6001e-05
0.0000e+00
3.6955e-05
0.0000e+00
3.6955e-05
9.5367e-07
3.6955e-05
0.0000e+00
3.6955e-05
0.0000e+00
3.6955e-05
0.0000e+00
3.6955e-05
0.0000e+00
3.6001e-05
0.0000e+00
3.6001e-05
0.0000e+00
3.6001e-05
0.0000e+00
5.2214e-05
1.1921e-06
3.6955e-05
0.0000e+00
3.6001e-05
0.0000e+00
3.6955e-05
0.0000e+00
3.6001e-05
0.0000e+00
3.8862e-05
0.0000e+00
3.7193e-05
0.0000e+00
3.6955e-05
0.0000e+00
4.6968e-05
0.0000e+00
3.6001e-05
0.0000e+00
3.6001e-05
0.0000e+00
3.7193e-05
0.0000e+00
3.6001e-05
0.0000e+00
3.6001e-05
0.0000e+00
3.6001e-05
0.0000e+00
3.6001e-05
1.1921e-06
3.6955e-05
0.0000e+00
3.6001e-05
0.0000e+00
3.6001e-05
0.0000e+00
3.6001e-05
0.0000e+00
3.5048e-05
0.0000e+00
3.6001e-05
0.0000e+00
3.7909e-05
0.0000e+00
4.6015e-05
0.0000e+00
3.5048e-05
0.0000e+00
3.5048e-05
0.0000e+00
4.2915e-05
0.0000e+00
3.8147e-05
0.0000e+00
3.6955e-05
0.0000e+00
3.6955e-05
0.0000e+00
3.6001e-05
0.0000e+00
3.6955e-05
0.0000e+00
3.6001e-05
0.0000e+00
3.6001e-05
0.0000e+00
3.6955e-05
0.0000e+00
3.6955e-05
0.0000e+00
3.6001e-05
0.0000e+00
3.5048e-05
0.0000e+00
4.6968e-05
0.0000e+00
3.7193e-05
0.0000e+00
3.6955e-05
0.0000e+00
3.6001e-05
0.0000e+00
3.6001e-05
0.0000e+00
3.6001e-05
9.5367e-07
3.6001e-05
0.0000e+00
3.7193e-05
0.0000e+00
5.2929e-05
0.0000e+00
3.6955e-05
0.0000e+00
3.6001e-05
0.0000e+00
3.6001e-05
0.0000e+00
3.6955e-05
0.0000e+00
3.7193e-05
0.0000e+00
3.6001e-05
9.5367e-07
3.6955e-05
0.0000e+00
3.6955e-05
0.0000e+00
3.6955e-05
0.0000e+00
3.7193e-05
0.0000e+00
3.6001e-05
0.0000e+00
3.6001e-05
0.0000e+00
3.6955e-05
0.0000e+00
3.6001e-05
0.0000e+00
4.6015e-05
0.0000e+00
3.7193e-05
0.0000e+00
3.6001e-05
0.0000e+00
3.6001e-05
0.0000e+00
3.6001e-05
0.0000e+00
3.6001e-05
0.0000e+00
3.6001e-05
0.0000e+00
3.6955e-05
0.0000e+00
3.7193e-05
1.1921e-06
3.6001e-05
0.0000e+00
3.6001e-05
0.0000e+00
3.6001e-05
0.0000e+00
3.6001e-05
9.5367e-07
3.7193e-05
0.0000e+00
3.6001e-05
0.0000e+00
4.6015e-05
0.0000e+00
3.6001e-05
0.0000e+00
3.6955e-05
9.5367e-07
3.7193e-05
0.0000e+00
3.5048e-05
0.0000e+00
3.6001e-05
0.0000e+00
3.6001e-05
0.0000e+00
3.6001e-05
0.0000e+00
3.7909e-05
0.0000e+00
3.6955e-05
0.0000e+00
3.7193e-05
0.0000e+00
3.9816e-05
0.0000e+00
3.6001e-05
0.0000e+00
3.6001e-05
0.0000e+00
3.6955e-05
0.0000e+00
4.5061e-05
5.2873e-02
