2.5980e-03
4.3869e-05
5.5790e-05
1.7744e-02
2.6941e-05
1.3113e-05
2.2888e-05
1.8096e-04
2.1935e-05
3.0994e-06
2.1935e-05
2.1458e-06
2.5034e-05
6.9079e-03
0.0000e+00
3.0994e-06
2.5034e-05
1.3399e-04
9.5367e-07
0.0000e+00
2.4080e-05
9.5367e-07
2.3127e-05
0.0000e+00
2.1935e-05
4.0531e-06
0.0000e+00
2.1458e-06
2.3127e-05
1.9073e-06
2.1935e-05
1.0967e-05
2.3127e-05
1.9073e-06
3.0994e-05
9.5367e-07
2.2888e-05
9.5367e-07
2.1935e-05
9.8896e-04
2.2888e-05
3.0994e-06
2.1935e-05
1.1921e-06
2.2888e-05
9.5367e-07
2.1219e-05
5.4836e-05
2.3127e-05
1.1921e-06
2.2888e-05
6.5207e-04
2.2888e-05
1.9073e-06
2.1935e-05
1.1921e-06
2.1935e-05
9.5367e-07
2.1935e-05
1.1921e-06
2.0981e-05
9.5367e-07
2.2173e-05
3.4904e-04
2.2173e-05
9.5367e-07
2.2173e-05
9.5367e-07
2.1935e-05
1.1396e-04
2.1935e-05
2.8706e-04
2.0981e-05
1.1921e-06
2.1935e-05
8.7976e-05
2.2888e-05
2.1815e-04
2.1935e-05
2.1458e-06
2.9802e-05
2.1458e-06
2.2888e-05
9.5367e-07
2.2173e-05
2.8610e-06
2.1935e-05
5.1093e-04
2.3127e-05
2.8610e-06
2.2173e-05
1.0991e-04
2.0981e-05
1.6379e-04
0.0000e+00
9.5367e-07
3.1948e-05
1.9312e-04
0.0000e+00
0.0000e+00
2.3127e-05
9.5367e-07
2.1935e-05
1.9503e-04
2.2173e-05
2.4390e-04
0.0000e+00
1.1921e-06
2.1935e-05
3.0994e-06
9.5367e-07
9.5367e-07
2.1935e-05
9.5367e-07
3.0994e-05
9.5367e-07
2.2888e-05
5.4097e-04
2.1935e-05
9.5367e-07
2.1935e-05
9.0599e-06
2.2173e-05
1.9073e-06
2.1935e-05
5.4717e-04
0.0000e+00
0.0000e+00
2.3127e-05
9.5367e-07
3.2902e-05
1.1921e-06
2.2888e-05
5.9605e-06
2.5034e-05
6.1989e-06
0.0000e+00
9.5367e-07
2.1935e-05
7.4577e-04
1.1921e-06
2.8610e-06
0.0000e+00
1.1921e-06
2.2888e-05
9.5367e-07
2.1935e-05
3.8481e-04
9.5367e-07
1.9073e-06
0.0000e+00
9.5367e-07
2.3127e-05
9.5367e-07
2.1935e-05
1.1921e-06
2.1935e-05
0.0000e+00
2.0981e-05
3.0994e-06
2.1935e-05
1.0014e-05
2.2173e-05
2.8610e-06
2.2173e-05
3.6192e-04
0.0000e+00
9.5367e-07
2.3127e-05
9.5367e-07
2.1935e-05
9.5367e-07
2.2173e-05
7.8702e-04
2.2888e-05
9.5367e-07
2.2173e-05
2.9802e-05
2.2173e-05
5.0068e-06
2.0981e-05
3.7694e-04
3.1948e-05
9.5367e-07
2.3127e-05
9.5367e-07
2.1935e-05
0.0000e+00
2.1219e-05
9.5367e-07
2.1935e-05
2.1458e-06
2.1935e-05
9.0599e-06
2.1935e-05
3.4213e-04
2.1935e-05
3.4690e-04
2.3127e-05
9.5367e-07
2.1935e-05
9.2030e-05
1.1921e-06
1.9073e-06
0.0000e+00
5.0068e-06
2.2173e-05
7.8917e-05
2.1935e-05
9.5367e-07
2.0981e-05
9.5367e-07
2.1935e-05
8.8930e-05
2.7180e-05
9.5367e-07
2.3127e-05
7.3910e-05
2.2173e-05
5.6982e-05
2.1935e-05
3.6001e-04
2.1935e-05
9.5367e-07
2.1935e-05
7.2193e-04
2.2173e-05
9.2983e-05
2.0981e-05
1.0967e-05
3.4809e-05
9.5367e-07
2.1935e-05
9.5367e-07
2.2173e-05
3.9983e-04
0.0000e+00
0.0000e+00
2.1935e-05
2.1458e-06
9.5367e-07
0.0000e+00
2.1935e-05
3.0494e-04
0.0000e+00
2.0981e-05
0.0000e+00
2.8849e-05
2.2173e-05
2.1458e-06
2.3842e-05
9.5367e-07
2.2173e-05
9.5367e-07
2.0981e-05
3.4118e-04
2.0981e-05
9.5367e-07
2.2173e-05
0.0000e+00
2.0981e-05
0.0000e+00
2.0981e-05
5.6911e-04
3.0041e-05
9.5367e-07
2.2173e-05
9.5367e-07
2.0981e-05
6.7949e-05
2.2173e-05
0.0000e+00
2.0981e-05
5.0068e-06
0.0000e+00
5.8985e-04
0.0000e+00
0.0000e+00
2.1935e-05
0.0000e+00
2.1219e-05
0.0000e+00
2.1935e-05
0.0000e+00
2.0981e-05
2.8491e-04
2.1935e-05
1.0967e-05
2.2173e-05
1.9073e-06
2.0981e-05
9.5367e-07
2.2173e-05
6.8593e-04
2.1935e-05
1.1921e-06
3.0994e-05
1.9073e-06
2.1935e-05
5.9605e-06
0.0000e+00
1.1921e-06
2.1935e-05
1.8597e-04
2.2173e-05
3.8147e-06
2.2173e-05
1.2875e-05
2.1219e-05
1.9073e-06
2.1935e-05
2.9802e-04
3.0041e-05
2.1458e-06
2.2888e-05
4.4513e-04
2.1935e-05
9.5367e-07
2.1935e-05
9.0599e-06
2.2173e-05
8.6784e-05
2.2173e-05
3.8004e-04
2.1935e-05
1.1921e-06
2.1935e-05
5.1975e-05
7.1526e-06
9.5367e-07
2.3127e-05
9.5367e-07
2.0981e-05
4.8208e-04
2.1935e-05
1.9073e-06
2.1219e-05
1.0014e-05
2.1935e-05
1.9073e-06
2.2173e-05
2.2817e-04
0.0000e+00
2.0027e-05
2.3127e-05
9.5367e-07
2.3127e-05
9.3937e-05
2.1935e-05
3.2902e-04
0.0000e+00
0.0000e+00
2.1935e-05
3.0994e-06
0.0000e+00
2.0194e-04
0.0000e+00
0.0000e+00
2.1935e-05
2.6798e-04
2.1935e-05
2.1458e-06
2.0981e-05
2.4199e-04
2.1935e-05
2.3699e-04
0.0000e+00
0.0000e+00
2.2173e-05
0.0000e+00
2.0981e-05
0.0000e+00
2.1935e-05
1.1921e-06
2.5988e-05
2.8610e-06
0.0000e+00
2.8610e-06
2.2173e-05
6.4087e-04
3.0994e-05
1.0014e-05
2.1935e-05
9.4891e-05
2.2173e-05
9.5367e-07
2.0981e-05
3.1495e-04
0.0000e+00
9.5367e-07
2.2888e-05
9.5367e-07
2.2173e-05
2.3103e-04
0.0000e+00
2.0981e-05
2.1935e-05
1.9073e-06
2.3127e-05
9.5367e-07
2.1935e-05
3.9101e-04
2.2173e-05
9.6798e-05
2.2173e-05
5.9605e-06
9.5367e-07
1.6928e-05
2.1935e-05
9.0599e-06
2.2888e-05
9.5367e-07
2.2173e-05
2.9397e-04
2.2888e-05
3.8195e-04
0.0000e+00
9.5367e-07
2.2888e-05
9.5367e-07
2.2173e-05
9.5367e-07
2.1935e-05
9.5367e-07
2.1219e-05
7.1526e-06
2.1935e-05
9.0599e-06
2.1935e-05
1.9073e-06
2.2888e-05
2.1458e-06
0.0000e+00
2.0981e-05
2.2888e-05
5.4097e-04
9.5367e-07
9.5367e-07
2.1935e-05
5.4002e-04
2.1935e-05
9.5367e-07
2.0981e-05
1.1921e-06
2.0981e-05
3.8886e-04
5.6982e-05
4.0531e-06
5.6982e-05
9.0599e-06
5.3883e-05
1.0967e-05
9.5367e-07
9.5367e-07
5.6982e-05
1.9073e-06
5.4121e-05
1.9073e-06
5.4121e-05
2.1458e-06
5.4121e-05
9.5367e-07
5.3883e-05
3.0994e-06
5.6028e-05
5.9605e-06
5.5075e-05
2.1458e-06
5.5075e-05
2.0027e-05
0.0000e+00
9.5367e-07
5.4836e-05
5.2309e-04
9.5367e-07
5.1022e-05
5.7936e-05
9.2983e-05
5.4121e-05
2.8610e-06
7.5102e-05
1.0991e-04
5.5075e-05
1.1086e-04
9.5367e-07
2.1458e-06
5.5075e-05
8.8215e-06
9.5367e-07
5.3883e-05
5.5075e-05
7.8678e-06
5.4121e-05
2.8396e-04
9.5367e-07
9.5367e-07
5.5075e-05
9.5367e-07
7.7963e-05
1.9073e-06
5.6028e-05
9.5367e-07
6.1989e-05
1.2302e-04
5.4121e-05
6.1989e-06
5.3883e-05
3.2902e-05
5.4836e-05
5.0068e-06
5.2929e-05
2.0981e-05
5.4121e-05
2.8610e-06
5.6982e-05
1.9073e-06
5.2929e-05
1.0014e-05
9.5367e-07
5.2929e-05
5.5075e-05
6.9141e-06
5.5075e-05
3.6883e-04
5.4836e-05
2.1458e-06
5.3883e-05
3.8147e-06
5.3883e-05
6.9141e-06
5.7936e-05
1.9073e-06
5.4121e-05
3.0112e-04
5.6982e-05
6.6996e-05
0.0000e+00
5.2929e-05
5.5075e-05
2.1458e-06
5.2929e-05
1.9073e-06
5.4121e-05
1.9073e-06
5.4121e-05
2.1458e-06
7.3910e-05
4.0531e-06
5.3883e-05
1.4305e-04
9.5367e-07
3.7909e-05
1.1921e-06
1.5974e-05
5.6982e-05
3.0994e-06
6.1989e-05
2.8610e-06
5.3167e-05
2.1458e-06
5.2929e-05
1.9073e-06
5.3883e-05
5.7602e-04
9.5367e-07
9.0599e-06
5.7936e-05
2.5988e-05
0.0000e+00
3.0994e-06
6.1989e-05
2.2388e-04
9.5367e-07
5.1975e-05
5.5075e-05
5.0068e-06
9.5367e-07
1.9073e-06
5.4836e-05
1.7500e-04
9.5367e-07
6.9857e-05
5.4121e-05
3.0994e-06
5.6982e-05
1.0967e-05
6.1035e-05
2.1458e-06
5.5075e-05
2.1458e-06
5.3883e-05
1.9073e-06
5.4121e-05
2.1458e-06
5.4121e-05
3.5501e-04
0.0000e+00
9.5367e-07
5.6028e-05
2.2101e-04
6.3896e-05
4.9829e-05
9.5367e-07
9.5367e-07
5.4121e-05
1.4067e-05
5.3167e-05
5.9605e-06
5.2929e-05
8.7976e-05
5.3883e-05
2.1458e-06
5.3883e-05
2.6941e-05
5.3883e-05
2.8610e-06
5.6982e-05
1.8406e-04
6.1989e-05
1.6928e-05
5.3883e-05
5.0068e-06
5.3167e-05
2.1458e-06
5.3883e-05
1.9073e-06
5.2929e-05
1.9073e-06
5.4121e-05
2.1458e-06
7.3910e-05
5.6028e-05
5.4121e-05
1.1301e-04
5.5075e-05
1.5593e-04
6.1989e-05
1.9073e-06
5.3883e-05
5.0068e-06
5.4121e-05
4.0531e-06
5.3167e-05
1.9097e-04
1.1921e-06
5.3167e-05
7.3910e-05
2.8610e-06
5.4836e-05
1.9073e-06
5.2214e-05
2.1458e-06
5.2929e-05
1.9073e-06
5.3167e-05
1.2159e-05
5.2929e-05
1.9097e-04
9.5367e-07
5.0068e-05
5.5075e-05
1.2183e-04
7.0810e-05
9.0599e-06
0.0000e+00
3.1948e-05
5.8174e-05
2.1458e-06
5.2929e-05
5.9605e-06
5.4121e-05
1.9073e-06
5.4121e-05
5.7602e-04
5.5075e-05
5.9605e-06
5.5075e-05
1.9073e-06
5.4121e-05
2.8610e-06
5.6982e-05
6.9141e-06
5.6982e-05
1.0967e-05
9.5367e-07
9.5367e-07
5.5075e-05
1.9073e-06
5.4121e-05
2.1458e-06
6.0081e-05
3.0422e-04
5.4836e-05
5.0068e-06
5.3167e-05
3.8147e-06
5.7936e-05
2.6703e-04
1.1921e-06
9.5367e-07
5.5075e-05
2.1458e-06
6.1035e-05
2.3842e-05
5.4121e-05
2.1458e-06
5.5075e-05
2.1458e-06
5.2929e-05
1.9073e-06
5.3883e-05
1.2112e-04
5.6028e-05
2.1458e-06
5.3883e-05
2.1458e-06
5.3883e-05
1.9073e-06
5.4121e-05
4.1318e-04
5.4121e-05
5.9605e-06
5.3167e-05
2.1458e-06
5.3883e-05
2.9087e-05
9.5367e-07
2.5034e-05
5.9128e-05
2.1458e-06
5.2929e-05
9.5367e-07
5.3883e-05
1.0967e-05
9.5367e-07
6.9141e-06
5.6028e-05
3.8910e-04
9.5367e-07
9.5367e-07
5.6982e-05
1.6809e-04
9.5367e-07
9.5367e-07
5.4121e-05
1.9073e-06
7.6056e-05
1.2803e-04
9.5367e-07
9.5367e-07
5.5075e-05
1.9073e-06
5.5075e-05
2.1458e-06
5.3883e-05
3.0994e-06
5.4121e-05
7.1526e-06
9.5367e-07
2.0027e-05
5.5075e-05
9.5367e-07
5.4121e-05
1.8597e-04
5.7936e-05
3.0208e-04
5.5075e-05
1.0014e-05
5.2929e-05
4.1962e-05
5.5075e-05
9.6798e-05
5.3883e-05
4.6968e-05
5.4121e-05
2.0981e-05
5.4836e-05
3.0994e-06
7.6056e-05
8.8930e-05
5.4836e-05
1.5903e-04
0.0000e+00
1.9073e-06
5.3883e-05
9.5367e-07
6.1035e-05
2.8610e-06
5.4121e-05
1.0014e-05
9.5367e-07
1.9073e-06
5.5075e-05
1.9073e-06
5.5075e-05
2.8610e-06
5.7220e-05
1.9073e-06
5.3883e-05
4.2796e-04
5.3883e-05
1.0967e-05
6.1989e-05
1.5020e-05
5.4121e-05
5.9605e-06
5.3883e-05
1.4496e-04
5.3883e-05
1.8215e-04
0.0000e+00
1.1396e-04
9.5367e-07
2.1458e-06
5.7936e-05
3.0994e-06
5.2929e-05
1.9073e-06
5.4121e-05
2.1458e-06
6.1035e-05
2.8610e-06
5.4121e-05
2.1458e-06
5.5075e-05
2.1458e-06
5.4836e-05
2.8300e-04
7.4148e-05
5.6028e-05
5.5075e-05
1.9073e-06
5.2214e-05
2.1458e-06
5.3883e-05
1.9073e-06
5.2929e-05
6.9141e-06
9.5367e-07
3.0994e-05
5.4836e-05
5.9605e-06
9.5367e-07
2.8133e-05
5.5075e-05
4.1103e-04
5.7936e-05
7.8678e-06
1.1921e-06
4.8161e-05
5.4836e-05
2.1458e-06
5.3883e-05
2.4104e-04
5.4121e-05
1.9073e-06
5.2929e-05
1.9073e-06
5.4121e-05
2.1458e-06
5.3883e-05
2.1410e-04
0.0000e+00
1.2994e-04
1.1921e-06
1.1921e-06
5.6982e-05
1.5783e-04
5.4836e-05
1.9073e-06
5.2929e-05
7.8678e-06
0.0000e+00
4.9829e-05
5.4121e-05
1.5283e-04
9.5367e-07
9.5367e-07
5.5075e-05
3.0994e-06
5.4121e-05
2.8610e-06
5.6028e-05
6.9141e-06
9.5367e-07
2.6393e-04
1.1921e-06
1.9073e-06
5.6028e-05
1.9073e-06
5.4836e-05
2.4700e-04
5.4121e-05
2.1458e-06
5.3883e-05
7.8678e-06
5.2929e-05
1.9073e-06
7.6056e-05
2.8610e-06
5.4121e-05
6.1989e-06
5.5075e-05
9.0599e-06
0.0000e+00
4.2295e-04
0.0000e+00
2.1458e-06
5.6982e-05
5.1975e-05
5.5075e-05
7.3195e-05
9.5367e-07
4.0531e-06
0.0000e+00
5.3883e-05
5.4836e-05
2.8610e-06
5.6982e-05
1.9073e-06
5.2929e-05
9.5367e-07
6.0081e-05
1.9073e-06
5.4121e-05
2.1458e-06
5.2929e-05
3.5691e-04
5.5075e-05
1.6284e-04
9.5367e-07
9.5367e-07
5.5075e-05
2.8610e-06
5.5790e-05
5.9605e-06
6.0797e-05
1.9073e-06
5.2929e-05
2.3389e-04
5.3167e-05
3.0994e-06
5.4121e-05
3.0994e-06
5.3883e-05
2.1458e-06
5.4836e-05
1.9073e-05
5.2929e-05
3.0994e-06
5.6028e-05
1.9073e-06
5.4121e-05
6.1989e-06
5.3883e-05
3.8004e-04
5.5075e-05
2.1458e-06
5.3883e-05
1.9073e-06
5.2929e-05
8.5115e-05
0.0000e+00
9.5367e-07
5.3883e-05
3.0994e-06
5.6028e-05
2.1458e-06
5.2929e-05
1.9073e-06
5.2929e-05
2.5010e-04
0.0000e+00
2.1458e-06
5.6028e-05
2.0385e-04
9.5367e-07
9.5367e-07
5.3883e-05
9.5367e-07
5.3167e-05
9.5367e-07
7.2002e-05
1.4997e-04
9.5367e-07
1.9073e-06
5.9128e-05
9.5367e-07
6.5088e-05
2.1458e-06
5.3883e-05
1.9002e-04
9.5367e-07
5.0068e-06
1.1921e-06
4.6015e-05
5.6028e-05
3.7909e-05
5.5075e-05
3.8147e-06
5.3883e-05
3.0994e-06
5.6028e-05
1.9073e-06
5.4121e-05
5.5313e-04
5.5075e-05
5.0068e-06
5.4121e-05
9.9897e-05
5.4121e-05
1.9073e-06
5.5075e-05
1.9073e-06
5.2929e-05
1.9073e-06
7.2002e-05
3.0994e-06
5.2929e-05
1.1396e-04
5.5075e-05
2.2292e-04
5.5075e-05
1.9073e-06
5.5075e-05
1.9073e-06
5.4121e-05
7.8678e-06
9.5367e-07
4.9829e-05
5.6028e-05
1.4591e-04
7.0810e-05
4.0531e-06
6.2943e-05
1.3113e-05
9.5367e-07
2.8610e-06
5.5075e-05
1.9073e-06
5.5075e-05
2.1458e-06
5.5075e-05
5.9605e-06
5.2929e-05
5.9605e-06
5.4121e-05
1.5998e-04
5.4836e-05
2.7800e-04
9.5367e-07
1.4305e-04
1.1921e-06
2.1458e-06
5.7936e-05
1.9073e-06
5.5075e-05
1.9073e-06
5.4121e-05
1.1921e-06
5.4836e-05
3.3903e-04
0.0000e+00
9.5367e-07
5.5075e-05
9.5367e-07
5.5075e-05
7.8678e-06
0.0000e+00
1.0967e-05
6.3896e-05
1.8907e-04
0.0000e+00
9.5367e-07
5.5075e-05
2.1458e-06
5.2929e-05
1.3590e-04
5.5075e-05
3.8147e-06
5.3883e-05
2.3842e-05
5.2929e-05
1.6809e-04
8.2016e-05
3.8147e-06
5.3883e-05
1.9073e-06
5.4121e-05
1.3995e-04
9.5367e-07
4.6968e-05
5.3883e-05
1.9073e-06
5.3883e-05
1.9073e-06
5.3167e-05
2.5988e-05
5.4121e-05
6.1989e-06
7.1049e-05
3.3116e-04
9.5367e-07
5.0068e-06
9.5367e-07
4.0531e-06
5.7936e-05
2.8610e-06
5.4836e-05
1.0991e-04
5.3883e-05
1.9073e-06
5.3883e-05
2.5034e-05
5.3883e-05
2.7394e-04
5.2929e-05
2.5034e-05
5.8889e-05
4.3869e-05
5.3883e-05
6.9141e-06
5.4121e-05
1.0014e-05
1.1921e-06
5.0068e-05
5.5075e-05
2.2697e-04
9.5367e-07
9.5367e-07
5.6028e-05
9.5367e-07
5.3883e-05
2.8610e-06
5.3167e-05
2.9492e-04
9.5367e-07
1.0490e-04
0.0000e+00
9.5367e-07
5.7936e-05
2.1458e-06
5.4121e-05
1.0610e-04
5.3883e-05
1.9073e-06
5.2929e-05
1.9073e-06
5.4121e-05
2.1458e-06
5.3883e-05
1.9073e-06
7.2956e-05
2.8610e-06
6.3181e-05
1.2159e-05
0.0000e+00
1.5974e-05
5.5075e-05
2.1458e-06
5.5075e-05
2.1458e-06
5.3883e-05
1.9073e-06
5.2929e-05
2.3890e-04
5.5075e-05
2.3842e-05
7.0810e-05
3.6407e-04
5.6028e-05
5.9605e-06
1.1921e-06
2.6107e-04
0.0000e+00
1.9073e-06
5.6028e-05
9.5367e-07
5.3883e-05
1.0800e-04
5.5075e-05
9.0599e-06
5.3167e-05
2.3127e-05
6.0081e-05
3.0994e-06
5.6982e-05
1.9073e-06
5.5075e-05
2.8896e-04
9.5367e-07
5.1022e-05
5.4121e-05
7.7009e-05
5.3883e-05
1.9073e-06
5.3167e-05
1.3804e-04
6.0081e-05
3.0994e-06
5.2929e-05
1.9073e-06
7.2956e-05
8.2970e-05
9.5367e-07
5.5790e-05
5.6028e-05
2.1458e-06
5.4121e-05
1.6713e-04
9.5367e-07
1.9073e-06
5.4121e-05
9.5367e-07
5.3883e-05
1.9073e-06
5.2929e-05
7.8678e-06
5.2929e-05
3.1495e-04
1.1921e-06
9.5367e-07
5.7936e-05
5.0068e-05
5.2929e-05
7.8678e-06
5.4121e-05
4.0531e-06
5.3167e-05
3.0994e-06
5.4121e-05
1.5593e-04
5.2929e-05
1.7881e-05
5.4836e-05
3.0994e-06
5.6028e-05
2.1458e-06
5.3883e-05
9.9897e-05
5.3883e-05
2.9802e-05
0.0000e+00
5.1022e-05
5.5075e-05
1.3614e-04
5.5075e-05
2.1458e-06
5.4121e-05
9.0599e-06
5.3167e-05
7.8678e-06
6.3896e-05
1.3089e-04
5.4121e-05
5.9605e-06
5.5075e-05
2.0599e-04
9.5367e-07
9.5367e-07
5.5075e-05
2.1458e-06
5.3883e-05
1.9073e-06
5.3883e-05
6.9141e-06
5.4836e-05
5.9605e-06
7.1049e-05
2.8610e-06
5.6028e-05
1.1897e-04
5.5075e-05
4.7684e-06
5.3883e-05
2.1935e-05
5.4121e-05
7.1526e-06
5.3883e-05
1.5187e-04
5.4836e-05
1.9073e-06
5.4121e-05
2.8610e-06
5.6028e-05
1.9073e-06
5.3883e-05
1.9073e-06
5.4121e-05
2.1458e-06
6.1035e-05
3.0994e-06
5.3883e-05
6.3896e-05
5.4836e-05
1.9073e-06
5.4121e-05
6.1989e-06
9.5367e-07
3.4094e-05
5.7936e-05
1.5974e-05
5.5075e-05
3.8147e-06
5.2929e-05
6.0105e-04
5.6028e-05
4.8161e-05
5.3883e-05
4.0531e-06
5.4121e-05
2.1458e-06
5.3883e-05
1.1206e-04
0.0000e+00
1.9073e-06
7.5102e-05
2.8610e-06
5.5075e-05
1.9073e-06
5.4121e-05
2.1458e-06
5.2929e-05
1.9073e-06
6.1035e-05
1.1897e-04
9.5367e-07
7.7009e-05
9.5367e-07
5.2929e-05
5.5075e-05
4.9186e-04
5.2929e-05
3.0994e-06
6.2943e-05
1.9073e-06
5.4121e-05
8.7976e-05
9.5367e-07
5.2214e-05
5.3883e-05
2.8610e-06
5.4836e-05
3.3593e-04
0.0000e+00
1.1921e-06
5.4836e-05
9.5367e-07
5.3883e-05
9.5367e-07
8.3923e-05
4.0531e-06
5.6028e-05
7.8678e-06
5.3883e-05
1.3828e-05
0.0000e+00
2.1458e-06
5.5075e-05
3.0994e-06
5.4121e-05
5.0068e-06
5.5790e-05
1.2898e-04
5.4121e-05
2.7895e-05
9.5367e-07
3.6955e-05
5.8174e-05
4.9114e-04
9.5367e-07
6.9141e-06
0.0000e+00
1.1921e-06
5.4836e-05
2.1458e-06
5.2929e-05
1.9073e-06
5.3167e-05
2.1458e-06
5.3883e-05
1.9073e-06
5.2929e-05
1.2589e-04
5.4121e-05
2.8610e-06
5.6982e-05
4.0913e-04
9.5367e-07
5.9605e-06
9.5367e-07
1.1921e-06
5.6982e-05
1.9073e-06
5.4121e-05
1.2398e-04
5.4836e-05
7.1049e-05
0.0000e+00
4.4107e-05
5.6028e-05
2.1458e-06
5.9843e-05
1.3518e-04
9.5367e-07
1.9073e-06
5.7936e-05
2.1458e-06
5.6982e-05
1.9073e-06
5.4121e-05
2.1458e-06
5.3883e-05
2.6512e-04
0.0000e+00
9.5367e-07
5.5075e-05
1.1921e-06
5.2929e-05
5.9605e-06
7.5102e-05
2.8610e-06
5.5790e-05
2.5296e-04
5.5075e-05
2.4080e-05
5.4121e-05
1.9073e-06
5.2929e-05
2.4199e-04
0.0000e+00
9.5367e-07
5.4836e-05
1.9073e-06
5.2929e-05
2.1458e-06
7.7963e-05
1.9073e-06
5.5790e-05
3.0994e-06
5.4836e-05
1.6928e-05
9.5367e-07
4.9496e-04
9.5367e-07
5.0068e-06
9.5367e-07
9.5367e-07
5.6028e-05
5.0068e-06
9.5367e-07
1.5974e-05
5.4121e-05
3.0589e-04
0.0000e+00
1.1921e-06
5.5075e-05
1.9073e-06
5.5790e-05
1.9073e-06
5.3167e-05
9.0599e-06
0.0000e+00
3.2210e-04
9.5367e-07
9.5367e-07
5.9128e-05
9.5367e-07
5.8889e-05
2.3890e-04
9.5367e-07
1.0800e-04
9.5367e-07
9.5367e-07
5.6028e-05
7.7009e-05
9.5367e-07
5.9605e-06
9.5367e-07
7.8678e-06
5.7936e-05
9.0837e-05
5.5075e-05
1.4067e-05
9.5367e-07
5.1975e-05
5.5075e-05
1.9073e-06
5.5075e-05
2.6703e-04
5.7220e-05
3.0994e-06
5.4121e-05
2.6226e-05
6.9857e-05
3.0994e-06
5.6028e-05
9.1791e-05
5.6028e-05
8.1062e-06
5.4121e-05
4.0531e-06
6.1035e-05
7.8678e-06
1.1921e-06
2.2602e-04
9.5367e-07
1.1921e-06
5.6028e-05
1.1921e-06
5.3883e-05
1.9073e-06
7.4863e-05
5.9605e-06
5.5075e-05
2.7490e-04
5.6028e-05
3.4094e-04
1.1921e-06
2.1458e-06
5.5075e-05
2.1458e-06
5.5075e-05
1.9073e-06
5.3883e-05
1.9073e-06
5.4121e-05
2.1458e-06
7.3910e-05
2.8610e-06
5.3883e-05
1.9073e-06
5.3883e-05
1.3089e-04
6.1989e-05
2.8610e-06
5.3883e-05
5.9605e-06
9.5367e-07
4.5061e-05
5.2929e-05
2.3127e-05
5.3883e-05
2.7990e-04
7.5102e-05
2.8610e-06
5.4836e-05
1.9073e-06
5.3883e-05
1.9073e-06
5.4121e-05
2.1720e-04
9.5367e-07
1.9073e-06
5.6028e-05
1.9073e-06
5.5075e-05
1.5903e-04
1.1921e-06
5.3167e-05
5.5075e-05
2.8610e-06
5.6982e-05
7.1526e-06
9.5367e-07
2.7895e-05
5.4121e-05
2.1458e-06
5.4121e-05
2.0003e-04
5.4836e-05
2.0027e-05
5.4121e-05
2.6941e-05
0.0000e+00
3.4094e-05
5.5075e-05
5.0068e-06
7.5817e-05
4.0531e-06
5.5075e-05
1.9073e-06
5.2929e-05
1.9073e-06
5.6028e-05
1.1301e-04
1.1921e-06
9.5367e-07
5.6028e-05
2.1458e-06
5.3883e-05
9.5367e-07
6.1035e-05
2.9302e-04
7.4148e-05
3.0994e-06
5.4121e-05
3.6216e-04
9.5367e-07
9.5367e-07
5.4121e-05
2.1458e-06
5.4121e-05
2.1458e-06
5.5075e-05
2.1458e-06
5.4121e-05
1.9073e-06
5.2929e-05
5.0068e-06
0.0000e+00
1.4067e-05
5.6982e-05
1.9073e-06
5.4836e-05
5.4097e-04
1.1921e-06
2.1458e-06
6.2943e-05
1.4091e-04
9.5367e-07
9.5367e-07
5.5075e-05
1.1921e-06
5.4836e-05
1.9073e-06
5.2929e-05
1.1921e-06
7.2002e-05
2.1458e-06
5.6982e-05
1.9073e-06
5.2214e-05
3.8314e-04
9.5367e-07
5.0068e-05
5.5075e-05
7.1526e-06
9.5367e-07
6.8903e-05
5.6982e-05
2.1458e-06
5.3883e-05
9.5367e-07
5.4836e-05
1.9073e-06
7.3910e-05
2.8610e-06
5.5075e-05
1.0014e-05
9.5367e-07
1.9073e-06
5.5075e-05
4.5395e-04
1.1921e-06
5.1975e-05
5.6028e-05
2.1458e-06
5.5075e-05
1.5020e-05
5.2929e-05
1.9073e-06
5.2929e-05
3.8147e-06
5.6028e-05
1.9073e-06
5.3883e-05
3.1996e-04
5.5075e-05
1.5402e-04
9.5367e-07
5.9605e-06
9.5367e-07
5.0068e-06
9.5367e-07
1.9073e-06
5.5075e-05
5.1022e-05
5.3883e-05
5.9605e-06
5.4121e-05
3.0994e-06
5.6028e-05
2.1458e-06
5.3883e-05
2.1458e-06
5.4836e-05
2.1458e-06
5.3883e-05
5.2094e-04
5.4836e-05
3.0994e-06
5.3883e-05
2.1935e-05
5.3883e-05
5.1975e-05
7.2956e-05
2.8610e-06
5.4836e-05
3.0994e-06
5.2929e-05
2.2197e-04
9.5367e-07
2.1458e-06
5.4836e-05
9.5367e-07
5.2929e-05
1.9073e-06
5.3167e-05
8.1062e-06
5.4121e-05
5.0068e-06
7.4148e-05
2.8610e-06
5.5075e-05
1.5998e-04
5.4121e-05
2.5034e-05
5.4121e-05
1.7166e-05
9.5367e-07
4.2915e-05
5.7220e-05
2.1458e-06
5.2929e-05
1.9073e-06
5.4121e-05
2.1458e-06
8.1062e-05
2.5010e-04
5.6982e-05
2.8396e-04
1.1921e-06
2.1458e-06
6.2943e-05
6.9141e-06
1.1921e-06
9.5367e-07
5.5790e-05
3.5048e-05
5.5075e-05
2.8610e-06
5.4121e-05
1.8382e-04
5.4121e-05
1.1921e-05
9.5367e-07
3.3140e-05
5.7936e-05
2.8610e-06
5.4836e-05
2.4199e-04
5.6028e-05
2.1935e-05
5.5075e-05
2.8610e-06
5.6028e-05
1.9073e-06
5.2929e-05
2.3389e-04
1.1921e-06
9.5367e-07
5.4836e-05
1.0014e-05
0.0000e+00
1.5616e-04
9.5367e-07
2.3007e-04
0.0000e+00
1.9073e-06
5.7936e-05
9.5367e-07
5.3883e-05
1.9073e-06
5.3167e-05
2.1458e-06
5.4121e-05
2.1458e-06
5.4836e-05
1.7095e-04
5.5075e-05
3.0994e-06
5.6982e-05
1.9073e-06
5.3167e-05
1.5974e-05
5.3883e-05
7.8678e-06
9.5367e-07
4.2915e-05
5.5075e-05
1.6689e-04
5.4121e-05
7.8201e-05
5.3883e-05
5.6982e-05
5.3167e-05
3.0994e-06
5.6028e-05
1.9097e-04
1.1921e-06
9.5367e-07
5.4836e-05
1.0967e-05
9.5367e-07
2.1458e-06
5.6028e-05
1.9073e-06
5.5075e-05
3.1805e-04
1.1921e-06
8.2016e-05
1.1921e-06
2.7180e-05
5.6028e-05
2.1458e-06
5.5075e-05
4.0531e-06
5.6982e-05
2.1458e-06
5.4121e-05
2.1458e-06
5.3883e-05
3.8004e-04
1.1921e-06
8.9169e-05
0.0000e+00
9.5367e-07
5.5075e-05
9.2030e-05
5.4121e-05
3.5048e-05
5.3883e-05
5.9605e-06
7.3910e-05
1.0967e-05
6.1989e-05
1.9073e-06
5.4836e-05
1.9073e-06
5.4121e-05
1.9073e-06
5.3167e-05
1.9073e-06
5.2929e-05
6.2943e-05
5.4121e-05
2.6941e-05
5.3883e-05
3.0994e-06
5.6982e-05
2.6798e-04
5.5075e-05
3.0994e-05
6.0797e-05
1.9073e-06
5.2929e-05
1.9073e-06
5.4121e-05
2.1458e-06
5.3883e-05
3.0494e-04
9.5367e-07
2.1458e-06
5.7936e-05
6.0081e-05
1.1921e-06
5.0068e-05
5.6982e-05
2.2006e-04
9.5367e-07
1.9073e-06
5.5790e-05
8.1062e-06
5.2929e-05
5.0068e-06
5.2929e-05
3.0994e-06
5.2929e-05
2.3842e-05
5.3883e-05
5.9605e-06
7.2956e-05
4.0531e-06
5.3883e-05
3.8409e-04
0.0000e+00
1.9073e-06
5.4836e-05
1.9693e-04
0.0000e+00
1.1921e-06
5.4836e-05
1.9073e-06
5.2929e-05
9.5367e-07
5.2929e-05
1.9073e-06
5.2929e-05
1.9073e-06
5.7220e-05
2.5797e-04
9.5367e-07
1.4091e-04
9.5367e-07
9.5367e-07
5.6982e-05
2.1458e-06
5.3883e-05
1.5020e-05
5.5075e-05
6.9141e-06
5.3883e-05
3.8147e-06
5.3883e-05
2.8610e-06
5.3883e-05
5.8889e-05
5.6982e-05
2.2697e-04
5.5075e-05
1.6928e-05
5.4121e-05
2.1458e-06
5.3883e-05
2.0409e-04
9.5367e-07
1.9073e-06
5.4836e-05
5.6982e-05
5.5075e-05
2.1458e-06
5.2929e-05
9.1791e-05
5.6982e-05
9.0599e-06
5.4121e-05
2.6941e-05
5.4836e-05
1.4067e-05
5.3883e-05
1.8907e-04
5.5075e-05
4.0531e-06
5.4121e-05
6.9141e-06
9.5367e-07
4.7922e-05
5.4836e-05
2.0981e-05
9.5367e-07
2.0027e-05
5.6982e-05
1.4496e-04
5.5075e-05
2.5988e-05
5.5075e-05
1.0419e-04
9.5367e-07
6.3896e-05
1.1921e-06
5.0068e-05
5.6028e-05
2.8610e-06
5.3167e-05
2.2697e-04
5.4836e-05
4.0531e-06
5.6028e-05
1.9073e-06
5.4836e-05
1.1921e-05
6.1035e-05
4.6015e-05
5.4121e-05
6.1989e-06
9.5367e-07
7.3910e-05
0.0000e+00
9.5367e-07
5.3883e-05
1.9073e-06
5.3883e-05
1.9073e-06
7.0095e-05
2.8610e-06
5.6028e-05
1.9073e-06
5.3883e-05
3.7193e-04
5.6028e-05
1.9073e-06
5.4121e-05
1.9073e-06
5.4121e-05
3.9291e-04
9.5367e-07
9.5367e-07
5.3883e-05
9.5367e-07
7.2956e-05
1.4759e-01
