6.6490e-03
0.0000e+00
1.0014e-04
0.0000e+00
7.2002e-05
0.0000e+00
5.6028e-05
0.0000e+00
5.2929e-05
0.0000e+00
5.2929e-05
0.0000e+00
5.2929e-05
0.0000e+00
5.1975e-05
0.0000e+00
8.7976e-05
0.0000e+00
5.5075e-05
0.0000e+00
5.2929e-05
0.0000e+00
5.2929e-05
0.0000e+00
5.3167e-05
0.0000e+00
5.3883e-05
0.0000e+00
5.1975e-05
0.0000e+00
5.2929e-05
0.0000e+00
5.7936e-05
0.0000e+00
5.4121e-05
0.0000e+00
5.1975e-05
0.0000e+00
5.2929e-05
0.0000e+00
5.4121e-05
0.0000e+00
5.3167e-05
9.5367e-07
5.1975e-05
0.0000e+00
7.8201e-05
0.0000e+00
5.3883e-05
0.0000e+00
5.1975e-05
0.0000e+00
5.3883e-05
0.0000e+00
5.4121e-05
0.0000e+00
5.4121e-05
0.0000e+00
5.9843e-05
0.0000e+00
5.5075e-05
0.0000e+00
5.6982e-05
0.0000e+00
5.3167e-05
0.0000e+00
5.4121e-05
0.0000e+00
5.2929e-05
0.0000e+00
5.2929e-05
0.0000e+00
5.2929e-05
9.5367e-07
5.2929e-05
0.0000e+00
6.6996e-05
0.0000e+00
5.6028e-05
0.0000e+00
5.1975e-05
0.0000e+00
5.2929e-05
0.0000e+00
5.1975e-05
0.0000e+00
5.1975e-05
0.0000e+00
5.4121e-05
0.0000e+00
5.1022e-05
1.1921e-06
7.3910e-05
0.0000e+00
5.3883e-05
0.0000e+00
5.2929e-05
0.0000e+00
5.2929e-05
0.0000e+00
5.1975e-05
9.5367e-07
5.4121e-05
0.0000e+00
5.3167e-05
0.0000e+00
5.3167e-05
0.0000e+00
5.6982e-05
0.0000e+00
5.1975e-05
9.5367e-07
5.1975e-05
0.0000e+00
5.2929e-05
0.0000e+00
6.1989e-05
0.0000e+00
5.1975e-05
0.0000e+00
5.2929e-05
0.0000e+00
7.2956e-05
0.0000e+00
5.3883e-05
0.0000e+00
5.3167e-05
0.0000e+00
5.1975e-05
0.0000e+00
5.1975e-05
9.5367e-07
5.1975e-05
0.0000e+00
5.1022e-05
1.1921e-06
5.1975e-05
0.0000e+00
5.6982e-05
0.0000e+00
5.2929e-05
0.0000e+00
8.2016e-05
0.0000e+00
5.6982e-05
0.0000e+00
5.2929e-05
9.5367e-07
5.2929e-05
0.0000e+00
5.2929e-05
0.0000e+00
7.6056e-05
0.0000e+00
5.3883e-05
0.0000e+00
5.1975e-05
0.0000e+00
5.4121e-05
0.0000e+00
5.2929e-05
0.0000e+00
5.1975e-05
0.0000e+00
5.2929e-05
0.0000e+00
5.1022e-05
0.0000e+00
5.5790e-05
0.0000e+00
6.3181e-05
0.0000e+00
5.1975e-05
1.1921e-06
5.2929e-05
0.0000e+00
5.1975e-05
0.0000e+00
5.2929e-05
1.1921e-06
5.1975e-05
0.0000e+00
6.7949e-05
0.0000e+00
5.6028e-05
0.0000e+00
5.2929e-05
0.0000e+00
5.3883e-05
9.5367e-07
5.3883e-05
0.0000e+00
5.1975e-05
9.5367e-07
5.3883e-05
0.0000e+00
5.3167e-05
0.0000e+00
6.9141e-05
0.0000e+00
5.5075e-05
0.0000e+00
5.3167e-05
9.5367e-07
5.3167e-05
0.0000e+00
5.1975e-05
0.0000e+00
5.1975e-05
0.0000e+00
5.1975e-05
0.0000e+00
5.3167e-05
0.0000e+00
5.6982e-05
0.0000e+00
5.2929e-05
0.0000e+00
5.2929e-05
0.0000e+00
5.2929e-05
1.1921e-06
5.2929e-05
0.0000e+00
5.1975e-05
0.0000e+00
7.3195e-05
0.0000e+00
7.6056e-05
0.0000e+00
5.3883e-05
0.0000e+00
5.2929e-05
9.5367e-07
5.1022e-05
1.1921e-06
5.2929e-05
0.0000e+00
5.1975e-05
0.0000e+00
5.1022e-05
0.0000e+00
5.1022e-05
0.0000e+00
5.5075e-05
0.0000e+00
5.2929e-05
9.5367e-07
5.1022e-05
0.0000e+00
5.1022e-05
0.0000e+00
5.1975e-05
0.0000e+00
5.1022e-05
9.5367e-07
6.6042e-05
0.0000e+00
5.4121e-05
9.5367e-07
5.6982e-05
0.0000e+00
5.2929e-05
0.0000e+00
5.1022e-05
0.0000e+00
5.2929e-05
0.0000e+00
5.1975e-05
0.0000e+00
5.1022e-05
0.0000e+00
5.5075e-05
0.0000e+00
6.8903e-05
0.0000e+00
5.2929e-05
0.0000e+00
5.1975e-05
0.0000e+00
5.2929e-05
0.0000e+00
5.1022e-05
9.5367e-07
6.1035e-05
0.0000e+00
5.1975e-05
0.0000e+00
5.1975e-05
9.5367e-07
5.6028e-05
1.1921e-06
5.3883e-05
0.0000e+00
5.1975e-05
0.0000e+00
5.1022e-05
0.0000e+00
5.2929e-05
1.1921e-06
5.1975e-05
0.0000e+00
5.0068e-05
0.0000e+00
6.6996e-05
0.0000e+00
5.6028e-05
0.0000e+00
5.1022e-05
0.0000e+00
5.1022e-05
0.0000e+00
5.1975e-05
0.0000e+00
5.2929e-05
0.0000e+00
5.1975e-05
0.0000e+00
5.2929e-05
0.0000e+00
8.1062e-05
0.0000e+00
5.2929e-05
0.0000e+00
5.1975e-05
0.0000e+00
5.1975e-05
0.0000e+00
5.0783e-05
0.0000e+00
5.1975e-05
0.0000e+00
5.1022e-05
0.0000e+00
5.1022e-05
0.0000e+00
5.4121e-05
9.5367e-07
5.0783e-05
0.0000e+00
5.1975e-05
0.0000e+00
6.0081e-05
0.0000e+00
5.1975e-05
0.0000e+00
5.1022e-05
0.0000e+00
5.1975e-05
0.0000e+00
7.0095e-05
0.0000e+00
5.5075e-05
0.0000e+00
5.1975e-05
1.1921e-06
5.1022e-05
0.0000e+00
5.4121e-05
0.0000e+00
5.1975e-05
0.0000e+00
5.2214e-05
0.0000e+00
5.1975e-05
0.0000e+00
7.0095e-05
0.0000e+00
5.3167e-05
0.0000e+00
6.0081e-05
0.0000e+00
5.2929e-05
0.0000e+00
5.6028e-05
0.0000e+00
5.3883e-05
0.0000e+00
5.1022e-05
0.0000e+00
5.1975e-05
0.0000e+00
5.6028e-05
0.0000e+00
5.1022e-05
0.0000e+00
5.1975e-05
9.5367e-07
5.2929e-05
1.1921e-06
5.2929e-05
0.0000e+00
5.1975e-05
9.5367e-07
5.3167e-05
0.0000e+00
6.4135e-05
0.0000e+00
6.2943e-05
0.0000e+00
5.3883e-05
0.0000e+00
5.1975e-05
0.0000e+00
5.1975e-05
0.0000e+00
5.1022e-05
0.0000e+00
5.3167e-05
0.0000e+00
5.3167e-05
0.0000e+00
7.6771e-05
0.0000e+00
5.4121e-05
0.0000e+00
5.3167e-05
0.0000e+00
5.4121e-05
0.0000e+00
5.1022e-05
0.0000e+00
5.1975e-05
0.0000e+00
5.1975e-05
0.0000e+00
5.1022e-05
0.0000e+00
6.4850e-05
9.5367e-07
5.2929e-05
0.0000e+00
5.1975e-05
0.0000e+00
5.1975e-05
9.5367e-07
5.1975e-05
0.0000e+00
5.1022e-05
0.0000e+00
5.1975e-05
0.0000e+00
7.2002e-05
9.5367e-07
5.2214e-05
0.0000e+00
5.2214e-05
0.0000e+00
5.2214e-05
0.0000e+00
5.1022e-05
0.0000e+00
5.3167e-05
0.0000e+00
5.1975e-05
9.5367e-07
6.1035e-05
0.0000e+00
5.6982e-05
9.5367e-07
5.4121e-05
0.0000e+00
5.1975e-05
0.0000e+00
5.1022e-05
0.0000e+00
5.1975e-05
0.0000e+00
5.1975e-05
0.0000e+00
5.2929e-05
0.0000e+00
6.6996e-05
0.0000e+00
5.6028e-05
0.0000e+00
5.3167e-05
0.0000e+00
5.2214e-05
0.0000e+00
5.1975e-05
0.0000e+00
5.1975e-05
0.0000e+00
5.8174e-05
1.1921e-06
5.3883e-05
0.0000e+00
7.1049e-05
0.0000e+00
5.3167e-05
0.0000e+00
5.3167e-05
0.0000e+00
5.2214e-05
0.0000e+00
5.1975e-05
0.0000e+00
5.1975e-05
0.0000e+00
5.1022e-05
0.0000e+00
5.2929e-05
9.5367e-07
5.6028e-05
0.0000e+00
5.2929e-05
0.0000e+00
5.1975e-05
0.0000e+00
5.1022e-05
0.0000e+00
5.1975e-05
0.0000e+00
5.9843e-05
0.0000e+00
5.1975e-05
0.0000e+00
7.2002e-05
9.5367e-07
5.2929e-05
0.0000e+00
5.2929e-05
0.0000e+00
5.1022e-05
0.0000e+00
5.2929e-05
0.0000e+00
5.1975e-05
0.0000e+00
5.1975e-05
0.0000e+00
5.3167e-05
0.0000e+00
5.6028e-05
0.0000e+00
5.1975e-05
0.0000e+00
5.3167e-05
0.0000e+00
5.2214e-05
9.5367e-07
6.1035e-05
0.0000e+00
5.1022e-05
0.0000e+00
5.1022e-05
0.0000e+00
7.0810e-05
9.5367e-07
5.2929e-05
0.0000e+00
5.4121e-05
1.1921e-06
5.1022e-05
0.0000e+00
5.3167e-05
0.0000e+00
5.2214e-05
0.0000e+00
5.1975e-05
0.0000e+00
5.3167e-05
0.0000e+00
5.6982e-05
0.0000e+00
5.3883e-05
0.0000e+00
5.1975e-05
0.0000e+00
5.2929e-05
0.0000e+00
5.3167e-05
0.0000e+00
5.2929e-05
0.0000e+00
5.1975e-05
0.0000e+00
7.3910e-05
0.0000e+00
5.2929e-05
0.0000e+00
5.3167e-05
9.5367e-07
5.2214e-05
0.0000e+00
5.4121e-05
0.0000e+00
5.3167e-05
0.0000e+00
5.1975e-05
1.1921e-06
5.1975e-05
0.0000e+00
5.5075e-05
0.0000e+00
5.1975e-05
0.0000e+00
5.2929e-05
0.0000e+00
5.4121e-05
0.0000e+00
5.1022e-05
0.0000e+00
5.3167e-05
0.0000e+00
5.1975e-05
0.0000e+00
7.2002e-05
0.0000e+00
5.6028e-05
0.0000e+00
5.3883e-05
0.0000e+00
5.4121e-05
9.5367e-07
5.1022e-05
0.0000e+00
5.3167e-05
0.0000e+00
5.3167e-05
0.0000e+00
5.1022e-05
0.0000e+00
7.2002e-05
0.0000e+00
5.4121e-05
0.0000e+00
6.1989e-05
0.0000e+00
5.1975e-05
9.5367e-07
5.3883e-05
9.5367e-07
5.2929e-05
0.0000e+00
5.3167e-05
0.0000e+00
5.2214e-05
0.0000e+00
5.4836e-05
0.0000e+00
5.3167e-05
9.5367e-07
5.3167e-05
0.0000e+00
7.2956e-05
0.0000e+00
5.4121e-05
0.0000e+00
5.1975e-05
0.0000e+00
5.1975e-05
0.0000e+00
1.3185e-04
0.0000e+00
9.8944e-05
0.0000e+00
1.3590e-04
0.0000e+00
6.8188e-05
0.0000e+00
7.0095e-05
0.0000e+00
5.7936e-05
0.0000e+00
7.0810e-05
0.0000e+00
6.0081e-05
0.0000e+00
7.4863e-05
0.0000e+00
5.1975e-05
9.5367e-07
5.2929e-05
0.0000e+00
6.1989e-05
0.0000e+00
5.2929e-05
0.0000e+00
5.1975e-05
0.0000e+00
5.1975e-05
0.0000e+00
7.2956e-05
0.0000e+00
5.2929e-05
0.0000e+00
5.1975e-05
0.0000e+00
5.1975e-05
0.0000e+00
5.2929e-05
0.0000e+00
5.1975e-05
0.0000e+00
5.1022e-05
0.0000e+00
5.1975e-05
0.0000e+00
5.6028e-05
0.0000e+00
5.4121e-05
0.0000e+00
6.1989e-05
9.5367e-07
5.2214e-05
0.0000e+00
5.2214e-05
0.0000e+00
5.3167e-05
0.0000e+00
5.1975e-05
0.0000e+00
7.1049e-05
0.0000e+00
5.3883e-05
0.0000e+00
5.1975e-05
0.0000e+00
5.3167e-05
0.0000e+00
5.1975e-05
0.0000e+00
5.3167e-05
0.0000e+00
5.1022e-05
0.0000e+00
5.3883e-05
0.0000e+00
5.6028e-05
0.0000e+00
6.4850e-05
0.0000e+00
5.1975e-05
0.0000e+00
5.1975e-05
0.0000e+00
5.1975e-05
0.0000e+00
5.1975e-05
0.0000e+00
5.3167e-05
0.0000e+00
6.8188e-05
0.0000e+00
5.7936e-05
0.0000e+00
5.4121e-05
0.0000e+00
5.1975e-05
0.0000e+00
5.1975e-05
0.0000e+00
5.3167e-05
0.0000e+00
5.3167e-05
0.0000e+00
5.2214e-05
9.5367e-07
8.4162e-05
0.0000e+00
5.4836e-05
9.5367e-07
5.2929e-05
0.0000e+00
5.4121e-05
0.0000e+00
5.3167e-05
0.0000e+00
5.1975e-05
0.0000e+00
5.1975e-05
0.0000e+00
7.0095e-05
0.0000e+00
5.6028e-05
0.0000e+00
5.2929e-05
0.0000e+00
5.2929e-05
0.0000e+00
5.1975e-05
0.0000e+00
5.2929e-05
0.0000e+00
5.3883e-05
0.0000e+00
5.1975e-05
0.0000e+00
7.2002e-05
0.0000e+00
5.2929e-05
0.0000e+00
5.2929e-05
0.0000e+00
5.2929e-05
0.0000e+00
5.3883e-05
9.5367e-07
5.2929e-05
0.0000e+00
5.2929e-05
0.0000e+00
6.6042e-05
0.0000e+00
5.6028e-05
0.0000e+00
5.2929e-05
0.0000e+00
5.3883e-05
0.0000e+00
5.3167e-05
0.0000e+00
5.2214e-05
0.0000e+00
5.1975e-05
0.0000e+00
8.0109e-05
9.5367e-07
5.6982e-05
0.0000e+00
5.4121e-05
0.0000e+00
5.3167e-05
0.0000e+00
5.1975e-05
0.0000e+00
5.1975e-05
0.0000e+00
5.1022e-05
0.0000e+00
5.0783e-05
0.0000e+00
5.1975e-05
9.5367e-07
5.6028e-05
0.0000e+00
5.2929e-05
0.0000e+00
5.2929e-05
0.0000e+00
5.1975e-05
0.0000e+00
5.1022e-05
1.1921e-06
5.3883e-05
0.0000e+00
5.1975e-05
0.0000e+00
7.2002e-05
0.0000e+00
5.2929e-05
0.0000e+00
5.3167e-05
0.0000e+00
5.4121e-05
0.0000e+00
5.2214e-05
0.0000e+00
5.1022e-05
0.0000e+00
5.2929e-05
0.0000e+00
5.1975e-05
0.0000e+00
5.5075e-05
0.0000e+00
5.2214e-05
0.0000e+00
5.1975e-05
0.0000e+00
5.3167e-05
0.0000e+00
6.0797e-05
0.0000e+00
5.2929e-05
0.0000e+00
5.2929e-05
9.5367e-07
7.0095e-05
1.1921e-06
5.5075e-05
0.0000e+00
5.3167e-05
9.5367e-07
5.2214e-05
0.0000e+00
5.2214e-05
9.5367e-07
5.1975e-05
0.0000e+00
5.1975e-05
9.5367e-07
5.2929e-05
0.0000e+00
6.9141e-05
0.0000e+00
5.5075e-05
0.0000e+00
5.1975e-05
0.0000e+00
6.1989e-05
0.0000e+00
5.3167e-05
0.0000e+00
5.3167e-05
0.0000e+00
5.1975e-05
0.0000e+00
5.1975e-05
0.0000e+00
5.6028e-05
0.0000e+00
5.3167e-05
0.0000e+00
5.4121e-05
0.0000e+00
5.1022e-05
0.0000e+00
5.1975e-05
0.0000e+00
5.1975e-05
0.0000e+00
5.2929e-05
0.0000e+00
6.7949e-05
0.0000e+00
5.4121e-05
0.0000e+00
6.1035e-05
0.0000e+00
5.2214e-05
0.0000e+00
5.3167e-05
0.0000e+00
5.1975e-05
0.0000e+00
5.0783e-05
0.0000e+00
5.1022e-05
0.0000e+00
5.6028e-05
0.0000e+00
5.2929e-05
9.5367e-07
5.2929e-05
0.0000e+00
5.2929e-05
0.0000e+00
5.1975e-05
0.0000e+00
5.1022e-05
0.0000e+00
5.1975e-05
0.0000e+00
6.7949e-05
1.1921e-06
5.3883e-05
0.0000e+00
5.5075e-05
0.0000e+00
5.2929e-05
9.5367e-07
5.3883e-05
0.0000e+00
5.2929e-05
0.0000e+00
5.1975e-05
0.0000e+00
5.1975e-05
9.5367e-07
5.6028e-05
0.0000e+00
5.2929e-05
0.0000e+00
5.2929e-05
0.0000e+00
5.1975e-05
0.0000e+00
5.1975e-05
0.0000e+00
5.3167e-05
0.0000e+00
5.2929e-05
0.0000e+00
6.8903e-05
0.0000e+00
5.3167e-05
0.0000e+00
5.2929e-05
0.0000e+00
5.1975e-05
0.0000e+00
5.1975e-05
9.5367e-07
5.1975e-05
0.0000e+00
5.1975e-05
0.0000e+00
5.1975e-05
0.0000e+00
5.6028e-05
0.0000e+00
5.2214e-05
0.0000e+00
5.1975e-05
0.0000e+00
5.1975e-05
0.0000e+00
5.1975e-05
0.0000e+00
5.1975e-05
0.0000e+00
5.2929e-05
1.1921e-06
7.9870e-05
0.0000e+00
5.2929e-05
0.0000e+00
5.1975e-05
9.5367e-07
5.2929e-05
0.0000e+00
5.1975e-05
0.0000e+00
5.1975e-05
0.0000e+00
5.1975e-05
0.0000e+00
5.2929e-05
0.0000e+00
5.6982e-05
9.5367e-07
5.4121e-05
0.0000e+00
5.3167e-05
0.0000e+00
5.3883e-05
0.0000e+00
5.2929e-05
0.0000e+00
5.1975e-05
1.1921e-06
6.0797e-05
0.0000e+00
7.1049e-05
0.0000e+00
5.5075e-05
0.0000e+00
5.1975e-05
0.0000e+00
5.2929e-05
0.0000e+00
5.1975e-05
0.0000e+00
5.1975e-05
0.0000e+00
5.1975e-05
0.0000e+00
5.3167e-05
9.5367e-07
6.7949e-05
0.0000e+00
5.1975e-05
0.0000e+00
5.2929e-05
0.0000e+00
5.1975e-05
0.0000e+00
5.1975e-05
0.0000e+00
5.1975e-05
0.0000e+00
5.4121e-05
0.0000e+00
5.1975e-05
0.0000e+00
5.6028e-05
0.0000e+00
5.2929e-05
0.0000e+00
5.2929e-05
0.0000e+00
5.1975e-05
0.0000e+00
5.2929e-05
0.0000e+00
5.1975e-05
0.0000e+00
5.1975e-05
0.0000e+00
6.7949e-05
0.0000e+00
5.5075e-05
0.0000e+00
5.1975e-05
0.0000e+00
5.1975e-05
0.0000e+00
5.2929e-05
0.0000e+00
6.1035e-05
0.0000e+00
5.2929e-05
0.0000e+00
5.2929e-05
0.0000e+00
5.6028e-05
0.0000e+00
5.1022e-05
0.0000e+00
5.0783e-05
9.5367e-07
5.3167e-05
0.0000e+00
5.1975e-05
0.0000e+00
5.5075e-05
0.0000e+00
5.1975e-05
0.0000e+00
6.6996e-05
0.0000e+00
5.6028e-05
0.0000e+00
5.3167e-05
0.0000e+00
5.1975e-05
0.0000e+00
6.1035e-05
0.0000e+00
5.2929e-05
0.0000e+00
5.1022e-05
0.0000e+00
5.1975e-05
1.1921e-06
6.9857e-05
0.0000e+00
5.2929e-05
0.0000e+00
5.3167e-05
0.0000e+00
5.1975e-05
0.0000e+00
5.1975e-05
0.0000e+00
5.1975e-05
0.0000e+00
5.1975e-05
0.0000e+00
6.5088e-05
0.0000e+00
5.4836e-05
0.0000e+00
5.3167e-05
0.0000e+00
6.1989e-05
0.0000e+00
5.4121e-05
0.0000e+00
5.3167e-05
0.0000e+00
5.2929e-05
0.0000e+00
5.2929e-05
0.0000e+00
7.2002e-05
0.0000e+00
5.2214e-05
0.0000e+00
5.3167e-05
0.0000e+00
5.1975e-05
0.0000e+00
5.1975e-05
0.0000e+00
5.1975e-05
0.0000e+00
5.1975e-05
0.0000e+00
6.5088e-05
9.5367e-07
5.5075e-05
9.5367e-07
6.1989e-05
0.0000e+00
5.3883e-05
0.0000e+00
5.2929e-05
0.0000e+00
5.1975e-05
0.0000e+00
5.1975e-05
0.0000e+00
5.1975e-05
0.0000e+00
7.4148e-05
0.0000e+00
5.3167e-05
0.0000e+00
5.3167e-05
0.0000e+00
5.1975e-05
0.0000e+00
4.9829e-05
0.0000e+00
5.1975e-05
0.0000e+00
5.1975e-05
0.0000e+00
7.2002e-05
0.0000e+00
5.6028e-05
0.0000e+00
5.4121e-05
0.0000e+00
5.2214e-05
0.0000e+00
5.3167e-05
0.0000e+00
5.3167e-05
0.0000e+00
5.3167e-05
9.5367e-07
5.1975e-05
0.0000e+00
5.7220e-05
0.0000e+00
5.3167e-05
0.0000e+00
5.3167e-05
0.0000e+00
5.3167e-05
0.0000e+00
5.1022e-05
0.0000e+00
5.2214e-05
0.0000e+00
5.1975e-05
0.0000e+00
6.4850e-05
0.0000e+00
6.4135e-05
0.0000e+00
5.4121e-05
0.0000e+00
5.3167e-05
0.0000e+00
6.0081e-05
0.0000e+00
5.7936e-05
0.0000e+00
5.8889e-05
0.0000e+00
5.3167e-05
0.0000e+00
5.6028e-05
0.0000e+00
5.2929e-05
0.0000e+00
5.1975e-05
0.0000e+00
5.1975e-05
0.0000e+00
5.2929e-05
0.0000e+00
5.1022e-05
0.0000e+00
5.1022e-05
0.0000e+00
8.2970e-05
0.0000e+00
5.5075e-05
0.0000e+00
5.2929e-05
0.0000e+00
5.1022e-05
9.5367e-07
5.1975e-05
0.0000e+00
5.1975e-05
0.0000e+00
5.1975e-05
0.0000e+00
5.1022e-05
0.0000e+00
5.6982e-05
0.0000e+00
5.1975e-05
0.0000e+00
5.2929e-05
0.0000e+00
5.4121e-05
0.0000e+00
5.2929e-05
0.0000e+00
5.2929e-05
0.0000e+00
6.1989e-05
0.0000e+00
6.7949e-05
0.0000e+00
5.6028e-05
0.0000e+00
5.3167e-05
0.0000e+00
5.3167e-05
0.0000e+00
5.1975e-05
9.5367e-07
5.1975e-05
0.0000e+00
5.3167e-05
0.0000e+00
5.1975e-05
0.0000e+00
6.7949e-05
0.0000e+00
5.3883e-05
9.5367e-07
5.2929e-05
0.0000e+00
5.2929e-05
0.0000e+00
5.1975e-05
0.0000e+00
6.1035e-05
9.5367e-07
5.2929e-05
0.0000e+00
5.1975e-05
0.0000e+00
5.6028e-05
0.0000e+00
5.1975e-05
0.0000e+00
5.0783e-05
0.0000e+00
5.1975e-05
0.0000e+00
5.3167e-05
0.0000e+00
5.2929e-05
0.0000e+00
5.1975e-05
0.0000e+00
6.6042e-05
0.0000e+00
5.6028e-05
0.0000e+00
5.2929e-05
0.0000e+00
5.3883e-05
0.0000e+00
6.1989e-05
0.0000e+00
5.3883e-05
0.0000e+00
5.1022e-05
0.0000e+00
5.2929e-05
0.0000e+00
5.6028e-05
9.5367e-07
5.2929e-05
0.0000e+00
5.1975e-05
9.5367e-07
5.1975e-05
0.0000e+00
5.2929e-05
0.0000e+00
5.1022e-05
0.0000e+00
5.1022e-05
0.0000e+00
6.4850e-05
0.0000e+00
5.5075e-05
0.0000e+00
5.2214e-05
0.0000e+00
5.3167e-05
0.0000e+00
5.3883e-05
0.0000e+00
5.2929e-05
0.0000e+00
5.1022e-05
0.0000e+00
5.1022e-05
0.0000e+00
7.2002e-05
0.0000e+00
5.1975e-05
0.0000e+00
5.1975e-05
0.0000e+00
5.1022e-05
0.0000e+00
5.2929e-05
0.0000e+00
5.1975e-05
0.0000e+00
5.2929e-05
0.0000e+00
5.1975e-05
0.0000e+00
5.6028e-05
0.0000e+00
5.1975e-05
9.5367e-07
6.3896e-05
0.0000e+00
5.1975e-05
0.0000e+00
5.2929e-05
9.5367e-07
5.1975e-05
0.0000e+00
5.2929e-05
0.0000e+00
7.1049e-05
0.0000e+00
5.2929e-05
0.0000e+00
5.2929e-05
0.0000e+00
5.2929e-05
0.0000e+00
5.1975e-05
0.0000e+00
5.1975e-05
0.0000e+00
5.1022e-05
0.0000e+00
5.1975e-05
9.5367e-07
7.0095e-05
0.0000e+00
6.3896e-05
0.0000e+00
5.2929e-05
0.0000e+00
5.1975e-05
0.0000e+00
5.2929e-05
0.0000e+00
5.1975e-05
0.0000e+00
5.0783e-05
0.0000e+00
5.1975e-05
0.0000e+00
5.6028e-05
0.0000e+00
5.2214e-05
0.0000e+00
5.0783e-05
0.0000e+00
5.3167e-05
0.0000e+00
5.1022e-05
0.0000e+00
5.1022e-05
0.0000e+00
5.1022e-05
0.0000e+00
7.5817e-05
9.5367e-07
5.4121e-05
0.0000e+00
5.3167e-05
0.0000e+00
5.1975e-05
0.0000e+00
5.2929e-05
0.0000e+00
5.1975e-05
9.5367e-07
5.2929e-05
9.5367e-07
5.1975e-05
0.0000e+00
5.7936e-05
0.0000e+00
5.1975e-05
0.0000e+00
5.4836e-05
0.0000e+00
5.3167e-05
9.5367e-07
5.3167e-05
9.5367e-07
5.1975e-05
0.0000e+00
5.1022e-05
0.0000e+00
7.2956e-05
0.0000e+00
5.3167e-05
0.0000e+00
5.2214e-05
0.0000e+00
5.3167e-05
0.0000e+00
5.1022e-05
0.0000e+00
5.1975e-05
0.0000e+00
5.1975e-05
0.0000e+00
5.1022e-05
0.0000e+00
5.6028e-05
0.0000e+00
5.2929e-05
0.0000e+00
5.2929e-05
0.0000e+00
5.1022e-05
0.0000e+00
5.2929e-05
0.0000e+00
5.1975e-05
0.0000e+00
6.1035e-05
0.0000e+00
6.7949e-05
0.0000e+00
5.6982e-05
9.5367e-07
5.2929e-05
0.0000e+00
5.1975e-05
0.0000e+00
5.1975e-05
1.1921e-06
5.2929e-05
0.0000e+00
5.1975e-05
0.0000e+00
5.3167e-05
0.0000e+00
5.6028e-05
0.0000e+00
5.1975e-05
9.5367e-07
5.1975e-05
0.0000e+00
5.1975e-05
0.0000e+00
5.2929e-05
0.0000e+00
6.1035e-05
0.0000e+00
5.1975e-05
0.0000e+00
5.1975e-05
0.0000e+00
5.6028e-05
9.5367e-07
5.3167e-05
9.5367e-07
5.1975e-05
0.0000e+00
5.1975e-05
0.0000e+00
5.4121e-05
0.0000e+00
5.1975e-05
0.0000e+00
5.2929e-05
0.0000e+00
6.7949e-05
0.0000e+00
5.4121e-05
0.0000e+00
5.1975e-05
0.0000e+00
5.1975e-05
9.5367e-07
6.0081e-05
0.0000e+00
5.2929e-05
0.0000e+00
5.1975e-05
0.0000e+00
5.3167e-05
0.0000e+00
5.5790e-05
0.0000e+00
5.2929e-05
0.0000e+00
5.1022e-05
0.0000e+00
5.1022e-05
0.0000e+00
5.1975e-05
0.0000e+00
5.2929e-05
0.0000e+00
5.1975e-05
0.0000e+00
6.6996e-05
1.1921e-06
5.5790e-05
0.0000e+00
5.3167e-05
0.0000e+00
5.2929e-05
0.0000e+00
6.4850e-05
0.0000e+00
5.1975e-05
0.0000e+00
5.1975e-05
0.0000e+00
5.2929e-05
0.0000e+00
7.2002e-05
0.0000e+00
5.4121e-05
0.0000e+00
5.1975e-05
0.0000e+00
5.2929e-05
0.0000e+00
5.2929e-05
0.0000e+00
5.2929e-05
1.1921e-06
5.2929e-05
0.0000e+00
5.1975e-05
0.0000e+00
5.6982e-05
9.5367e-07
5.2929e-05
0.0000e+00
5.9843e-05
0.0000e+00
5.2929e-05
9.5367e-07
5.3167e-05
9.5367e-07
5.3167e-05
0.0000e+00
5.3167e-05
0.0000e+00
7.2002e-05
0.0000e+00
5.4121e-05
0.0000e+00
5.4121e-05
0.0000e+00
5.1975e-05
0.0000e+00
5.2929e-05
9.5367e-07
5.1975e-05
0.0000e+00
5.1975e-05
0.0000e+00
5.2214e-05
0.0000e+00
5.6028e-05
9.5367e-07
6.1989e-05
0.0000e+00
5.3883e-05
0.0000e+00
5.1975e-05
0.0000e+00
5.1975e-05
0.0000e+00
5.2929e-05
0.0000e+00
5.1975e-05
0.0000e+00
7.2956e-05
0.0000e+00
5.2929e-05
9.5367e-07
5.2929e-05
9.5367e-07
5.2929e-05
0.0000e+00
5.1975e-05
0.0000e+00
5.1975e-05
1.1921e-06
5.1022e-05
0.0000e+00
5.3167e-05
0.0000e+00
6.2943e-05
0.0000e+00
5.4121e-05
0.0000e+00
5.3167e-05
0.0000e+00
5.1975e-05
0.0000e+00
5.1975e-05
0.0000e+00
5.1975e-05
0.0000e+00
5.1975e-05
0.0000e+00
7.2002e-05
0.0000e+00
5.3167e-05
0.0000e+00
5.1975e-05
9.5367e-07
5.4121e-05
0.0000e+00
5.3167e-05
0.0000e+00
5.2929e-05
0.0000e+00
5.2929e-05
0.0000e+00
5.1022e-05
0.0000e+00
5.6982e-05
0.0000e+00
5.1975e-05
0.0000e+00
5.1022e-05
1.1921e-06
5.2929e-05
0.0000e+00
5.2929e-05
1.1921e-06
5.1022e-05
0.0000e+00
5.2214e-05
0.0000e+00
7.1049e-05
0.0000e+00
5.2929e-05
0.0000e+00
5.2929e-05
0.0000e+00
5.1975e-05
0.0000e+00
5.1022e-05
0.0000e+00
5.2929e-05
0.0000e+00
5.1975e-05
1.1921e-06
5.9843e-05
0.0000e+00
5.6028e-05
0.0000e+00
5.1975e-05
0.0000e+00
5.2929e-05
0.0000e+00
5.1975e-05
0.0000e+00
5.1975e-05
0.0000e+00
5.1975e-05
0.0000e+00
5.1975e-05
0.0000e+00
6.5088e-05
0.0000e+00
5.6028e-05
0.0000e+00
5.4121e-05
0.0000e+00
5.1975e-05
0.0000e+00
5.1975e-05
0.0000e+00
5.2929e-05
0.0000e+00
5.1975e-05
0.0000e+00
5.2929e-05
0.0000e+00
7.1049e-05
0.0000e+00
5.1975e-05
0.0000e+00
5.1975e-05
0.0000e+00
5.1975e-05
0.0000e+00
5.1022e-05
0.0000e+00
5.1022e-05
0.0000e+00
5.2929e-05
0.0000e+00
5.1975e-05
0.0000e+00
5.6982e-05
9.5367e-07
5.4121e-05
0.0000e+00
5.2214e-05
0.0000e+00
5.1975e-05
9.5367e-07
5.2929e-05
0.0000e+00
6.0081e-05
0.0000e+00
5.1975e-05
0.0000e+00
6.8188e-05
0.0000e+00
5.3883e-05
0.0000e+00
5.2929e-05
0.0000e+00
5.1022e-05
0.0000e+00
5.1022e-05
0.0000e+00
5.1975e-05
0.0000e+00
5.2929e-05
0.0000e+00
5.1022e-05
0.0000e+00
6.8188e-05
9.5367e-07
5.1975e-05
0.0000e+00
5.3167e-05
0.0000e+00
5.4121e-05
0.0000e+00
5.3167e-05
0.0000e+00
5.2929e-05
0.0000e+00
5.1975e-05
0.0000e+00
5.1975e-05
0.0000e+00
5.6028e-05
0.0000e+00
5.2929e-05
9.5367e-07
5.1975e-05
0.0000e+00
5.1975e-05
0.0000e+00
5.1022e-05
0.0000e+00
5.3167e-05
0.0000e+00
5.7936e-05
0.0000e+00
6.6042e-05
0.0000e+00
5.3883e-05
0.0000e+00
5.2929e-05
9.5367e-07
5.1975e-05
0.0000e+00
5.1975e-05
9.5367e-07
5.2929e-05
0.0000e+00
5.1022e-05
0.0000e+00
5.1975e-05
0.0000e+00
7.0810e-05
0.0000e+00
5.1975e-05
0.0000e+00
5.2929e-05
0.0000e+00
5.1975e-05
0.0000e+00
5.1022e-05
9.5367e-07
5.1975e-05
9.5367e-07
5.1975e-05
0.0000e+00
5.1022e-05
9.5367e-07
5.6028e-05
0.0000e+00
5.1975e-05
0.0000e+00
8.3923e-05
9.5367e-07
9.1791e-05
9.5367e-07
7.7009e-05
0.0000e+00
5.3883e-05
0.0000e+00
5.1975e-05
0.0000e+00
7.7009e-05
0.0000e+00
5.5790e-05
0.0000e+00
5.2929e-05
9.5367e-07
5.2929e-05
0.0000e+00
5.2929e-05
9.5367e-07
5.1975e-05
0.0000e+00
5.3167e-05
0.0000e+00
5.1975e-05
0.0000e+00
8.2016e-05
0.0000e+00
5.2929e-05
0.0000e+00
5.2929e-05
0.0000e+00
5.3167e-05
0.0000e+00
5.3167e-05
0.0000e+00
5.1975e-05
0.0000e+00
5.1975e-05
0.0000e+00
5.3167e-05
0.0000e+00
5.6982e-05
9.5367e-07
5.2929e-05
0.0000e+00
5.2929e-05
0.0000e+00
5.1022e-05
0.0000e+00
5.1975e-05
9.5367e-07
5.1975e-05
0.0000e+00
6.1989e-05
0.0000e+00
7.2956e-05
0.0000e+00
5.2929e-05
0.0000e+00
5.2929e-05
0.0000e+00
5.1975e-05
0.0000e+00
5.1975e-05
9.5367e-07
5.2929e-05
0.0000e+00
5.1975e-05
9.5367e-07
5.2929e-05
0.0000e+00
5.6028e-05
0.0000e+00
5.1975e-05
0.0000e+00
5.2929e-05
0.0000e+00
5.1022e-05
9.5367e-07
5.3883e-05
0.0000e+00
6.1035e-05
0.0000e+00
5.3883e-05
0.0000e+00
7.1049e-05
0.0000e+00
5.3883e-05
0.0000e+00
5.3167e-05
0.0000e+00
5.2929e-05
1.1921e-06
5.1975e-05
0.0000e+00
5.0783e-05
0.0000e+00
5.1975e-05
9.5367e-07
5.1975e-05
7.7483e-02
