1.8142e-02
1.0705e-04
9.0599e-06
7.1526e-06
1.6308e-04
3.1948e-05
9.5367e-07
5.0068e-06
1.0204e-04
5.0068e-06
1.0300e-04
1.0014e-05
9.7036e-05
8.1062e-06
9.3937e-05
6.4640e-03
1.9073e-06
1.0014e-05
1.1086e-04
1.5020e-05
1.9073e-06
2.8610e-06
1.0490e-04
9.3937e-05
1.9073e-06
3.0994e-06
9.8944e-05
7.8678e-06
9.5367e-07
3.0994e-06
9.6083e-05
3.0994e-06
9.2983e-05
3.0994e-06
1.0204e-04
3.6001e-05
1.1921e-06
4.0531e-06
1.2398e-04
1.5974e-05
9.5367e-07
3.0994e-06
1.0014e-04
5.0068e-06
9.6083e-05
4.0531e-06
9.5129e-05
5.9605e-06
9.3937e-05
1.2159e-05
1.0204e-04
1.1921e-05
9.1791e-05
1.0014e-05
9.2030e-05
5.9605e-06
9.3937e-05
2.3293e-04
9.5367e-07
3.0994e-06
9.3937e-05
3.0994e-06
9.3937e-05
4.0531e-06
1.0204e-04
1.2159e-05
9.7036e-05
1.1921e-05
9.7990e-05
5.9605e-06
9.7990e-05
1.7881e-05
9.5367e-07
9.0599e-06
9.7990e-05
4.0531e-06
9.2030e-05
1.0967e-05
9.2983e-05
1.5020e-05
9.5367e-07
9.0599e-06
9.4175e-05
1.6928e-05
1.1921e-06
3.8147e-06
9.2983e-05
1.5998e-04
9.2030e-05
1.3113e-05
1.1921e-06
8.1062e-06
9.3937e-05
5.0068e-06
9.4891e-05
4.0531e-06
1.0395e-04
4.0531e-06
9.3937e-05
5.0068e-06
9.4891e-05
5.0068e-06
9.2983e-05
5.9605e-06
9.6083e-05
1.0967e-05
9.7990e-05
7.8678e-06
9.3937e-05
1.0014e-05
9.3937e-05
3.8147e-06
9.4891e-05
8.1062e-06
9.4891e-05
7.8678e-06
9.5129e-05
4.0531e-06
9.6083e-05
1.2875e-05
1.1706e-04
7.8678e-06
9.5844e-05
5.0068e-06
9.3937e-05
4.0531e-06
1.0300e-04
5.0068e-06
9.2983e-05
1.0014e-05
9.3937e-05
5.9605e-06
9.1791e-05
4.6968e-05
9.5367e-07
3.0994e-06
1.2302e-04
4.0531e-06
9.2983e-05
3.0994e-06
9.2030e-05
3.0994e-06
1.0300e-04
4.0531e-06
9.5129e-05
5.0068e-06
9.2030e-05
3.0994e-06
9.2030e-05
5.0068e-06
9.3937e-05
4.1008e-05
9.5367e-07
4.0531e-06
9.5844e-05
4.0531e-06
9.2030e-05
3.0994e-06
1.0109e-04
1.7881e-05
9.5367e-07
1.0991e-04
9.5367e-07
9.0122e-05
1.9073e-06
1.9073e-06
9.7990e-05
4.0531e-06
9.2983e-05
3.0994e-06
9.2983e-05
4.0531e-06
9.4891e-05
3.8147e-06
1.0395e-04
5.9605e-06
9.2983e-05
5.0068e-06
9.5129e-05
3.0994e-06
9.2983e-05
1.8835e-05
9.5367e-07
3.0994e-06
9.4891e-05
3.0994e-06
9.2983e-05
4.0531e-06
8.9884e-05
9.7036e-05
9.5367e-07
3.0994e-06
9.7036e-05
3.8147e-06
9.3937e-05
3.0994e-06
9.6083e-05
3.8147e-06
9.3937e-05
5.0068e-06
9.4175e-05
7.8678e-06
9.3937e-05
5.9605e-06
9.4175e-05
5.9605e-06
1.0395e-04
6.1989e-06
9.2983e-05
5.0068e-06
9.2030e-05
4.0531e-06
9.2983e-05
1.0967e-05
2.1458e-06
4.0531e-06
9.3937e-05
8.8215e-06
9.2983e-05
3.8147e-06
1.3304e-04
5.0068e-06
1.0109e-04
8.8215e-06
9.2983e-05
4.0531e-06
8.9169e-05
7.9870e-05
9.5367e-07
4.0531e-06
9.2983e-05
3.0994e-06
9.2030e-05
4.0531e-06
9.2030e-05
4.1962e-05
9.5367e-07
5.0068e-06
1.0395e-04
4.0531e-06
8.9884e-05
1.4067e-05
9.5367e-07
4.0531e-06
9.4891e-05
3.0994e-06
9.5129e-05
3.8147e-06
9.2030e-05
2.8610e-06
9.2030e-05
4.0531e-06
9.3937e-05
5.0068e-06
9.7990e-05
3.8147e-06
9.3937e-05
3.0994e-06
9.5129e-05
4.0531e-06
9.1791e-05
4.0531e-06
9.5129e-05
5.0068e-06
9.2983e-05
6.1989e-06
9.0837e-05
3.8147e-06
1.1396e-04
5.9605e-06
1.0610e-04
1.1921e-05
9.5367e-07
5.0068e-06
9.6083e-05
1.0967e-05
9.5367e-07
3.8147e-06
8.9884e-05
4.0531e-06
8.9169e-05
3.8147e-06
9.2983e-05
1.5020e-05
9.5367e-07
9.0599e-06
2.1458e-06
5.0068e-06
1.1492e-04
5.9605e-06
8.9884e-05
5.9605e-06
9.9897e-05
4.0531e-06
8.9884e-05
5.9605e-06
9.2030e-05
5.0068e-06
9.0122e-05
7.9870e-05
1.1921e-06
2.8610e-06
9.4891e-05
6.0081e-05
1.1611e-04
7.1526e-06
1.0109e-04
7.8678e-06
9.1791e-05
5.9605e-06
9.0837e-05
5.0068e-06
9.2983e-05
5.0068e-06
9.5129e-05
6.9141e-06
8.8930e-05
3.8862e-05
9.4891e-05
1.5974e-05
1.9073e-06
3.8147e-06
1.0204e-04
4.0531e-06
9.1791e-05
1.7715e-04
9.5367e-07
5.0068e-06
9.4175e-05
2.0027e-05
9.5367e-07
3.8147e-06
9.2030e-05
2.8610e-06
9.0837e-05
3.2401e-04
9.5367e-07
4.0531e-06
1.1897e-04
1.1921e-05
9.5367e-07
3.8147e-06
9.2030e-05
1.8978e-04
9.5367e-07
1.9073e-06
9.5129e-05
4.0531e-06
9.3937e-05
4.0531e-06
1.0300e-04
2.5034e-05
9.5367e-07
2.8610e-06
9.1791e-05
2.8610e-06
9.3222e-05
3.8147e-06
9.2030e-05
3.0994e-06
8.9884e-05
5.0068e-06
8.9884e-05
3.1948e-05
9.5367e-07
4.0531e-06
9.5129e-05
1.6999e-04
9.5367e-07
4.0531e-06
9.7036e-05
3.8147e-06
9.2983e-05
4.0531e-06
1.1301e-04
4.0531e-06
9.1791e-05
3.0994e-06
9.1076e-05
5.0068e-06
9.5129e-05
3.8147e-06
1.0300e-04
4.0531e-06
9.2983e-05
6.1989e-06
9.2030e-05
3.8147e-06
9.3937e-05
5.0068e-06
9.5844e-05
4.0531e-06
9.2983e-05
4.0531e-06
9.1076e-05
5.0068e-06
9.7990e-05
5.0068e-06
9.7990e-05
4.0531e-06
9.5129e-05
1.1921e-05
9.5367e-07
3.8147e-06
9.2030e-05
5.9605e-06
9.5129e-05
5.0068e-06
9.0837e-05
2.3127e-05
1.1921e-06
5.9605e-06
9.6083e-05
4.0531e-06
9.2983e-05
5.0068e-06
9.1076e-05
3.0994e-06
9.2030e-05
3.8147e-06
9.0122e-05
6.1989e-06
9.2983e-05
5.0068e-06
9.2983e-05
4.0531e-06
9.2030e-05
1.1921e-05
9.5367e-07
1.0014e-05
2.1458e-06
3.0994e-06
9.0122e-05
5.9605e-06
1.0514e-04
5.0068e-06
9.2983e-05
5.0068e-06
1.1802e-04
6.1989e-06
9.5129e-05
3.8147e-06
9.2030e-05
5.0068e-06
2.1410e-04
1.5402e-04
2.1458e-06
2.8610e-06
9.7990e-05
4.0531e-06
9.5129e-05
4.0531e-06
9.3937e-05
4.0531e-06
1.2517e-04
3.8147e-06
9.3937e-05
4.0531e-06
9.5129e-05
3.0994e-06
9.3937e-05
9.0599e-06
1.1921e-06
4.0531e-06
9.7036e-05
1.0967e-05
1.9073e-06
1.9073e-06
9.1076e-05
2.8610e-06
8.9884e-05
4.0531e-06
9.3222e-05
4.0531e-06
9.0837e-05
1.1921e-05
9.5367e-07
6.1989e-06
9.0122e-05
4.0531e-06
9.1076e-05
5.0068e-06
9.6083e-05
4.0531e-06
9.1076e-05
4.0531e-06
8.8930e-05
5.0068e-06
1.1683e-04
5.0068e-06
9.1791e-05
5.9605e-06
8.9884e-05
1.3113e-05
2.1458e-06
3.0994e-06
9.3937e-05
5.0068e-06
1.0514e-04
5.9605e-06
9.4891e-05
1.5020e-05
2.1458e-06
6.8903e-05
9.5367e-07
3.0994e-06
1.2088e-04
6.1989e-06
9.2983e-05
1.5306e-04
9.5367e-07
7.8678e-06
9.5367e-07
1.9073e-06
9.2983e-05
4.0531e-06
1.0610e-04
5.0068e-06
9.4891e-05
5.0068e-06
9.2030e-05
5.0068e-06
9.2983e-05
5.0068e-06
9.7036e-05
5.0068e-06
9.4891e-05
4.0531e-06
9.2983e-05
4.0531e-06
1.0395e-04
5.0068e-06
9.3937e-05
4.0531e-06
9.7036e-05
5.0068e-06
9.4175e-05
1.1921e-05
1.9073e-06
5.9605e-06
9.5129e-05
1.0967e-05
1.1921e-06
4.0531e-06
9.4891e-05
5.0068e-06
9.2030e-05
5.0068e-06
1.0514e-04
5.0068e-06
9.4175e-05
5.9605e-06
9.1076e-05
7.8678e-06
9.1791e-05
5.9605e-06
9.4891e-05
6.1035e-05
1.1921e-06
2.8610e-06
9.6083e-05
4.0531e-06
9.4891e-05
1.0967e-05
1.1921e-06
3.8147e-06
1.0395e-04
4.0531e-06
9.5129e-05
5.9605e-06
8.8930e-05
3.0994e-06
1.1420e-04
5.0068e-06
9.2030e-05
3.8147e-06
8.7976e-05
5.0068e-06
9.1076e-05
3.8147e-06
9.1076e-05
4.0531e-06
9.7990e-05
5.0068e-06
9.2030e-05
5.9605e-06
9.2030e-05
5.9605e-06
9.3937e-05
5.0068e-06
9.2983e-05
4.0531e-06
9.1791e-05
4.0531e-06
9.2983e-05
5.0068e-06
9.2983e-05
1.3113e-05
9.5367e-07
1.0109e-04
1.1921e-06
1.1206e-05
1.1921e-06
4.0531e-06
9.2983e-05
4.0531e-06
1.1587e-04
1.1921e-05
1.9073e-06
5.0068e-06
9.2030e-05
1.0967e-05
9.5367e-07
5.0068e-06
9.2030e-05
5.0068e-06
8.8930e-05
4.0531e-06
1.0109e-04
5.0068e-06
9.2030e-05
1.3113e-05
1.9073e-06
4.0531e-06
1.2112e-04
5.0068e-06
9.1076e-05
1.4067e-05
1.1921e-06
4.0531e-06
9.3937e-05
5.0068e-06
9.1076e-05
5.0068e-06
9.0122e-05
1.0085e-04
9.2030e-05
1.2875e-05
9.5367e-07
4.0531e-06
9.6083e-05
5.0068e-06
9.3937e-05
4.1962e-05
9.2983e-05
4.0531e-06
9.0837e-05
1.2159e-05
9.5367e-07
1.8215e-04
1.9073e-06
9.7752e-06
9.5367e-07
4.0531e-06
9.3937e-05
4.0531e-06
9.2983e-05
5.0068e-06
9.2030e-05
1.5020e-05
9.5367e-07
1.9073e-06
9.5844e-05
4.0531e-06
9.0837e-05
3.0994e-06
9.2030e-05
4.0531e-06
9.1076e-05
5.0068e-06
9.0122e-05
6.1989e-06
9.4891e-05
1.0967e-05
9.5367e-07
3.0994e-06
1.1802e-04
1.2875e-05
9.5367e-07
2.0003e-04
1.9073e-06
3.0994e-06
9.7036e-05
5.6982e-05
9.5367e-07
3.0994e-06
1.0514e-04
2.0885e-04
9.5367e-07
3.0994e-06
9.5129e-05
4.0531e-06
9.3937e-05
2.8610e-06
9.5844e-05
4.0531e-06
1.2517e-04
4.0531e-06
9.3937e-05
3.0994e-06
1.0300e-04
1.2875e-05
1.9073e-06
5.0068e-06
9.4891e-05
5.9605e-06
9.2983e-05
3.8147e-06
9.2030e-05
1.2159e-05
9.5367e-07
4.9114e-05
9.5367e-07
4.0531e-06
1.2112e-04
5.9605e-06
9.3937e-05
5.0068e-06
1.0180e-04
1.4067e-05
1.9073e-06
2.0027e-05
1.9073e-06
4.0531e-06
9.6083e-05
2.2793e-04
9.5367e-07
1.7309e-04
1.1921e-06
2.8610e-06
9.6798e-05
6.1989e-05
9.5367e-07
2.1458e-06
1.3089e-04
5.0068e-06
9.8944e-05
5.0068e-06
9.4891e-05
2.9087e-05
9.5367e-07
4.0531e-06
9.2983e-05
4.0531e-06
9.2030e-05
4.0531e-06
9.8228e-05
5.0068e-06
9.2030e-05
5.0068e-06
1.2612e-04
5.9605e-06
9.6083e-05
7.1526e-06
9.5129e-05
5.0068e-06
9.2030e-05
5.0068e-06
9.2983e-05
1.2875e-05
1.9073e-06
2.8610e-06
9.2983e-05
4.0531e-06
9.1076e-05
4.0531e-06
1.0300e-04
6.1989e-06
9.7036e-05
5.9605e-06
9.4891e-05
4.0531e-06
9.2030e-05
5.0068e-06
9.2030e-05
4.0531e-06
9.2030e-05
5.0068e-06
9.2983e-05
4.0531e-06
9.2983e-05
1.3113e-05
2.1458e-06
5.9605e-06
9.7036e-05
5.9605e-06
9.5844e-05
4.0531e-06
9.4891e-05
4.0531e-06
9.5129e-05
4.0531e-06
9.5129e-05
9.0599e-06
9.2983e-05
4.0531e-06
9.3222e-05
3.8147e-06
1.2898e-04
2.1935e-05
9.5367e-07
3.0994e-06
9.4891e-05
4.0531e-06
9.1076e-05
1.1921e-05
9.5367e-07
3.0994e-06
9.5129e-05
1.0920e-04
9.6083e-05
1.0967e-05
1.1921e-06
1.0014e-05
9.5367e-07
4.0531e-06
9.0122e-05
5.9605e-06
9.5844e-05
1.4067e-05
9.5367e-07
3.0994e-06
9.0122e-05
7.1526e-06
9.4175e-05
5.0068e-06
9.1076e-05
4.0531e-06
9.1076e-05
5.0068e-06
9.1076e-05
3.8147e-06
8.9884e-05
5.9605e-06
1.0490e-04
5.9605e-06
8.9884e-05
4.0531e-06
9.2983e-05
5.0068e-06
9.0837e-05
4.0531e-06
9.1076e-05
4.0531e-06
8.8930e-05
2.5034e-05
9.1076e-05
4.0531e-06
1.1683e-04
5.0068e-06
9.2030e-05
5.0068e-06
9.2030e-05
3.8147e-06
8.9884e-05
5.0068e-06
9.1076e-05
4.0531e-06
9.0837e-05
5.0068e-06
9.2983e-05
3.8147e-06
9.2983e-05
1.2875e-05
9.5367e-07
4.0531e-06
1.0419e-04
4.0531e-06
9.4891e-05
6.1989e-06
9.7036e-05
4.0531e-06
9.3937e-05
5.9605e-06
9.0837e-05
4.0531e-06
9.4175e-05
1.2159e-05
9.5367e-07
1.0014e-05
1.9073e-06
4.0531e-06
1.1897e-04
5.9605e-06
1.0085e-04
5.0068e-06
9.1076e-05
3.8147e-06
9.4891e-05
7.1526e-06
9.4175e-05
4.0531e-06
9.3937e-05
5.0068e-06
9.4891e-05
1.4710e-04
9.5367e-07
4.0531e-06
1.2994e-04
4.0531e-06
9.5129e-05
4.0531e-06
9.4891e-05
3.8147e-06
9.2983e-05
5.0068e-06
9.4175e-05
1.5020e-05
9.5367e-07
2.8610e-06
9.2030e-05
1.0014e-05
2.1458e-06
3.0994e-06
9.6083e-05
5.0068e-06
1.0109e-04
1.8191e-04
9.5367e-07
7.1526e-06
9.5367e-07
2.1458e-06
9.6083e-05
3.8147e-06
9.2030e-05
4.0531e-06
9.1076e-05
3.8147e-06
9.1076e-05
3.8147e-06
8.9884e-05
1.3113e-05
9.5367e-07
5.0068e-06
9.4891e-05
1.2159e-05
9.5367e-07
5.0068e-06
9.3222e-05
5.0068e-06
9.2030e-05
5.9605e-06
9.0122e-05
4.0531e-06
9.1076e-05
5.9605e-06
9.2030e-05
4.0531e-06
9.1076e-05
1.3828e-05
9.5367e-07
2.0027e-05
9.5367e-07
4.0531e-06
9.2983e-05
8.1062e-06
9.0837e-05
3.0303e-04
9.5367e-07
1.0014e-05
9.5367e-07
4.0531e-06
9.5129e-05
5.0068e-06
9.2030e-05
3.8147e-06
1.0204e-04
6.1989e-06
9.2983e-05
5.9605e-06
9.0837e-05
4.0531e-06
9.2983e-05
5.9605e-06
9.1791e-05
4.0531e-06
9.2030e-05
5.0068e-06
9.2030e-05
4.0531e-06
9.2983e-05
5.0068e-06
1.0109e-04
5.0068e-06
1.1897e-04
5.0068e-06
9.4891e-05
4.0531e-06
9.2030e-05
5.0068e-06
9.4891e-05
8.1062e-06
9.5129e-05
5.0068e-06
9.4175e-05
4.0531e-06
9.3937e-05
4.0531e-06
9.2983e-05
5.9605e-06
9.7990e-05
5.0068e-06
9.1791e-05
5.0068e-06
9.2030e-05
4.0531e-06
9.0837e-05
4.0531e-06
9.5129e-05
5.9605e-06
9.4175e-05
5.0068e-06
1.0204e-04
1.1206e-05
9.5367e-07
5.0068e-06
9.5844e-05
5.0068e-06
9.3937e-05
5.0068e-06
9.2030e-05
1.0967e-05
9.5367e-07
6.9141e-06
9.4891e-05
4.0531e-06
9.1791e-05
5.0068e-06
9.3937e-05
5.0068e-06
1.0204e-04
5.9605e-06
9.6798e-05
1.4067e-05
9.5367e-07
5.0068e-06
9.0122e-05
4.0531e-06
9.0837e-05
4.0531e-06
9.0122e-05
1.1921e-05
1.9073e-06
3.0994e-06
9.1076e-05
5.0068e-06
9.2030e-05
4.0531e-06
1.0109e-04
5.0068e-06
9.6798e-05
5.0068e-06
9.3937e-05
5.0068e-06
8.9884e-05
2.5988e-05
1.9073e-06
4.0531e-06
9.4175e-05
2.8610e-06
9.5844e-05
3.0994e-06
9.4175e-05
4.0531e-06
9.3937e-05
1.0967e-05
9.5367e-07
2.8610e-06
9.3937e-05
4.0531e-06
9.2030e-05
1.1206e-05
9.5367e-07
3.0994e-06
9.1076e-05
3.8147e-06
9.1076e-05
1.9789e-05
9.2983e-05
4.0531e-06
9.1076e-05
3.8147e-06
1.2207e-04
5.0068e-06
9.1076e-05
4.7684e-06
9.2983e-05
3.8147e-06
9.1076e-05
3.8147e-06
9.0837e-05
4.0531e-06
9.0837e-05
4.0531e-06
9.0122e-05
6.9141e-06
9.1791e-05
5.9605e-06
1.0514e-04
5.9605e-06
9.2983e-05
5.0068e-06
9.5129e-05
5.0068e-06
9.4891e-05
4.0531e-06
9.2030e-05
5.0068e-06
9.2983e-05
4.0531e-06
9.2030e-05
5.9605e-06
1.1492e-04
1.4067e-05
2.1458e-06
4.0531e-06
9.4175e-05
1.0014e-05
9.5367e-07
4.9114e-05
9.2983e-05
4.0531e-06
9.3937e-05
3.8147e-06
9.2030e-05
5.0068e-06
9.2030e-05
4.0531e-06
9.2983e-05
7.1526e-06
1.3304e-04
5.9605e-06
9.3937e-05
4.0531e-06
9.3937e-05
4.0531e-06
9.2030e-05
4.0531e-06
8.9884e-05
4.0531e-06
9.3937e-05
5.0068e-06
9.1076e-05
5.0068e-06
9.2030e-05
4.0531e-06
1.0204e-04
1.0014e-05
1.9073e-06
3.8147e-06
9.5844e-05
5.0068e-06
9.0837e-05
5.0068e-05
9.5367e-07
4.0531e-06
9.3937e-05
1.0967e-05
9.5367e-07
1.6785e-04
9.5367e-07
2.1458e-06
9.3937e-05
3.0994e-06
1.2708e-04
4.0531e-06
9.7990e-05
5.0068e-06
9.4175e-05
3.8147e-06
9.3937e-05
5.0068e-06
9.2983e-05
4.0531e-06
9.2983e-05
5.0068e-06
9.2983e-05
4.0531e-06
9.2030e-05
4.0531e-06
1.1706e-04
4.0531e-06
9.2030e-05
6.9141e-06
9.2030e-05
5.0068e-06
9.3937e-05
5.0068e-06
9.2983e-05
5.0068e-06
9.2983e-05
1.3113e-05
2.1458e-06
4.0531e-06
9.0837e-05
4.0531e-06
1.2898e-04
5.0068e-06
9.1791e-05
4.0531e-06
9.2030e-05
1.2159e-05
9.5367e-07
1.0967e-05
9.5367e-07
4.4107e-05
9.2983e-05
5.0068e-06
9.1076e-05
3.8147e-06
9.6083e-05
3.8147e-06
9.3937e-05
5.0068e-06
9.7036e-05
5.0068e-06
9.2983e-05
5.0068e-06
9.3222e-05
5.9605e-06
9.7036e-05
1.2875e-05
9.5367e-07
1.0014e-05
9.4175e-05
1.2159e-05
9.5367e-07
4.0531e-06
9.2983e-05
4.0531e-06
9.3222e-05
6.9141e-06
9.2983e-05
3.8147e-06
9.1076e-05
5.0068e-06
9.1076e-05
4.0531e-06
9.6083e-05
4.0531e-06
9.4175e-05
3.8147e-06
9.3937e-05
4.0531e-06
9.5129e-05
3.0994e-06
1.2517e-04
1.3828e-05
9.5367e-07
4.0531e-06
9.2983e-05
3.8147e-06
9.2983e-05
4.0531e-06
8.8930e-05
5.9605e-06
9.4891e-05
4.0531e-06
9.3937e-05
1.0014e-05
2.1458e-06
9.7990e-05
9.5367e-07
2.8610e-06
1.3208e-04
1.0014e-05
9.5367e-07
1.0014e-05
1.9073e-06
3.0994e-06
9.2983e-05
4.0531e-06
9.0837e-05
3.8147e-06
9.0837e-05
8.1062e-06
9.4175e-05
1.4067e-05
9.5367e-07
4.0531e-06
9.5129e-05
3.8147e-06
1.1301e-04
1.6594e-04
9.5367e-07
3.0994e-06
9.5129e-05
2.8610e-06
9.1076e-05
6.6996e-05
2.1458e-06
2.1458e-06
9.3937e-05
3.0994e-06
9.1076e-05
2.8610e-06
9.2983e-05
2.8610e-06
9.0837e-05
1.2159e-05
1.1802e-04
4.0531e-06
9.2030e-05
5.0068e-06
9.1791e-05
5.0068e-06
9.2983e-05
3.8147e-06
9.4891e-05
1.0014e-05
1.9073e-06
2.7895e-05
1.9073e-06
1.0014e-05
9.5367e-07
2.1458e-06
9.2983e-05
3.0994e-06
1.2994e-04
1.2159e-05
9.5367e-07
5.0068e-06
9.2983e-05
1.2875e-05
9.5367e-07
2.8610e-06
9.2983e-05
4.0531e-06
9.1076e-05
4.0531e-06
9.0122e-05
3.5691e-04
9.4891e-05
5.0068e-06
9.3937e-05
1.5020e-05
9.5367e-07
4.0531e-06
9.4891e-05
5.0068e-06
9.2030e-05
1.3113e-05
9.5367e-07
3.0994e-06
9.5129e-05
4.0531e-06
8.9884e-05
9.0599e-06
9.5367e-07
1.0967e-05
1.9073e-06
4.0531e-06
1.0109e-04
5.0068e-06
1.1802e-04
6.1035e-05
1.9073e-06
2.8610e-06
9.3937e-05
4.0531e-06
9.4891e-05
5.0068e-06
9.0837e-05
4.0531e-06
9.2983e-05
4.0531e-06
9.0837e-05
5.0068e-06
1.0180e-04
5.0068e-06
9.4891e-05
9.0599e-06
9.6798e-05
5.0068e-06
9.1076e-05
5.0068e-06
9.1076e-05
3.8147e-06
9.2983e-05
5.0068e-06
8.9169e-05
4.0531e-06
8.8930e-05
5.0068e-06
9.9897e-05
5.9605e-06
1.1516e-04
8.8215e-06
8.9884e-05
5.0068e-06
9.2030e-05
4.0531e-06
9.0122e-05
4.0531e-06
8.8930e-05
2.0027e-05
9.2030e-05
2.8610e-06
9.2983e-05
3.8147e-06
9.2983e-05
1.5974e-05
2.1458e-06
3.8147e-06
9.2030e-05
5.0068e-06
9.2030e-05
1.0395e-04
2.1458e-06
3.8147e-06
9.4891e-05
2.8610e-06
9.2983e-05
2.8610e-06
9.5844e-05
5.0068e-06
1.0109e-04
5.0068e-06
1.1706e-04
5.9605e-06
9.6083e-05
4.0531e-06
9.3937e-05
4.0531e-06
9.2030e-05
2.2173e-05
9.5367e-07
4.0531e-06
9.4175e-05
3.0994e-06
9.4175e-05
2.8610e-06
1.0395e-04
1.1921e-05
9.5367e-07
5.3883e-05
2.1458e-06
4.0531e-06
9.2983e-05
4.0531e-06
9.0837e-05
3.0994e-06
9.2983e-05
2.8610e-06
8.9884e-05
4.0531e-06
9.1076e-05
5.0068e-06
9.2030e-05
5.0068e-06
1.0300e-04
1.9503e-04
9.5367e-07
1.0967e-05
9.5367e-07
3.0994e-06
9.7990e-05
2.8610e-06
9.3937e-05
8.1062e-06
9.5367e-07
3.0994e-06
9.5129e-05
3.0994e-06
9.2983e-05
4.0531e-06
1.0204e-04
7.8678e-06
9.4891e-05
6.9141e-06
1.1802e-04
5.0068e-06
9.2983e-05
4.0531e-06
8.9884e-05
4.0531e-06
9.3937e-05
4.0531e-06
8.9884e-05
5.0068e-06
9.1076e-05
1.0967e-05
2.1458e-06
1.4067e-05
9.7990e-05
4.0531e-06
1.1802e-04
5.0068e-06
9.0122e-05
3.0994e-05
9.7036e-05
5.9605e-06
9.2030e-05
3.8147e-06
9.3937e-05
5.0068e-06
9.2983e-05
2.0981e-05
1.1921e-06
5.0068e-06
9.3937e-05
1.0967e-05
1.1921e-06
4.7684e-06
1.1802e-04
5.9605e-06
9.1076e-05
9.0599e-06
1.1921e-06
5.0068e-06
9.3937e-05
1.2875e-05
9.5367e-07
5.0068e-06
9.2983e-05
4.0531e-06
9.2030e-05
6.1989e-06
1.0300e-04
5.0068e-06
9.2030e-05
2.4509e-04
9.3937e-05
8.8215e-06
1.9073e-06
3.0994e-06
9.3937e-05
5.0068e-06
9.3937e-05
5.0068e-06
9.2983e-05
1.5020e-05
9.5367e-07
1.0014e-05
9.5367e-07
2.7180e-05
9.2983e-05
5.0068e-06
9.1076e-05
6.9141e-06
9.4891e-05
4.0531e-06
9.1076e-05
5.9605e-06
9.2030e-05
1.5998e-04
9.5367e-07
4.0531e-06
1.0204e-04
4.0531e-06
9.3222e-05
1.1206e-05
9.5367e-07
3.0994e-06
9.5129e-05
3.0994e-06
1.2112e-04
4.0531e-06
9.2983e-05
1.0967e-05
1.1921e-06
5.0068e-06
9.2030e-05
4.0531e-06
9.2030e-05
4.0531e-06
1.0204e-04
5.9605e-06
9.7036e-05
9.7752e-06
9.5367e-07
1.1706e-04
9.5367e-07
3.0994e-06
1.2016e-04
5.0068e-06
9.1076e-05
5.0068e-06
9.0122e-05
6.3896e-05
9.5367e-07
4.0531e-06
9.6083e-05
5.0068e-06
9.2983e-05
2.8610e-06
9.5844e-05
4.0531e-06
9.3937e-05
4.0531e-06
9.2983e-05
7.1526e-06
9.7036e-05
4.0531e-06
9.4175e-05
4.0531e-06
9.2983e-05
1.3113e-05
9.5367e-07
1.0014e-05
1.9073e-06
6.0081e-05
9.5367e-07
2.2507e-04
9.5367e-07
2.8610e-06
9.5844e-05
3.0994e-06
9.3937e-05
1.9073e-06
1.2112e-04
3.8147e-06
9.2983e-05
2.8610e-06
9.5844e-05
5.9605e-06
9.4175e-05
4.7684e-06
9.4891e-05
5.0068e-06
9.2983e-05
5.0068e-06
9.2030e-05
4.0531e-06
9.1791e-05
5.0068e-06
9.4891e-05
3.8147e-06
9.2983e-05
1.0014e-05
9.5367e-07
3.8147e-06
1.0085e-04
4.0531e-06
8.8215e-05
3.8147e-06
9.2030e-05
4.0531e-06
9.3937e-05
4.0531e-06
9.1791e-05
5.0068e-06
8.9884e-05
4.0531e-06
9.2983e-05
5.0068e-06
9.2983e-05
6.9141e-06
9.4891e-05
5.0068e-06
9.2030e-05
1.3113e-05
9.5367e-07
3.0994e-06
9.1076e-05
4.0531e-06
9.1076e-05
4.0531e-06
1.1897e-04
5.0068e-06
9.2030e-05
3.0994e-06
9.2030e-05
5.0068e-06
1.0419e-04
5.0068e-06
9.3937e-05
5.0068e-06
9.2030e-05
3.8147e-06
9.2983e-05
5.9605e-06
9.3937e-05
5.0068e-06
9.6798e-05
5.0068e-06
9.4891e-05
3.8147e-06
9.2030e-05
7.1526e-06
9.7990e-05
1.0967e-05
9.5367e-07
3.8147e-06
9.2030e-05
4.0531e-06
9.0122e-05
5.0068e-06
9.2983e-05
5.9605e-06
9.5129e-05
8.1062e-06
9.5367e-07
4.0531e-06
9.5129e-05
3.8147e-06
9.1076e-05
4.0531e-06
1.0109e-04
7.1526e-06
9.5129e-05
1.0967e-05
1.1921e-06
4.0531e-06
9.2983e-05
8.8215e-06
1.9073e-06
5.0068e-06
9.4891e-05
5.0068e-06
9.4175e-05
5.0068e-06
9.5129e-05
1.2875e-05
9.5367e-07
3.9816e-05
9.5367e-07
1.9073e-05
1.0204e-04
7.1526e-06
9.6083e-05
5.9605e-06
9.2030e-05
5.0068e-06
1.2612e-04
4.0531e-06
9.3937e-05
1.3113e-05
1.1921e-06
4.0531e-06
9.4891e-05
4.0531e-06
9.2983e-05
1.3208e-04
9.5367e-07
5.0068e-06
9.3937e-05
1.5020e-05
9.5367e-07
4.0531e-06
9.3937e-05
5.0068e-06
1.1706e-04
4.3154e-05
9.5129e-05
4.0531e-06
9.2983e-05
4.0531e-06
9.0122e-05
4.0531e-06
1.0085e-04
3.0994e-05
9.7036e-05
5.0068e-06
9.2983e-05
3.8147e-06
9.3937e-05
5.0068e-06
1.1897e-04
1.1921e-05
9.5367e-07
3.8147e-06
9.2983e-05
3.8147e-06
9.2983e-05
1.0967e-05
1.1921e-06
3.8147e-06
1.0490e-04
1.5020e-05
9.5367e-07
5.0068e-06
9.6083e-05
5.0068e-06
9.2030e-05
5.0068e-06
1.2016e-04
5.0068e-06
9.0837e-05
5.0068e-06
9.5129e-05
4.0531e-06
9.3937e-05
3.0994e-06
1.0514e-04
4.7684e-06
9.4891e-05
6.1989e-06
9.3937e-05
4.0531e-06
9.3222e-05
3.8147e-06
9.3937e-05
4.0531e-06
9.0122e-05
4.0531e-06
9.2983e-05
4.0531e-06
8.9169e-05
4.0531e-06
1.0204e-04
5.0068e-06
9.4175e-05
4.7684e-06
9.3937e-05
5.9605e-06
1.1516e-04
1.2875e-05
9.5367e-07
1.0967e-05
9.5367e-07
2.3127e-05
9.2030e-05
4.0531e-06
9.4891e-05
3.8147e-06
9.3937e-05
5.0068e-06
9.4175e-05
2.8610e-06
9.2030e-05
5.0068e-06
9.4175e-05
5.0068e-06
1.1992e-04
6.1989e-06
9.7990e-05
6.1989e-06
9.2983e-05
1.2159e-05
1.1921e-06
4.0531e-06
9.0837e-05
1.1921e-05
9.5367e-07
4.0531e-06
9.3937e-05
4.0531e-06
9.1076e-05
4.0531e-06
9.1076e-05
1.4067e-05
1.1921e-06
4.0531e-06
9.3937e-05
8.8215e-06
9.5367e-07
4.0531e-06
9.4175e-05
5.0068e-06
9.1076e-05
1.9002e-04
9.5367e-07
3.0994e-06
9.6083e-05
6.1989e-06
9.5129e-05
3.8147e-06
9.3937e-05
5.0068e-06
9.6083e-05
4.0531e-06
9.7036e-05
5.0068e-06
9.2983e-05
4.0531e-06
1.0109e-04
5.0068e-06
9.2983e-05
1.3113e-05
9.5367e-07
3.8147e-06
9.3937e-05
5.0068e-06
9.1076e-05
5.0068e-06
9.2983e-05
5.0068e-06
9.0837e-05
5.0068e-06
8.9884e-05
4.0531e-06
9.2030e-05
5.0068e-06
9.2030e-05
4.0531e-06
9.3937e-05
1.4067e-05
9.5367e-07
3.8147e-06
9.1076e-05
5.0068e-06
1.1706e-04
5.0068e-06
9.2030e-05
1.7881e-05
1.9073e-06
4.0531e-06
9.2030e-05
3.0994e-06
9.3937e-05
3.0994e-06
9.2983e-05
4.0531e-06
9.2983e-05
4.0531e-06
9.4891e-05
5.9605e-06
1.1587e-04
5.0068e-06
9.4175e-05
4.7684e-06
9.2983e-05
4.0531e-06
9.2030e-05
7.1526e-06
1.0109e-04
3.8147e-06
9.3937e-05
1.6928e-05
1.9073e-06
2.8610e-06
9.4175e-05
4.0531e-06
1.1802e-04
5.9605e-06
9.6083e-05
3.8147e-06
9.2983e-05
2.8610e-06
9.2983e-05
1.3113e-05
1.9073e-06
4.0531e-06
1.0514e-04
1.1921e-05
9.5367e-07
2.8610e-06
9.1791e-05
4.0531e-06
9.0837e-05
6.1989e-05
2.1458e-06
5.0068e-06
9.7036e-05
2.8610e-06
9.3937e-05
4.0531e-06
9.2030e-05
5.9605e-06
9.3937e-05
5.0068e-06
1.0204e-04
3.8147e-06
9.3937e-05
1.5020e-05
1.1921e-06
3.8147e-06
1.1992e-04
5.0068e-06
9.2983e-05
5.0068e-06
9.5844e-05
4.0531e-06
9.4175e-05
4.0531e-06
9.3937e-05
1.0014e-05
1.9073e-06
5.0068e-06
1.0514e-04
1.0014e-05
9.5367e-07
5.0068e-06
9.2030e-05
3.8147e-06
1.1683e-04
5.9605e-06
9.7036e-05
5.0068e-06
9.1791e-05
5.0068e-06
9.2030e-05
5.0068e-06
9.0122e-05
3.8147e-06
9.8944e-05
1.2875e-05
1.9073e-06
3.0994e-06
9.2030e-05
5.0068e-06
1.1802e-04
1.4067e-05
1.9073e-06
3.0994e-06
9.3937e-05
5.0068e-06
9.4891e-05
1.2159e-05
9.5367e-07
1.4527e-01
